Sample	Chromosome	Start	End	Num_Probes	Segment_Mean
OWNED_p_TCGA_b102_105_SNP_N_GenomeWideSNP_6_A07_777172	1	61735	17012741	8744	-0.1815
OWNED_p_TCGA_b102_105_SNP_N_GenomeWideSNP_6_A07_777172	1	17012785	17284920	114	-0.7807
OWNED_p_TCGA_b102_105_SNP_N_GenomeWideSNP_6_A07_777172	1	17286210	72773413	34031	-0.289
OWNED_p_TCGA_b102_105_SNP_N_GenomeWideSNP_6_A07_777172	1	72773429	72775134	2	-3.2291
OWNED_p_TCGA_b102_105_SNP_N_GenomeWideSNP_6_A07_777172	1	72779080	72811148	37	-0.7496
OWNED_p_TCGA_b102_105_SNP_N_GenomeWideSNP_6_A07_777172	1	72811904	106012754	20987	-0.2401
OWNED_p_TCGA_b102_105_SNP_N_GenomeWideSNP_6_A07_777172	1	106013376	106022375	18	-1.5023
OWNED_p_TCGA_b102_105_SNP_N_GenomeWideSNP_6_A07_777172	1	106024055	107800807	1190	-0.1303
OWNED_p_TCGA_b102_105_SNP_N_GenomeWideSNP_6_A07_777172	1	107801327	107801959	2	-2.0364
OWNED_p_TCGA_b102_105_SNP_N_GenomeWideSNP_6_A07_777172	1	107801974	108729759	747	-0.145
OWNED_p_TCGA_b102_105_SNP_N_GenomeWideSNP_6_A07_777172	1	108734235	108734877	2	-2.9023
OWNED_p_TCGA_b102_105_SNP_N_GenomeWideSNP_6_A07_777172	1	108737496	110227515	725	-0.1437
OWNED_p_TCGA_b102_105_SNP_N_GenomeWideSNP_6_A07_777172	1	110232974	110240178	17	0.8871
OWNED_p_TCGA_b102_105_SNP_N_GenomeWideSNP_6_A07_777172	1	110242953	112696087	1956	-0.1781
OWNED_p_TCGA_b102_105_SNP_N_GenomeWideSNP_6_A07_777172	1	112696193	112696873	13	0.4736
OWNED_p_TCGA_b102_105_SNP_N_GenomeWideSNP_6_A07_777172	1	112696963	144081043	5224	-0.1461
OWNED_p_TCGA_b102_105_SNP_N_GenomeWideSNP_6_A07_777172	1	144471986	144472001	2	1.7224
OWNED_p_TCGA_b102_105_SNP_N_GenomeWideSNP_6_A07_777172	1	144527147	145151728	158	-0.3401
OWNED_p_TCGA_b102_105_SNP_N_GenomeWideSNP_6_A07_777172	1	145151959	145156398	10	0.4449
OWNED_p_TCGA_b102_105_SNP_N_GenomeWideSNP_6_A07_777172	1	145156462	145436659	79	-0.5621
OWNED_p_TCGA_b102_105_SNP_N_GenomeWideSNP_6_A07_777172	1	145439650	146547985	197	-0.1057
OWNED_p_TCGA_b102_105_SNP_N_GenomeWideSNP_6_A07_777172	1	146548042	146552696	4	-1.6147
OWNED_p_TCGA_b102_105_SNP_N_GenomeWideSNP_6_A07_777172	1	146556406	148893345	676	-0.1619
OWNED_p_TCGA_b102_105_SNP_N_GenomeWideSNP_6_A07_777172	1	148906617	149242663	124	-0.5607
OWNED_p_TCGA_b102_105_SNP_N_GenomeWideSNP_6_A07_777172	1	149242725	149249447	19	0.1513
OWNED_p_TCGA_b102_105_SNP_N_GenomeWideSNP_6_A07_777172	1	149254329	149834778	111	-0.5536
OWNED_p_TCGA_b102_105_SNP_N_GenomeWideSNP_6_A07_777172	1	149834817	152759678	1617	-0.1468
OWNED_p_TCGA_b102_105_SNP_N_GenomeWideSNP_6_A07_777172	1	152761923	152778558	42	0.3341
OWNED_p_TCGA_b102_105_SNP_N_GenomeWideSNP_6_A07_777172	1	152778576	194448234	28038	-0.1586
OWNED_p_TCGA_b102_105_SNP_N_GenomeWideSNP_6_A07_777172	1	194451411	194455018	2	2.0514
OWNED_p_TCGA_b102_105_SNP_N_GenomeWideSNP_6_A07_777172	1	194457016	194941560	275	-0.1186
OWNED_p_TCGA_b102_105_SNP_N_GenomeWideSNP_6_A07_777172	1	194941696	194941775	2	-2.169
OWNED_p_TCGA_b102_105_SNP_N_GenomeWideSNP_6_A07_777172	1	194941923	196714873	1175	-0.1414
OWNED_p_TCGA_b102_105_SNP_N_GenomeWideSNP_6_A07_777172	1	196727850	196762102	44	-1.0859
OWNED_p_TCGA_b102_105_SNP_N_GenomeWideSNP_6_A07_777172	1	196767412	228534850	21091	-0.161
OWNED_p_TCGA_b102_105_SNP_N_GenomeWideSNP_6_A07_777172	1	228535364	228544236	4	-1.7307
OWNED_p_TCGA_b102_105_SNP_N_GenomeWideSNP_6_A07_777172	1	228544674	249224388	14816	-0.1608
OWNED_p_TCGA_b102_105_SNP_N_GenomeWideSNP_6_A07_777172	2	12784	34691069	24082	0.3042
OWNED_p_TCGA_b102_105_SNP_N_GenomeWideSNP_6_A07_777172	2	34699315	34740757	51	0.6577
OWNED_p_TCGA_b102_105_SNP_N_GenomeWideSNP_6_A07_777172	2	34740799	36332258	1146	0.1546
OWNED_p_TCGA_b102_105_SNP_N_GenomeWideSNP_6_A07_777172	2	36335595	36335606	8	-0.7727
OWNED_p_TCGA_b102_105_SNP_N_GenomeWideSNP_6_A07_777172	2	36336619	89343987	34696	0.1391
OWNED_p_TCGA_b102_105_SNP_N_GenomeWideSNP_6_A07_777172	2	89355435	89355446	2	-2.078
OWNED_p_TCGA_b102_105_SNP_N_GenomeWideSNP_6_A07_777172	2	89358038	90274766	227	-0.0168
OWNED_p_TCGA_b102_105_SNP_N_GenomeWideSNP_6_A07_777172	2	90301264	91801484	52	-0.4282
OWNED_p_TCGA_b102_105_SNP_N_GenomeWideSNP_6_A07_777172	2	91807739	106885357	6583	0.1211
OWNED_p_TCGA_b102_105_SNP_N_GenomeWideSNP_6_A07_777172	2	106887255	106887408	2	-1.9588
OWNED_p_TCGA_b102_105_SNP_N_GenomeWideSNP_6_A07_777172	2	106887870	117721437	5851	0.127
OWNED_p_TCGA_b102_105_SNP_N_GenomeWideSNP_6_A07_777172	2	117721562	117735888	30	0.5666
OWNED_p_TCGA_b102_105_SNP_N_GenomeWideSNP_6_A07_777172	2	117736205	125648783	5180	0.1367
OWNED_p_TCGA_b102_105_SNP_N_GenomeWideSNP_6_A07_777172	2	125651932	125658362	6	-1.8784
OWNED_p_TCGA_b102_105_SNP_N_GenomeWideSNP_6_A07_777172	2	125659692	133038729	3987	0.103
OWNED_p_TCGA_b102_105_SNP_N_GenomeWideSNP_6_A07_777172	2	133046772	133117260	29	0.7788
OWNED_p_TCGA_b102_105_SNP_N_GenomeWideSNP_6_A07_777172	2	133121946	146864443	8843	0.1218
OWNED_p_TCGA_b102_105_SNP_N_GenomeWideSNP_6_A07_777172	2	146864457	146866934	21	0.9988
OWNED_p_TCGA_b102_105_SNP_N_GenomeWideSNP_6_A07_777172	2	146877806	157729401	6473	0.1247
OWNED_p_TCGA_b102_105_SNP_N_GenomeWideSNP_6_A07_777172	2	157734897	157776623	23	0.5741
OWNED_p_TCGA_b102_105_SNP_N_GenomeWideSNP_6_A07_777172	2	157779377	174588058	10428	0.1414
OWNED_p_TCGA_b102_105_SNP_N_GenomeWideSNP_6_A07_777172	2	174589940	174597568	5	-1.3222
OWNED_p_TCGA_b102_105_SNP_N_GenomeWideSNP_6_A07_777172	2	174597656	180413362	3568	0.1346
OWNED_p_TCGA_b102_105_SNP_N_GenomeWideSNP_6_A07_777172	2	180413371	180422137	31	-1.91
OWNED_p_TCGA_b102_105_SNP_N_GenomeWideSNP_6_A07_777172	2	180425643	243089456	38564	0.1349
OWNED_p_TCGA_b102_105_SNP_N_GenomeWideSNP_6_A07_777172	3	60345	46783247	33201	-0.0016
OWNED_p_TCGA_b102_105_SNP_N_GenomeWideSNP_6_A07_777172	3	46783250	46849589	45	-0.7426
OWNED_p_TCGA_b102_105_SNP_N_GenomeWideSNP_6_A07_777172	3	46859479	89407256	27229	-0.0105
OWNED_p_TCGA_b102_105_SNP_N_GenomeWideSNP_6_A07_777172	3	89407666	89420488	36	-0.5341
OWNED_p_TCGA_b102_105_SNP_N_GenomeWideSNP_6_A07_777172	3	89425814	97956482	2676	-0.0261
OWNED_p_TCGA_b102_105_SNP_N_GenomeWideSNP_6_A07_777172	3	97956918	97957115	3	-1.6285
OWNED_p_TCGA_b102_105_SNP_N_GenomeWideSNP_6_A07_777172	3	97968302	107033464	5369	-0.0125
OWNED_p_TCGA_b102_105_SNP_N_GenomeWideSNP_6_A07_777172	3	107035798	107036184	2	-2.0922
OWNED_p_TCGA_b102_105_SNP_N_GenomeWideSNP_6_A07_777172	3	107039461	122730081	9709	-0.0122
OWNED_p_TCGA_b102_105_SNP_N_GenomeWideSNP_6_A07_777172	3	122730910	122750417	13	-0.5814
OWNED_p_TCGA_b102_105_SNP_N_GenomeWideSNP_6_A07_777172	3	122751953	125446664	1750	0.0038
OWNED_p_TCGA_b102_105_SNP_N_GenomeWideSNP_6_A07_777172	3	125449526	125466547	9	-1.5056
OWNED_p_TCGA_b102_105_SNP_N_GenomeWideSNP_6_A07_777172	3	125469421	125712940	111	-0.0638
OWNED_p_TCGA_b102_105_SNP_N_GenomeWideSNP_6_A07_777172	3	125712981	125720648	9	-0.5484
OWNED_p_TCGA_b102_105_SNP_N_GenomeWideSNP_6_A07_777172	3	125720955	125721862	12	-1.4745
OWNED_p_TCGA_b102_105_SNP_N_GenomeWideSNP_6_A07_777172	3	125722332	162506530	22640	-0.0135
OWNED_p_TCGA_b102_105_SNP_N_GenomeWideSNP_6_A07_777172	3	162508178	162597231	54	0.5265
OWNED_p_TCGA_b102_105_SNP_N_GenomeWideSNP_6_A07_777172	3	162597397	192860055	19165	-0.0034
OWNED_p_TCGA_b102_105_SNP_N_GenomeWideSNP_6_A07_777172	3	192863782	192863845	2	-2.3627
OWNED_p_TCGA_b102_105_SNP_N_GenomeWideSNP_6_A07_777172	3	192866605	192877902	24	-0.0532
OWNED_p_TCGA_b102_105_SNP_N_GenomeWideSNP_6_A07_777172	3	192877962	192882903	19	1.4684
OWNED_p_TCGA_b102_105_SNP_N_GenomeWideSNP_6_A07_777172	3	192886435	195285898	1483	-0.0111
OWNED_p_TCGA_b102_105_SNP_N_GenomeWideSNP_6_A07_777172	3	195383142	195442582	24	-0.6437
OWNED_p_TCGA_b102_105_SNP_N_GenomeWideSNP_6_A07_777172	3	195446597	197896118	1196	-0.0286
OWNED_p_TCGA_b102_105_SNP_N_GenomeWideSNP_6_A07_777172	4	12281	61936	53	-0.7482
OWNED_p_TCGA_b102_105_SNP_N_GenomeWideSNP_6_A07_777172	4	62126	9385985	5129	-0.2031
OWNED_p_TCGA_b102_105_SNP_N_GenomeWideSNP_6_A07_777172	4	9388423	9456977	47	0.4095
OWNED_p_TCGA_b102_105_SNP_N_GenomeWideSNP_6_A07_777172	4	9461230	10210390	550	-0.2178
OWNED_p_TCGA_b102_105_SNP_N_GenomeWideSNP_6_A07_777172	4	10223416	10231498	28	-1.4654
OWNED_p_TCGA_b102_105_SNP_N_GenomeWideSNP_6_A07_777172	4	10234214	10240713	13	-0.5954
OWNED_p_TCGA_b102_105_SNP_N_GenomeWideSNP_6_A07_777172	4	10244613	21372003	8188	-0.1714
OWNED_p_TCGA_b102_105_SNP_N_GenomeWideSNP_6_A07_777172	4	21372039	21376851	14	-1.4294
OWNED_p_TCGA_b102_105_SNP_N_GenomeWideSNP_6_A07_777172	4	21383740	49206439	17759	-0.1523
OWNED_p_TCGA_b102_105_SNP_N_GenomeWideSNP_6_A07_777172	4	49216534	49658612	28	-0.6141
OWNED_p_TCGA_b102_105_SNP_N_GenomeWideSNP_6_A07_777172	4	52685699	66378462	8672	-0.1591
OWNED_p_TCGA_b102_105_SNP_N_GenomeWideSNP_6_A07_777172	4	66380539	66380863	2	-1.8565
OWNED_p_TCGA_b102_105_SNP_N_GenomeWideSNP_6_A07_777172	4	66381581	66992238	420	-0.1624
OWNED_p_TCGA_b102_105_SNP_N_GenomeWideSNP_6_A07_777172	4	66992321	66995900	2	-1.5711
OWNED_p_TCGA_b102_105_SNP_N_GenomeWideSNP_6_A07_777172	4	66997556	69204926	1331	-0.1455
OWNED_p_TCGA_b102_105_SNP_N_GenomeWideSNP_6_A07_777172	4	69205039	69344612	42	0.1704
OWNED_p_TCGA_b102_105_SNP_N_GenomeWideSNP_6_A07_777172	4	69360488	69484087	65	-0.4254
OWNED_p_TCGA_b102_105_SNP_N_GenomeWideSNP_6_A07_777172	4	69484109	70127652	333	-0.0548
OWNED_p_TCGA_b102_105_SNP_N_GenomeWideSNP_6_A07_777172	4	70128412	70232124	54	-0.6137
OWNED_p_TCGA_b102_105_SNP_N_GenomeWideSNP_6_A07_777172	4	70236151	78170557	4905	-0.1414
OWNED_p_TCGA_b102_105_SNP_N_GenomeWideSNP_6_A07_777172	4	78171206	78208841	62	-0.429
OWNED_p_TCGA_b102_105_SNP_N_GenomeWideSNP_6_A07_777172	4	78209087	88668945	6431	-0.1483
OWNED_p_TCGA_b102_105_SNP_N_GenomeWideSNP_6_A07_777172	4	88669107	88672309	16	-0.6724
OWNED_p_TCGA_b102_105_SNP_N_GenomeWideSNP_6_A07_777172	4	88672439	158622550	41916	-0.1531
OWNED_p_TCGA_b102_105_SNP_N_GenomeWideSNP_6_A07_777172	4	158624795	158642287	13	-1.295
OWNED_p_TCGA_b102_105_SNP_N_GenomeWideSNP_6_A07_777172	4	158642569	172369346	8690	-0.1555
OWNED_p_TCGA_b102_105_SNP_N_GenomeWideSNP_6_A07_777172	4	172374884	172377710	10	1.4406
OWNED_p_TCGA_b102_105_SNP_N_GenomeWideSNP_6_A07_777172	4	172377724	172989300	402	-0.1308
OWNED_p_TCGA_b102_105_SNP_N_GenomeWideSNP_6_A07_777172	4	172989373	172989533	8	0.814
OWNED_p_TCGA_b102_105_SNP_N_GenomeWideSNP_6_A07_777172	4	172995979	181138299	5126	-0.1515
OWNED_p_TCGA_b102_105_SNP_N_GenomeWideSNP_6_A07_777172	4	181138325	181146155	2	-2.3006
OWNED_p_TCGA_b102_105_SNP_N_GenomeWideSNP_6_A07_777172	4	181146224	183793514	2161	-0.1548
OWNED_p_TCGA_b102_105_SNP_N_GenomeWideSNP_6_A07_777172	4	183794902	183795820	4	-1.3038
OWNED_p_TCGA_b102_105_SNP_N_GenomeWideSNP_6_A07_777172	4	183798709	187928775	2849	-0.1477
OWNED_p_TCGA_b102_105_SNP_N_GenomeWideSNP_6_A07_777172	4	187930526	187931611	2	1.5968
OWNED_p_TCGA_b102_105_SNP_N_GenomeWideSNP_6_A07_777172	4	187932629	190778266	1904	-0.1317
OWNED_p_TCGA_b102_105_SNP_N_GenomeWideSNP_6_A07_777172	4	190778534	191027923	64	-0.5792
OWNED_p_TCGA_b102_105_SNP_N_GenomeWideSNP_6_A07_777172	5	15532	698371	307	-0.3731
OWNED_p_TCGA_b102_105_SNP_N_GenomeWideSNP_6_A07_777172	5	698472	824448	54	0.5037
OWNED_p_TCGA_b102_105_SNP_N_GenomeWideSNP_6_A07_777172	5	825307	11161625	8736	-0.2385
OWNED_p_TCGA_b102_105_SNP_N_GenomeWideSNP_6_A07_777172	5	11162636	11162771	3	-1.9052
OWNED_p_TCGA_b102_105_SNP_N_GenomeWideSNP_6_A07_777172	5	11167277	12791720	1085	-0.218
OWNED_p_TCGA_b102_105_SNP_N_GenomeWideSNP_6_A07_777172	5	12800889	12820076	10	0.6292
OWNED_p_TCGA_b102_105_SNP_N_GenomeWideSNP_6_A07_777172	5	12824411	15718492	1977	-0.1653
OWNED_p_TCGA_b102_105_SNP_N_GenomeWideSNP_6_A07_777172	5	15719222	15720597	11	-1.0738
OWNED_p_TCGA_b102_105_SNP_N_GenomeWideSNP_6_A07_777172	5	15723346	16248195	336	-0.1651
OWNED_p_TCGA_b102_105_SNP_N_GenomeWideSNP_6_A07_777172	5	16256380	16257169	3	-2.225
OWNED_p_TCGA_b102_105_SNP_N_GenomeWideSNP_6_A07_777172	5	16257480	17490753	835	-0.1969
OWNED_p_TCGA_b102_105_SNP_N_GenomeWideSNP_6_A07_777172	5	17491212	17665099	46	-0.5075
OWNED_p_TCGA_b102_105_SNP_N_GenomeWideSNP_6_A07_777172	5	17665341	26789496	5485	-0.1488
OWNED_p_TCGA_b102_105_SNP_N_GenomeWideSNP_6_A07_777172	5	26797760	26797844	2	-1.4998
OWNED_p_TCGA_b102_105_SNP_N_GenomeWideSNP_6_A07_777172	5	26803884	46251306	11841	-0.1311
OWNED_p_TCGA_b102_105_SNP_N_GenomeWideSNP_6_A07_777172	5	46271008	46273502	8	0.6544
OWNED_p_TCGA_b102_105_SNP_N_GenomeWideSNP_6_A07_777172	5	46278212	89596583	23833	-0.1999
OWNED_p_TCGA_b102_105_SNP_N_GenomeWideSNP_6_A07_777172	5	89596705	89597221	2	-1.9985
OWNED_p_TCGA_b102_105_SNP_N_GenomeWideSNP_6_A07_777172	5	89597589	180790320	58297	-0.2066
OWNED_p_TCGA_b102_105_SNP_N_GenomeWideSNP_6_A07_777172	6	149661	32431292	22921	0.1373
OWNED_p_TCGA_b102_105_SNP_N_GenomeWideSNP_6_A07_777172	6	32431552	32574381	43	0.5147
OWNED_p_TCGA_b102_105_SNP_N_GenomeWideSNP_6_A07_777172	6	32578082	33937999	837	0.0517
OWNED_p_TCGA_b102_105_SNP_N_GenomeWideSNP_6_A07_777172	6	33938743	33942705	7	-3.0783
OWNED_p_TCGA_b102_105_SNP_N_GenomeWideSNP_6_A07_777172	6	33944586	43405525	6060	0.1926
OWNED_p_TCGA_b102_105_SNP_N_GenomeWideSNP_6_A07_777172	6	43405665	43406501	3	-1.0443
OWNED_p_TCGA_b102_105_SNP_N_GenomeWideSNP_6_A07_777172	6	43409418	46906152	2228	0.2489
OWNED_p_TCGA_b102_105_SNP_N_GenomeWideSNP_6_A07_777172	6	46907016	46910050	2	-1.6346
OWNED_p_TCGA_b102_105_SNP_N_GenomeWideSNP_6_A07_777172	6	46910415	52610799	3620	0.2603
OWNED_p_TCGA_b102_105_SNP_N_GenomeWideSNP_6_A07_777172	6	52611118	52665539	56	-0.1635
OWNED_p_TCGA_b102_105_SNP_N_GenomeWideSNP_6_A07_777172	6	52665564	78972621	14258	0.2422
OWNED_p_TCGA_b102_105_SNP_N_GenomeWideSNP_6_A07_777172	6	78972724	79051614	110	0.6502
OWNED_p_TCGA_b102_105_SNP_N_GenomeWideSNP_6_A07_777172	6	79051844	103734816	15462	0.1515
OWNED_p_TCGA_b102_105_SNP_N_GenomeWideSNP_6_A07_777172	6	103734825	103762061	48	0.8345
OWNED_p_TCGA_b102_105_SNP_N_GenomeWideSNP_6_A07_777172	6	103765470	126182763	13893	0.2316
OWNED_p_TCGA_b102_105_SNP_N_GenomeWideSNP_6_A07_777172	6	126183692	126186776	3	-1.8087
OWNED_p_TCGA_b102_105_SNP_N_GenomeWideSNP_6_A07_777172	6	126188893	161031845	23053	0.2557
OWNED_p_TCGA_b102_105_SNP_N_GenomeWideSNP_6_A07_777172	6	161032089	161068108	12	-0.4096
OWNED_p_TCGA_b102_105_SNP_N_GenomeWideSNP_6_A07_777172	6	161068477	170982534	7249	0.2479
OWNED_p_TCGA_b102_105_SNP_N_GenomeWideSNP_6_A07_777172	6	171050379	171051005	2	-1.6839
OWNED_p_TCGA_b102_105_SNP_N_GenomeWideSNP_6_A07_777172	7	43355	5868561	3033	0.4682
OWNED_p_TCGA_b102_105_SNP_N_GenomeWideSNP_6_A07_777172	7	5871026	5986460	45	0.0339
OWNED_p_TCGA_b102_105_SNP_N_GenomeWideSNP_6_A07_777172	7	5999577	6767539	338	0.4739
OWNED_p_TCGA_b102_105_SNP_N_GenomeWideSNP_6_A07_777172	7	6774688	7040695	79	0.1144
OWNED_p_TCGA_b102_105_SNP_N_GenomeWideSNP_6_A07_777172	7	7040907	15009813	6568	0.4901
OWNED_p_TCGA_b102_105_SNP_N_GenomeWideSNP_6_A07_777172	7	15017859	15045993	22	1.0239
OWNED_p_TCGA_b102_105_SNP_N_GenomeWideSNP_6_A07_777172	7	15047157	38392036	17454	0.4863
OWNED_p_TCGA_b102_105_SNP_N_GenomeWideSNP_6_A07_777172	7	38395974	38404387	5	-0.56
OWNED_p_TCGA_b102_105_SNP_N_GenomeWideSNP_6_A07_777172	7	38404971	51214170	8650	0.4678
OWNED_p_TCGA_b102_105_SNP_N_GenomeWideSNP_6_A07_777172	7	51215365	51215367	2	-2.4339
OWNED_p_TCGA_b102_105_SNP_N_GenomeWideSNP_6_A07_777172	7	51217177	53213353	1490	0.4533
OWNED_p_TCGA_b102_105_SNP_N_GenomeWideSNP_6_A07_777172	7	53214011	53218912	11	-0.9938
OWNED_p_TCGA_b102_105_SNP_N_GenomeWideSNP_6_A07_777172	7	53222388	61728407	2948	0.418
OWNED_p_TCGA_b102_105_SNP_N_GenomeWideSNP_6_A07_777172	7	61760703	61836579	25	-0.3908
OWNED_p_TCGA_b102_105_SNP_N_GenomeWideSNP_6_A07_777172	7	61839495	64568852	1017	0.3889
OWNED_p_TCGA_b102_105_SNP_N_GenomeWideSNP_6_A07_777172	7	64594065	64637128	7	-1.4418
OWNED_p_TCGA_b102_105_SNP_N_GenomeWideSNP_6_A07_777172	7	64638157	66637239	748	0.3957
OWNED_p_TCGA_b102_105_SNP_N_GenomeWideSNP_6_A07_777172	7	66641374	66645232	5	-1.7659
OWNED_p_TCGA_b102_105_SNP_N_GenomeWideSNP_6_A07_777172	7	66647639	72425556	3605	0.457
OWNED_p_TCGA_b102_105_SNP_N_GenomeWideSNP_6_A07_777172	7	72430577	72699596	15	-0.1007
OWNED_p_TCGA_b102_105_SNP_N_GenomeWideSNP_6_A07_777172	7	72702162	76135730	959	0.4553
OWNED_p_TCGA_b102_105_SNP_N_GenomeWideSNP_6_A07_777172	7	76136389	76153348	10	0.1258
OWNED_p_TCGA_b102_105_SNP_N_GenomeWideSNP_6_A07_777172	7	76153363	76161297	3	-1.5464
OWNED_p_TCGA_b102_105_SNP_N_GenomeWideSNP_6_A07_777172	7	76161308	76310510	79	0.1163
OWNED_p_TCGA_b102_105_SNP_N_GenomeWideSNP_6_A07_777172	7	76310628	109433785	20222	0.4695
OWNED_p_TCGA_b102_105_SNP_N_GenomeWideSNP_6_A07_777172	7	109433798	109440919	20	-0.2297
OWNED_p_TCGA_b102_105_SNP_N_GenomeWideSNP_6_A07_777172	7	109440920	109441779	8	-0.8561
OWNED_p_TCGA_b102_105_SNP_N_GenomeWideSNP_6_A07_777172	7	109441809	109453910	8	-0.1227
OWNED_p_TCGA_b102_105_SNP_N_GenomeWideSNP_6_A07_777172	7	109453982	133778652	14748	0.4657
OWNED_p_TCGA_b102_105_SNP_N_GenomeWideSNP_6_A07_777172	7	133785177	133798109	31	-0.5751
OWNED_p_TCGA_b102_105_SNP_N_GenomeWideSNP_6_A07_777172	7	133798543	134243452	348	0.4379
OWNED_p_TCGA_b102_105_SNP_N_GenomeWideSNP_6_A07_777172	7	134246106	134255450	9	-0.386
OWNED_p_TCGA_b102_105_SNP_N_GenomeWideSNP_6_A07_777172	7	134256083	142253345	5206	0.4698
OWNED_p_TCGA_b102_105_SNP_N_GenomeWideSNP_6_A07_777172	7	142253550	142253685	2	-1.0063
OWNED_p_TCGA_b102_105_SNP_N_GenomeWideSNP_6_A07_777172	7	142253894	142476719	125	0.4079
OWNED_p_TCGA_b102_105_SNP_N_GenomeWideSNP_6_A07_777172	7	142476764	142486345	28	-0.6132
OWNED_p_TCGA_b102_105_SNP_N_GenomeWideSNP_6_A07_777172	7	142486495	143477675	536	0.4666
OWNED_p_TCGA_b102_105_SNP_N_GenomeWideSNP_6_A07_777172	7	143477801	143513817	14	-0.1575
OWNED_p_TCGA_b102_105_SNP_N_GenomeWideSNP_6_A07_777172	7	143522663	155965622	8053	0.4553
OWNED_p_TCGA_b102_105_SNP_N_GenomeWideSNP_6_A07_777172	7	155971527	155972672	2	-1.4119
OWNED_p_TCGA_b102_105_SNP_N_GenomeWideSNP_6_A07_777172	7	155972904	159127004	1965	0.4606
OWNED_p_TCGA_b102_105_SNP_N_GenomeWideSNP_6_A07_777172	8	31254	161222	6	-0.2202
OWNED_p_TCGA_b102_105_SNP_N_GenomeWideSNP_6_A07_777172	8	162672	5933204	6432	-0.9525
OWNED_p_TCGA_b102_105_SNP_N_GenomeWideSNP_6_A07_777172	8	5934100	5935657	3	-4.8011
OWNED_p_TCGA_b102_105_SNP_N_GenomeWideSNP_6_A07_777172	8	5935671	10938260	3989	-1.0024
OWNED_p_TCGA_b102_105_SNP_N_GenomeWideSNP_6_A07_777172	8	10938355	10939273	2	-6.4518
OWNED_p_TCGA_b102_105_SNP_N_GenomeWideSNP_6_A07_777172	8	10939304	11309114	288	-1.0062
OWNED_p_TCGA_b102_105_SNP_N_GenomeWideSNP_6_A07_777172	8	11309277	11309893	5	-3.8226
OWNED_p_TCGA_b102_105_SNP_N_GenomeWideSNP_6_A07_777172	8	11310012	20310118	7569	-0.9404
OWNED_p_TCGA_b102_105_SNP_N_GenomeWideSNP_6_A07_777172	8	20310591	20310668	2	-6.0993
OWNED_p_TCGA_b102_105_SNP_N_GenomeWideSNP_6_A07_777172	8	20311130	24136676	2573	-0.9916
OWNED_p_TCGA_b102_105_SNP_N_GenomeWideSNP_6_A07_777172	8	24137937	24145008	9	0.4037
OWNED_p_TCGA_b102_105_SNP_N_GenomeWideSNP_6_A07_777172	8	24145430	24151066	4	-0.8807
OWNED_p_TCGA_b102_105_SNP_N_GenomeWideSNP_6_A07_777172	8	24151508	24201070	29	0.2344
OWNED_p_TCGA_b102_105_SNP_N_GenomeWideSNP_6_A07_777172	8	24201274	24201600	2	1.6518
OWNED_p_TCGA_b102_105_SNP_N_GenomeWideSNP_6_A07_777172	8	24201750	24451407	181	0.2378
OWNED_p_TCGA_b102_105_SNP_N_GenomeWideSNP_6_A07_777172	8	24454403	24971952	425	-0.8995
OWNED_p_TCGA_b102_105_SNP_N_GenomeWideSNP_6_A07_777172	8	24972187	24984141	24	-0.1635
OWNED_p_TCGA_b102_105_SNP_N_GenomeWideSNP_6_A07_777172	8	24984156	31744479	4581	-0.936
OWNED_p_TCGA_b102_105_SNP_N_GenomeWideSNP_6_A07_777172	8	31746997	39235603	4378	0.2494
OWNED_p_TCGA_b102_105_SNP_N_GenomeWideSNP_6_A07_777172	8	39246675	39386965	57	0.6566
OWNED_p_TCGA_b102_105_SNP_N_GenomeWideSNP_6_A07_777172	8	39388299	42900917	2335	0.2491
OWNED_p_TCGA_b102_105_SNP_N_GenomeWideSNP_6_A07_777172	8	42905998	43001395	36	-0.1235
OWNED_p_TCGA_b102_105_SNP_N_GenomeWideSNP_6_A07_777172	8	43002494	54931668	4750	0.2531
OWNED_p_TCGA_b102_105_SNP_N_GenomeWideSNP_6_A07_777172	8	54933841	54934072	2	-1.2576
OWNED_p_TCGA_b102_105_SNP_N_GenomeWideSNP_6_A07_777172	8	54937831	58115275	2066	0.25
OWNED_p_TCGA_b102_105_SNP_N_GenomeWideSNP_6_A07_777172	8	58116550	58130025	5	-1.4717
OWNED_p_TCGA_b102_105_SNP_N_GenomeWideSNP_6_A07_777172	8	58132798	67036573	5602	0.2441
OWNED_p_TCGA_b102_105_SNP_N_GenomeWideSNP_6_A07_777172	8	67037110	67037464	2	-1.8079
OWNED_p_TCGA_b102_105_SNP_N_GenomeWideSNP_6_A07_777172	8	67039389	68544033	737	0.2522
OWNED_p_TCGA_b102_105_SNP_N_GenomeWideSNP_6_A07_777172	8	68547459	68550206	30	-0.966
OWNED_p_TCGA_b102_105_SNP_N_GenomeWideSNP_6_A07_777172	8	68556828	75210371	4461	0.2443
OWNED_p_TCGA_b102_105_SNP_N_GenomeWideSNP_6_A07_777172	8	75212074	75212491	2	-1.5573
OWNED_p_TCGA_b102_105_SNP_N_GenomeWideSNP_6_A07_777172	8	75213649	107891861	19400	0.2467
OWNED_p_TCGA_b102_105_SNP_N_GenomeWideSNP_6_A07_777172	8	107898607	107904782	4	-0.923
OWNED_p_TCGA_b102_105_SNP_N_GenomeWideSNP_6_A07_777172	8	107907579	112291494	2593	0.2347
OWNED_p_TCGA_b102_105_SNP_N_GenomeWideSNP_6_A07_777172	8	112294279	112295260	10	1.3308
OWNED_p_TCGA_b102_105_SNP_N_GenomeWideSNP_6_A07_777172	8	112300281	126626556	9313	0.2497
OWNED_p_TCGA_b102_105_SNP_N_GenomeWideSNP_6_A07_777172	8	126626885	126626891	2	-1.5343
OWNED_p_TCGA_b102_105_SNP_N_GenomeWideSNP_6_A07_777172	8	126626899	146298155	13597	0.2349
OWNED_p_TCGA_b102_105_SNP_N_GenomeWideSNP_6_A07_777172	9	46587	5384069	5490	0.1634
OWNED_p_TCGA_b102_105_SNP_N_GenomeWideSNP_6_A07_777172	9	5385783	5406118	21	-0.4939
OWNED_p_TCGA_b102_105_SNP_N_GenomeWideSNP_6_A07_777172	9	5407409	121295287	62648	0.1573
OWNED_p_TCGA_b102_105_SNP_N_GenomeWideSNP_6_A07_777172	9	121296668	121339978	33	0.4969
OWNED_p_TCGA_b102_105_SNP_N_GenomeWideSNP_6_A07_777172	9	121340816	138214105	10532	0.1507
OWNED_p_TCGA_b102_105_SNP_N_GenomeWideSNP_6_A07_777172	9	138215622	138216412	2	-2.5608
OWNED_p_TCGA_b102_105_SNP_N_GenomeWideSNP_6_A07_777172	9	138217797	141071527	1104	0.087
OWNED_p_TCGA_b102_105_SNP_N_GenomeWideSNP_6_A07_777172	9	141071940	141091394	6	0.3916
OWNED_p_TCGA_b102_105_SNP_N_GenomeWideSNP_6_A07_777172	10	72759	45728620	31184	-0.3763
OWNED_p_TCGA_b102_105_SNP_N_GenomeWideSNP_6_A07_777172	10	45729591	45731944	5	-2.4858
OWNED_p_TCGA_b102_105_SNP_N_GenomeWideSNP_6_A07_777172	10	45733560	135506704	59509	-0.3792
OWNED_p_TCGA_b102_105_SNP_N_GenomeWideSNP_6_A07_777172	11	198510	3647274	1399	0.1872
OWNED_p_TCGA_b102_105_SNP_N_GenomeWideSNP_6_A07_777172	11	3647294	3648545	5	-1.2532
OWNED_p_TCGA_b102_105_SNP_N_GenomeWideSNP_6_A07_777172	11	3652893	4967230	1062	0.2422
OWNED_p_TCGA_b102_105_SNP_N_GenomeWideSNP_6_A07_777172	11	4967251	4976371	37	0.7724
OWNED_p_TCGA_b102_105_SNP_N_GenomeWideSNP_6_A07_777172	11	4976389	5184546	179	0.2482
OWNED_p_TCGA_b102_105_SNP_N_GenomeWideSNP_6_A07_777172	11	5187283	5262293	87	-0.4603
OWNED_p_TCGA_b102_105_SNP_N_GenomeWideSNP_6_A07_777172	11	5262634	7809678	2063	0.2743
OWNED_p_TCGA_b102_105_SNP_N_GenomeWideSNP_6_A07_777172	11	7813040	7841583	10	-0.4322
OWNED_p_TCGA_b102_105_SNP_N_GenomeWideSNP_6_A07_777172	11	7841797	33420411	18315	0.2406
OWNED_p_TCGA_b102_105_SNP_N_GenomeWideSNP_6_A07_777172	11	33422031	33422504	2	-1.6581
OWNED_p_TCGA_b102_105_SNP_N_GenomeWideSNP_6_A07_777172	11	33423590	51563636	11217	0.2382
OWNED_p_TCGA_b102_105_SNP_N_GenomeWideSNP_6_A07_777172	11	51564171	54701645	3	-1.381
OWNED_p_TCGA_b102_105_SNP_N_GenomeWideSNP_6_A07_777172	11	54720024	54940342	30	0.1319
OWNED_p_TCGA_b102_105_SNP_N_GenomeWideSNP_6_A07_777172	11	54965608	54982211	6	-1.719
OWNED_p_TCGA_b102_105_SNP_N_GenomeWideSNP_6_A07_777172	11	55009475	67501626	6502	0.2316
OWNED_p_TCGA_b102_105_SNP_N_GenomeWideSNP_6_A07_777172	11	67503656	67749322	70	-0.1109
OWNED_p_TCGA_b102_105_SNP_N_GenomeWideSNP_6_A07_777172	11	67764080	71395669	2030	0.2438
OWNED_p_TCGA_b102_105_SNP_N_GenomeWideSNP_6_A07_777172	11	71396255	71423634	8	-1.103
OWNED_p_TCGA_b102_105_SNP_N_GenomeWideSNP_6_A07_777172	11	71424451	134944770	44015	0.2341
OWNED_p_TCGA_b102_105_SNP_N_GenomeWideSNP_6_A07_777172	12	150442	249557	42	-0.0555
OWNED_p_TCGA_b102_105_SNP_N_GenomeWideSNP_6_A07_777172	12	250130	335010	58	-0.3787
OWNED_p_TCGA_b102_105_SNP_N_GenomeWideSNP_6_A07_777172	12	335065	8516469	5495	-0.0541
OWNED_p_TCGA_b102_105_SNP_N_GenomeWideSNP_6_A07_777172	12	8520556	8581141	34	-0.5595
OWNED_p_TCGA_b102_105_SNP_N_GenomeWideSNP_6_A07_777172	12	8584672	9630556	564	-0.0673
OWNED_p_TCGA_b102_105_SNP_N_GenomeWideSNP_6_A07_777172	12	9633870	9713674	22	0.9805
OWNED_p_TCGA_b102_105_SNP_N_GenomeWideSNP_6_A07_777172	12	9714954	10399108	502	-0.0259
OWNED_p_TCGA_b102_105_SNP_N_GenomeWideSNP_6_A07_777172	12	10399444	10410682	12	-1.2206
OWNED_p_TCGA_b102_105_SNP_N_GenomeWideSNP_6_A07_777172	12	10410777	27406009	11737	-0.0148
OWNED_p_TCGA_b102_105_SNP_N_GenomeWideSNP_6_A07_777172	12	27408913	27409076	2	-2.4175
OWNED_p_TCGA_b102_105_SNP_N_GenomeWideSNP_6_A07_777172	12	27413959	27645992	177	0.0579
OWNED_p_TCGA_b102_105_SNP_N_GenomeWideSNP_6_A07_777172	12	27647741	27651362	28	-1.0282
OWNED_p_TCGA_b102_105_SNP_N_GenomeWideSNP_6_A07_777172	12	27657161	33386757	4236	-0.0237
OWNED_p_TCGA_b102_105_SNP_N_GenomeWideSNP_6_A07_777172	12	33388829	33395142	4	-1.1693
OWNED_p_TCGA_b102_105_SNP_N_GenomeWideSNP_6_A07_777172	12	33395418	45905840	5565	-0.0187
OWNED_p_TCGA_b102_105_SNP_N_GenomeWideSNP_6_A07_777172	12	45908740	45909537	2	-1.8508
OWNED_p_TCGA_b102_105_SNP_N_GenomeWideSNP_6_A07_777172	12	45913292	114274347	42940	-0.031
OWNED_p_TCGA_b102_105_SNP_N_GenomeWideSNP_6_A07_777172	12	114275242	114356641	83	-0.3015
OWNED_p_TCGA_b102_105_SNP_N_GenomeWideSNP_6_A07_777172	12	114358806	130106658	11171	-0.0371
OWNED_p_TCGA_b102_105_SNP_N_GenomeWideSNP_6_A07_777172	12	130107281	130107310	2	-2.2302
OWNED_p_TCGA_b102_105_SNP_N_GenomeWideSNP_6_A07_777172	12	130107674	133778189	2251	-0.079
OWNED_p_TCGA_b102_105_SNP_N_GenomeWideSNP_6_A07_777172	13	19026949	29245683	7178	0.3797
OWNED_p_TCGA_b102_105_SNP_N_GenomeWideSNP_6_A07_777172	13	29253956	29756157	327	-0.1668
OWNED_p_TCGA_b102_105_SNP_N_GenomeWideSNP_6_A07_777172	13	29756370	32532860	2124	0.3744
OWNED_p_TCGA_b102_105_SNP_N_GenomeWideSNP_6_A07_777172	13	32536934	32537839	10	-0.4882
OWNED_p_TCGA_b102_105_SNP_N_GenomeWideSNP_6_A07_777172	13	32537879	57751096	16453	0.3778
OWNED_p_TCGA_b102_105_SNP_N_GenomeWideSNP_6_A07_777172	13	57758270	57778380	34	-1.7663
OWNED_p_TCGA_b102_105_SNP_N_GenomeWideSNP_6_A07_777172	13	57789714	67772597	6065	0.3681
OWNED_p_TCGA_b102_105_SNP_N_GenomeWideSNP_6_A07_777172	13	67772714	67849764	45	0.7013
OWNED_p_TCGA_b102_105_SNP_N_GenomeWideSNP_6_A07_777172	13	67849790	69196973	733	0.3694
OWNED_p_TCGA_b102_105_SNP_N_GenomeWideSNP_6_A07_777172	13	69199523	69201245	5	-0.5995
OWNED_p_TCGA_b102_105_SNP_N_GenomeWideSNP_6_A07_777172	13	69208374	83786739	9832	0.3787
OWNED_p_TCGA_b102_105_SNP_N_GenomeWideSNP_6_A07_777172	13	83786754	83791769	18	0.7393
OWNED_p_TCGA_b102_105_SNP_N_GenomeWideSNP_6_A07_777172	13	83791934	84122734	222	0.3325
OWNED_p_TCGA_b102_105_SNP_N_GenomeWideSNP_6_A07_777172	13	84124202	84146226	25	0.7544
OWNED_p_TCGA_b102_105_SNP_N_GenomeWideSNP_6_A07_777172	13	84147170	106148337	14843	0.3673
OWNED_p_TCGA_b102_105_SNP_N_GenomeWideSNP_6_A07_777172	13	106148556	106148581	2	1.9064
OWNED_p_TCGA_b102_105_SNP_N_GenomeWideSNP_6_A07_777172	13	106148678	115108397	6322	0.3951
OWNED_p_TCGA_b102_105_SNP_N_GenomeWideSNP_6_A07_777172	14	19002124	23239880	2253	-0.3865
OWNED_p_TCGA_b102_105_SNP_N_GenomeWideSNP_6_A07_777172	14	23240328	23257568	12	-1.0576
OWNED_p_TCGA_b102_105_SNP_N_GenomeWideSNP_6_A07_777172	14	23258060	50831339	16884	-0.3596
OWNED_p_TCGA_b102_105_SNP_N_GenomeWideSNP_6_A07_777172	14	50833262	50834259	3	-2.4761
OWNED_p_TCGA_b102_105_SNP_N_GenomeWideSNP_6_A07_777172	14	50837691	58138959	5066	-0.386
OWNED_p_TCGA_b102_105_SNP_N_GenomeWideSNP_6_A07_777172	14	58139528	58142062	8	-3.6659
OWNED_p_TCGA_b102_105_SNP_N_GenomeWideSNP_6_A07_777172	14	58143488	99494210	27359	-0.391
OWNED_p_TCGA_b102_105_SNP_N_GenomeWideSNP_6_A07_777172	14	99495270	99497172	4	-2.248
OWNED_p_TCGA_b102_105_SNP_N_GenomeWideSNP_6_A07_777172	14	99497984	106547314	3345	-0.4208
OWNED_p_TCGA_b102_105_SNP_N_GenomeWideSNP_6_A07_777172	14	106547507	106561441	9	-1.8471
OWNED_p_TCGA_b102_105_SNP_N_GenomeWideSNP_6_A07_777172	14	106567100	106818557	112	-0.5094
OWNED_p_TCGA_b102_105_SNP_N_GenomeWideSNP_6_A07_777172	14	106820744	107285437	306	-0.2277
OWNED_p_TCGA_b102_105_SNP_N_GenomeWideSNP_6_A07_777172	15	20016328	20440538	67	-0.3603
OWNED_p_TCGA_b102_105_SNP_N_GenomeWideSNP_6_A07_777172	15	20446138	20572616	17	-1.288
OWNED_p_TCGA_b102_105_SNP_N_GenomeWideSNP_6_A07_777172	15	20574158	24054787	950	-0.3656
OWNED_p_TCGA_b102_105_SNP_N_GenomeWideSNP_6_A07_777172	15	24055437	24059307	20	-1.1427
OWNED_p_TCGA_b102_105_SNP_N_GenomeWideSNP_6_A07_777172	15	24065693	25415168	862	-0.3653
OWNED_p_TCGA_b102_105_SNP_N_GenomeWideSNP_6_A07_777172	15	25416714	25473265	44	-0.8218
OWNED_p_TCGA_b102_105_SNP_N_GenomeWideSNP_6_A07_777172	15	25475817	26560192	832	-0.4086
OWNED_p_TCGA_b102_105_SNP_N_GenomeWideSNP_6_A07_777172	15	26562152	26563156	2	-2.735
OWNED_p_TCGA_b102_105_SNP_N_GenomeWideSNP_6_A07_777172	15	26563588	30370031	2280	-0.3873
OWNED_p_TCGA_b102_105_SNP_N_GenomeWideSNP_6_A07_777172	15	30386411	30900878	111	-0.7432
OWNED_p_TCGA_b102_105_SNP_N_GenomeWideSNP_6_A07_777172	15	30913587	71236434	26059	-0.3574
OWNED_p_TCGA_b102_105_SNP_N_GenomeWideSNP_6_A07_777172	15	71236501	71526340	140	-0.7955
OWNED_p_TCGA_b102_105_SNP_N_GenomeWideSNP_6_A07_777172	15	71530369	102469040	20450	-0.3733
OWNED_p_TCGA_b102_105_SNP_N_GenomeWideSNP_6_A07_777172	16	60777	14756287	11077	-0.0273
OWNED_p_TCGA_b102_105_SNP_N_GenomeWideSNP_6_A07_777172	16	14759768	15052149	39	-0.4178
OWNED_p_TCGA_b102_105_SNP_N_GenomeWideSNP_6_A07_777172	16	15053725	16295807	631	-0.071
OWNED_p_TCGA_b102_105_SNP_N_GenomeWideSNP_6_A07_777172	16	16295912	16628062	18	-0.6574
OWNED_p_TCGA_b102_105_SNP_N_GenomeWideSNP_6_A07_777172	16	16633361	18167517	997	-0.0288
OWNED_p_TCGA_b102_105_SNP_N_GenomeWideSNP_6_A07_777172	16	18172481	18779956	52	-0.4721
OWNED_p_TCGA_b102_105_SNP_N_GenomeWideSNP_6_A07_777172	16	18783159	29126085	6214	-0.0262
OWNED_p_TCGA_b102_105_SNP_N_GenomeWideSNP_6_A07_777172	16	29128462	29134000	13	-0.9413
OWNED_p_TCGA_b102_105_SNP_N_GenomeWideSNP_6_A07_777172	16	29134083	32655295	1105	-0.0514
OWNED_p_TCGA_b102_105_SNP_N_GenomeWideSNP_6_A07_777172	16	32655523	33367935	61	-0.3795
OWNED_p_TCGA_b102_105_SNP_N_GenomeWideSNP_6_A07_777172	16	33369764	90287535	32120	-0.0243
OWNED_p_TCGA_b102_105_SNP_N_GenomeWideSNP_6_A07_777172	17	526	18358949	11421	-0.0225
OWNED_p_TCGA_b102_105_SNP_N_GenomeWideSNP_6_A07_777172	17	18361686	18459272	24	-0.6833
OWNED_p_TCGA_b102_105_SNP_N_GenomeWideSNP_6_A07_777172	17	18464586	34436708	6909	-0.0186
OWNED_p_TCGA_b102_105_SNP_N_GenomeWideSNP_6_A07_777172	17	34437128	34543343	40	0.6752
OWNED_p_TCGA_b102_105_SNP_N_GenomeWideSNP_6_A07_777172	17	34586294	39510912	2638	-0.0039
OWNED_p_TCGA_b102_105_SNP_N_GenomeWideSNP_6_A07_777172	17	39513456	39526309	30	-0.4907
OWNED_p_TCGA_b102_105_SNP_N_GenomeWideSNP_6_A07_777172	17	39526420	41438590	1004	-0.0249
OWNED_p_TCGA_b102_105_SNP_N_GenomeWideSNP_6_A07_777172	17	41439686	41439921	2	-1.3939
OWNED_p_TCGA_b102_105_SNP_N_GenomeWideSNP_6_A07_777172	17	41443704	43852968	1178	-0.0389
OWNED_p_TCGA_b102_105_SNP_N_GenomeWideSNP_6_A07_777172	17	43855228	43857229	2	-2.026
OWNED_p_TCGA_b102_105_SNP_N_GenomeWideSNP_6_A07_777172	17	43863865	44311470	325	-0.166
OWNED_p_TCGA_b102_105_SNP_N_GenomeWideSNP_6_A07_777172	17	44311886	44441482	25	-0.5778
OWNED_p_TCGA_b102_105_SNP_N_GenomeWideSNP_6_A07_777172	17	44456008	81049726	21605	-0.0201
OWNED_p_TCGA_b102_105_SNP_N_GenomeWideSNP_6_A07_777172	18	11543	418351	245	-0.8992
OWNED_p_TCGA_b102_105_SNP_N_GenomeWideSNP_6_A07_777172	18	418996	420105	3	-3.0478
OWNED_p_TCGA_b102_105_SNP_N_GenomeWideSNP_6_A07_777172	18	420806	3599607	2226	-0.8791
OWNED_p_TCGA_b102_105_SNP_N_GenomeWideSNP_6_A07_777172	18	3607746	42802400	23244	-0.3147
OWNED_p_TCGA_b102_105_SNP_N_GenomeWideSNP_6_A07_777172	18	42803709	42803829	2	-2.5941
OWNED_p_TCGA_b102_105_SNP_N_GenomeWideSNP_6_A07_777172	18	42804525	44334726	1050	-0.3642
OWNED_p_TCGA_b102_105_SNP_N_GenomeWideSNP_6_A07_777172	18	44335147	44336191	2	-3.2324
OWNED_p_TCGA_b102_105_SNP_N_GenomeWideSNP_6_A07_777172	18	44338245	68046880	16649	-0.3079
OWNED_p_TCGA_b102_105_SNP_N_GenomeWideSNP_6_A07_777172	18	68050509	68050814	2	-2.3924
OWNED_p_TCGA_b102_105_SNP_N_GenomeWideSNP_6_A07_777172	18	68050849	74273830	4769	-0.3163
OWNED_p_TCGA_b102_105_SNP_N_GenomeWideSNP_6_A07_777172	18	74277594	78015057	2408	-0.9885
OWNED_p_TCGA_b102_105_SNP_N_GenomeWideSNP_6_A07_777172	19	90910	52131813	24914	0.1367
OWNED_p_TCGA_b102_105_SNP_N_GenomeWideSNP_6_A07_777172	19	52142352	52157415	17	-0.4292
OWNED_p_TCGA_b102_105_SNP_N_GenomeWideSNP_6_A07_777172	19	52157437	56282369	2524	0.1095
OWNED_p_TCGA_b102_105_SNP_N_GenomeWideSNP_6_A07_777172	19	56282535	56283067	3	-2.9935
OWNED_p_TCGA_b102_105_SNP_N_GenomeWideSNP_6_A07_777172	19	56286293	59097854	1844	0.1419
OWNED_p_TCGA_b102_105_SNP_N_GenomeWideSNP_6_A07_777172	20	61305	1572412	1229	-0.0648
OWNED_p_TCGA_b102_105_SNP_N_GenomeWideSNP_6_A07_777172	20	1572451	1593893	13	-0.8512
OWNED_p_TCGA_b102_105_SNP_N_GenomeWideSNP_6_A07_777172	20	1597946	9333616	5882	-0.0087
OWNED_p_TCGA_b102_105_SNP_N_GenomeWideSNP_6_A07_777172	20	9334521	11292509	1602	0.6668
OWNED_p_TCGA_b102_105_SNP_N_GenomeWideSNP_6_A07_777172	20	11293228	14475757	2211	1.3191
OWNED_p_TCGA_b102_105_SNP_N_GenomeWideSNP_6_A07_777172	20	14477907	14478523	4	-0.3339
OWNED_p_TCGA_b102_105_SNP_N_GenomeWideSNP_6_A07_777172	20	14479272	20009250	4838	1.4714
OWNED_p_TCGA_b102_105_SNP_N_GenomeWideSNP_6_A07_777172	20	20012764	20013017	2	-0.3359
OWNED_p_TCGA_b102_105_SNP_N_GenomeWideSNP_6_A07_777172	20	20014955	21238104	875	1.5726
OWNED_p_TCGA_b102_105_SNP_N_GenomeWideSNP_6_A07_777172	20	21238705	21240133	2	3.1952
OWNED_p_TCGA_b102_105_SNP_N_GenomeWideSNP_6_A07_777172	20	21241005	21523943	124	1.6145
OWNED_p_TCGA_b102_105_SNP_N_GenomeWideSNP_6_A07_777172	20	21526583	22650661	793	1.2453
OWNED_p_TCGA_b102_105_SNP_N_GenomeWideSNP_6_A07_777172	20	22656203	22823916	179	1.5237
OWNED_p_TCGA_b102_105_SNP_N_GenomeWideSNP_6_A07_777172	20	22827321	23064207	174	1.1761
OWNED_p_TCGA_b102_105_SNP_N_GenomeWideSNP_6_A07_777172	20	23069450	23144230	86	1.5654
OWNED_p_TCGA_b102_105_SNP_N_GenomeWideSNP_6_A07_777172	20	23144233	31947253	3216	1.1589
OWNED_p_TCGA_b102_105_SNP_N_GenomeWideSNP_6_A07_777172	20	31949054	41984423	6249	0.7984
OWNED_p_TCGA_b102_105_SNP_N_GenomeWideSNP_6_A07_777172	20	41989206	48737514	4562	1.227
OWNED_p_TCGA_b102_105_SNP_N_GenomeWideSNP_6_A07_777172	20	48739167	56143169	5826	0.2662
OWNED_p_TCGA_b102_105_SNP_N_GenomeWideSNP_6_A07_777172	20	56148172	62956153	4576	0.8035
OWNED_p_TCGA_b102_105_SNP_N_GenomeWideSNP_6_A07_777172	21	10736871	11013964	77	0.0586
OWNED_p_TCGA_b102_105_SNP_N_GenomeWideSNP_6_A07_777172	21	11018107	14446712	53	-0.575
OWNED_p_TCGA_b102_105_SNP_N_GenomeWideSNP_6_A07_777172	21	14452862	14549965	18	-1.1446
OWNED_p_TCGA_b102_105_SNP_N_GenomeWideSNP_6_A07_777172	21	14560710	19724483	3328	-0.3538
OWNED_p_TCGA_b102_105_SNP_N_GenomeWideSNP_6_A07_777172	21	19730538	48096957	20894	-0.0217
OWNED_p_TCGA_b102_105_SNP_N_GenomeWideSNP_6_A07_777172	22	16052528	24344422	4607	-0.1087
OWNED_p_TCGA_b102_105_SNP_N_GenomeWideSNP_6_A07_777172	22	24350529	24396814	19	-1.436
OWNED_p_TCGA_b102_105_SNP_N_GenomeWideSNP_6_A07_777172	22	24401529	25661698	821	-0.0163
OWNED_p_TCGA_b102_105_SNP_N_GenomeWideSNP_6_A07_777172	22	25663985	25911448	286	0.4232
OWNED_p_TCGA_b102_105_SNP_N_GenomeWideSNP_6_A07_777172	22	25914024	39343857	9732	-0.0168
OWNED_p_TCGA_b102_105_SNP_N_GenomeWideSNP_6_A07_777172	22	39343916	39371902	27	-0.79
OWNED_p_TCGA_b102_105_SNP_N_GenomeWideSNP_6_A07_777172	22	39374377	45130401	3550	-0.0243
OWNED_p_TCGA_b102_105_SNP_N_GenomeWideSNP_6_A07_777172	22	45130466	45146425	7	-0.9597
OWNED_p_TCGA_b102_105_SNP_N_GenomeWideSNP_6_A07_777172	22	45146815	45258632	95	-0.0214
OWNED_p_TCGA_b102_105_SNP_N_GenomeWideSNP_6_A07_777172	22	45258650	45258926	3	-1.5953
OWNED_p_TCGA_b102_105_SNP_N_GenomeWideSNP_6_A07_777172	22	45259235	51234455	4360	-0.0609
OWNED_p_TCGA_b102_105_SNP_N_GenomeWideSNP_6_A07_777172	X	168477	966911	81	-0.718
OWNED_p_TCGA_b102_105_SNP_N_GenomeWideSNP_6_A07_777172	X	1211520	10079196	5629	6e-04
OWNED_p_TCGA_b102_105_SNP_N_GenomeWideSNP_6_A07_777172	X	10079552	10079568	3	-1.8049
OWNED_p_TCGA_b102_105_SNP_N_GenomeWideSNP_6_A07_777172	X	10082855	39071878	18611	0.0265
OWNED_p_TCGA_b102_105_SNP_N_GenomeWideSNP_6_A07_777172	X	39078490	39079027	2	-3.1061
OWNED_p_TCGA_b102_105_SNP_N_GenomeWideSNP_6_A07_777172	X	39079252	80746832	17654	-0.0132
OWNED_p_TCGA_b102_105_SNP_N_GenomeWideSNP_6_A07_777172	X	80752646	80770570	10	-1.6056
OWNED_p_TCGA_b102_105_SNP_N_GenomeWideSNP_6_A07_777172	X	80782919	155182354	42216	-0.0104
OWNED_p_TCGA_b102_105_SNP_N_GenomeWideSNP_6_A07_777172	Y	2650438	5339120	677	-0.3337
OWNED_p_TCGA_b102_105_SNP_N_GenomeWideSNP_6_A07_777172	Y	5353548	5398474	15	-1.6513
OWNED_p_TCGA_b102_105_SNP_N_GenomeWideSNP_6_A07_777172	Y	5409428	6107901	181	-0.3493
OWNED_p_TCGA_b102_105_SNP_N_GenomeWideSNP_6_A07_777172	Y	6110498	6135147	9	-1.2715
OWNED_p_TCGA_b102_105_SNP_N_GenomeWideSNP_6_A07_777172	Y	6135463	9172560	1570	-0.3663
OWNED_p_TCGA_b102_105_SNP_N_GenomeWideSNP_6_A07_777172	Y	9191899	9387994	17	-1.195
OWNED_p_TCGA_b102_105_SNP_N_GenomeWideSNP_6_A07_777172	Y	9388262	59018259	6166	-0.3377
