Sample	Chromosome	Start	End	Num_Probes	Segment_Mean
FOXED_p_TCGA_b122_128_SNP_N_GenomeWideSNP_6_E10_781842	1	61735	16149343	8420	0.2116
FOXED_p_TCGA_b122_128_SNP_N_GenomeWideSNP_6_E10_781842	1	16149915	16155010	11	-0.4716
FOXED_p_TCGA_b122_128_SNP_N_GenomeWideSNP_6_E10_781842	1	16165661	16953771	323	0.2157
FOXED_p_TCGA_b122_128_SNP_N_GenomeWideSNP_6_E10_781842	1	16953842	17076467	60	-0.1659
FOXED_p_TCGA_b122_128_SNP_N_GenomeWideSNP_6_E10_781842	1	17082412	17190004	22	0.1846
FOXED_p_TCGA_b122_128_SNP_N_GenomeWideSNP_6_E10_781842	1	17190862	17276241	63	0.6619
FOXED_p_TCGA_b122_128_SNP_N_GenomeWideSNP_6_E10_781842	1	17277940	31621427	8312	0.2205
FOXED_p_TCGA_b122_128_SNP_N_GenomeWideSNP_6_E10_781842	1	31623667	31625346	2	-1.0878
FOXED_p_TCGA_b122_128_SNP_N_GenomeWideSNP_6_E10_781842	1	31625389	62114006	18466	0.2081
FOXED_p_TCGA_b122_128_SNP_N_GenomeWideSNP_6_E10_781842	1	62114181	62118187	3	-1.5793
FOXED_p_TCGA_b122_128_SNP_N_GenomeWideSNP_6_E10_781842	1	62119809	72763370	7384	0.2012
FOXED_p_TCGA_b122_128_SNP_N_GenomeWideSNP_6_E10_781842	1	72768418	72811148	48	1.269
FOXED_p_TCGA_b122_128_SNP_N_GenomeWideSNP_6_E10_781842	1	72811904	76050844	1932	0.201
FOXED_p_TCGA_b122_128_SNP_N_GenomeWideSNP_6_E10_781842	1	76054763	76054854	2	-0.8773
FOXED_p_TCGA_b122_128_SNP_N_GenomeWideSNP_6_E10_781842	1	76059509	78278391	1572	0.196
FOXED_p_TCGA_b122_128_SNP_N_GenomeWideSNP_6_E10_781842	1	78288315	101644210	15080	0.4874
FOXED_p_TCGA_b122_128_SNP_N_GenomeWideSNP_6_E10_781842	1	101648328	101655292	2	-1.4582
FOXED_p_TCGA_b122_128_SNP_N_GenomeWideSNP_6_E10_781842	1	101655670	104128618	1500	0.4574
FOXED_p_TCGA_b122_128_SNP_N_GenomeWideSNP_6_E10_781842	1	104128773	104257096	34	0.1576
FOXED_p_TCGA_b122_128_SNP_N_GenomeWideSNP_6_E10_781842	1	104257579	104260032	3	-1.1953
FOXED_p_TCGA_b122_128_SNP_N_GenomeWideSNP_6_E10_781842	1	104260239	106012754	922	0.4797
FOXED_p_TCGA_b122_128_SNP_N_GenomeWideSNP_6_E10_781842	1	106013376	106022375	18	1.2502
FOXED_p_TCGA_b122_128_SNP_N_GenomeWideSNP_6_E10_781842	1	106024055	110224427	2659	0.4727
FOXED_p_TCGA_b122_128_SNP_N_GenomeWideSNP_6_E10_781842	1	110225642	110242953	31	1.2481
FOXED_p_TCGA_b122_128_SNP_N_GenomeWideSNP_6_E10_781842	1	110244998	111376220	840	0.4799
FOXED_p_TCGA_b122_128_SNP_N_GenomeWideSNP_6_E10_781842	1	111377368	111383972	37	-8e-04
FOXED_p_TCGA_b122_128_SNP_N_GenomeWideSNP_6_E10_781842	1	111388184	112690326	1081	0.4622
FOXED_p_TCGA_b122_128_SNP_N_GenomeWideSNP_6_E10_781842	1	112695965	112697012	18	1.0286
FOXED_p_TCGA_b122_128_SNP_N_GenomeWideSNP_6_E10_781842	1	112697174	152555706	8052	0.4805
FOXED_p_TCGA_b122_128_SNP_N_GenomeWideSNP_6_E10_781842	1	152555767	152586238	30	-1.7628
FOXED_p_TCGA_b122_128_SNP_N_GenomeWideSNP_6_E10_781842	1	152586278	152586594	4	-0.4796
FOXED_p_TCGA_b122_128_SNP_N_GenomeWideSNP_6_E10_781842	1	152590494	152759678	171	0.463
FOXED_p_TCGA_b122_128_SNP_N_GenomeWideSNP_6_E10_781842	1	152761923	152768700	37	-1.3189
FOXED_p_TCGA_b122_128_SNP_N_GenomeWideSNP_6_E10_781842	1	152773905	161478751	5274	0.4672
FOXED_p_TCGA_b122_128_SNP_N_GenomeWideSNP_6_E10_781842	1	161478993	161638513	57	0.0212
FOXED_p_TCGA_b122_128_SNP_N_GenomeWideSNP_6_E10_781842	1	161648237	196014664	23811	0.4708
FOXED_p_TCGA_b122_128_SNP_N_GenomeWideSNP_6_E10_781842	1	196019444	196020060	3	-0.7369
FOXED_p_TCGA_b122_128_SNP_N_GenomeWideSNP_6_E10_781842	1	196020389	196709760	426	0.4542
FOXED_p_TCGA_b122_128_SNP_N_GenomeWideSNP_6_E10_781842	1	196711067	196827855	107	0.869
FOXED_p_TCGA_b122_128_SNP_N_GenomeWideSNP_6_E10_781842	1	196828779	199107702	1373	0.4414
FOXED_p_TCGA_b122_128_SNP_N_GenomeWideSNP_6_E10_781842	1	199111363	199114390	11	1.0451
FOXED_p_TCGA_b122_128_SNP_N_GenomeWideSNP_6_E10_781842	1	199114747	221578474	15431	0.4753
FOXED_p_TCGA_b122_128_SNP_N_GenomeWideSNP_6_E10_781842	1	221580058	221580405	2	-1.041
FOXED_p_TCGA_b122_128_SNP_N_GenomeWideSNP_6_E10_781842	1	221580870	229811169	5077	0.47
FOXED_p_TCGA_b122_128_SNP_N_GenomeWideSNP_6_E10_781842	1	229816856	229820196	3	-3.1725
FOXED_p_TCGA_b122_128_SNP_N_GenomeWideSNP_6_E10_781842	1	229820456	248709670	13890	0.4788
FOXED_p_TCGA_b122_128_SNP_N_GenomeWideSNP_6_E10_781842	1	248713868	248805339	39	0.11
FOXED_p_TCGA_b122_128_SNP_N_GenomeWideSNP_6_E10_781842	1	248808557	249224388	144	0.546
FOXED_p_TCGA_b122_128_SNP_N_GenomeWideSNP_6_E10_781842	2	12784	4205687	2991	0.2107
FOXED_p_TCGA_b122_128_SNP_N_GenomeWideSNP_6_E10_781842	2	4213864	4224019	42	-0.5149
FOXED_p_TCGA_b122_128_SNP_N_GenomeWideSNP_6_E10_781842	2	4230062	17674793	10163	0.2016
FOXED_p_TCGA_b122_128_SNP_N_GenomeWideSNP_6_E10_781842	2	17675735	17675959	2	-1.9268
FOXED_p_TCGA_b122_128_SNP_N_GenomeWideSNP_6_E10_781842	2	17678048	29643332	7482	0.2008
FOXED_p_TCGA_b122_128_SNP_N_GenomeWideSNP_6_E10_781842	2	29643885	29644646	7	-0.4794
FOXED_p_TCGA_b122_128_SNP_N_GenomeWideSNP_6_E10_781842	2	29644937	34699315	3438	0.1984
FOXED_p_TCGA_b122_128_SNP_N_GenomeWideSNP_6_E10_781842	2	34701394	34737057	45	0.9408
FOXED_p_TCGA_b122_128_SNP_N_GenomeWideSNP_6_E10_781842	2	34737163	36088642	977	0.2039
FOXED_p_TCGA_b122_128_SNP_N_GenomeWideSNP_6_E10_781842	2	36089472	36089929	2	-1.0004
FOXED_p_TCGA_b122_128_SNP_N_GenomeWideSNP_6_E10_781842	2	36091829	41238235	3854	0.2091
FOXED_p_TCGA_b122_128_SNP_N_GenomeWideSNP_6_E10_781842	2	41238443	41243427	20	-0.2508
FOXED_p_TCGA_b122_128_SNP_N_GenomeWideSNP_6_E10_781842	2	41243455	45928630	3376	0.2063
FOXED_p_TCGA_b122_128_SNP_N_GenomeWideSNP_6_E10_781842	2	45929972	45930299	4	-0.7207
FOXED_p_TCGA_b122_128_SNP_N_GenomeWideSNP_6_E10_781842	2	45932046	52754561	4825	0.1995
FOXED_p_TCGA_b122_128_SNP_N_GenomeWideSNP_6_E10_781842	2	52754728	52781542	36	1.0053
FOXED_p_TCGA_b122_128_SNP_N_GenomeWideSNP_6_E10_781842	2	52787949	98118212	24102	0.1909
FOXED_p_TCGA_b122_128_SNP_N_GenomeWideSNP_6_E10_781842	2	98140747	98162189	9	-0.7286
FOXED_p_TCGA_b122_128_SNP_N_GenomeWideSNP_6_E10_781842	2	98166878	106880095	5582	0.1968
FOXED_p_TCGA_b122_128_SNP_N_GenomeWideSNP_6_E10_781842	2	106880713	106885357	11	-1.8263
FOXED_p_TCGA_b122_128_SNP_N_GenomeWideSNP_6_E10_781842	2	106887255	117625463	5814	0.1955
FOXED_p_TCGA_b122_128_SNP_N_GenomeWideSNP_6_E10_781842	2	117629591	117629603	4	1.0694
FOXED_p_TCGA_b122_128_SNP_N_GenomeWideSNP_6_E10_781842	2	117630472	121549878	2503	0.1948
FOXED_p_TCGA_b122_128_SNP_N_GenomeWideSNP_6_E10_781842	2	121551607	121555042	5	-0.4099
FOXED_p_TCGA_b122_128_SNP_N_GenomeWideSNP_6_E10_781842	2	121561803	123479951	1238	0.2098
FOXED_p_TCGA_b122_128_SNP_N_GenomeWideSNP_6_E10_781842	2	123481713	123482241	7	-0.73
FOXED_p_TCGA_b122_128_SNP_N_GenomeWideSNP_6_E10_781842	2	123483653	130241617	4414	0.1932
FOXED_p_TCGA_b122_128_SNP_N_GenomeWideSNP_6_E10_781842	2	130242500	130246833	6	-1.2072
FOXED_p_TCGA_b122_128_SNP_N_GenomeWideSNP_6_E10_781842	2	130255110	130788774	366	0.2013
FOXED_p_TCGA_b122_128_SNP_N_GenomeWideSNP_6_E10_781842	2	130793856	130874488	17	0.7366
FOXED_p_TCGA_b122_128_SNP_N_GenomeWideSNP_6_E10_781842	2	130874876	146862085	9594	0.1802
FOXED_p_TCGA_b122_128_SNP_N_GenomeWideSNP_6_E10_781842	2	146864404	146866934	24	1.1563
FOXED_p_TCGA_b122_128_SNP_N_GenomeWideSNP_6_E10_781842	2	146877806	207955158	36746	0.1819
FOXED_p_TCGA_b122_128_SNP_N_GenomeWideSNP_6_E10_781842	2	207957237	207957395	2	-1.6832
FOXED_p_TCGA_b122_128_SNP_N_GenomeWideSNP_6_E10_781842	2	207965670	208350754	274	0.1513
FOXED_p_TCGA_b122_128_SNP_N_GenomeWideSNP_6_E10_781842	2	208354912	208359336	17	-0.3522
FOXED_p_TCGA_b122_128_SNP_N_GenomeWideSNP_6_E10_781842	2	208359476	243089456	22159	0.1898
FOXED_p_TCGA_b122_128_SNP_N_GenomeWideSNP_6_E10_781842	3	60345	37977417	27709	0.2237
FOXED_p_TCGA_b122_128_SNP_N_GenomeWideSNP_6_E10_781842	3	37982108	37986928	18	-0.6025
FOXED_p_TCGA_b122_128_SNP_N_GenomeWideSNP_6_E10_781842	3	37987106	60035243	13096	0.2197
FOXED_p_TCGA_b122_128_SNP_N_GenomeWideSNP_6_E10_781842	3	60038000	60038632	3	-0.8865
FOXED_p_TCGA_b122_128_SNP_N_GenomeWideSNP_6_E10_781842	3	60039011	60995600	1022	0.208
FOXED_p_TCGA_b122_128_SNP_N_GenomeWideSNP_6_E10_781842	3	60995796	60995936	2	-1.1546
FOXED_p_TCGA_b122_128_SNP_N_GenomeWideSNP_6_E10_781842	3	60996220	68746164	6048	0.2319
FOXED_p_TCGA_b122_128_SNP_N_GenomeWideSNP_6_E10_781842	3	68746259	68747413	14	1.5866
FOXED_p_TCGA_b122_128_SNP_N_GenomeWideSNP_6_E10_781842	3	68748758	75568549	4938	0.2285
FOXED_p_TCGA_b122_128_SNP_N_GenomeWideSNP_6_E10_781842	3	75572549	75586805	6	1.229
FOXED_p_TCGA_b122_128_SNP_N_GenomeWideSNP_6_E10_781842	3	75595181	98944511	11021	0.2109
FOXED_p_TCGA_b122_128_SNP_N_GenomeWideSNP_6_E10_781842	3	98944547	98949308	33	0.6897
FOXED_p_TCGA_b122_128_SNP_N_GenomeWideSNP_6_E10_781842	3	98949314	100326185	749	0.2095
FOXED_p_TCGA_b122_128_SNP_N_GenomeWideSNP_6_E10_781842	3	100326305	100446616	61	0.8632
FOXED_p_TCGA_b122_128_SNP_N_GenomeWideSNP_6_E10_781842	3	100446978	119350345	11843	0.2044
FOXED_p_TCGA_b122_128_SNP_N_GenomeWideSNP_6_E10_781842	3	119351398	119353938	5	-0.7449
FOXED_p_TCGA_b122_128_SNP_N_GenomeWideSNP_6_E10_781842	3	119355411	145633406	16060	0.2167
FOXED_p_TCGA_b122_128_SNP_N_GenomeWideSNP_6_E10_781842	3	145641922	145641934	2	-1.8224
FOXED_p_TCGA_b122_128_SNP_N_GenomeWideSNP_6_E10_781842	3	145642365	162513459	10402	0.2144
FOXED_p_TCGA_b122_128_SNP_N_GenomeWideSNP_6_E10_781842	3	162514627	162628614	68	-0.4269
FOXED_p_TCGA_b122_128_SNP_N_GenomeWideSNP_6_E10_781842	3	162628643	162714517	69	0.3356
FOXED_p_TCGA_b122_128_SNP_N_GenomeWideSNP_6_E10_781842	3	162717727	162719562	2	-3.234
FOXED_p_TCGA_b122_128_SNP_N_GenomeWideSNP_6_E10_781842	3	162726159	165266078	1404	0.2095
FOXED_p_TCGA_b122_128_SNP_N_GenomeWideSNP_6_E10_781842	3	165267020	165269201	7	-0.4204
FOXED_p_TCGA_b122_128_SNP_N_GenomeWideSNP_6_E10_781842	3	165270444	192388234	17375	0.2195
FOXED_p_TCGA_b122_128_SNP_N_GenomeWideSNP_6_E10_781842	3	192388265	192390777	3	-0.9202
FOXED_p_TCGA_b122_128_SNP_N_GenomeWideSNP_6_E10_781842	3	192392367	195412212	1855	0.2464
FOXED_p_TCGA_b122_128_SNP_N_GenomeWideSNP_6_E10_781842	3	195418263	195455508	23	0.6331
FOXED_p_TCGA_b122_128_SNP_N_GenomeWideSNP_6_E10_781842	3	195455861	195661550	98	0.2692
FOXED_p_TCGA_b122_128_SNP_N_GenomeWideSNP_6_E10_781842	3	195690846	195734981	9	-0.3219
FOXED_p_TCGA_b122_128_SNP_N_GenomeWideSNP_6_E10_781842	3	195739204	197896118	1085	0.2473
FOXED_p_TCGA_b122_128_SNP_N_GenomeWideSNP_6_E10_781842	4	12281	35359	21	-0.2391
FOXED_p_TCGA_b122_128_SNP_N_GenomeWideSNP_6_E10_781842	4	35834	10210294	5763	-0.6501
FOXED_p_TCGA_b122_128_SNP_N_GenomeWideSNP_6_E10_781842	4	10210390	10231498	29	-1.5234
FOXED_p_TCGA_b122_128_SNP_N_GenomeWideSNP_6_E10_781842	4	10234214	34778975	16984	-0.6409
FOXED_p_TCGA_b122_128_SNP_N_GenomeWideSNP_6_E10_781842	4	34779004	34824725	42	0.1903
FOXED_p_TCGA_b122_128_SNP_N_GenomeWideSNP_6_E10_781842	4	34829872	36520612	1131	-0.6518
FOXED_p_TCGA_b122_128_SNP_N_GenomeWideSNP_6_E10_781842	4	36520615	36520861	2	-2.3338
FOXED_p_TCGA_b122_128_SNP_N_GenomeWideSNP_6_E10_781842	4	36523139	42334065	3799	-0.636
FOXED_p_TCGA_b122_128_SNP_N_GenomeWideSNP_6_E10_781842	4	42334283	43080759	549	0.9175
FOXED_p_TCGA_b122_128_SNP_N_GenomeWideSNP_6_E10_781842	4	43082984	43146050	43	0.1961
FOXED_p_TCGA_b122_128_SNP_N_GenomeWideSNP_6_E10_781842	4	43146135	43156435	9	-0.5907
FOXED_p_TCGA_b122_128_SNP_N_GenomeWideSNP_6_E10_781842	4	43156439	43246631	67	0.2538
FOXED_p_TCGA_b122_128_SNP_N_GenomeWideSNP_6_E10_781842	4	43247067	43248638	3	-0.704
FOXED_p_TCGA_b122_128_SNP_N_GenomeWideSNP_6_E10_781842	4	43252424	44148128	504	0.0995
FOXED_p_TCGA_b122_128_SNP_N_GenomeWideSNP_6_E10_781842	4	44152766	48336371	2545	-0.2018
FOXED_p_TCGA_b122_128_SNP_N_GenomeWideSNP_6_E10_781842	4	48336693	48336922	3	-1.5964
FOXED_p_TCGA_b122_128_SNP_N_GenomeWideSNP_6_E10_781842	4	48338344	63667834	7369	0.0475
FOXED_p_TCGA_b122_128_SNP_N_GenomeWideSNP_6_E10_781842	4	63669936	63671662	8	-0.7523
FOXED_p_TCGA_b122_128_SNP_N_GenomeWideSNP_6_E10_781842	4	63679630	69374955	3471	0.0484
FOXED_p_TCGA_b122_128_SNP_N_GenomeWideSNP_6_E10_781842	4	69375160	69485979	63	0.6113
FOXED_p_TCGA_b122_128_SNP_N_GenomeWideSNP_6_E10_781842	4	69489335	70123510	328	0.1404
FOXED_p_TCGA_b122_128_SNP_N_GenomeWideSNP_6_E10_781842	4	70127644	70232022	55	-0.5945
FOXED_p_TCGA_b122_128_SNP_N_GenomeWideSNP_6_E10_781842	4	70232124	70389716	111	0.0722
FOXED_p_TCGA_b122_128_SNP_N_GenomeWideSNP_6_E10_781842	4	70389861	70390779	2	1.4382
FOXED_p_TCGA_b122_128_SNP_N_GenomeWideSNP_6_E10_781842	4	70391888	114353226	26684	0.0543
FOXED_p_TCGA_b122_128_SNP_N_GenomeWideSNP_6_E10_781842	4	114354242	114365275	29	-0.5565
FOXED_p_TCGA_b122_128_SNP_N_GenomeWideSNP_6_E10_781842	4	114365441	115173700	554	0.0753
FOXED_p_TCGA_b122_128_SNP_N_GenomeWideSNP_6_E10_781842	4	115175323	115182175	23	-1.3595
FOXED_p_TCGA_b122_128_SNP_N_GenomeWideSNP_6_E10_781842	4	115184229	126967452	7061	0.047
FOXED_p_TCGA_b122_128_SNP_N_GenomeWideSNP_6_E10_781842	4	126967633	126977773	8	-1.5454
FOXED_p_TCGA_b122_128_SNP_N_GenomeWideSNP_6_E10_781842	4	126983063	141229826	8391	0.0446
FOXED_p_TCGA_b122_128_SNP_N_GenomeWideSNP_6_E10_781842	4	141230491	141233003	3	-1.147
FOXED_p_TCGA_b122_128_SNP_N_GenomeWideSNP_6_E10_781842	4	141233332	156856645	9392	0.0493
FOXED_p_TCGA_b122_128_SNP_N_GenomeWideSNP_6_E10_781842	4	156860391	156861105	3	-1.2097
FOXED_p_TCGA_b122_128_SNP_N_GenomeWideSNP_6_E10_781842	4	156862361	172989300	10323	0.0531
FOXED_p_TCGA_b122_128_SNP_N_GenomeWideSNP_6_E10_781842	4	172989373	172989533	8	-1.6818
FOXED_p_TCGA_b122_128_SNP_N_GenomeWideSNP_6_E10_781842	4	172995979	173422522	231	0.0799
FOXED_p_TCGA_b122_128_SNP_N_GenomeWideSNP_6_E10_781842	4	173424947	173428643	7	1.0319
FOXED_p_TCGA_b122_128_SNP_N_GenomeWideSNP_6_E10_781842	4	173441132	185750840	8342	0.0542
FOXED_p_TCGA_b122_128_SNP_N_GenomeWideSNP_6_E10_781842	4	185753007	185759930	8	-0.8483
FOXED_p_TCGA_b122_128_SNP_N_GenomeWideSNP_6_E10_781842	4	185763293	190785565	3483	0.0787
FOXED_p_TCGA_b122_128_SNP_N_GenomeWideSNP_6_E10_781842	4	190791543	190792947	2	-1.2826
FOXED_p_TCGA_b122_128_SNP_N_GenomeWideSNP_6_E10_781842	4	190794060	191027923	60	0.1146
FOXED_p_TCGA_b122_128_SNP_N_GenomeWideSNP_6_E10_781842	5	15532	681302	305	0.2059
FOXED_p_TCGA_b122_128_SNP_N_GenomeWideSNP_6_E10_781842	5	685504	788060	36	-0.0664
FOXED_p_TCGA_b122_128_SNP_N_GenomeWideSNP_6_E10_781842	5	800686	21376844	15399	0.2445
FOXED_p_TCGA_b122_128_SNP_N_GenomeWideSNP_6_E10_781842	5	21377839	21377853	2	-1.4945
FOXED_p_TCGA_b122_128_SNP_N_GenomeWideSNP_6_E10_781842	5	21386066	21449276	45	0.3413
FOXED_p_TCGA_b122_128_SNP_N_GenomeWideSNP_6_E10_781842	5	21451200	21451998	4	-2.1198
FOXED_p_TCGA_b122_128_SNP_N_GenomeWideSNP_6_E10_781842	5	21452438	46251306	15038	0.2251
FOXED_p_TCGA_b122_128_SNP_N_GenomeWideSNP_6_E10_781842	5	46271008	46273502	8	1.5246
FOXED_p_TCGA_b122_128_SNP_N_GenomeWideSNP_6_E10_781842	5	46278212	49572718	48	0.1295
FOXED_p_TCGA_b122_128_SNP_N_GenomeWideSNP_6_E10_781842	5	49573125	53873836	2685	-0.125
FOXED_p_TCGA_b122_128_SNP_N_GenomeWideSNP_6_E10_781842	5	53873994	53874176	2	-1.5493
FOXED_p_TCGA_b122_128_SNP_N_GenomeWideSNP_6_E10_781842	5	53875569	57321646	2348	-0.1447
FOXED_p_TCGA_b122_128_SNP_N_GenomeWideSNP_6_E10_781842	5	57326027	57333533	32	1.5013
FOXED_p_TCGA_b122_128_SNP_N_GenomeWideSNP_6_E10_781842	5	57338357	103029306	26377	-0.1376
FOXED_p_TCGA_b122_128_SNP_N_GenomeWideSNP_6_E10_781842	5	103029523	103851221	506	-0.6081
FOXED_p_TCGA_b122_128_SNP_N_GenomeWideSNP_6_E10_781842	5	103860373	103860604	4	0.9423
FOXED_p_TCGA_b122_128_SNP_N_GenomeWideSNP_6_E10_781842	5	103861049	125014143	14418	-0.6497
FOXED_p_TCGA_b122_128_SNP_N_GenomeWideSNP_6_E10_781842	5	125017930	154609943	18435	-0.1359
FOXED_p_TCGA_b122_128_SNP_N_GenomeWideSNP_6_E10_781842	5	154610130	155476998	625	0.2446
FOXED_p_TCGA_b122_128_SNP_N_GenomeWideSNP_6_E10_781842	5	155478762	155482534	7	0.9089
FOXED_p_TCGA_b122_128_SNP_N_GenomeWideSNP_6_E10_781842	5	155482549	173202507	12428	0.2361
FOXED_p_TCGA_b122_128_SNP_N_GenomeWideSNP_6_E10_781842	5	173205058	173206216	7	-0.5523
FOXED_p_TCGA_b122_128_SNP_N_GenomeWideSNP_6_E10_781842	5	173206371	180378888	4228	0.2371
FOXED_p_TCGA_b122_128_SNP_N_GenomeWideSNP_6_E10_781842	5	180380203	180414465	12	1.0189
FOXED_p_TCGA_b122_128_SNP_N_GenomeWideSNP_6_E10_781842	5	180417207	180790320	176	0.2088
FOXED_p_TCGA_b122_128_SNP_N_GenomeWideSNP_6_E10_781842	6	149661	257353	102	0.2627
FOXED_p_TCGA_b122_128_SNP_N_GenomeWideSNP_6_E10_781842	6	258265	294837	22	0.5166
FOXED_p_TCGA_b122_128_SNP_N_GenomeWideSNP_6_E10_781842	6	302306	717875	344	0.2119
FOXED_p_TCGA_b122_128_SNP_N_GenomeWideSNP_6_E10_781842	6	720465	10685842	8047	-0.1268
FOXED_p_TCGA_b122_128_SNP_N_GenomeWideSNP_6_E10_781842	6	10687328	10687746	2	-1.4718
FOXED_p_TCGA_b122_128_SNP_N_GenomeWideSNP_6_E10_781842	6	10692521	13257222	1992	-0.1536
FOXED_p_TCGA_b122_128_SNP_N_GenomeWideSNP_6_E10_781842	6	13258648	19763653	4825	0.2371
FOXED_p_TCGA_b122_128_SNP_N_GenomeWideSNP_6_E10_781842	6	19773553	19790979	18	-0.5933
FOXED_p_TCGA_b122_128_SNP_N_GenomeWideSNP_6_E10_781842	6	19793675	28011652	5568	0.2277
FOXED_p_TCGA_b122_128_SNP_N_GenomeWideSNP_6_E10_781842	6	28018944	28021633	4	-0.7423
FOXED_p_TCGA_b122_128_SNP_N_GenomeWideSNP_6_E10_781842	6	28023751	29155749	439	0.1958
FOXED_p_TCGA_b122_128_SNP_N_GenomeWideSNP_6_E10_781842	6	29161435	29162840	2	1.3125
FOXED_p_TCGA_b122_128_SNP_N_GenomeWideSNP_6_E10_781842	6	29167575	29837188	396	0.262
FOXED_p_TCGA_b122_128_SNP_N_GenomeWideSNP_6_E10_781842	6	29837314	29849267	14	-0.7688
FOXED_p_TCGA_b122_128_SNP_N_GenomeWideSNP_6_E10_781842	6	29850196	31286305	676	0.2376
FOXED_p_TCGA_b122_128_SNP_N_GenomeWideSNP_6_E10_781842	6	31286531	31295953	6	-1.5876
FOXED_p_TCGA_b122_128_SNP_N_GenomeWideSNP_6_E10_781842	6	31295987	32690027	624	0.1995
FOXED_p_TCGA_b122_128_SNP_N_GenomeWideSNP_6_E10_781842	6	32690797	32690812	2	1.8328
FOXED_p_TCGA_b122_128_SNP_N_GenomeWideSNP_6_E10_781842	6	32690830	50892728	11492	0.2414
FOXED_p_TCGA_b122_128_SNP_N_GenomeWideSNP_6_E10_781842	6	50893251	50893291	2	1.6716
FOXED_p_TCGA_b122_128_SNP_N_GenomeWideSNP_6_E10_781842	6	50899273	51825717	676	0.2349
FOXED_p_TCGA_b122_128_SNP_N_GenomeWideSNP_6_E10_781842	6	51828150	67038046	7043	-0.1255
FOXED_p_TCGA_b122_128_SNP_N_GenomeWideSNP_6_E10_781842	6	67040913	67043192	7	0.618
FOXED_p_TCGA_b122_128_SNP_N_GenomeWideSNP_6_E10_781842	6	67043235	70173296	2158	-0.1437
FOXED_p_TCGA_b122_128_SNP_N_GenomeWideSNP_6_E10_781842	6	70178460	70182136	3	-1.3453
FOXED_p_TCGA_b122_128_SNP_N_GenomeWideSNP_6_E10_781842	6	70186272	70243021	42	-0.1375
FOXED_p_TCGA_b122_128_SNP_N_GenomeWideSNP_6_E10_781842	6	70251504	70252608	2	-1.6051
FOXED_p_TCGA_b122_128_SNP_N_GenomeWideSNP_6_E10_781842	6	70253307	74591858	2816	-0.1415
FOXED_p_TCGA_b122_128_SNP_N_GenomeWideSNP_6_E10_781842	6	74592225	74603619	13	0.708
FOXED_p_TCGA_b122_128_SNP_N_GenomeWideSNP_6_E10_781842	6	74603719	74707150	68	-0.1337
FOXED_p_TCGA_b122_128_SNP_N_GenomeWideSNP_6_E10_781842	6	74707377	74717021	4	0.9168
FOXED_p_TCGA_b122_128_SNP_N_GenomeWideSNP_6_E10_781842	6	74718793	77436532	1696	-0.1336
FOXED_p_TCGA_b122_128_SNP_N_GenomeWideSNP_6_E10_781842	6	77439868	77461073	22	0.3322
FOXED_p_TCGA_b122_128_SNP_N_GenomeWideSNP_6_E10_781842	6	77467931	78962889	979	-0.1343
FOXED_p_TCGA_b122_128_SNP_N_GenomeWideSNP_6_E10_781842	6	78969065	79035174	112	-0.8949
FOXED_p_TCGA_b122_128_SNP_N_GenomeWideSNP_6_E10_781842	6	79035185	97401968	11654	-0.1359
FOXED_p_TCGA_b122_128_SNP_N_GenomeWideSNP_6_E10_781842	6	97405519	97405877	2	-2.2694
FOXED_p_TCGA_b122_128_SNP_N_GenomeWideSNP_6_E10_781842	6	97405915	100681428	2052	-0.1501
FOXED_p_TCGA_b122_128_SNP_N_GenomeWideSNP_6_E10_781842	6	100685658	101927301	718	0.2372
FOXED_p_TCGA_b122_128_SNP_N_GenomeWideSNP_6_E10_781842	6	101932126	101945575	14	-0.2069
FOXED_p_TCGA_b122_128_SNP_N_GenomeWideSNP_6_E10_781842	6	101945722	106560435	2878	0.2303
FOXED_p_TCGA_b122_128_SNP_N_GenomeWideSNP_6_E10_781842	6	106562008	107511474	678	0.5245
FOXED_p_TCGA_b122_128_SNP_N_GenomeWideSNP_6_E10_781842	6	107514504	108013020	309	0.2257
FOXED_p_TCGA_b122_128_SNP_N_GenomeWideSNP_6_E10_781842	6	108017559	111361462	2056	-0.1517
FOXED_p_TCGA_b122_128_SNP_N_GenomeWideSNP_6_E10_781842	6	111365699	112629554	801	0.4919
FOXED_p_TCGA_b122_128_SNP_N_GenomeWideSNP_6_E10_781842	6	112634752	114953702	1496	-0.1466
FOXED_p_TCGA_b122_128_SNP_N_GenomeWideSNP_6_E10_781842	6	114963771	115053998	64	0.5415
FOXED_p_TCGA_b122_128_SNP_N_GenomeWideSNP_6_E10_781842	6	115054278	116105988	516	0.2307
FOXED_p_TCGA_b122_128_SNP_N_GenomeWideSNP_6_E10_781842	6	116107169	116311701	144	0.5194
FOXED_p_TCGA_b122_128_SNP_N_GenomeWideSNP_6_E10_781842	6	116314634	144434936	17862	-0.1479
FOXED_p_TCGA_b122_128_SNP_N_GenomeWideSNP_6_E10_781842	6	144440866	144495116	41	0.4901
FOXED_p_TCGA_b122_128_SNP_N_GenomeWideSNP_6_E10_781842	6	144495243	168385774	16701	-0.1448
FOXED_p_TCGA_b122_128_SNP_N_GenomeWideSNP_6_E10_781842	6	168386575	168389723	2	-1.9105
FOXED_p_TCGA_b122_128_SNP_N_GenomeWideSNP_6_E10_781842	6	168389848	171051005	1835	-0.1663
FOXED_p_TCGA_b122_128_SNP_N_GenomeWideSNP_6_E10_781842	7	43355	4674458	2521	0.2155
FOXED_p_TCGA_b122_128_SNP_N_GenomeWideSNP_6_E10_781842	7	4683776	4683874	3	-0.8892
FOXED_p_TCGA_b122_128_SNP_N_GenomeWideSNP_6_E10_781842	7	4685128	9215547	2941	0.2446
FOXED_p_TCGA_b122_128_SNP_N_GenomeWideSNP_6_E10_781842	7	9222669	9223721	6	-0.6227
FOXED_p_TCGA_b122_128_SNP_N_GenomeWideSNP_6_E10_781842	7	9226970	38287927	21985	0.2276
FOXED_p_TCGA_b122_128_SNP_N_GenomeWideSNP_6_E10_781842	7	38290693	38322918	19	0.67
FOXED_p_TCGA_b122_128_SNP_N_GenomeWideSNP_6_E10_781842	7	38323485	38387443	104	0.3822
FOXED_p_TCGA_b122_128_SNP_N_GenomeWideSNP_6_E10_781842	7	38391365	38400957	6	0.8595
FOXED_p_TCGA_b122_128_SNP_N_GenomeWideSNP_6_E10_781842	7	38402496	54380373	11018	0.2233
FOXED_p_TCGA_b122_128_SNP_N_GenomeWideSNP_6_E10_781842	7	54386505	54386517	6	0.9713
FOXED_p_TCGA_b122_128_SNP_N_GenomeWideSNP_6_E10_781842	7	54393488	55972995	1215	0.2212
FOXED_p_TCGA_b122_128_SNP_N_GenomeWideSNP_6_E10_781842	7	55974926	56401199	192	-0.0978
FOXED_p_TCGA_b122_128_SNP_N_GenomeWideSNP_6_E10_781842	7	56403069	56628158	77	0.2147
FOXED_p_TCGA_b122_128_SNP_N_GenomeWideSNP_6_E10_781842	7	56628880	57283789	211	-0.1137
FOXED_p_TCGA_b122_128_SNP_N_GenomeWideSNP_6_E10_781842	7	57288140	62296239	533	0.1989
FOXED_p_TCGA_b122_128_SNP_N_GenomeWideSNP_6_E10_781842	7	62324867	62325513	3	-0.5655
FOXED_p_TCGA_b122_128_SNP_N_GenomeWideSNP_6_E10_781842	7	62365192	62412262	26	0.4337
FOXED_p_TCGA_b122_128_SNP_N_GenomeWideSNP_6_E10_781842	7	62418968	62546567	69	-0.102
FOXED_p_TCGA_b122_128_SNP_N_GenomeWideSNP_6_E10_781842	7	62547285	62583866	28	0.2541
FOXED_p_TCGA_b122_128_SNP_N_GenomeWideSNP_6_E10_781842	7	62589161	64568852	786	-0.1416
FOXED_p_TCGA_b122_128_SNP_N_GenomeWideSNP_6_E10_781842	7	64594065	64638157	8	0.7817
FOXED_p_TCGA_b122_128_SNP_N_GenomeWideSNP_6_E10_781842	7	64651310	76074980	5332	-0.1174
FOXED_p_TCGA_b122_128_SNP_N_GenomeWideSNP_6_E10_781842	7	76108761	76550149	266	0.1448
FOXED_p_TCGA_b122_128_SNP_N_GenomeWideSNP_6_E10_781842	7	76550201	88965021	8041	-0.1282
FOXED_p_TCGA_b122_128_SNP_N_GenomeWideSNP_6_E10_781842	7	88966456	88966594	2	-1.4351
FOXED_p_TCGA_b122_128_SNP_N_GenomeWideSNP_6_E10_781842	7	88967797	97395460	5383	-0.1343
FOXED_p_TCGA_b122_128_SNP_N_GenomeWideSNP_6_E10_781842	7	97395462	97402475	15	-0.9685
FOXED_p_TCGA_b122_128_SNP_N_GenomeWideSNP_6_E10_781842	7	97404240	103404815	2644	-0.1149
FOXED_p_TCGA_b122_128_SNP_N_GenomeWideSNP_6_E10_781842	7	103410845	103504578	72	0.5361
FOXED_p_TCGA_b122_128_SNP_N_GenomeWideSNP_6_E10_781842	7	103511405	109038857	3660	-0.145
FOXED_p_TCGA_b122_128_SNP_N_GenomeWideSNP_6_E10_781842	7	109039061	109437669	272	0.2525
FOXED_p_TCGA_b122_128_SNP_N_GenomeWideSNP_6_E10_781842	7	109437673	109441244	16	0.5452
FOXED_p_TCGA_b122_128_SNP_N_GenomeWideSNP_6_E10_781842	7	109441629	109453982	11	1.1162
FOXED_p_TCGA_b122_128_SNP_N_GenomeWideSNP_6_E10_781842	7	109454229	110018277	366	0.2297
FOXED_p_TCGA_b122_128_SNP_N_GenomeWideSNP_6_E10_781842	7	110020954	112830343	1833	-0.1414
FOXED_p_TCGA_b122_128_SNP_N_GenomeWideSNP_6_E10_781842	7	112833369	113303258	220	0.2237
FOXED_p_TCGA_b122_128_SNP_N_GenomeWideSNP_6_E10_781842	7	113304460	118468031	3098	-0.1514
FOXED_p_TCGA_b122_128_SNP_N_GenomeWideSNP_6_E10_781842	7	118468611	120268080	956	0.516
FOXED_p_TCGA_b122_128_SNP_N_GenomeWideSNP_6_E10_781842	7	120278545	126287058	3743	-0.134
FOXED_p_TCGA_b122_128_SNP_N_GenomeWideSNP_6_E10_781842	7	126291876	126589351	202	0.2431
FOXED_p_TCGA_b122_128_SNP_N_GenomeWideSNP_6_E10_781842	7	126590852	133785309	4346	-0.1437
FOXED_p_TCGA_b122_128_SNP_N_GenomeWideSNP_6_E10_781842	7	133785340	133795634	22	-0.7374
FOXED_p_TCGA_b122_128_SNP_N_GenomeWideSNP_6_E10_781842	7	133795665	135082387	978	-0.1511
FOXED_p_TCGA_b122_128_SNP_N_GenomeWideSNP_6_E10_781842	7	135082600	135082947	2	-1.6594
FOXED_p_TCGA_b122_128_SNP_N_GenomeWideSNP_6_E10_781842	7	135083634	135685883	354	-0.1353
FOXED_p_TCGA_b122_128_SNP_N_GenomeWideSNP_6_E10_781842	7	135689375	142474939	4367	0.2442
FOXED_p_TCGA_b122_128_SNP_N_GenomeWideSNP_6_E10_781842	7	142476719	142486345	29	1.1337
FOXED_p_TCGA_b122_128_SNP_N_GenomeWideSNP_6_E10_781842	7	142486495	143931078	846	0.2382
FOXED_p_TCGA_b122_128_SNP_N_GenomeWideSNP_6_E10_781842	7	143931103	144050933	32	0.8162
FOXED_p_TCGA_b122_128_SNP_N_GenomeWideSNP_6_E10_781842	7	144051231	149508095	3469	0.2358
FOXED_p_TCGA_b122_128_SNP_N_GenomeWideSNP_6_E10_781842	7	149510062	154393171	2986	-0.1288
FOXED_p_TCGA_b122_128_SNP_N_GenomeWideSNP_6_E10_781842	7	154396107	154399613	3	1.3195
FOXED_p_TCGA_b122_128_SNP_N_GenomeWideSNP_6_E10_781842	7	154400830	159127004	3246	-0.1259
FOXED_p_TCGA_b122_128_SNP_N_GenomeWideSNP_6_E10_781842	8	31254	112796	3	0.1317
FOXED_p_TCGA_b122_128_SNP_N_GenomeWideSNP_6_E10_781842	8	113380	593041	323	-0.6667
FOXED_p_TCGA_b122_128_SNP_N_GenomeWideSNP_6_E10_781842	8	594944	595908	10	1.4603
FOXED_p_TCGA_b122_128_SNP_N_GenomeWideSNP_6_E10_781842	8	601043	6825852	7365	-0.6751
FOXED_p_TCGA_b122_128_SNP_N_GenomeWideSNP_6_E10_781842	8	6826263	6878188	21	-0.0047
FOXED_p_TCGA_b122_128_SNP_N_GenomeWideSNP_6_E10_781842	8	6878853	6925740	53	-0.6973
FOXED_p_TCGA_b122_128_SNP_N_GenomeWideSNP_6_E10_781842	8	6933758	7978187	259	-0.4411
FOXED_p_TCGA_b122_128_SNP_N_GenomeWideSNP_6_E10_781842	8	7989963	7997181	5	-1.5755
FOXED_p_TCGA_b122_128_SNP_N_GenomeWideSNP_6_E10_781842	8	8002373	8017932	9	-0.3454
FOXED_p_TCGA_b122_128_SNP_N_GenomeWideSNP_6_E10_781842	8	8018036	8087144	8	0.2144
FOXED_p_TCGA_b122_128_SNP_N_GenomeWideSNP_6_E10_781842	8	8092025	11934660	3216	-0.6673
FOXED_p_TCGA_b122_128_SNP_N_GenomeWideSNP_6_E10_781842	8	11949551	12377443	97	-0.2608
FOXED_p_TCGA_b122_128_SNP_N_GenomeWideSNP_6_E10_781842	8	12377478	15292962	2675	-0.6467
FOXED_p_TCGA_b122_128_SNP_N_GenomeWideSNP_6_E10_781842	8	15293931	15302403	5	-2.459
FOXED_p_TCGA_b122_128_SNP_N_GenomeWideSNP_6_E10_781842	8	15305131	18665202	3022	-0.6326
FOXED_p_TCGA_b122_128_SNP_N_GenomeWideSNP_6_E10_781842	8	18665492	18665739	4	-2.5858
FOXED_p_TCGA_b122_128_SNP_N_GenomeWideSNP_6_E10_781842	8	18668483	24974522	4730	-0.6404
FOXED_p_TCGA_b122_128_SNP_N_GenomeWideSNP_6_E10_781842	8	24974577	24984250	23	-1.7126
FOXED_p_TCGA_b122_128_SNP_N_GenomeWideSNP_6_E10_781842	8	24991104	34808776	6655	-0.6437
FOXED_p_TCGA_b122_128_SNP_N_GenomeWideSNP_6_E10_781842	8	34817581	112291494	44517	0.7131
FOXED_p_TCGA_b122_128_SNP_N_GenomeWideSNP_6_E10_781842	8	112294279	112295245	9	-1.3321
FOXED_p_TCGA_b122_128_SNP_N_GenomeWideSNP_6_E10_781842	8	112295260	144309792	22313	0.7077
FOXED_p_TCGA_b122_128_SNP_N_GenomeWideSNP_6_E10_781842	8	144309825	144310617	8	0.0822
FOXED_p_TCGA_b122_128_SNP_N_GenomeWideSNP_6_E10_781842	8	144314377	144699157	119	0.7425
FOXED_p_TCGA_b122_128_SNP_N_GenomeWideSNP_6_E10_781842	8	144705157	144707808	9	-0.409
FOXED_p_TCGA_b122_128_SNP_N_GenomeWideSNP_6_E10_781842	8	144718989	146298155	506	0.7209
FOXED_p_TCGA_b122_128_SNP_N_GenomeWideSNP_6_E10_781842	9	46587	6695986	6396	0.2295
FOXED_p_TCGA_b122_128_SNP_N_GenomeWideSNP_6_E10_781842	9	6701145	6712314	8	-0.641
FOXED_p_TCGA_b122_128_SNP_N_GenomeWideSNP_6_E10_781842	9	6715049	7335136	656	0.2481
FOXED_p_TCGA_b122_128_SNP_N_GenomeWideSNP_6_E10_781842	9	7337984	7346029	8	-0.3629
FOXED_p_TCGA_b122_128_SNP_N_GenomeWideSNP_6_E10_781842	9	7346924	44629223	24435	0.2375
FOXED_p_TCGA_b122_128_SNP_N_GenomeWideSNP_6_E10_781842	9	44727859	44855737	36	-0.9995
FOXED_p_TCGA_b122_128_SNP_N_GenomeWideSNP_6_E10_781842	9	44866028	46113402	69	0.198
FOXED_p_TCGA_b122_128_SNP_N_GenomeWideSNP_6_E10_781842	9	46136080	46210382	4	1.2593
FOXED_p_TCGA_b122_128_SNP_N_GenomeWideSNP_6_E10_781842	9	46294329	79770510	6829	0.2367
FOXED_p_TCGA_b122_128_SNP_N_GenomeWideSNP_6_E10_781842	9	79770629	79777404	27	0.7823
FOXED_p_TCGA_b122_128_SNP_N_GenomeWideSNP_6_E10_781842	9	79786128	90522594	7703	0.2328
FOXED_p_TCGA_b122_128_SNP_N_GenomeWideSNP_6_E10_781842	9	90554151	90554219	2	1.4621
FOXED_p_TCGA_b122_128_SNP_N_GenomeWideSNP_6_E10_781842	9	90557957	112824866	15574	0.2301
FOXED_p_TCGA_b122_128_SNP_N_GenomeWideSNP_6_E10_781842	9	112830219	112830614	3	-0.9075
FOXED_p_TCGA_b122_128_SNP_N_GenomeWideSNP_6_E10_781842	9	112831532	121318471	6542	0.2346
FOXED_p_TCGA_b122_128_SNP_N_GenomeWideSNP_6_E10_781842	9	121318847	121321132	6	-0.5401
FOXED_p_TCGA_b122_128_SNP_N_GenomeWideSNP_6_E10_781842	9	121321292	141091394	11681	0.2346
FOXED_p_TCGA_b122_128_SNP_N_GenomeWideSNP_6_E10_781842	10	72759	6411071	5426	-0.1029
FOXED_p_TCGA_b122_128_SNP_N_GenomeWideSNP_6_E10_781842	10	6411215	6411481	6	0.8984
FOXED_p_TCGA_b122_128_SNP_N_GenomeWideSNP_6_E10_781842	10	6418754	17859443	9457	-0.1123
FOXED_p_TCGA_b122_128_SNP_N_GenomeWideSNP_6_E10_781842	10	17880968	17949857	6	-1.1234
FOXED_p_TCGA_b122_128_SNP_N_GenomeWideSNP_6_E10_781842	10	17971816	24377674	4362	-0.1027
FOXED_p_TCGA_b122_128_SNP_N_GenomeWideSNP_6_E10_781842	10	24377675	24378054	10	0.7067
FOXED_p_TCGA_b122_128_SNP_N_GenomeWideSNP_6_E10_781842	10	24378908	28603464	2948	-0.0985
FOXED_p_TCGA_b122_128_SNP_N_GenomeWideSNP_6_E10_781842	10	28604362	28604910	2	-1.4341
FOXED_p_TCGA_b122_128_SNP_N_GenomeWideSNP_6_E10_781842	10	28606743	46543857	9377	-0.1036
FOXED_p_TCGA_b122_128_SNP_N_GenomeWideSNP_6_E10_781842	10	46585050	46946708	11	0.6078
FOXED_p_TCGA_b122_128_SNP_N_GenomeWideSNP_6_E10_781842	10	46946732	47414281	168	0.1534
FOXED_p_TCGA_b122_128_SNP_N_GenomeWideSNP_6_E10_781842	10	47419711	47948060	197	0.4925
FOXED_p_TCGA_b122_128_SNP_N_GenomeWideSNP_6_E10_781842	10	47960476	49731201	577	-0.1053
FOXED_p_TCGA_b122_128_SNP_N_GenomeWideSNP_6_E10_781842	10	49732975	49732988	2	-2.0443
FOXED_p_TCGA_b122_128_SNP_N_GenomeWideSNP_6_E10_781842	10	49733261	51822399	1188	-0.1217
FOXED_p_TCGA_b122_128_SNP_N_GenomeWideSNP_6_E10_781842	10	51830360	51891920	5	-2.0371
FOXED_p_TCGA_b122_128_SNP_N_GenomeWideSNP_6_E10_781842	10	51903768	67306276	11029	-0.0953
FOXED_p_TCGA_b122_128_SNP_N_GenomeWideSNP_6_E10_781842	10	67307923	67314446	28	-0.8426
FOXED_p_TCGA_b122_128_SNP_N_GenomeWideSNP_6_E10_781842	10	67322795	135506704	46342	-0.1023
FOXED_p_TCGA_b122_128_SNP_N_GenomeWideSNP_6_E10_781842	11	198510	4970243	2482	0.4813
FOXED_p_TCGA_b122_128_SNP_N_GenomeWideSNP_6_E10_781842	11	4970277	4976272	28	1.2586
FOXED_p_TCGA_b122_128_SNP_N_GenomeWideSNP_6_E10_781842	11	4976334	5520975	552	0.4688
FOXED_p_TCGA_b122_128_SNP_N_GenomeWideSNP_6_E10_781842	11	5522151	5522564	6	-0.4913
FOXED_p_TCGA_b122_128_SNP_N_GenomeWideSNP_6_E10_781842	11	5523593	6117976	519	0.4859
FOXED_p_TCGA_b122_128_SNP_N_GenomeWideSNP_6_E10_781842	11	6120647	6122094	2	-1.5312
FOXED_p_TCGA_b122_128_SNP_N_GenomeWideSNP_6_E10_781842	11	6122503	18940856	9183	0.4813
FOXED_p_TCGA_b122_128_SNP_N_GenomeWideSNP_6_E10_781842	11	18940870	18961178	41	1.0834
FOXED_p_TCGA_b122_128_SNP_N_GenomeWideSNP_6_E10_781842	11	18961281	49689323	21090	0.4755
FOXED_p_TCGA_b122_128_SNP_N_GenomeWideSNP_6_E10_781842	11	49690073	49758273	28	-0.0185
FOXED_p_TCGA_b122_128_SNP_N_GenomeWideSNP_6_E10_781842	11	49758466	51126742	374	0.4756
FOXED_p_TCGA_b122_128_SNP_N_GenomeWideSNP_6_E10_781842	11	51127104	51337089	51	-0.592
FOXED_p_TCGA_b122_128_SNP_N_GenomeWideSNP_6_E10_781842	11	51337161	51564427	94	0.4781
FOXED_p_TCGA_b122_128_SNP_N_GenomeWideSNP_6_E10_781842	11	54701645	55183671	113	-0.5339
FOXED_p_TCGA_b122_128_SNP_N_GenomeWideSNP_6_E10_781842	11	55184504	55185034	3	-2.4042
FOXED_p_TCGA_b122_128_SNP_N_GenomeWideSNP_6_E10_781842	11	55186435	55363340	123	-0.5672
FOXED_p_TCGA_b122_128_SNP_N_GenomeWideSNP_6_E10_781842	11	55374032	55429973	42	0.875
FOXED_p_TCGA_b122_128_SNP_N_GenomeWideSNP_6_E10_781842	11	55431064	55838787	307	0.5846
FOXED_p_TCGA_b122_128_SNP_N_GenomeWideSNP_6_E10_781842	11	55839018	55848921	7	-0.2013
FOXED_p_TCGA_b122_128_SNP_N_GenomeWideSNP_6_E10_781842	11	55848978	56584268	458	0.4859
FOXED_p_TCGA_b122_128_SNP_N_GenomeWideSNP_6_E10_781842	11	56586574	64542901	4358	-0.6125
FOXED_p_TCGA_b122_128_SNP_N_GenomeWideSNP_6_E10_781842	11	64550353	65472377	322	0.005
FOXED_p_TCGA_b122_128_SNP_N_GenomeWideSNP_6_E10_781842	11	65475129	70894255	2545	-0.6243
FOXED_p_TCGA_b122_128_SNP_N_GenomeWideSNP_6_E10_781842	11	70895313	70896432	2	-2.5624
FOXED_p_TCGA_b122_128_SNP_N_GenomeWideSNP_6_E10_781842	11	70898023	71326953	316	-0.6385
FOXED_p_TCGA_b122_128_SNP_N_GenomeWideSNP_6_E10_781842	11	71334383	71536872	60	-0.3269
FOXED_p_TCGA_b122_128_SNP_N_GenomeWideSNP_6_E10_781842	11	71539003	71544011	3	-1.1092
FOXED_p_TCGA_b122_128_SNP_N_GenomeWideSNP_6_E10_781842	11	71550003	71550092	2	-2.7524
FOXED_p_TCGA_b122_128_SNP_N_GenomeWideSNP_6_E10_781842	11	71551602	79967513	4893	-0.6281
FOXED_p_TCGA_b122_128_SNP_N_GenomeWideSNP_6_E10_781842	11	79967548	79967564	2	-2.5565
FOXED_p_TCGA_b122_128_SNP_N_GenomeWideSNP_6_E10_781842	11	79967686	80893331	764	-0.6269
FOXED_p_TCGA_b122_128_SNP_N_GenomeWideSNP_6_E10_781842	11	80893489	80893664	2	-2.6995
FOXED_p_TCGA_b122_128_SNP_N_GenomeWideSNP_6_E10_781842	11	80893881	85423654	3096	-0.6231
FOXED_p_TCGA_b122_128_SNP_N_GenomeWideSNP_6_E10_781842	11	85425856	85434069	4	-1.8511
FOXED_p_TCGA_b122_128_SNP_N_GenomeWideSNP_6_E10_781842	11	85436852	89326853	2680	-0.6078
FOXED_p_TCGA_b122_128_SNP_N_GenomeWideSNP_6_E10_781842	11	89328536	89548892	84	-0.2838
FOXED_p_TCGA_b122_128_SNP_N_GenomeWideSNP_6_E10_781842	11	89550224	116402750	18737	-0.6304
FOXED_p_TCGA_b122_128_SNP_N_GenomeWideSNP_6_E10_781842	11	116403116	116407490	4	-2.4854
FOXED_p_TCGA_b122_128_SNP_N_GenomeWideSNP_6_E10_781842	11	116407583	134944770	13691	-0.6397
FOXED_p_TCGA_b122_128_SNP_N_GenomeWideSNP_6_E10_781842	12	150442	2235889	1267	-0.1433
FOXED_p_TCGA_b122_128_SNP_N_GenomeWideSNP_6_E10_781842	12	2245862	2257920	41	-1.1964
FOXED_p_TCGA_b122_128_SNP_N_GenomeWideSNP_6_E10_781842	12	2258023	9633870	4899	-0.1359
FOXED_p_TCGA_b122_128_SNP_N_GenomeWideSNP_6_E10_781842	12	9637909	9728292	24	-1.3876
FOXED_p_TCGA_b122_128_SNP_N_GenomeWideSNP_6_E10_781842	12	9734969	20652111	7469	-0.1319
FOXED_p_TCGA_b122_128_SNP_N_GenomeWideSNP_6_E10_781842	12	20652685	20652722	2	-2.0971
FOXED_p_TCGA_b122_128_SNP_N_GenomeWideSNP_6_E10_781842	12	20656965	33301561	9189	-0.1393
FOXED_p_TCGA_b122_128_SNP_N_GenomeWideSNP_6_E10_781842	12	33301640	33301807	2	1.2995
FOXED_p_TCGA_b122_128_SNP_N_GenomeWideSNP_6_E10_781842	12	33302013	34697615	789	-0.093
FOXED_p_TCGA_b122_128_SNP_N_GenomeWideSNP_6_E10_781842	12	34697639	43798776	3624	0.211
FOXED_p_TCGA_b122_128_SNP_N_GenomeWideSNP_6_E10_781842	12	43799653	47983096	2500	-0.1635
FOXED_p_TCGA_b122_128_SNP_N_GenomeWideSNP_6_E10_781842	12	47987988	72359418	14951	0.2027
FOXED_p_TCGA_b122_128_SNP_N_GenomeWideSNP_6_E10_781842	12	72359990	75242261	1704	-0.1634
FOXED_p_TCGA_b122_128_SNP_N_GenomeWideSNP_6_E10_781842	12	75244615	75642160	250	0.2116
FOXED_p_TCGA_b122_128_SNP_N_GenomeWideSNP_6_E10_781842	12	75645937	79260899	2472	-0.163
FOXED_p_TCGA_b122_128_SNP_N_GenomeWideSNP_6_E10_781842	12	79263289	79416662	103	0.2259
FOXED_p_TCGA_b122_128_SNP_N_GenomeWideSNP_6_E10_781842	12	79421897	80321430	501	-0.1358
FOXED_p_TCGA_b122_128_SNP_N_GenomeWideSNP_6_E10_781842	12	80321564	80480742	104	0.2136
FOXED_p_TCGA_b122_128_SNP_N_GenomeWideSNP_6_E10_781842	12	80481985	82947188	1524	-0.18
FOXED_p_TCGA_b122_128_SNP_N_GenomeWideSNP_6_E10_781842	12	82947681	88249848	3124	0.1963
FOXED_p_TCGA_b122_128_SNP_N_GenomeWideSNP_6_E10_781842	12	88257561	90482843	1307	-0.1784
FOXED_p_TCGA_b122_128_SNP_N_GenomeWideSNP_6_E10_781842	12	90483347	90493657	13	0.2878
FOXED_p_TCGA_b122_128_SNP_N_GenomeWideSNP_6_E10_781842	12	90493697	93380834	1950	-0.1967
FOXED_p_TCGA_b122_128_SNP_N_GenomeWideSNP_6_E10_781842	12	93381001	111312090	12021	0.198
FOXED_p_TCGA_b122_128_SNP_N_GenomeWideSNP_6_E10_781842	12	111315357	111315866	2	-1.2538
FOXED_p_TCGA_b122_128_SNP_N_GenomeWideSNP_6_E10_781842	12	111319724	126922269	10151	0.2061
FOXED_p_TCGA_b122_128_SNP_N_GenomeWideSNP_6_E10_781842	12	126922650	126959779	41	-0.0495
FOXED_p_TCGA_b122_128_SNP_N_GenomeWideSNP_6_E10_781842	12	126960579	127122217	122	0.1692
FOXED_p_TCGA_b122_128_SNP_N_GenomeWideSNP_6_E10_781842	12	127122279	127166227	31	-0.0712
FOXED_p_TCGA_b122_128_SNP_N_GenomeWideSNP_6_E10_781842	12	127166702	127574060	369	0.2141
FOXED_p_TCGA_b122_128_SNP_N_GenomeWideSNP_6_E10_781842	12	127575693	127585588	6	-0.8393
FOXED_p_TCGA_b122_128_SNP_N_GenomeWideSNP_6_E10_781842	12	127585854	128251006	588	0.2142
FOXED_p_TCGA_b122_128_SNP_N_GenomeWideSNP_6_E10_781842	12	128251619	129591683	1208	-0.1887
FOXED_p_TCGA_b122_128_SNP_N_GenomeWideSNP_6_E10_781842	12	129593289	130000586	400	0.2126
FOXED_p_TCGA_b122_128_SNP_N_GenomeWideSNP_6_E10_781842	12	130003490	130003594	2	-2.6845
FOXED_p_TCGA_b122_128_SNP_N_GenomeWideSNP_6_E10_781842	12	130003770	131726045	1406	0.1999
FOXED_p_TCGA_b122_128_SNP_N_GenomeWideSNP_6_E10_781842	12	131727385	131733483	6	-0.2837
FOXED_p_TCGA_b122_128_SNP_N_GenomeWideSNP_6_E10_781842	12	131734048	131751870	30	0.2182
FOXED_p_TCGA_b122_128_SNP_N_GenomeWideSNP_6_E10_781842	12	131752171	131808599	33	-0.0443
FOXED_p_TCGA_b122_128_SNP_N_GenomeWideSNP_6_E10_781842	12	131810848	133778189	900	0.206
FOXED_p_TCGA_b122_128_SNP_N_GenomeWideSNP_6_E10_781842	13	19026949	19314519	70	-0.3545
FOXED_p_TCGA_b122_128_SNP_N_GenomeWideSNP_6_E10_781842	13	19315173	23629187	2828	-0.1141
FOXED_p_TCGA_b122_128_SNP_N_GenomeWideSNP_6_E10_781842	13	23629210	23633515	13	-0.7579
FOXED_p_TCGA_b122_128_SNP_N_GenomeWideSNP_6_E10_781842	13	23638195	26007352	1808	-0.1152
FOXED_p_TCGA_b122_128_SNP_N_GenomeWideSNP_6_E10_781842	13	26008144	36058038	7366	0.2351
FOXED_p_TCGA_b122_128_SNP_N_GenomeWideSNP_6_E10_781842	13	36058066	39140220	2258	-0.1224
FOXED_p_TCGA_b122_128_SNP_N_GenomeWideSNP_6_E10_781842	13	39141015	39207462	54	0.2058
FOXED_p_TCGA_b122_128_SNP_N_GenomeWideSNP_6_E10_781842	13	39207475	39294814	57	-0.1229
FOXED_p_TCGA_b122_128_SNP_N_GenomeWideSNP_6_E10_781842	13	39296920	39313501	18	0.3041
FOXED_p_TCGA_b122_128_SNP_N_GenomeWideSNP_6_E10_781842	13	39313659	39343822	26	-0.167
FOXED_p_TCGA_b122_128_SNP_N_GenomeWideSNP_6_E10_781842	13	39343925	39427656	58	0.3054
FOXED_p_TCGA_b122_128_SNP_N_GenomeWideSNP_6_E10_781842	13	39428381	39472882	42	-0.0375
FOXED_p_TCGA_b122_128_SNP_N_GenomeWideSNP_6_E10_781842	13	39473257	39474111	3	-0.7014
FOXED_p_TCGA_b122_128_SNP_N_GenomeWideSNP_6_E10_781842	13	39474135	39529226	45	0.2278
FOXED_p_TCGA_b122_128_SNP_N_GenomeWideSNP_6_E10_781842	13	39532041	40445409	710	-0.1209
FOXED_p_TCGA_b122_128_SNP_N_GenomeWideSNP_6_E10_781842	13	40451632	40507799	41	0.2104
FOXED_p_TCGA_b122_128_SNP_N_GenomeWideSNP_6_E10_781842	13	40511139	50855108	6851	-0.122
FOXED_p_TCGA_b122_128_SNP_N_GenomeWideSNP_6_E10_781842	13	50855283	50881275	13	0.4951
FOXED_p_TCGA_b122_128_SNP_N_GenomeWideSNP_6_E10_781842	13	50885250	52106263	803	-0.0917
FOXED_p_TCGA_b122_128_SNP_N_GenomeWideSNP_6_E10_781842	13	52125529	52195001	39	0.2745
FOXED_p_TCGA_b122_128_SNP_N_GenomeWideSNP_6_E10_781842	13	52200893	52409220	102	-0.125
FOXED_p_TCGA_b122_128_SNP_N_GenomeWideSNP_6_E10_781842	13	52409237	53094799	300	0.2531
FOXED_p_TCGA_b122_128_SNP_N_GenomeWideSNP_6_E10_781842	13	53097984	53105785	3	1.1275
FOXED_p_TCGA_b122_128_SNP_N_GenomeWideSNP_6_E10_781842	13	53117879	62068438	5297	0.2352
FOXED_p_TCGA_b122_128_SNP_N_GenomeWideSNP_6_E10_781842	13	62071208	65112430	1706	-0.104
FOXED_p_TCGA_b122_128_SNP_N_GenomeWideSNP_6_E10_781842	13	65113646	65300453	112	0.2348
FOXED_p_TCGA_b122_128_SNP_N_GenomeWideSNP_6_E10_781842	13	65300551	72476988	4557	-0.117
FOXED_p_TCGA_b122_128_SNP_N_GenomeWideSNP_6_E10_781842	13	72477555	72480556	4	-3.0984
FOXED_p_TCGA_b122_128_SNP_N_GenomeWideSNP_6_E10_781842	13	72480605	72655622	145	-0.1162
FOXED_p_TCGA_b122_128_SNP_N_GenomeWideSNP_6_E10_781842	13	72656240	75805151	2277	0.2571
FOXED_p_TCGA_b122_128_SNP_N_GenomeWideSNP_6_E10_781842	13	75809210	88344137	7983	-0.122
FOXED_p_TCGA_b122_128_SNP_N_GenomeWideSNP_6_E10_781842	13	88345397	88653075	165	0.2071
FOXED_p_TCGA_b122_128_SNP_N_GenomeWideSNP_6_E10_781842	13	88661447	91098155	1491	-0.1253
FOXED_p_TCGA_b122_128_SNP_N_GenomeWideSNP_6_E10_781842	13	91099465	91195864	52	0.2399
FOXED_p_TCGA_b122_128_SNP_N_GenomeWideSNP_6_E10_781842	13	91197264	93813199	1716	-0.1329
FOXED_p_TCGA_b122_128_SNP_N_GenomeWideSNP_6_E10_781842	13	93813492	93813753	2	0.9205
FOXED_p_TCGA_b122_128_SNP_N_GenomeWideSNP_6_E10_781842	13	93814026	95593435	1323	-0.131
FOXED_p_TCGA_b122_128_SNP_N_GenomeWideSNP_6_E10_781842	13	95595376	95617410	24	0.2464
FOXED_p_TCGA_b122_128_SNP_N_GenomeWideSNP_6_E10_781842	13	95618150	98270722	1624	-0.1004
FOXED_p_TCGA_b122_128_SNP_N_GenomeWideSNP_6_E10_781842	13	98271386	98315394	28	0.2353
FOXED_p_TCGA_b122_128_SNP_N_GenomeWideSNP_6_E10_781842	13	98325973	108106314	7575	-0.1101
FOXED_p_TCGA_b122_128_SNP_N_GenomeWideSNP_6_E10_781842	13	108107823	108320984	207	0.2586
FOXED_p_TCGA_b122_128_SNP_N_GenomeWideSNP_6_E10_781842	13	108321309	111523586	2605	-0.1053
FOXED_p_TCGA_b122_128_SNP_N_GenomeWideSNP_6_E10_781842	13	111526645	115108397	1949	0.2603
FOXED_p_TCGA_b122_128_SNP_N_GenomeWideSNP_6_E10_781842	14	19002124	19068806	4	-0.0912
FOXED_p_TCGA_b122_128_SNP_N_GenomeWideSNP_6_E10_781842	14	19078706	20203898	84	-0.5019
FOXED_p_TCGA_b122_128_SNP_N_GenomeWideSNP_6_E10_781842	14	20210997	20425509	102	-0.8735
FOXED_p_TCGA_b122_128_SNP_N_GenomeWideSNP_6_E10_781842	14	20425860	22978775	1888	-0.53
FOXED_p_TCGA_b122_128_SNP_N_GenomeWideSNP_6_E10_781842	14	22983223	22993720	4	-2.1096
FOXED_p_TCGA_b122_128_SNP_N_GenomeWideSNP_6_E10_781842	14	22995108	26783903	2474	-0.5767
FOXED_p_TCGA_b122_128_SNP_N_GenomeWideSNP_6_E10_781842	14	26783911	26783918	7	0.5669
FOXED_p_TCGA_b122_128_SNP_N_GenomeWideSNP_6_E10_781842	14	26784913	26827168	15	-0.6462
FOXED_p_TCGA_b122_128_SNP_N_GenomeWideSNP_6_E10_781842	14	26829271	26833082	2	-2.2215
FOXED_p_TCGA_b122_128_SNP_N_GenomeWideSNP_6_E10_781842	14	26833832	34510446	4872	-0.5854
FOXED_p_TCGA_b122_128_SNP_N_GenomeWideSNP_6_E10_781842	14	34510450	41610496	4376	-0.0825
FOXED_p_TCGA_b122_128_SNP_N_GenomeWideSNP_6_E10_781842	14	41610690	41657249	13	-0.8677
FOXED_p_TCGA_b122_128_SNP_N_GenomeWideSNP_6_E10_781842	14	41657349	43061914	897	-0.1268
FOXED_p_TCGA_b122_128_SNP_N_GenomeWideSNP_6_E10_781842	14	43064028	43076214	7	-1.8221
FOXED_p_TCGA_b122_128_SNP_N_GenomeWideSNP_6_E10_781842	14	43083557	57130403	8899	-0.0968
FOXED_p_TCGA_b122_128_SNP_N_GenomeWideSNP_6_E10_781842	14	57130787	57130977	2	-1.5116
FOXED_p_TCGA_b122_128_SNP_N_GenomeWideSNP_6_E10_781842	14	57141867	63808684	4276	-0.0988
FOXED_p_TCGA_b122_128_SNP_N_GenomeWideSNP_6_E10_781842	14	63809172	63809872	2	-1.4279
FOXED_p_TCGA_b122_128_SNP_N_GenomeWideSNP_6_E10_781842	14	63811169	73995774	6416	-0.0927
FOXED_p_TCGA_b122_128_SNP_N_GenomeWideSNP_6_E10_781842	14	74001123	74020979	9	0.8253
FOXED_p_TCGA_b122_128_SNP_N_GenomeWideSNP_6_E10_781842	14	74029900	86284754	8177	-0.105
FOXED_p_TCGA_b122_128_SNP_N_GenomeWideSNP_6_E10_781842	14	86286312	86312173	15	-0.9638
FOXED_p_TCGA_b122_128_SNP_N_GenomeWideSNP_6_E10_781842	14	86316135	106538062	12635	-0.0975
FOXED_p_TCGA_b122_128_SNP_N_GenomeWideSNP_6_E10_781842	14	106541753	106567100	13	0.8901
FOXED_p_TCGA_b122_128_SNP_N_GenomeWideSNP_6_E10_781842	14	106569463	107285437	417	-0.0548
FOXED_p_TCGA_b122_128_SNP_N_GenomeWideSNP_6_E10_781842	15	20016328	76891511	34330	-0.5725
FOXED_p_TCGA_b122_128_SNP_N_GenomeWideSNP_6_E10_781842	15	76891627	76895344	13	-2.3445
FOXED_p_TCGA_b122_128_SNP_N_GenomeWideSNP_6_E10_781842	15	76895767	84932938	4627	-0.5645
FOXED_p_TCGA_b122_128_SNP_N_GenomeWideSNP_6_E10_781842	15	84933300	84943204	4	0.6012
FOXED_p_TCGA_b122_128_SNP_N_GenomeWideSNP_6_E10_781842	15	84945448	102469040	13038	-0.5759
FOXED_p_TCGA_b122_128_SNP_N_GenomeWideSNP_6_E10_781842	16	60777	1253529	419	-0.1184
FOXED_p_TCGA_b122_128_SNP_N_GenomeWideSNP_6_E10_781842	16	1254369	1272472	2	-1.8459
FOXED_p_TCGA_b122_128_SNP_N_GenomeWideSNP_6_E10_781842	16	1273291	13128258	9489	-0.0946
FOXED_p_TCGA_b122_128_SNP_N_GenomeWideSNP_6_E10_781842	16	13128308	13128399	2	-2.037
FOXED_p_TCGA_b122_128_SNP_N_GenomeWideSNP_6_E10_781842	16	13130274	19944363	3624	-0.0902
FOXED_p_TCGA_b122_128_SNP_N_GenomeWideSNP_6_E10_781842	16	19945650	19965875	28	-2.9069
FOXED_p_TCGA_b122_128_SNP_N_GenomeWideSNP_6_E10_781842	16	19967362	20057900	69	-0.108
FOXED_p_TCGA_b122_128_SNP_N_GenomeWideSNP_6_E10_781842	16	20058773	20059083	3	-2.4789
FOXED_p_TCGA_b122_128_SNP_N_GenomeWideSNP_6_E10_781842	16	20059677	32013278	6448	-0.1001
FOXED_p_TCGA_b122_128_SNP_N_GenomeWideSNP_6_E10_781842	16	32024412	32588622	90	0.1801
FOXED_p_TCGA_b122_128_SNP_N_GenomeWideSNP_6_E10_781842	16	32588901	32588909	5	1.0647
FOXED_p_TCGA_b122_128_SNP_N_GenomeWideSNP_6_E10_781842	16	32609274	32655295	24	0.3388
FOXED_p_TCGA_b122_128_SNP_N_GenomeWideSNP_6_E10_781842	16	32655523	33442890	74	0.0672
FOXED_p_TCGA_b122_128_SNP_N_GenomeWideSNP_6_E10_781842	16	33446480	33643399	69	0.3485
FOXED_p_TCGA_b122_128_SNP_N_GenomeWideSNP_6_E10_781842	16	33644022	55784826	6983	-0.0807
FOXED_p_TCGA_b122_128_SNP_N_GenomeWideSNP_6_E10_781842	16	55789570	55816646	24	-0.4791
FOXED_p_TCGA_b122_128_SNP_N_GenomeWideSNP_6_E10_781842	16	55816705	70139542	8773	-0.0847
FOXED_p_TCGA_b122_128_SNP_N_GenomeWideSNP_6_E10_781842	16	70151527	70197767	13	0.4468
FOXED_p_TCGA_b122_128_SNP_N_GenomeWideSNP_6_E10_781842	16	70198330	70839075	269	-0.0746
FOXED_p_TCGA_b122_128_SNP_N_GenomeWideSNP_6_E10_781842	16	70839157	71201073	142	0.2628
FOXED_p_TCGA_b122_128_SNP_N_GenomeWideSNP_6_E10_781842	16	71202489	74397058	2021	-0.0703
FOXED_p_TCGA_b122_128_SNP_N_GenomeWideSNP_6_E10_781842	16	74397987	74456601	8	0.6642
FOXED_p_TCGA_b122_128_SNP_N_GenomeWideSNP_6_E10_781842	16	74465396	75242729	475	-0.0787
FOXED_p_TCGA_b122_128_SNP_N_GenomeWideSNP_6_E10_781842	16	75246042	75248767	3	-1.0808
FOXED_p_TCGA_b122_128_SNP_N_GenomeWideSNP_6_E10_781842	16	75252306	78376377	2741	-0.075
FOXED_p_TCGA_b122_128_SNP_N_GenomeWideSNP_6_E10_781842	16	78376711	78384738	9	0.8867
FOXED_p_TCGA_b122_128_SNP_N_GenomeWideSNP_6_E10_781842	16	78384765	83053629	5130	-0.1121
FOXED_p_TCGA_b122_128_SNP_N_GenomeWideSNP_6_E10_781842	16	83055432	83056144	2	-1.6809
FOXED_p_TCGA_b122_128_SNP_N_GenomeWideSNP_6_E10_781842	16	83057341	90287535	5518	-0.0998
FOXED_p_TCGA_b122_128_SNP_N_GenomeWideSNP_6_E10_781842	17	526	12895815	7930	-0.6274
FOXED_p_TCGA_b122_128_SNP_N_GenomeWideSNP_6_E10_781842	17	12895855	12895984	2	-2.9917
FOXED_p_TCGA_b122_128_SNP_N_GenomeWideSNP_6_E10_781842	17	12899463	14569980	1358	-0.642
FOXED_p_TCGA_b122_128_SNP_N_GenomeWideSNP_6_E10_781842	17	14574359	14574644	2	-3.0273
FOXED_p_TCGA_b122_128_SNP_N_GenomeWideSNP_6_E10_781842	17	14576452	18319862	2133	-0.6191
FOXED_p_TCGA_b122_128_SNP_N_GenomeWideSNP_6_E10_781842	17	18355392	18474646	31	0.1831
FOXED_p_TCGA_b122_128_SNP_N_GenomeWideSNP_6_E10_781842	17	18496306	18935523	171	-0.6161
FOXED_p_TCGA_b122_128_SNP_N_GenomeWideSNP_6_E10_781842	17	18950867	19130231	14	-1.4061
FOXED_p_TCGA_b122_128_SNP_N_GenomeWideSNP_6_E10_781842	17	19149286	22219197	1356	-0.5691
FOXED_p_TCGA_b122_128_SNP_N_GenomeWideSNP_6_E10_781842	17	22219568	34426245	5368	-0.1237
FOXED_p_TCGA_b122_128_SNP_N_GenomeWideSNP_6_E10_781842	17	34428415	34475544	40	0.1888
FOXED_p_TCGA_b122_128_SNP_N_GenomeWideSNP_6_E10_781842	17	34476282	44208144	5117	-0.1054
FOXED_p_TCGA_b122_128_SNP_N_GenomeWideSNP_6_E10_781842	17	44208333	44752300	140	-0.6021
FOXED_p_TCGA_b122_128_SNP_N_GenomeWideSNP_6_E10_781842	17	44764994	81049726	21626	-0.1106
FOXED_p_TCGA_b122_128_SNP_N_GenomeWideSNP_6_E10_781842	18	11543	97829	10	0.1546
FOXED_p_TCGA_b122_128_SNP_N_GenomeWideSNP_6_E10_781842	18	99048	15402408	10450	0.7486
FOXED_p_TCGA_b122_128_SNP_N_GenomeWideSNP_6_E10_781842	18	18529353	21885769	1774	-0.6007
FOXED_p_TCGA_b122_128_SNP_N_GenomeWideSNP_6_E10_781842	18	21886823	21886874	2	-2.488
FOXED_p_TCGA_b122_128_SNP_N_GenomeWideSNP_6_E10_781842	18	21887587	26193428	2882	-0.6164
FOXED_p_TCGA_b122_128_SNP_N_GenomeWideSNP_6_E10_781842	18	26193536	26196130	4	-2.0739
FOXED_p_TCGA_b122_128_SNP_N_GenomeWideSNP_6_E10_781842	18	26196632	28771843	1563	-0.6014
FOXED_p_TCGA_b122_128_SNP_N_GenomeWideSNP_6_E10_781842	18	28772137	31175818	1628	-0.0912
FOXED_p_TCGA_b122_128_SNP_N_GenomeWideSNP_6_E10_781842	18	31179142	31179445	2	-0.9073
FOXED_p_TCGA_b122_128_SNP_N_GenomeWideSNP_6_E10_781842	18	31187706	35301898	2566	-1.3754
FOXED_p_TCGA_b122_128_SNP_N_GenomeWideSNP_6_E10_781842	18	35301927	35305514	6	-5.2741
FOXED_p_TCGA_b122_128_SNP_N_GenomeWideSNP_6_E10_781842	18	35305576	51546255	10931	-1.4302
FOXED_p_TCGA_b122_128_SNP_N_GenomeWideSNP_6_E10_781842	18	51546955	51547251	2	-7.5064
FOXED_p_TCGA_b122_128_SNP_N_GenomeWideSNP_6_E10_781842	18	51548455	61173390	6483	-1.4408
FOXED_p_TCGA_b122_128_SNP_N_GenomeWideSNP_6_E10_781842	18	61173831	61173945	2	-7.5123
FOXED_p_TCGA_b122_128_SNP_N_GenomeWideSNP_6_E10_781842	18	61174043	63199565	1356	-1.3931
FOXED_p_TCGA_b122_128_SNP_N_GenomeWideSNP_6_E10_781842	18	63199950	63204534	21	-0.4241
FOXED_p_TCGA_b122_128_SNP_N_GenomeWideSNP_6_E10_781842	18	63204576	65013103	1254	-1.3191
FOXED_p_TCGA_b122_128_SNP_N_GenomeWideSNP_6_E10_781842	18	65013441	65014135	3	-6.854
FOXED_p_TCGA_b122_128_SNP_N_GenomeWideSNP_6_E10_781842	18	65014149	66377627	1051	-1.436
FOXED_p_TCGA_b122_128_SNP_N_GenomeWideSNP_6_E10_781842	18	66378705	66381894	8	-4.8761
FOXED_p_TCGA_b122_128_SNP_N_GenomeWideSNP_6_E10_781842	18	66382654	78015057	8300	-1.5157
FOXED_p_TCGA_b122_128_SNP_N_GenomeWideSNP_6_E10_781842	19	90910	232496	4	-0.3509
FOXED_p_TCGA_b122_128_SNP_N_GenomeWideSNP_6_E10_781842	19	255564	20829591	9122	0.2442
FOXED_p_TCGA_b122_128_SNP_N_GenomeWideSNP_6_E10_781842	19	20830034	20986315	94	0.7878
FOXED_p_TCGA_b122_128_SNP_N_GenomeWideSNP_6_E10_781842	19	20996860	21153058	83	0.2653
FOXED_p_TCGA_b122_128_SNP_N_GenomeWideSNP_6_E10_781842	19	21153079	21153474	2	-1.3574
FOXED_p_TCGA_b122_128_SNP_N_GenomeWideSNP_6_E10_781842	19	21154168	21710955	313	0.2208
FOXED_p_TCGA_b122_128_SNP_N_GenomeWideSNP_6_E10_781842	19	21717303	21721674	2	-1.3008
FOXED_p_TCGA_b122_128_SNP_N_GenomeWideSNP_6_E10_781842	19	21722305	35024183	6628	0.2484
FOXED_p_TCGA_b122_128_SNP_N_GenomeWideSNP_6_E10_781842	19	35027632	36439225	896	-0.1031
FOXED_p_TCGA_b122_128_SNP_N_GenomeWideSNP_6_E10_781842	19	36444363	36473119	15	0.6423
FOXED_p_TCGA_b122_128_SNP_N_GenomeWideSNP_6_E10_781842	19	36477110	36555844	36	0.2588
FOXED_p_TCGA_b122_128_SNP_N_GenomeWideSNP_6_E10_781842	19	36562670	37014170	220	-0.0836
FOXED_p_TCGA_b122_128_SNP_N_GenomeWideSNP_6_E10_781842	19	37015887	37016325	2	-1.7098
FOXED_p_TCGA_b122_128_SNP_N_GenomeWideSNP_6_E10_781842	19	37017796	42689009	2929	-0.1278
FOXED_p_TCGA_b122_128_SNP_N_GenomeWideSNP_6_E10_781842	19	42696015	42696698	2	-1.5365
FOXED_p_TCGA_b122_128_SNP_N_GenomeWideSNP_6_E10_781842	19	42700528	43290773	242	-0.0736
FOXED_p_TCGA_b122_128_SNP_N_GenomeWideSNP_6_E10_781842	19	43294390	43542831	114	-1.3051
FOXED_p_TCGA_b122_128_SNP_N_GenomeWideSNP_6_E10_781842	19	43549014	52131813	4265	-0.1146
FOXED_p_TCGA_b122_128_SNP_N_GenomeWideSNP_6_E10_781842	19	52142352	52148197	11	-0.9351
FOXED_p_TCGA_b122_128_SNP_N_GenomeWideSNP_6_E10_781842	19	52154905	56282535	2534	-0.1385
FOXED_p_TCGA_b122_128_SNP_N_GenomeWideSNP_6_E10_781842	19	56283029	56283067	2	-2.3894
FOXED_p_TCGA_b122_128_SNP_N_GenomeWideSNP_6_E10_781842	19	56286293	56706514	320	-0.1105
FOXED_p_TCGA_b122_128_SNP_N_GenomeWideSNP_6_E10_781842	19	56709265	56741027	24	0.3265
FOXED_p_TCGA_b122_128_SNP_N_GenomeWideSNP_6_E10_781842	19	56743681	58940514	1451	-0.1426
FOXED_p_TCGA_b122_128_SNP_N_GenomeWideSNP_6_E10_781842	19	58943408	58944375	2	-3.9432
FOXED_p_TCGA_b122_128_SNP_N_GenomeWideSNP_6_E10_781842	19	58946056	59097854	52	-0.1596
FOXED_p_TCGA_b122_128_SNP_N_GenomeWideSNP_6_E10_781842	20	61305	1560999	1207	0.2396
FOXED_p_TCGA_b122_128_SNP_N_GenomeWideSNP_6_E10_781842	20	1561580	1593893	41	1.6292
FOXED_p_TCGA_b122_128_SNP_N_GenomeWideSNP_6_E10_781842	20	1597946	26305579	18826	0.258
FOXED_p_TCGA_b122_128_SNP_N_GenomeWideSNP_6_E10_781842	20	29420352	29498271	21	-0.3054
FOXED_p_TCGA_b122_128_SNP_N_GenomeWideSNP_6_E10_781842	20	29505830	59595746	20692	0.2508
FOXED_p_TCGA_b122_128_SNP_N_GenomeWideSNP_6_E10_781842	20	59596057	59601570	3	-0.6459
FOXED_p_TCGA_b122_128_SNP_N_GenomeWideSNP_6_E10_781842	20	59602351	60532397	742	0.2465
FOXED_p_TCGA_b122_128_SNP_N_GenomeWideSNP_6_E10_781842	20	60533512	60533615	3	1.0208
FOXED_p_TCGA_b122_128_SNP_N_GenomeWideSNP_6_E10_781842	20	60533715	60548170	10	0.2926
FOXED_p_TCGA_b122_128_SNP_N_GenomeWideSNP_6_E10_781842	20	60559028	60559084	3	-0.9849
FOXED_p_TCGA_b122_128_SNP_N_GenomeWideSNP_6_E10_781842	20	60567750	62871658	940	0.2555
FOXED_p_TCGA_b122_128_SNP_N_GenomeWideSNP_6_E10_781842	20	62871952	62872259	2	-1.3294
FOXED_p_TCGA_b122_128_SNP_N_GenomeWideSNP_6_E10_781842	20	62874259	62916068	31	0.1786
FOXED_p_TCGA_b122_128_SNP_N_GenomeWideSNP_6_E10_781842	20	62954695	62956153	5	-0.634
FOXED_p_TCGA_b122_128_SNP_N_GenomeWideSNP_6_E10_781842	21	10736871	10900473	14	-0.0616
FOXED_p_TCGA_b122_128_SNP_N_GenomeWideSNP_6_E10_781842	21	10905259	14364531	101	-0.3944
FOXED_p_TCGA_b122_128_SNP_N_GenomeWideSNP_6_E10_781842	21	14369127	20442654	3945	-0.0663
FOXED_p_TCGA_b122_128_SNP_N_GenomeWideSNP_6_E10_781842	21	20448286	20448316	2	-1.9955
FOXED_p_TCGA_b122_128_SNP_N_GenomeWideSNP_6_E10_781842	21	20448465	23780846	2502	-0.1084
FOXED_p_TCGA_b122_128_SNP_N_GenomeWideSNP_6_E10_781842	21	23782708	23785485	2	-1.4755
FOXED_p_TCGA_b122_128_SNP_N_GenomeWideSNP_6_E10_781842	21	23786939	44968053	16091	-0.069
FOXED_p_TCGA_b122_128_SNP_N_GenomeWideSNP_6_E10_781842	21	44970873	44972812	2	-2.3238
FOXED_p_TCGA_b122_128_SNP_N_GenomeWideSNP_6_E10_781842	21	44973667	48096957	1765	-0.1146
FOXED_p_TCGA_b122_128_SNP_N_GenomeWideSNP_6_E10_781842	22	16052528	20204505	2096	-0.213
FOXED_p_TCGA_b122_128_SNP_N_GenomeWideSNP_6_E10_781842	22	20204791	20204924	2	-1.9853
FOXED_p_TCGA_b122_128_SNP_N_GenomeWideSNP_6_E10_781842	22	20205333	24271692	2489	-0.2106
FOXED_p_TCGA_b122_128_SNP_N_GenomeWideSNP_6_E10_781842	22	24271745	24330218	27	0.1823
FOXED_p_TCGA_b122_128_SNP_N_GenomeWideSNP_6_E10_781842	22	24330269	24332933	4	-1.7163
FOXED_p_TCGA_b122_128_SNP_N_GenomeWideSNP_6_E10_781842	22	24337307	24396814	22	0.3062
FOXED_p_TCGA_b122_128_SNP_N_GenomeWideSNP_6_E10_781842	22	24401529	32541123	5848	-0.1935
FOXED_p_TCGA_b122_128_SNP_N_GenomeWideSNP_6_E10_781842	22	32546946	32554985	3	-1.9906
FOXED_p_TCGA_b122_128_SNP_N_GenomeWideSNP_6_E10_781842	22	32558547	34173406	1425	-0.1888
FOXED_p_TCGA_b122_128_SNP_N_GenomeWideSNP_6_E10_781842	22	34174947	34174985	4	0.7583
FOXED_p_TCGA_b122_128_SNP_N_GenomeWideSNP_6_E10_781842	22	34181422	36533942	1932	-0.1784
FOXED_p_TCGA_b122_128_SNP_N_GenomeWideSNP_6_E10_781842	22	36538377	36541725	5	-1.1367
FOXED_p_TCGA_b122_128_SNP_N_GenomeWideSNP_6_E10_781842	22	36541825	49268700	8474	-0.192
FOXED_p_TCGA_b122_128_SNP_N_GenomeWideSNP_6_E10_781842	22	49269923	49270542	2	-2.0529
FOXED_p_TCGA_b122_128_SNP_N_GenomeWideSNP_6_E10_781842	22	49273291	51234455	1235	-0.2917
FOXED_p_TCGA_b122_128_SNP_N_GenomeWideSNP_6_E10_781842	X	168477	33702417	21116	0.3996
FOXED_p_TCGA_b122_128_SNP_N_GenomeWideSNP_6_E10_781842	X	33706109	37853761	2439	-0.1222
FOXED_p_TCGA_b122_128_SNP_N_GenomeWideSNP_6_E10_781842	X	37854365	37854449	2	-2.7353
FOXED_p_TCGA_b122_128_SNP_N_GenomeWideSNP_6_E10_781842	X	37854520	51443139	7244	-0.1263
FOXED_p_TCGA_b122_128_SNP_N_GenomeWideSNP_6_E10_781842	X	51450903	52394867	270	0.7643
FOXED_p_TCGA_b122_128_SNP_N_GenomeWideSNP_6_E10_781842	X	52573822	57630827	2289	-0.0884
FOXED_p_TCGA_b122_128_SNP_N_GenomeWideSNP_6_E10_781842	X	57635870	62450445	467	0.7836
FOXED_p_TCGA_b122_128_SNP_N_GenomeWideSNP_6_E10_781842	X	62457637	62481576	12	1.4517
FOXED_p_TCGA_b122_128_SNP_N_GenomeWideSNP_6_E10_781842	X	62487609	62505868	10	0.9401
FOXED_p_TCGA_b122_128_SNP_N_GenomeWideSNP_6_E10_781842	X	62517002	76601483	6332	-0.0938
FOXED_p_TCGA_b122_128_SNP_N_GenomeWideSNP_6_E10_781842	X	76604042	78329568	551	0.3818
FOXED_p_TCGA_b122_128_SNP_N_GenomeWideSNP_6_E10_781842	X	78333342	78564463	150	-0.1315
FOXED_p_TCGA_b122_128_SNP_N_GenomeWideSNP_6_E10_781842	X	78567015	78625834	57	0.4418
FOXED_p_TCGA_b122_128_SNP_N_GenomeWideSNP_6_E10_781842	X	78625953	89561638	6222	-0.1178
FOXED_p_TCGA_b122_128_SNP_N_GenomeWideSNP_6_E10_781842	X	89561929	90234901	219	0.3521
FOXED_p_TCGA_b122_128_SNP_N_GenomeWideSNP_6_E10_781842	X	90244659	140988232	28385	-0.1229
FOXED_p_TCGA_b122_128_SNP_N_GenomeWideSNP_6_E10_781842	X	140988445	141003473	11	-0.9309
FOXED_p_TCGA_b122_128_SNP_N_GenomeWideSNP_6_E10_781842	X	141004516	155182354	8787	-0.1363
FOXED_p_TCGA_b122_128_SNP_N_GenomeWideSNP_6_E10_781842	Y	2650438	2985595	152	-2.9127
FOXED_p_TCGA_b122_128_SNP_N_GenomeWideSNP_6_E10_781842	Y	2985939	6110498	722	-2.4545
FOXED_p_TCGA_b122_128_SNP_N_GenomeWideSNP_6_E10_781842	Y	6112554	6281935	76	-4.0961
FOXED_p_TCGA_b122_128_SNP_N_GenomeWideSNP_6_E10_781842	Y	6282097	19063565	4473	-2.9711
FOXED_p_TCGA_b122_128_SNP_N_GenomeWideSNP_6_E10_781842	Y	19068122	19291648	96	-3.6134
FOXED_p_TCGA_b122_128_SNP_N_GenomeWideSNP_6_E10_781842	Y	19297985	19571480	144	-2.7986
FOXED_p_TCGA_b122_128_SNP_N_GenomeWideSNP_6_E10_781842	Y	19574890	21088297	704	-3.5832
FOXED_p_TCGA_b122_128_SNP_N_GenomeWideSNP_6_E10_781842	Y	21088485	23653771	978	-3.0349
FOXED_p_TCGA_b122_128_SNP_N_GenomeWideSNP_6_E10_781842	Y	23683731	23690350	2	-8.8048
FOXED_p_TCGA_b122_128_SNP_N_GenomeWideSNP_6_E10_781842	Y	23715701	23981777	107	-2.9446
FOXED_p_TCGA_b122_128_SNP_N_GenomeWideSNP_6_E10_781842	Y	23982659	26427522	532	-3.4809
FOXED_p_TCGA_b122_128_SNP_N_GenomeWideSNP_6_E10_781842	Y	26430674	26510575	27	-2.1801
FOXED_p_TCGA_b122_128_SNP_N_GenomeWideSNP_6_E10_781842	Y	26510799	26630929	10	-3.2064
FOXED_p_TCGA_b122_128_SNP_N_GenomeWideSNP_6_E10_781842	Y	26631228	27240184	79	-4.312
FOXED_p_TCGA_b122_128_SNP_N_GenomeWideSNP_6_E10_781842	Y	27254679	27529084	40	-2.3224
FOXED_p_TCGA_b122_128_SNP_N_GenomeWideSNP_6_E10_781842	Y	27535030	27600323	21	-3.8403
FOXED_p_TCGA_b122_128_SNP_N_GenomeWideSNP_6_E10_781842	Y	27601827	27720551	37	-2.5019
FOXED_p_TCGA_b122_128_SNP_N_GenomeWideSNP_6_E10_781842	Y	27721084	28423938	251	-3.6902
FOXED_p_TCGA_b122_128_SNP_N_GenomeWideSNP_6_E10_781842	Y	28438116	59018259	183	-2.5556
