Sample	Chromosome	Start	End	Num_Probes	Segment_Mean
PRION_p_TCGAb_410_11_12_13_NSP_GenomeWideSNP_6_B05_1486624	1	61735	8997148	4498	-0.1416
PRION_p_TCGAb_410_11_12_13_NSP_GenomeWideSNP_6_B05_1486624	1	9001487	9018931	20	-0.7751
PRION_p_TCGAb_410_11_12_13_NSP_GenomeWideSNP_6_B05_1486624	1	9027391	10246654	594	-0.1104
PRION_p_TCGAb_410_11_12_13_NSP_GenomeWideSNP_6_B05_1486624	1	10249962	10249963	2	-1.7622
PRION_p_TCGAb_410_11_12_13_NSP_GenomeWideSNP_6_B05_1486624	1	10249977	16869363	3594	-0.0899
PRION_p_TCGAb_410_11_12_13_NSP_GenomeWideSNP_6_B05_1486624	1	16871278	17005978	45	0.2367
PRION_p_TCGAb_410_11_12_13_NSP_GenomeWideSNP_6_B05_1486624	1	17011450	17012785	13	1.0425
PRION_p_TCGAb_410_11_12_13_NSP_GenomeWideSNP_6_B05_1486624	1	17016177	17048479	22	0.4311
PRION_p_TCGAb_410_11_12_13_NSP_GenomeWideSNP_6_B05_1486624	1	17056457	17177965	22	-0.3325
PRION_p_TCGAb_410_11_12_13_NSP_GenomeWideSNP_6_B05_1486624	1	17182437	17262247	64	0.2086
PRION_p_TCGAb_410_11_12_13_NSP_GenomeWideSNP_6_B05_1486624	1	17276241	17383149	56	-0.2057
PRION_p_TCGAb_410_11_12_13_NSP_GenomeWideSNP_6_B05_1486624	1	17385241	18475411	810	-0.5188
PRION_p_TCGAb_410_11_12_13_NSP_GenomeWideSNP_6_B05_1486624	1	18475427	18480497	10	-1.291
PRION_p_TCGAb_410_11_12_13_NSP_GenomeWideSNP_6_B05_1486624	1	18481944	22319001	2454	-0.4769
PRION_p_TCGAb_410_11_12_13_NSP_GenomeWideSNP_6_B05_1486624	1	22320515	22330539	6	-4.612
PRION_p_TCGAb_410_11_12_13_NSP_GenomeWideSNP_6_B05_1486624	1	22337243	72768498	30722	-0.4416
PRION_p_TCGAb_410_11_12_13_NSP_GenomeWideSNP_6_B05_1486624	1	72768916	72811148	46	0.5118
PRION_p_TCGAb_410_11_12_13_NSP_GenomeWideSNP_6_B05_1486624	1	72811904	95346830	14660	-0.4246
PRION_p_TCGAb_410_11_12_13_NSP_GenomeWideSNP_6_B05_1486624	1	95347280	104157317	5395	-0.0672
PRION_p_TCGAb_410_11_12_13_NSP_GenomeWideSNP_6_B05_1486624	1	104157336	104163499	5	-1.0237
PRION_p_TCGAb_410_11_12_13_NSP_GenomeWideSNP_6_B05_1486624	1	104163787	106019205	947	-0.0975
PRION_p_TCGAb_410_11_12_13_NSP_GenomeWideSNP_6_B05_1486624	1	106019236	106022375	16	-2.2584
PRION_p_TCGAb_410_11_12_13_NSP_GenomeWideSNP_6_B05_1486624	1	106024055	111377368	3521	-0.0683
PRION_p_TCGAb_410_11_12_13_NSP_GenomeWideSNP_6_B05_1486624	1	111377565	111388226	38	-0.9694
PRION_p_TCGAb_410_11_12_13_NSP_GenomeWideSNP_6_B05_1486624	1	111392067	120139494	5873	-0.0607
PRION_p_TCGAb_410_11_12_13_NSP_GenomeWideSNP_6_B05_1486624	1	120139622	120140023	3	-1.5684
PRION_p_TCGAb_410_11_12_13_NSP_GenomeWideSNP_6_B05_1486624	1	120145474	148661634	1566	-0.0701
PRION_p_TCGAb_410_11_12_13_NSP_GenomeWideSNP_6_B05_1486624	1	148661875	149248712	158	0.356
PRION_p_TCGAb_410_11_12_13_NSP_GenomeWideSNP_6_B05_1486624	1	149248727	155661227	3331	-0.0864
PRION_p_TCGAb_410_11_12_13_NSP_GenomeWideSNP_6_B05_1486624	1	155661971	155663357	2	-2.6221
PRION_p_TCGAb_410_11_12_13_NSP_GenomeWideSNP_6_B05_1486624	1	155666961	161408556	3672	-0.0661
PRION_p_TCGAb_410_11_12_13_NSP_GenomeWideSNP_6_B05_1486624	1	161409213	161638513	83	-0.3284
PRION_p_TCGAb_410_11_12_13_NSP_GenomeWideSNP_6_B05_1486624	1	161648237	164120948	1941	-0.0599
PRION_p_TCGAb_410_11_12_13_NSP_GenomeWideSNP_6_B05_1486624	1	164121497	164126825	2	-1.3917
PRION_p_TCGAb_410_11_12_13_NSP_GenomeWideSNP_6_B05_1486624	1	164127511	169216937	4063	-0.0606
PRION_p_TCGAb_410_11_12_13_NSP_GenomeWideSNP_6_B05_1486624	1	169233974	169241766	7	-2.7154
PRION_p_TCGAb_410_11_12_13_NSP_GenomeWideSNP_6_B05_1486624	1	169242401	180895157	7584	-0.067
PRION_p_TCGAb_410_11_12_13_NSP_GenomeWideSNP_6_B05_1486624	1	180895240	180896902	2	-2.4917
PRION_p_TCGAb_410_11_12_13_NSP_GenomeWideSNP_6_B05_1486624	1	180898984	196714873	10606	-0.075
PRION_p_TCGAb_410_11_12_13_NSP_GenomeWideSNP_6_B05_1486624	1	196727850	196732086	4	0.9339
PRION_p_TCGAb_410_11_12_13_NSP_GenomeWideSNP_6_B05_1486624	1	196738623	196802002	88	0.1792
PRION_p_TCGAb_410_11_12_13_NSP_GenomeWideSNP_6_B05_1486624	1	196802072	225659217	19395	-0.0773
PRION_p_TCGAb_410_11_12_13_NSP_GenomeWideSNP_6_B05_1486624	1	225659815	225673293	15	-0.5518
PRION_p_TCGAb_410_11_12_13_NSP_GenomeWideSNP_6_B05_1486624	1	225673516	226048672	221	-0.092
PRION_p_TCGAb_410_11_12_13_NSP_GenomeWideSNP_6_B05_1486624	1	226050503	226056578	5	-1.1595
PRION_p_TCGAb_410_11_12_13_NSP_GenomeWideSNP_6_B05_1486624	1	226056913	228497183	1424	-0.0881
PRION_p_TCGAb_410_11_12_13_NSP_GenomeWideSNP_6_B05_1486624	1	228497470	228702618	81	-0.346
PRION_p_TCGAb_410_11_12_13_NSP_GenomeWideSNP_6_B05_1486624	1	228703289	231988124	2292	-0.0763
PRION_p_TCGAb_410_11_12_13_NSP_GenomeWideSNP_6_B05_1486624	1	231991131	231991691	2	-1.478
PRION_p_TCGAb_410_11_12_13_NSP_GenomeWideSNP_6_B05_1486624	1	231992493	240391740	6555	-0.0827
PRION_p_TCGAb_410_11_12_13_NSP_GenomeWideSNP_6_B05_1486624	1	240394015	240394139	6	-2.5513
PRION_p_TCGAb_410_11_12_13_NSP_GenomeWideSNP_6_B05_1486624	1	240396105	248162950	5451	-0.0868
PRION_p_TCGAb_410_11_12_13_NSP_GenomeWideSNP_6_B05_1486624	1	248163188	248171576	3	-1.9254
PRION_p_TCGAb_410_11_12_13_NSP_GenomeWideSNP_6_B05_1486624	1	248173453	249224388	472	-0.0934
PRION_p_TCGAb_410_11_12_13_NSP_GenomeWideSNP_6_B05_1486624	2	12784	4913643	3606	0.1301
PRION_p_TCGAb_410_11_12_13_NSP_GenomeWideSNP_6_B05_1486624	2	4913700	4914111	6	-0.6819
PRION_p_TCGAb_410_11_12_13_NSP_GenomeWideSNP_6_B05_1486624	2	4915059	34691069	20491	0.1891
PRION_p_TCGAb_410_11_12_13_NSP_GenomeWideSNP_6_B05_1486624	2	34699315	34708650	8	0.9904
PRION_p_TCGAb_410_11_12_13_NSP_GenomeWideSNP_6_B05_1486624	2	34710728	34723027	26	0.3947
PRION_p_TCGAb_410_11_12_13_NSP_GenomeWideSNP_6_B05_1486624	2	34723090	34737163	13	0.85
PRION_p_TCGAb_410_11_12_13_NSP_GenomeWideSNP_6_B05_1486624	2	34737556	35975973	876	0.2097
PRION_p_TCGAb_410_11_12_13_NSP_GenomeWideSNP_6_B05_1486624	2	35977790	35987916	6	-1.9427
PRION_p_TCGAb_410_11_12_13_NSP_GenomeWideSNP_6_B05_1486624	2	35987947	38373552	1922	0.2333
PRION_p_TCGAb_410_11_12_13_NSP_GenomeWideSNP_6_B05_1486624	2	38374567	38375096	2	-1.1267
PRION_p_TCGAb_410_11_12_13_NSP_GenomeWideSNP_6_B05_1486624	2	38375771	40608371	1522	0.2077
PRION_p_TCGAb_410_11_12_13_NSP_GenomeWideSNP_6_B05_1486624	2	40612784	40614668	4	-1.1018
PRION_p_TCGAb_410_11_12_13_NSP_GenomeWideSNP_6_B05_1486624	2	40617820	48790603	5871	0.207
PRION_p_TCGAb_410_11_12_13_NSP_GenomeWideSNP_6_B05_1486624	2	48790727	48790866	2	-1.2338
PRION_p_TCGAb_410_11_12_13_NSP_GenomeWideSNP_6_B05_1486624	2	48794844	51492867	1989	0.1963
PRION_p_TCGAb_410_11_12_13_NSP_GenomeWideSNP_6_B05_1486624	2	51500296	51510144	3	-0.7995
PRION_p_TCGAb_410_11_12_13_NSP_GenomeWideSNP_6_B05_1486624	2	51510187	52741737	845	0.19
PRION_p_TCGAb_410_11_12_13_NSP_GenomeWideSNP_6_B05_1486624	2	52743925	52790140	43	-0.2411
PRION_p_TCGAb_410_11_12_13_NSP_GenomeWideSNP_6_B05_1486624	2	52790493	53248330	395	0.1815
PRION_p_TCGAb_410_11_12_13_NSP_GenomeWideSNP_6_B05_1486624	2	53250235	53250786	3	-1.0225
PRION_p_TCGAb_410_11_12_13_NSP_GenomeWideSNP_6_B05_1486624	2	53254100	98025647	23666	0.1917
PRION_p_TCGAb_410_11_12_13_NSP_GenomeWideSNP_6_B05_1486624	2	98063372	98162189	12	0.9631
PRION_p_TCGAb_410_11_12_13_NSP_GenomeWideSNP_6_B05_1486624	2	98166878	106874722	5573	0.1941
PRION_p_TCGAb_410_11_12_13_NSP_GenomeWideSNP_6_B05_1486624	2	106880095	106881633	4	-0.9063
PRION_p_TCGAb_410_11_12_13_NSP_GenomeWideSNP_6_B05_1486624	2	106883229	106885357	8	-2.5269
PRION_p_TCGAb_410_11_12_13_NSP_GenomeWideSNP_6_B05_1486624	2	106887255	118957759	6700	0.1947
PRION_p_TCGAb_410_11_12_13_NSP_GenomeWideSNP_6_B05_1486624	2	118959620	118959680	2	-1.2966
PRION_p_TCGAb_410_11_12_13_NSP_GenomeWideSNP_6_B05_1486624	2	118960974	130793883	7640	0.1927
PRION_p_TCGAb_410_11_12_13_NSP_GenomeWideSNP_6_B05_1486624	2	130795379	130817339	2	-1.8063
PRION_p_TCGAb_410_11_12_13_NSP_GenomeWideSNP_6_B05_1486624	2	130817360	132219998	449	0.1401
PRION_p_TCGAb_410_11_12_13_NSP_GenomeWideSNP_6_B05_1486624	2	132221406	132226368	5	-1.1365
PRION_p_TCGAb_410_11_12_13_NSP_GenomeWideSNP_6_B05_1486624	2	132226792	133046772	273	0.1599
PRION_p_TCGAb_410_11_12_13_NSP_GenomeWideSNP_6_B05_1486624	2	133049047	133121946	29	0.7941
PRION_p_TCGAb_410_11_12_13_NSP_GenomeWideSNP_6_B05_1486624	2	133122139	146864583	8844	0.1574
PRION_p_TCGAb_410_11_12_13_NSP_GenomeWideSNP_6_B05_1486624	2	146865079	146877806	20	0.835
PRION_p_TCGAb_410_11_12_13_NSP_GenomeWideSNP_6_B05_1486624	2	146878395	164636852	10593	0.196
PRION_p_TCGAb_410_11_12_13_NSP_GenomeWideSNP_6_B05_1486624	2	164643488	164645126	5	-0.915
PRION_p_TCGAb_410_11_12_13_NSP_GenomeWideSNP_6_B05_1486624	2	164646642	186813997	13881	0.2055
PRION_p_TCGAb_410_11_12_13_NSP_GenomeWideSNP_6_B05_1486624	2	186814820	187061480	138	-0.3631
PRION_p_TCGAb_410_11_12_13_NSP_GenomeWideSNP_6_B05_1486624	2	187062083	194987693	4413	0.2072
PRION_p_TCGAb_410_11_12_13_NSP_GenomeWideSNP_6_B05_1486624	2	194987867	194989558	2	-1.0266
PRION_p_TCGAb_410_11_12_13_NSP_GenomeWideSNP_6_B05_1486624	2	194989600	213171260	10998	0.2062
PRION_p_TCGAb_410_11_12_13_NSP_GenomeWideSNP_6_B05_1486624	2	213171295	213191369	35	0.4779
PRION_p_TCGAb_410_11_12_13_NSP_GenomeWideSNP_6_B05_1486624	2	213191418	236749943	15297	0.1884
PRION_p_TCGAb_410_11_12_13_NSP_GenomeWideSNP_6_B05_1486624	2	236751087	236754400	2	-2.2986
PRION_p_TCGAb_410_11_12_13_NSP_GenomeWideSNP_6_B05_1486624	2	236755574	239895782	2021	0.1787
PRION_p_TCGAb_410_11_12_13_NSP_GenomeWideSNP_6_B05_1486624	2	239896286	240025761	81	-0.0823
PRION_p_TCGAb_410_11_12_13_NSP_GenomeWideSNP_6_B05_1486624	2	240026474	243089456	1666	0.1366
PRION_p_TCGAb_410_11_12_13_NSP_GenomeWideSNP_6_B05_1486624	3	60345	16652897	13251	-0.0611
PRION_p_TCGAb_410_11_12_13_NSP_GenomeWideSNP_6_B05_1486624	3	16656331	16657702	3	-1.5101
PRION_p_TCGAb_410_11_12_13_NSP_GenomeWideSNP_6_B05_1486624	3	16662488	25396077	5816	-0.0644
PRION_p_TCGAb_410_11_12_13_NSP_GenomeWideSNP_6_B05_1486624	3	25396760	25396965	3	-1.4558
PRION_p_TCGAb_410_11_12_13_NSP_GenomeWideSNP_6_B05_1486624	3	25398175	31755237	4646	-0.0501
PRION_p_TCGAb_410_11_12_13_NSP_GenomeWideSNP_6_B05_1486624	3	31757786	31758485	2	-1.5599
PRION_p_TCGAb_410_11_12_13_NSP_GenomeWideSNP_6_B05_1486624	3	31760436	46793377	9501	-0.0607
PRION_p_TCGAb_410_11_12_13_NSP_GenomeWideSNP_6_B05_1486624	3	46801817	46859479	41	-1.1988
PRION_p_TCGAb_410_11_12_13_NSP_GenomeWideSNP_6_B05_1486624	3	46859832	60280255	7767	-0.0725
PRION_p_TCGAb_410_11_12_13_NSP_GenomeWideSNP_6_B05_1486624	3	60280550	60417155	140	-0.428
PRION_p_TCGAb_410_11_12_13_NSP_GenomeWideSNP_6_B05_1486624	3	60417339	60504260	109	-0.7314
PRION_p_TCGAb_410_11_12_13_NSP_GenomeWideSNP_6_B05_1486624	3	60505004	60799235	320	-0.2938
PRION_p_TCGAb_410_11_12_13_NSP_GenomeWideSNP_6_B05_1486624	3	60800699	60942297	146	-0.6996
PRION_p_TCGAb_410_11_12_13_NSP_GenomeWideSNP_6_B05_1486624	3	60944975	61244390	268	-0.325
PRION_p_TCGAb_410_11_12_13_NSP_GenomeWideSNP_6_B05_1486624	3	61252469	131706696	41748	-0.0673
PRION_p_TCGAb_410_11_12_13_NSP_GenomeWideSNP_6_B05_1486624	3	131708157	131708471	2	-2.3115
PRION_p_TCGAb_410_11_12_13_NSP_GenomeWideSNP_6_B05_1486624	3	131717974	162532950	19109	-0.0648
PRION_p_TCGAb_410_11_12_13_NSP_GenomeWideSNP_6_B05_1486624	3	162534730	162540490	6	-1.9893
PRION_p_TCGAb_410_11_12_13_NSP_GenomeWideSNP_6_B05_1486624	3	162545716	165549254	1724	-0.0723
PRION_p_TCGAb_410_11_12_13_NSP_GenomeWideSNP_6_B05_1486624	3	165549379	165551655	2	-1.5626
PRION_p_TCGAb_410_11_12_13_NSP_GenomeWideSNP_6_B05_1486624	3	165552372	174256743	5357	-0.0554
PRION_p_TCGAb_410_11_12_13_NSP_GenomeWideSNP_6_B05_1486624	3	174257314	174430085	121	-0.3929
PRION_p_TCGAb_410_11_12_13_NSP_GenomeWideSNP_6_B05_1486624	3	174433766	178645334	2705	-0.0515
PRION_p_TCGAb_410_11_12_13_NSP_GenomeWideSNP_6_B05_1486624	3	178646290	178650961	3	-1.1977
PRION_p_TCGAb_410_11_12_13_NSP_GenomeWideSNP_6_B05_1486624	3	178654616	189360754	6810	-0.0713
PRION_p_TCGAb_410_11_12_13_NSP_GenomeWideSNP_6_B05_1486624	3	189363678	189370988	12	-0.5635
PRION_p_TCGAb_410_11_12_13_NSP_GenomeWideSNP_6_B05_1486624	3	189371014	192877902	2495	-0.0607
PRION_p_TCGAb_410_11_12_13_NSP_GenomeWideSNP_6_B05_1486624	3	192877962	192882903	19	1.3349
PRION_p_TCGAb_410_11_12_13_NSP_GenomeWideSNP_6_B05_1486624	3	192886435	194634588	1160	-0.0723
PRION_p_TCGAb_410_11_12_13_NSP_GenomeWideSNP_6_B05_1486624	3	194641316	194641845	5	-1.1351
PRION_p_TCGAb_410_11_12_13_NSP_GenomeWideSNP_6_B05_1486624	3	194642480	195285898	320	-0.0849
PRION_p_TCGAb_410_11_12_13_NSP_GenomeWideSNP_6_B05_1486624	3	195383142	195502102	57	-0.8398
PRION_p_TCGAb_410_11_12_13_NSP_GenomeWideSNP_6_B05_1486624	3	195502119	197838578	1140	-0.0959
PRION_p_TCGAb_410_11_12_13_NSP_GenomeWideSNP_6_B05_1486624	3	197845216	197896118	20	-0.4577
PRION_p_TCGAb_410_11_12_13_NSP_GenomeWideSNP_6_B05_1486624	4	12281	21347	8	-0.1986
PRION_p_TCGAb_410_11_12_13_NSP_GenomeWideSNP_6_B05_1486624	4	21366	74238	57	0.2068
PRION_p_TCGAb_410_11_12_13_NSP_GenomeWideSNP_6_B05_1486624	4	74434	3463882	1389	-0.1333
PRION_p_TCGAb_410_11_12_13_NSP_GenomeWideSNP_6_B05_1486624	4	3469443	3505123	14	-0.6431
PRION_p_TCGAb_410_11_12_13_NSP_GenomeWideSNP_6_B05_1486624	4	3505448	3595097	37	-0.1559
PRION_p_TCGAb_410_11_12_13_NSP_GenomeWideSNP_6_B05_1486624	4	3595391	3609390	7	-0.8821
PRION_p_TCGAb_410_11_12_13_NSP_GenomeWideSNP_6_B05_1486624	4	3611393	4166983	203	-0.143
PRION_p_TCGAb_410_11_12_13_NSP_GenomeWideSNP_6_B05_1486624	4	4166997	4167133	2	-1.4918
PRION_p_TCGAb_410_11_12_13_NSP_GenomeWideSNP_6_B05_1486624	4	4171335	9370690	3459	-0.1205
PRION_p_TCGAb_410_11_12_13_NSP_GenomeWideSNP_6_B05_1486624	4	9372303	9456977	61	1.6339
PRION_p_TCGAb_410_11_12_13_NSP_GenomeWideSNP_6_B05_1486624	4	9461230	20555720	8173	-0.067
PRION_p_TCGAb_410_11_12_13_NSP_GenomeWideSNP_6_B05_1486624	4	20556711	20563942	40	-1.0228
PRION_p_TCGAb_410_11_12_13_NSP_GenomeWideSNP_6_B05_1486624	4	20568566	21372003	580	-0.1009
PRION_p_TCGAb_410_11_12_13_NSP_GenomeWideSNP_6_B05_1486624	4	21372039	21376851	14	-0.8899
PRION_p_TCGAb_410_11_12_13_NSP_GenomeWideSNP_6_B05_1486624	4	21383740	28959369	5201	-0.0701
PRION_p_TCGAb_410_11_12_13_NSP_GenomeWideSNP_6_B05_1486624	4	28959409	28960348	4	-1.5971
PRION_p_TCGAb_410_11_12_13_NSP_GenomeWideSNP_6_B05_1486624	4	28960936	34779054	3556	-0.0996
PRION_p_TCGAb_410_11_12_13_NSP_GenomeWideSNP_6_B05_1486624	4	34786500	34824725	38	0.3121
PRION_p_TCGAb_410_11_12_13_NSP_GenomeWideSNP_6_B05_1486624	4	34829872	35495098	442	-0.0773
PRION_p_TCGAb_410_11_12_13_NSP_GenomeWideSNP_6_B05_1486624	4	35495805	35496561	2	-1.7817
PRION_p_TCGAb_410_11_12_13_NSP_GenomeWideSNP_6_B05_1486624	4	35496608	35846449	206	-0.0641
PRION_p_TCGAb_410_11_12_13_NSP_GenomeWideSNP_6_B05_1486624	4	35848351	35851261	4	-1.4024
PRION_p_TCGAb_410_11_12_13_NSP_GenomeWideSNP_6_B05_1486624	4	35851406	43869700	5308	-0.0612
PRION_p_TCGAb_410_11_12_13_NSP_GenomeWideSNP_6_B05_1486624	4	43870232	43870263	2	-1.9046
PRION_p_TCGAb_410_11_12_13_NSP_GenomeWideSNP_6_B05_1486624	4	43870586	44421224	281	-0.0913
PRION_p_TCGAb_410_11_12_13_NSP_GenomeWideSNP_6_B05_1486624	4	44423265	44423543	3	1.0557
PRION_p_TCGAb_410_11_12_13_NSP_GenomeWideSNP_6_B05_1486624	4	44432197	49089374	2714	-0.0685
PRION_p_TCGAb_410_11_12_13_NSP_GenomeWideSNP_6_B05_1486624	4	49093786	49169946	10	0.6366
PRION_p_TCGAb_410_11_12_13_NSP_GenomeWideSNP_6_B05_1486624	4	49179856	69372003	10516	-0.0583
PRION_p_TCGAb_410_11_12_13_NSP_GenomeWideSNP_6_B05_1486624	4	69374941	69489335	66	-1.9172
PRION_p_TCGAb_410_11_12_13_NSP_GenomeWideSNP_6_B05_1486624	4	69505115	69582483	10	-0.906
PRION_p_TCGAb_410_11_12_13_NSP_GenomeWideSNP_6_B05_1486624	4	69591612	70127652	319	0.084
PRION_p_TCGAb_410_11_12_13_NSP_GenomeWideSNP_6_B05_1486624	4	70128412	70229352	50	-0.4529
PRION_p_TCGAb_410_11_12_13_NSP_GenomeWideSNP_6_B05_1486624	4	70229434	86975223	10443	-0.0347
PRION_p_TCGAb_410_11_12_13_NSP_GenomeWideSNP_6_B05_1486624	4	86976094	86979764	18	-0.9702
PRION_p_TCGAb_410_11_12_13_NSP_GenomeWideSNP_6_B05_1486624	4	86979944	90428170	2134	-0.0407
PRION_p_TCGAb_410_11_12_13_NSP_GenomeWideSNP_6_B05_1486624	4	90428199	90428494	3	-1.2555
PRION_p_TCGAb_410_11_12_13_NSP_GenomeWideSNP_6_B05_1486624	4	90429792	92470003	1232	-0.0206
PRION_p_TCGAb_410_11_12_13_NSP_GenomeWideSNP_6_B05_1486624	4	92473314	92478321	6	-1.4523
PRION_p_TCGAb_410_11_12_13_NSP_GenomeWideSNP_6_B05_1486624	4	92481361	95468508	1570	-0.0572
PRION_p_TCGAb_410_11_12_13_NSP_GenomeWideSNP_6_B05_1486624	4	95470211	95482375	6	-1.1108
PRION_p_TCGAb_410_11_12_13_NSP_GenomeWideSNP_6_B05_1486624	4	95482820	115173656	11927	-0.0485
PRION_p_TCGAb_410_11_12_13_NSP_GenomeWideSNP_6_B05_1486624	4	115173700	115184229	25	0.9258
PRION_p_TCGAb_410_11_12_13_NSP_GenomeWideSNP_6_B05_1486624	4	115184252	172369346	34712	-0.0514
PRION_p_TCGAb_410_11_12_13_NSP_GenomeWideSNP_6_B05_1486624	4	172374884	172377776	12	2.0036
PRION_p_TCGAb_410_11_12_13_NSP_GenomeWideSNP_6_B05_1486624	4	172380371	191027923	12523	-0.0691
PRION_p_TCGAb_410_11_12_13_NSP_GenomeWideSNP_6_B05_1486624	5	15532	742689	327	0.0256
PRION_p_TCGAb_410_11_12_13_NSP_GenomeWideSNP_6_B05_1486624	5	761016	773568	9	-0.6059
PRION_p_TCGAb_410_11_12_13_NSP_GenomeWideSNP_6_B05_1486624	5	779860	896815	47	-0.0157
PRION_p_TCGAb_410_11_12_13_NSP_GenomeWideSNP_6_B05_1486624	5	905701	908540	3	-1.463
PRION_p_TCGAb_410_11_12_13_NSP_GenomeWideSNP_6_B05_1486624	5	913391	21449276	15391	0.1937
PRION_p_TCGAb_410_11_12_13_NSP_GenomeWideSNP_6_B05_1486624	5	21451200	21452438	5	-2.8368
PRION_p_TCGAb_410_11_12_13_NSP_GenomeWideSNP_6_B05_1486624	5	21452496	26789496	3157	0.183
PRION_p_TCGAb_410_11_12_13_NSP_GenomeWideSNP_6_B05_1486624	5	26797760	26797844	2	-1.9407
PRION_p_TCGAb_410_11_12_13_NSP_GenomeWideSNP_6_B05_1486624	5	26803884	34072915	4751	0.2049
PRION_p_TCGAb_410_11_12_13_NSP_GenomeWideSNP_6_B05_1486624	5	34074346	34076033	2	-1.3177
PRION_p_TCGAb_410_11_12_13_NSP_GenomeWideSNP_6_B05_1486624	5	34080870	54794735	10473	0.2274
PRION_p_TCGAb_410_11_12_13_NSP_GenomeWideSNP_6_B05_1486624	5	54795299	60145320	3687	-0.445
PRION_p_TCGAb_410_11_12_13_NSP_GenomeWideSNP_6_B05_1486624	5	60148424	60151767	3	-2.1662
PRION_p_TCGAb_410_11_12_13_NSP_GenomeWideSNP_6_B05_1486624	5	60166108	62465958	1437	-0.4336
PRION_p_TCGAb_410_11_12_13_NSP_GenomeWideSNP_6_B05_1486624	5	62470630	62471088	2	-3.0861
PRION_p_TCGAb_410_11_12_13_NSP_GenomeWideSNP_6_B05_1486624	5	62480098	70254906	3929	-0.4284
PRION_p_TCGAb_410_11_12_13_NSP_GenomeWideSNP_6_B05_1486624	5	70306659	70391185	7	0.9283
PRION_p_TCGAb_410_11_12_13_NSP_GenomeWideSNP_6_B05_1486624	5	70391253	150202205	49298	-0.4392
PRION_p_TCGAb_410_11_12_13_NSP_GenomeWideSNP_6_B05_1486624	5	150205500	150218604	8	-2.0181
PRION_p_TCGAb_410_11_12_13_NSP_GenomeWideSNP_6_B05_1486624	5	150223387	156706453	4453	-0.4527
PRION_p_TCGAb_410_11_12_13_NSP_GenomeWideSNP_6_B05_1486624	5	156706653	156706705	2	-2.5684
PRION_p_TCGAb_410_11_12_13_NSP_GenomeWideSNP_6_B05_1486624	5	156708311	165398860	5720	-0.4478
PRION_p_TCGAb_410_11_12_13_NSP_GenomeWideSNP_6_B05_1486624	5	165403424	165403540	2	-1.9961
PRION_p_TCGAb_410_11_12_13_NSP_GenomeWideSNP_6_B05_1486624	5	165403746	175460087	7536	-0.4861
PRION_p_TCGAb_410_11_12_13_NSP_GenomeWideSNP_6_B05_1486624	5	175465689	175650484	65	0.3068
PRION_p_TCGAb_410_11_12_13_NSP_GenomeWideSNP_6_B05_1486624	5	175661124	180790320	2656	-0.5269
PRION_p_TCGAb_410_11_12_13_NSP_GenomeWideSNP_6_B05_1486624	6	149661	254283	101	-0.1364
PRION_p_TCGAb_410_11_12_13_NSP_GenomeWideSNP_6_B05_1486624	6	257353	286393	16	0.4967
PRION_p_TCGAb_410_11_12_13_NSP_GenomeWideSNP_6_B05_1486624	6	290598	421317	118	-0.0081
PRION_p_TCGAb_410_11_12_13_NSP_GenomeWideSNP_6_B05_1486624	6	422408	457748	33	-0.3985
PRION_p_TCGAb_410_11_12_13_NSP_GenomeWideSNP_6_B05_1486624	6	460051	2001394	1332	-0.0639
PRION_p_TCGAb_410_11_12_13_NSP_GenomeWideSNP_6_B05_1486624	6	2002051	2002407	3	-1.2498
PRION_p_TCGAb_410_11_12_13_NSP_GenomeWideSNP_6_B05_1486624	6	2005974	2602357	418	-0.0534
PRION_p_TCGAb_410_11_12_13_NSP_GenomeWideSNP_6_B05_1486624	6	2604177	2605198	4	-1.5441
PRION_p_TCGAb_410_11_12_13_NSP_GenomeWideSNP_6_B05_1486624	6	2608796	26739025	18244	-0.0434
PRION_p_TCGAb_410_11_12_13_NSP_GenomeWideSNP_6_B05_1486624	6	26742099	26758030	9	0.7744
PRION_p_TCGAb_410_11_12_13_NSP_GenomeWideSNP_6_B05_1486624	6	26762387	29837072	1447	0.0514
PRION_p_TCGAb_410_11_12_13_NSP_GenomeWideSNP_6_B05_1486624	6	29837187	29874642	22	-1.032
PRION_p_TCGAb_410_11_12_13_NSP_GenomeWideSNP_6_B05_1486624	6	29874709	31286305	665	0.0648
PRION_p_TCGAb_410_11_12_13_NSP_GenomeWideSNP_6_B05_1486624	6	31286531	31296451	9	-1.9816
PRION_p_TCGAb_410_11_12_13_NSP_GenomeWideSNP_6_B05_1486624	6	31309924	32454523	511	0.0091
PRION_p_TCGAb_410_11_12_13_NSP_GenomeWideSNP_6_B05_1486624	6	32456683	32626618	65	-0.6987
PRION_p_TCGAb_410_11_12_13_NSP_GenomeWideSNP_6_B05_1486624	6	32650612	32690027	45	0.1437
PRION_p_TCGAb_410_11_12_13_NSP_GenomeWideSNP_6_B05_1486624	6	32690797	32690812	2	2.1337
PRION_p_TCGAb_410_11_12_13_NSP_GenomeWideSNP_6_B05_1486624	6	32690830	35504148	1587	0.0385
PRION_p_TCGAb_410_11_12_13_NSP_GenomeWideSNP_6_B05_1486624	6	35505311	35564811	31	0.7298
PRION_p_TCGAb_410_11_12_13_NSP_GenomeWideSNP_6_B05_1486624	6	35568574	54845685	12674	0.0683
PRION_p_TCGAb_410_11_12_13_NSP_GenomeWideSNP_6_B05_1486624	6	54848455	54849190	3	-1.172
PRION_p_TCGAb_410_11_12_13_NSP_GenomeWideSNP_6_B05_1486624	6	54850139	65347544	3748	0.0309
PRION_p_TCGAb_410_11_12_13_NSP_GenomeWideSNP_6_B05_1486624	6	65348992	65350776	2	-1.5251
PRION_p_TCGAb_410_11_12_13_NSP_GenomeWideSNP_6_B05_1486624	6	65350813	67002189	1099	-0.0611
PRION_p_TCGAb_410_11_12_13_NSP_GenomeWideSNP_6_B05_1486624	6	67002447	67044143	53	0.1595
PRION_p_TCGAb_410_11_12_13_NSP_GenomeWideSNP_6_B05_1486624	6	67044259	73218691	4160	-0.0836
PRION_p_TCGAb_410_11_12_13_NSP_GenomeWideSNP_6_B05_1486624	6	73221841	73222063	2	-1.3121
PRION_p_TCGAb_410_11_12_13_NSP_GenomeWideSNP_6_B05_1486624	6	73227795	74591858	847	-0.0928
PRION_p_TCGAb_410_11_12_13_NSP_GenomeWideSNP_6_B05_1486624	6	74592225	74597341	9	0.8557
PRION_p_TCGAb_410_11_12_13_NSP_GenomeWideSNP_6_B05_1486624	6	74601410	77014948	1470	-0.0802
PRION_p_TCGAb_410_11_12_13_NSP_GenomeWideSNP_6_B05_1486624	6	77016900	77017077	8	0.6172
PRION_p_TCGAb_410_11_12_13_NSP_GenomeWideSNP_6_B05_1486624	6	77021978	78962889	1289	-0.0782
PRION_p_TCGAb_410_11_12_13_NSP_GenomeWideSNP_6_B05_1486624	6	78969065	79032317	108	-0.8174
PRION_p_TCGAb_410_11_12_13_NSP_GenomeWideSNP_6_B05_1486624	6	79032592	103738314	15491	-0.0755
PRION_p_TCGAb_410_11_12_13_NSP_GenomeWideSNP_6_B05_1486624	6	103738333	103759179	27	-0.4621
PRION_p_TCGAb_410_11_12_13_NSP_GenomeWideSNP_6_B05_1486624	6	103759216	115379075	7329	-0.0793
PRION_p_TCGAb_410_11_12_13_NSP_GenomeWideSNP_6_B05_1486624	6	115379160	115407973	3	-1.9113
PRION_p_TCGAb_410_11_12_13_NSP_GenomeWideSNP_6_B05_1486624	6	115408571	120946486	3264	-0.0527
PRION_p_TCGAb_410_11_12_13_NSP_GenomeWideSNP_6_B05_1486624	6	120947919	121002416	52	-0.3441
PRION_p_TCGAb_410_11_12_13_NSP_GenomeWideSNP_6_B05_1486624	6	121027803	149159696	18158	-0.0674
PRION_p_TCGAb_410_11_12_13_NSP_GenomeWideSNP_6_B05_1486624	6	149159965	149160016	2	-1.5493
PRION_p_TCGAb_410_11_12_13_NSP_GenomeWideSNP_6_B05_1486624	6	149163503	159538417	7030	-0.0845
PRION_p_TCGAb_410_11_12_13_NSP_GenomeWideSNP_6_B05_1486624	6	159538494	159538604	2	-1.5761
PRION_p_TCGAb_410_11_12_13_NSP_GenomeWideSNP_6_B05_1486624	6	159538860	162462628	2260	-0.1073
PRION_p_TCGAb_410_11_12_13_NSP_GenomeWideSNP_6_B05_1486624	6	162462940	162497729	50	-0.5237
PRION_p_TCGAb_410_11_12_13_NSP_GenomeWideSNP_6_B05_1486624	6	162497779	162878161	316	-0.1295
PRION_p_TCGAb_410_11_12_13_NSP_GenomeWideSNP_6_B05_1486624	6	162880244	162914277	29	-0.6214
PRION_p_TCGAb_410_11_12_13_NSP_GenomeWideSNP_6_B05_1486624	6	162917677	170919495	5726	-0.1528
PRION_p_TCGAb_410_11_12_13_NSP_GenomeWideSNP_6_B05_1486624	6	170982327	171051005	4	0.5811
PRION_p_TCGAb_410_11_12_13_NSP_GenomeWideSNP_6_B05_1486624	7	43355	8721386	4996	0.4784
PRION_p_TCGAb_410_11_12_13_NSP_GenomeWideSNP_6_B05_1486624	7	8721504	8721520	2	-1.8128
PRION_p_TCGAb_410_11_12_13_NSP_GenomeWideSNP_6_B05_1486624	7	8725839	96814195	55344	0.4685
PRION_p_TCGAb_410_11_12_13_NSP_GenomeWideSNP_6_B05_1486624	7	96816009	96818791	2	-0.9887
PRION_p_TCGAb_410_11_12_13_NSP_GenomeWideSNP_6_B05_1486624	7	96820019	97407061	410	0.4539
PRION_p_TCGAb_410_11_12_13_NSP_GenomeWideSNP_6_B05_1486624	7	97417607	97417610	2	-0.8376
PRION_p_TCGAb_410_11_12_13_NSP_GenomeWideSNP_6_B05_1486624	7	97420649	109441244	6633	0.4516
PRION_p_TCGAb_410_11_12_13_NSP_GenomeWideSNP_6_B05_1486624	7	109441629	109453982	11	1.377
PRION_p_TCGAb_410_11_12_13_NSP_GenomeWideSNP_6_B05_1486624	7	109454229	110426799	669	0.4572
PRION_p_TCGAb_410_11_12_13_NSP_GenomeWideSNP_6_B05_1486624	7	110427203	110432494	9	-0.0701
PRION_p_TCGAb_410_11_12_13_NSP_GenomeWideSNP_6_B05_1486624	7	110432527	111046826	393	0.5231
PRION_p_TCGAb_410_11_12_13_NSP_GenomeWideSNP_6_B05_1486624	7	111048579	111082841	39	-0.5622
PRION_p_TCGAb_410_11_12_13_NSP_GenomeWideSNP_6_B05_1486624	7	111092464	126044923	8922	0.4593
PRION_p_TCGAb_410_11_12_13_NSP_GenomeWideSNP_6_B05_1486624	7	126044974	126046615	13	1.2409
PRION_p_TCGAb_410_11_12_13_NSP_GenomeWideSNP_6_B05_1486624	7	126046876	142374072	10366	0.4569
PRION_p_TCGAb_410_11_12_13_NSP_GenomeWideSNP_6_B05_1486624	7	142374083	142449568	47	0.7585
PRION_p_TCGAb_410_11_12_13_NSP_GenomeWideSNP_6_B05_1486624	7	142454498	142474653	16	0.3586
PRION_p_TCGAb_410_11_12_13_NSP_GenomeWideSNP_6_B05_1486624	7	142474939	142486045	28	1.1093
PRION_p_TCGAb_410_11_12_13_NSP_GenomeWideSNP_6_B05_1486624	7	142486115	143218858	469	0.4539
PRION_p_TCGAb_410_11_12_13_NSP_GenomeWideSNP_6_B05_1486624	7	143218968	143298030	25	-0.5242
PRION_p_TCGAb_410_11_12_13_NSP_GenomeWideSNP_6_B05_1486624	7	143300400	143444531	27	0.3385
PRION_p_TCGAb_410_11_12_13_NSP_GenomeWideSNP_6_B05_1486624	7	143448379	143568059	49	-0.4473
PRION_p_TCGAb_410_11_12_13_NSP_GenomeWideSNP_6_B05_1486624	7	143572166	153918878	6420	0.4395
PRION_p_TCGAb_410_11_12_13_NSP_GenomeWideSNP_6_B05_1486624	7	153920121	153920301	3	-0.9409
PRION_p_TCGAb_410_11_12_13_NSP_GenomeWideSNP_6_B05_1486624	7	153922854	154389895	332	0.4083
PRION_p_TCGAb_410_11_12_13_NSP_GenomeWideSNP_6_B05_1486624	7	154393171	154399613	4	1.58
PRION_p_TCGAb_410_11_12_13_NSP_GenomeWideSNP_6_B05_1486624	7	154400830	159127004	3244	0.4176
PRION_p_TCGAb_410_11_12_13_NSP_GenomeWideSNP_6_B05_1486624	8	31254	2133375	1575	-0.1903
PRION_p_TCGAb_410_11_12_13_NSP_GenomeWideSNP_6_B05_1486624	8	2141462	2158585	20	-1.3605
PRION_p_TCGAb_410_11_12_13_NSP_GenomeWideSNP_6_B05_1486624	8	2162849	3986167	2156	-0.1184
PRION_p_TCGAb_410_11_12_13_NSP_GenomeWideSNP_6_B05_1486624	8	3986246	3986294	2	-1.5459
PRION_p_TCGAb_410_11_12_13_NSP_GenomeWideSNP_6_B05_1486624	8	3987971	5765206	2521	-0.0695
PRION_p_TCGAb_410_11_12_13_NSP_GenomeWideSNP_6_B05_1486624	8	5765252	5765449	3	-1.3996
PRION_p_TCGAb_410_11_12_13_NSP_GenomeWideSNP_6_B05_1486624	8	5767856	7221983	1559	-0.1361
PRION_p_TCGAb_410_11_12_13_NSP_GenomeWideSNP_6_B05_1486624	8	7222181	7831645	160	-1.0929
PRION_p_TCGAb_410_11_12_13_NSP_GenomeWideSNP_6_B05_1486624	8	7832054	8474210	445	-0.086
PRION_p_TCGAb_410_11_12_13_NSP_GenomeWideSNP_6_B05_1486624	8	8474924	8475364	2	-1.3012
PRION_p_TCGAb_410_11_12_13_NSP_GenomeWideSNP_6_B05_1486624	8	8476041	10239297	1538	-0.0855
PRION_p_TCGAb_410_11_12_13_NSP_GenomeWideSNP_6_B05_1486624	8	10240202	10286511	59	-0.3492
PRION_p_TCGAb_410_11_12_13_NSP_GenomeWideSNP_6_B05_1486624	8	10287977	11861809	1232	-0.1419
PRION_p_TCGAb_410_11_12_13_NSP_GenomeWideSNP_6_B05_1486624	8	11877195	11949551	8	-0.4783
PRION_p_TCGAb_410_11_12_13_NSP_GenomeWideSNP_6_B05_1486624	8	11987726	12001123	6	-2.3758
PRION_p_TCGAb_410_11_12_13_NSP_GenomeWideSNP_6_B05_1486624	8	12034307	12247486	49	-0.3007
PRION_p_TCGAb_410_11_12_13_NSP_GenomeWideSNP_6_B05_1486624	8	12260927	12304656	18	-1.2388
PRION_p_TCGAb_410_11_12_13_NSP_GenomeWideSNP_6_B05_1486624	8	12310684	12481979	55	-0.4828
PRION_p_TCGAb_410_11_12_13_NSP_GenomeWideSNP_6_B05_1486624	8	12482047	16262247	3513	-0.1006
PRION_p_TCGAb_410_11_12_13_NSP_GenomeWideSNP_6_B05_1486624	8	16262264	16274661	26	-1.1406
PRION_p_TCGAb_410_11_12_13_NSP_GenomeWideSNP_6_B05_1486624	8	16278695	16318865	23	-0.0605
PRION_p_TCGAb_410_11_12_13_NSP_GenomeWideSNP_6_B05_1486624	8	16323046	16327714	9	-0.6438
PRION_p_TCGAb_410_11_12_13_NSP_GenomeWideSNP_6_B05_1486624	8	16330791	16482909	133	-0.12
PRION_p_TCGAb_410_11_12_13_NSP_GenomeWideSNP_6_B05_1486624	8	16482953	16496874	10	0.4433
PRION_p_TCGAb_410_11_12_13_NSP_GenomeWideSNP_6_B05_1486624	8	16513075	16919668	347	-0.0977
PRION_p_TCGAb_410_11_12_13_NSP_GenomeWideSNP_6_B05_1486624	8	16924697	16927250	2	0.9442
PRION_p_TCGAb_410_11_12_13_NSP_GenomeWideSNP_6_B05_1486624	8	16927520	17237007	244	-0.0777
PRION_p_TCGAb_410_11_12_13_NSP_GenomeWideSNP_6_B05_1486624	8	17237470	17237608	3	-1.1712
PRION_p_TCGAb_410_11_12_13_NSP_GenomeWideSNP_6_B05_1486624	8	17238653	19330935	1995	-0.0636
PRION_p_TCGAb_410_11_12_13_NSP_GenomeWideSNP_6_B05_1486624	8	19332963	19667559	291	-0.4572
PRION_p_TCGAb_410_11_12_13_NSP_GenomeWideSNP_6_B05_1486624	8	19668127	23402308	2657	-0.1017
PRION_p_TCGAb_410_11_12_13_NSP_GenomeWideSNP_6_B05_1486624	8	23407740	23407811	4	-4.4617
PRION_p_TCGAb_410_11_12_13_NSP_GenomeWideSNP_6_B05_1486624	8	23407871	24145008	486	-0.0958
PRION_p_TCGAb_410_11_12_13_NSP_GenomeWideSNP_6_B05_1486624	8	24145430	24151066	4	-1.4125
PRION_p_TCGAb_410_11_12_13_NSP_GenomeWideSNP_6_B05_1486624	8	24151508	24971952	645	-0.0612
PRION_p_TCGAb_410_11_12_13_NSP_GenomeWideSNP_6_B05_1486624	8	24972187	24984333	28	0.3146
PRION_p_TCGAb_410_11_12_13_NSP_GenomeWideSNP_6_B05_1486624	8	24991104	26480361	1124	-0.0821
PRION_p_TCGAb_410_11_12_13_NSP_GenomeWideSNP_6_B05_1486624	8	26480617	26481035	2	-1.4742
PRION_p_TCGAb_410_11_12_13_NSP_GenomeWideSNP_6_B05_1486624	8	26481625	39230659	7906	-0.0968
PRION_p_TCGAb_410_11_12_13_NSP_GenomeWideSNP_6_B05_1486624	8	39235603	39342949	39	0.4746
PRION_p_TCGAb_410_11_12_13_NSP_GenomeWideSNP_6_B05_1486624	8	39352622	40771996	1092	-0.0723
PRION_p_TCGAb_410_11_12_13_NSP_GenomeWideSNP_6_B05_1486624	8	40777852	40778471	2	-2.1413
PRION_p_TCGAb_410_11_12_13_NSP_GenomeWideSNP_6_B05_1486624	8	40783680	43416739	1447	-0.0836
PRION_p_TCGAb_410_11_12_13_NSP_GenomeWideSNP_6_B05_1486624	8	43420817	43420832	2	-1.7698
PRION_p_TCGAb_410_11_12_13_NSP_GenomeWideSNP_6_B05_1486624	8	43421530	60517429	8349	-0.0819
PRION_p_TCGAb_410_11_12_13_NSP_GenomeWideSNP_6_B05_1486624	8	60527353	60527385	2	-1.5355
PRION_p_TCGAb_410_11_12_13_NSP_GenomeWideSNP_6_B05_1486624	8	60529779	62437042	1276	-0.0655
PRION_p_TCGAb_410_11_12_13_NSP_GenomeWideSNP_6_B05_1486624	8	62437468	65351436	1775	0.6125
PRION_p_TCGAb_410_11_12_13_NSP_GenomeWideSNP_6_B05_1486624	8	65351438	65354175	2	-1.3991
PRION_p_TCGAb_410_11_12_13_NSP_GenomeWideSNP_6_B05_1486624	8	65360541	101610393	21501	0.5872
PRION_p_TCGAb_410_11_12_13_NSP_GenomeWideSNP_6_B05_1486624	8	101610596	101611200	3	-0.7588
PRION_p_TCGAb_410_11_12_13_NSP_GenomeWideSNP_6_B05_1486624	8	101615297	112294294	6609	0.5976
PRION_p_TCGAb_410_11_12_13_NSP_GenomeWideSNP_6_B05_1486624	8	112294466	112295260	8	1.4878
PRION_p_TCGAb_410_11_12_13_NSP_GenomeWideSNP_6_B05_1486624	8	112300281	112741199	230	0.5747
PRION_p_TCGAb_410_11_12_13_NSP_GenomeWideSNP_6_B05_1486624	8	112741522	112742232	3	-0.787
PRION_p_TCGAb_410_11_12_13_NSP_GenomeWideSNP_6_B05_1486624	8	112742610	113078404	173	0.5901
PRION_p_TCGAb_410_11_12_13_NSP_GenomeWideSNP_6_B05_1486624	8	113080325	113099835	4	-1.0345
PRION_p_TCGAb_410_11_12_13_NSP_GenomeWideSNP_6_B05_1486624	8	113100839	115365228	1262	0.5755
PRION_p_TCGAb_410_11_12_13_NSP_GenomeWideSNP_6_B05_1486624	8	115365397	115368521	5	1.3186
PRION_p_TCGAb_410_11_12_13_NSP_GenomeWideSNP_6_B05_1486624	8	115368724	115634487	150	0.5983
PRION_p_TCGAb_410_11_12_13_NSP_GenomeWideSNP_6_B05_1486624	8	115634554	115641585	32	0.2293
PRION_p_TCGAb_410_11_12_13_NSP_GenomeWideSNP_6_B05_1486624	8	115641689	120017703	2981	0.5964
PRION_p_TCGAb_410_11_12_13_NSP_GenomeWideSNP_6_B05_1486624	8	120021037	120021260	4	-0.8646
PRION_p_TCGAb_410_11_12_13_NSP_GenomeWideSNP_6_B05_1486624	8	120028098	128754871	6069	0.6088
PRION_p_TCGAb_410_11_12_13_NSP_GenomeWideSNP_6_B05_1486624	8	128758521	143130579	10882	-0.0842
PRION_p_TCGAb_410_11_12_13_NSP_GenomeWideSNP_6_B05_1486624	8	143130738	143148417	10	-1.3476
PRION_p_TCGAb_410_11_12_13_NSP_GenomeWideSNP_6_B05_1486624	8	143148811	146298155	1123	-0.1839
PRION_p_TCGAb_410_11_12_13_NSP_GenomeWideSNP_6_B05_1486624	9	46587	2190317	2375	-0.0701
PRION_p_TCGAb_410_11_12_13_NSP_GenomeWideSNP_6_B05_1486624	9	2191189	2191910	4	-1.2306
PRION_p_TCGAb_410_11_12_13_NSP_GenomeWideSNP_6_B05_1486624	9	2191976	6990926	4242	-0.0607
PRION_p_TCGAb_410_11_12_13_NSP_GenomeWideSNP_6_B05_1486624	9	6993701	6993827	3	-1.6725
PRION_p_TCGAb_410_11_12_13_NSP_GenomeWideSNP_6_B05_1486624	9	6993848	10403105	3350	-0.0305
PRION_p_TCGAb_410_11_12_13_NSP_GenomeWideSNP_6_B05_1486624	9	10404138	10404986	2	1.6497
PRION_p_TCGAb_410_11_12_13_NSP_GenomeWideSNP_6_B05_1486624	9	10407943	10637778	256	-0.084
PRION_p_TCGAb_410_11_12_13_NSP_GenomeWideSNP_6_B05_1486624	9	10639459	10639916	5	-2.4302
PRION_p_TCGAb_410_11_12_13_NSP_GenomeWideSNP_6_B05_1486624	9	10640572	15156132	3572	-0.0402
PRION_p_TCGAb_410_11_12_13_NSP_GenomeWideSNP_6_B05_1486624	9	15158903	15159378	3	-2.4852
PRION_p_TCGAb_410_11_12_13_NSP_GenomeWideSNP_6_B05_1486624	9	15159421	22867678	6294	-0.0718
PRION_p_TCGAb_410_11_12_13_NSP_GenomeWideSNP_6_B05_1486624	9	22868584	23094676	151	0.1893
PRION_p_TCGAb_410_11_12_13_NSP_GenomeWideSNP_6_B05_1486624	9	23099502	23361805	179	-0.0939
PRION_p_TCGAb_410_11_12_13_NSP_GenomeWideSNP_6_B05_1486624	9	23363115	23380445	11	0.606
PRION_p_TCGAb_410_11_12_13_NSP_GenomeWideSNP_6_B05_1486624	9	23380834	45119767	11050	-0.0768
PRION_p_TCGAb_410_11_12_13_NSP_GenomeWideSNP_6_B05_1486624	9	45128794	66482198	79	-0.3414
PRION_p_TCGAb_410_11_12_13_NSP_GenomeWideSNP_6_B05_1486624	9	66482237	68183981	53	-0.0083
PRION_p_TCGAb_410_11_12_13_NSP_GenomeWideSNP_6_B05_1486624	9	68186051	68188547	8	1.4261
PRION_p_TCGAb_410_11_12_13_NSP_GenomeWideSNP_6_B05_1486624	9	68209916	68995234	87	-0.0707
PRION_p_TCGAb_410_11_12_13_NSP_GenomeWideSNP_6_B05_1486624	9	68999548	69957668	109	-0.579
PRION_p_TCGAb_410_11_12_13_NSP_GenomeWideSNP_6_B05_1486624	9	69957764	72032403	895	-0.0647
PRION_p_TCGAb_410_11_12_13_NSP_GenomeWideSNP_6_B05_1486624	9	72032492	72032497	2	-1.6808
PRION_p_TCGAb_410_11_12_13_NSP_GenomeWideSNP_6_B05_1486624	9	72035199	112823818	28914	-0.078
PRION_p_TCGAb_410_11_12_13_NSP_GenomeWideSNP_6_B05_1486624	9	112824301	112830614	5	-1.3496
PRION_p_TCGAb_410_11_12_13_NSP_GenomeWideSNP_6_B05_1486624	9	112831532	138140002	17045	-0.1691
PRION_p_TCGAb_410_11_12_13_NSP_GenomeWideSNP_6_B05_1486624	9	138151672	138289000	108	-0.4706
PRION_p_TCGAb_410_11_12_13_NSP_GenomeWideSNP_6_B05_1486624	9	138293320	141091394	1048	-0.1592
PRION_p_TCGAb_410_11_12_13_NSP_GenomeWideSNP_6_B05_1486624	10	72759	1900886	1295	-0.1687
PRION_p_TCGAb_410_11_12_13_NSP_GenomeWideSNP_6_B05_1486624	10	1902085	1906265	12	-0.7392
PRION_p_TCGAb_410_11_12_13_NSP_GenomeWideSNP_6_B05_1486624	10	1908076	18106443	13569	-0.0774
PRION_p_TCGAb_410_11_12_13_NSP_GenomeWideSNP_6_B05_1486624	10	18121033	18199813	9	-1.302
PRION_p_TCGAb_410_11_12_13_NSP_GenomeWideSNP_6_B05_1486624	10	18223647	27226098	6346	-0.0732
PRION_p_TCGAb_410_11_12_13_NSP_GenomeWideSNP_6_B05_1486624	10	27226804	27228473	10	-0.7065
PRION_p_TCGAb_410_11_12_13_NSP_GenomeWideSNP_6_B05_1486624	10	27229993	27634154	219	-0.054
PRION_p_TCGAb_410_11_12_13_NSP_GenomeWideSNP_6_B05_1486624	10	27634505	27647774	9	-0.7297
PRION_p_TCGAb_410_11_12_13_NSP_GenomeWideSNP_6_B05_1486624	10	27649775	29781883	1635	-0.0614
PRION_p_TCGAb_410_11_12_13_NSP_GenomeWideSNP_6_B05_1486624	10	29785191	29785454	2	-1.9182
PRION_p_TCGAb_410_11_12_13_NSP_GenomeWideSNP_6_B05_1486624	10	29786029	48902376	9113	-0.0954
PRION_p_TCGAb_410_11_12_13_NSP_GenomeWideSNP_6_B05_1486624	10	48928791	48934756	2	-2.1747
PRION_p_TCGAb_410_11_12_13_NSP_GenomeWideSNP_6_B05_1486624	10	48947018	51891920	1468	-0.1085
PRION_p_TCGAb_410_11_12_13_NSP_GenomeWideSNP_6_B05_1486624	10	51903768	51910598	2	2.0943
PRION_p_TCGAb_410_11_12_13_NSP_GenomeWideSNP_6_B05_1486624	10	51937979	58516403	4861	-0.0681
PRION_p_TCGAb_410_11_12_13_NSP_GenomeWideSNP_6_B05_1486624	10	58516521	58526837	38	-1.2355
PRION_p_TCGAb_410_11_12_13_NSP_GenomeWideSNP_6_B05_1486624	10	58532752	67307936	6115	-0.0612
PRION_p_TCGAb_410_11_12_13_NSP_GenomeWideSNP_6_B05_1486624	10	67307951	67332872	38	0.3013
PRION_p_TCGAb_410_11_12_13_NSP_GenomeWideSNP_6_B05_1486624	10	67335440	72456822	3486	-0.0757
PRION_p_TCGAb_410_11_12_13_NSP_GenomeWideSNP_6_B05_1486624	10	72457038	72532037	82	-0.4099
PRION_p_TCGAb_410_11_12_13_NSP_GenomeWideSNP_6_B05_1486624	10	72533199	79269138	4065	-0.0924
PRION_p_TCGAb_410_11_12_13_NSP_GenomeWideSNP_6_B05_1486624	10	79272142	79946596	456	1.2535
PRION_p_TCGAb_410_11_12_13_NSP_GenomeWideSNP_6_B05_1486624	10	79947528	79954632	8	2.1376
PRION_p_TCGAb_410_11_12_13_NSP_GenomeWideSNP_6_B05_1486624	10	79956642	79961961	8	1.1482
PRION_p_TCGAb_410_11_12_13_NSP_GenomeWideSNP_6_B05_1486624	10	79965198	80097033	98	2.1639
PRION_p_TCGAb_410_11_12_13_NSP_GenomeWideSNP_6_B05_1486624	10	80097493	80300034	214	1.2753
PRION_p_TCGAb_410_11_12_13_NSP_GenomeWideSNP_6_B05_1486624	10	80301466	80307984	8	1.9799
PRION_p_TCGAb_410_11_12_13_NSP_GenomeWideSNP_6_B05_1486624	10	80308991	80338908	31	1.3208
PRION_p_TCGAb_410_11_12_13_NSP_GenomeWideSNP_6_B05_1486624	10	80339113	80565396	231	2.171
PRION_p_TCGAb_410_11_12_13_NSP_GenomeWideSNP_6_B05_1486624	10	80565886	80680178	79	1.2507
PRION_p_TCGAb_410_11_12_13_NSP_GenomeWideSNP_6_B05_1486624	10	80680449	81336695	463	2.1757
PRION_p_TCGAb_410_11_12_13_NSP_GenomeWideSNP_6_B05_1486624	10	81347813	81832479	152	1.3073
PRION_p_TCGAb_410_11_12_13_NSP_GenomeWideSNP_6_B05_1486624	10	81835686	81984787	100	-0.1956
PRION_p_TCGAb_410_11_12_13_NSP_GenomeWideSNP_6_B05_1486624	10	81985364	82004289	9	0.865
PRION_p_TCGAb_410_11_12_13_NSP_GenomeWideSNP_6_B05_1486624	10	82008148	88976597	4965	-0.0797
PRION_p_TCGAb_410_11_12_13_NSP_GenomeWideSNP_6_B05_1486624	10	89018962	89061261	8	1.8034
PRION_p_TCGAb_410_11_12_13_NSP_GenomeWideSNP_6_B05_1486624	10	89069796	96869063	5054	-0.0559
PRION_p_TCGAb_410_11_12_13_NSP_GenomeWideSNP_6_B05_1486624	10	96869074	96875714	6	-1.1523
PRION_p_TCGAb_410_11_12_13_NSP_GenomeWideSNP_6_B05_1486624	10	96875959	122770663	17397	-0.0833
PRION_p_TCGAb_410_11_12_13_NSP_GenomeWideSNP_6_B05_1486624	10	122770678	122777498	19	-0.8167
PRION_p_TCGAb_410_11_12_13_NSP_GenomeWideSNP_6_B05_1486624	10	122789542	124323766	1407	-0.0845
PRION_p_TCGAb_410_11_12_13_NSP_GenomeWideSNP_6_B05_1486624	10	124332296	124357726	12	0.3915
PRION_p_TCGAb_410_11_12_13_NSP_GenomeWideSNP_6_B05_1486624	10	124383013	135234192	7767	-0.1302
PRION_p_TCGAb_410_11_12_13_NSP_GenomeWideSNP_6_B05_1486624	10	135242873	135377278	110	0.9796
PRION_p_TCGAb_410_11_12_13_NSP_GenomeWideSNP_6_B05_1486624	10	135387240	135506704	37	-0.1866
PRION_p_TCGAb_410_11_12_13_NSP_GenomeWideSNP_6_B05_1486624	11	198510	5782959	3296	-0.1034
PRION_p_TCGAb_410_11_12_13_NSP_GenomeWideSNP_6_B05_1486624	11	5782976	5809461	41	0.3316
PRION_p_TCGAb_410_11_12_13_NSP_GenomeWideSNP_6_B05_1486624	11	5812360	15193185	6909	-0.0748
PRION_p_TCGAb_410_11_12_13_NSP_GenomeWideSNP_6_B05_1486624	11	15195799	15195816	2	-1.5462
PRION_p_TCGAb_410_11_12_13_NSP_GenomeWideSNP_6_B05_1486624	11	15196441	18951506	2524	-0.0791
PRION_p_TCGAb_410_11_12_13_NSP_GenomeWideSNP_6_B05_1486624	11	18951693	18960750	22	-0.4516
PRION_p_TCGAb_410_11_12_13_NSP_GenomeWideSNP_6_B05_1486624	11	18961065	20134470	1135	-0.0796
PRION_p_TCGAb_410_11_12_13_NSP_GenomeWideSNP_6_B05_1486624	11	20135969	20140455	5	-0.8474
PRION_p_TCGAb_410_11_12_13_NSP_GenomeWideSNP_6_B05_1486624	11	20140471	21846894	1477	-0.0742
PRION_p_TCGAb_410_11_12_13_NSP_GenomeWideSNP_6_B05_1486624	11	21847506	21847937	2	-1.5165
PRION_p_TCGAb_410_11_12_13_NSP_GenomeWideSNP_6_B05_1486624	11	21848661	25702237	2731	-0.0791
PRION_p_TCGAb_410_11_12_13_NSP_GenomeWideSNP_6_B05_1486624	11	25702333	25718981	26	-1.3135
PRION_p_TCGAb_410_11_12_13_NSP_GenomeWideSNP_6_B05_1486624	11	25722078	29549003	2572	-0.0758
PRION_p_TCGAb_410_11_12_13_NSP_GenomeWideSNP_6_B05_1486624	11	29549004	29549095	2	-1.564
PRION_p_TCGAb_410_11_12_13_NSP_GenomeWideSNP_6_B05_1486624	11	29549818	37059607	5453	-0.0751
PRION_p_TCGAb_410_11_12_13_NSP_GenomeWideSNP_6_B05_1486624	11	37065382	37184980	140	0.1375
PRION_p_TCGAb_410_11_12_13_NSP_GenomeWideSNP_6_B05_1486624	11	37186451	44722544	5037	-0.0925
PRION_p_TCGAb_410_11_12_13_NSP_GenomeWideSNP_6_B05_1486624	11	44723871	44724339	2	-1.63
PRION_p_TCGAb_410_11_12_13_NSP_GenomeWideSNP_6_B05_1486624	11	44728175	51337258	2933	-0.0932
PRION_p_TCGAb_410_11_12_13_NSP_GenomeWideSNP_6_B05_1486624	11	51352990	51384247	7	0.7604
PRION_p_TCGAb_410_11_12_13_NSP_GenomeWideSNP_6_B05_1486624	11	51385342	55363340	325	-0.0286
PRION_p_TCGAb_410_11_12_13_NSP_GenomeWideSNP_6_B05_1486624	11	55374032	55453576	60	0.3608
PRION_p_TCGAb_410_11_12_13_NSP_GenomeWideSNP_6_B05_1486624	11	55460683	60984460	3405	-0.0773
PRION_p_TCGAb_410_11_12_13_NSP_GenomeWideSNP_6_B05_1486624	11	61000494	61016248	3	-1.792
PRION_p_TCGAb_410_11_12_13_NSP_GenomeWideSNP_6_B05_1486624	11	61020465	90566513	17073	-0.0911
PRION_p_TCGAb_410_11_12_13_NSP_GenomeWideSNP_6_B05_1486624	11	90568187	90571038	4	-3.4995
PRION_p_TCGAb_410_11_12_13_NSP_GenomeWideSNP_6_B05_1486624	11	90572164	134944770	31879	-0.0874
PRION_p_TCGAb_410_11_12_13_NSP_GenomeWideSNP_6_B05_1486624	12	150442	6645565	4777	-0.1026
PRION_p_TCGAb_410_11_12_13_NSP_GenomeWideSNP_6_B05_1486624	12	6652227	6652757	5	0.9577
PRION_p_TCGAb_410_11_12_13_NSP_GenomeWideSNP_6_B05_1486624	12	6652761	7994787	582	-0.1062
PRION_p_TCGAb_410_11_12_13_NSP_GenomeWideSNP_6_B05_1486624	12	8004425	8117069	55	0.2902
PRION_p_TCGAb_410_11_12_13_NSP_GenomeWideSNP_6_B05_1486624	12	8118169	8556693	191	-0.1019
PRION_p_TCGAb_410_11_12_13_NSP_GenomeWideSNP_6_B05_1486624	12	8558488	8576466	18	0.7007
PRION_p_TCGAb_410_11_12_13_NSP_GenomeWideSNP_6_B05_1486624	12	8580828	9576487	549	-0.1167
PRION_p_TCGAb_410_11_12_13_NSP_GenomeWideSNP_6_B05_1486624	12	9578984	9579109	2	-1.3435
PRION_p_TCGAb_410_11_12_13_NSP_GenomeWideSNP_6_B05_1486624	12	9605175	10322182	490	-0.0461
PRION_p_TCGAb_410_11_12_13_NSP_GenomeWideSNP_6_B05_1486624	12	10328635	10328698	2	-2.1443
PRION_p_TCGAb_410_11_12_13_NSP_GenomeWideSNP_6_B05_1486624	12	10331233	11511578	737	-0.063
PRION_p_TCGAb_410_11_12_13_NSP_GenomeWideSNP_6_B05_1486624	12	11512492	11543406	30	0.9504
PRION_p_TCGAb_410_11_12_13_NSP_GenomeWideSNP_6_B05_1486624	12	11552192	21144302	6524	-0.0646
PRION_p_TCGAb_410_11_12_13_NSP_GenomeWideSNP_6_B05_1486624	12	21144431	21144506	3	-2.907
PRION_p_TCGAb_410_11_12_13_NSP_GenomeWideSNP_6_B05_1486624	12	21144542	45904438	14526	-0.0679
PRION_p_TCGAb_410_11_12_13_NSP_GenomeWideSNP_6_B05_1486624	12	45905840	45909537	3	-1.9236
PRION_p_TCGAb_410_11_12_13_NSP_GenomeWideSNP_6_B05_1486624	12	45913292	63919989	10646	-0.0821
PRION_p_TCGAb_410_11_12_13_NSP_GenomeWideSNP_6_B05_1486624	12	63920585	63939740	6	-1.1044
PRION_p_TCGAb_410_11_12_13_NSP_GenomeWideSNP_6_B05_1486624	12	63948151	71792719	5180	-0.0673
PRION_p_TCGAb_410_11_12_13_NSP_GenomeWideSNP_6_B05_1486624	12	71792892	71793191	3	-2.2957
PRION_p_TCGAb_410_11_12_13_NSP_GenomeWideSNP_6_B05_1486624	12	71799866	73200357	850	-0.0554
PRION_p_TCGAb_410_11_12_13_NSP_GenomeWideSNP_6_B05_1486624	12	73201599	73206331	2	-1.7264
PRION_p_TCGAb_410_11_12_13_NSP_GenomeWideSNP_6_B05_1486624	12	73206406	90483350	10567	-0.0752
PRION_p_TCGAb_410_11_12_13_NSP_GenomeWideSNP_6_B05_1486624	12	90491669	90492074	7	0.7436
PRION_p_TCGAb_410_11_12_13_NSP_GenomeWideSNP_6_B05_1486624	12	90493557	90889704	274	-0.0573
PRION_p_TCGAb_410_11_12_13_NSP_GenomeWideSNP_6_B05_1486624	12	90892317	90897908	6	-0.9754
PRION_p_TCGAb_410_11_12_13_NSP_GenomeWideSNP_6_B05_1486624	12	90901742	104944871	9511	-0.0709
PRION_p_TCGAb_410_11_12_13_NSP_GenomeWideSNP_6_B05_1486624	12	104948319	104972207	21	-0.5861
PRION_p_TCGAb_410_11_12_13_NSP_GenomeWideSNP_6_B05_1486624	12	104972478	125993218	13439	-0.0943
PRION_p_TCGAb_410_11_12_13_NSP_GenomeWideSNP_6_B05_1486624	12	125999530	126000435	4	-1.5872
PRION_p_TCGAb_410_11_12_13_NSP_GenomeWideSNP_6_B05_1486624	12	126000605	131866399	5135	-0.1245
PRION_p_TCGAb_410_11_12_13_NSP_GenomeWideSNP_6_B05_1486624	12	131874252	131874839	2	-2.1353
PRION_p_TCGAb_410_11_12_13_NSP_GenomeWideSNP_6_B05_1486624	12	131875814	133778189	835	-0.1837
PRION_p_TCGAb_410_11_12_13_NSP_GenomeWideSNP_6_B05_1486624	13	19026949	19398769	86	0.1964
PRION_p_TCGAb_410_11_12_13_NSP_GenomeWideSNP_6_B05_1486624	13	19398807	25035607	3961	0.4634
PRION_p_TCGAb_410_11_12_13_NSP_GenomeWideSNP_6_B05_1486624	13	25039590	25039598	3	-1.1393
PRION_p_TCGAb_410_11_12_13_NSP_GenomeWideSNP_6_B05_1486624	13	25039678	31142565	4503	0.5362
PRION_p_TCGAb_410_11_12_13_NSP_GenomeWideSNP_6_B05_1486624	13	31146102	31146116	2	1.7849
PRION_p_TCGAb_410_11_12_13_NSP_GenomeWideSNP_6_B05_1486624	13	31146199	38071135	4995	0.4765
PRION_p_TCGAb_410_11_12_13_NSP_GenomeWideSNP_6_B05_1486624	13	38072036	38084757	16	1.2543
PRION_p_TCGAb_410_11_12_13_NSP_GenomeWideSNP_6_B05_1486624	13	38088330	81603062	27937	0.4846
PRION_p_TCGAb_410_11_12_13_NSP_GenomeWideSNP_6_B05_1486624	13	81606745	81608496	3	-1.4809
PRION_p_TCGAb_410_11_12_13_NSP_GenomeWideSNP_6_B05_1486624	13	81608537	85722814	2601	0.4677
PRION_p_TCGAb_410_11_12_13_NSP_GenomeWideSNP_6_B05_1486624	13	85728203	85728477	3	-1.1098
PRION_p_TCGAb_410_11_12_13_NSP_GenomeWideSNP_6_B05_1486624	13	85731270	86333698	388	0.4473
PRION_p_TCGAb_410_11_12_13_NSP_GenomeWideSNP_6_B05_1486624	13	86336551	86337091	4	1.2532
PRION_p_TCGAb_410_11_12_13_NSP_GenomeWideSNP_6_B05_1486624	13	86337112	88083061	884	0.4669
PRION_p_TCGAb_410_11_12_13_NSP_GenomeWideSNP_6_B05_1486624	13	88084516	88084758	2	-1.5181
PRION_p_TCGAb_410_11_12_13_NSP_GenomeWideSNP_6_B05_1486624	13	88092539	94974630	4455	0.5319
PRION_p_TCGAb_410_11_12_13_NSP_GenomeWideSNP_6_B05_1486624	13	94976551	94978734	4	-0.5661
PRION_p_TCGAb_410_11_12_13_NSP_GenomeWideSNP_6_B05_1486624	13	94978772	104403581	6713	0.4987
PRION_p_TCGAb_410_11_12_13_NSP_GenomeWideSNP_6_B05_1486624	13	104403598	104408028	18	0.8737
PRION_p_TCGAb_410_11_12_13_NSP_GenomeWideSNP_6_B05_1486624	13	104411705	106710305	1873	0.5096
PRION_p_TCGAb_410_11_12_13_NSP_GenomeWideSNP_6_B05_1486624	13	106713325	106714010	2	-0.5523
PRION_p_TCGAb_410_11_12_13_NSP_GenomeWideSNP_6_B05_1486624	13	106716595	107897610	879	0.5099
PRION_p_TCGAb_410_11_12_13_NSP_GenomeWideSNP_6_B05_1486624	13	107901037	107901981	2	-2.2464
PRION_p_TCGAb_410_11_12_13_NSP_GenomeWideSNP_6_B05_1486624	13	107902147	115108397	4931	0.4653
PRION_p_TCGAb_410_11_12_13_NSP_GenomeWideSNP_6_B05_1486624	14	19002124	19402242	26	-0.1714
PRION_p_TCGAb_410_11_12_13_NSP_GenomeWideSNP_6_B05_1486624	14	19416191	19469520	12	-1.2904
PRION_p_TCGAb_410_11_12_13_NSP_GenomeWideSNP_6_B05_1486624	14	19541714	46597937	16663	-0.0736
PRION_p_TCGAb_410_11_12_13_NSP_GenomeWideSNP_6_B05_1486624	14	46603787	46604718	3	-2.7355
PRION_p_TCGAb_410_11_12_13_NSP_GenomeWideSNP_6_B05_1486624	14	46605604	74006707	17583	-0.0815
PRION_p_TCGAb_410_11_12_13_NSP_GenomeWideSNP_6_B05_1486624	14	74006851	74029900	8	-1.4902
PRION_p_TCGAb_410_11_12_13_NSP_GenomeWideSNP_6_B05_1486624	14	74029915	106328563	20722	-0.1011
PRION_p_TCGAb_410_11_12_13_NSP_GenomeWideSNP_6_B05_1486624	14	106328827	106329229	4	-2.3657
PRION_p_TCGAb_410_11_12_13_NSP_GenomeWideSNP_6_B05_1486624	14	106342317	107285437	495	-0.1099
PRION_p_TCGAb_410_11_12_13_NSP_GenomeWideSNP_6_B05_1486624	15	20016328	20216955	49	-0.06
PRION_p_TCGAb_410_11_12_13_NSP_GenomeWideSNP_6_B05_1486624	15	20231906	20569951	35	-0.8057
PRION_p_TCGAb_410_11_12_13_NSP_GenomeWideSNP_6_B05_1486624	15	20572616	20843562	75	-0.259
PRION_p_TCGAb_410_11_12_13_NSP_GenomeWideSNP_6_B05_1486624	15	20847933	22285769	151	-0.7706
PRION_p_TCGAb_410_11_12_13_NSP_GenomeWideSNP_6_B05_1486624	15	22287270	23417285	425	-0.1809
PRION_p_TCGAb_410_11_12_13_NSP_GenomeWideSNP_6_B05_1486624	15	23459202	23482361	3	-1.2425
PRION_p_TCGAb_410_11_12_13_NSP_GenomeWideSNP_6_B05_1486624	15	23487457	24376697	557	-0.1114
PRION_p_TCGAb_410_11_12_13_NSP_GenomeWideSNP_6_B05_1486624	15	24382443	24384565	3	-1.8106
PRION_p_TCGAb_410_11_12_13_NSP_GenomeWideSNP_6_B05_1486624	15	24386623	24681036	135	-0.0738
PRION_p_TCGAb_410_11_12_13_NSP_GenomeWideSNP_6_B05_1486624	15	24686810	24714858	29	0.2196
PRION_p_TCGAb_410_11_12_13_NSP_GenomeWideSNP_6_B05_1486624	15	24716837	27918623	2349	-0.1296
PRION_p_TCGAb_410_11_12_13_NSP_GenomeWideSNP_6_B05_1486624	15	27919497	27927806	13	-1.411
PRION_p_TCGAb_410_11_12_13_NSP_GenomeWideSNP_6_B05_1486624	15	27928794	76878362	30499	-0.0849
PRION_p_TCGAb_410_11_12_13_NSP_GenomeWideSNP_6_B05_1486624	15	76891241	76902424	28	-0.5232
PRION_p_TCGAb_410_11_12_13_NSP_GenomeWideSNP_6_B05_1486624	15	76902444	102469040	17655	-0.0948
PRION_p_TCGAb_410_11_12_13_NSP_GenomeWideSNP_6_B05_1486624	16	60777	6404837	3560	-0.0428
PRION_p_TCGAb_410_11_12_13_NSP_GenomeWideSNP_6_B05_1486624	16	6406168	6666820	338	-0.5958
PRION_p_TCGAb_410_11_12_13_NSP_GenomeWideSNP_6_B05_1486624	16	6666973	6681184	25	-1.0977
PRION_p_TCGAb_410_11_12_13_NSP_GenomeWideSNP_6_B05_1486624	16	6682107	6744498	65	-0.668
PRION_p_TCGAb_410_11_12_13_NSP_GenomeWideSNP_6_B05_1486624	16	6744642	6876855	197	-1.0236
PRION_p_TCGAb_410_11_12_13_NSP_GenomeWideSNP_6_B05_1486624	16	6882474	7026531	157	-0.5593
PRION_p_TCGAb_410_11_12_13_NSP_GenomeWideSNP_6_B05_1486624	16	7029936	32307220	15743	-0.0059
PRION_p_TCGAb_410_11_12_13_NSP_GenomeWideSNP_6_B05_1486624	16	32339105	32655239	74	0.4275
PRION_p_TCGAb_410_11_12_13_NSP_GenomeWideSNP_6_B05_1486624	16	32655295	33542840	106	0.1324
PRION_p_TCGAb_410_11_12_13_NSP_GenomeWideSNP_6_B05_1486624	16	33543987	33616138	31	0.4807
PRION_p_TCGAb_410_11_12_13_NSP_GenomeWideSNP_6_B05_1486624	16	33621334	55796594	6996	0.0115
PRION_p_TCGAb_410_11_12_13_NSP_GenomeWideSNP_6_B05_1486624	16	55798222	55798779	3	2.2243
PRION_p_TCGAb_410_11_12_13_NSP_GenomeWideSNP_6_B05_1486624	16	55804348	55822444	15	0.6501
PRION_p_TCGAb_410_11_12_13_NSP_GenomeWideSNP_6_B05_1486624	16	55829557	58842251	1819	0.0115
PRION_p_TCGAb_410_11_12_13_NSP_GenomeWideSNP_6_B05_1486624	16	58842964	58843104	2	-1.4545
PRION_p_TCGAb_410_11_12_13_NSP_GenomeWideSNP_6_B05_1486624	16	58846851	90287535	23242	0.0035
PRION_p_TCGAb_410_11_12_13_NSP_GenomeWideSNP_6_B05_1486624	17	526	745551	373	-0.6286
PRION_p_TCGAb_410_11_12_13_NSP_GenomeWideSNP_6_B05_1486624	17	745738	752003	2	-3.7871
PRION_p_TCGAb_410_11_12_13_NSP_GenomeWideSNP_6_B05_1486624	17	752114	18319862	11009	-0.4808
PRION_p_TCGAb_410_11_12_13_NSP_GenomeWideSNP_6_B05_1486624	17	18355392	18505690	36	0.2193
PRION_p_TCGAb_410_11_12_13_NSP_GenomeWideSNP_6_B05_1486624	17	18510158	22235650	1539	-0.4866
PRION_p_TCGAb_410_11_12_13_NSP_GenomeWideSNP_6_B05_1486624	17	25270411	34447127	5368	0.2005
PRION_p_TCGAb_410_11_12_13_NSP_GenomeWideSNP_6_B05_1486624	17	34447402	34535651	32	0.6909
PRION_p_TCGAb_410_11_12_13_NSP_GenomeWideSNP_6_B05_1486624	17	34543343	34861222	59	1.035
PRION_p_TCGAb_410_11_12_13_NSP_GenomeWideSNP_6_B05_1486624	17	34861303	34923026	35	0.6756
PRION_p_TCGAb_410_11_12_13_NSP_GenomeWideSNP_6_B05_1486624	17	34923042	39380430	2428	0.1997
PRION_p_TCGAb_410_11_12_13_NSP_GenomeWideSNP_6_B05_1486624	17	39387560	39393769	5	-0.6482
PRION_p_TCGAb_410_11_12_13_NSP_GenomeWideSNP_6_B05_1486624	17	39395856	39421708	12	0.1958
PRION_p_TCGAb_410_11_12_13_NSP_GenomeWideSNP_6_B05_1486624	17	39423014	39430531	24	1.6869
PRION_p_TCGAb_410_11_12_13_NSP_GenomeWideSNP_6_B05_1486624	17	39432724	39505151	74	0.1863
PRION_p_TCGAb_410_11_12_13_NSP_GenomeWideSNP_6_B05_1486624	17	39510912	39517945	11	-0.4386
PRION_p_TCGAb_410_11_12_13_NSP_GenomeWideSNP_6_B05_1486624	17	39517976	39522495	19	-0.9147
PRION_p_TCGAb_410_11_12_13_NSP_GenomeWideSNP_6_B05_1486624	17	39526309	44208333	2437	0.1804
PRION_p_TCGAb_410_11_12_13_NSP_GenomeWideSNP_6_B05_1486624	17	44208674	44441482	102	-0.1101
PRION_p_TCGAb_410_11_12_13_NSP_GenomeWideSNP_6_B05_1486624	17	44456008	55687489	7045	0.2181
PRION_p_TCGAb_410_11_12_13_NSP_GenomeWideSNP_6_B05_1486624	17	55688333	55688993	2	-2.3859
PRION_p_TCGAb_410_11_12_13_NSP_GenomeWideSNP_6_B05_1486624	17	55691993	74785598	11369	0.2131
PRION_p_TCGAb_410_11_12_13_NSP_GenomeWideSNP_6_B05_1486624	17	74788137	74788740	3	-1.2809
PRION_p_TCGAb_410_11_12_13_NSP_GenomeWideSNP_6_B05_1486624	17	74798374	79109909	2492	0.1556
PRION_p_TCGAb_410_11_12_13_NSP_GenomeWideSNP_6_B05_1486624	17	79113163	79135157	9	-0.5673
PRION_p_TCGAb_410_11_12_13_NSP_GenomeWideSNP_6_B05_1486624	17	79142261	81049726	725	0.15
PRION_p_TCGAb_410_11_12_13_NSP_GenomeWideSNP_6_B05_1486624	18	11543	99048	11	-0.7291
PRION_p_TCGAb_410_11_12_13_NSP_GenomeWideSNP_6_B05_1486624	18	100949	67309196	42974	-0.4386
PRION_p_TCGAb_410_11_12_13_NSP_GenomeWideSNP_6_B05_1486624	18	67309264	67309478	4	-2.7934
PRION_p_TCGAb_410_11_12_13_NSP_GenomeWideSNP_6_B05_1486624	18	67309705	70949890	2590	-0.4122
PRION_p_TCGAb_410_11_12_13_NSP_GenomeWideSNP_6_B05_1486624	18	70950081	70954645	12	-1.1543
PRION_p_TCGAb_410_11_12_13_NSP_GenomeWideSNP_6_B05_1486624	18	70954741	78015057	5080	-0.5042
PRION_p_TCGAb_410_11_12_13_NSP_GenomeWideSNP_6_B05_1486624	19	90910	21155593	9297	0.1604
PRION_p_TCGAb_410_11_12_13_NSP_GenomeWideSNP_6_B05_1486624	19	21157890	21165167	4	-1.1099
PRION_p_TCGAb_410_11_12_13_NSP_GenomeWideSNP_6_B05_1486624	19	21168448	21747815	326	0.1927
PRION_p_TCGAb_410_11_12_13_NSP_GenomeWideSNP_6_B05_1486624	19	21751790	21753844	4	-1.0591
PRION_p_TCGAb_410_11_12_13_NSP_GenomeWideSNP_6_B05_1486624	19	21754713	39533564	9034	0.1797
PRION_p_TCGAb_410_11_12_13_NSP_GenomeWideSNP_6_B05_1486624	19	39533819	39554200	13	-0.3778
PRION_p_TCGAb_410_11_12_13_NSP_GenomeWideSNP_6_B05_1486624	19	39554264	59097854	10655	0.124
PRION_p_TCGAb_410_11_12_13_NSP_GenomeWideSNP_6_B05_1486624	20	61305	1155600	866	0.2503
PRION_p_TCGAb_410_11_12_13_NSP_GenomeWideSNP_6_B05_1486624	20	1157485	1552503	318	-0.3586
PRION_p_TCGAb_410_11_12_13_NSP_GenomeWideSNP_6_B05_1486624	20	1557190	1561667	23	-1.821
PRION_p_TCGAb_410_11_12_13_NSP_GenomeWideSNP_6_B05_1486624	20	1567454	1582207	34	-0.5225
PRION_p_TCGAb_410_11_12_13_NSP_GenomeWideSNP_6_B05_1486624	20	1590257	1593893	5	1.3584
PRION_p_TCGAb_410_11_12_13_NSP_GenomeWideSNP_6_B05_1486624	20	1597946	12279538	8170	-0.3257
PRION_p_TCGAb_410_11_12_13_NSP_GenomeWideSNP_6_B05_1486624	20	12279584	12294072	10	-1.2296
PRION_p_TCGAb_410_11_12_13_NSP_GenomeWideSNP_6_B05_1486624	20	12294875	14546696	1561	-0.33
PRION_p_TCGAb_410_11_12_13_NSP_GenomeWideSNP_6_B05_1486624	20	14551755	14801493	194	-0.9801
PRION_p_TCGAb_410_11_12_13_NSP_GenomeWideSNP_6_B05_1486624	20	14801725	22107161	5943	-0.3421
PRION_p_TCGAb_410_11_12_13_NSP_GenomeWideSNP_6_B05_1486624	20	22110051	25990441	2782	1.1551
PRION_p_TCGAb_410_11_12_13_NSP_GenomeWideSNP_6_B05_1486624	20	25991296	26057387	5	0.0391
PRION_p_TCGAb_410_11_12_13_NSP_GenomeWideSNP_6_B05_1486624	20	26069758	33425812	1919	1.1252
PRION_p_TCGAb_410_11_12_13_NSP_GenomeWideSNP_6_B05_1486624	20	33426212	33434562	3	0.0962
PRION_p_TCGAb_410_11_12_13_NSP_GenomeWideSNP_6_B05_1486624	20	33435161	37690862	2358	1.0891
PRION_p_TCGAb_410_11_12_13_NSP_GenomeWideSNP_6_B05_1486624	20	37695645	37696409	2	-0.749
PRION_p_TCGAb_410_11_12_13_NSP_GenomeWideSNP_6_B05_1486624	20	37696520	40359519	1821	1.1089
PRION_p_TCGAb_410_11_12_13_NSP_GenomeWideSNP_6_B05_1486624	20	40360023	40360027	5	0.1276
PRION_p_TCGAb_410_11_12_13_NSP_GenomeWideSNP_6_B05_1486624	20	40360784	45481060	3744	1.1171
PRION_p_TCGAb_410_11_12_13_NSP_GenomeWideSNP_6_B05_1486624	20	45482483	45483201	2	-0.4517
PRION_p_TCGAb_410_11_12_13_NSP_GenomeWideSNP_6_B05_1486624	20	45483484	61179294	11966	1.1282
PRION_p_TCGAb_410_11_12_13_NSP_GenomeWideSNP_6_B05_1486624	20	61179388	61182062	2	-0.443
PRION_p_TCGAb_410_11_12_13_NSP_GenomeWideSNP_6_B05_1486624	20	61183145	62956153	712	1.0371
PRION_p_TCGAb_410_11_12_13_NSP_GenomeWideSNP_6_B05_1486624	21	10736871	10923425	27	-0.7836
PRION_p_TCGAb_410_11_12_13_NSP_GenomeWideSNP_6_B05_1486624	21	10926905	11013964	50	-0.4391
PRION_p_TCGAb_410_11_12_13_NSP_GenomeWideSNP_6_B05_1486624	21	11018107	11091682	20	-0.0056
PRION_p_TCGAb_410_11_12_13_NSP_GenomeWideSNP_6_B05_1486624	21	11107935	11173694	14	-0.4081
PRION_p_TCGAb_410_11_12_13_NSP_GenomeWideSNP_6_B05_1486624	21	11173793	14566371	47	0.0609
PRION_p_TCGAb_410_11_12_13_NSP_GenomeWideSNP_6_B05_1486624	21	14570284	31637480	12369	-0.4229
PRION_p_TCGAb_410_11_12_13_NSP_GenomeWideSNP_6_B05_1486624	21	31638959	31642856	6	-1.5241
PRION_p_TCGAb_410_11_12_13_NSP_GenomeWideSNP_6_B05_1486624	21	31643037	46768530	11069	-0.4522
PRION_p_TCGAb_410_11_12_13_NSP_GenomeWideSNP_6_B05_1486624	21	46775473	47041553	138	-0.8844
PRION_p_TCGAb_410_11_12_13_NSP_GenomeWideSNP_6_B05_1486624	21	47041697	48096957	623	-0.5334
PRION_p_TCGAb_410_11_12_13_NSP_GenomeWideSNP_6_B05_1486624	22	16052528	18624771	1187	-0.1077
PRION_p_TCGAb_410_11_12_13_NSP_GenomeWideSNP_6_B05_1486624	22	18626129	18629153	8	-2.921
PRION_p_TCGAb_410_11_12_13_NSP_GenomeWideSNP_6_B05_1486624	22	18630060	20205651	902	-0.2757
PRION_p_TCGAb_410_11_12_13_NSP_GenomeWideSNP_6_B05_1486624	22	20209487	20211139	2	-2.1348
PRION_p_TCGAb_410_11_12_13_NSP_GenomeWideSNP_6_B05_1486624	22	20211328	21572214	752	-0.2151
PRION_p_TCGAb_410_11_12_13_NSP_GenomeWideSNP_6_B05_1486624	22	21595029	21611349	4	-1.7449
PRION_p_TCGAb_410_11_12_13_NSP_GenomeWideSNP_6_B05_1486624	22	21708030	24350529	1762	-0.1801
PRION_p_TCGAb_410_11_12_13_NSP_GenomeWideSNP_6_B05_1486624	22	24353513	24385546	12	-0.8011
PRION_p_TCGAb_410_11_12_13_NSP_GenomeWideSNP_6_B05_1486624	22	24386631	27429276	2570	-0.1103
PRION_p_TCGAb_410_11_12_13_NSP_GenomeWideSNP_6_B05_1486624	22	27430078	27430158	2	-2.4257
PRION_p_TCGAb_410_11_12_13_NSP_GenomeWideSNP_6_B05_1486624	22	27430304	39237837	8227	-0.0877
PRION_p_TCGAb_410_11_12_13_NSP_GenomeWideSNP_6_B05_1486624	22	39241254	39241294	2	-1.1756
PRION_p_TCGAb_410_11_12_13_NSP_GenomeWideSNP_6_B05_1486624	22	39250684	39287910	18	-0.101
PRION_p_TCGAb_410_11_12_13_NSP_GenomeWideSNP_6_B05_1486624	22	39290920	39296904	4	1.0179
PRION_p_TCGAb_410_11_12_13_NSP_GenomeWideSNP_6_B05_1486624	22	39299114	45124350	3608	-0.1114
PRION_p_TCGAb_410_11_12_13_NSP_GenomeWideSNP_6_B05_1486624	22	45130373	45146425	9	-1.0989
PRION_p_TCGAb_410_11_12_13_NSP_GenomeWideSNP_6_B05_1486624	22	45146815	51234455	4461	-0.1688
PRION_p_TCGAb_410_11_12_13_NSP_GenomeWideSNP_6_B05_1486624	X	168477	9573791	5294	-0.0087
PRION_p_TCGAb_410_11_12_13_NSP_GenomeWideSNP_6_B05_1486624	X	9578063	9578745	3	-2.592
PRION_p_TCGAb_410_11_12_13_NSP_GenomeWideSNP_6_B05_1486624	X	9581229	22873915	8467	0.0053
PRION_p_TCGAb_410_11_12_13_NSP_GenomeWideSNP_6_B05_1486624	X	22873931	22873945	2	-3.0109
PRION_p_TCGAb_410_11_12_13_NSP_GenomeWideSNP_6_B05_1486624	X	22880337	32919110	6675	-0.0033
PRION_p_TCGAb_410_11_12_13_NSP_GenomeWideSNP_6_B05_1486624	X	32919715	32920433	2	-2.3606
PRION_p_TCGAb_410_11_12_13_NSP_GenomeWideSNP_6_B05_1486624	X	32924009	32983945	52	-0.0921
PRION_p_TCGAb_410_11_12_13_NSP_GenomeWideSNP_6_B05_1486624	X	32987454	32988258	3	-2.8151
PRION_p_TCGAb_410_11_12_13_NSP_GenomeWideSNP_6_B05_1486624	X	32990039	38309057	3259	9e-04
PRION_p_TCGAb_410_11_12_13_NSP_GenomeWideSNP_6_B05_1486624	X	38309323	38312463	3	-1.615
PRION_p_TCGAb_410_11_12_13_NSP_GenomeWideSNP_6_B05_1486624	X	38313759	76323128	16182	0.0141
PRION_p_TCGAb_410_11_12_13_NSP_GenomeWideSNP_6_B05_1486624	X	76330282	76473278	16	-0.7991
PRION_p_TCGAb_410_11_12_13_NSP_GenomeWideSNP_6_B05_1486624	X	76476301	89352535	6896	0.0046
PRION_p_TCGAb_410_11_12_13_NSP_GenomeWideSNP_6_B05_1486624	X	89355683	89356268	2	-2.2152
PRION_p_TCGAb_410_11_12_13_NSP_GenomeWideSNP_6_B05_1486624	X	89365828	134738804	24825	0.0163
PRION_p_TCGAb_410_11_12_13_NSP_GenomeWideSNP_6_B05_1486624	X	134739954	134749426	15	0.81
PRION_p_TCGAb_410_11_12_13_NSP_GenomeWideSNP_6_B05_1486624	X	134753919	134807391	33	-0.0674
PRION_p_TCGAb_410_11_12_13_NSP_GenomeWideSNP_6_B05_1486624	X	134807441	134811201	5	-5.4277
PRION_p_TCGAb_410_11_12_13_NSP_GenomeWideSNP_6_B05_1486624	X	134812608	154780131	12319	-0.0041
PRION_p_TCGAb_410_11_12_13_NSP_GenomeWideSNP_6_B05_1486624	X	154780170	154780682	6	-2.487
PRION_p_TCGAb_410_11_12_13_NSP_GenomeWideSNP_6_B05_1486624	X	154783013	155182354	99	0.1193
PRION_p_TCGAb_410_11_12_13_NSP_GenomeWideSNP_6_B05_1486624	Y	2650438	2978678	151	0.2469
PRION_p_TCGAb_410_11_12_13_NSP_GenomeWideSNP_6_B05_1486624	Y	2985595	6101425	721	-0.155
PRION_p_TCGAb_410_11_12_13_NSP_GenomeWideSNP_6_B05_1486624	Y	6107901	6296423	82	1.2094
PRION_p_TCGAb_410_11_12_13_NSP_GenomeWideSNP_6_B05_1486624	Y	6299046	19478007	4641	0.3537
PRION_p_TCGAb_410_11_12_13_NSP_GenomeWideSNP_6_B05_1486624	Y	19478574	20854250	615	0.8806
PRION_p_TCGAb_410_11_12_13_NSP_GenomeWideSNP_6_B05_1486624	Y	20855099	21024613	86	1.8885
PRION_p_TCGAb_410_11_12_13_NSP_GenomeWideSNP_6_B05_1486624	Y	21025062	23653347	999	0.4098
PRION_p_TCGAb_410_11_12_13_NSP_GenomeWideSNP_6_B05_1486624	Y	23653771	23690350	3	5.426
PRION_p_TCGAb_410_11_12_13_NSP_GenomeWideSNP_6_B05_1486624	Y	23715701	23992176	113	0.3713
PRION_p_TCGAb_410_11_12_13_NSP_GenomeWideSNP_6_B05_1486624	Y	23993156	26230511	470	1.0215
PRION_p_TCGAb_410_11_12_13_NSP_GenomeWideSNP_6_B05_1486624	Y	26238656	26630929	86	0.0205
PRION_p_TCGAb_410_11_12_13_NSP_GenomeWideSNP_6_B05_1486624	Y	26631228	27240184	78	1.6683
PRION_p_TCGAb_410_11_12_13_NSP_GenomeWideSNP_6_B05_1486624	Y	27254679	27720551	98	-0.0526
PRION_p_TCGAb_410_11_12_13_NSP_GenomeWideSNP_6_B05_1486624	Y	27721084	28294901	197	1.1942
PRION_p_TCGAb_410_11_12_13_NSP_GenomeWideSNP_6_B05_1486624	Y	28295149	28316052	5	5.7326
PRION_p_TCGAb_410_11_12_13_NSP_GenomeWideSNP_6_B05_1486624	Y	28320620	28452016	53	0.9111
PRION_p_TCGAb_410_11_12_13_NSP_GenomeWideSNP_6_B05_1486624	Y	28457337	59018259	174	-0.0188
