Sample	Chromosome	Start	End	Num_Probes	Segment_Mean
HELVE_p_TCGA_b139_154_155_SNP_N_GenomeWideSNP_6_C07_808590	1	61735	8174415	4055	-0.0881
HELVE_p_TCGA_b139_154_155_SNP_N_GenomeWideSNP_6_C07_808590	1	8174814	8518552	183	-0.4284
HELVE_p_TCGA_b139_154_155_SNP_N_GenomeWideSNP_6_C07_808590	1	8522553	16806925	4477	-0.0637
HELVE_p_TCGA_b139_154_155_SNP_N_GenomeWideSNP_6_C07_808590	1	16807224	17262247	182	-0.361
HELVE_p_TCGA_b139_154_155_SNP_N_GenomeWideSNP_6_C07_808590	1	17276241	25583291	5269	-0.0618
HELVE_p_TCGA_b139_154_155_SNP_N_GenomeWideSNP_6_C07_808590	1	25583341	25662005	31	0.4354
HELVE_p_TCGA_b139_154_155_SNP_N_GenomeWideSNP_6_C07_808590	1	25662212	32711360	3532	-0.0725
HELVE_p_TCGA_b139_154_155_SNP_N_GenomeWideSNP_6_C07_808590	1	32711852	110232974	49055	-0.3848
HELVE_p_TCGA_b139_154_155_SNP_N_GenomeWideSNP_6_C07_808590	1	110233037	110240178	16	0.5368
HELVE_p_TCGA_b139_154_155_SNP_N_GenomeWideSNP_6_C07_808590	1	110242953	112696537	1962	-0.4052
HELVE_p_TCGA_b139_154_155_SNP_N_GenomeWideSNP_6_C07_808590	1	112696553	112697390	17	0.1547
HELVE_p_TCGA_b139_154_155_SNP_N_GenomeWideSNP_6_C07_808590	1	112705956	121447136	5181	-0.3732
HELVE_p_TCGA_b139_154_155_SNP_N_GenomeWideSNP_6_C07_808590	1	121482979	144545755	49	-0.0418
HELVE_p_TCGA_b139_154_155_SNP_N_GenomeWideSNP_6_C07_808590	1	144546946	144880417	24	-0.3673
HELVE_p_TCGA_b139_154_155_SNP_N_GenomeWideSNP_6_C07_808590	1	144884249	148953996	1119	0.1592
HELVE_p_TCGA_b139_154_155_SNP_N_GenomeWideSNP_6_C07_808590	1	149024802	149248712	129	-0.6242
HELVE_p_TCGA_b139_154_155_SNP_N_GenomeWideSNP_6_C07_808590	1	149248727	149429206	36	-0.2802
HELVE_p_TCGA_b139_154_155_SNP_N_GenomeWideSNP_6_C07_808590	1	149436842	149644969	12	0.1865
HELVE_p_TCGA_b139_154_155_SNP_N_GenomeWideSNP_6_C07_808590	1	149645033	149835493	70	-0.1328
HELVE_p_TCGA_b139_154_155_SNP_N_GenomeWideSNP_6_C07_808590	1	149844995	152575461	1440	0.1783
HELVE_p_TCGA_b139_154_155_SNP_N_GenomeWideSNP_6_C07_808590	1	152579449	152579468	2	1.7794
HELVE_p_TCGA_b139_154_155_SNP_N_GenomeWideSNP_6_C07_808590	1	152579621	196714873	29761	0.1541
HELVE_p_TCGA_b139_154_155_SNP_N_GenomeWideSNP_6_C07_808590	1	196727850	196801655	87	-0.3836
HELVE_p_TCGA_b139_154_155_SNP_N_GenomeWideSNP_6_C07_808590	1	196801784	241205433	30643	0.1529
HELVE_p_TCGA_b139_154_155_SNP_N_GenomeWideSNP_6_C07_808590	1	241205611	241205674	2	1.6587
HELVE_p_TCGA_b139_154_155_SNP_N_GenomeWideSNP_6_C07_808590	1	241208996	249224388	5305	0.1496
HELVE_p_TCGA_b139_154_155_SNP_N_GenomeWideSNP_6_C07_808590	2	12784	98118212	61304	-0.0867
HELVE_p_TCGA_b139_154_155_SNP_N_GenomeWideSNP_6_C07_808590	2	98140747	98162189	9	-1.1362
HELVE_p_TCGA_b139_154_155_SNP_N_GenomeWideSNP_6_C07_808590	2	98166878	114362015	9428	-0.0799
HELVE_p_TCGA_b139_154_155_SNP_N_GenomeWideSNP_6_C07_808590	2	114362414	114362416	2	-1.701
HELVE_p_TCGA_b139_154_155_SNP_N_GenomeWideSNP_6_C07_808590	2	114380821	129637927	9605	-0.0894
HELVE_p_TCGA_b139_154_155_SNP_N_GenomeWideSNP_6_C07_808590	2	129638078	129639236	14	0.5014
HELVE_p_TCGA_b139_154_155_SNP_N_GenomeWideSNP_6_C07_808590	2	129640297	129784159	111	-0.1027
HELVE_p_TCGA_b139_154_155_SNP_N_GenomeWideSNP_6_C07_808590	2	129784723	129785420	3	-1.5525
HELVE_p_TCGA_b139_154_155_SNP_N_GenomeWideSNP_6_C07_808590	2	129789108	146864429	10365	-0.1094
HELVE_p_TCGA_b139_154_155_SNP_N_GenomeWideSNP_6_C07_808590	2	146864443	146866934	22	0.7225
HELVE_p_TCGA_b139_154_155_SNP_N_GenomeWideSNP_6_C07_808590	2	146877806	184085453	22860	-0.0787
HELVE_p_TCGA_b139_154_155_SNP_N_GenomeWideSNP_6_C07_808590	2	184085788	184089724	9	-1.1764
HELVE_p_TCGA_b139_154_155_SNP_N_GenomeWideSNP_6_C07_808590	2	184093998	185316676	839	-0.0875
HELVE_p_TCGA_b139_154_155_SNP_N_GenomeWideSNP_6_C07_808590	2	185316880	185320059	4	1.128
HELVE_p_TCGA_b139_154_155_SNP_N_GenomeWideSNP_6_C07_808590	2	185325519	242696254	35268	-0.0826
HELVE_p_TCGA_b139_154_155_SNP_N_GenomeWideSNP_6_C07_808590	2	242718444	242783333	15	0.3936
HELVE_p_TCGA_b139_154_155_SNP_N_GenomeWideSNP_6_C07_808590	2	242783396	243089456	143	-0.0118
HELVE_p_TCGA_b139_154_155_SNP_N_GenomeWideSNP_6_C07_808590	3	60345	53023211	35782	0.0522
HELVE_p_TCGA_b139_154_155_SNP_N_GenomeWideSNP_6_C07_808590	3	53028375	53039279	40	-0.4999
HELVE_p_TCGA_b139_154_155_SNP_N_GenomeWideSNP_6_C07_808590	3	53039455	61127205	6120	0.0441
HELVE_p_TCGA_b139_154_155_SNP_N_GenomeWideSNP_6_C07_808590	3	61127304	61168561	47	0.3545
HELVE_p_TCGA_b139_154_155_SNP_N_GenomeWideSNP_6_C07_808590	3	61169455	98937784	21821	0.0426
HELVE_p_TCGA_b139_154_155_SNP_N_GenomeWideSNP_6_C07_808590	3	98944458	98945299	14	-1.3647
HELVE_p_TCGA_b139_154_155_SNP_N_GenomeWideSNP_6_C07_808590	3	98945395	98949056	13	-2.8817
HELVE_p_TCGA_b139_154_155_SNP_N_GenomeWideSNP_6_C07_808590	3	98949069	98949301	8	-1.0234
HELVE_p_TCGA_b139_154_155_SNP_N_GenomeWideSNP_6_C07_808590	3	98949308	107035798	4783	0.043
HELVE_p_TCGA_b139_154_155_SNP_N_GenomeWideSNP_6_C07_808590	3	107036184	107039461	2	-1.7488
HELVE_p_TCGA_b139_154_155_SNP_N_GenomeWideSNP_6_C07_808590	3	107043012	110012652	1823	0.0789
HELVE_p_TCGA_b139_154_155_SNP_N_GenomeWideSNP_6_C07_808590	3	110014170	110578314	391	-0.2099
HELVE_p_TCGA_b139_154_155_SNP_N_GenomeWideSNP_6_C07_808590	3	110578809	162540009	32114	0.0464
HELVE_p_TCGA_b139_154_155_SNP_N_GenomeWideSNP_6_C07_808590	3	162540473	162540490	2	-2.069
HELVE_p_TCGA_b139_154_155_SNP_N_GenomeWideSNP_6_C07_808590	3	162545716	174903892	7521	0.048
HELVE_p_TCGA_b139_154_155_SNP_N_GenomeWideSNP_6_C07_808590	3	174909418	175261005	349	-0.392
HELVE_p_TCGA_b139_154_155_SNP_N_GenomeWideSNP_6_C07_808590	3	175262419	182427687	4231	0.0486
HELVE_p_TCGA_b139_154_155_SNP_N_GenomeWideSNP_6_C07_808590	3	182428328	192880473	7144	-0.3864
HELVE_p_TCGA_b139_154_155_SNP_N_GenomeWideSNP_6_C07_808590	3	192880587	192882903	12	-1.0896
HELVE_p_TCGA_b139_154_155_SNP_N_GenomeWideSNP_6_C07_808590	3	192886435	193482597	408	-0.363
HELVE_p_TCGA_b139_154_155_SNP_N_GenomeWideSNP_6_C07_808590	3	193482796	197896118	2298	0.0614
HELVE_p_TCGA_b139_154_155_SNP_N_GenomeWideSNP_6_C07_808590	4	12281	10210390	5804	-0.1524
HELVE_p_TCGA_b139_154_155_SNP_N_GenomeWideSNP_6_C07_808590	4	10214160	10231498	29	-1.4831
HELVE_p_TCGA_b139_154_155_SNP_N_GenomeWideSNP_6_C07_808590	4	10234214	34779040	16998	-0.1524
HELVE_p_TCGA_b139_154_155_SNP_N_GenomeWideSNP_6_C07_808590	4	34779054	34829949	43	0.2182
HELVE_p_TCGA_b139_154_155_SNP_N_GenomeWideSNP_6_C07_808590	4	34830004	45005755	6636	-0.1314
HELVE_p_TCGA_b139_154_155_SNP_N_GenomeWideSNP_6_C07_808590	4	45005852	45006335	4	-1.7285
HELVE_p_TCGA_b139_154_155_SNP_N_GenomeWideSNP_6_C07_808590	4	45010969	64691407	9928	-0.1481
HELVE_p_TCGA_b139_154_155_SNP_N_GenomeWideSNP_6_C07_808590	4	64692059	64717026	34	0.2795
HELVE_p_TCGA_b139_154_155_SNP_N_GenomeWideSNP_6_C07_808590	4	64718043	69244434	2852	-0.1552
HELVE_p_TCGA_b139_154_155_SNP_N_GenomeWideSNP_6_C07_808590	4	69255070	69256759	3	1.598
HELVE_p_TCGA_b139_154_155_SNP_N_GenomeWideSNP_6_C07_808590	4	69256760	69367142	24	-0.2964
HELVE_p_TCGA_b139_154_155_SNP_N_GenomeWideSNP_6_C07_808590	4	69372003	69505115	67	0.4285
HELVE_p_TCGA_b139_154_155_SNP_N_GenomeWideSNP_6_C07_808590	4	69506334	70120699	322	-0.116
HELVE_p_TCGA_b139_154_155_SNP_N_GenomeWideSNP_6_C07_808590	4	70120893	70232124	60	0.223
HELVE_p_TCGA_b139_154_155_SNP_N_GenomeWideSNP_6_C07_808590	4	70236151	115173700	27356	-0.1301
HELVE_p_TCGA_b139_154_155_SNP_N_GenomeWideSNP_6_C07_808590	4	115175323	115184229	24	-1.1053
HELVE_p_TCGA_b139_154_155_SNP_N_GenomeWideSNP_6_C07_808590	4	115184252	144291409	17377	-0.1427
HELVE_p_TCGA_b139_154_155_SNP_N_GenomeWideSNP_6_C07_808590	4	144292157	144292160	4	-1.2202
HELVE_p_TCGA_b139_154_155_SNP_N_GenomeWideSNP_6_C07_808590	4	144293936	155802548	6725	-0.1222
HELVE_p_TCGA_b139_154_155_SNP_N_GenomeWideSNP_6_C07_808590	4	155803005	155803078	3	-2.5134
HELVE_p_TCGA_b139_154_155_SNP_N_GenomeWideSNP_6_C07_808590	4	155803199	158806953	2013	-0.1506
HELVE_p_TCGA_b139_154_155_SNP_N_GenomeWideSNP_6_C07_808590	4	158810144	158810200	2	-1.6588
HELVE_p_TCGA_b139_154_155_SNP_N_GenomeWideSNP_6_C07_808590	4	158810499	161873721	1895	-0.1164
HELVE_p_TCGA_b139_154_155_SNP_N_GenomeWideSNP_6_C07_808590	4	161873736	161884958	30	0.2368
HELVE_p_TCGA_b139_154_155_SNP_N_GenomeWideSNP_6_C07_808590	4	161884967	172987928	7074	-0.1448
HELVE_p_TCGA_b139_154_155_SNP_N_GenomeWideSNP_6_C07_808590	4	172989148	172997509	15	0.652
HELVE_p_TCGA_b139_154_155_SNP_N_GenomeWideSNP_6_C07_808590	4	173000821	173422522	228	-0.0988
HELVE_p_TCGA_b139_154_155_SNP_N_GenomeWideSNP_6_C07_808590	4	173424947	173425227	3	0.9045
HELVE_p_TCGA_b139_154_155_SNP_N_GenomeWideSNP_6_C07_808590	4	173428342	190189043	11490	-0.1482
HELVE_p_TCGA_b139_154_155_SNP_N_GenomeWideSNP_6_C07_808590	4	190195118	190199264	4	-1.4713
HELVE_p_TCGA_b139_154_155_SNP_N_GenomeWideSNP_6_C07_808590	4	190199771	191027923	385	-0.1902
HELVE_p_TCGA_b139_154_155_SNP_N_GenomeWideSNP_6_C07_808590	5	15532	45916048	30724	-0.1179
HELVE_p_TCGA_b139_154_155_SNP_N_GenomeWideSNP_6_C07_808590	5	45921139	45962356	9	0.565
HELVE_p_TCGA_b139_154_155_SNP_N_GenomeWideSNP_6_C07_808590	5	45973448	46251306	54	-0.1158
HELVE_p_TCGA_b139_154_155_SNP_N_GenomeWideSNP_6_C07_808590	5	46271008	46278212	9	0.9212
HELVE_p_TCGA_b139_154_155_SNP_N_GenomeWideSNP_6_C07_808590	5	46313347	46389273	18	-0.021
HELVE_p_TCGA_b139_154_155_SNP_N_GenomeWideSNP_6_C07_808590	5	49432831	49441958	2	-1.4664
HELVE_p_TCGA_b139_154_155_SNP_N_GenomeWideSNP_6_C07_808590	5	49447306	57321646	5056	-0.1003
HELVE_p_TCGA_b139_154_155_SNP_N_GenomeWideSNP_6_C07_808590	5	57326027	57332554	26	0.295
HELVE_p_TCGA_b139_154_155_SNP_N_GenomeWideSNP_6_C07_808590	5	57332644	68846303	7311	-0.0977
HELVE_p_TCGA_b139_154_155_SNP_N_GenomeWideSNP_6_C07_808590	5	68867294	69118135	5	-1.2365
HELVE_p_TCGA_b139_154_155_SNP_N_GenomeWideSNP_6_C07_808590	5	69233427	103851221	19556	-0.1026
HELVE_p_TCGA_b139_154_155_SNP_N_GenomeWideSNP_6_C07_808590	5	103860373	103860604	4	1.167
HELVE_p_TCGA_b139_154_155_SNP_N_GenomeWideSNP_6_C07_808590	5	103861049	180374523	50124	-0.1045
HELVE_p_TCGA_b139_154_155_SNP_N_GenomeWideSNP_6_C07_808590	5	180378710	180433225	20	0.4712
HELVE_p_TCGA_b139_154_155_SNP_N_GenomeWideSNP_6_C07_808590	5	180433264	180790320	170	-0.0948
HELVE_p_TCGA_b139_154_155_SNP_N_GenomeWideSNP_6_C07_808590	6	149661	23057637	17729	0.1378
HELVE_p_TCGA_b139_154_155_SNP_N_GenomeWideSNP_6_C07_808590	6	23060991	23060999	3	-1.4215
HELVE_p_TCGA_b139_154_155_SNP_N_GenomeWideSNP_6_C07_808590	6	23064254	29837072	4006	0.1213
HELVE_p_TCGA_b139_154_155_SNP_N_GenomeWideSNP_6_C07_808590	6	29837187	29849267	16	-0.7893
HELVE_p_TCGA_b139_154_155_SNP_N_GenomeWideSNP_6_C07_808590	6	29850196	32431552	1186	0.1364
HELVE_p_TCGA_b139_154_155_SNP_N_GenomeWideSNP_6_C07_808590	6	32448129	32501299	21	-0.4083
HELVE_p_TCGA_b139_154_155_SNP_N_GenomeWideSNP_6_C07_808590	6	32508476	32527284	6	-1.8355
HELVE_p_TCGA_b139_154_155_SNP_N_GenomeWideSNP_6_C07_808590	6	32530144	32580617	19	-0.0739
HELVE_p_TCGA_b139_154_155_SNP_N_GenomeWideSNP_6_C07_808590	6	32581838	32601317	11	1.1185
HELVE_p_TCGA_b139_154_155_SNP_N_GenomeWideSNP_6_C07_808590	6	32602107	32675109	37	-0.2333
HELVE_p_TCGA_b139_154_155_SNP_N_GenomeWideSNP_6_C07_808590	6	32675190	33868879	720	0.1408
HELVE_p_TCGA_b139_154_155_SNP_N_GenomeWideSNP_6_C07_808590	6	33869475	33874440	2	-1.2731
HELVE_p_TCGA_b139_154_155_SNP_N_GenomeWideSNP_6_C07_808590	6	33878974	53931151	12997	0.1528
HELVE_p_TCGA_b139_154_155_SNP_N_GenomeWideSNP_6_C07_808590	6	53931230	53931855	6	-1.0396
HELVE_p_TCGA_b139_154_155_SNP_N_GenomeWideSNP_6_C07_808590	6	53935348	55825495	1209	0.1394
HELVE_p_TCGA_b139_154_155_SNP_N_GenomeWideSNP_6_C07_808590	6	55826155	55843660	10	-0.823
HELVE_p_TCGA_b139_154_155_SNP_N_GenomeWideSNP_6_C07_808590	6	55850878	74591858	9296	0.1247
HELVE_p_TCGA_b139_154_155_SNP_N_GenomeWideSNP_6_C07_808590	6	74592225	74597341	9	0.7342
HELVE_p_TCGA_b139_154_155_SNP_N_GenomeWideSNP_6_C07_808590	6	74601410	77439868	1769	0.1289
HELVE_p_TCGA_b139_154_155_SNP_N_GenomeWideSNP_6_C07_808590	6	77440048	77452757	20	-0.4741
HELVE_p_TCGA_b139_154_155_SNP_N_GenomeWideSNP_6_C07_808590	6	77461073	79326617	1292	0.1401
HELVE_p_TCGA_b139_154_155_SNP_N_GenomeWideSNP_6_C07_808590	6	79326641	79328430	2	-0.887
HELVE_p_TCGA_b139_154_155_SNP_N_GenomeWideSNP_6_C07_808590	6	79331096	103734829	15280	0.1241
HELVE_p_TCGA_b139_154_155_SNP_N_GenomeWideSNP_6_C07_808590	6	103737976	103765670	48	-0.8349
HELVE_p_TCGA_b139_154_155_SNP_N_GenomeWideSNP_6_C07_808590	6	103765711	119288475	9564	0.1495
HELVE_p_TCGA_b139_154_155_SNP_N_GenomeWideSNP_6_C07_808590	6	119291754	119292352	2	-1.011
HELVE_p_TCGA_b139_154_155_SNP_N_GenomeWideSNP_6_C07_808590	6	119297440	157779495	25243	0.1375
HELVE_p_TCGA_b139_154_155_SNP_N_GenomeWideSNP_6_C07_808590	6	157781264	157796076	3	1.4567
HELVE_p_TCGA_b139_154_155_SNP_N_GenomeWideSNP_6_C07_808590	6	157796994	161712880	2644	0.155
HELVE_p_TCGA_b139_154_155_SNP_N_GenomeWideSNP_6_C07_808590	6	161721413	162449122	638	-0.1888
HELVE_p_TCGA_b139_154_155_SNP_N_GenomeWideSNP_6_C07_808590	6	162451920	162514641	90	0.1039
HELVE_p_TCGA_b139_154_155_SNP_N_GenomeWideSNP_6_C07_808590	6	162517497	162721807	140	-0.3778
HELVE_p_TCGA_b139_154_155_SNP_N_GenomeWideSNP_6_C07_808590	6	162722268	162880494	149	0.0817
HELVE_p_TCGA_b139_154_155_SNP_N_GenomeWideSNP_6_C07_808590	6	162881103	163155451	194	-0.1835
HELVE_p_TCGA_b139_154_155_SNP_N_GenomeWideSNP_6_C07_808590	6	163157655	171051005	5573	0.1134
HELVE_p_TCGA_b139_154_155_SNP_N_GenomeWideSNP_6_C07_808590	7	43355	9104771	5371	0.5242
HELVE_p_TCGA_b139_154_155_SNP_N_GenomeWideSNP_6_C07_808590	7	9105026	9105572	3	-1.4984
HELVE_p_TCGA_b139_154_155_SNP_N_GenomeWideSNP_6_C07_808590	7	9113735	9868409	591	0.3413
HELVE_p_TCGA_b139_154_155_SNP_N_GenomeWideSNP_6_C07_808590	7	9868671	9876980	11	0.8792
HELVE_p_TCGA_b139_154_155_SNP_N_GenomeWideSNP_6_C07_808590	7	9877133	38357323	21567	0.3588
HELVE_p_TCGA_b139_154_155_SNP_N_GenomeWideSNP_6_C07_808590	7	38358227	38358956	4	1.1235
HELVE_p_TCGA_b139_154_155_SNP_N_GenomeWideSNP_6_C07_808590	7	38362072	38387443	14	0.3918
HELVE_p_TCGA_b139_154_155_SNP_N_GenomeWideSNP_6_C07_808590	7	38391365	38398047	5	-1.0125
HELVE_p_TCGA_b139_154_155_SNP_N_GenomeWideSNP_6_C07_808590	7	38400957	54380373	11005	0.3407
HELVE_p_TCGA_b139_154_155_SNP_N_GenomeWideSNP_6_C07_808590	7	54386505	54386517	6	1.2842
HELVE_p_TCGA_b139_154_155_SNP_N_GenomeWideSNP_6_C07_808590	7	54393488	64594341	3139	0.3111
HELVE_p_TCGA_b139_154_155_SNP_N_GenomeWideSNP_6_C07_808590	7	64594929	64595698	4	1.4722
HELVE_p_TCGA_b139_154_155_SNP_N_GenomeWideSNP_6_C07_808590	7	64637128	70420438	3154	0.3246
HELVE_p_TCGA_b139_154_155_SNP_N_GenomeWideSNP_6_C07_808590	7	70423250	70426141	2	-1.9837
HELVE_p_TCGA_b139_154_155_SNP_N_GenomeWideSNP_6_C07_808590	7	70428243	109433798	22506	0.3454
HELVE_p_TCGA_b139_154_155_SNP_N_GenomeWideSNP_6_C07_808590	7	109437092	109437101	8	-0.6947
HELVE_p_TCGA_b139_154_155_SNP_N_GenomeWideSNP_6_C07_808590	7	109437669	109437680	5	0.4184
HELVE_p_TCGA_b139_154_155_SNP_N_GenomeWideSNP_6_C07_808590	7	109437757	109441212	11	-0.3868
HELVE_p_TCGA_b139_154_155_SNP_N_GenomeWideSNP_6_C07_808590	7	109441244	109453910	11	-1.6768
HELVE_p_TCGA_b139_154_155_SNP_N_GenomeWideSNP_6_C07_808590	7	109453982	133778649	14751	0.3571
HELVE_p_TCGA_b139_154_155_SNP_N_GenomeWideSNP_6_C07_808590	7	133778652	133787087	17	-0.1719
HELVE_p_TCGA_b139_154_155_SNP_N_GenomeWideSNP_6_C07_808590	7	133787146	133789284	4	0.7408
HELVE_p_TCGA_b139_154_155_SNP_N_GenomeWideSNP_6_C07_808590	7	133789506	133798543	14	-0.2413
HELVE_p_TCGA_b139_154_155_SNP_N_GenomeWideSNP_6_C07_808590	7	133798558	135385376	1140	0.3413
HELVE_p_TCGA_b139_154_155_SNP_N_GenomeWideSNP_6_C07_808590	7	135385987	135386145	2	-0.8422
HELVE_p_TCGA_b139_154_155_SNP_N_GenomeWideSNP_6_C07_808590	7	135391997	142474939	4552	0.3529
HELVE_p_TCGA_b139_154_155_SNP_N_GenomeWideSNP_6_C07_808590	7	142476719	142479722	8	-3.2288
HELVE_p_TCGA_b139_154_155_SNP_N_GenomeWideSNP_6_C07_808590	7	142479807	142486045	19	-1.4914
HELVE_p_TCGA_b139_154_155_SNP_N_GenomeWideSNP_6_C07_808590	7	142486115	143931078	848	0.346
HELVE_p_TCGA_b139_154_155_SNP_N_GenomeWideSNP_6_C07_808590	7	143931103	144049301	30	0.7086
HELVE_p_TCGA_b139_154_155_SNP_N_GenomeWideSNP_6_C07_808590	7	144049379	159127004	9701	0.3372
HELVE_p_TCGA_b139_154_155_SNP_N_GenomeWideSNP_6_C07_808590	8	31254	593041	327	0.2363
HELVE_p_TCGA_b139_154_155_SNP_N_GenomeWideSNP_6_C07_808590	8	594944	595875	8	1.0661
HELVE_p_TCGA_b139_154_155_SNP_N_GenomeWideSNP_6_C07_808590	8	595892	595908	2	3.9781
HELVE_p_TCGA_b139_154_155_SNP_N_GenomeWideSNP_6_C07_808590	8	601043	2701934	1786	0.2313
HELVE_p_TCGA_b139_154_155_SNP_N_GenomeWideSNP_6_C07_808590	8	2703533	2703899	7	-0.8346
HELVE_p_TCGA_b139_154_155_SNP_N_GenomeWideSNP_6_C07_808590	8	2707171	8385797	6232	0.224
HELVE_p_TCGA_b139_154_155_SNP_N_GenomeWideSNP_6_C07_808590	8	8386150	8388892	9	-0.6346
HELVE_p_TCGA_b139_154_155_SNP_N_GenomeWideSNP_6_C07_808590	8	8389140	12198189	2937	0.2605
HELVE_p_TCGA_b139_154_155_SNP_N_GenomeWideSNP_6_C07_808590	8	12198254	12558929	137	-0.0397
HELVE_p_TCGA_b139_154_155_SNP_N_GenomeWideSNP_6_C07_808590	8	12559835	13146781	530	0.2324
HELVE_p_TCGA_b139_154_155_SNP_N_GenomeWideSNP_6_C07_808590	8	13147465	13147702	3	-0.8359
HELVE_p_TCGA_b139_154_155_SNP_N_GenomeWideSNP_6_C07_808590	8	13147852	13810119	736	0.2247
HELVE_p_TCGA_b139_154_155_SNP_N_GenomeWideSNP_6_C07_808590	8	13810229	13815237	5	-0.7775
HELVE_p_TCGA_b139_154_155_SNP_N_GenomeWideSNP_6_C07_808590	8	13815335	20504690	6049	0.2274
HELVE_p_TCGA_b139_154_155_SNP_N_GenomeWideSNP_6_C07_808590	8	20506389	20513588	2	-0.8934
HELVE_p_TCGA_b139_154_155_SNP_N_GenomeWideSNP_6_C07_808590	8	20513633	24974522	3076	0.2429
HELVE_p_TCGA_b139_154_155_SNP_N_GenomeWideSNP_6_C07_808590	8	24974577	24984333	24	-0.4452
HELVE_p_TCGA_b139_154_155_SNP_N_GenomeWideSNP_6_C07_808590	8	24991104	38160043	8455	0.2317
HELVE_p_TCGA_b139_154_155_SNP_N_GenomeWideSNP_6_C07_808590	8	38160943	38288463	65	0.9334
HELVE_p_TCGA_b139_154_155_SNP_N_GenomeWideSNP_6_C07_808590	8	38290359	38290509	3	-0.2687
HELVE_p_TCGA_b139_154_155_SNP_N_GenomeWideSNP_6_C07_808590	8	38291087	38468681	151	0.9252
HELVE_p_TCGA_b139_154_155_SNP_N_GenomeWideSNP_6_C07_808590	8	38469303	39230659	357	0.2471
HELVE_p_TCGA_b139_154_155_SNP_N_GenomeWideSNP_6_C07_808590	8	39235603	39386965	59	0.8863
HELVE_p_TCGA_b139_154_155_SNP_N_GenomeWideSNP_6_C07_808590	8	39388299	47525576	2774	0.2163
HELVE_p_TCGA_b139_154_155_SNP_N_GenomeWideSNP_6_C07_808590	8	47527548	47536546	9	0.9435
HELVE_p_TCGA_b139_154_155_SNP_N_GenomeWideSNP_6_C07_808590	8	47546095	67036573	12020	0.2323
HELVE_p_TCGA_b139_154_155_SNP_N_GenomeWideSNP_6_C07_808590	8	67037110	67037464	2	-1.3041
HELVE_p_TCGA_b139_154_155_SNP_N_GenomeWideSNP_6_C07_808590	8	67039389	112291494	27246	0.2384
HELVE_p_TCGA_b139_154_155_SNP_N_GenomeWideSNP_6_C07_808590	8	112294279	112295260	10	1.0128
HELVE_p_TCGA_b139_154_155_SNP_N_GenomeWideSNP_6_C07_808590	8	112300281	113375693	569	0.2094
HELVE_p_TCGA_b139_154_155_SNP_N_GenomeWideSNP_6_C07_808590	8	113375824	113375895	2	-1.5149
HELVE_p_TCGA_b139_154_155_SNP_N_GenomeWideSNP_6_C07_808590	8	113376378	146298155	22362	0.2441
HELVE_p_TCGA_b139_154_155_SNP_N_GenomeWideSNP_6_C07_808590	9	46587	79769394	38393	-0.0852
HELVE_p_TCGA_b139_154_155_SNP_N_GenomeWideSNP_6_C07_808590	9	79770398	79777404	29	0.5518
HELVE_p_TCGA_b139_154_155_SNP_N_GenomeWideSNP_6_C07_808590	9	79786128	80456275	437	-0.0526
HELVE_p_TCGA_b139_154_155_SNP_N_GenomeWideSNP_6_C07_808590	9	80457604	80470881	13	0.3149
HELVE_p_TCGA_b139_154_155_SNP_N_GenomeWideSNP_6_C07_808590	9	80472813	96747568	11342	-0.1031
HELVE_p_TCGA_b139_154_155_SNP_N_GenomeWideSNP_6_C07_808590	9	96753722	104757230	5229	-0.3742
HELVE_p_TCGA_b139_154_155_SNP_N_GenomeWideSNP_6_C07_808590	9	104757385	104773210	16	-0.9919
HELVE_p_TCGA_b139_154_155_SNP_N_GenomeWideSNP_6_C07_808590	9	104773565	140188668	24002	-0.3881
HELVE_p_TCGA_b139_154_155_SNP_N_GenomeWideSNP_6_C07_808590	9	140219855	140255833	23	0.0248
HELVE_p_TCGA_b139_154_155_SNP_N_GenomeWideSNP_6_C07_808590	9	140273003	141025318	393	-0.3628
HELVE_p_TCGA_b139_154_155_SNP_N_GenomeWideSNP_6_C07_808590	9	141025328	141032943	4	-1.3069
HELVE_p_TCGA_b139_154_155_SNP_N_GenomeWideSNP_6_C07_808590	9	141033148	141091394	12	-0.4242
HELVE_p_TCGA_b139_154_155_SNP_N_GenomeWideSNP_6_C07_808590	10	72759	24375263	19236	-0.1174
HELVE_p_TCGA_b139_154_155_SNP_N_GenomeWideSNP_6_C07_808590	10	24377674	24379007	14	0.5911
HELVE_p_TCGA_b139_154_155_SNP_N_GenomeWideSNP_6_C07_808590	10	24379039	47055654	12402	-0.1145
HELVE_p_TCGA_b139_154_155_SNP_N_GenomeWideSNP_6_C07_808590	10	47055711	47059806	22	0.507
HELVE_p_TCGA_b139_154_155_SNP_N_GenomeWideSNP_6_C07_808590	10	47059821	48902376	563	-0.1956
HELVE_p_TCGA_b139_154_155_SNP_N_GenomeWideSNP_6_C07_808590	10	48928791	49333790	26	0.3023
HELVE_p_TCGA_b139_154_155_SNP_N_GenomeWideSNP_6_C07_808590	10	49363009	56680277	5099	-0.1156
HELVE_p_TCGA_b139_154_155_SNP_N_GenomeWideSNP_6_C07_808590	10	56683090	56684037	2	-2.0536
HELVE_p_TCGA_b139_154_155_SNP_N_GenomeWideSNP_6_C07_808590	10	56687294	57587929	609	-0.1181
HELVE_p_TCGA_b139_154_155_SNP_N_GenomeWideSNP_6_C07_808590	10	57588292	57590768	2	1.3199
HELVE_p_TCGA_b139_154_155_SNP_N_GenomeWideSNP_6_C07_808590	10	57593097	67307936	6758	-0.0996
HELVE_p_TCGA_b139_154_155_SNP_N_GenomeWideSNP_6_C07_808590	10	67307951	67314430	25	-0.957
HELVE_p_TCGA_b139_154_155_SNP_N_GenomeWideSNP_6_C07_808590	10	67314446	135506704	46299	-0.1064
HELVE_p_TCGA_b139_154_155_SNP_N_GenomeWideSNP_6_C07_808590	11	198510	4968117	2476	0.1439
HELVE_p_TCGA_b139_154_155_SNP_N_GenomeWideSNP_6_C07_808590	11	4968510	4976493	34	0.7948
HELVE_p_TCGA_b139_154_155_SNP_N_GenomeWideSNP_6_C07_808590	11	4976534	25219111	15265	0.1339
HELVE_p_TCGA_b139_154_155_SNP_N_GenomeWideSNP_6_C07_808590	11	25219145	25224253	3	1.0993
HELVE_p_TCGA_b139_154_155_SNP_N_GenomeWideSNP_6_C07_808590	11	25224928	25718177	390	0.1251
HELVE_p_TCGA_b139_154_155_SNP_N_GenomeWideSNP_6_C07_808590	11	25718626	25722078	7	0.7957
HELVE_p_TCGA_b139_154_155_SNP_N_GenomeWideSNP_6_C07_808590	11	25722150	48598422	15251	0.1298
HELVE_p_TCGA_b139_154_155_SNP_N_GenomeWideSNP_6_C07_808590	11	48601434	48606318	3	-0.9801
HELVE_p_TCGA_b139_154_155_SNP_N_GenomeWideSNP_6_C07_808590	11	48608157	55376023	1227	0.1056
HELVE_p_TCGA_b139_154_155_SNP_N_GenomeWideSNP_6_C07_808590	11	55376236	55442318	43	-0.2123
HELVE_p_TCGA_b139_154_155_SNP_N_GenomeWideSNP_6_C07_808590	11	55444211	79967746	13314	0.1429
HELVE_p_TCGA_b139_154_155_SNP_N_GenomeWideSNP_6_C07_808590	11	79967803	79983598	25	-0.8282
HELVE_p_TCGA_b139_154_155_SNP_N_GenomeWideSNP_6_C07_808590	11	79984715	89469882	6592	0.1283
HELVE_p_TCGA_b139_154_155_SNP_N_GenomeWideSNP_6_C07_808590	11	89472544	89550224	15	-0.369
HELVE_p_TCGA_b139_154_155_SNP_N_GenomeWideSNP_6_C07_808590	11	89567541	89818604	18	0.1589
HELVE_p_TCGA_b139_154_155_SNP_N_GenomeWideSNP_6_C07_808590	11	89832041	89832843	3	-0.9063
HELVE_p_TCGA_b139_154_155_SNP_N_GenomeWideSNP_6_C07_808590	11	89833736	91830489	1417	0.109
HELVE_p_TCGA_b139_154_155_SNP_N_GenomeWideSNP_6_C07_808590	11	91830658	91831043	2	2.1499
HELVE_p_TCGA_b139_154_155_SNP_N_GenomeWideSNP_6_C07_808590	11	91832704	98499049	4759	0.1258
HELVE_p_TCGA_b139_154_155_SNP_N_GenomeWideSNP_6_C07_808590	11	98503185	98508376	6	-0.8949
HELVE_p_TCGA_b139_154_155_SNP_N_GenomeWideSNP_6_C07_808590	11	98508471	101527828	2437	0.1093
HELVE_p_TCGA_b139_154_155_SNP_N_GenomeWideSNP_6_C07_808590	11	101532055	101532329	2	-0.8789
HELVE_p_TCGA_b139_154_155_SNP_N_GenomeWideSNP_6_C07_808590	11	101532943	134944770	23826	0.1255
HELVE_p_TCGA_b139_154_155_SNP_N_GenomeWideSNP_6_C07_808590	12	150442	9619705	6198	-0.0994
HELVE_p_TCGA_b139_154_155_SNP_N_GenomeWideSNP_6_C07_808590	12	9620109	9734970	33	-0.6046
HELVE_p_TCGA_b139_154_155_SNP_N_GenomeWideSNP_6_C07_808590	12	9735686	30234044	14340	-0.0902
HELVE_p_TCGA_b139_154_155_SNP_N_GenomeWideSNP_6_C07_808590	12	30235279	30235581	3	-2.2568
HELVE_p_TCGA_b139_154_155_SNP_N_GenomeWideSNP_6_C07_808590	12	30239267	45904438	7941	-0.1027
HELVE_p_TCGA_b139_154_155_SNP_N_GenomeWideSNP_6_C07_808590	12	45905840	45909537	3	-2.1416
HELVE_p_TCGA_b139_154_155_SNP_N_GenomeWideSNP_6_C07_808590	12	45913292	127238866	51642	-0.1021
HELVE_p_TCGA_b139_154_155_SNP_N_GenomeWideSNP_6_C07_808590	12	127239061	127242103	3	-1.6431
HELVE_p_TCGA_b139_154_155_SNP_N_GenomeWideSNP_6_C07_808590	12	127242957	132120715	4302	-0.1325
HELVE_p_TCGA_b139_154_155_SNP_N_GenomeWideSNP_6_C07_808590	12	132132584	132133335	13	-1.5832
HELVE_p_TCGA_b139_154_155_SNP_N_GenomeWideSNP_6_C07_808590	12	132142331	133778189	572	-0.0729
HELVE_p_TCGA_b139_154_155_SNP_N_GenomeWideSNP_6_C07_808590	13	19026949	23629210	2896	0.6865
HELVE_p_TCGA_b139_154_155_SNP_N_GenomeWideSNP_6_C07_808590	13	23632678	23633515	12	0.0122
HELVE_p_TCGA_b139_154_155_SNP_N_GenomeWideSNP_6_C07_808590	13	23638195	24630915	770	0.747
HELVE_p_TCGA_b139_154_155_SNP_N_GenomeWideSNP_6_C07_808590	13	24632140	24633050	4	-0.1273
HELVE_p_TCGA_b139_154_155_SNP_N_GenomeWideSNP_6_C07_808590	13	24635254	25039590	373	0.7229
HELVE_p_TCGA_b139_154_155_SNP_N_GenomeWideSNP_6_C07_808590	13	25039595	25039678	3	-0.5349
HELVE_p_TCGA_b139_154_155_SNP_N_GenomeWideSNP_6_C07_808590	13	25040031	37462010	9100	0.6899
HELVE_p_TCGA_b139_154_155_SNP_N_GenomeWideSNP_6_C07_808590	13	37462040	37462261	2	-0.5177
HELVE_p_TCGA_b139_154_155_SNP_N_GenomeWideSNP_6_C07_808590	13	37464416	38071135	400	0.6936
HELVE_p_TCGA_b139_154_155_SNP_N_GenomeWideSNP_6_C07_808590	13	38072036	38084757	16	1.523
HELVE_p_TCGA_b139_154_155_SNP_N_GenomeWideSNP_6_C07_808590	13	38088330	67172779	18182	0.6253
HELVE_p_TCGA_b139_154_155_SNP_N_GenomeWideSNP_6_C07_808590	13	67176219	67177783	2	-1.7477
HELVE_p_TCGA_b139_154_155_SNP_N_GenomeWideSNP_6_C07_808590	13	67178344	77686033	7230	0.5807
HELVE_p_TCGA_b139_154_155_SNP_N_GenomeWideSNP_6_C07_808590	13	77686245	77686260	2	-0.5469
HELVE_p_TCGA_b139_154_155_SNP_N_GenomeWideSNP_6_C07_808590	13	77686308	111723194	23510	0.6253
HELVE_p_TCGA_b139_154_155_SNP_N_GenomeWideSNP_6_C07_808590	13	111724124	111724532	2	-1.1753
HELVE_p_TCGA_b139_154_155_SNP_N_GenomeWideSNP_6_C07_808590	13	111724545	115108397	1780	0.7187
HELVE_p_TCGA_b139_154_155_SNP_N_GenomeWideSNP_6_C07_808590	14	19002124	20432801	200	-0.0723
HELVE_p_TCGA_b139_154_155_SNP_N_GenomeWideSNP_6_C07_808590	14	20432988	106530364	54912	-0.3905
HELVE_p_TCGA_b139_154_155_SNP_N_GenomeWideSNP_6_C07_808590	14	106530687	106567100	17	0.5069
HELVE_p_TCGA_b139_154_155_SNP_N_GenomeWideSNP_6_C07_808590	14	106569463	106751284	84	-0.2941
HELVE_p_TCGA_b139_154_155_SNP_N_GenomeWideSNP_6_C07_808590	14	106753859	106753867	3	1.3359
HELVE_p_TCGA_b139_154_155_SNP_N_GenomeWideSNP_6_C07_808590	14	106754003	106796025	16	-0.215
HELVE_p_TCGA_b139_154_155_SNP_N_GenomeWideSNP_6_C07_808590	14	106796228	106821736	10	-1.8067
HELVE_p_TCGA_b139_154_155_SNP_N_GenomeWideSNP_6_C07_808590	14	106825916	107285437	304	-0.3771
HELVE_p_TCGA_b139_154_155_SNP_N_GenomeWideSNP_6_C07_808590	15	20016328	20206939	48	-0.4396
HELVE_p_TCGA_b139_154_155_SNP_N_GenomeWideSNP_6_C07_808590	15	20216955	20949989	140	-0.1321
HELVE_p_TCGA_b139_154_155_SNP_N_GenomeWideSNP_6_C07_808590	15	20951455	21201536	91	-0.4249
HELVE_p_TCGA_b139_154_155_SNP_N_GenomeWideSNP_6_C07_808590	15	21210772	22042753	27	-0.1611
HELVE_p_TCGA_b139_154_155_SNP_N_GenomeWideSNP_6_C07_808590	15	22263557	22291024	6	0.7114
HELVE_p_TCGA_b139_154_155_SNP_N_GenomeWideSNP_6_C07_808590	15	22293227	24669656	1112	-0.3498
HELVE_p_TCGA_b139_154_155_SNP_N_GenomeWideSNP_6_C07_808590	15	24669745	24714839	36	-0.8696
HELVE_p_TCGA_b139_154_155_SNP_N_GenomeWideSNP_6_C07_808590	15	24714858	33061759	4977	-0.3995
HELVE_p_TCGA_b139_154_155_SNP_N_GenomeWideSNP_6_C07_808590	15	33062392	33062472	2	-2.7203
HELVE_p_TCGA_b139_154_155_SNP_N_GenomeWideSNP_6_C07_808590	15	33064297	53784888	13070	-0.372
HELVE_p_TCGA_b139_154_155_SNP_N_GenomeWideSNP_6_C07_808590	15	53784991	53785279	6	-1.5798
HELVE_p_TCGA_b139_154_155_SNP_N_GenomeWideSNP_6_C07_808590	15	53790247	90741930	23507	-0.3762
HELVE_p_TCGA_b139_154_155_SNP_N_GenomeWideSNP_6_C07_808590	15	90747016	93968382	2638	0.1755
HELVE_p_TCGA_b139_154_155_SNP_N_GenomeWideSNP_6_C07_808590	15	93969696	102469040	6357	-0.0862
HELVE_p_TCGA_b139_154_155_SNP_N_GenomeWideSNP_6_C07_808590	16	60777	6463706	3641	0.0554
HELVE_p_TCGA_b139_154_155_SNP_N_GenomeWideSNP_6_C07_808590	16	6463774	6512733	60	-0.2147
HELVE_p_TCGA_b139_154_155_SNP_N_GenomeWideSNP_6_C07_808590	16	6513288	6650367	174	-0.654
HELVE_p_TCGA_b139_154_155_SNP_N_GenomeWideSNP_6_C07_808590	16	6652926	6675913	45	-1.3009
HELVE_p_TCGA_b139_154_155_SNP_N_GenomeWideSNP_6_C07_808590	16	6676447	6773808	122	-0.8552
HELVE_p_TCGA_b139_154_155_SNP_N_GenomeWideSNP_6_C07_808590	16	6774493	7101389	397	-0.1963
HELVE_p_TCGA_b139_154_155_SNP_N_GenomeWideSNP_6_C07_808590	16	7107356	19944363	9085	0.0528
HELVE_p_TCGA_b139_154_155_SNP_N_GenomeWideSNP_6_C07_808590	16	19945650	19965875	28	-0.7822
HELVE_p_TCGA_b139_154_155_SNP_N_GenomeWideSNP_6_C07_808590	16	19967362	21515074	907	0.033
HELVE_p_TCGA_b139_154_155_SNP_N_GenomeWideSNP_6_C07_808590	16	21515088	21593455	22	-0.3818
HELVE_p_TCGA_b139_154_155_SNP_N_GenomeWideSNP_6_C07_808590	16	21593634	22442020	365	0.0623
HELVE_p_TCGA_b139_154_155_SNP_N_GenomeWideSNP_6_C07_808590	16	22557932	22718386	76	-0.2879
HELVE_p_TCGA_b139_154_155_SNP_N_GenomeWideSNP_6_C07_808590	16	22718938	55798222	12401	0.0374
HELVE_p_TCGA_b139_154_155_SNP_N_GenomeWideSNP_6_C07_808590	16	55798762	55798779	2	2.0568
HELVE_p_TCGA_b139_154_155_SNP_N_GenomeWideSNP_6_C07_808590	16	55804348	88630667	24432	0.0409
HELVE_p_TCGA_b139_154_155_SNP_N_GenomeWideSNP_6_C07_808590	16	88637783	88645817	5	1.2194
HELVE_p_TCGA_b139_154_155_SNP_N_GenomeWideSNP_6_C07_808590	16	88646133	90287535	664	0.0654
HELVE_p_TCGA_b139_154_155_SNP_N_GenomeWideSNP_6_C07_808590	17	526	18319862	11443	0.1416
HELVE_p_TCGA_b139_154_155_SNP_N_GenomeWideSNP_6_C07_808590	17	18355392	18377278	11	0.7836
HELVE_p_TCGA_b139_154_155_SNP_N_GenomeWideSNP_6_C07_808590	17	18380394	18433078	9	0.1955
HELVE_p_TCGA_b139_154_155_SNP_N_GenomeWideSNP_6_C07_808590	17	18440960	18496306	12	0.6971
HELVE_p_TCGA_b139_154_155_SNP_N_GenomeWideSNP_6_C07_808590	17	18497303	39421708	9490	0.149
HELVE_p_TCGA_b139_154_155_SNP_N_GenomeWideSNP_6_C07_808590	17	39423014	39430531	24	-0.3815
HELVE_p_TCGA_b139_154_155_SNP_N_GenomeWideSNP_6_C07_808590	17	39432724	44151786	2504	0.1491
HELVE_p_TCGA_b139_154_155_SNP_N_GenomeWideSNP_6_C07_808590	17	44153522	44353885	131	0.681
HELVE_p_TCGA_b139_154_155_SNP_N_GenomeWideSNP_6_C07_808590	17	44362009	44752283	50	-0.2399
HELVE_p_TCGA_b139_154_155_SNP_N_GenomeWideSNP_6_C07_808590	17	44752300	48198009	1790	0.1608
HELVE_p_TCGA_b139_154_155_SNP_N_GenomeWideSNP_6_C07_808590	17	48198517	52579852	2786	-0.0998
HELVE_p_TCGA_b139_154_155_SNP_N_GenomeWideSNP_6_C07_808590	17	52579874	52580112	2	-1.3456
HELVE_p_TCGA_b139_154_155_SNP_N_GenomeWideSNP_6_C07_808590	17	52580311	53392852	594	-0.09
HELVE_p_TCGA_b139_154_155_SNP_N_GenomeWideSNP_6_C07_808590	17	53392912	53394892	2	-1.4915
HELVE_p_TCGA_b139_154_155_SNP_N_GenomeWideSNP_6_C07_808590	17	53395739	63937207	6037	-0.079
HELVE_p_TCGA_b139_154_155_SNP_N_GenomeWideSNP_6_C07_808590	17	63937228	63938299	2	-1.7204
HELVE_p_TCGA_b139_154_155_SNP_N_GenomeWideSNP_6_C07_808590	17	63940822	71996312	5751	-0.0878
HELVE_p_TCGA_b139_154_155_SNP_N_GenomeWideSNP_6_C07_808590	17	71997904	71999167	2	-1.6688
HELVE_p_TCGA_b139_154_155_SNP_N_GenomeWideSNP_6_C07_808590	17	71999657	76282132	2316	-0.0839
HELVE_p_TCGA_b139_154_155_SNP_N_GenomeWideSNP_6_C07_808590	17	76282968	76289418	5	-1.6512
HELVE_p_TCGA_b139_154_155_SNP_N_GenomeWideSNP_6_C07_808590	17	76290899	77243063	578	-0.1062
HELVE_p_TCGA_b139_154_155_SNP_N_GenomeWideSNP_6_C07_808590	17	77245660	77246216	2	-1.4788
HELVE_p_TCGA_b139_154_155_SNP_N_GenomeWideSNP_6_C07_808590	17	77246390	78628863	788	-0.0912
HELVE_p_TCGA_b139_154_155_SNP_N_GenomeWideSNP_6_C07_808590	17	78629793	78634179	2	1.9793
HELVE_p_TCGA_b139_154_155_SNP_N_GenomeWideSNP_6_C07_808590	17	78634300	81049726	963	-0.0753
HELVE_p_TCGA_b139_154_155_SNP_N_GenomeWideSNP_6_C07_808590	18	11543	38258082	22805	-0.3552
HELVE_p_TCGA_b139_154_155_SNP_N_GenomeWideSNP_6_C07_808590	18	38258096	38258390	6	0.5586
HELVE_p_TCGA_b139_154_155_SNP_N_GenomeWideSNP_6_C07_808590	18	38258403	38269812	29	-0.0134
HELVE_p_TCGA_b139_154_155_SNP_N_GenomeWideSNP_6_C07_808590	18	38270072	41773507	2253	-0.3624
HELVE_p_TCGA_b139_154_155_SNP_N_GenomeWideSNP_6_C07_808590	18	41774448	41776580	6	-2.5215
HELVE_p_TCGA_b139_154_155_SNP_N_GenomeWideSNP_6_C07_808590	18	41777170	78015057	25664	-0.3778
HELVE_p_TCGA_b139_154_155_SNP_N_GenomeWideSNP_6_C07_808590	19	90910	1070866	225	-0.0474
HELVE_p_TCGA_b139_154_155_SNP_N_GenomeWideSNP_6_C07_808590	19	1070909	1099701	3	-1.1821
HELVE_p_TCGA_b139_154_155_SNP_N_GenomeWideSNP_6_C07_808590	19	1100074	5506659	1371	-0.0788
HELVE_p_TCGA_b139_154_155_SNP_N_GenomeWideSNP_6_C07_808590	19	5510239	5510653	3	-1.4351
HELVE_p_TCGA_b139_154_155_SNP_N_GenomeWideSNP_6_C07_808590	19	5510700	36845875	15681	-0.0938
HELVE_p_TCGA_b139_154_155_SNP_N_GenomeWideSNP_6_C07_808590	19	36846150	36847498	10	-1.2932
HELVE_p_TCGA_b139_154_155_SNP_N_GenomeWideSNP_6_C07_808590	19	36847637	58940514	11994	-0.084
HELVE_p_TCGA_b139_154_155_SNP_N_GenomeWideSNP_6_C07_808590	19	58943408	58944375	2	-2.9162
HELVE_p_TCGA_b139_154_155_SNP_N_GenomeWideSNP_6_C07_808590	19	58946056	59097854	52	-0.0724
HELVE_p_TCGA_b139_154_155_SNP_N_GenomeWideSNP_6_C07_808590	20	61305	1552503	1186	0.6585
HELVE_p_TCGA_b139_154_155_SNP_N_GenomeWideSNP_6_C07_808590	20	1557190	1582207	57	-0.2214
HELVE_p_TCGA_b139_154_155_SNP_N_GenomeWideSNP_6_C07_808590	20	1590257	1593893	5	1.0667
HELVE_p_TCGA_b139_154_155_SNP_N_GenomeWideSNP_6_C07_808590	20	1597946	33999901	20909	0.4658
HELVE_p_TCGA_b139_154_155_SNP_N_GenomeWideSNP_6_C07_808590	20	34001184	52807221	13047	0.8041
HELVE_p_TCGA_b139_154_155_SNP_N_GenomeWideSNP_6_C07_808590	20	52807426	52808062	4	-0.2478
HELVE_p_TCGA_b139_154_155_SNP_N_GenomeWideSNP_6_C07_808590	20	52808779	62956153	7291	0.7685
HELVE_p_TCGA_b139_154_155_SNP_N_GenomeWideSNP_6_C07_808590	21	10736871	11013964	77	0.2961
HELVE_p_TCGA_b139_154_155_SNP_N_GenomeWideSNP_6_C07_808590	21	11018107	48096957	24317	0.0432
HELVE_p_TCGA_b139_154_155_SNP_N_GenomeWideSNP_6_C07_808590	22	16052528	16920027	113	-0.2472
HELVE_p_TCGA_b139_154_155_SNP_N_GenomeWideSNP_6_C07_808590	22	16923930	24344422	4508	0.0354
HELVE_p_TCGA_b139_154_155_SNP_N_GenomeWideSNP_6_C07_808590	22	24350529	24402321	21	0.5303
HELVE_p_TCGA_b139_154_155_SNP_N_GenomeWideSNP_6_C07_808590	22	24402442	45394902	14639	0.0457
HELVE_p_TCGA_b139_154_155_SNP_N_GenomeWideSNP_6_C07_808590	22	45396342	45397507	4	-0.9473
HELVE_p_TCGA_b139_154_155_SNP_N_GenomeWideSNP_6_C07_808590	22	45397645	51222515	4277	0.024
HELVE_p_TCGA_b139_154_155_SNP_N_GenomeWideSNP_6_C07_808590	22	51223995	51234455	3	-0.4705
HELVE_p_TCGA_b139_154_155_SNP_N_GenomeWideSNP_6_C07_808590	X	168477	45079412	27616	-0.3032
HELVE_p_TCGA_b139_154_155_SNP_N_GenomeWideSNP_6_C07_808590	X	45086818	154392382	56478	0.145
HELVE_p_TCGA_b139_154_155_SNP_N_GenomeWideSNP_6_C07_808590	X	154395920	154417401	8	-1.7595
HELVE_p_TCGA_b139_154_155_SNP_N_GenomeWideSNP_6_C07_808590	X	154418294	154929498	213	0.1708
HELVE_p_TCGA_b139_154_155_SNP_N_GenomeWideSNP_6_C07_808590	X	154964055	155182354	18	-0.1451
HELVE_p_TCGA_b139_154_155_SNP_N_GenomeWideSNP_6_C07_808590	Y	2650438	59018259	8633	-1.1398
