Sample	Chromosome	Start	End	Num_Probes	Segment_Mean
FOXED_p_TCGA_b122_128_SNP_N_GenomeWideSNP_6_E11_781784	1	61735	235938	27	0.2764
FOXED_p_TCGA_b122_128_SNP_N_GenomeWideSNP_6_E11_781784	1	356443	16869363	8703	-0.1374
FOXED_p_TCGA_b122_128_SNP_N_GenomeWideSNP_6_E11_781784	1	16871278	17005776	44	-0.5739
FOXED_p_TCGA_b122_128_SNP_N_GenomeWideSNP_6_E11_781784	1	17005978	17017078	19	-0.0944
FOXED_p_TCGA_b122_128_SNP_N_GenomeWideSNP_6_E11_781784	1	17017530	17048479	17	-0.9563
FOXED_p_TCGA_b122_128_SNP_N_GenomeWideSNP_6_E11_781784	1	17056457	17283075	90	-0.425
FOXED_p_TCGA_b122_128_SNP_N_GenomeWideSNP_6_E11_781784	1	17284920	25583341	5268	-0.1125
FOXED_p_TCGA_b122_128_SNP_N_GenomeWideSNP_6_E11_781784	1	25593128	25662212	31	-1.4557
FOXED_p_TCGA_b122_128_SNP_N_GenomeWideSNP_6_E11_781784	1	25663310	39070486	7145	-0.1148
FOXED_p_TCGA_b122_128_SNP_N_GenomeWideSNP_6_E11_781784	1	39070541	39070561	2	-2.4138
FOXED_p_TCGA_b122_128_SNP_N_GenomeWideSNP_6_E11_781784	1	39070859	49158535	5804	-0.1012
FOXED_p_TCGA_b122_128_SNP_N_GenomeWideSNP_6_E11_781784	1	49159681	49463801	232	-0.9268
FOXED_p_TCGA_b122_128_SNP_N_GenomeWideSNP_6_E11_781784	1	49464576	62112763	8288	-0.11
FOXED_p_TCGA_b122_128_SNP_N_GenomeWideSNP_6_E11_781784	1	62113102	62119978	7	-0.8065
FOXED_p_TCGA_b122_128_SNP_N_GenomeWideSNP_6_E11_781784	1	62120564	62441731	254	-0.1089
FOXED_p_TCGA_b122_128_SNP_N_GenomeWideSNP_6_E11_781784	1	62441752	62466233	26	0.2166
FOXED_p_TCGA_b122_128_SNP_N_GenomeWideSNP_6_E11_781784	1	62468653	70966657	5933	-0.1005
FOXED_p_TCGA_b122_128_SNP_N_GenomeWideSNP_6_E11_781784	1	70970795	70972133	2	-3.7634
FOXED_p_TCGA_b122_128_SNP_N_GenomeWideSNP_6_E11_781784	1	70972147	72768916	1169	-0.1351
FOXED_p_TCGA_b122_128_SNP_N_GenomeWideSNP_6_E11_781784	1	72768936	72811148	45	-1.3017
FOXED_p_TCGA_b122_128_SNP_N_GenomeWideSNP_6_E11_781784	1	72811904	104159384	20095	-0.1022
FOXED_p_TCGA_b122_128_SNP_N_GenomeWideSNP_6_E11_781784	1	104163499	104268222	27	-1.1765
FOXED_p_TCGA_b122_128_SNP_N_GenomeWideSNP_6_E11_781784	1	104303403	106013376	920	-0.1169
FOXED_p_TCGA_b122_128_SNP_N_GenomeWideSNP_6_E11_781784	1	106019205	106022375	17	0.553
FOXED_p_TCGA_b122_128_SNP_N_GenomeWideSNP_6_E11_781784	1	106024055	110226743	2666	-0.0865
FOXED_p_TCGA_b122_128_SNP_N_GenomeWideSNP_6_E11_781784	1	110226970	110242953	23	0.7975
FOXED_p_TCGA_b122_128_SNP_N_GenomeWideSNP_6_E11_781784	1	110244998	111377368	841	-0.1001
FOXED_p_TCGA_b122_128_SNP_N_GenomeWideSNP_6_E11_781784	1	111377565	111388226	38	-0.7533
FOXED_p_TCGA_b122_128_SNP_N_GenomeWideSNP_6_E11_781784	1	111392067	144842558	6344	-0.0988
FOXED_p_TCGA_b122_128_SNP_N_GenomeWideSNP_6_E11_781784	1	144849539	144849552	3	1.8854
FOXED_p_TCGA_b122_128_SNP_N_GenomeWideSNP_6_E11_781784	1	144865627	149229843	1245	-0.0921
FOXED_p_TCGA_b122_128_SNP_N_GenomeWideSNP_6_E11_781784	1	149242663	149254920	22	0.5548
FOXED_p_TCGA_b122_128_SNP_N_GenomeWideSNP_6_E11_781784	1	149256691	152555527	1527	-0.0683
FOXED_p_TCGA_b122_128_SNP_N_GenomeWideSNP_6_E11_781784	1	152555706	152586238	31	-1.5997
FOXED_p_TCGA_b122_128_SNP_N_GenomeWideSNP_6_E11_781784	1	152586278	152759678	175	-0.1106
FOXED_p_TCGA_b122_128_SNP_N_GenomeWideSNP_6_E11_781784	1	152761923	152768700	37	-1.3909
FOXED_p_TCGA_b122_128_SNP_N_GenomeWideSNP_6_E11_781784	1	152773905	158866573	3624	-0.0994
FOXED_p_TCGA_b122_128_SNP_N_GenomeWideSNP_6_E11_781784	1	158868501	158869759	2	1.2266
FOXED_p_TCGA_b122_128_SNP_N_GenomeWideSNP_6_E11_781784	1	158874818	161618691	1681	-0.0866
FOXED_p_TCGA_b122_128_SNP_N_GenomeWideSNP_6_E11_781784	1	161618820	161648237	24	0.3269
FOXED_p_TCGA_b122_128_SNP_N_GenomeWideSNP_6_E11_781784	1	161648621	167764835	4901	-0.0751
FOXED_p_TCGA_b122_128_SNP_N_GenomeWideSNP_6_E11_781784	1	167766183	167766919	4	-1.5233
FOXED_p_TCGA_b122_128_SNP_N_GenomeWideSNP_6_E11_781784	1	167768513	196714873	19335	-0.0831
FOXED_p_TCGA_b122_128_SNP_N_GenomeWideSNP_6_E11_781784	1	196727850	196771280	47	-0.6769
FOXED_p_TCGA_b122_128_SNP_N_GenomeWideSNP_6_E11_781784	1	196783626	198304536	872	-0.0944
FOXED_p_TCGA_b122_128_SNP_N_GenomeWideSNP_6_E11_781784	1	198306860	198307779	3	-1.021
FOXED_p_TCGA_b122_128_SNP_N_GenomeWideSNP_6_E11_781784	1	198311359	199111521	556	-0.1145
FOXED_p_TCGA_b122_128_SNP_N_GenomeWideSNP_6_E11_781784	1	199111690	199113840	6	-0.8208
FOXED_p_TCGA_b122_128_SNP_N_GenomeWideSNP_6_E11_781784	1	199114238	220868444	14949	-0.0771
FOXED_p_TCGA_b122_128_SNP_N_GenomeWideSNP_6_E11_781784	1	220868508	220879252	2	-1.4688
FOXED_p_TCGA_b122_128_SNP_N_GenomeWideSNP_6_E11_781784	1	220879617	225659815	3081	-0.0883
FOXED_p_TCGA_b122_128_SNP_N_GenomeWideSNP_6_E11_781784	1	225660014	225670344	13	-0.4784
FOXED_p_TCGA_b122_128_SNP_N_GenomeWideSNP_6_E11_781784	1	225673293	227425301	1082	-0.0966
FOXED_p_TCGA_b122_128_SNP_N_GenomeWideSNP_6_E11_781784	1	227426072	227426406	3	-1.327
FOXED_p_TCGA_b122_128_SNP_N_GenomeWideSNP_6_E11_781784	1	227429178	243048740	11596	-0.1429
FOXED_p_TCGA_b122_128_SNP_N_GenomeWideSNP_6_E11_781784	1	243049874	243054702	3	-1.5606
FOXED_p_TCGA_b122_128_SNP_N_GenomeWideSNP_6_E11_781784	1	243055542	243854196	458	-0.1918
FOXED_p_TCGA_b122_128_SNP_N_GenomeWideSNP_6_E11_781784	1	243860924	243861061	5	-1.4367
FOXED_p_TCGA_b122_128_SNP_N_GenomeWideSNP_6_E11_781784	1	243863108	248635140	3185	-0.1509
FOXED_p_TCGA_b122_128_SNP_N_GenomeWideSNP_6_E11_781784	1	248637264	248683401	10	0.3406
FOXED_p_TCGA_b122_128_SNP_N_GenomeWideSNP_6_E11_781784	1	248683402	248709670	12	-0.1701
FOXED_p_TCGA_b122_128_SNP_N_GenomeWideSNP_6_E11_781784	1	248713868	248789692	30	0.2959
FOXED_p_TCGA_b122_128_SNP_N_GenomeWideSNP_6_E11_781784	1	248789873	249224388	153	-0.1507
FOXED_p_TCGA_b122_128_SNP_N_GenomeWideSNP_6_E11_781784	2	12784	21833	4	-0.0166
FOXED_p_TCGA_b122_128_SNP_N_GenomeWideSNP_6_E11_781784	2	22492	14345791	10729	0.2422
FOXED_p_TCGA_b122_128_SNP_N_GenomeWideSNP_6_E11_781784	2	14348914	14352324	2	-0.9943
FOXED_p_TCGA_b122_128_SNP_N_GenomeWideSNP_6_E11_781784	2	14353910	14358041	18	0.2699
FOXED_p_TCGA_b122_128_SNP_N_GenomeWideSNP_6_E11_781784	2	14358126	14358170	3	0.8888
FOXED_p_TCGA_b122_128_SNP_N_GenomeWideSNP_6_E11_781784	2	14358353	22598926	5917	0.3377
FOXED_p_TCGA_b122_128_SNP_N_GenomeWideSNP_6_E11_781784	2	22600920	22600932	2	-0.8214
FOXED_p_TCGA_b122_128_SNP_N_GenomeWideSNP_6_E11_781784	2	22601152	34683290	7447	0.329
FOXED_p_TCGA_b122_128_SNP_N_GenomeWideSNP_6_E11_781784	2	34685280	34727867	46	0.0676
FOXED_p_TCGA_b122_128_SNP_N_GenomeWideSNP_6_E11_781784	2	34736513	35975973	880	0.3187
FOXED_p_TCGA_b122_128_SNP_N_GenomeWideSNP_6_E11_781784	2	35977790	35986908	5	1.1571
FOXED_p_TCGA_b122_128_SNP_N_GenomeWideSNP_6_E11_781784	2	35987916	36335596	276	0.321
FOXED_p_TCGA_b122_128_SNP_N_GenomeWideSNP_6_E11_781784	2	36335597	36336861	10	-0.0752
FOXED_p_TCGA_b122_128_SNP_N_GenomeWideSNP_6_E11_781784	2	36336962	41107517	3554	0.3442
FOXED_p_TCGA_b122_128_SNP_N_GenomeWideSNP_6_E11_781784	2	41108035	41108070	2	-0.9029
FOXED_p_TCGA_b122_128_SNP_N_GenomeWideSNP_6_E11_781784	2	41110983	52754480	8331	0.3324
FOXED_p_TCGA_b122_128_SNP_N_GenomeWideSNP_6_E11_781784	2	52754500	52781542	38	0.9947
FOXED_p_TCGA_b122_128_SNP_N_GenomeWideSNP_6_E11_781784	2	52787949	87314125	22041	0.3385
FOXED_p_TCGA_b122_128_SNP_N_GenomeWideSNP_6_E11_781784	2	87322042	87344738	4	1.2999
FOXED_p_TCGA_b122_128_SNP_N_GenomeWideSNP_6_E11_781784	2	87361172	91653362	1030	0.3838
FOXED_p_TCGA_b122_128_SNP_N_GenomeWideSNP_6_E11_781784	2	91653946	91810190	41	-0.0455
FOXED_p_TCGA_b122_128_SNP_N_GenomeWideSNP_6_E11_781784	2	91812834	98118128	985	0.4065
FOXED_p_TCGA_b122_128_SNP_N_GenomeWideSNP_6_E11_781784	2	98118212	98162189	10	-0.5582
FOXED_p_TCGA_b122_128_SNP_N_GenomeWideSNP_6_E11_781784	2	98166878	106874649	5581	0.4506
FOXED_p_TCGA_b122_128_SNP_N_GenomeWideSNP_6_E11_781784	2	106874722	106885357	13	0.93
FOXED_p_TCGA_b122_128_SNP_N_GenomeWideSNP_6_E11_781784	2	106887255	110462496	2112	0.4575
FOXED_p_TCGA_b122_128_SNP_N_GenomeWideSNP_6_E11_781784	2	110467473	110856889	27	0.1998
FOXED_p_TCGA_b122_128_SNP_N_GenomeWideSNP_6_E11_781784	2	110860798	110876917	8	-0.4273
FOXED_p_TCGA_b122_128_SNP_N_GenomeWideSNP_6_E11_781784	2	110877051	110983681	52	0.4355
FOXED_p_TCGA_b122_128_SNP_N_GenomeWideSNP_6_E11_781784	2	111037146	114362015	1646	-0.0556
FOXED_p_TCGA_b122_128_SNP_N_GenomeWideSNP_6_E11_781784	2	114362414	114380821	3	1.1587
FOXED_p_TCGA_b122_128_SNP_N_GenomeWideSNP_6_E11_781784	2	114383552	119482463	3224	-0.0812
FOXED_p_TCGA_b122_128_SNP_N_GenomeWideSNP_6_E11_781784	2	119486489	119486790	2	-1.4631
FOXED_p_TCGA_b122_128_SNP_N_GenomeWideSNP_6_E11_781784	2	119487512	124275844	3079	-0.0689
FOXED_p_TCGA_b122_128_SNP_N_GenomeWideSNP_6_E11_781784	2	124277641	124278997	2	-1.5846
FOXED_p_TCGA_b122_128_SNP_N_GenomeWideSNP_6_E11_781784	2	124279468	130817360	4204	-0.0791
FOXED_p_TCGA_b122_128_SNP_N_GenomeWideSNP_6_E11_781784	2	130818197	130874488	12	0.449
FOXED_p_TCGA_b122_128_SNP_N_GenomeWideSNP_6_E11_781784	2	130874876	133009808	707	-0.1098
FOXED_p_TCGA_b122_128_SNP_N_GenomeWideSNP_6_E11_781784	2	133012191	133108026	31	0.3082
FOXED_p_TCGA_b122_128_SNP_N_GenomeWideSNP_6_E11_781784	2	133114536	138488100	3693	-0.085
FOXED_p_TCGA_b122_128_SNP_N_GenomeWideSNP_6_E11_781784	2	138489527	138495247	2	-1.8949
FOXED_p_TCGA_b122_128_SNP_N_GenomeWideSNP_6_E11_781784	2	138495892	146862085	5159	-0.1044
FOXED_p_TCGA_b122_128_SNP_N_GenomeWideSNP_6_E11_781784	2	146864404	146866934	24	0.8192
FOXED_p_TCGA_b122_128_SNP_N_GenomeWideSNP_6_E11_781784	2	146877806	153796068	4209	-0.0799
FOXED_p_TCGA_b122_128_SNP_N_GenomeWideSNP_6_E11_781784	2	153796770	153800774	4	-1.2971
FOXED_p_TCGA_b122_128_SNP_N_GenomeWideSNP_6_E11_781784	2	153801268	180061655	16090	-0.0588
FOXED_p_TCGA_b122_128_SNP_N_GenomeWideSNP_6_E11_781784	2	180067192	180076663	2	-1.8384
FOXED_p_TCGA_b122_128_SNP_N_GenomeWideSNP_6_E11_781784	2	180079144	180418333	221	-0.055
FOXED_p_TCGA_b122_128_SNP_N_GenomeWideSNP_6_E11_781784	2	180418388	180421888	25	-0.7803
FOXED_p_TCGA_b122_128_SNP_N_GenomeWideSNP_6_E11_781784	2	180421906	195944168	9031	-0.0579
FOXED_p_TCGA_b122_128_SNP_N_GenomeWideSNP_6_E11_781784	2	195944972	195956498	12	-0.3263
FOXED_p_TCGA_b122_128_SNP_N_GenomeWideSNP_6_E11_781784	2	195963885	198891067	1656	-0.051
FOXED_p_TCGA_b122_128_SNP_N_GenomeWideSNP_6_E11_781784	2	198894512	198895093	2	-2.0673
FOXED_p_TCGA_b122_128_SNP_N_GenomeWideSNP_6_E11_781784	2	198898139	202422866	2101	-0.0596
FOXED_p_TCGA_b122_128_SNP_N_GenomeWideSNP_6_E11_781784	2	202423395	202423704	3	0.8497
FOXED_p_TCGA_b122_128_SNP_N_GenomeWideSNP_6_E11_781784	2	202426707	213369618	6873	-0.0642
FOXED_p_TCGA_b122_128_SNP_N_GenomeWideSNP_6_E11_781784	2	213370362	213370702	2	-2.5401
FOXED_p_TCGA_b122_128_SNP_N_GenomeWideSNP_6_E11_781784	2	213372988	241611321	18335	-0.0809
FOXED_p_TCGA_b122_128_SNP_N_GenomeWideSNP_6_E11_781784	2	241626057	241644811	3	-1.2101
FOXED_p_TCGA_b122_128_SNP_N_GenomeWideSNP_6_E11_781784	2	241644934	243089456	616	-0.1133
FOXED_p_TCGA_b122_128_SNP_N_GenomeWideSNP_6_E11_781784	3	60345	87187	22	0.1639
FOXED_p_TCGA_b122_128_SNP_N_GenomeWideSNP_6_E11_781784	3	87232	128189	36	0.5643
FOXED_p_TCGA_b122_128_SNP_N_GenomeWideSNP_6_E11_781784	3	134991	6004542	5199	0.2387
FOXED_p_TCGA_b122_128_SNP_N_GenomeWideSNP_6_E11_781784	3	6004769	6010618	4	-0.8234
FOXED_p_TCGA_b122_128_SNP_N_GenomeWideSNP_6_E11_781784	3	6010772	23979303	12674	0.2657
FOXED_p_TCGA_b122_128_SNP_N_GenomeWideSNP_6_E11_781784	3	23981429	23982328	2	-1.1429
FOXED_p_TCGA_b122_128_SNP_N_GenomeWideSNP_6_E11_781784	3	23982330	38929425	10416	0.2803
FOXED_p_TCGA_b122_128_SNP_N_GenomeWideSNP_6_E11_781784	3	38938349	38938570	4	-0.8969
FOXED_p_TCGA_b122_128_SNP_N_GenomeWideSNP_6_E11_781784	3	38938651	61131180	13631	0.2406
FOXED_p_TCGA_b122_128_SNP_N_GenomeWideSNP_6_E11_781784	3	61136874	61206993	68	-0.2858
FOXED_p_TCGA_b122_128_SNP_N_GenomeWideSNP_6_E11_781784	3	61207077	68746164	5842	0.3029
FOXED_p_TCGA_b122_128_SNP_N_GenomeWideSNP_6_E11_781784	3	68746259	68747413	14	0.9815
FOXED_p_TCGA_b122_128_SNP_N_GenomeWideSNP_6_E11_781784	3	68748758	75406398	4875	0.2982
FOXED_p_TCGA_b122_128_SNP_N_GenomeWideSNP_6_E11_781784	3	75415863	75545172	54	-0.9106
FOXED_p_TCGA_b122_128_SNP_N_GenomeWideSNP_6_E11_781784	3	75545822	75608639	19	-0.2379
FOXED_p_TCGA_b122_128_SNP_N_GenomeWideSNP_6_E11_781784	3	75613174	75639507	5	-0.7698
FOXED_p_TCGA_b122_128_SNP_N_GenomeWideSNP_6_E11_781784	3	75645384	98944632	11016	0.2909
FOXED_p_TCGA_b122_128_SNP_N_GenomeWideSNP_6_E11_781784	3	98944763	98949421	31	0.7083
FOXED_p_TCGA_b122_128_SNP_N_GenomeWideSNP_6_E11_781784	3	98950964	111243510	7366	0.2838
FOXED_p_TCGA_b122_128_SNP_N_GenomeWideSNP_6_E11_781784	3	111246405	111246582	2	1.4748
FOXED_p_TCGA_b122_128_SNP_N_GenomeWideSNP_6_E11_781784	3	111249315	129787021	11406	0.2701
FOXED_p_TCGA_b122_128_SNP_N_GenomeWideSNP_6_E11_781784	3	129787199	129806052	39	-0.3944
FOXED_p_TCGA_b122_128_SNP_N_GenomeWideSNP_6_E11_781784	3	129806236	146379189	10413	0.2646
FOXED_p_TCGA_b122_128_SNP_N_GenomeWideSNP_6_E11_781784	3	146382994	146383136	2	-1.4428
FOXED_p_TCGA_b122_128_SNP_N_GenomeWideSNP_6_E11_781784	3	146383175	162513092	9891	0.2847
FOXED_p_TCGA_b122_128_SNP_N_GenomeWideSNP_6_E11_781784	3	162513149	162623881	64	-0.6581
FOXED_p_TCGA_b122_128_SNP_N_GenomeWideSNP_6_E11_781784	3	162623897	164876503	1234	0.2768
FOXED_p_TCGA_b122_128_SNP_N_GenomeWideSNP_6_E11_781784	3	164877004	164880233	2	-1.0457
FOXED_p_TCGA_b122_128_SNP_N_GenomeWideSNP_6_E11_781784	3	164882048	174975814	6330	0.3076
FOXED_p_TCGA_b122_128_SNP_N_GenomeWideSNP_6_E11_781784	3	174976186	175035714	53	-0.2505
FOXED_p_TCGA_b122_128_SNP_N_GenomeWideSNP_6_E11_781784	3	175037031	175242505	208	0.308
FOXED_p_TCGA_b122_128_SNP_N_GenomeWideSNP_6_E11_781784	3	175243723	175290344	24	-0.0825
FOXED_p_TCGA_b122_128_SNP_N_GenomeWideSNP_6_E11_781784	3	175290966	192877902	11359	0.2917
FOXED_p_TCGA_b122_128_SNP_N_GenomeWideSNP_6_E11_781784	3	192877962	192882903	19	-1.2217
FOXED_p_TCGA_b122_128_SNP_N_GenomeWideSNP_6_E11_781784	3	192886435	195285898	1487	0.3303
FOXED_p_TCGA_b122_128_SNP_N_GenomeWideSNP_6_E11_781784	3	195383142	195474763	47	0.6877
FOXED_p_TCGA_b122_128_SNP_N_GenomeWideSNP_6_E11_781784	3	195478694	197896118	1174	0.2927
FOXED_p_TCGA_b122_128_SNP_N_GenomeWideSNP_6_E11_781784	4	12281	28908	16	-0.3441
FOXED_p_TCGA_b122_128_SNP_N_GenomeWideSNP_6_E11_781784	4	29025	35849	7	0.0602
FOXED_p_TCGA_b122_128_SNP_N_GenomeWideSNP_6_E11_781784	4	35897	65761	33	-0.4813
FOXED_p_TCGA_b122_128_SNP_N_GenomeWideSNP_6_E11_781784	4	65978	9456977	5193	-0.1377
FOXED_p_TCGA_b122_128_SNP_N_GenomeWideSNP_6_E11_781784	4	9461230	9529130	21	-0.5275
FOXED_p_TCGA_b122_128_SNP_N_GenomeWideSNP_6_E11_781784	4	9540705	10223628	534	-0.1323
FOXED_p_TCGA_b122_128_SNP_N_GenomeWideSNP_6_E11_781784	4	10223848	10231498	26	-1.5056
FOXED_p_TCGA_b122_128_SNP_N_GenomeWideSNP_6_E11_781784	4	10234214	28944225	13413	-0.1192
FOXED_p_TCGA_b122_128_SNP_N_GenomeWideSNP_6_E11_781784	4	28944537	28944641	2	-1.3687
FOXED_p_TCGA_b122_128_SNP_N_GenomeWideSNP_6_E11_781784	4	28946178	29316074	290	-0.1122
FOXED_p_TCGA_b122_128_SNP_N_GenomeWideSNP_6_E11_781784	4	29318239	29318249	2	-1.7883
FOXED_p_TCGA_b122_128_SNP_N_GenomeWideSNP_6_E11_781784	4	29318265	33153161	2373	-0.1398
FOXED_p_TCGA_b122_128_SNP_N_GenomeWideSNP_6_E11_781784	4	33153342	33158269	4	-1.1402
FOXED_p_TCGA_b122_128_SNP_N_GenomeWideSNP_6_E11_781784	4	33161227	43147514	6500	-0.1067
FOXED_p_TCGA_b122_128_SNP_N_GenomeWideSNP_6_E11_781784	4	43148161	43148953	2	-1.4654
FOXED_p_TCGA_b122_128_SNP_N_GenomeWideSNP_6_E11_781784	4	43149962	44970482	1071	-0.1248
FOXED_p_TCGA_b122_128_SNP_N_GenomeWideSNP_6_E11_781784	4	44973426	45006192	37	0.4988
FOXED_p_TCGA_b122_128_SNP_N_GenomeWideSNP_6_E11_781784	4	45006312	57111659	5307	-0.1036
FOXED_p_TCGA_b122_128_SNP_N_GenomeWideSNP_6_E11_781784	4	57111783	57111872	2	1.1842
FOXED_p_TCGA_b122_128_SNP_N_GenomeWideSNP_6_E11_781784	4	57112124	64146704	4327	-0.1247
FOXED_p_TCGA_b122_128_SNP_N_GenomeWideSNP_6_E11_781784	4	64147093	64151660	2	-2.0091
FOXED_p_TCGA_b122_128_SNP_N_GenomeWideSNP_6_E11_781784	4	64151913	64690878	305	-0.1213
FOXED_p_TCGA_b122_128_SNP_N_GenomeWideSNP_6_E11_781784	4	64691407	64708129	30	0.305
FOXED_p_TCGA_b122_128_SNP_N_GenomeWideSNP_6_E11_781784	4	64708208	69372003	2886	-0.1129
FOXED_p_TCGA_b122_128_SNP_N_GenomeWideSNP_6_E11_781784	4	69374941	69528959	70	0.4242
FOXED_p_TCGA_b122_128_SNP_N_GenomeWideSNP_6_E11_781784	4	69536788	69668008	58	0.0324
FOXED_p_TCGA_b122_128_SNP_N_GenomeWideSNP_6_E11_781784	4	69671389	69708718	21	-1.0358
FOXED_p_TCGA_b122_128_SNP_N_GenomeWideSNP_6_E11_781784	4	69708966	86823705	10644	-0.0884
FOXED_p_TCGA_b122_128_SNP_N_GenomeWideSNP_6_E11_781784	4	86825557	86831114	4	-1.8605
FOXED_p_TCGA_b122_128_SNP_N_GenomeWideSNP_6_E11_781784	4	86835805	115173700	17027	-0.1089
FOXED_p_TCGA_b122_128_SNP_N_GenomeWideSNP_6_E11_781784	4	115175323	115182175	23	0.5017
FOXED_p_TCGA_b122_128_SNP_N_GenomeWideSNP_6_E11_781784	4	115184229	115507624	226	-0.1034
FOXED_p_TCGA_b122_128_SNP_N_GenomeWideSNP_6_E11_781784	4	115508166	115514426	4	-1.0171
FOXED_p_TCGA_b122_128_SNP_N_GenomeWideSNP_6_E11_781784	4	115514740	117893817	1445	-0.1119
FOXED_p_TCGA_b122_128_SNP_N_GenomeWideSNP_6_E11_781784	4	117894819	117921544	11	-0.4983
FOXED_p_TCGA_b122_128_SNP_N_GenomeWideSNP_6_E11_781784	4	117922439	118206052	147	-0.1459
FOXED_p_TCGA_b122_128_SNP_N_GenomeWideSNP_6_E11_781784	4	118214970	118215079	2	-1.2319
FOXED_p_TCGA_b122_128_SNP_N_GenomeWideSNP_6_E11_781784	4	118227898	138092239	11433	-0.1135
FOXED_p_TCGA_b122_128_SNP_N_GenomeWideSNP_6_E11_781784	4	138092420	138093414	14	-0.9193
FOXED_p_TCGA_b122_128_SNP_N_GenomeWideSNP_6_E11_781784	4	138094958	172369346	21482	-0.108
FOXED_p_TCGA_b122_128_SNP_N_GenomeWideSNP_6_E11_781784	4	172374884	172377458	9	1.335
FOXED_p_TCGA_b122_128_SNP_N_GenomeWideSNP_6_E11_781784	4	172377710	172987857	397	-0.1237
FOXED_p_TCGA_b122_128_SNP_N_GenomeWideSNP_6_E11_781784	4	172987928	172989533	13	0.5503
FOXED_p_TCGA_b122_128_SNP_N_GenomeWideSNP_6_E11_781784	4	172995979	187969341	10182	-0.1124
FOXED_p_TCGA_b122_128_SNP_N_GenomeWideSNP_6_E11_781784	4	187971089	187971310	2	-1.6313
FOXED_p_TCGA_b122_128_SNP_N_GenomeWideSNP_6_E11_781784	4	187972207	189221258	769	-0.0966
FOXED_p_TCGA_b122_128_SNP_N_GenomeWideSNP_6_E11_781784	4	189221360	189221439	4	1.1592
FOXED_p_TCGA_b122_128_SNP_N_GenomeWideSNP_6_E11_781784	4	189222813	191027923	1176	-0.1339
FOXED_p_TCGA_b122_128_SNP_N_GenomeWideSNP_6_E11_781784	5	15532	676859	303	-0.0964
FOXED_p_TCGA_b122_128_SNP_N_GenomeWideSNP_6_E11_781784	5	676886	685748	4	0.2455
FOXED_p_TCGA_b122_128_SNP_N_GenomeWideSNP_6_E11_781784	5	698371	773082	26	0.7861
FOXED_p_TCGA_b122_128_SNP_N_GenomeWideSNP_6_E11_781784	5	773190	809806	17	0.3904
FOXED_p_TCGA_b122_128_SNP_N_GenomeWideSNP_6_E11_781784	5	817850	905701	34	-0.0674
FOXED_p_TCGA_b122_128_SNP_N_GenomeWideSNP_6_E11_781784	5	905872	908540	2	-1.5357
FOXED_p_TCGA_b122_128_SNP_N_GenomeWideSNP_6_E11_781784	5	913391	12800889	9841	-0.1282
FOXED_p_TCGA_b122_128_SNP_N_GenomeWideSNP_6_E11_781784	5	12815780	12838533	14	-1.0359
FOXED_p_TCGA_b122_128_SNP_N_GenomeWideSNP_6_E11_781784	5	12849201	26789496	8702	-0.102
FOXED_p_TCGA_b122_128_SNP_N_GenomeWideSNP_6_E11_781784	5	26797760	26797844	2	-1.7502
FOXED_p_TCGA_b122_128_SNP_N_GenomeWideSNP_6_E11_781784	5	26803884	54502664	15097	-0.0986
FOXED_p_TCGA_b122_128_SNP_N_GenomeWideSNP_6_E11_781784	5	54511164	54552425	17	-0.957
FOXED_p_TCGA_b122_128_SNP_N_GenomeWideSNP_6_E11_781784	5	54563242	57321646	1844	-0.1163
FOXED_p_TCGA_b122_128_SNP_N_GenomeWideSNP_6_E11_781784	5	57326027	57333533	32	1.0921
FOXED_p_TCGA_b122_128_SNP_N_GenomeWideSNP_6_E11_781784	5	57338357	68867294	7304	-0.1008
FOXED_p_TCGA_b122_128_SNP_N_GenomeWideSNP_6_E11_781784	5	69074977	70654072	26	0.3853
FOXED_p_TCGA_b122_128_SNP_N_GenomeWideSNP_6_E11_781784	5	70660751	127667369	35618	-0.1253
FOXED_p_TCGA_b122_128_SNP_N_GenomeWideSNP_6_E11_781784	5	127667613	127667696	2	-1.9169
FOXED_p_TCGA_b122_128_SNP_N_GenomeWideSNP_6_E11_781784	5	127668942	146815430	11513	-0.1781
FOXED_p_TCGA_b122_128_SNP_N_GenomeWideSNP_6_E11_781784	5	146818295	146818551	2	-1.6127
FOXED_p_TCGA_b122_128_SNP_N_GenomeWideSNP_6_E11_781784	5	146822457	149005203	1475	-0.1709
FOXED_p_TCGA_b122_128_SNP_N_GenomeWideSNP_6_E11_781784	5	149006036	150202205	786	0.4404
FOXED_p_TCGA_b122_128_SNP_N_GenomeWideSNP_6_E11_781784	5	150205500	150218604	8	-2.4595
FOXED_p_TCGA_b122_128_SNP_N_GenomeWideSNP_6_E11_781784	5	150223387	175460087	17764	0.419
FOXED_p_TCGA_b122_128_SNP_N_GenomeWideSNP_6_E11_781784	5	175465689	175524197	6	-0.8095
FOXED_p_TCGA_b122_128_SNP_N_GenomeWideSNP_6_E11_781784	5	175553248	180193199	2438	0.4038
FOXED_p_TCGA_b122_128_SNP_N_GenomeWideSNP_6_E11_781784	5	180193779	180194609	3	-0.9659
FOXED_p_TCGA_b122_128_SNP_N_GenomeWideSNP_6_E11_781784	5	180195522	180374484	100	0.4161
FOXED_p_TCGA_b122_128_SNP_N_GenomeWideSNP_6_E11_781784	5	180374523	180399373	8	-2.8535
FOXED_p_TCGA_b122_128_SNP_N_GenomeWideSNP_6_E11_781784	5	180402764	180418103	12	-1.7212
FOXED_p_TCGA_b122_128_SNP_N_GenomeWideSNP_6_E11_781784	5	180433225	180790320	171	0.3821
FOXED_p_TCGA_b122_128_SNP_N_GenomeWideSNP_6_E11_781784	6	149661	302306	125	-0.202
FOXED_p_TCGA_b122_128_SNP_N_GenomeWideSNP_6_E11_781784	6	303017	385784	82	-0.7426
FOXED_p_TCGA_b122_128_SNP_N_GenomeWideSNP_6_E11_781784	6	387532	29834449	21527	-0.1944
FOXED_p_TCGA_b122_128_SNP_N_GenomeWideSNP_6_E11_781784	6	29834472	29901576	48	0.2557
FOXED_p_TCGA_b122_128_SNP_N_GenomeWideSNP_6_E11_781784	6	29908469	32219962	1034	-0.1839
FOXED_p_TCGA_b122_128_SNP_N_GenomeWideSNP_6_E11_781784	6	32220484	32224847	4	-1.2785
FOXED_p_TCGA_b122_128_SNP_N_GenomeWideSNP_6_E11_781784	6	32233814	32493368	148	-0.2938
FOXED_p_TCGA_b122_128_SNP_N_GenomeWideSNP_6_E11_781784	6	32497116	32536398	12	-1.4557
FOXED_p_TCGA_b122_128_SNP_N_GenomeWideSNP_6_E11_781784	6	32538579	32774975	153	-0.1972
FOXED_p_TCGA_b122_128_SNP_N_GenomeWideSNP_6_E11_781784	6	32775686	32782605	14	-0.7842
FOXED_p_TCGA_b122_128_SNP_N_GenomeWideSNP_6_E11_781784	6	32783822	40229537	4705	-0.1256
FOXED_p_TCGA_b122_128_SNP_N_GenomeWideSNP_6_E11_781784	6	40232471	42618490	1669	0.7925
FOXED_p_TCGA_b122_128_SNP_N_GenomeWideSNP_6_E11_781784	6	42620787	45008455	1379	1.2566
FOXED_p_TCGA_b122_128_SNP_N_GenomeWideSNP_6_E11_781784	6	45010197	45536359	254	0.742
FOXED_p_TCGA_b122_128_SNP_N_GenomeWideSNP_6_E11_781784	6	45536595	48930865	2293	-0.0333
FOXED_p_TCGA_b122_128_SNP_N_GenomeWideSNP_6_E11_781784	6	48931729	48934975	3	-1.4679
FOXED_p_TCGA_b122_128_SNP_N_GenomeWideSNP_6_E11_781784	6	48935079	53931275	3326	-0.0424
FOXED_p_TCGA_b122_128_SNP_N_GenomeWideSNP_6_E11_781784	6	53931380	53931855	4	-1.3291
FOXED_p_TCGA_b122_128_SNP_N_GenomeWideSNP_6_E11_781784	6	53935348	57232508	1989	-0.0423
FOXED_p_TCGA_b122_128_SNP_N_GenomeWideSNP_6_E11_781784	6	57232791	57496076	102	0.4878
FOXED_p_TCGA_b122_128_SNP_N_GenomeWideSNP_6_E11_781784	6	57499987	57565551	16	5e-04
FOXED_p_TCGA_b122_128_SNP_N_GenomeWideSNP_6_E11_781784	6	57573340	58082951	221	0.792
FOXED_p_TCGA_b122_128_SNP_N_GenomeWideSNP_6_E11_781784	6	58140300	61886440	251	0.064
FOXED_p_TCGA_b122_128_SNP_N_GenomeWideSNP_6_E11_781784	6	61930020	62113349	83	0.7892
FOXED_p_TCGA_b122_128_SNP_N_GenomeWideSNP_6_E11_781784	6	62113482	62241902	28	0.3363
FOXED_p_TCGA_b122_128_SNP_N_GenomeWideSNP_6_E11_781784	6	62242118	62362456	102	0.8598
FOXED_p_TCGA_b122_128_SNP_N_GenomeWideSNP_6_E11_781784	6	62362625	64008124	883	-0.0624
FOXED_p_TCGA_b122_128_SNP_N_GenomeWideSNP_6_E11_781784	6	64008189	64204198	106	0.7976
FOXED_p_TCGA_b122_128_SNP_N_GenomeWideSNP_6_E11_781784	6	64205655	66121215	1089	-0.0506
FOXED_p_TCGA_b122_128_SNP_N_GenomeWideSNP_6_E11_781784	6	66121661	66122068	4	0.6912
FOXED_p_TCGA_b122_128_SNP_N_GenomeWideSNP_6_E11_781784	6	66122112	67681830	1163	-0.085
FOXED_p_TCGA_b122_128_SNP_N_GenomeWideSNP_6_E11_781784	6	67683807	67684531	7	-0.7493
FOXED_p_TCGA_b122_128_SNP_N_GenomeWideSNP_6_E11_781784	6	67688083	77441495	6270	-0.056
FOXED_p_TCGA_b122_128_SNP_N_GenomeWideSNP_6_E11_781784	6	77442636	77467931	15	0.3659
FOXED_p_TCGA_b122_128_SNP_N_GenomeWideSNP_6_E11_781784	6	77468466	77482786	33	-0.1318
FOXED_p_TCGA_b122_128_SNP_N_GenomeWideSNP_6_E11_781784	6	77487727	77490961	4	-1.1568
FOXED_p_TCGA_b122_128_SNP_N_GenomeWideSNP_6_E11_781784	6	77491572	78969065	941	-0.0718
FOXED_p_TCGA_b122_128_SNP_N_GenomeWideSNP_6_E11_781784	6	78969105	79041809	117	0.2883
FOXED_p_TCGA_b122_128_SNP_N_GenomeWideSNP_6_E11_781784	6	79045766	87884626	5510	-0.0406
FOXED_p_TCGA_b122_128_SNP_N_GenomeWideSNP_6_E11_781784	6	87890081	87967636	42	-0.3006
FOXED_p_TCGA_b122_128_SNP_N_GenomeWideSNP_6_E11_781784	6	87972423	145796486	36567	-0.0437
FOXED_p_TCGA_b122_128_SNP_N_GenomeWideSNP_6_E11_781784	6	145802833	145813262	14	-0.9987
FOXED_p_TCGA_b122_128_SNP_N_GenomeWideSNP_6_E11_781784	6	145816699	162543297	11636	-0.0328
FOXED_p_TCGA_b122_128_SNP_N_GenomeWideSNP_6_E11_781784	6	162545872	162922318	308	-0.8603
FOXED_p_TCGA_b122_128_SNP_N_GenomeWideSNP_6_E11_781784	6	162931446	163111274	133	-0.122
FOXED_p_TCGA_b122_128_SNP_N_GenomeWideSNP_6_E11_781784	6	163112962	163187213	41	-1.1157
FOXED_p_TCGA_b122_128_SNP_N_GenomeWideSNP_6_E11_781784	6	163195251	165298816	1608	-0.0847
FOXED_p_TCGA_b122_128_SNP_N_GenomeWideSNP_6_E11_781784	6	165299302	165309456	2	-2.1375
FOXED_p_TCGA_b122_128_SNP_N_GenomeWideSNP_6_E11_781784	6	165309528	171051005	3945	-0.0608
FOXED_p_TCGA_b122_128_SNP_N_GenomeWideSNP_6_E11_781784	7	43355	3389090	1424	0.8225
FOXED_p_TCGA_b122_128_SNP_N_GenomeWideSNP_6_E11_781784	7	3395079	3395326	5	-0.2457
FOXED_p_TCGA_b122_128_SNP_N_GenomeWideSNP_6_E11_781784	7	3398760	15431632	8995	0.8878
FOXED_p_TCGA_b122_128_SNP_N_GenomeWideSNP_6_E11_781784	7	15431670	15433289	2	-2.0163
FOXED_p_TCGA_b122_128_SNP_N_GenomeWideSNP_6_E11_781784	7	15434065	43620294	20717	0.8835
FOXED_p_TCGA_b122_128_SNP_N_GenomeWideSNP_6_E11_781784	7	43628168	43631368	4	-0.5597
FOXED_p_TCGA_b122_128_SNP_N_GenomeWideSNP_6_E11_781784	7	43636186	54380373	7458	0.8654
FOXED_p_TCGA_b122_128_SNP_N_GenomeWideSNP_6_E11_781784	7	54386505	54386517	6	-0.8434
FOXED_p_TCGA_b122_128_SNP_N_GenomeWideSNP_6_E11_781784	7	54393488	61888128	2142	0.8339
FOXED_p_TCGA_b122_128_SNP_N_GenomeWideSNP_6_E11_781784	7	61987173	63059358	296	0.2624
FOXED_p_TCGA_b122_128_SNP_N_GenomeWideSNP_6_E11_781784	7	63083340	63116350	19	0.6355
FOXED_p_TCGA_b122_128_SNP_N_GenomeWideSNP_6_E11_781784	7	63121038	70420438	3843	0.2105
FOXED_p_TCGA_b122_128_SNP_N_GenomeWideSNP_6_E11_781784	7	70423250	70426141	2	-2.4823
FOXED_p_TCGA_b122_128_SNP_N_GenomeWideSNP_6_E11_781784	7	70428243	97395509	15879	0.2316
FOXED_p_TCGA_b122_128_SNP_N_GenomeWideSNP_6_E11_781784	7	97401932	97402475	8	-0.9516
FOXED_p_TCGA_b122_128_SNP_N_GenomeWideSNP_6_E11_781784	7	97404240	109785621	6875	0.2432
FOXED_p_TCGA_b122_128_SNP_N_GenomeWideSNP_6_E11_781784	7	109786714	110694607	626	-0.0398
FOXED_p_TCGA_b122_128_SNP_N_GenomeWideSNP_6_E11_781784	7	110700523	126044974	9216	0.2262
FOXED_p_TCGA_b122_128_SNP_N_GenomeWideSNP_6_E11_781784	7	126045482	126046879	16	-0.3419
FOXED_p_TCGA_b122_128_SNP_N_GenomeWideSNP_6_E11_781784	7	126046880	133785177	4706	0.2173
FOXED_p_TCGA_b122_128_SNP_N_GenomeWideSNP_6_E11_781784	7	133785195	133795634	25	0.6123
FOXED_p_TCGA_b122_128_SNP_N_GenomeWideSNP_6_E11_781784	7	133795665	141769643	5211	0.2196
FOXED_p_TCGA_b122_128_SNP_N_GenomeWideSNP_6_E11_781784	7	141769680	141797564	43	-0.2044
FOXED_p_TCGA_b122_128_SNP_N_GenomeWideSNP_6_E11_781784	7	141798990	142474939	449	0.2524
FOXED_p_TCGA_b122_128_SNP_N_GenomeWideSNP_6_E11_781784	7	142476719	142486045	27	1.0146
FOXED_p_TCGA_b122_128_SNP_N_GenomeWideSNP_6_E11_781784	7	142486115	154389895	7336	0.2228
FOXED_p_TCGA_b122_128_SNP_N_GenomeWideSNP_6_E11_781784	7	154393171	154397079	3	-2.4263
FOXED_p_TCGA_b122_128_SNP_N_GenomeWideSNP_6_E11_781784	7	154399613	154963544	563	0.2014
FOXED_p_TCGA_b122_128_SNP_N_GenomeWideSNP_6_E11_781784	7	154963588	159127004	2685	0.5867
FOXED_p_TCGA_b122_128_SNP_N_GenomeWideSNP_6_E11_781784	8	31254	158062	5	0.1616
FOXED_p_TCGA_b122_128_SNP_N_GenomeWideSNP_6_E11_781784	8	161222	594944	322	-0.9588
FOXED_p_TCGA_b122_128_SNP_N_GenomeWideSNP_6_E11_781784	8	594973	595908	9	0.1757
FOXED_p_TCGA_b122_128_SNP_N_GenomeWideSNP_6_E11_781784	8	601043	2204639	1275	-0.9266
FOXED_p_TCGA_b122_128_SNP_N_GenomeWideSNP_6_E11_781784	8	2205102	2207913	4	-5.9691
FOXED_p_TCGA_b122_128_SNP_N_GenomeWideSNP_6_E11_781784	8	2212785	6066463	5070	-0.9494
FOXED_p_TCGA_b122_128_SNP_N_GenomeWideSNP_6_E11_781784	8	6066920	6069115	29	-0.3162
FOXED_p_TCGA_b122_128_SNP_N_GenomeWideSNP_6_E11_781784	8	6071294	6921404	1021	-0.927
FOXED_p_TCGA_b122_128_SNP_N_GenomeWideSNP_6_E11_781784	8	6921690	8093182	289	-0.4348
FOXED_p_TCGA_b122_128_SNP_N_GenomeWideSNP_6_E11_781784	8	8094763	11877195	3197	-0.9416
FOXED_p_TCGA_b122_128_SNP_N_GenomeWideSNP_6_E11_781784	8	11881859	12528428	139	-0.281
FOXED_p_TCGA_b122_128_SNP_N_GenomeWideSNP_6_E11_781784	8	12530282	24974476	10364	-0.9031
FOXED_p_TCGA_b122_128_SNP_N_GenomeWideSNP_6_E11_781784	8	24974522	24984223	23	-1.7671
FOXED_p_TCGA_b122_128_SNP_N_GenomeWideSNP_6_E11_781784	8	24984250	35045556	6779	-0.8852
FOXED_p_TCGA_b122_128_SNP_N_GenomeWideSNP_6_E11_781784	8	35049724	38382037	1830	-0.0994
FOXED_p_TCGA_b122_128_SNP_N_GenomeWideSNP_6_E11_781784	8	38382937	38387391	4	-1.0655
FOXED_p_TCGA_b122_128_SNP_N_GenomeWideSNP_6_E11_781784	8	38388012	39230659	401	-0.0658
FOXED_p_TCGA_b122_128_SNP_N_GenomeWideSNP_6_E11_781784	8	39235603	39386965	58	-2.0197
FOXED_p_TCGA_b122_128_SNP_N_GenomeWideSNP_6_E11_781784	8	39388299	40771996	1074	-0.1062
FOXED_p_TCGA_b122_128_SNP_N_GenomeWideSNP_6_E11_781784	8	40777852	40778471	2	-2.2045
FOXED_p_TCGA_b122_128_SNP_N_GenomeWideSNP_6_E11_781784	8	40783680	112291494	40985	-0.1334
FOXED_p_TCGA_b122_128_SNP_N_GenomeWideSNP_6_E11_781784	8	112294279	112295260	10	0.9153
FOXED_p_TCGA_b122_128_SNP_N_GenomeWideSNP_6_E11_781784	8	112300281	113542896	680	-0.1339
FOXED_p_TCGA_b122_128_SNP_N_GenomeWideSNP_6_E11_781784	8	113543389	113605034	27	0.2843
FOXED_p_TCGA_b122_128_SNP_N_GenomeWideSNP_6_E11_781784	8	113605062	114311136	357	-0.1605
FOXED_p_TCGA_b122_128_SNP_N_GenomeWideSNP_6_E11_781784	8	114311411	115460116	657	0.317
FOXED_p_TCGA_b122_128_SNP_N_GenomeWideSNP_6_E11_781784	8	115461491	115475287	16	-0.153
FOXED_p_TCGA_b122_128_SNP_N_GenomeWideSNP_6_E11_781784	8	115477265	136778215	15342	0.3348
FOXED_p_TCGA_b122_128_SNP_N_GenomeWideSNP_6_E11_781784	8	136779434	137837940	823	-0.1627
FOXED_p_TCGA_b122_128_SNP_N_GenomeWideSNP_6_E11_781784	8	137838020	137849411	22	0.1481
FOXED_p_TCGA_b122_128_SNP_N_GenomeWideSNP_6_E11_781784	8	137849443	138099627	180	-0.1543
FOXED_p_TCGA_b122_128_SNP_N_GenomeWideSNP_6_E11_781784	8	138102948	138420799	251	0.3303
FOXED_p_TCGA_b122_128_SNP_N_GenomeWideSNP_6_E11_781784	8	138426552	138615658	190	0.6833
FOXED_p_TCGA_b122_128_SNP_N_GenomeWideSNP_6_E11_781784	8	138619007	139682866	891	0.3211
FOXED_p_TCGA_b122_128_SNP_N_GenomeWideSNP_6_E11_781784	8	139683792	139685036	4	-0.9738
FOXED_p_TCGA_b122_128_SNP_N_GenomeWideSNP_6_E11_781784	8	139686273	139789534	97	0.3502
FOXED_p_TCGA_b122_128_SNP_N_GenomeWideSNP_6_E11_781784	8	139790138	140476132	575	-0.1503
FOXED_p_TCGA_b122_128_SNP_N_GenomeWideSNP_6_E11_781784	8	140478033	140479275	4	-0.9456
FOXED_p_TCGA_b122_128_SNP_N_GenomeWideSNP_6_E11_781784	8	140480697	140872070	367	-0.1433
FOXED_p_TCGA_b122_128_SNP_N_GenomeWideSNP_6_E11_781784	8	140875370	143465679	1500	0.3266
FOXED_p_TCGA_b122_128_SNP_N_GenomeWideSNP_6_E11_781784	8	143465880	143465893	2	-1.3474
FOXED_p_TCGA_b122_128_SNP_N_GenomeWideSNP_6_E11_781784	8	143473926	146298155	965	0.3208
FOXED_p_TCGA_b122_128_SNP_N_GenomeWideSNP_6_E11_781784	9	46587	597054	492	0.6328
FOXED_p_TCGA_b122_128_SNP_N_GenomeWideSNP_6_E11_781784	9	597085	606961	25	0.968
FOXED_p_TCGA_b122_128_SNP_N_GenomeWideSNP_6_E11_781784	9	607307	671347	139	0.6339
FOXED_p_TCGA_b122_128_SNP_N_GenomeWideSNP_6_E11_781784	9	672786	676278	10	0.1501
FOXED_p_TCGA_b122_128_SNP_N_GenomeWideSNP_6_E11_781784	9	676305	26608724	22165	0.6923
FOXED_p_TCGA_b122_128_SNP_N_GenomeWideSNP_6_E11_781784	9	26608999	26610116	2	-0.5977
FOXED_p_TCGA_b122_128_SNP_N_GenomeWideSNP_6_E11_781784	9	26617163	40911224	8513	0.6762
FOXED_p_TCGA_b122_128_SNP_N_GenomeWideSNP_6_E11_781784	9	41450153	41842529	34	0.3828
FOXED_p_TCGA_b122_128_SNP_N_GenomeWideSNP_6_E11_781784	9	41846811	41985187	8	1.7928
FOXED_p_TCGA_b122_128_SNP_N_GenomeWideSNP_6_E11_781784	9	42023107	71733668	1175	0.5918
FOXED_p_TCGA_b122_128_SNP_N_GenomeWideSNP_6_E11_781784	9	71740171	71742725	3	-0.4065
FOXED_p_TCGA_b122_128_SNP_N_GenomeWideSNP_6_E11_781784	9	71746053	72100569	291	0.6603
FOXED_p_TCGA_b122_128_SNP_N_GenomeWideSNP_6_E11_781784	9	72105613	72105619	4	-0.2477
FOXED_p_TCGA_b122_128_SNP_N_GenomeWideSNP_6_E11_781784	9	72106629	112823818	28885	0.6318
FOXED_p_TCGA_b122_128_SNP_N_GenomeWideSNP_6_E11_781784	9	112824301	112830614	5	-0.2991
FOXED_p_TCGA_b122_128_SNP_N_GenomeWideSNP_6_E11_781784	9	112831532	113981087	948	0.6481
FOXED_p_TCGA_b122_128_SNP_N_GenomeWideSNP_6_E11_781784	9	113982986	113983402	2	-0.8458
FOXED_p_TCGA_b122_128_SNP_N_GenomeWideSNP_6_E11_781784	9	113985399	126571182	9266	0.6285
FOXED_p_TCGA_b122_128_SNP_N_GenomeWideSNP_6_E11_781784	9	126571617	126686445	52	0.3091
FOXED_p_TCGA_b122_128_SNP_N_GenomeWideSNP_6_E11_781784	9	126689101	126717598	29	0.6447
FOXED_p_TCGA_b122_128_SNP_N_GenomeWideSNP_6_E11_781784	9	126718188	126737117	37	0.2145
FOXED_p_TCGA_b122_128_SNP_N_GenomeWideSNP_6_E11_781784	9	126741528	136560244	5794	0.6164
FOXED_p_TCGA_b122_128_SNP_N_GenomeWideSNP_6_E11_781784	9	136560725	136560821	3	-0.4799
FOXED_p_TCGA_b122_128_SNP_N_GenomeWideSNP_6_E11_781784	9	136561480	141091394	2099	0.6049
FOXED_p_TCGA_b122_128_SNP_N_GenomeWideSNP_6_E11_781784	10	72759	135853	19	-0.0981
FOXED_p_TCGA_b122_128_SNP_N_GenomeWideSNP_6_E11_781784	10	135896	4240107	3520	0.1606
FOXED_p_TCGA_b122_128_SNP_N_GenomeWideSNP_6_E11_781784	10	4240722	4241405	3	0.9871
FOXED_p_TCGA_b122_128_SNP_N_GenomeWideSNP_6_E11_781784	10	4241572	4287070	46	0.2205
FOXED_p_TCGA_b122_128_SNP_N_GenomeWideSNP_6_E11_781784	10	4290814	4291016	4	1.0643
FOXED_p_TCGA_b122_128_SNP_N_GenomeWideSNP_6_E11_781784	10	4294071	6411071	1835	0.202
FOXED_p_TCGA_b122_128_SNP_N_GenomeWideSNP_6_E11_781784	10	6411215	6411481	6	1.1739
FOXED_p_TCGA_b122_128_SNP_N_GenomeWideSNP_6_E11_781784	10	6418754	17927554	9464	0.1663
FOXED_p_TCGA_b122_128_SNP_N_GenomeWideSNP_6_E11_781784	10	17938208	17949857	2	1.8308
FOXED_p_TCGA_b122_128_SNP_N_GenomeWideSNP_6_E11_781784	10	17971816	24375263	4361	0.1712
FOXED_p_TCGA_b122_128_SNP_N_GenomeWideSNP_6_E11_781784	10	24377674	24378054	11	-1.5574
FOXED_p_TCGA_b122_128_SNP_N_GenomeWideSNP_6_E11_781784	10	24378908	26483183	1467	0.1913
FOXED_p_TCGA_b122_128_SNP_N_GenomeWideSNP_6_E11_781784	10	26483265	26484154	3	-1.0184
FOXED_p_TCGA_b122_128_SNP_N_GenomeWideSNP_6_E11_781784	10	26484441	31246510	3578	0.2086
FOXED_p_TCGA_b122_128_SNP_N_GenomeWideSNP_6_E11_781784	10	31251334	31251779	11	-0.895
FOXED_p_TCGA_b122_128_SNP_N_GenomeWideSNP_6_E11_781784	10	31251822	33960838	1823	0.249
FOXED_p_TCGA_b122_128_SNP_N_GenomeWideSNP_6_E11_781784	10	33963022	33963153	2	-1.6031
FOXED_p_TCGA_b122_128_SNP_N_GenomeWideSNP_6_E11_781784	10	33966121	46917315	5454	0.19
FOXED_p_TCGA_b122_128_SNP_N_GenomeWideSNP_6_E11_781784	10	46918184	46946732	6	-0.7126
FOXED_p_TCGA_b122_128_SNP_N_GenomeWideSNP_6_E11_781784	10	46954491	48317336	380	0.501
FOXED_p_TCGA_b122_128_SNP_N_GenomeWideSNP_6_E11_781784	10	48318619	51830360	1752	0.1232
FOXED_p_TCGA_b122_128_SNP_N_GenomeWideSNP_6_E11_781784	10	51840984	51867234	3	-2.4501
FOXED_p_TCGA_b122_128_SNP_N_GenomeWideSNP_6_E11_781784	10	51891920	59202354	5462	0.1328
FOXED_p_TCGA_b122_128_SNP_N_GenomeWideSNP_6_E11_781784	10	59203049	59210773	5	-0.9337
FOXED_p_TCGA_b122_128_SNP_N_GenomeWideSNP_6_E11_781784	10	59218495	81251331	14841	0.1488
FOXED_p_TCGA_b122_128_SNP_N_GenomeWideSNP_6_E11_781784	10	81283267	81293615	2	-1.5022
FOXED_p_TCGA_b122_128_SNP_N_GenomeWideSNP_6_E11_781784	10	81336695	81385449	10	0.3709
FOXED_p_TCGA_b122_128_SNP_N_GenomeWideSNP_6_E11_781784	10	81409226	81514190	12	-0.3483
FOXED_p_TCGA_b122_128_SNP_N_GenomeWideSNP_6_E11_781784	10	81523306	89061261	5219	0.1442
FOXED_p_TCGA_b122_128_SNP_N_GenomeWideSNP_6_E11_781784	10	89069796	89112893	12	-0.5075
FOXED_p_TCGA_b122_128_SNP_N_GenomeWideSNP_6_E11_781784	10	89117300	90098920	768	0.1668
FOXED_p_TCGA_b122_128_SNP_N_GenomeWideSNP_6_E11_781784	10	90101723	90101828	2	-1.2597
FOXED_p_TCGA_b122_128_SNP_N_GenomeWideSNP_6_E11_781784	10	90122512	101274465	7175	0.125
FOXED_p_TCGA_b122_128_SNP_N_GenomeWideSNP_6_E11_781784	10	101275260	101282200	5	0.8482
FOXED_p_TCGA_b122_128_SNP_N_GenomeWideSNP_6_E11_781784	10	101285531	107056279	3295	0.0641
FOXED_p_TCGA_b122_128_SNP_N_GenomeWideSNP_6_E11_781784	10	107057038	107059170	3	-1.3265
FOXED_p_TCGA_b122_128_SNP_N_GenomeWideSNP_6_E11_781784	10	107062476	135506704	20600	0.0364
FOXED_p_TCGA_b122_128_SNP_N_GenomeWideSNP_6_E11_781784	11	198510	4276133	1805	-0.0418
FOXED_p_TCGA_b122_128_SNP_N_GenomeWideSNP_6_E11_781784	11	4295756	4359288	19	-0.6891
FOXED_p_TCGA_b122_128_SNP_N_GenomeWideSNP_6_E11_781784	11	4384797	5787405	1482	-0.0653
FOXED_p_TCGA_b122_128_SNP_N_GenomeWideSNP_6_E11_781784	11	5788080	5809461	34	-0.6805
FOXED_p_TCGA_b122_128_SNP_N_GenomeWideSNP_6_E11_781784	11	5812360	6107790	238	-0.0642
FOXED_p_TCGA_b122_128_SNP_N_GenomeWideSNP_6_E11_781784	11	6108269	6122094	8	-1.2704
FOXED_p_TCGA_b122_128_SNP_N_GenomeWideSNP_6_E11_781784	11	6122503	42961831	26578	-0.0496
FOXED_p_TCGA_b122_128_SNP_N_GenomeWideSNP_6_E11_781784	11	42969584	42971168	6	0.5901
FOXED_p_TCGA_b122_128_SNP_N_GenomeWideSNP_6_E11_781784	11	42976631	55363340	4509	-0.055
FOXED_p_TCGA_b122_128_SNP_N_GenomeWideSNP_6_E11_781784	11	55374032	55376511	10	-0.9559
FOXED_p_TCGA_b122_128_SNP_N_GenomeWideSNP_6_E11_781784	11	55376634	55453009	49	-2.0482
FOXED_p_TCGA_b122_128_SNP_N_GenomeWideSNP_6_E11_781784	11	55453576	67475601	6245	-0.0622
FOXED_p_TCGA_b122_128_SNP_N_GenomeWideSNP_6_E11_781784	11	67475625	67498032	3	-1.1303
FOXED_p_TCGA_b122_128_SNP_N_GenomeWideSNP_6_E11_781784	11	67498224	71543708	2151	-0.0537
FOXED_p_TCGA_b122_128_SNP_N_GenomeWideSNP_6_E11_781784	11	71544011	71550092	3	-1.0213
FOXED_p_TCGA_b122_128_SNP_N_GenomeWideSNP_6_E11_781784	11	71551602	79967513	4905	-0.0138
FOXED_p_TCGA_b122_128_SNP_N_GenomeWideSNP_6_E11_781784	11	79967548	79967564	2	-3.0297
FOXED_p_TCGA_b122_128_SNP_N_GenomeWideSNP_6_E11_781784	11	79967686	86305661	4510	-0.009
FOXED_p_TCGA_b122_128_SNP_N_GenomeWideSNP_6_E11_781784	11	86305813	86306054	5	-0.8682
FOXED_p_TCGA_b122_128_SNP_N_GenomeWideSNP_6_E11_781784	11	86315174	134944770	34626	-0.0134
FOXED_p_TCGA_b122_128_SNP_N_GenomeWideSNP_6_E11_781784	12	150442	4874326	3283	-0.1193
FOXED_p_TCGA_b122_128_SNP_N_GenomeWideSNP_6_E11_781784	12	4875255	4876809	3	-2.6732
FOXED_p_TCGA_b122_128_SNP_N_GenomeWideSNP_6_E11_781784	12	4880101	9633870	2920	-0.1155
FOXED_p_TCGA_b122_128_SNP_N_GenomeWideSNP_6_E11_781784	12	9637909	9728292	24	-1.0953
FOXED_p_TCGA_b122_128_SNP_N_GenomeWideSNP_6_E11_781784	12	9734969	11215372	1042	-0.1123
FOXED_p_TCGA_b122_128_SNP_N_GenomeWideSNP_6_E11_781784	12	11216849	11251874	15	-1.0475
FOXED_p_TCGA_b122_128_SNP_N_GenomeWideSNP_6_E11_781784	12	11256829	26271582	10468	-0.0841
FOXED_p_TCGA_b122_128_SNP_N_GenomeWideSNP_6_E11_781784	12	26272824	31595829	3911	-0.8373
FOXED_p_TCGA_b122_128_SNP_N_GenomeWideSNP_6_E11_781784	12	31611513	32953517	965	-0.0865
FOXED_p_TCGA_b122_128_SNP_N_GenomeWideSNP_6_E11_781784	12	32953769	37971631	1090	-0.7525
FOXED_p_TCGA_b122_128_SNP_N_GenomeWideSNP_6_E11_781784	12	37973774	38186749	52	-0.2622
FOXED_p_TCGA_b122_128_SNP_N_GenomeWideSNP_6_E11_781784	12	38207042	40291027	1013	-0.8433
FOXED_p_TCGA_b122_128_SNP_N_GenomeWideSNP_6_E11_781784	12	40292431	43287444	2144	-0.1279
FOXED_p_TCGA_b122_128_SNP_N_GenomeWideSNP_6_E11_781784	12	43287688	46515809	1905	-0.862
FOXED_p_TCGA_b122_128_SNP_N_GenomeWideSNP_6_E11_781784	12	46522200	48725042	1376	-0.1082
FOXED_p_TCGA_b122_128_SNP_N_GenomeWideSNP_6_E11_781784	12	48725239	48725415	3	-2.1541
FOXED_p_TCGA_b122_128_SNP_N_GenomeWideSNP_6_E11_781784	12	48730036	64112123	8993	-0.1127
FOXED_p_TCGA_b122_128_SNP_N_GenomeWideSNP_6_E11_781784	12	64117268	64136654	10	-0.7465
FOXED_p_TCGA_b122_128_SNP_N_GenomeWideSNP_6_E11_781784	12	64143188	86880778	14508	-0.1314
FOXED_p_TCGA_b122_128_SNP_N_GenomeWideSNP_6_E11_781784	12	86881828	86881955	2	-2.5947
FOXED_p_TCGA_b122_128_SNP_N_GenomeWideSNP_6_E11_781784	12	86890015	114713515	18231	-0.1428
FOXED_p_TCGA_b122_128_SNP_N_GenomeWideSNP_6_E11_781784	12	114713898	114714375	2	-2.0525
FOXED_p_TCGA_b122_128_SNP_N_GenomeWideSNP_6_E11_781784	12	114720648	132144148	12517	-0.1798
FOXED_p_TCGA_b122_128_SNP_N_GenomeWideSNP_6_E11_781784	12	132144196	132152732	2	-1.9908
FOXED_p_TCGA_b122_128_SNP_N_GenomeWideSNP_6_E11_781784	12	132154193	133778189	556	-0.1558
FOXED_p_TCGA_b122_128_SNP_N_GenomeWideSNP_6_E11_781784	13	19026949	19319635	74	0.683
FOXED_p_TCGA_b122_128_SNP_N_GenomeWideSNP_6_E11_781784	13	19368654	19369592	9	-0.456
FOXED_p_TCGA_b122_128_SNP_N_GenomeWideSNP_6_E11_781784	13	19395638	19409325	24	0.4995
FOXED_p_TCGA_b122_128_SNP_N_GenomeWideSNP_6_E11_781784	13	19409709	23629210	2792	0.8053
FOXED_p_TCGA_b122_128_SNP_N_GenomeWideSNP_6_E11_781784	13	23632678	23633515	12	-0.3112
FOXED_p_TCGA_b122_128_SNP_N_GenomeWideSNP_6_E11_781784	13	23638195	23982376	271	0.7758
FOXED_p_TCGA_b122_128_SNP_N_GenomeWideSNP_6_E11_781784	13	23982485	23982528	2	-0.626
FOXED_p_TCGA_b122_128_SNP_N_GenomeWideSNP_6_E11_781784	13	23985391	24115747	108	0.7985
FOXED_p_TCGA_b122_128_SNP_N_GenomeWideSNP_6_E11_781784	13	24115930	24764876	557	1.4225
FOXED_p_TCGA_b122_128_SNP_N_GenomeWideSNP_6_E11_781784	13	24767101	35472415	8000	0.4549
FOXED_p_TCGA_b122_128_SNP_N_GenomeWideSNP_6_E11_781784	13	35473453	35506646	19	-0.0514
FOXED_p_TCGA_b122_128_SNP_N_GenomeWideSNP_6_E11_781784	13	35507811	35578369	31	-0.5501
FOXED_p_TCGA_b122_128_SNP_N_GenomeWideSNP_6_E11_781784	13	35579756	35715748	49	0.0173
FOXED_p_TCGA_b122_128_SNP_N_GenomeWideSNP_6_E11_781784	13	35719792	38071135	1628	0.4365
FOXED_p_TCGA_b122_128_SNP_N_GenomeWideSNP_6_E11_781784	13	38072036	38084757	16	1.2424
FOXED_p_TCGA_b122_128_SNP_N_GenomeWideSNP_6_E11_781784	13	38088330	53094799	9918	0.4578
FOXED_p_TCGA_b122_128_SNP_N_GenomeWideSNP_6_E11_781784	13	53097984	53105785	3	-1.1375
FOXED_p_TCGA_b122_128_SNP_N_GenomeWideSNP_6_E11_781784	13	53117879	62961967	5781	0.4332
FOXED_p_TCGA_b122_128_SNP_N_GenomeWideSNP_6_E11_781784	13	62962910	62963600	3	-2.7716
FOXED_p_TCGA_b122_128_SNP_N_GenomeWideSNP_6_E11_781784	13	62967188	63295417	137	0.4673
FOXED_p_TCGA_b122_128_SNP_N_GenomeWideSNP_6_E11_781784	13	63295710	63296255	2	-4.1007
FOXED_p_TCGA_b122_128_SNP_N_GenomeWideSNP_6_E11_781784	13	63296881	69249481	3650	0.4322
FOXED_p_TCGA_b122_128_SNP_N_GenomeWideSNP_6_E11_781784	13	69250779	69259015	10	-0.079
FOXED_p_TCGA_b122_128_SNP_N_GenomeWideSNP_6_E11_781784	13	69259214	72476988	2086	0.4555
FOXED_p_TCGA_b122_128_SNP_N_GenomeWideSNP_6_E11_781784	13	72477555	72480556	4	1.7926
FOXED_p_TCGA_b122_128_SNP_N_GenomeWideSNP_6_E11_781784	13	72480605	91574900	12344	0.4485
FOXED_p_TCGA_b122_128_SNP_N_GenomeWideSNP_6_E11_781784	13	91576585	91577591	2	-0.96
FOXED_p_TCGA_b122_128_SNP_N_GenomeWideSNP_6_E11_781784	13	91578558	97746188	4104	0.4372
FOXED_p_TCGA_b122_128_SNP_N_GenomeWideSNP_6_E11_781784	13	97749610	97750232	2	-0.9408
FOXED_p_TCGA_b122_128_SNP_N_GenomeWideSNP_6_E11_781784	13	97754758	103856536	4456	0.4567
FOXED_p_TCGA_b122_128_SNP_N_GenomeWideSNP_6_E11_781784	13	103856740	103866643	12	-0.221
FOXED_p_TCGA_b122_128_SNP_N_GenomeWideSNP_6_E11_781784	13	103867104	115108397	8245	0.4483
FOXED_p_TCGA_b122_128_SNP_N_GenomeWideSNP_6_E11_781784	14	19002124	19604114	44	-0.0183
FOXED_p_TCGA_b122_128_SNP_N_GenomeWideSNP_6_E11_781784	14	19607007	20425509	147	-0.4985
FOXED_p_TCGA_b122_128_SNP_N_GenomeWideSNP_6_E11_781784	14	20425860	26590340	4198	-0.0681
FOXED_p_TCGA_b122_128_SNP_N_GenomeWideSNP_6_E11_781784	14	26590610	26591596	2	-2.0314
FOXED_p_TCGA_b122_128_SNP_N_GenomeWideSNP_6_E11_781784	14	26595851	64136461	23729	-0.1064
FOXED_p_TCGA_b122_128_SNP_N_GenomeWideSNP_6_E11_781784	14	64139167	67993025	2253	-0.8087
FOXED_p_TCGA_b122_128_SNP_N_GenomeWideSNP_6_E11_781784	14	67993042	67994383	2	-3.6625
FOXED_p_TCGA_b122_128_SNP_N_GenomeWideSNP_6_E11_781784	14	67995628	81466662	8849	-0.8435
FOXED_p_TCGA_b122_128_SNP_N_GenomeWideSNP_6_E11_781784	14	81467594	81468264	3	-3.4464
FOXED_p_TCGA_b122_128_SNP_N_GenomeWideSNP_6_E11_781784	14	81469854	98728528	11746	-0.8307
FOXED_p_TCGA_b122_128_SNP_N_GenomeWideSNP_6_E11_781784	14	98729754	98729781	2	-3.4691
FOXED_p_TCGA_b122_128_SNP_N_GenomeWideSNP_6_E11_781784	14	98729929	101492548	1929	-0.8512
FOXED_p_TCGA_b122_128_SNP_N_GenomeWideSNP_6_E11_781784	14	101492734	101492845	2	-4.3532
FOXED_p_TCGA_b122_128_SNP_N_GenomeWideSNP_6_E11_781784	14	101493300	104061744	1312	-0.8353
FOXED_p_TCGA_b122_128_SNP_N_GenomeWideSNP_6_E11_781784	14	104061761	107285437	1248	-0.0573
FOXED_p_TCGA_b122_128_SNP_N_GenomeWideSNP_6_E11_781784	15	20016328	20269773	57	-0.0832
FOXED_p_TCGA_b122_128_SNP_N_GenomeWideSNP_6_E11_781784	15	20284066	20578421	41	0.2247
FOXED_p_TCGA_b122_128_SNP_N_GenomeWideSNP_6_E11_781784	15	20581451	20581455	5	-0.684
FOXED_p_TCGA_b122_128_SNP_N_GenomeWideSNP_6_E11_781784	15	20581562	20830582	55	0.1865
FOXED_p_TCGA_b122_128_SNP_N_GenomeWideSNP_6_E11_781784	15	20843562	22311811	158	0.4305
FOXED_p_TCGA_b122_128_SNP_N_GenomeWideSNP_6_E11_781784	15	22317512	22375605	20	-0.0066
FOXED_p_TCGA_b122_128_SNP_N_GenomeWideSNP_6_E11_781784	15	22376383	22383201	5	0.7003
FOXED_p_TCGA_b122_128_SNP_N_GenomeWideSNP_6_E11_781784	15	22385001	24058799	712	-0.0518
FOXED_p_TCGA_b122_128_SNP_N_GenomeWideSNP_6_E11_781784	15	24058820	24058849	2	-2.9748
FOXED_p_TCGA_b122_128_SNP_N_GenomeWideSNP_6_E11_781784	15	24058995	38582690	9435	-0.1201
FOXED_p_TCGA_b122_128_SNP_N_GenomeWideSNP_6_E11_781784	15	38588012	38656399	41	0.1539
FOXED_p_TCGA_b122_128_SNP_N_GenomeWideSNP_6_E11_781784	15	38656478	38701135	29	-0.1957
FOXED_p_TCGA_b122_128_SNP_N_GenomeWideSNP_6_E11_781784	15	38703114	41620534	1896	0.1108
FOXED_p_TCGA_b122_128_SNP_N_GenomeWideSNP_6_E11_781784	15	41631194	42138456	236	-0.4698
FOXED_p_TCGA_b122_128_SNP_N_GenomeWideSNP_6_E11_781784	15	42149472	56789647	8888	0.093
FOXED_p_TCGA_b122_128_SNP_N_GenomeWideSNP_6_E11_781784	15	56790703	56800977	25	-1.4619
FOXED_p_TCGA_b122_128_SNP_N_GenomeWideSNP_6_E11_781784	15	56801623	60759622	2782	-0.0514
FOXED_p_TCGA_b122_128_SNP_N_GenomeWideSNP_6_E11_781784	15	60760668	60761136	2	-1.5412
FOXED_p_TCGA_b122_128_SNP_N_GenomeWideSNP_6_E11_781784	15	60766688	62985202	1852	-0.1339
FOXED_p_TCGA_b122_128_SNP_N_GenomeWideSNP_6_E11_781784	15	62989775	62989849	2	-1.9018
FOXED_p_TCGA_b122_128_SNP_N_GenomeWideSNP_6_E11_781784	15	62990409	73710860	6561	-0.1664
FOXED_p_TCGA_b122_128_SNP_N_GenomeWideSNP_6_E11_781784	15	73714077	73714725	2	1.031
FOXED_p_TCGA_b122_128_SNP_N_GenomeWideSNP_6_E11_781784	15	73717945	76891511	1560	-0.2224
FOXED_p_TCGA_b122_128_SNP_N_GenomeWideSNP_6_E11_781784	15	76891627	76895198	12	-2.5598
FOXED_p_TCGA_b122_128_SNP_N_GenomeWideSNP_6_E11_781784	15	76895344	102469040	17691	-0.2276
FOXED_p_TCGA_b122_128_SNP_N_GenomeWideSNP_6_E11_781784	16	60777	1066396	389	-0.1146
FOXED_p_TCGA_b122_128_SNP_N_GenomeWideSNP_6_E11_781784	16	1066397	1088797	5	-0.9959
FOXED_p_TCGA_b122_128_SNP_N_GenomeWideSNP_6_E11_781784	16	1089949	6023892	2724	-0.1574
FOXED_p_TCGA_b122_128_SNP_N_GenomeWideSNP_6_E11_781784	16	6027738	6281583	290	-0.9414
FOXED_p_TCGA_b122_128_SNP_N_GenomeWideSNP_6_E11_781784	16	6281605	6496333	273	-3.8804
FOXED_p_TCGA_b122_128_SNP_N_GenomeWideSNP_6_E11_781784	16	6502765	6509009	15	-0.1541
FOXED_p_TCGA_b122_128_SNP_N_GenomeWideSNP_6_E11_781784	16	6509671	6622545	134	-0.9704
FOXED_p_TCGA_b122_128_SNP_N_GenomeWideSNP_6_E11_781784	16	6622949	6706076	123	-3.8196
FOXED_p_TCGA_b122_128_SNP_N_GenomeWideSNP_6_E11_781784	16	6708812	6974619	351	-1.0186
FOXED_p_TCGA_b122_128_SNP_N_GenomeWideSNP_6_E11_781784	16	6977964	7001711	21	-0.1863
FOXED_p_TCGA_b122_128_SNP_N_GenomeWideSNP_6_E11_781784	16	7004136	7207910	264	-1.0108
FOXED_p_TCGA_b122_128_SNP_N_GenomeWideSNP_6_E11_781784	16	7208395	7211575	5	0.1298
FOXED_p_TCGA_b122_128_SNP_N_GenomeWideSNP_6_E11_781784	16	7211691	16377662	7186	-0.1283
FOXED_p_TCGA_b122_128_SNP_N_GenomeWideSNP_6_E11_781784	16	16513091	16513638	3	-1.4443
FOXED_p_TCGA_b122_128_SNP_N_GenomeWideSNP_6_E11_781784	16	16529591	20499588	2169	-0.1453
FOXED_p_TCGA_b122_128_SNP_N_GenomeWideSNP_6_E11_781784	16	20500192	20501023	4	-1.0129
FOXED_p_TCGA_b122_128_SNP_N_GenomeWideSNP_6_E11_781784	16	20512781	21389970	497	-0.0978
FOXED_p_TCGA_b122_128_SNP_N_GenomeWideSNP_6_E11_781784	16	21412403	21543266	10	-0.8085
FOXED_p_TCGA_b122_128_SNP_N_GenomeWideSNP_6_E11_781784	16	21546281	22431370	377	-0.108
FOXED_p_TCGA_b122_128_SNP_N_GenomeWideSNP_6_E11_781784	16	22441974	22704520	74	-0.5788
FOXED_p_TCGA_b122_128_SNP_N_GenomeWideSNP_6_E11_781784	16	22710742	54410097	11179	-0.1216
FOXED_p_TCGA_b122_128_SNP_N_GenomeWideSNP_6_E11_781784	16	54410237	54416604	15	-0.9422
FOXED_p_TCGA_b122_128_SNP_N_GenomeWideSNP_6_E11_781784	16	54420698	78036170	15367	-0.1239
FOXED_p_TCGA_b122_128_SNP_N_GenomeWideSNP_6_E11_781784	16	78036191	78045529	6	-0.9067
FOXED_p_TCGA_b122_128_SNP_N_GenomeWideSNP_6_E11_781784	16	78045800	80947626	3312	-0.1524
FOXED_p_TCGA_b122_128_SNP_N_GenomeWideSNP_6_E11_781784	16	80947894	80947996	2	-1.6128
FOXED_p_TCGA_b122_128_SNP_N_GenomeWideSNP_6_E11_781784	16	80950324	87958562	6690	-0.1464
FOXED_p_TCGA_b122_128_SNP_N_GenomeWideSNP_6_E11_781784	16	87968242	87980060	12	-0.8131
FOXED_p_TCGA_b122_128_SNP_N_GenomeWideSNP_6_E11_781784	16	87981784	90287535	934	-0.1358
FOXED_p_TCGA_b122_128_SNP_N_GenomeWideSNP_6_E11_781784	17	526	3335327	1742	-0.1471
FOXED_p_TCGA_b122_128_SNP_N_GenomeWideSNP_6_E11_781784	17	3335890	15005287	7869	-0.9124
FOXED_p_TCGA_b122_128_SNP_N_GenomeWideSNP_6_E11_781784	17	15008806	15054388	62	-0.0981
FOXED_p_TCGA_b122_128_SNP_N_GenomeWideSNP_6_E11_781784	17	15054466	15194724	105	-0.9139
FOXED_p_TCGA_b122_128_SNP_N_GenomeWideSNP_6_E11_781784	17	15195130	18317181	1601	-0.133
FOXED_p_TCGA_b122_128_SNP_N_GenomeWideSNP_6_E11_781784	17	18317193	18411923	20	0.3851
FOXED_p_TCGA_b122_128_SNP_N_GenomeWideSNP_6_E11_781784	17	18412558	18465221	12	-0.627
FOXED_p_TCGA_b122_128_SNP_N_GenomeWideSNP_6_E11_781784	17	18469197	41432265	10634	-0.1338
FOXED_p_TCGA_b122_128_SNP_N_GenomeWideSNP_6_E11_781784	17	41438590	41439921	3	-2.8295
FOXED_p_TCGA_b122_128_SNP_N_GenomeWideSNP_6_E11_781784	17	41443704	44222138	1442	-0.1529
FOXED_p_TCGA_b122_128_SNP_N_GenomeWideSNP_6_E11_781784	17	44224545	44784982	134	0.1673
FOXED_p_TCGA_b122_128_SNP_N_GenomeWideSNP_6_E11_781784	17	44785682	54159044	5808	-0.1267
FOXED_p_TCGA_b122_128_SNP_N_GenomeWideSNP_6_E11_781784	17	54160914	54161051	3	-1.9409
FOXED_p_TCGA_b122_128_SNP_N_GenomeWideSNP_6_E11_781784	17	54161171	54172591	24	-4.4873
FOXED_p_TCGA_b122_128_SNP_N_GenomeWideSNP_6_E11_781784	17	54172823	72622473	11527	-0.0908
FOXED_p_TCGA_b122_128_SNP_N_GenomeWideSNP_6_E11_781784	17	72622537	72622634	3	-1.9253
FOXED_p_TCGA_b122_128_SNP_N_GenomeWideSNP_6_E11_781784	17	72629122	76630535	2138	-0.084
FOXED_p_TCGA_b122_128_SNP_N_GenomeWideSNP_6_E11_781784	17	76630547	76644567	11	-1.0588
FOXED_p_TCGA_b122_128_SNP_N_GenomeWideSNP_6_E11_781784	17	76648526	78634300	1142	-0.103
FOXED_p_TCGA_b122_128_SNP_N_GenomeWideSNP_6_E11_781784	17	78634543	78670328	21	-0.5154
FOXED_p_TCGA_b122_128_SNP_N_GenomeWideSNP_6_E11_781784	17	78670903	81049726	940	-0.0828
FOXED_p_TCGA_b122_128_SNP_N_GenomeWideSNP_6_E11_781784	18	11543	43458585	26183	-0.8573
FOXED_p_TCGA_b122_128_SNP_N_GenomeWideSNP_6_E11_781784	18	43463659	43466150	3	-4.3567
FOXED_p_TCGA_b122_128_SNP_N_GenomeWideSNP_6_E11_781784	18	43466234	48838326	3758	-0.8509
FOXED_p_TCGA_b122_128_SNP_N_GenomeWideSNP_6_E11_781784	18	48838339	48840678	3	-4.7642
FOXED_p_TCGA_b122_128_SNP_N_GenomeWideSNP_6_E11_781784	18	48840753	51546255	1901	-0.8574
FOXED_p_TCGA_b122_128_SNP_N_GenomeWideSNP_6_E11_781784	18	51546955	51547251	2	-4.0173
FOXED_p_TCGA_b122_128_SNP_N_GenomeWideSNP_6_E11_781784	18	51548455	65004876	9195	-0.85
FOXED_p_TCGA_b122_128_SNP_N_GenomeWideSNP_6_E11_781784	18	65007543	65013891	4	-3.9487
FOXED_p_TCGA_b122_128_SNP_N_GenomeWideSNP_6_E11_781784	18	65014135	78015057	9485	-0.9066
FOXED_p_TCGA_b122_128_SNP_N_GenomeWideSNP_6_E11_781784	19	90910	255578	6	-0.1386
FOXED_p_TCGA_b122_128_SNP_N_GenomeWideSNP_6_E11_781784	19	255830	20588850	8976	0.3294
FOXED_p_TCGA_b122_128_SNP_N_GenomeWideSNP_6_E11_781784	19	20589062	20759858	99	-0.0731
FOXED_p_TCGA_b122_128_SNP_N_GenomeWideSNP_6_E11_781784	19	20765130	37893300	8768	0.2692
FOXED_p_TCGA_b122_128_SNP_N_GenomeWideSNP_6_E11_781784	19	37894875	42689009	2493	-0.2357
FOXED_p_TCGA_b122_128_SNP_N_GenomeWideSNP_6_E11_781784	19	42696015	42696698	2	-3.0376
FOXED_p_TCGA_b122_128_SNP_N_GenomeWideSNP_6_E11_781784	19	42700528	43015112	115	-0.2104
FOXED_p_TCGA_b122_128_SNP_N_GenomeWideSNP_6_E11_781784	19	43018793	43164418	78	-0.758
FOXED_p_TCGA_b122_128_SNP_N_GenomeWideSNP_6_E11_781784	19	43170585	59097854	8824	-0.2579
FOXED_p_TCGA_b122_128_SNP_N_GenomeWideSNP_6_E11_781784	20	61305	1560999	1207	0.6511
FOXED_p_TCGA_b122_128_SNP_N_GenomeWideSNP_6_E11_781784	20	1561580	1593893	41	-0.1483
FOXED_p_TCGA_b122_128_SNP_N_GenomeWideSNP_6_E11_781784	20	1597946	1619164	29	0.632
FOXED_p_TCGA_b122_128_SNP_N_GenomeWideSNP_6_E11_781784	20	1619952	1620147	2	-0.5735
FOXED_p_TCGA_b122_128_SNP_N_GenomeWideSNP_6_E11_781784	20	1621686	4779609	2319	0.6427
FOXED_p_TCGA_b122_128_SNP_N_GenomeWideSNP_6_E11_781784	20	4779700	4779989	2	-1.2973
FOXED_p_TCGA_b122_128_SNP_N_GenomeWideSNP_6_E11_781784	20	4780165	4844291	64	0.4656
FOXED_p_TCGA_b122_128_SNP_N_GenomeWideSNP_6_E11_781784	20	4846787	11730488	5397	0.6749
FOXED_p_TCGA_b122_128_SNP_N_GenomeWideSNP_6_E11_781784	20	11730699	11901241	102	0.3557
FOXED_p_TCGA_b122_128_SNP_N_GenomeWideSNP_6_E11_781784	20	11901273	14551755	1853	0.6491
FOXED_p_TCGA_b122_128_SNP_N_GenomeWideSNP_6_E11_781784	20	14556195	14648235	71	0.2613
FOXED_p_TCGA_b122_128_SNP_N_GenomeWideSNP_6_E11_781784	20	14658364	14705786	37	-0.2634
FOXED_p_TCGA_b122_128_SNP_N_GenomeWideSNP_6_E11_781784	20	14705888	14707900	6	0.2946
FOXED_p_TCGA_b122_128_SNP_N_GenomeWideSNP_6_E11_781784	20	14717869	14767380	41	0.5908
FOXED_p_TCGA_b122_128_SNP_N_GenomeWideSNP_6_E11_781784	20	14767486	14838027	82	-0.3518
FOXED_p_TCGA_b122_128_SNP_N_GenomeWideSNP_6_E11_781784	20	14839466	14878492	37	-0.8773
FOXED_p_TCGA_b122_128_SNP_N_GenomeWideSNP_6_E11_781784	20	14882862	14893900	20	-0.3272
FOXED_p_TCGA_b122_128_SNP_N_GenomeWideSNP_6_E11_781784	20	14894650	14897590	4	-1.0296
FOXED_p_TCGA_b122_128_SNP_N_GenomeWideSNP_6_E11_781784	20	14897614	14945839	54	-0.4327
FOXED_p_TCGA_b122_128_SNP_N_GenomeWideSNP_6_E11_781784	20	14948625	15015441	42	-1.1301
FOXED_p_TCGA_b122_128_SNP_N_GenomeWideSNP_6_E11_781784	20	15016266	15040477	24	-0.1686
FOXED_p_TCGA_b122_128_SNP_N_GenomeWideSNP_6_E11_781784	20	15041361	15066615	33	-0.571
FOXED_p_TCGA_b122_128_SNP_N_GenomeWideSNP_6_E11_781784	20	15068981	15070049	3	0.5161
FOXED_p_TCGA_b122_128_SNP_N_GenomeWideSNP_6_E11_781784	20	15070699	15174441	96	-0.5559
FOXED_p_TCGA_b122_128_SNP_N_GenomeWideSNP_6_E11_781784	20	15179820	15216865	19	0.0252
FOXED_p_TCGA_b122_128_SNP_N_GenomeWideSNP_6_E11_781784	20	15218061	15312359	84	0.2477
FOXED_p_TCGA_b122_128_SNP_N_GenomeWideSNP_6_E11_781784	20	15315525	40359519	14403	0.6623
FOXED_p_TCGA_b122_128_SNP_N_GenomeWideSNP_6_E11_781784	20	40360023	40360027	5	-0.1724
FOXED_p_TCGA_b122_128_SNP_N_GenomeWideSNP_6_E11_781784	20	40360784	50796900	7542	0.6651
FOXED_p_TCGA_b122_128_SNP_N_GenomeWideSNP_6_E11_781784	20	50797862	50799982	2	-0.6787
FOXED_p_TCGA_b122_128_SNP_N_GenomeWideSNP_6_E11_781784	20	50800519	59111045	6703	0.6733
FOXED_p_TCGA_b122_128_SNP_N_GenomeWideSNP_6_E11_781784	20	59113709	59122693	7	-0.534
FOXED_p_TCGA_b122_128_SNP_N_GenomeWideSNP_6_E11_781784	20	59128381	62956153	2193	0.6285
FOXED_p_TCGA_b122_128_SNP_N_GenomeWideSNP_6_E11_781784	21	10736871	10976682	60	0.3794
FOXED_p_TCGA_b122_128_SNP_N_GenomeWideSNP_6_E11_781784	21	10976699	14436791	69	0.1234
FOXED_p_TCGA_b122_128_SNP_N_GenomeWideSNP_6_E11_781784	21	14446712	14676595	85	-0.3349
FOXED_p_TCGA_b122_128_SNP_N_GenomeWideSNP_6_E11_781784	21	14676728	15437401	289	-0.6304
FOXED_p_TCGA_b122_128_SNP_N_GenomeWideSNP_6_E11_781784	21	15438657	15628668	121	-0.1347
FOXED_p_TCGA_b122_128_SNP_N_GenomeWideSNP_6_E11_781784	21	15637668	16005347	273	-0.7477
FOXED_p_TCGA_b122_128_SNP_N_GenomeWideSNP_6_E11_781784	21	16007610	16048334	31	-0.2463
FOXED_p_TCGA_b122_128_SNP_N_GenomeWideSNP_6_E11_781784	21	16051665	16237295	130	-0.8387
FOXED_p_TCGA_b122_128_SNP_N_GenomeWideSNP_6_E11_781784	21	16238044	16323835	52	-0.457
FOXED_p_TCGA_b122_128_SNP_N_GenomeWideSNP_6_E11_781784	21	16335989	16402431	53	-0.8212
FOXED_p_TCGA_b122_128_SNP_N_GenomeWideSNP_6_E11_781784	21	16412389	16425134	22	-0.0646
FOXED_p_TCGA_b122_128_SNP_N_GenomeWideSNP_6_E11_781784	21	16430500	16668886	192	-0.81
FOXED_p_TCGA_b122_128_SNP_N_GenomeWideSNP_6_E11_781784	21	16672392	16772947	77	-0.226
FOXED_p_TCGA_b122_128_SNP_N_GenomeWideSNP_6_E11_781784	21	16779686	16841518	56	-0.8629
FOXED_p_TCGA_b122_128_SNP_N_GenomeWideSNP_6_E11_781784	21	16841605	16926185	66	-0.4541
FOXED_p_TCGA_b122_128_SNP_N_GenomeWideSNP_6_E11_781784	21	16926224	17193790	206	-0.8426
FOXED_p_TCGA_b122_128_SNP_N_GenomeWideSNP_6_E11_781784	21	17199289	17283803	52	-0.151
FOXED_p_TCGA_b122_128_SNP_N_GenomeWideSNP_6_E11_781784	21	17296379	17334568	19	-0.8215
FOXED_p_TCGA_b122_128_SNP_N_GenomeWideSNP_6_E11_781784	21	17335558	17665589	222	-0.1933
FOXED_p_TCGA_b122_128_SNP_N_GenomeWideSNP_6_E11_781784	21	17666769	17672159	2	-1.1243
FOXED_p_TCGA_b122_128_SNP_N_GenomeWideSNP_6_E11_781784	21	17672259	17892379	155	-0.1357
FOXED_p_TCGA_b122_128_SNP_N_GenomeWideSNP_6_E11_781784	21	17894374	17903973	8	-0.7821
FOXED_p_TCGA_b122_128_SNP_N_GenomeWideSNP_6_E11_781784	21	17904014	18862715	589	-0.1444
FOXED_p_TCGA_b122_128_SNP_N_GenomeWideSNP_6_E11_781784	21	18863659	19018167	129	-0.814
FOXED_p_TCGA_b122_128_SNP_N_GenomeWideSNP_6_E11_781784	21	19025335	19036144	11	0.0154
FOXED_p_TCGA_b122_128_SNP_N_GenomeWideSNP_6_E11_781784	21	19037684	19073058	41	-0.8402
FOXED_p_TCGA_b122_128_SNP_N_GenomeWideSNP_6_E11_781784	21	19073282	19238360	82	-0.1102
FOXED_p_TCGA_b122_128_SNP_N_GenomeWideSNP_6_E11_781784	21	19238440	19372212	106	-0.6378
FOXED_p_TCGA_b122_128_SNP_N_GenomeWideSNP_6_E11_781784	21	19374322	19535979	149	-0.1719
FOXED_p_TCGA_b122_128_SNP_N_GenomeWideSNP_6_E11_781784	21	19536385	19627298	54	-0.7527
FOXED_p_TCGA_b122_128_SNP_N_GenomeWideSNP_6_E11_781784	21	19629160	20317226	520	-0.1742
FOXED_p_TCGA_b122_128_SNP_N_GenomeWideSNP_6_E11_781784	21	20319053	21213675	693	-0.8554
FOXED_p_TCGA_b122_128_SNP_N_GenomeWideSNP_6_E11_781784	21	21217494	22030078	592	-0.4818
FOXED_p_TCGA_b122_128_SNP_N_GenomeWideSNP_6_E11_781784	21	22030559	22117103	61	-0.8492
FOXED_p_TCGA_b122_128_SNP_N_GenomeWideSNP_6_E11_781784	21	22117306	22598351	396	-0.4669
FOXED_p_TCGA_b122_128_SNP_N_GenomeWideSNP_6_E11_781784	21	22598671	24099331	1122	-0.8559
FOXED_p_TCGA_b122_128_SNP_N_GenomeWideSNP_6_E11_781784	21	24102109	24712452	491	-0.1587
FOXED_p_TCGA_b122_128_SNP_N_GenomeWideSNP_6_E11_781784	21	24712561	24769540	36	-0.7865
FOXED_p_TCGA_b122_128_SNP_N_GenomeWideSNP_6_E11_781784	21	24770172	24819452	49	-0.0908
FOXED_p_TCGA_b122_128_SNP_N_GenomeWideSNP_6_E11_781784	21	24821554	24837635	25	-0.885
FOXED_p_TCGA_b122_128_SNP_N_GenomeWideSNP_6_E11_781784	21	24840017	25781570	765	-0.4791
FOXED_p_TCGA_b122_128_SNP_N_GenomeWideSNP_6_E11_781784	21	25782618	25824698	29	-0.9037
FOXED_p_TCGA_b122_128_SNP_N_GenomeWideSNP_6_E11_781784	21	25834114	25865342	28	-0.0684
FOXED_p_TCGA_b122_128_SNP_N_GenomeWideSNP_6_E11_781784	21	25870063	26304829	362	-0.5139
FOXED_p_TCGA_b122_128_SNP_N_GenomeWideSNP_6_E11_781784	21	26305294	26384580	40	-0.8566
FOXED_p_TCGA_b122_128_SNP_N_GenomeWideSNP_6_E11_781784	21	26384643	26654948	178	-0.4496
FOXED_p_TCGA_b122_128_SNP_N_GenomeWideSNP_6_E11_781784	21	26660725	26674476	11	-1.0134
FOXED_p_TCGA_b122_128_SNP_N_GenomeWideSNP_6_E11_781784	21	26676261	27214411	323	-0.1715
FOXED_p_TCGA_b122_128_SNP_N_GenomeWideSNP_6_E11_781784	21	27216142	27316136	79	-0.777
FOXED_p_TCGA_b122_128_SNP_N_GenomeWideSNP_6_E11_781784	21	27317306	27584420	219	-0.146
FOXED_p_TCGA_b122_128_SNP_N_GenomeWideSNP_6_E11_781784	21	27588541	27629568	37	-0.5019
FOXED_p_TCGA_b122_128_SNP_N_GenomeWideSNP_6_E11_781784	21	27629854	29811408	1732	-0.8669
FOXED_p_TCGA_b122_128_SNP_N_GenomeWideSNP_6_E11_781784	21	29812117	29841906	27	0.0091
FOXED_p_TCGA_b122_128_SNP_N_GenomeWideSNP_6_E11_781784	21	29846793	30256283	310	-0.8146
FOXED_p_TCGA_b122_128_SNP_N_GenomeWideSNP_6_E11_781784	21	30256617	30512914	161	-0.1469
FOXED_p_TCGA_b122_128_SNP_N_GenomeWideSNP_6_E11_781784	21	30516399	30565748	46	-0.9131
FOXED_p_TCGA_b122_128_SNP_N_GenomeWideSNP_6_E11_781784	21	30565787	30570827	4	-0.2108
FOXED_p_TCGA_b122_128_SNP_N_GenomeWideSNP_6_E11_781784	21	30571834	30585507	10	-0.9758
FOXED_p_TCGA_b122_128_SNP_N_GenomeWideSNP_6_E11_781784	21	30586392	31027546	300	-0.177
FOXED_p_TCGA_b122_128_SNP_N_GenomeWideSNP_6_E11_781784	21	31027872	31539339	387	-0.8547
FOXED_p_TCGA_b122_128_SNP_N_GenomeWideSNP_6_E11_781784	21	31541215	31593066	41	-0.1127
FOXED_p_TCGA_b122_128_SNP_N_GenomeWideSNP_6_E11_781784	21	31593565	33364056	1187	-0.8615
FOXED_p_TCGA_b122_128_SNP_N_GenomeWideSNP_6_E11_781784	21	33364194	33471605	92	-0.145
FOXED_p_TCGA_b122_128_SNP_N_GenomeWideSNP_6_E11_781784	21	33471740	33475815	9	-0.8998
FOXED_p_TCGA_b122_128_SNP_N_GenomeWideSNP_6_E11_781784	21	33476074	33489547	13	-0.4531
FOXED_p_TCGA_b122_128_SNP_N_GenomeWideSNP_6_E11_781784	21	33490504	33505998	11	-0.0972
FOXED_p_TCGA_b122_128_SNP_N_GenomeWideSNP_6_E11_781784	21	33507803	33541616	29	-0.8292
FOXED_p_TCGA_b122_128_SNP_N_GenomeWideSNP_6_E11_781784	21	33546760	33783107	165	-0.43
FOXED_p_TCGA_b122_128_SNP_N_GenomeWideSNP_6_E11_781784	21	33786419	33818070	33	-0.8725
FOXED_p_TCGA_b122_128_SNP_N_GenomeWideSNP_6_E11_781784	21	33820767	34980348	743	-0.1423
FOXED_p_TCGA_b122_128_SNP_N_GenomeWideSNP_6_E11_781784	21	34981280	35060665	29	-0.9452
FOXED_p_TCGA_b122_128_SNP_N_GenomeWideSNP_6_E11_781784	21	35065615	35402896	244	-0.4668
FOXED_p_TCGA_b122_128_SNP_N_GenomeWideSNP_6_E11_781784	21	35403013	35408786	9	-0.9324
FOXED_p_TCGA_b122_128_SNP_N_GenomeWideSNP_6_E11_781784	21	35409890	35672270	215	-0.2174
FOXED_p_TCGA_b122_128_SNP_N_GenomeWideSNP_6_E11_781784	21	35675105	35893036	134	-0.8645
FOXED_p_TCGA_b122_128_SNP_N_GenomeWideSNP_6_E11_781784	21	35898390	35945747	48	-0.1892
FOXED_p_TCGA_b122_128_SNP_N_GenomeWideSNP_6_E11_781784	21	35950698	36004539	46	-0.9077
FOXED_p_TCGA_b122_128_SNP_N_GenomeWideSNP_6_E11_781784	21	36008128	36238541	172	-0.1794
FOXED_p_TCGA_b122_128_SNP_N_GenomeWideSNP_6_E11_781784	21	36241929	36272183	15	-0.9805
FOXED_p_TCGA_b122_128_SNP_N_GenomeWideSNP_6_E11_781784	21	36273108	36534266	231	-0.1671
FOXED_p_TCGA_b122_128_SNP_N_GenomeWideSNP_6_E11_781784	21	36535286	36629467	73	-0.8749
FOXED_p_TCGA_b122_128_SNP_N_GenomeWideSNP_6_E11_781784	21	36631831	36666340	30	-0.3654
FOXED_p_TCGA_b122_128_SNP_N_GenomeWideSNP_6_E11_781784	21	36666460	36955213	249	-0.8724
FOXED_p_TCGA_b122_128_SNP_N_GenomeWideSNP_6_E11_781784	21	36958489	37130220	143	-0.2202
FOXED_p_TCGA_b122_128_SNP_N_GenomeWideSNP_6_E11_781784	21	37130888	37525829	273	-0.8482
FOXED_p_TCGA_b122_128_SNP_N_GenomeWideSNP_6_E11_781784	21	37525927	37525945	2	-3.182
FOXED_p_TCGA_b122_128_SNP_N_GenomeWideSNP_6_E11_781784	21	37533119	38291053	504	-0.8599
FOXED_p_TCGA_b122_128_SNP_N_GenomeWideSNP_6_E11_781784	21	38294427	38452849	89	-0.1528
FOXED_p_TCGA_b122_128_SNP_N_GenomeWideSNP_6_E11_781784	21	38453183	38509622	31	-0.7381
FOXED_p_TCGA_b122_128_SNP_N_GenomeWideSNP_6_E11_781784	21	38510269	38568907	26	-0.0362
FOXED_p_TCGA_b122_128_SNP_N_GenomeWideSNP_6_E11_781784	21	38568937	39146910	402	-0.4821
FOXED_p_TCGA_b122_128_SNP_N_GenomeWideSNP_6_E11_781784	21	39151651	39293864	145	-0.9391
FOXED_p_TCGA_b122_128_SNP_N_GenomeWideSNP_6_E11_781784	21	39297562	39509726	152	-0.4449
FOXED_p_TCGA_b122_128_SNP_N_GenomeWideSNP_6_E11_781784	21	39517321	39805779	292	-0.8767
FOXED_p_TCGA_b122_128_SNP_N_GenomeWideSNP_6_E11_781784	21	39805797	39849864	82	-0.357
FOXED_p_TCGA_b122_128_SNP_N_GenomeWideSNP_6_E11_781784	21	39849883	39856386	17	-0.9193
FOXED_p_TCGA_b122_128_SNP_N_GenomeWideSNP_6_E11_781784	21	39856415	39858323	11	-0.5235
FOXED_p_TCGA_b122_128_SNP_N_GenomeWideSNP_6_E11_781784	21	39858723	39987043	140	-0.1662
FOXED_p_TCGA_b122_128_SNP_N_GenomeWideSNP_6_E11_781784	21	39993766	39994025	3	-1.0806
FOXED_p_TCGA_b122_128_SNP_N_GenomeWideSNP_6_E11_781784	21	39996026	40019336	17	-0.1087
FOXED_p_TCGA_b122_128_SNP_N_GenomeWideSNP_6_E11_781784	21	40019838	40312656	270	-0.5299
FOXED_p_TCGA_b122_128_SNP_N_GenomeWideSNP_6_E11_781784	21	40314554	40920057	449	-0.129
FOXED_p_TCGA_b122_128_SNP_N_GenomeWideSNP_6_E11_781784	21	40920473	40948546	45	-0.8574
FOXED_p_TCGA_b122_128_SNP_N_GenomeWideSNP_6_E11_781784	21	40952742	41139459	141	-0.1516
FOXED_p_TCGA_b122_128_SNP_N_GenomeWideSNP_6_E11_781784	21	41141852	41153195	24	-0.8445
FOXED_p_TCGA_b122_128_SNP_N_GenomeWideSNP_6_E11_781784	21	41153812	41394672	265	-0.1716
FOXED_p_TCGA_b122_128_SNP_N_GenomeWideSNP_6_E11_781784	21	41401401	41442807	36	-0.8485
FOXED_p_TCGA_b122_128_SNP_N_GenomeWideSNP_6_E11_781784	21	41443315	41874544	408	-0.4937
FOXED_p_TCGA_b122_128_SNP_N_GenomeWideSNP_6_E11_781784	21	41875038	41980093	90	-0.951
FOXED_p_TCGA_b122_128_SNP_N_GenomeWideSNP_6_E11_781784	21	41982565	42068189	79	-0.4583
FOXED_p_TCGA_b122_128_SNP_N_GenomeWideSNP_6_E11_781784	21	42068253	42142332	62	-0.8083
FOXED_p_TCGA_b122_128_SNP_N_GenomeWideSNP_6_E11_781784	21	42143231	42180793	36	-0.1864
FOXED_p_TCGA_b122_128_SNP_N_GenomeWideSNP_6_E11_781784	21	42182104	42219988	25	-0.795
FOXED_p_TCGA_b122_128_SNP_N_GenomeWideSNP_6_E11_781784	21	42220707	42848643	546	-0.4529
FOXED_p_TCGA_b122_128_SNP_N_GenomeWideSNP_6_E11_781784	21	42848684	42851454	14	-0.7247
FOXED_p_TCGA_b122_128_SNP_N_GenomeWideSNP_6_E11_781784	21	42855527	42855659	4	-0.014
FOXED_p_TCGA_b122_128_SNP_N_GenomeWideSNP_6_E11_781784	21	42855681	42898366	80	-0.7033
FOXED_p_TCGA_b122_128_SNP_N_GenomeWideSNP_6_E11_781784	21	42903187	43090958	117	-0.084
FOXED_p_TCGA_b122_128_SNP_N_GenomeWideSNP_6_E11_781784	21	43092201	43147374	31	-0.9734
FOXED_p_TCGA_b122_128_SNP_N_GenomeWideSNP_6_E11_781784	21	43149896	43150588	4	-4.0253
FOXED_p_TCGA_b122_128_SNP_N_GenomeWideSNP_6_E11_781784	21	43150854	43223931	53	-0.9339
FOXED_p_TCGA_b122_128_SNP_N_GenomeWideSNP_6_E11_781784	21	43229099	43461043	167	-0.2066
FOXED_p_TCGA_b122_128_SNP_N_GenomeWideSNP_6_E11_781784	21	43461253	43469650	7	-0.9591
FOXED_p_TCGA_b122_128_SNP_N_GenomeWideSNP_6_E11_781784	21	43470996	44061825	496	-0.1504
FOXED_p_TCGA_b122_128_SNP_N_GenomeWideSNP_6_E11_781784	21	44062703	44082311	15	-1.0025
FOXED_p_TCGA_b122_128_SNP_N_GenomeWideSNP_6_E11_781784	21	44083603	44109883	21	-0.1852
FOXED_p_TCGA_b122_128_SNP_N_GenomeWideSNP_6_E11_781784	21	44113269	44174227	51	-1.0073
FOXED_p_TCGA_b122_128_SNP_N_GenomeWideSNP_6_E11_781784	21	44177054	44514228	217	-0.1807
FOXED_p_TCGA_b122_128_SNP_N_GenomeWideSNP_6_E11_781784	21	44515012	44526668	8	-1.0347
FOXED_p_TCGA_b122_128_SNP_N_GenomeWideSNP_6_E11_781784	21	44529803	44569153	26	-0.5192
FOXED_p_TCGA_b122_128_SNP_N_GenomeWideSNP_6_E11_781784	21	44572204	44791843	105	-0.2703
FOXED_p_TCGA_b122_128_SNP_N_GenomeWideSNP_6_E11_781784	21	44793184	44829593	23	-0.8873
FOXED_p_TCGA_b122_128_SNP_N_GenomeWideSNP_6_E11_781784	21	44831288	44872684	20	-0.4054
FOXED_p_TCGA_b122_128_SNP_N_GenomeWideSNP_6_E11_781784	21	44872714	44968053	70	-0.8368
FOXED_p_TCGA_b122_128_SNP_N_GenomeWideSNP_6_E11_781784	21	44970873	44972812	2	0.8547
FOXED_p_TCGA_b122_128_SNP_N_GenomeWideSNP_6_E11_781784	21	44973667	45276007	170	-0.8028
FOXED_p_TCGA_b122_128_SNP_N_GenomeWideSNP_6_E11_781784	21	45286535	45519792	134	-0.1741
FOXED_p_TCGA_b122_128_SNP_N_GenomeWideSNP_6_E11_781784	21	45525885	45571336	19	-0.9736
FOXED_p_TCGA_b122_128_SNP_N_GenomeWideSNP_6_E11_781784	21	45573201	46079729	264	-0.2253
FOXED_p_TCGA_b122_128_SNP_N_GenomeWideSNP_6_E11_781784	21	46082791	46205684	87	-0.6923
FOXED_p_TCGA_b122_128_SNP_N_GenomeWideSNP_6_E11_781784	21	46215608	46374573	93	-0.284
FOXED_p_TCGA_b122_128_SNP_N_GenomeWideSNP_6_E11_781784	21	46375683	47699856	729	-0.9631
FOXED_p_TCGA_b122_128_SNP_N_GenomeWideSNP_6_E11_781784	21	47700498	48042415	218	-0.2287
FOXED_p_TCGA_b122_128_SNP_N_GenomeWideSNP_6_E11_781784	21	48042704	48096957	45	-0.5651
FOXED_p_TCGA_b122_128_SNP_N_GenomeWideSNP_6_E11_781784	22	16052528	18055605	780	-0.2055
FOXED_p_TCGA_b122_128_SNP_N_GenomeWideSNP_6_E11_781784	22	18058748	18058885	2	2.1566
FOXED_p_TCGA_b122_128_SNP_N_GenomeWideSNP_6_E11_781784	22	18062891	18644701	425	-0.1881
FOXED_p_TCGA_b122_128_SNP_N_GenomeWideSNP_6_E11_781784	22	18648880	18770527	11	-0.9017
FOXED_p_TCGA_b122_128_SNP_N_GenomeWideSNP_6_E11_781784	22	18781546	20950564	1087	-0.2554
FOXED_p_TCGA_b122_128_SNP_N_GenomeWideSNP_6_E11_781784	22	20952909	20953319	2	-3.2555
FOXED_p_TCGA_b122_128_SNP_N_GenomeWideSNP_6_E11_781784	22	20956163	21572214	544	-0.2237
FOXED_p_TCGA_b122_128_SNP_N_GenomeWideSNP_6_E11_781784	22	21595029	21708108	6	-1.1399
FOXED_p_TCGA_b122_128_SNP_N_GenomeWideSNP_6_E11_781784	22	21721603	22597130	684	-0.2345
FOXED_p_TCGA_b122_128_SNP_N_GenomeWideSNP_6_E11_781784	22	22597803	22597978	2	-2.1591
FOXED_p_TCGA_b122_128_SNP_N_GenomeWideSNP_6_E11_781784	22	22599537	22734158	78	-0.2657
FOXED_p_TCGA_b122_128_SNP_N_GenomeWideSNP_6_E11_781784	22	22740312	22752189	19	0.1362
FOXED_p_TCGA_b122_128_SNP_N_GenomeWideSNP_6_E11_781784	22	22752462	22752880	5	-1.1069
FOXED_p_TCGA_b122_128_SNP_N_GenomeWideSNP_6_E11_781784	22	22757321	23574494	480	-0.2343
FOXED_p_TCGA_b122_128_SNP_N_GenomeWideSNP_6_E11_781784	22	23577112	23577589	2	-2.1175
FOXED_p_TCGA_b122_128_SNP_N_GenomeWideSNP_6_E11_781784	22	23581302	24271692	455	-0.2391
FOXED_p_TCGA_b122_128_SNP_N_GenomeWideSNP_6_E11_781784	22	24271745	24344422	34	0.2734
FOXED_p_TCGA_b122_128_SNP_N_GenomeWideSNP_6_E11_781784	22	24350529	24396814	19	-1.916
FOXED_p_TCGA_b122_128_SNP_N_GenomeWideSNP_6_E11_781784	22	24401529	39290920	10828	-0.2318
FOXED_p_TCGA_b122_128_SNP_N_GenomeWideSNP_6_E11_781784	22	39295255	39296904	3	-3.2455
FOXED_p_TCGA_b122_128_SNP_N_GenomeWideSNP_6_E11_781784	22	39299114	51234455	8083	-0.3121
FOXED_p_TCGA_b122_128_SNP_N_GenomeWideSNP_6_E11_781784	X	168477	7100205	3465	-1.1613
FOXED_p_TCGA_b122_128_SNP_N_GenomeWideSNP_6_E11_781784	X	7103206	7103283	2	-7.7361
FOXED_p_TCGA_b122_128_SNP_N_GenomeWideSNP_6_E11_781784	X	7103912	7157128	32	-1.8053
FOXED_p_TCGA_b122_128_SNP_N_GenomeWideSNP_6_E11_781784	X	7161458	7365816	139	-1.2944
FOXED_p_TCGA_b122_128_SNP_N_GenomeWideSNP_6_E11_781784	X	7366719	7470974	80	0.7568
FOXED_p_TCGA_b122_128_SNP_N_GenomeWideSNP_6_E11_781784	X	7478401	7502765	18	1.2879
FOXED_p_TCGA_b122_128_SNP_N_GenomeWideSNP_6_E11_781784	X	7504723	7519165	9	0.6483
FOXED_p_TCGA_b122_128_SNP_N_GenomeWideSNP_6_E11_781784	X	7519182	7519197	2	-1.0699
FOXED_p_TCGA_b122_128_SNP_N_GenomeWideSNP_6_E11_781784	X	7519402	8830104	980	0.7434
FOXED_p_TCGA_b122_128_SNP_N_GenomeWideSNP_6_E11_781784	X	8832639	13451624	3411	0.0455
FOXED_p_TCGA_b122_128_SNP_N_GenomeWideSNP_6_E11_781784	X	13452303	13453827	3	-0.9826
FOXED_p_TCGA_b122_128_SNP_N_GenomeWideSNP_6_E11_781784	X	13454227	13470940	15	0.0107
FOXED_p_TCGA_b122_128_SNP_N_GenomeWideSNP_6_E11_781784	X	13471971	14884671	952	1.0358
FOXED_p_TCGA_b122_128_SNP_N_GenomeWideSNP_6_E11_781784	X	14887954	15714896	582	0.7173
FOXED_p_TCGA_b122_128_SNP_N_GenomeWideSNP_6_E11_781784	X	15714947	15714955	5	-0.1428
FOXED_p_TCGA_b122_128_SNP_N_GenomeWideSNP_6_E11_781784	X	15723145	16149489	237	0.6259
FOXED_p_TCGA_b122_128_SNP_N_GenomeWideSNP_6_E11_781784	X	16153681	16541258	271	-1.1739
FOXED_p_TCGA_b122_128_SNP_N_GenomeWideSNP_6_E11_781784	X	16550933	20547235	2127	0.0563
FOXED_p_TCGA_b122_128_SNP_N_GenomeWideSNP_6_E11_781784	X	20552065	20554918	4	0.726
FOXED_p_TCGA_b122_128_SNP_N_GenomeWideSNP_6_E11_781784	X	20555052	22824548	1406	0.0216
FOXED_p_TCGA_b122_128_SNP_N_GenomeWideSNP_6_E11_781784	X	22828078	22832514	8	0.6396
FOXED_p_TCGA_b122_128_SNP_N_GenomeWideSNP_6_E11_781784	X	22832721	37280881	9452	0.0608
FOXED_p_TCGA_b122_128_SNP_N_GenomeWideSNP_6_E11_781784	X	37280999	37376169	56	0.3019
FOXED_p_TCGA_b122_128_SNP_N_GenomeWideSNP_6_E11_781784	X	37377995	50351522	6934	0.0548
FOXED_p_TCGA_b122_128_SNP_N_GenomeWideSNP_6_E11_781784	X	50355075	50364862	11	-0.4344
FOXED_p_TCGA_b122_128_SNP_N_GenomeWideSNP_6_E11_781784	X	50370918	56954123	2805	0.051
FOXED_p_TCGA_b122_128_SNP_N_GenomeWideSNP_6_E11_781784	X	56954148	56956646	25	0.3235
FOXED_p_TCGA_b122_128_SNP_N_GenomeWideSNP_6_E11_781784	X	56956684	57143464	89	0.0205
FOXED_p_TCGA_b122_128_SNP_N_GenomeWideSNP_6_E11_781784	X	57143626	57192435	31	0.3896
FOXED_p_TCGA_b122_128_SNP_N_GenomeWideSNP_6_E11_781784	X	57192658	58317986	461	0.0329
FOXED_p_TCGA_b122_128_SNP_N_GenomeWideSNP_6_E11_781784	X	58318148	58455309	16	0.3719
FOXED_p_TCGA_b122_128_SNP_N_GenomeWideSNP_6_E11_781784	X	58465035	58473565	18	-0.0602
FOXED_p_TCGA_b122_128_SNP_N_GenomeWideSNP_6_E11_781784	X	58473655	62443272	173	0.2307
FOXED_p_TCGA_b122_128_SNP_N_GenomeWideSNP_6_E11_781784	X	62443462	62505868	24	0.6784
FOXED_p_TCGA_b122_128_SNP_N_GenomeWideSNP_6_E11_781784	X	62517002	65726034	1400	0.0372
FOXED_p_TCGA_b122_128_SNP_N_GenomeWideSNP_6_E11_781784	X	65726231	65750363	21	0.4642
FOXED_p_TCGA_b122_128_SNP_N_GenomeWideSNP_6_E11_781784	X	65752364	69102979	1686	0.0496
FOXED_p_TCGA_b122_128_SNP_N_GenomeWideSNP_6_E11_781784	X	69106302	69192708	40	0.3272
FOXED_p_TCGA_b122_128_SNP_N_GenomeWideSNP_6_E11_781784	X	69195878	76349873	3156	0.0586
FOXED_p_TCGA_b122_128_SNP_N_GenomeWideSNP_6_E11_781784	X	76353650	76523952	18	-0.4963
FOXED_p_TCGA_b122_128_SNP_N_GenomeWideSNP_6_E11_781784	X	76545159	78756629	865	0.0048
FOXED_p_TCGA_b122_128_SNP_N_GenomeWideSNP_6_E11_781784	X	78757341	78885537	83	0.2635
FOXED_p_TCGA_b122_128_SNP_N_GenomeWideSNP_6_E11_781784	X	78886615	84107128	2789	0.0353
FOXED_p_TCGA_b122_128_SNP_N_GenomeWideSNP_6_E11_781784	X	84107195	84116802	7	-0.3559
FOXED_p_TCGA_b122_128_SNP_N_GenomeWideSNP_6_E11_781784	X	84116998	84982971	555	0.1761
FOXED_p_TCGA_b122_128_SNP_N_GenomeWideSNP_6_E11_781784	X	84983007	85006839	16	0.434
FOXED_p_TCGA_b122_128_SNP_N_GenomeWideSNP_6_E11_781784	X	85018377	85916760	649	0.0362
FOXED_p_TCGA_b122_128_SNP_N_GenomeWideSNP_6_E11_781784	X	85917207	85917714	2	-1.2176
FOXED_p_TCGA_b122_128_SNP_N_GenomeWideSNP_6_E11_781784	X	85918762	103546627	9437	0.0491
FOXED_p_TCGA_b122_128_SNP_N_GenomeWideSNP_6_E11_781784	X	103546750	103546787	2	-1.9102
FOXED_p_TCGA_b122_128_SNP_N_GenomeWideSNP_6_E11_781784	X	103551088	115133681	6246	0.0375
FOXED_p_TCGA_b122_128_SNP_N_GenomeWideSNP_6_E11_781784	X	115137955	115150638	7	-2.2988
FOXED_p_TCGA_b122_128_SNP_N_GenomeWideSNP_6_E11_781784	X	115156419	126642334	6942	0.0492
FOXED_p_TCGA_b122_128_SNP_N_GenomeWideSNP_6_E11_781784	X	126644282	126704562	33	0.3387
FOXED_p_TCGA_b122_128_SNP_N_GenomeWideSNP_6_E11_781784	X	126706594	134844970	4354	0.057
FOXED_p_TCGA_b122_128_SNP_N_GenomeWideSNP_6_E11_781784	X	134848927	134880074	9	-0.2815
FOXED_p_TCGA_b122_128_SNP_N_GenomeWideSNP_6_E11_781784	X	134891648	139275563	2689	0.0407
FOXED_p_TCGA_b122_128_SNP_N_GenomeWideSNP_6_E11_781784	X	139275833	139282440	3	-0.775
FOXED_p_TCGA_b122_128_SNP_N_GenomeWideSNP_6_E11_781784	X	139282800	141469912	1411	0.0802
FOXED_p_TCGA_b122_128_SNP_N_GenomeWideSNP_6_E11_781784	X	141469976	141486313	14	0.4582
FOXED_p_TCGA_b122_128_SNP_N_GenomeWideSNP_6_E11_781784	X	141486763	145915740	3035	0.0259
FOXED_p_TCGA_b122_128_SNP_N_GenomeWideSNP_6_E11_781784	X	145923557	145938888	15	0.407
FOXED_p_TCGA_b122_128_SNP_N_GenomeWideSNP_6_E11_781784	X	145939112	151041579	3408	0.0425
FOXED_p_TCGA_b122_128_SNP_N_GenomeWideSNP_6_E11_781784	X	151041999	151042244	2	-1.1792
FOXED_p_TCGA_b122_128_SNP_N_GenomeWideSNP_6_E11_781784	X	151042806	155182354	1887	0.1142
FOXED_p_TCGA_b122_128_SNP_N_GenomeWideSNP_6_E11_781784	Y	2650438	6101425	871	-2.3566
FOXED_p_TCGA_b122_128_SNP_N_GenomeWideSNP_6_E11_781784	Y	6107901	6296423	85	-3.9027
FOXED_p_TCGA_b122_128_SNP_N_GenomeWideSNP_6_E11_781784	Y	6299046	15590276	2622	-2.9591
FOXED_p_TCGA_b122_128_SNP_N_GenomeWideSNP_6_E11_781784	Y	15590342	15594523	3	-7.6439
FOXED_p_TCGA_b122_128_SNP_N_GenomeWideSNP_6_E11_781784	Y	15594889	19165254	1879	-2.9553
FOXED_p_TCGA_b122_128_SNP_N_GenomeWideSNP_6_E11_781784	Y	19166861	19179540	8	-6.1477
FOXED_p_TCGA_b122_128_SNP_N_GenomeWideSNP_6_E11_781784	Y	19182271	19570632	194	-2.973
FOXED_p_TCGA_b122_128_SNP_N_GenomeWideSNP_6_E11_781784	Y	19571480	21088297	705	-3.5617
FOXED_p_TCGA_b122_128_SNP_N_GenomeWideSNP_6_E11_781784	Y	21088485	23653771	978	-3.023
FOXED_p_TCGA_b122_128_SNP_N_GenomeWideSNP_6_E11_781784	Y	23683731	23690350	2	-8.8048
FOXED_p_TCGA_b122_128_SNP_N_GenomeWideSNP_6_E11_781784	Y	23715701	24515802	265	-3.1641
FOXED_p_TCGA_b122_128_SNP_N_GenomeWideSNP_6_E11_781784	Y	24516081	26218232	321	-3.6243
FOXED_p_TCGA_b122_128_SNP_N_GenomeWideSNP_6_E11_781784	Y	26222820	26408766	43	-2.7188
FOXED_p_TCGA_b122_128_SNP_N_GenomeWideSNP_6_E11_781784	Y	26409789	26412603	3	-6.0303
FOXED_p_TCGA_b122_128_SNP_N_GenomeWideSNP_6_E11_781784	Y	26417092	26630929	44	-2.5868
FOXED_p_TCGA_b122_128_SNP_N_GenomeWideSNP_6_E11_781784	Y	26631228	27240184	79	-4.1569
FOXED_p_TCGA_b122_128_SNP_N_GenomeWideSNP_6_E11_781784	Y	27254679	27720551	98	-2.8559
FOXED_p_TCGA_b122_128_SNP_N_GenomeWideSNP_6_E11_781784	Y	27721084	28452016	258	-3.6916
FOXED_p_TCGA_b122_128_SNP_N_GenomeWideSNP_6_E11_781784	Y	28457337	59018259	176	-2.4721
