Sample	Chromosome	Start	End	Num_Probes	Segment_Mean
HELVE_p_TCGA_b139_154_155_SNP_N_GenomeWideSNP_6_A04_808610	1	61735	1647494	232	-0.3134
HELVE_p_TCGA_b139_154_155_SNP_N_GenomeWideSNP_6_A04_808610	1	1647890	1663396	7	0.8828
HELVE_p_TCGA_b139_154_155_SNP_N_GenomeWideSNP_6_A04_808610	1	1663831	16803776	8446	-0.3659
HELVE_p_TCGA_b139_154_155_SNP_N_GenomeWideSNP_6_A04_808610	1	16804341	16970178	56	-1.0019
HELVE_p_TCGA_b139_154_155_SNP_N_GenomeWideSNP_6_A04_808610	1	16970311	17017078	25	-0.4212
HELVE_p_TCGA_b139_154_155_SNP_N_GenomeWideSNP_6_A04_808610	1	17017530	17048479	17	-1.5645
HELVE_p_TCGA_b139_154_155_SNP_N_GenomeWideSNP_6_A04_808610	1	17056457	17262247	86	-0.7399
HELVE_p_TCGA_b139_154_155_SNP_N_GenomeWideSNP_6_A04_808610	1	17276241	25583341	5261	-0.3645
HELVE_p_TCGA_b139_154_155_SNP_N_GenomeWideSNP_6_A04_808610	1	25593128	25611452	14	-1.3734
HELVE_p_TCGA_b139_154_155_SNP_N_GenomeWideSNP_6_A04_808610	1	25616296	44999954	10575	-0.3629
HELVE_p_TCGA_b139_154_155_SNP_N_GenomeWideSNP_6_A04_808610	1	45000432	45000436	2	-2.6601
HELVE_p_TCGA_b139_154_155_SNP_N_GenomeWideSNP_6_A04_808610	1	45003255	46510353	746	-0.3472
HELVE_p_TCGA_b139_154_155_SNP_N_GenomeWideSNP_6_A04_808610	1	46512275	46513826	2	2.1194
HELVE_p_TCGA_b139_154_155_SNP_N_GenomeWideSNP_6_A04_808610	1	46519553	65745607	12823	-0.3587
HELVE_p_TCGA_b139_154_155_SNP_N_GenomeWideSNP_6_A04_808610	1	65745731	65745919	2	-2.5599
HELVE_p_TCGA_b139_154_155_SNP_N_GenomeWideSNP_6_A04_808610	1	65745943	72763370	4669	-0.3386
HELVE_p_TCGA_b139_154_155_SNP_N_GenomeWideSNP_6_A04_808610	1	72768418	72811148	48	0.9952
HELVE_p_TCGA_b139_154_155_SNP_N_GenomeWideSNP_6_A04_808610	1	72811904	74796526	1165	-0.3243
HELVE_p_TCGA_b139_154_155_SNP_N_GenomeWideSNP_6_A04_808610	1	74798868	74799577	3	1.3586
HELVE_p_TCGA_b139_154_155_SNP_N_GenomeWideSNP_6_A04_808610	1	74800033	75164796	256	-0.3495
HELVE_p_TCGA_b139_154_155_SNP_N_GenomeWideSNP_6_A04_808610	1	75165182	75168033	3	-1.8803
HELVE_p_TCGA_b139_154_155_SNP_N_GenomeWideSNP_6_A04_808610	1	75168226	86223922	7334	-0.363
HELVE_p_TCGA_b139_154_155_SNP_N_GenomeWideSNP_6_A04_808610	1	86225169	86571562	274	-0.8626
HELVE_p_TCGA_b139_154_155_SNP_N_GenomeWideSNP_6_A04_808610	1	86572936	110227515	14651	-0.3571
HELVE_p_TCGA_b139_154_155_SNP_N_GenomeWideSNP_6_A04_808610	1	110232974	110240178	17	0.736
HELVE_p_TCGA_b139_154_155_SNP_N_GenomeWideSNP_6_A04_808610	1	110242953	144896444	7246	-0.3502
HELVE_p_TCGA_b139_154_155_SNP_N_GenomeWideSNP_6_A04_808610	1	144896998	144902911	13	0.9597
HELVE_p_TCGA_b139_154_155_SNP_N_GenomeWideSNP_6_A04_808610	1	144904397	145280322	158	0.1065
HELVE_p_TCGA_b139_154_155_SNP_N_GenomeWideSNP_6_A04_808610	1	145287545	149254920	1059	0.5981
HELVE_p_TCGA_b139_154_155_SNP_N_GenomeWideSNP_6_A04_808610	1	149256691	149769972	67	0.0622
HELVE_p_TCGA_b139_154_155_SNP_N_GenomeWideSNP_6_A04_808610	1	149771890	152756774	1665	0.6208
HELVE_p_TCGA_b139_154_155_SNP_N_GenomeWideSNP_6_A04_808610	1	152756806	152776755	42	1.1093
HELVE_p_TCGA_b139_154_155_SNP_N_GenomeWideSNP_6_A04_808610	1	152778443	174796405	14867	0.6212
HELVE_p_TCGA_b139_154_155_SNP_N_GenomeWideSNP_6_A04_808610	1	174796556	174801840	16	-1.5556
HELVE_p_TCGA_b139_154_155_SNP_N_GenomeWideSNP_6_A04_808610	1	174801854	194448234	13206	0.6177
HELVE_p_TCGA_b139_154_155_SNP_N_GenomeWideSNP_6_A04_808610	1	194451411	194455018	2	-1.72
HELVE_p_TCGA_b139_154_155_SNP_N_GenomeWideSNP_6_A04_808610	1	194457016	196714873	1452	0.6357
HELVE_p_TCGA_b139_154_155_SNP_N_GenomeWideSNP_6_A04_808610	1	196727850	196798664	73	0.167
HELVE_p_TCGA_b139_154_155_SNP_N_GenomeWideSNP_6_A04_808610	1	196798705	226004562	19642	0.6151
HELVE_p_TCGA_b139_154_155_SNP_N_GenomeWideSNP_6_A04_808610	1	226006098	226007490	2	2.738
HELVE_p_TCGA_b139_154_155_SNP_N_GenomeWideSNP_6_A04_808610	1	226008101	229811169	2265	0.5971
HELVE_p_TCGA_b139_154_155_SNP_N_GenomeWideSNP_6_A04_808610	1	229816856	229820196	3	-2.7612
HELVE_p_TCGA_b139_154_155_SNP_N_GenomeWideSNP_6_A04_808610	1	229820456	229821898	8	-0.3097
HELVE_p_TCGA_b139_154_155_SNP_N_GenomeWideSNP_6_A04_808610	1	229822051	243055819	10203	0.6137
HELVE_p_TCGA_b139_154_155_SNP_N_GenomeWideSNP_6_A04_808610	1	243055852	243272648	85	0.3156
HELVE_p_TCGA_b139_154_155_SNP_N_GenomeWideSNP_6_A04_808610	1	243274530	248610056	3541	0.6103
HELVE_p_TCGA_b139_154_155_SNP_N_GenomeWideSNP_6_A04_808610	1	248610507	248637264	10	-0.6998
HELVE_p_TCGA_b139_154_155_SNP_N_GenomeWideSNP_6_A04_808610	1	248638626	248709670	21	0.5539
HELVE_p_TCGA_b139_154_155_SNP_N_GenomeWideSNP_6_A04_808610	1	248713868	248725234	3	-0.6166
HELVE_p_TCGA_b139_154_155_SNP_N_GenomeWideSNP_6_A04_808610	1	248736075	249224388	180	0.6959
HELVE_p_TCGA_b139_154_155_SNP_N_GenomeWideSNP_6_A04_808610	2	12784	18338000	13716	-0.0249
HELVE_p_TCGA_b139_154_155_SNP_N_GenomeWideSNP_6_A04_808610	2	18338029	18338677	2	-2.4021
HELVE_p_TCGA_b139_154_155_SNP_N_GenomeWideSNP_6_A04_808610	2	18339531	34685280	10375	-0.0213
HELVE_p_TCGA_b139_154_155_SNP_N_GenomeWideSNP_6_A04_808610	2	34691069	34740799	53	0.5247
HELVE_p_TCGA_b139_154_155_SNP_N_GenomeWideSNP_6_A04_808610	2	34741027	40989264	4635	-0.0056
HELVE_p_TCGA_b139_154_155_SNP_N_GenomeWideSNP_6_A04_808610	2	40990316	40991438	4	1.7722
HELVE_p_TCGA_b139_154_155_SNP_N_GenomeWideSNP_6_A04_808610	2	40991806	42090911	926	0.007
HELVE_p_TCGA_b139_154_155_SNP_N_GenomeWideSNP_6_A04_808610	2	42092272	42093907	3	-1.7889
HELVE_p_TCGA_b139_154_155_SNP_N_GenomeWideSNP_6_A04_808610	2	42097496	52754468	7464	-0.0211
HELVE_p_TCGA_b139_154_155_SNP_N_GenomeWideSNP_6_A04_808610	2	52754480	52781542	39	-1.3814
HELVE_p_TCGA_b139_154_155_SNP_N_GenomeWideSNP_6_A04_808610	2	52787949	86937687	21925	-0.0125
HELVE_p_TCGA_b139_154_155_SNP_N_GenomeWideSNP_6_A04_808610	2	86953070	86970406	3	-1.894
HELVE_p_TCGA_b139_154_155_SNP_N_GenomeWideSNP_6_A04_808610	2	86971745	97846850	2095	-0.0562
HELVE_p_TCGA_b139_154_155_SNP_N_GenomeWideSNP_6_A04_808610	2	97846887	97877173	19	-0.7531
HELVE_p_TCGA_b139_154_155_SNP_N_GenomeWideSNP_6_A04_808610	2	97886334	146864457	29541	-0.0167
HELVE_p_TCGA_b139_154_155_SNP_N_GenomeWideSNP_6_A04_808610	2	146864583	146878395	22	0.82
HELVE_p_TCGA_b139_154_155_SNP_N_GenomeWideSNP_6_A04_808610	2	146878410	164636852	10586	-0.0135
HELVE_p_TCGA_b139_154_155_SNP_N_GenomeWideSNP_6_A04_808610	2	164643488	164644535	3	-2.321
HELVE_p_TCGA_b139_154_155_SNP_N_GenomeWideSNP_6_A04_808610	2	164645126	185316676	13110	-0.0168
HELVE_p_TCGA_b139_154_155_SNP_N_GenomeWideSNP_6_A04_808610	2	185316880	185320059	4	1.4527
HELVE_p_TCGA_b139_154_155_SNP_N_GenomeWideSNP_6_A04_808610	2	185325519	186724140	723	-0.0052
HELVE_p_TCGA_b139_154_155_SNP_N_GenomeWideSNP_6_A04_808610	2	186735476	186754927	7	-0.9073
HELVE_p_TCGA_b139_154_155_SNP_N_GenomeWideSNP_6_A04_808610	2	186755343	187553420	444	-2.0082
HELVE_p_TCGA_b139_154_155_SNP_N_GenomeWideSNP_6_A04_808610	2	187560596	243089456	34241	0.0836
HELVE_p_TCGA_b139_154_155_SNP_N_GenomeWideSNP_6_A04_808610	3	60345	17531616	13789	0.0149
HELVE_p_TCGA_b139_154_155_SNP_N_GenomeWideSNP_6_A04_808610	3	17540600	17544013	3	-1.9014
HELVE_p_TCGA_b139_154_155_SNP_N_GenomeWideSNP_6_A04_808610	3	17546438	26612110	6263	0.0227
HELVE_p_TCGA_b139_154_155_SNP_N_GenomeWideSNP_6_A04_808610	3	26612164	26612166	3	1.7547
HELVE_p_TCGA_b139_154_155_SNP_N_GenomeWideSNP_6_A04_808610	3	26613201	60310427	21010	0.0163
HELVE_p_TCGA_b139_154_155_SNP_N_GenomeWideSNP_6_A04_808610	3	60311682	60557852	284	-0.3126
HELVE_p_TCGA_b139_154_155_SNP_N_GenomeWideSNP_6_A04_808610	3	60558630	60636421	88	-0.7815
HELVE_p_TCGA_b139_154_155_SNP_N_GenomeWideSNP_6_A04_808610	3	60637482	60689476	47	-0.3349
HELVE_p_TCGA_b139_154_155_SNP_N_GenomeWideSNP_6_A04_808610	3	60691605	60762575	92	0.0233
HELVE_p_TCGA_b139_154_155_SNP_N_GenomeWideSNP_6_A04_808610	3	60763460	60770570	3	-1.7981
HELVE_p_TCGA_b139_154_155_SNP_N_GenomeWideSNP_6_A04_808610	3	60771432	68746164	6253	0.0279
HELVE_p_TCGA_b139_154_155_SNP_N_GenomeWideSNP_6_A04_808610	3	68746259	68747364	13	0.7326
HELVE_p_TCGA_b139_154_155_SNP_N_GenomeWideSNP_6_A04_808610	3	68747413	75568549	4935	0.0185
HELVE_p_TCGA_b139_154_155_SNP_N_GenomeWideSNP_6_A04_808610	3	75572549	75586805	5	-1.7911
HELVE_p_TCGA_b139_154_155_SNP_N_GenomeWideSNP_6_A04_808610	3	75595181	103719253	13725	0.0186
HELVE_p_TCGA_b139_154_155_SNP_N_GenomeWideSNP_6_A04_808610	3	103719339	104933158	869	-0.3396
HELVE_p_TCGA_b139_154_155_SNP_N_GenomeWideSNP_6_A04_808610	3	104935682	107032745	1223	0.0185
HELVE_p_TCGA_b139_154_155_SNP_N_GenomeWideSNP_6_A04_808610	3	107033464	107039461	4	-1.1975
HELVE_p_TCGA_b139_154_155_SNP_N_GenomeWideSNP_6_A04_808610	3	107043012	113682295	4132	0.0209
HELVE_p_TCGA_b139_154_155_SNP_N_GenomeWideSNP_6_A04_808610	3	113685383	113800786	55	-0.362
HELVE_p_TCGA_b139_154_155_SNP_N_GenomeWideSNP_6_A04_808610	3	113811688	116239266	1532	0.0233
HELVE_p_TCGA_b139_154_155_SNP_N_GenomeWideSNP_6_A04_808610	3	116243138	116964196	614	-0.4253
HELVE_p_TCGA_b139_154_155_SNP_N_GenomeWideSNP_6_A04_808610	3	116966977	117871691	634	0.0101
HELVE_p_TCGA_b139_154_155_SNP_N_GenomeWideSNP_6_A04_808610	3	117871884	117872543	3	-1.1796
HELVE_p_TCGA_b139_154_155_SNP_N_GenomeWideSNP_6_A04_808610	3	117872602	119350324	886	0.0118
HELVE_p_TCGA_b139_154_155_SNP_N_GenomeWideSNP_6_A04_808610	3	119350345	119353938	5	-1.6742
HELVE_p_TCGA_b139_154_155_SNP_N_GenomeWideSNP_6_A04_808610	3	119355411	129785940	6108	0.0123
HELVE_p_TCGA_b139_154_155_SNP_N_GenomeWideSNP_6_A04_808610	3	129786209	129799013	42	0.5099
HELVE_p_TCGA_b139_154_155_SNP_N_GenomeWideSNP_6_A04_808610	3	129799597	174558745	27592	0.0115
HELVE_p_TCGA_b139_154_155_SNP_N_GenomeWideSNP_6_A04_808610	3	174559411	174616090	42	-0.3912
HELVE_p_TCGA_b139_154_155_SNP_N_GenomeWideSNP_6_A04_808610	3	174616222	186406138	7177	-0.0039
HELVE_p_TCGA_b139_154_155_SNP_N_GenomeWideSNP_6_A04_808610	3	186412861	186415534	8	-1.1704
HELVE_p_TCGA_b139_154_155_SNP_N_GenomeWideSNP_6_A04_808610	3	186416009	192608218	4536	0.0141
HELVE_p_TCGA_b139_154_155_SNP_N_GenomeWideSNP_6_A04_808610	3	192608305	192608625	5	1.2369
HELVE_p_TCGA_b139_154_155_SNP_N_GenomeWideSNP_6_A04_808610	3	192609105	195279210	1692	-0.0011
HELVE_p_TCGA_b139_154_155_SNP_N_GenomeWideSNP_6_A04_808610	3	195284382	195460696	40	-0.5453
HELVE_p_TCGA_b139_154_155_SNP_N_GenomeWideSNP_6_A04_808610	3	195462316	197340846	932	0.0085
HELVE_p_TCGA_b139_154_155_SNP_N_GenomeWideSNP_6_A04_808610	3	197348588	197386281	3	-1.4557
HELVE_p_TCGA_b139_154_155_SNP_N_GenomeWideSNP_6_A04_808610	3	197386303	197896118	246	-0.0111
HELVE_p_TCGA_b139_154_155_SNP_N_GenomeWideSNP_6_A04_808610	4	12281	4110230	1702	-0.3861
HELVE_p_TCGA_b139_154_155_SNP_N_GenomeWideSNP_6_A04_808610	4	4113921	4166997	13	-1.198
HELVE_p_TCGA_b139_154_155_SNP_N_GenomeWideSNP_6_A04_808610	4	4167133	10145296	3963	-0.3751
HELVE_p_TCGA_b139_154_155_SNP_N_GenomeWideSNP_6_A04_808610	4	10145337	10145828	5	-1.8801
HELVE_p_TCGA_b139_154_155_SNP_N_GenomeWideSNP_6_A04_808610	4	10145890	10228927	108	-0.4004
HELVE_p_TCGA_b139_154_155_SNP_N_GenomeWideSNP_6_A04_808610	4	10229117	10231498	20	-1.0842
HELVE_p_TCGA_b139_154_155_SNP_N_GenomeWideSNP_6_A04_808610	4	10234214	10234266	2	1.8205
HELVE_p_TCGA_b139_154_155_SNP_N_GenomeWideSNP_6_A04_808610	4	10234608	34778962	16966	-0.3699
HELVE_p_TCGA_b139_154_155_SNP_N_GenomeWideSNP_6_A04_808610	4	34778975	34829949	47	0.1939
HELVE_p_TCGA_b139_154_155_SNP_N_GenomeWideSNP_6_A04_808610	4	34830004	64707605	16579	-0.3575
HELVE_p_TCGA_b139_154_155_SNP_N_GenomeWideSNP_6_A04_808610	4	64707754	64708258	6	-2.0523
HELVE_p_TCGA_b139_154_155_SNP_N_GenomeWideSNP_6_A04_808610	4	64716431	69288142	2864	-0.3605
HELVE_p_TCGA_b139_154_155_SNP_N_GenomeWideSNP_6_A04_808610	4	69294799	69485979	80	0.2066
HELVE_p_TCGA_b139_154_155_SNP_N_GenomeWideSNP_6_A04_808610	4	69489335	91822311	13778	-0.3498
HELVE_p_TCGA_b139_154_155_SNP_N_GenomeWideSNP_6_A04_808610	4	91822647	91938509	95	-0.6666
HELVE_p_TCGA_b139_154_155_SNP_N_GenomeWideSNP_6_A04_808610	4	91938652	92177549	160	-0.3047
HELVE_p_TCGA_b139_154_155_SNP_N_GenomeWideSNP_6_A04_808610	4	92178955	92423202	142	-0.6401
HELVE_p_TCGA_b139_154_155_SNP_N_GenomeWideSNP_6_A04_808610	4	92425224	108510155	9429	-0.3523
HELVE_p_TCGA_b139_154_155_SNP_N_GenomeWideSNP_6_A04_808610	4	108511755	108514498	3	-2.2134
HELVE_p_TCGA_b139_154_155_SNP_N_GenomeWideSNP_6_A04_808610	4	108516274	115173700	4116	-0.3693
HELVE_p_TCGA_b139_154_155_SNP_N_GenomeWideSNP_6_A04_808610	4	115175323	115184310	27	0.4717
HELVE_p_TCGA_b139_154_155_SNP_N_GenomeWideSNP_6_A04_808610	4	115184322	115507624	221	-0.3801
HELVE_p_TCGA_b139_154_155_SNP_N_GenomeWideSNP_6_A04_808610	4	115508166	115510454	3	-2.1767
HELVE_p_TCGA_b139_154_155_SNP_N_GenomeWideSNP_6_A04_808610	4	115514426	172368531	34457	-0.3575
HELVE_p_TCGA_b139_154_155_SNP_N_GenomeWideSNP_6_A04_808610	4	172369346	172377724	12	1.0848
HELVE_p_TCGA_b139_154_155_SNP_N_GenomeWideSNP_6_A04_808610	4	172377776	172989431	403	-0.3841
HELVE_p_TCGA_b139_154_155_SNP_N_GenomeWideSNP_6_A04_808610	4	172989465	172989505	3	-2.1857
HELVE_p_TCGA_b139_154_155_SNP_N_GenomeWideSNP_6_A04_808610	4	172989519	173422522	233	-0.287
HELVE_p_TCGA_b139_154_155_SNP_N_GenomeWideSNP_6_A04_808610	4	173424947	173425029	2	2.5377
HELVE_p_TCGA_b139_154_155_SNP_N_GenomeWideSNP_6_A04_808610	4	173425227	191027923	11866	-0.3797
HELVE_p_TCGA_b139_154_155_SNP_N_GenomeWideSNP_6_A04_808610	5	15532	46271108	30793	0.116
HELVE_p_TCGA_b139_154_155_SNP_N_GenomeWideSNP_6_A04_808610	5	46271930	46273502	6	-1.6414
HELVE_p_TCGA_b139_154_155_SNP_N_GenomeWideSNP_6_A04_808610	5	46278212	49748371	123	0.0465
HELVE_p_TCGA_b139_154_155_SNP_N_GenomeWideSNP_6_A04_808610	5	49748434	49779149	16	-1.1396
HELVE_p_TCGA_b139_154_155_SNP_N_GenomeWideSNP_6_A04_808610	5	49779462	57329847	4948	0.075
HELVE_p_TCGA_b139_154_155_SNP_N_GenomeWideSNP_6_A04_808610	5	57329899	57332554	17	0.4371
HELVE_p_TCGA_b139_154_155_SNP_N_GenomeWideSNP_6_A04_808610	5	57332644	58303558	748	-0.1545
HELVE_p_TCGA_b139_154_155_SNP_N_GenomeWideSNP_6_A04_808610	5	58303626	58304570	4	-1.4988
HELVE_p_TCGA_b139_154_155_SNP_N_GenomeWideSNP_6_A04_808610	5	58304705	59168810	696	-0.1372
HELVE_p_TCGA_b139_154_155_SNP_N_GenomeWideSNP_6_A04_808610	5	59169335	59285461	68	-0.6886
HELVE_p_TCGA_b139_154_155_SNP_N_GenomeWideSNP_6_A04_808610	5	59285853	59366737	41	-1.232
HELVE_p_TCGA_b139_154_155_SNP_N_GenomeWideSNP_6_A04_808610	5	59367534	59528183	60	-0.6966
HELVE_p_TCGA_b139_154_155_SNP_N_GenomeWideSNP_6_A04_808610	5	59528197	73907046	7919	0.115
HELVE_p_TCGA_b139_154_155_SNP_N_GenomeWideSNP_6_A04_808610	5	73907281	73989646	70	-0.2769
HELVE_p_TCGA_b139_154_155_SNP_N_GenomeWideSNP_6_A04_808610	5	73990076	180374523	67389	0.1065
HELVE_p_TCGA_b139_154_155_SNP_N_GenomeWideSNP_6_A04_808610	5	180378710	180442400	22	0.7188
HELVE_p_TCGA_b139_154_155_SNP_N_GenomeWideSNP_6_A04_808610	5	180442441	180790320	168	0.1548
HELVE_p_TCGA_b139_154_155_SNP_N_GenomeWideSNP_6_A04_808610	6	149661	29836741	21732	8e-04
HELVE_p_TCGA_b139_154_155_SNP_N_GenomeWideSNP_6_A04_808610	6	29837072	29849267	17	-0.6935
HELVE_p_TCGA_b139_154_155_SNP_N_GenomeWideSNP_6_A04_808610	6	29850196	31286305	673	0.0456
HELVE_p_TCGA_b139_154_155_SNP_N_GenomeWideSNP_6_A04_808610	6	31286531	31295953	6	2.0102
HELVE_p_TCGA_b139_154_155_SNP_N_GenomeWideSNP_6_A04_808610	6	31295987	32622194	573	0.0232
HELVE_p_TCGA_b139_154_155_SNP_N_GenomeWideSNP_6_A04_808610	6	32624304	32626618	6	-1.2594
HELVE_p_TCGA_b139_154_155_SNP_N_GenomeWideSNP_6_A04_808610	6	32650612	67681755	19776	0.0104
HELVE_p_TCGA_b139_154_155_SNP_N_GenomeWideSNP_6_A04_808610	6	67681830	67688083	9	0.9822
HELVE_p_TCGA_b139_154_155_SNP_N_GenomeWideSNP_6_A04_808610	6	67688104	69653759	1308	-0.0035
HELVE_p_TCGA_b139_154_155_SNP_N_GenomeWideSNP_6_A04_808610	6	69657055	69661241	2	1.8711
HELVE_p_TCGA_b139_154_155_SNP_N_GenomeWideSNP_6_A04_808610	6	69662367	77014948	4646	0.012
HELVE_p_TCGA_b139_154_155_SNP_N_GenomeWideSNP_6_A04_808610	6	77016900	77016926	3	1.4651
HELVE_p_TCGA_b139_154_155_SNP_N_GenomeWideSNP_6_A04_808610	6	77016993	81284189	2839	0.0272
HELVE_p_TCGA_b139_154_155_SNP_N_GenomeWideSNP_6_A04_808610	6	81284243	81289534	32	-1.1696
HELVE_p_TCGA_b139_154_155_SNP_N_GenomeWideSNP_6_A04_808610	6	81294341	146122354	40777	0.0098
HELVE_p_TCGA_b139_154_155_SNP_N_GenomeWideSNP_6_A04_808610	6	146129347	146811751	409	-0.3497
HELVE_p_TCGA_b139_154_155_SNP_N_GenomeWideSNP_6_A04_808610	6	146812517	162520932	11059	0.2807
HELVE_p_TCGA_b139_154_155_SNP_N_GenomeWideSNP_6_A04_808610	6	162528040	162590441	52	0.8465
HELVE_p_TCGA_b139_154_155_SNP_N_GenomeWideSNP_6_A04_808610	6	162591754	162617012	26	0.3894
HELVE_p_TCGA_b139_154_155_SNP_N_GenomeWideSNP_6_A04_808610	6	162618083	163207182	428	-0.4478
HELVE_p_TCGA_b139_154_155_SNP_N_GenomeWideSNP_6_A04_808610	6	163207583	170918031	5541	0.288
HELVE_p_TCGA_b139_154_155_SNP_N_GenomeWideSNP_6_A04_808610	6	170919495	171051005	5	-0.1894
HELVE_p_TCGA_b139_154_155_SNP_N_GenomeWideSNP_6_A04_808610	7	43355	6885538	3458	0.3838
HELVE_p_TCGA_b139_154_155_SNP_N_GenomeWideSNP_6_A04_808610	7	6893308	6920280	10	-0.581
HELVE_p_TCGA_b139_154_155_SNP_N_GenomeWideSNP_6_A04_808610	7	6928701	8468501	1310	0.4032
HELVE_p_TCGA_b139_154_155_SNP_N_GenomeWideSNP_6_A04_808610	7	8469925	8473635	3	-1.1208
HELVE_p_TCGA_b139_154_155_SNP_N_GenomeWideSNP_6_A04_808610	7	8476402	24035127	12402	0.2653
HELVE_p_TCGA_b139_154_155_SNP_N_GenomeWideSNP_6_A04_808610	7	24039878	24040383	2	2.2282
HELVE_p_TCGA_b139_154_155_SNP_N_GenomeWideSNP_6_A04_808610	7	24040817	38294101	10256	0.2203
HELVE_p_TCGA_b139_154_155_SNP_N_GenomeWideSNP_6_A04_808610	7	38294996	38328723	33	0.6093
HELVE_p_TCGA_b139_154_155_SNP_N_GenomeWideSNP_6_A04_808610	7	38328740	100325189	34548	0.2082
HELVE_p_TCGA_b139_154_155_SNP_N_GenomeWideSNP_6_A04_808610	7	100329244	100329265	2	-1.6972
HELVE_p_TCGA_b139_154_155_SNP_N_GenomeWideSNP_6_A04_808610	7	100332842	126044974	15412	0.1992
HELVE_p_TCGA_b139_154_155_SNP_N_GenomeWideSNP_6_A04_808610	7	126045482	126046615	12	1.5747
HELVE_p_TCGA_b139_154_155_SNP_N_GenomeWideSNP_6_A04_808610	7	126046876	150300735	15198	0.2046
HELVE_p_TCGA_b139_154_155_SNP_N_GenomeWideSNP_6_A04_808610	7	150300867	150301569	3	-1.5082
HELVE_p_TCGA_b139_154_155_SNP_N_GenomeWideSNP_6_A04_808610	7	150307922	153147638	1719	0.1849
HELVE_p_TCGA_b139_154_155_SNP_N_GenomeWideSNP_6_A04_808610	7	153147645	153147712	2	-2.054
HELVE_p_TCGA_b139_154_155_SNP_N_GenomeWideSNP_6_A04_808610	7	153147715	159127004	4116	0.2112
HELVE_p_TCGA_b139_154_155_SNP_N_GenomeWideSNP_6_A04_808610	8	31254	3787083	3440	0.3096
HELVE_p_TCGA_b139_154_155_SNP_N_GenomeWideSNP_6_A04_808610	8	3787389	3790106	22	-0.4636
HELVE_p_TCGA_b139_154_155_SNP_N_GenomeWideSNP_6_A04_808610	8	3791218	11651553	7666	0.3041
HELVE_p_TCGA_b139_154_155_SNP_N_GenomeWideSNP_6_A04_808610	8	11657033	11687159	21	-0.1275
HELVE_p_TCGA_b139_154_155_SNP_N_GenomeWideSNP_6_A04_808610	8	11691939	11991517	144	0.3707
HELVE_p_TCGA_b139_154_155_SNP_N_GenomeWideSNP_6_A04_808610	8	11992286	12532787	133	-0.1002
HELVE_p_TCGA_b139_154_155_SNP_N_GenomeWideSNP_6_A04_808610	8	12539529	22431588	8682	0.3219
HELVE_p_TCGA_b139_154_155_SNP_N_GenomeWideSNP_6_A04_808610	8	22441533	24066727	1027	-0.3162
HELVE_p_TCGA_b139_154_155_SNP_N_GenomeWideSNP_6_A04_808610	8	24069636	27396547	2592	0.3205
HELVE_p_TCGA_b139_154_155_SNP_N_GenomeWideSNP_6_A04_808610	8	27397024	27397087	2	2.0541
HELVE_p_TCGA_b139_154_155_SNP_N_GenomeWideSNP_6_A04_808610	8	27399518	39230659	7163	0.306
HELVE_p_TCGA_b139_154_155_SNP_N_GenomeWideSNP_6_A04_808610	8	39235603	39386965	58	-1.7528
HELVE_p_TCGA_b139_154_155_SNP_N_GenomeWideSNP_6_A04_808610	8	39388299	146298155	64985	0.3107
HELVE_p_TCGA_b139_154_155_SNP_N_GenomeWideSNP_6_A04_808610	9	46587	203310	25	-0.0333
HELVE_p_TCGA_b139_154_155_SNP_N_GenomeWideSNP_6_A04_808610	9	208366	421980	271	0.3434
HELVE_p_TCGA_b139_154_155_SNP_N_GenomeWideSNP_6_A04_808610	9	422157	422464	2	-1.459
HELVE_p_TCGA_b139_154_155_SNP_N_GenomeWideSNP_6_A04_808610	9	423662	3139726	3061	0.2984
HELVE_p_TCGA_b139_154_155_SNP_N_GenomeWideSNP_6_A04_808610	9	3139802	3274125	103	0.7602
HELVE_p_TCGA_b139_154_155_SNP_N_GenomeWideSNP_6_A04_808610	9	3274220	5079156	1787	0.2957
HELVE_p_TCGA_b139_154_155_SNP_N_GenomeWideSNP_6_A04_808610	9	5081416	5083017	13	-0.5306
HELVE_p_TCGA_b139_154_155_SNP_N_GenomeWideSNP_6_A04_808610	9	5084226	6624293	1046	0.2948
HELVE_p_TCGA_b139_154_155_SNP_N_GenomeWideSNP_6_A04_808610	9	6624484	6760217	112	0.778
HELVE_p_TCGA_b139_154_155_SNP_N_GenomeWideSNP_6_A04_808610	9	6760919	12019818	4880	0.3186
HELVE_p_TCGA_b139_154_155_SNP_N_GenomeWideSNP_6_A04_808610	9	12023083	12160198	101	-0.4836
HELVE_p_TCGA_b139_154_155_SNP_N_GenomeWideSNP_6_A04_808610	9	12160469	44899920	20113	0.2948
HELVE_p_TCGA_b139_154_155_SNP_N_GenomeWideSNP_6_A04_808610	9	44900526	68183978	149	-0.0595
HELVE_p_TCGA_b139_154_155_SNP_N_GenomeWideSNP_6_A04_808610	9	68183981	68188547	9	1.2215
HELVE_p_TCGA_b139_154_155_SNP_N_GenomeWideSNP_6_A04_808610	9	68209916	82951897	8961	0.203
HELVE_p_TCGA_b139_154_155_SNP_N_GenomeWideSNP_6_A04_808610	9	82954647	82961703	4	-1.2923
HELVE_p_TCGA_b139_154_155_SNP_N_GenomeWideSNP_6_A04_808610	9	82963611	87267378	3072	0.0245
HELVE_p_TCGA_b139_154_155_SNP_N_GenomeWideSNP_6_A04_808610	9	87267699	87267793	2	1.7522
HELVE_p_TCGA_b139_154_155_SNP_N_GenomeWideSNP_6_A04_808610	9	87274748	90514115	2417	0.0154
HELVE_p_TCGA_b139_154_155_SNP_N_GenomeWideSNP_6_A04_808610	9	90522594	90558326	6	-1.1955
HELVE_p_TCGA_b139_154_155_SNP_N_GenomeWideSNP_6_A04_808610	9	90559166	120174814	21202	0.0222
HELVE_p_TCGA_b139_154_155_SNP_N_GenomeWideSNP_6_A04_808610	9	120179421	120179586	2	-1.9167
HELVE_p_TCGA_b139_154_155_SNP_N_GenomeWideSNP_6_A04_808610	9	120180032	121649124	1171	0.0233
HELVE_p_TCGA_b139_154_155_SNP_N_GenomeWideSNP_6_A04_808610	9	121653077	121656384	4	-1.2817
HELVE_p_TCGA_b139_154_155_SNP_N_GenomeWideSNP_6_A04_808610	9	121656456	130554998	5834	0.0234
HELVE_p_TCGA_b139_154_155_SNP_N_GenomeWideSNP_6_A04_808610	9	130558675	130562787	6	1.3218
HELVE_p_TCGA_b139_154_155_SNP_N_GenomeWideSNP_6_A04_808610	9	130566806	138016855	4305	0.0275
HELVE_p_TCGA_b139_154_155_SNP_N_GenomeWideSNP_6_A04_808610	9	138017140	138023593	3	1.3693
HELVE_p_TCGA_b139_154_155_SNP_N_GenomeWideSNP_6_A04_808610	9	138024015	138226631	154	-0.0214
HELVE_p_TCGA_b139_154_155_SNP_N_GenomeWideSNP_6_A04_808610	9	138226768	138226865	2	2.1715
HELVE_p_TCGA_b139_154_155_SNP_N_GenomeWideSNP_6_A04_808610	9	138227003	141091394	1091	0.0349
HELVE_p_TCGA_b139_154_155_SNP_N_GenomeWideSNP_6_A04_808610	10	72759	4290814	3586	0.0214
HELVE_p_TCGA_b139_154_155_SNP_N_GenomeWideSNP_6_A04_808610	10	4290838	4291016	3	1.6475
HELVE_p_TCGA_b139_154_155_SNP_N_GenomeWideSNP_6_A04_808610	10	4294071	14118084	8336	0.0183
HELVE_p_TCGA_b139_154_155_SNP_N_GenomeWideSNP_6_A04_808610	10	14118224	14118230	2	-1.9445
HELVE_p_TCGA_b139_154_155_SNP_N_GenomeWideSNP_6_A04_808610	10	14118353	17938208	2948	0.0068
HELVE_p_TCGA_b139_154_155_SNP_N_GenomeWideSNP_6_A04_808610	10	17949857	17971816	2	-2.6964
HELVE_p_TCGA_b139_154_155_SNP_N_GenomeWideSNP_6_A04_808610	10	18029825	24375263	4355	-0.0038
HELVE_p_TCGA_b139_154_155_SNP_N_GenomeWideSNP_6_A04_808610	10	24377674	24377921	10	0.7869
HELVE_p_TCGA_b139_154_155_SNP_N_GenomeWideSNP_6_A04_808610	10	24378054	46996905	12387	0
HELVE_p_TCGA_b139_154_155_SNP_N_GenomeWideSNP_6_A04_808610	10	47003704	47096230	68	0.5119
HELVE_p_TCGA_b139_154_155_SNP_N_GenomeWideSNP_6_A04_808610	10	47097403	51830360	2007	0.013
HELVE_p_TCGA_b139_154_155_SNP_N_GenomeWideSNP_6_A04_808610	10	51840984	51891920	4	-2.332
HELVE_p_TCGA_b139_154_155_SNP_N_GenomeWideSNP_6_A04_808610	10	51903768	52085574	75	0.0528
HELVE_p_TCGA_b139_154_155_SNP_N_GenomeWideSNP_6_A04_808610	10	52088733	52096120	9	0.9196
HELVE_p_TCGA_b139_154_155_SNP_N_GenomeWideSNP_6_A04_808610	10	52096481	67306276	10931	0.0255
HELVE_p_TCGA_b139_154_155_SNP_N_GenomeWideSNP_6_A04_808610	10	67307923	67314401	26	-0.44
HELVE_p_TCGA_b139_154_155_SNP_N_GenomeWideSNP_6_A04_808610	10	67314430	96865301	19531	0.0139
HELVE_p_TCGA_b139_154_155_SNP_N_GenomeWideSNP_6_A04_808610	10	96869063	96869706	6	-1.3158
HELVE_p_TCGA_b139_154_155_SNP_N_GenomeWideSNP_6_A04_808610	10	96875714	135506704	26762	0.0163
HELVE_p_TCGA_b139_154_155_SNP_N_GenomeWideSNP_6_A04_808610	11	198510	4970367	2477	-0.3441
HELVE_p_TCGA_b139_154_155_SNP_N_GenomeWideSNP_6_A04_808610	11	4972005	4976272	23	-1.2044
HELVE_p_TCGA_b139_154_155_SNP_N_GenomeWideSNP_6_A04_808610	11	4976334	55363340	32098	-0.3493
HELVE_p_TCGA_b139_154_155_SNP_N_GenomeWideSNP_6_A04_808610	11	55374032	55475560	73	0.1417
HELVE_p_TCGA_b139_154_155_SNP_N_GenomeWideSNP_6_A04_808610	11	55475639	91830489	21315	-0.3495
HELVE_p_TCGA_b139_154_155_SNP_N_GenomeWideSNP_6_A04_808610	11	91830658	91831043	2	2.3522
HELVE_p_TCGA_b139_154_155_SNP_N_GenomeWideSNP_6_A04_808610	11	91832704	127273114	25092	-0.355
HELVE_p_TCGA_b139_154_155_SNP_N_GenomeWideSNP_6_A04_808610	11	127273300	127504076	181	-2.5041
HELVE_p_TCGA_b139_154_155_SNP_N_GenomeWideSNP_6_A04_808610	11	127504182	133817472	4855	-0.3626
HELVE_p_TCGA_b139_154_155_SNP_N_GenomeWideSNP_6_A04_808610	11	133817656	133818097	2	1.9158
HELVE_p_TCGA_b139_154_155_SNP_N_GenomeWideSNP_6_A04_808610	11	133819442	134944770	837	-0.3665
HELVE_p_TCGA_b139_154_155_SNP_N_GenomeWideSNP_6_A04_808610	12	150442	2235889	1265	0.0088
HELVE_p_TCGA_b139_154_155_SNP_N_GenomeWideSNP_6_A04_808610	12	2245862	2270291	50	-0.4361
HELVE_p_TCGA_b139_154_155_SNP_N_GenomeWideSNP_6_A04_808610	12	2272876	9426866	4791	0.0014
HELVE_p_TCGA_b139_154_155_SNP_N_GenomeWideSNP_6_A04_808610	12	9434815	9472365	14	-1.1063
HELVE_p_TCGA_b139_154_155_SNP_N_GenomeWideSNP_6_A04_808610	12	9472643	9627238	79	-0.0902
HELVE_p_TCGA_b139_154_155_SNP_N_GenomeWideSNP_6_A04_808610	12	9630556	9728292	26	0.5056
HELVE_p_TCGA_b139_154_155_SNP_N_GenomeWideSNP_6_A04_808610	12	9734969	33294660	16637	0.003
HELVE_p_TCGA_b139_154_155_SNP_N_GenomeWideSNP_6_A04_808610	12	33301406	33307374	26	-2.1989
HELVE_p_TCGA_b139_154_155_SNP_N_GenomeWideSNP_6_A04_808610	12	33308360	130520247	60224	-0.0078
HELVE_p_TCGA_b139_154_155_SNP_N_GenomeWideSNP_6_A04_808610	12	130520674	130545563	18	0.6845
HELVE_p_TCGA_b139_154_155_SNP_N_GenomeWideSNP_6_A04_808610	12	130545732	133778189	1901	0.0091
HELVE_p_TCGA_b139_154_155_SNP_N_GenomeWideSNP_6_A04_808610	13	19026949	94971825	49839	0.3087
HELVE_p_TCGA_b139_154_155_SNP_N_GenomeWideSNP_6_A04_808610	13	94973271	94978734	7	0.8864
HELVE_p_TCGA_b139_154_155_SNP_N_GenomeWideSNP_6_A04_808610	13	94978772	115105786	14428	0.4133
HELVE_p_TCGA_b139_154_155_SNP_N_GenomeWideSNP_6_A04_808610	13	115106996	115108397	2	-0.3889
HELVE_p_TCGA_b139_154_155_SNP_N_GenomeWideSNP_6_A04_808610	14	19002124	20418957	185	-0.4285
HELVE_p_TCGA_b139_154_155_SNP_N_GenomeWideSNP_6_A04_808610	14	20419259	29054179	5697	-0.0157
HELVE_p_TCGA_b139_154_155_SNP_N_GenomeWideSNP_6_A04_808610	14	29056910	29059045	2	2.2204
HELVE_p_TCGA_b139_154_155_SNP_N_GenomeWideSNP_6_A04_808610	14	29061260	88402821	37957	-0.0447
HELVE_p_TCGA_b139_154_155_SNP_N_GenomeWideSNP_6_A04_808610	14	88403074	88404789	16	0.5038
HELVE_p_TCGA_b139_154_155_SNP_N_GenomeWideSNP_6_A04_808610	14	88405932	106460902	11243	-0.0465
HELVE_p_TCGA_b139_154_155_SNP_N_GenomeWideSNP_6_A04_808610	14	106479675	106479941	2	2.2679
HELVE_p_TCGA_b139_154_155_SNP_N_GenomeWideSNP_6_A04_808610	14	106482128	106538062	25	0.0439
HELVE_p_TCGA_b139_154_155_SNP_N_GenomeWideSNP_6_A04_808610	14	106541753	106567100	13	0.9351
HELVE_p_TCGA_b139_154_155_SNP_N_GenomeWideSNP_6_A04_808610	14	106569463	107285437	417	-0.0718
HELVE_p_TCGA_b139_154_155_SNP_N_GenomeWideSNP_6_A04_808610	15	20016328	22317738	317	-0.3075
HELVE_p_TCGA_b139_154_155_SNP_N_GenomeWideSNP_6_A04_808610	15	22318474	22584431	101	-0.8043
HELVE_p_TCGA_b139_154_155_SNP_N_GenomeWideSNP_6_A04_808610	15	22586960	76891627	33888	-0.2387
HELVE_p_TCGA_b139_154_155_SNP_N_GenomeWideSNP_6_A04_808610	15	76891741	76895775	19	-1.7544
HELVE_p_TCGA_b139_154_155_SNP_N_GenomeWideSNP_6_A04_808610	15	76902179	82695702	3653	-0.2452
HELVE_p_TCGA_b139_154_155_SNP_N_GenomeWideSNP_6_A04_808610	15	82895028	83169549	13	-1.1068
HELVE_p_TCGA_b139_154_155_SNP_N_GenomeWideSNP_6_A04_808610	15	83169571	83917872	407	-0.2195
HELVE_p_TCGA_b139_154_155_SNP_N_GenomeWideSNP_6_A04_808610	15	83918841	83925790	2	-2.0558
HELVE_p_TCGA_b139_154_155_SNP_N_GenomeWideSNP_6_A04_808610	15	83927103	84540181	354	-0.2276
HELVE_p_TCGA_b139_154_155_SNP_N_GenomeWideSNP_6_A04_808610	15	84540717	84543550	7	-1.9414
HELVE_p_TCGA_b139_154_155_SNP_N_GenomeWideSNP_6_A04_808610	15	84547277	88143647	2554	-0.2363
HELVE_p_TCGA_b139_154_155_SNP_N_GenomeWideSNP_6_A04_808610	15	88145780	88146674	2	-1.9646
HELVE_p_TCGA_b139_154_155_SNP_N_GenomeWideSNP_6_A04_808610	15	88147332	88983782	604	-0.2729
HELVE_p_TCGA_b139_154_155_SNP_N_GenomeWideSNP_6_A04_808610	15	88984748	91439179	1507	1.3278
HELVE_p_TCGA_b139_154_155_SNP_N_GenomeWideSNP_6_A04_808610	15	91441207	91672836	176	-0.2006
HELVE_p_TCGA_b139_154_155_SNP_N_GenomeWideSNP_6_A04_808610	15	91676560	92077785	317	1.3507
HELVE_p_TCGA_b139_154_155_SNP_N_GenomeWideSNP_6_A04_808610	15	92082901	102469040	8071	-0.2506
HELVE_p_TCGA_b139_154_155_SNP_N_GenomeWideSNP_6_A04_808610	16	60777	6749081	4000	0.0174
HELVE_p_TCGA_b139_154_155_SNP_N_GenomeWideSNP_6_A04_808610	16	6749546	6778612	56	-0.4143
HELVE_p_TCGA_b139_154_155_SNP_N_GenomeWideSNP_6_A04_808610	16	6778690	6910062	177	0.0938
HELVE_p_TCGA_b139_154_155_SNP_N_GenomeWideSNP_6_A04_808610	16	6911197	6998154	89	-0.3692
HELVE_p_TCGA_b139_154_155_SNP_N_GenomeWideSNP_6_A04_808610	16	6999203	7122632	147	-1.4841
HELVE_p_TCGA_b139_154_155_SNP_N_GenomeWideSNP_6_A04_808610	16	7122874	7167822	70	-0.2832
HELVE_p_TCGA_b139_154_155_SNP_N_GenomeWideSNP_6_A04_808610	16	7167886	78373337	37221	0.0179
HELVE_p_TCGA_b139_154_155_SNP_N_GenomeWideSNP_6_A04_808610	16	78373764	78384765	12	0.8798
HELVE_p_TCGA_b139_154_155_SNP_N_GenomeWideSNP_6_A04_808610	16	78385001	90287535	10633	0.0029
HELVE_p_TCGA_b139_154_155_SNP_N_GenomeWideSNP_6_A04_808610	17	526	22235650	12992	-0.3502
HELVE_p_TCGA_b139_154_155_SNP_N_GenomeWideSNP_6_A04_808610	17	25270411	34451913	5374	0.1464
HELVE_p_TCGA_b139_154_155_SNP_N_GenomeWideSNP_6_A04_808610	17	34455576	34485091	24	1.6935
HELVE_p_TCGA_b139_154_155_SNP_N_GenomeWideSNP_6_A04_808610	17	34528125	37839409	1632	0.1533
HELVE_p_TCGA_b139_154_155_SNP_N_GenomeWideSNP_6_A04_808610	17	37846204	37870539	58	1.7118
HELVE_p_TCGA_b139_154_155_SNP_N_GenomeWideSNP_6_A04_808610	17	37875909	37877248	13	0.1924
HELVE_p_TCGA_b139_154_155_SNP_N_GenomeWideSNP_6_A04_808610	17	37881273	37910000	16	1.6423
HELVE_p_TCGA_b139_154_155_SNP_N_GenomeWideSNP_6_A04_808610	17	37917512	37980788	39	0.1483
HELVE_p_TCGA_b139_154_155_SNP_N_GenomeWideSNP_6_A04_808610	17	37982883	38021724	25	1.7494
HELVE_p_TCGA_b139_154_155_SNP_N_GenomeWideSNP_6_A04_808610	17	38022552	38025417	3	0.033
HELVE_p_TCGA_b139_154_155_SNP_N_GenomeWideSNP_6_A04_808610	17	38028985	38107095	41	1.7276
HELVE_p_TCGA_b139_154_155_SNP_N_GenomeWideSNP_6_A04_808610	17	38110167	38418889	112	0.1916
HELVE_p_TCGA_b139_154_155_SNP_N_GenomeWideSNP_6_A04_808610	17	38422960	38427793	6	2.0117
HELVE_p_TCGA_b139_154_155_SNP_N_GenomeWideSNP_6_A04_808610	17	38428206	38457151	5	0.0485
HELVE_p_TCGA_b139_154_155_SNP_N_GenomeWideSNP_6_A04_808610	17	38466347	38506146	38	1.4033
HELVE_p_TCGA_b139_154_155_SNP_N_GenomeWideSNP_6_A04_808610	17	38527770	38666545	65	0.1626
HELVE_p_TCGA_b139_154_155_SNP_N_GenomeWideSNP_6_A04_808610	17	38668175	38817166	91	1.9479
HELVE_p_TCGA_b139_154_155_SNP_N_GenomeWideSNP_6_A04_808610	17	38829009	44165803	2938	0.1177
HELVE_p_TCGA_b139_154_155_SNP_N_GenomeWideSNP_6_A04_808610	17	44166270	44394412	125	-0.3674
HELVE_p_TCGA_b139_154_155_SNP_N_GenomeWideSNP_6_A04_808610	17	44394414	44660206	29	0.3491
HELVE_p_TCGA_b139_154_155_SNP_N_GenomeWideSNP_6_A04_808610	17	44665671	44752300	18	0.6266
HELVE_p_TCGA_b139_154_155_SNP_N_GenomeWideSNP_6_A04_808610	17	44764994	49479211	2450	0.0975
HELVE_p_TCGA_b139_154_155_SNP_N_GenomeWideSNP_6_A04_808610	17	49479917	49483450	8	0.8384
HELVE_p_TCGA_b139_154_155_SNP_N_GenomeWideSNP_6_A04_808610	17	49483652	51111980	1228	0.1291
HELVE_p_TCGA_b139_154_155_SNP_N_GenomeWideSNP_6_A04_808610	17	51112386	51112568	2	1.7541
HELVE_p_TCGA_b139_154_155_SNP_N_GenomeWideSNP_6_A04_808610	17	51112697	52325096	777	0.1111
HELVE_p_TCGA_b139_154_155_SNP_N_GenomeWideSNP_6_A04_808610	17	52328326	52565704	99	-0.3889
HELVE_p_TCGA_b139_154_155_SNP_N_GenomeWideSNP_6_A04_808610	17	52565946	52894836	229	0.1781
HELVE_p_TCGA_b139_154_155_SNP_N_GenomeWideSNP_6_A04_808610	17	52899692	55451218	2034	-0.354
HELVE_p_TCGA_b139_154_155_SNP_N_GenomeWideSNP_6_A04_808610	17	55453351	56934804	903	0.0877
HELVE_p_TCGA_b139_154_155_SNP_N_GenomeWideSNP_6_A04_808610	17	56934865	64074342	3570	0.4284
HELVE_p_TCGA_b139_154_155_SNP_N_GenomeWideSNP_6_A04_808610	17	64078938	66780395	1720	0.776
HELVE_p_TCGA_b139_154_155_SNP_N_GenomeWideSNP_6_A04_808610	17	66781869	66784036	3	-0.0759
HELVE_p_TCGA_b139_154_155_SNP_N_GenomeWideSNP_6_A04_808610	17	66784255	77442621	6995	-0.3496
HELVE_p_TCGA_b139_154_155_SNP_N_GenomeWideSNP_6_A04_808610	17	77442948	77443908	3	-2.0749
HELVE_p_TCGA_b139_154_155_SNP_N_GenomeWideSNP_6_A04_808610	17	77446494	78628863	615	-0.3364
HELVE_p_TCGA_b139_154_155_SNP_N_GenomeWideSNP_6_A04_808610	17	78629793	78634179	2	2.7622
HELVE_p_TCGA_b139_154_155_SNP_N_GenomeWideSNP_6_A04_808610	17	78634300	81049726	959	-0.3576
HELVE_p_TCGA_b139_154_155_SNP_N_GenomeWideSNP_6_A04_808610	18	11543	38257874	22788	-0.3433
HELVE_p_TCGA_b139_154_155_SNP_N_GenomeWideSNP_6_A04_808610	18	38258070	38270072	38	0.243
HELVE_p_TCGA_b139_154_155_SNP_N_GenomeWideSNP_6_A04_808610	18	38270198	51204135	8896	-0.3397
HELVE_p_TCGA_b139_154_155_SNP_N_GenomeWideSNP_6_A04_808610	18	51207209	51210640	4	-2.5191
HELVE_p_TCGA_b139_154_155_SNP_N_GenomeWideSNP_6_A04_808610	18	51212148	78015057	18997	-0.3457
HELVE_p_TCGA_b139_154_155_SNP_N_GenomeWideSNP_6_A04_808610	19	90910	15784152	6625	0.0038
HELVE_p_TCGA_b139_154_155_SNP_N_GenomeWideSNP_6_A04_808610	19	15790085	15791617	2	2.2638
HELVE_p_TCGA_b139_154_155_SNP_N_GenomeWideSNP_6_A04_808610	19	15791664	20594143	2351	0.0015
HELVE_p_TCGA_b139_154_155_SNP_N_GenomeWideSNP_6_A04_808610	19	20594307	20708067	66	-0.4709
HELVE_p_TCGA_b139_154_155_SNP_N_GenomeWideSNP_6_A04_808610	19	20711753	59097854	20295	-0.0075
HELVE_p_TCGA_b139_154_155_SNP_N_GenomeWideSNP_6_A04_808610	20	61305	1552503	1185	0.3087
HELVE_p_TCGA_b139_154_155_SNP_N_GenomeWideSNP_6_A04_808610	20	1557190	1560999	21	-1.6882
HELVE_p_TCGA_b139_154_155_SNP_N_GenomeWideSNP_6_A04_808610	20	1561580	1582207	36	-0.1803
HELVE_p_TCGA_b139_154_155_SNP_N_GenomeWideSNP_6_A04_808610	20	1590257	4029026	1690	0.2975
HELVE_p_TCGA_b139_154_155_SNP_N_GenomeWideSNP_6_A04_808610	20	4029035	4038666	12	0.9472
HELVE_p_TCGA_b139_154_155_SNP_N_GenomeWideSNP_6_A04_808610	20	4039184	11627846	6046	0.3348
HELVE_p_TCGA_b139_154_155_SNP_N_GenomeWideSNP_6_A04_808610	20	11628230	11631203	2	0.9871
HELVE_p_TCGA_b139_154_155_SNP_N_GenomeWideSNP_6_A04_808610	20	11632133	12832676	934	0.2997
HELVE_p_TCGA_b139_154_155_SNP_N_GenomeWideSNP_6_A04_808610	20	12835391	12836387	2	-1.0205
HELVE_p_TCGA_b139_154_155_SNP_N_GenomeWideSNP_6_A04_808610	20	12837414	14604960	1113	0.2467
HELVE_p_TCGA_b139_154_155_SNP_N_GenomeWideSNP_6_A04_808610	20	14605038	14698300	70	-0.3108
HELVE_p_TCGA_b139_154_155_SNP_N_GenomeWideSNP_6_A04_808610	20	14702902	14717869	10	0.0652
HELVE_p_TCGA_b139_154_155_SNP_N_GenomeWideSNP_6_A04_808610	20	14718192	15004955	263	-0.9572
HELVE_p_TCGA_b139_154_155_SNP_N_GenomeWideSNP_6_A04_808610	20	15007064	15206141	176	-1.8341
HELVE_p_TCGA_b139_154_155_SNP_N_GenomeWideSNP_6_A04_808610	20	15211398	15528060	300	-0.2299
HELVE_p_TCGA_b139_154_155_SNP_N_GenomeWideSNP_6_A04_808610	20	15528332	62956153	30625	0.3089
HELVE_p_TCGA_b139_154_155_SNP_N_GenomeWideSNP_6_A04_808610	21	10736871	48096957	24371	-0.2358
HELVE_p_TCGA_b139_154_155_SNP_N_GenomeWideSNP_6_A04_808610	22	16052528	25081338	4989	-0.0139
HELVE_p_TCGA_b139_154_155_SNP_N_GenomeWideSNP_6_A04_808610	22	25082115	25082534	3	-1.7184
HELVE_p_TCGA_b139_154_155_SNP_N_GenomeWideSNP_6_A04_808610	22	25087674	25736678	523	0.0073
HELVE_p_TCGA_b139_154_155_SNP_N_GenomeWideSNP_6_A04_808610	22	25745901	25754327	21	-0.4418
HELVE_p_TCGA_b139_154_155_SNP_N_GenomeWideSNP_6_A04_808610	22	25754343	51234455	18017	0.0217
HELVE_p_TCGA_b139_154_155_SNP_N_GenomeWideSNP_6_A04_808610	X	168477	7147871	3494	-0.0021
HELVE_p_TCGA_b139_154_155_SNP_N_GenomeWideSNP_6_A04_808610	X	7148447	7308022	99	-0.7716
HELVE_p_TCGA_b139_154_155_SNP_N_GenomeWideSNP_6_A04_808610	X	7311821	7559491	195	-0.2994
HELVE_p_TCGA_b139_154_155_SNP_N_GenomeWideSNP_6_A04_808610	X	7559994	7561058	2	2.4174
HELVE_p_TCGA_b139_154_155_SNP_N_GenomeWideSNP_6_A04_808610	X	7561105	7615876	48	-0.5129
HELVE_p_TCGA_b139_154_155_SNP_N_GenomeWideSNP_6_A04_808610	X	7616582	76353650	36117	0.0126
HELVE_p_TCGA_b139_154_155_SNP_N_GenomeWideSNP_6_A04_808610	X	76362292	76545159	18	0.7733
HELVE_p_TCGA_b139_154_155_SNP_N_GenomeWideSNP_6_A04_808610	X	76546512	134799591	31792	0.0179
HELVE_p_TCGA_b139_154_155_SNP_N_GenomeWideSNP_6_A04_808610	X	134800297	134800318	2	-2.8235
HELVE_p_TCGA_b139_154_155_SNP_N_GenomeWideSNP_6_A04_808610	X	134802306	140468789	3427	-0.0218
HELVE_p_TCGA_b139_154_155_SNP_N_GenomeWideSNP_6_A04_808610	X	140469365	140545375	41	-0.6582
HELVE_p_TCGA_b139_154_155_SNP_N_GenomeWideSNP_6_A04_808610	X	140554089	155182354	8959	0
HELVE_p_TCGA_b139_154_155_SNP_N_GenomeWideSNP_6_A04_808610	Y	2650438	59018259	8625	-2.0725
