Sample	Chromosome	Start	End	Num_Probes	Segment_Mean
SERVO_p_TCGA_157_158_159_SNP_N_GenomeWideSNP_6_G03_831478	1	61735	235728	26	0.3457
SERVO_p_TCGA_157_158_159_SNP_N_GenomeWideSNP_6_G03_831478	1	235938	1510801	200	-0.1721
SERVO_p_TCGA_157_158_159_SNP_N_GenomeWideSNP_6_G03_831478	1	1627918	1672603	17	-1.9443
SERVO_p_TCGA_157_158_159_SNP_N_GenomeWideSNP_6_G03_831478	1	1687587	5038051	1774	-0.1105
SERVO_p_TCGA_157_158_159_SNP_N_GenomeWideSNP_6_G03_831478	1	5039093	5039380	2	-1.4541
SERVO_p_TCGA_157_158_159_SNP_N_GenomeWideSNP_6_G03_831478	1	5042202	9489972	2786	-0.0625
SERVO_p_TCGA_157_158_159_SNP_N_GenomeWideSNP_6_G03_831478	1	9490339	9494466	2	-1.7082
SERVO_p_TCGA_157_158_159_SNP_N_GenomeWideSNP_6_G03_831478	1	9498113	16830820	3903	-0.053
SERVO_p_TCGA_157_158_159_SNP_N_GenomeWideSNP_6_G03_831478	1	16831863	16970392	46	0.2618
SERVO_p_TCGA_157_158_159_SNP_N_GenomeWideSNP_6_G03_831478	1	16970456	17056457	40	-0.2099
SERVO_p_TCGA_157_158_159_SNP_N_GenomeWideSNP_6_G03_831478	1	17076467	17195155	25	0.2211
SERVO_p_TCGA_157_158_159_SNP_N_GenomeWideSNP_6_G03_831478	1	17203497	17284920	65	-0.4656
SERVO_p_TCGA_157_158_159_SNP_N_GenomeWideSNP_6_G03_831478	1	17286210	25583341	5259	-0.0551
SERVO_p_TCGA_157_158_159_SNP_N_GenomeWideSNP_6_G03_831478	1	25593128	25662005	30	0.4092
SERVO_p_TCGA_157_158_159_SNP_N_GenomeWideSNP_6_G03_831478	1	25662212	37884291	6470	-0.0584
SERVO_p_TCGA_157_158_159_SNP_N_GenomeWideSNP_6_G03_831478	1	37885161	37920683	17	-0.4822
SERVO_p_TCGA_157_158_159_SNP_N_GenomeWideSNP_6_G03_831478	1	37921043	72750353	22320	-0.0913
SERVO_p_TCGA_157_158_159_SNP_N_GenomeWideSNP_6_G03_831478	1	72756113	72763370	9	-2.1336
SERVO_p_TCGA_157_158_159_SNP_N_GenomeWideSNP_6_G03_831478	1	72768418	72811148	48	0.5811
SERVO_p_TCGA_157_158_159_SNP_N_GenomeWideSNP_6_G03_831478	1	72811904	73199463	279	-0.2393
SERVO_p_TCGA_157_158_159_SNP_N_GenomeWideSNP_6_G03_831478	1	73201995	73206702	4	-2.0766
SERVO_p_TCGA_157_158_159_SNP_N_GenomeWideSNP_6_G03_831478	1	73209052	121355881	30575	-0.1657
SERVO_p_TCGA_157_158_159_SNP_N_GenomeWideSNP_6_G03_831478	1	121436219	148575561	1156	0.2928
SERVO_p_TCGA_157_158_159_SNP_N_GenomeWideSNP_6_G03_831478	1	148585337	149645033	217	0.0076
SERVO_p_TCGA_157_158_159_SNP_N_GenomeWideSNP_6_G03_831478	1	149659890	152555706	1481	0.3327
SERVO_p_TCGA_157_158_159_SNP_N_GenomeWideSNP_6_G03_831478	1	152555767	152586594	34	1.2005
SERVO_p_TCGA_157_158_159_SNP_N_GenomeWideSNP_6_G03_831478	1	152590494	152762667	183	0.3181
SERVO_p_TCGA_157_158_159_SNP_N_GenomeWideSNP_6_G03_831478	1	152762762	152768700	24	0.78
SERVO_p_TCGA_157_158_159_SNP_N_GenomeWideSNP_6_G03_831478	1	152773905	162195738	5793	0.3435
SERVO_p_TCGA_157_158_159_SNP_N_GenomeWideSNP_6_G03_831478	1	162196499	162417107	192	-0.7987
SERVO_p_TCGA_157_158_159_SNP_N_GenomeWideSNP_6_G03_831478	1	162417689	169216937	5338	0.3169
SERVO_p_TCGA_157_158_159_SNP_N_GenomeWideSNP_6_G03_831478	1	169233974	169241766	7	0.9293
SERVO_p_TCGA_157_158_159_SNP_N_GenomeWideSNP_6_G03_831478	1	169242401	174796405	3523	0.3098
SERVO_p_TCGA_157_158_159_SNP_N_GenomeWideSNP_6_G03_831478	1	174796556	174801854	17	-0.8782
SERVO_p_TCGA_157_158_159_SNP_N_GenomeWideSNP_6_G03_831478	1	174801872	193155706	12251	0.2792
SERVO_p_TCGA_157_158_159_SNP_N_GenomeWideSNP_6_G03_831478	1	193155792	193156332	4	-0.6686
SERVO_p_TCGA_157_158_159_SNP_N_GenomeWideSNP_6_G03_831478	1	193156348	195830772	1821	0.2617
SERVO_p_TCGA_157_158_159_SNP_N_GenomeWideSNP_6_G03_831478	1	195830936	195836924	5	-0.639
SERVO_p_TCGA_157_158_159_SNP_N_GenomeWideSNP_6_G03_831478	1	195837030	196731610	579	0.2371
SERVO_p_TCGA_157_158_159_SNP_N_GenomeWideSNP_6_G03_831478	1	196732086	196789562	53	-0.1477
SERVO_p_TCGA_157_158_159_SNP_N_GenomeWideSNP_6_G03_831478	1	196789698	196905159	104	-0.8739
SERVO_p_TCGA_157_158_159_SNP_N_GenomeWideSNP_6_G03_831478	1	196909645	202567272	3629	0.3131
SERVO_p_TCGA_157_158_159_SNP_N_GenomeWideSNP_6_G03_831478	1	202567553	202567786	3	-0.5084
SERVO_p_TCGA_157_158_159_SNP_N_GenomeWideSNP_6_G03_831478	1	202568542	203906128	852	0.3481
SERVO_p_TCGA_157_158_159_SNP_N_GenomeWideSNP_6_G03_831478	1	203908485	203922495	12	-0.2831
SERVO_p_TCGA_157_158_159_SNP_N_GenomeWideSNP_6_G03_831478	1	203923193	210071062	4254	0.3269
SERVO_p_TCGA_157_158_159_SNP_N_GenomeWideSNP_6_G03_831478	1	210081613	210082065	2	-1.3895
SERVO_p_TCGA_157_158_159_SNP_N_GenomeWideSNP_6_G03_831478	1	210083984	228802765	12352	0.2883
SERVO_p_TCGA_157_158_159_SNP_N_GenomeWideSNP_6_G03_831478	1	228807528	228807542	2	-0.9124
SERVO_p_TCGA_157_158_159_SNP_N_GenomeWideSNP_6_G03_831478	1	228808366	233425548	3480	0.3217
SERVO_p_TCGA_157_158_159_SNP_N_GenomeWideSNP_6_G03_831478	1	233427467	233627908	172	-0.1249
SERVO_p_TCGA_157_158_159_SNP_N_GenomeWideSNP_6_G03_831478	1	233631561	248737447	10929	0.2965
SERVO_p_TCGA_157_158_159_SNP_N_GenomeWideSNP_6_G03_831478	1	248749194	248809109	37	-0.0773
SERVO_p_TCGA_157_158_159_SNP_N_GenomeWideSNP_6_G03_831478	1	248809369	249224388	141	0.2936
SERVO_p_TCGA_157_158_159_SNP_N_GenomeWideSNP_6_G03_831478	2	12784	3728561	2567	-0.1333
SERVO_p_TCGA_157_158_159_SNP_N_GenomeWideSNP_6_G03_831478	2	3732546	3733273	4	-0.9823
SERVO_p_TCGA_157_158_159_SNP_N_GenomeWideSNP_6_G03_831478	2	3736538	4205687	414	-0.0927
SERVO_p_TCGA_157_158_159_SNP_N_GenomeWideSNP_6_G03_831478	2	4213864	4223167	36	-0.4144
SERVO_p_TCGA_157_158_159_SNP_N_GenomeWideSNP_6_G03_831478	2	4223512	34717857	21104	-0.0875
SERVO_p_TCGA_157_158_159_SNP_N_GenomeWideSNP_6_G03_831478	2	34717908	34723203	8	-0.7047
SERVO_p_TCGA_157_158_159_SNP_N_GenomeWideSNP_6_G03_831478	2	34723301	37986276	2468	-0.0796
SERVO_p_TCGA_157_158_159_SNP_N_GenomeWideSNP_6_G03_831478	2	37987124	37998930	12	-0.5302
SERVO_p_TCGA_157_158_159_SNP_N_GenomeWideSNP_6_G03_831478	2	37999447	46573210	6323	-0.0618
SERVO_p_TCGA_157_158_159_SNP_N_GenomeWideSNP_6_G03_831478	2	46576172	52743925	4237	0.267
SERVO_p_TCGA_157_158_159_SNP_N_GenomeWideSNP_6_G03_831478	2	52754468	52759115	15	0.8157
SERVO_p_TCGA_157_158_159_SNP_N_GenomeWideSNP_6_G03_831478	2	52764208	52764255	3	-0.1206
SERVO_p_TCGA_157_158_159_SNP_N_GenomeWideSNP_6_G03_831478	2	52764475	52781542	22	0.9464
SERVO_p_TCGA_157_158_159_SNP_N_GenomeWideSNP_6_G03_831478	2	52787949	98118212	24075	0.2841
SERVO_p_TCGA_157_158_159_SNP_N_GenomeWideSNP_6_G03_831478	2	98140747	98179580	17	0.6935
SERVO_p_TCGA_157_158_159_SNP_N_GenomeWideSNP_6_G03_831478	2	98187302	125124995	16286	0.2908
SERVO_p_TCGA_157_158_159_SNP_N_GenomeWideSNP_6_G03_831478	2	125125173	125187852	51	-0.1689
SERVO_p_TCGA_157_158_159_SNP_N_GenomeWideSNP_6_G03_831478	2	125191054	126442223	741	0.2512
SERVO_p_TCGA_157_158_159_SNP_N_GenomeWideSNP_6_G03_831478	2	126451651	126451913	2	-1.9672
SERVO_p_TCGA_157_158_159_SNP_N_GenomeWideSNP_6_G03_831478	2	126451932	130793856	2835	0.2959
SERVO_p_TCGA_157_158_159_SNP_N_GenomeWideSNP_6_G03_831478	2	130793883	130825680	10	-0.2986
SERVO_p_TCGA_157_158_159_SNP_N_GenomeWideSNP_6_G03_831478	2	130826342	133034717	717	0.2549
SERVO_p_TCGA_157_158_159_SNP_N_GenomeWideSNP_6_G03_831478	2	133038340	133117260	31	0.5466
SERVO_p_TCGA_157_158_159_SNP_N_GenomeWideSNP_6_G03_831478	2	133121946	146864443	8844	0.2262
SERVO_p_TCGA_157_158_159_SNP_N_GenomeWideSNP_6_G03_831478	2	146864457	146877806	22	0.7634
SERVO_p_TCGA_157_158_159_SNP_N_GenomeWideSNP_6_G03_831478	2	146878395	147934790	528	0.2074
SERVO_p_TCGA_157_158_159_SNP_N_GenomeWideSNP_6_G03_831478	2	147941342	147946346	3	-0.6348
SERVO_p_TCGA_157_158_159_SNP_N_GenomeWideSNP_6_G03_831478	2	147946882	153796068	3670	0.2696
SERVO_p_TCGA_157_158_159_SNP_N_GenomeWideSNP_6_G03_831478	2	153796770	153796784	2	-1.8713
SERVO_p_TCGA_157_158_159_SNP_N_GenomeWideSNP_6_G03_831478	2	153800569	203899800	29886	0.2744
SERVO_p_TCGA_157_158_159_SNP_N_GenomeWideSNP_6_G03_831478	2	203900075	203904140	3	-1.4431
SERVO_p_TCGA_157_158_159_SNP_N_GenomeWideSNP_6_G03_831478	2	203905718	207569803	2361	0.2789
SERVO_p_TCGA_157_158_159_SNP_N_GenomeWideSNP_6_G03_831478	2	207570122	207574567	2	-1.0724
SERVO_p_TCGA_157_158_159_SNP_N_GenomeWideSNP_6_G03_831478	2	207574944	213369618	3738	0.2401
SERVO_p_TCGA_157_158_159_SNP_N_GenomeWideSNP_6_G03_831478	2	213370362	213370702	2	-2.4075
SERVO_p_TCGA_157_158_159_SNP_N_GenomeWideSNP_6_G03_831478	2	213372988	243089456	18938	0.2832
SERVO_p_TCGA_157_158_159_SNP_N_GenomeWideSNP_6_G03_831478	3	60345	3295715	2887	-0.1132
SERVO_p_TCGA_157_158_159_SNP_N_GenomeWideSNP_6_G03_831478	3	3297593	3621775	336	-0.7956
SERVO_p_TCGA_157_158_159_SNP_N_GenomeWideSNP_6_G03_831478	3	3621922	46793377	29992	-0.0576
SERVO_p_TCGA_157_158_159_SNP_N_GenomeWideSNP_6_G03_831478	3	46801817	46849589	40	-0.7023
SERVO_p_TCGA_157_158_159_SNP_N_GenomeWideSNP_6_G03_831478	3	46859479	68746840	14570	-0.0386
SERVO_p_TCGA_157_158_159_SNP_N_GenomeWideSNP_6_G03_831478	3	68747012	68747413	6	-1.0325
SERVO_p_TCGA_157_158_159_SNP_N_GenomeWideSNP_6_G03_831478	3	68748758	97899419	15337	-0.1052
SERVO_p_TCGA_157_158_159_SNP_N_GenomeWideSNP_6_G03_831478	3	97908670	97913425	3	-1.4367
SERVO_p_TCGA_157_158_159_SNP_N_GenomeWideSNP_6_G03_831478	3	97914817	98944511	599	-0.111
SERVO_p_TCGA_157_158_159_SNP_N_GenomeWideSNP_6_G03_831478	3	98944547	98949314	34	0.1947
SERVO_p_TCGA_157_158_159_SNP_N_GenomeWideSNP_6_G03_831478	3	98949421	117626305	11588	-0.09
SERVO_p_TCGA_157_158_159_SNP_N_GenomeWideSNP_6_G03_831478	3	117626868	119350345	1051	0.2937
SERVO_p_TCGA_157_158_159_SNP_N_GenomeWideSNP_6_G03_831478	3	119351398	119353938	5	-0.9795
SERVO_p_TCGA_157_158_159_SNP_N_GenomeWideSNP_6_G03_831478	3	119355411	162513092	26443	0.3121
SERVO_p_TCGA_157_158_159_SNP_N_GenomeWideSNP_6_G03_831478	3	162513149	162623881	64	-0.4835
SERVO_p_TCGA_157_158_159_SNP_N_GenomeWideSNP_6_G03_831478	3	162623897	168730180	3448	0.244
SERVO_p_TCGA_157_158_159_SNP_N_GenomeWideSNP_6_G03_831478	3	168733402	168738628	2	-1.37
SERVO_p_TCGA_157_158_159_SNP_N_GenomeWideSNP_6_G03_831478	3	168739827	174668742	3862	0.3308
SERVO_p_TCGA_157_158_159_SNP_N_GenomeWideSNP_6_G03_831478	3	174669007	174669766	3	-1.5878
SERVO_p_TCGA_157_158_159_SNP_N_GenomeWideSNP_6_G03_831478	3	174676406	175353557	569	0.291
SERVO_p_TCGA_157_158_159_SNP_N_GenomeWideSNP_6_G03_831478	3	175353622	175517425	82	-0.0093
SERVO_p_TCGA_157_158_159_SNP_N_GenomeWideSNP_6_G03_831478	3	175523001	186698098	6720	0.3226
SERVO_p_TCGA_157_158_159_SNP_N_GenomeWideSNP_6_G03_831478	3	186700837	186700923	2	-0.949
SERVO_p_TCGA_157_158_159_SNP_N_GenomeWideSNP_6_G03_831478	3	186708804	192877902	4500	0.324
SERVO_p_TCGA_157_158_159_SNP_N_GenomeWideSNP_6_G03_831478	3	192877962	192882903	19	-0.9415
SERVO_p_TCGA_157_158_159_SNP_N_GenomeWideSNP_6_G03_831478	3	192886435	195455911	1516	0.3547
SERVO_p_TCGA_157_158_159_SNP_N_GenomeWideSNP_6_G03_831478	3	195455924	195474763	15	0.9364
SERVO_p_TCGA_157_158_159_SNP_N_GenomeWideSNP_6_G03_831478	3	195478694	197833758	1134	0.3504
SERVO_p_TCGA_157_158_159_SNP_N_GenomeWideSNP_6_G03_831478	3	197833798	197896118	40	0.0342
SERVO_p_TCGA_157_158_159_SNP_N_GenomeWideSNP_6_G03_831478	4	12281	10209946	5786	-0.0538
SERVO_p_TCGA_157_158_159_SNP_N_GenomeWideSNP_6_G03_831478	4	10209963	10235268	41	-0.6562
SERVO_p_TCGA_157_158_159_SNP_N_GenomeWideSNP_6_G03_831478	4	10236142	10392354	171	-0.094
SERVO_p_TCGA_157_158_159_SNP_N_GenomeWideSNP_6_G03_831478	4	10393154	10400668	15	0.3483
SERVO_p_TCGA_157_158_159_SNP_N_GenomeWideSNP_6_G03_831478	4	10402718	34779040	16796	-0.0961
SERVO_p_TCGA_157_158_159_SNP_N_GenomeWideSNP_6_G03_831478	4	34779054	34824725	39	0.261
SERVO_p_TCGA_157_158_159_SNP_N_GenomeWideSNP_6_G03_831478	4	34829872	55501728	10836	-0.0692
SERVO_p_TCGA_157_158_159_SNP_N_GenomeWideSNP_6_G03_831478	4	55501921	55505360	2	-1.9327
SERVO_p_TCGA_157_158_159_SNP_N_GenomeWideSNP_6_G03_831478	4	55505933	56484255	766	-0.0904
SERVO_p_TCGA_157_158_159_SNP_N_GenomeWideSNP_6_G03_831478	4	56491371	63955484	4544	-0.7211
SERVO_p_TCGA_157_158_159_SNP_N_GenomeWideSNP_6_G03_831478	4	63957405	69372003	3312	-0.118
SERVO_p_TCGA_157_158_159_SNP_N_GenomeWideSNP_6_G03_831478	4	69374941	69485979	64	-1.4155
SERVO_p_TCGA_157_158_159_SNP_N_GenomeWideSNP_6_G03_831478	4	69489335	74998020	3230	-0.0594
SERVO_p_TCGA_157_158_159_SNP_N_GenomeWideSNP_6_G03_831478	4	74998484	76318397	810	-0.6462
SERVO_p_TCGA_157_158_159_SNP_N_GenomeWideSNP_6_G03_831478	4	76318507	76319314	3	-2.4455
SERVO_p_TCGA_157_158_159_SNP_N_GenomeWideSNP_6_G03_831478	4	76319457	89967502	8558	-0.6787
SERVO_p_TCGA_157_158_159_SNP_N_GenomeWideSNP_6_G03_831478	4	89973182	103213305	7907	-0.08
SERVO_p_TCGA_157_158_159_SNP_N_GenomeWideSNP_6_G03_831478	4	103221565	113976698	6308	-0.6714
SERVO_p_TCGA_157_158_159_SNP_N_GenomeWideSNP_6_G03_831478	4	113976831	116165868	1505	-0.0716
SERVO_p_TCGA_157_158_159_SNP_N_GenomeWideSNP_6_G03_831478	4	116166104	116173269	11	-0.8063
SERVO_p_TCGA_157_158_159_SNP_N_GenomeWideSNP_6_G03_831478	4	116175254	119261939	1878	-0.1219
SERVO_p_TCGA_157_158_159_SNP_N_GenomeWideSNP_6_G03_831478	4	119265243	120869741	868	-0.6773
SERVO_p_TCGA_157_158_159_SNP_N_GenomeWideSNP_6_G03_831478	4	120880067	122281973	972	-0.0905
SERVO_p_TCGA_157_158_159_SNP_N_GenomeWideSNP_6_G03_831478	4	122282468	122285135	28	-0.9021
SERVO_p_TCGA_157_158_159_SNP_N_GenomeWideSNP_6_G03_831478	4	122291131	130062751	4358	-0.09
SERVO_p_TCGA_157_158_159_SNP_N_GenomeWideSNP_6_G03_831478	4	130067546	130068160	2	-2.6094
SERVO_p_TCGA_157_158_159_SNP_N_GenomeWideSNP_6_G03_831478	4	130072563	154435220	14433	-0.0959
SERVO_p_TCGA_157_158_159_SNP_N_GenomeWideSNP_6_G03_831478	4	154437689	154437746	2	-1.2661
SERVO_p_TCGA_157_158_159_SNP_N_GenomeWideSNP_6_G03_831478	4	154440012	172987928	11957	-0.1038
SERVO_p_TCGA_157_158_159_SNP_N_GenomeWideSNP_6_G03_831478	4	172989148	172989533	12	0.656
SERVO_p_TCGA_157_158_159_SNP_N_GenomeWideSNP_6_G03_831478	4	172995979	173428342	235	-0.0487
SERVO_p_TCGA_157_158_159_SNP_N_GenomeWideSNP_6_G03_831478	4	173428471	173428643	3	1.1525
SERVO_p_TCGA_157_158_159_SNP_N_GenomeWideSNP_6_G03_831478	4	173441132	189871007	11240	-0.1123
SERVO_p_TCGA_157_158_159_SNP_N_GenomeWideSNP_6_G03_831478	4	189872329	189872793	2	-2.3623
SERVO_p_TCGA_157_158_159_SNP_N_GenomeWideSNP_6_G03_831478	4	189872850	191027923	630	-0.1274
SERVO_p_TCGA_157_158_159_SNP_N_GenomeWideSNP_6_G03_831478	5	15532	19584	3	-0.4883
SERVO_p_TCGA_157_158_159_SNP_N_GenomeWideSNP_6_G03_831478	5	21963	8766520	7021	0.3242
SERVO_p_TCGA_157_158_159_SNP_N_GenomeWideSNP_6_G03_831478	5	8767977	8768044	2	-1.4321
SERVO_p_TCGA_157_158_159_SNP_N_GenomeWideSNP_6_G03_831478	5	8768529	12819313	3190	0.3432
SERVO_p_TCGA_157_158_159_SNP_N_GenomeWideSNP_6_G03_831478	5	12819375	12826650	8	1.0053
SERVO_p_TCGA_157_158_159_SNP_N_GenomeWideSNP_6_G03_831478	5	12833857	18449661	3752	0.3727
SERVO_p_TCGA_157_158_159_SNP_N_GenomeWideSNP_6_G03_831478	5	18450614	18454010	2	-0.7758
SERVO_p_TCGA_157_158_159_SNP_N_GenomeWideSNP_6_G03_831478	5	18458550	46251306	16808	0.2958
SERVO_p_TCGA_157_158_159_SNP_N_GenomeWideSNP_6_G03_831478	5	46271008	46273502	8	-1.8619
SERVO_p_TCGA_157_158_159_SNP_N_GenomeWideSNP_6_G03_831478	5	46278212	46389273	19	0.2119
SERVO_p_TCGA_157_158_159_SNP_N_GenomeWideSNP_6_G03_831478	5	49432831	57321646	5057	-0.091
SERVO_p_TCGA_157_158_159_SNP_N_GenomeWideSNP_6_G03_831478	5	57326027	57333533	32	-0.5627
SERVO_p_TCGA_157_158_159_SNP_N_GenomeWideSNP_6_G03_831478	5	57338357	65639349	5161	-0.0743
SERVO_p_TCGA_157_158_159_SNP_N_GenomeWideSNP_6_G03_831478	5	65640226	68829347	2133	-0.6992
SERVO_p_TCGA_157_158_159_SNP_N_GenomeWideSNP_6_G03_831478	5	68846303	70254900	15	0.3269
SERVO_p_TCGA_157_158_159_SNP_N_GenomeWideSNP_6_G03_831478	5	70254903	72125280	913	-0.6893
SERVO_p_TCGA_157_158_159_SNP_N_GenomeWideSNP_6_G03_831478	5	72136291	75579762	2355	-0.0586
SERVO_p_TCGA_157_158_159_SNP_N_GenomeWideSNP_6_G03_831478	5	75579952	81541238	3678	-0.6844
SERVO_p_TCGA_157_158_159_SNP_N_GenomeWideSNP_6_G03_831478	5	81541313	114756455	19974	-0.1055
SERVO_p_TCGA_157_158_159_SNP_N_GenomeWideSNP_6_G03_831478	5	114756637	114756821	4	0.7091
SERVO_p_TCGA_157_158_159_SNP_N_GenomeWideSNP_6_G03_831478	5	114756862	121129499	4464	-0.1038
SERVO_p_TCGA_157_158_159_SNP_N_GenomeWideSNP_6_G03_831478	5	121132937	121132958	2	-1.2122
SERVO_p_TCGA_157_158_159_SNP_N_GenomeWideSNP_6_G03_831478	5	121135476	132081450	6647	-0.0624
SERVO_p_TCGA_157_158_159_SNP_N_GenomeWideSNP_6_G03_831478	5	132081897	132272356	79	-0.6901
SERVO_p_TCGA_157_158_159_SNP_N_GenomeWideSNP_6_G03_831478	5	132278074	140218722	4645	-0.0456
SERVO_p_TCGA_157_158_159_SNP_N_GenomeWideSNP_6_G03_831478	5	140223836	140231839	10	-0.5961
SERVO_p_TCGA_157_158_159_SNP_N_GenomeWideSNP_6_G03_831478	5	140241027	151515386	7541	-0.0629
SERVO_p_TCGA_157_158_159_SNP_N_GenomeWideSNP_6_G03_831478	5	151515470	151518351	13	-0.6174
SERVO_p_TCGA_157_158_159_SNP_N_GenomeWideSNP_6_G03_831478	5	151520271	180790320	19487	-0.0828
SERVO_p_TCGA_157_158_159_SNP_N_GenomeWideSNP_6_G03_831478	6	149661	18339933	14199	-0.0674
SERVO_p_TCGA_157_158_159_SNP_N_GenomeWideSNP_6_G03_831478	6	18340006	18340298	3	-1.5151
SERVO_p_TCGA_157_158_159_SNP_N_GenomeWideSNP_6_G03_831478	6	18342134	29837072	7528	-0.0808
SERVO_p_TCGA_157_158_159_SNP_N_GenomeWideSNP_6_G03_831478	6	29837187	29849267	16	-0.771
SERVO_p_TCGA_157_158_159_SNP_N_GenomeWideSNP_6_G03_831478	6	29850196	32469967	1194	-0.0427
SERVO_p_TCGA_157_158_159_SNP_N_GenomeWideSNP_6_G03_831478	6	32474941	32626618	61	-0.5441
SERVO_p_TCGA_157_158_159_SNP_N_GenomeWideSNP_6_G03_831478	6	32650612	32681645	29	-0.0715
SERVO_p_TCGA_157_158_159_SNP_N_GenomeWideSNP_6_G03_831478	6	32682724	32682862	2	-2.2197
SERVO_p_TCGA_157_158_159_SNP_N_GenomeWideSNP_6_G03_831478	6	32684029	32690027	14	-0.0851
SERVO_p_TCGA_157_158_159_SNP_N_GenomeWideSNP_6_G03_831478	6	32690797	32692227	4	-0.7668
SERVO_p_TCGA_157_158_159_SNP_N_GenomeWideSNP_6_G03_831478	6	32700684	33937999	759	-0.0247
SERVO_p_TCGA_157_158_159_SNP_N_GenomeWideSNP_6_G03_831478	6	33938743	33944623	9	-0.8877
SERVO_p_TCGA_157_158_159_SNP_N_GenomeWideSNP_6_G03_831478	6	33944702	77436532	25203	-0.0797
SERVO_p_TCGA_157_158_159_SNP_N_GenomeWideSNP_6_G03_831478	6	77439868	77452757	21	-0.5412
SERVO_p_TCGA_157_158_159_SNP_N_GenomeWideSNP_6_G03_831478	6	77461073	78962889	979	-0.1381
SERVO_p_TCGA_157_158_159_SNP_N_GenomeWideSNP_6_G03_831478	6	78969065	79035185	111	-0.5688
SERVO_p_TCGA_157_158_159_SNP_N_GenomeWideSNP_6_G03_831478	6	79039234	103734829	15475	-0.1207
SERVO_p_TCGA_157_158_159_SNP_N_GenomeWideSNP_6_G03_831478	6	103737976	103738188	4	0.1866
SERVO_p_TCGA_157_158_159_SNP_N_GenomeWideSNP_6_G03_831478	6	103738224	103762061	42	0.5502
SERVO_p_TCGA_157_158_159_SNP_N_GenomeWideSNP_6_G03_831478	6	103765470	128428553	15094	-0.1009
SERVO_p_TCGA_157_158_159_SNP_N_GenomeWideSNP_6_G03_831478	6	128432430	128436415	7	-0.8951
SERVO_p_TCGA_157_158_159_SNP_N_GenomeWideSNP_6_G03_831478	6	128439814	162000347	22547	-0.0839
SERVO_p_TCGA_157_158_159_SNP_N_GenomeWideSNP_6_G03_831478	6	162001436	162793302	729	-0.7322
SERVO_p_TCGA_157_158_159_SNP_N_GenomeWideSNP_6_G03_831478	6	162799117	171051005	5837	-0.1215
SERVO_p_TCGA_157_158_159_SNP_N_GenomeWideSNP_6_G03_831478	7	43355	6838724	3438	0.3344
SERVO_p_TCGA_157_158_159_SNP_N_GenomeWideSNP_6_G03_831478	7	6854110	6867078	6	-0.5222
SERVO_p_TCGA_157_158_159_SNP_N_GenomeWideSNP_6_G03_831478	7	6867642	6900607	12	0.3303
SERVO_p_TCGA_157_158_159_SNP_N_GenomeWideSNP_6_G03_831478	7	6901720	6920280	7	-0.46
SERVO_p_TCGA_157_158_159_SNP_N_GenomeWideSNP_6_G03_831478	7	6928701	19296912	10222	0.2983
SERVO_p_TCGA_157_158_159_SNP_N_GenomeWideSNP_6_G03_831478	7	19299855	19300223	2	-0.8786
SERVO_p_TCGA_157_158_159_SNP_N_GenomeWideSNP_6_G03_831478	7	19300882	20268584	734	0.2982
SERVO_p_TCGA_157_158_159_SNP_N_GenomeWideSNP_6_G03_831478	7	20271988	20274504	5	-0.5448
SERVO_p_TCGA_157_158_159_SNP_N_GenomeWideSNP_6_G03_831478	7	20276994	22434780	1670	0.3122
SERVO_p_TCGA_157_158_159_SNP_N_GenomeWideSNP_6_G03_831478	7	22435472	22436487	2	-2.1697
SERVO_p_TCGA_157_158_159_SNP_N_GenomeWideSNP_6_G03_831478	7	22438754	24035127	1076	0.307
SERVO_p_TCGA_157_158_159_SNP_N_GenomeWideSNP_6_G03_831478	7	24039878	24040383	2	1.4458
SERVO_p_TCGA_157_158_159_SNP_N_GenomeWideSNP_6_G03_831478	7	24040817	38387443	10372	0.3241
SERVO_p_TCGA_157_158_159_SNP_N_GenomeWideSNP_6_G03_831478	7	38391365	38398047	5	-1.1114
SERVO_p_TCGA_157_158_159_SNP_N_GenomeWideSNP_6_G03_831478	7	38400957	54386505	11001	0.2903
SERVO_p_TCGA_157_158_159_SNP_N_GenomeWideSNP_6_G03_831478	7	54386509	54386517	5	2.8793
SERVO_p_TCGA_157_158_159_SNP_N_GenomeWideSNP_6_G03_831478	7	54393488	66637239	3891	0.272
SERVO_p_TCGA_157_158_159_SNP_N_GenomeWideSNP_6_G03_831478	7	66641374	66645232	5	-0.4091
SERVO_p_TCGA_157_158_159_SNP_N_GenomeWideSNP_6_G03_831478	7	66647639	115925590	28814	0.2801
SERVO_p_TCGA_157_158_159_SNP_N_GenomeWideSNP_6_G03_831478	7	115927926	115934700	18	-0.0707
SERVO_p_TCGA_157_158_159_SNP_N_GenomeWideSNP_6_G03_831478	7	115935011	126044974	6135	0.26
SERVO_p_TCGA_157_158_159_SNP_N_GenomeWideSNP_6_G03_831478	7	126045482	126046876	13	-0.9627
SERVO_p_TCGA_157_158_159_SNP_N_GenomeWideSNP_6_G03_831478	7	126046877	141770161	9942	0.2791
SERVO_p_TCGA_157_158_159_SNP_N_GenomeWideSNP_6_G03_831478	7	141770260	141791908	35	0.6255
SERVO_p_TCGA_157_158_159_SNP_N_GenomeWideSNP_6_G03_831478	7	141792107	142474939	452	0.3101
SERVO_p_TCGA_157_158_159_SNP_N_GenomeWideSNP_6_G03_831478	7	142476719	142486045	27	0.9464
SERVO_p_TCGA_157_158_159_SNP_N_GenomeWideSNP_6_G03_831478	7	142486115	143218858	468	0.2717
SERVO_p_TCGA_157_158_159_SNP_N_GenomeWideSNP_6_G03_831478	7	143218968	143408430	33	0.9583
SERVO_p_TCGA_157_158_159_SNP_N_GenomeWideSNP_6_G03_831478	7	143425378	143431034	17	0.2986
SERVO_p_TCGA_157_158_159_SNP_N_GenomeWideSNP_6_G03_831478	7	143444216	143532998	41	0.9929
SERVO_p_TCGA_157_158_159_SNP_N_GenomeWideSNP_6_G03_831478	7	143543851	143709699	133	0.273
SERVO_p_TCGA_157_158_159_SNP_N_GenomeWideSNP_6_G03_831478	7	143710096	143711151	7	0.6546
SERVO_p_TCGA_157_158_159_SNP_N_GenomeWideSNP_6_G03_831478	7	143711169	143909445	143	0.2167
SERVO_p_TCGA_157_158_159_SNP_N_GenomeWideSNP_6_G03_831478	7	143911624	143961955	15	-0.182
SERVO_p_TCGA_157_158_159_SNP_N_GenomeWideSNP_6_G03_831478	7	143970310	150701022	4171	0.2611
SERVO_p_TCGA_157_158_159_SNP_N_GenomeWideSNP_6_G03_831478	7	150702591	150710392	4	-0.5827
SERVO_p_TCGA_157_158_159_SNP_N_GenomeWideSNP_6_G03_831478	7	150717679	159127004	5539	0.3097
SERVO_p_TCGA_157_158_159_SNP_N_GenomeWideSNP_6_G03_831478	8	31254	6988468	7794	-0.4858
SERVO_p_TCGA_157_158_159_SNP_N_GenomeWideSNP_6_G03_831478	8	6988926	7832054	200	-0.022
SERVO_p_TCGA_157_158_159_SNP_N_GenomeWideSNP_6_G03_831478	8	7838543	7978187	41	-0.3527
SERVO_p_TCGA_157_158_159_SNP_N_GenomeWideSNP_6_G03_831478	8	7989963	8102831	27	-0.0064
SERVO_p_TCGA_157_158_159_SNP_N_GenomeWideSNP_6_G03_831478	8	8107766	10245788	1913	-0.4088
SERVO_p_TCGA_157_158_159_SNP_N_GenomeWideSNP_6_G03_831478	8	10246325	10248779	2	-2.4719
SERVO_p_TCGA_157_158_159_SNP_N_GenomeWideSNP_6_G03_831478	8	10249268	11895245	1286	-0.4532
SERVO_p_TCGA_157_158_159_SNP_N_GenomeWideSNP_6_G03_831478	8	11934660	12216009	18	0.0966
SERVO_p_TCGA_157_158_159_SNP_N_GenomeWideSNP_6_G03_831478	8	12216848	12234400	9	-0.7321
SERVO_p_TCGA_157_158_159_SNP_N_GenomeWideSNP_6_G03_831478	8	12239835	12247322	27	-0.196
SERVO_p_TCGA_157_158_159_SNP_N_GenomeWideSNP_6_G03_831478	8	12247355	12247486	3	-1.0417
SERVO_p_TCGA_157_158_159_SNP_N_GenomeWideSNP_6_G03_831478	8	12260927	12558929	96	-0.0632
SERVO_p_TCGA_157_158_159_SNP_N_GenomeWideSNP_6_G03_831478	8	12559835	24974577	10375	-0.4377
SERVO_p_TCGA_157_158_159_SNP_N_GenomeWideSNP_6_G03_831478	8	24975500	24984333	23	-0.8421
SERVO_p_TCGA_157_158_159_SNP_N_GenomeWideSNP_6_G03_831478	8	24991104	36849946	7731	-0.4344
SERVO_p_TCGA_157_158_159_SNP_N_GenomeWideSNP_6_G03_831478	8	36850018	36858483	7	-1.2178
SERVO_p_TCGA_157_158_159_SNP_N_GenomeWideSNP_6_G03_831478	8	36861306	39230659	1279	-0.3925
SERVO_p_TCGA_157_158_159_SNP_N_GenomeWideSNP_6_G03_831478	8	39235603	39386965	59	0.26
SERVO_p_TCGA_157_158_159_SNP_N_GenomeWideSNP_6_G03_831478	8	39388299	40811968	1100	-0.4176
SERVO_p_TCGA_157_158_159_SNP_N_GenomeWideSNP_6_G03_831478	8	40815142	43780295	1487	0.6205
SERVO_p_TCGA_157_158_159_SNP_N_GenomeWideSNP_6_G03_831478	8	43783984	47914922	389	0.16
SERVO_p_TCGA_157_158_159_SNP_N_GenomeWideSNP_6_G03_831478	8	47919398	58584340	6565	0.5598
SERVO_p_TCGA_157_158_159_SNP_N_GenomeWideSNP_6_G03_831478	8	58584894	58584910	2	-0.6438
SERVO_p_TCGA_157_158_159_SNP_N_GenomeWideSNP_6_G03_831478	8	58585960	70206603	7158	0.5678
SERVO_p_TCGA_157_158_159_SNP_N_GenomeWideSNP_6_G03_831478	8	70207597	70208252	4	-0.3172
SERVO_p_TCGA_157_158_159_SNP_N_GenomeWideSNP_6_G03_831478	8	70208266	70952673	504	0.5806
SERVO_p_TCGA_157_158_159_SNP_N_GenomeWideSNP_6_G03_831478	8	70952739	70954834	8	-0.1473
SERVO_p_TCGA_157_158_159_SNP_N_GenomeWideSNP_6_G03_831478	8	70961161	120152010	29791	0.5605
SERVO_p_TCGA_157_158_159_SNP_N_GenomeWideSNP_6_G03_831478	8	120154784	120159446	4	-0.8945
SERVO_p_TCGA_157_158_159_SNP_N_GenomeWideSNP_6_G03_831478	8	120162854	132989067	8922	0.6164
SERVO_p_TCGA_157_158_159_SNP_N_GenomeWideSNP_6_G03_831478	8	132991085	132991125	2	-1.0215
SERVO_p_TCGA_157_158_159_SNP_N_GenomeWideSNP_6_G03_831478	8	132994576	144309755	8389	0.5937
SERVO_p_TCGA_157_158_159_SNP_N_GenomeWideSNP_6_G03_831478	8	144309792	144310602	8	0.0675
SERVO_p_TCGA_157_158_159_SNP_N_GenomeWideSNP_6_G03_831478	8	144310617	146298155	633	0.6609
SERVO_p_TCGA_157_158_159_SNP_N_GenomeWideSNP_6_G03_831478	9	46587	40539132	31285	-0.0716
SERVO_p_TCGA_157_158_159_SNP_N_GenomeWideSNP_6_G03_831478	9	40542850	40911224	20	-0.6192
SERVO_p_TCGA_157_158_159_SNP_N_GenomeWideSNP_6_G03_831478	9	41450153	66986478	316	-0.0546
SERVO_p_TCGA_157_158_159_SNP_N_GenomeWideSNP_6_G03_831478	9	67046560	67983187	19	-0.6478
SERVO_p_TCGA_157_158_159_SNP_N_GenomeWideSNP_6_G03_831478	9	68151440	68183981	12	0.0568
SERVO_p_TCGA_157_158_159_SNP_N_GenomeWideSNP_6_G03_831478	9	68186051	68186057	4	1.4084
SERVO_p_TCGA_157_158_159_SNP_N_GenomeWideSNP_6_G03_831478	9	68186059	68735971	69	-0.0126
SERVO_p_TCGA_157_158_159_SNP_N_GenomeWideSNP_6_G03_831478	9	68736617	69166497	44	-0.391
SERVO_p_TCGA_157_158_159_SNP_N_GenomeWideSNP_6_G03_831478	9	69167484	69822310	44	-0.0251
SERVO_p_TCGA_157_158_159_SNP_N_GenomeWideSNP_6_G03_831478	9	69824964	69827539	4	-1.1019
SERVO_p_TCGA_157_158_159_SNP_N_GenomeWideSNP_6_G03_831478	9	69827623	78002560	5036	-0.0494
SERVO_p_TCGA_157_158_159_SNP_N_GenomeWideSNP_6_G03_831478	9	78005177	78008161	3	-1.1887
SERVO_p_TCGA_157_158_159_SNP_N_GenomeWideSNP_6_G03_831478	9	78012459	100373289	15620	-0.0755
SERVO_p_TCGA_157_158_159_SNP_N_GenomeWideSNP_6_G03_831478	9	100373359	100377140	5	-1.0992
SERVO_p_TCGA_157_158_159_SNP_N_GenomeWideSNP_6_G03_831478	9	100377452	118064840	13064	-0.058
SERVO_p_TCGA_157_158_159_SNP_N_GenomeWideSNP_6_G03_831478	9	118067966	118070259	3	-1.2074
SERVO_p_TCGA_157_158_159_SNP_N_GenomeWideSNP_6_G03_831478	9	118073376	141091394	14319	-0.038
SERVO_p_TCGA_157_158_159_SNP_N_GenomeWideSNP_6_G03_831478	10	72759	13797853	11586	-0.0751
SERVO_p_TCGA_157_158_159_SNP_N_GenomeWideSNP_6_G03_831478	10	13798911	13801269	2	-1.3514
SERVO_p_TCGA_157_158_159_SNP_N_GenomeWideSNP_6_G03_831478	10	13801432	16467242	2200	-0.0619
SERVO_p_TCGA_157_158_159_SNP_N_GenomeWideSNP_6_G03_831478	10	16470893	16470933	2	-2.9626
SERVO_p_TCGA_157_158_159_SNP_N_GenomeWideSNP_6_G03_831478	10	16476271	24375263	5434	-0.0869
SERVO_p_TCGA_157_158_159_SNP_N_GenomeWideSNP_6_G03_831478	10	24377674	24378054	11	0.6986
SERVO_p_TCGA_157_158_159_SNP_N_GenomeWideSNP_6_G03_831478	10	24378908	47069690	12423	-0.0746
SERVO_p_TCGA_157_158_159_SNP_N_GenomeWideSNP_6_G03_831478	10	47076687	47414281	62	0.2042
SERVO_p_TCGA_157_158_159_SNP_N_GenomeWideSNP_6_G03_831478	10	47419711	47771030	193	-0.1358
SERVO_p_TCGA_157_158_159_SNP_N_GenomeWideSNP_6_G03_831478	10	47897394	47948060	4	1.1035
SERVO_p_TCGA_157_158_159_SNP_N_GenomeWideSNP_6_G03_831478	10	47960476	51822399	1763	-0.0765
SERVO_p_TCGA_157_158_159_SNP_N_GenomeWideSNP_6_G03_831478	10	51830360	51891920	5	-1.5791
SERVO_p_TCGA_157_158_159_SNP_N_GenomeWideSNP_6_G03_831478	10	51903768	56445616	3485	-0.0846
SERVO_p_TCGA_157_158_159_SNP_N_GenomeWideSNP_6_G03_831478	10	56452949	56468437	13	0.5405
SERVO_p_TCGA_157_158_159_SNP_N_GenomeWideSNP_6_G03_831478	10	56472264	67306276	7512	-0.0634
SERVO_p_TCGA_157_158_159_SNP_N_GenomeWideSNP_6_G03_831478	10	67307923	67325453	31	0.2838
SERVO_p_TCGA_157_158_159_SNP_N_GenomeWideSNP_6_G03_831478	10	67326066	81251331	9232	-0.0382
SERVO_p_TCGA_157_158_159_SNP_N_GenomeWideSNP_6_G03_831478	10	81283267	81293615	2	-1.2568
SERVO_p_TCGA_157_158_159_SNP_N_GenomeWideSNP_6_G03_831478	10	81336695	91869383	7308	-0.1049
SERVO_p_TCGA_157_158_159_SNP_N_GenomeWideSNP_6_G03_831478	10	91869767	91869843	2	-1.4457
SERVO_p_TCGA_157_158_159_SNP_N_GenomeWideSNP_6_G03_831478	10	91869909	119555062	18059	-0.1055
SERVO_p_TCGA_157_158_159_SNP_N_GenomeWideSNP_6_G03_831478	10	119561758	119564202	2	-1.4044
SERVO_p_TCGA_157_158_159_SNP_N_GenomeWideSNP_6_G03_831478	10	119565538	124343951	3761	-0.1027
SERVO_p_TCGA_157_158_159_SNP_N_GenomeWideSNP_6_G03_831478	10	124344109	124351013	6	-0.9511
SERVO_p_TCGA_157_158_159_SNP_N_GenomeWideSNP_6_G03_831478	10	124356812	135506704	7916	-0.1318
SERVO_p_TCGA_157_158_159_SNP_N_GenomeWideSNP_6_G03_831478	11	198510	4968117	2474	-0.047
SERVO_p_TCGA_157_158_159_SNP_N_GenomeWideSNP_6_G03_831478	11	4968510	4975675	27	0.5747
SERVO_p_TCGA_157_158_159_SNP_N_GenomeWideSNP_6_G03_831478	11	4975705	5522151	553	-0.0806
SERVO_p_TCGA_157_158_159_SNP_N_GenomeWideSNP_6_G03_831478	11	5522175	5522564	5	-0.6813
SERVO_p_TCGA_157_158_159_SNP_N_GenomeWideSNP_6_G03_831478	11	5523593	5787405	240	-0.1181
SERVO_p_TCGA_157_158_159_SNP_N_GenomeWideSNP_6_G03_831478	11	5788080	5809139	32	-0.4926
SERVO_p_TCGA_157_158_159_SNP_N_GenomeWideSNP_6_G03_831478	11	5809338	48702689	30115	-0.094
SERVO_p_TCGA_157_158_159_SNP_N_GenomeWideSNP_6_G03_831478	11	48705843	48710424	4	-0.9536
SERVO_p_TCGA_157_158_159_SNP_N_GenomeWideSNP_6_G03_831478	11	48710425	49758856	423	-0.0942
SERVO_p_TCGA_157_158_159_SNP_N_GenomeWideSNP_6_G03_831478	11	49758987	49760688	7	-0.8312
SERVO_p_TCGA_157_158_159_SNP_N_GenomeWideSNP_6_G03_831478	11	49766161	54940342	542	-0.1067
SERVO_p_TCGA_157_158_159_SNP_N_GenomeWideSNP_6_G03_831478	11	54965608	54982211	6	-1.6781
SERVO_p_TCGA_157_158_159_SNP_N_GenomeWideSNP_6_G03_831478	11	55009475	55376511	213	-0.1238
SERVO_p_TCGA_157_158_159_SNP_N_GenomeWideSNP_6_G03_831478	11	55376634	55442318	38	0.4208
SERVO_p_TCGA_157_158_159_SNP_N_GenomeWideSNP_6_G03_831478	11	55444211	81498805	14621	-0.0662
SERVO_p_TCGA_157_158_159_SNP_N_GenomeWideSNP_6_G03_831478	11	81503468	81517158	11	-0.7644
SERVO_p_TCGA_157_158_159_SNP_N_GenomeWideSNP_6_G03_831478	11	81522632	134944770	37748	-0.1071
SERVO_p_TCGA_157_158_159_SNP_N_GenomeWideSNP_6_G03_831478	12	150442	8442285	5575	-0.0567
SERVO_p_TCGA_157_158_159_SNP_N_GenomeWideSNP_6_G03_831478	12	8449112	8449217	2	1.4676
SERVO_p_TCGA_157_158_159_SNP_N_GenomeWideSNP_6_G03_831478	12	8453466	9630556	621	-0.0794
SERVO_p_TCGA_157_158_159_SNP_N_GenomeWideSNP_6_G03_831478	12	9633870	9705126	20	-0.5785
SERVO_p_TCGA_157_158_159_SNP_N_GenomeWideSNP_6_G03_831478	12	9707322	11219423	1047	-0.0657
SERVO_p_TCGA_157_158_159_SNP_N_GenomeWideSNP_6_G03_831478	12	11220724	11241532	12	0.5704
SERVO_p_TCGA_157_158_159_SNP_N_GenomeWideSNP_6_G03_831478	12	11251874	11511578	134	0.0035
SERVO_p_TCGA_157_158_159_SNP_N_GenomeWideSNP_6_G03_831478	12	11512492	11543406	30	-0.6362
SERVO_p_TCGA_157_158_159_SNP_N_GenomeWideSNP_6_G03_831478	12	11552192	33301426	15414	-0.0779
SERVO_p_TCGA_157_158_159_SNP_N_GenomeWideSNP_6_G03_831478	12	33301520	33308459	28	-0.4681
SERVO_p_TCGA_157_158_159_SNP_N_GenomeWideSNP_6_G03_831478	12	33308497	37987726	841	-0.0983
SERVO_p_TCGA_157_158_159_SNP_N_GenomeWideSNP_6_G03_831478	12	38012567	38014018	2	-1.5015
SERVO_p_TCGA_157_158_159_SNP_N_GenomeWideSNP_6_G03_831478	12	38034358	45899825	4770	-0.1084
SERVO_p_TCGA_157_158_159_SNP_N_GenomeWideSNP_6_G03_831478	12	45904438	45909537	4	-1.243
SERVO_p_TCGA_157_158_159_SNP_N_GenomeWideSNP_6_G03_831478	12	45913292	56050820	5861	-0.0315
SERVO_p_TCGA_157_158_159_SNP_N_GenomeWideSNP_6_G03_831478	12	56052867	56052906	2	-1.4154
SERVO_p_TCGA_157_158_159_SNP_N_GenomeWideSNP_6_G03_831478	12	56054767	70871858	9324	-0.07
SERVO_p_TCGA_157_158_159_SNP_N_GenomeWideSNP_6_G03_831478	12	70872675	70878027	9	-2.06
SERVO_p_TCGA_157_158_159_SNP_N_GenomeWideSNP_6_G03_831478	12	70879385	118651882	31276	-0.0785
SERVO_p_TCGA_157_158_159_SNP_N_GenomeWideSNP_6_G03_831478	12	118654143	118659930	3	-1.4392
SERVO_p_TCGA_157_158_159_SNP_N_GenomeWideSNP_6_G03_831478	12	118666257	126147043	4153	-0.0523
SERVO_p_TCGA_157_158_159_SNP_N_GenomeWideSNP_6_G03_831478	12	126147178	126149546	3	-1.3832
SERVO_p_TCGA_157_158_159_SNP_N_GenomeWideSNP_6_G03_831478	12	126149641	133778189	5858	-0.1093
SERVO_p_TCGA_157_158_159_SNP_N_GenomeWideSNP_6_G03_831478	13	19026949	53094799	23484	0.6992
SERVO_p_TCGA_157_158_159_SNP_N_GenomeWideSNP_6_G03_831478	13	53097984	53105785	3	-0.9516
SERVO_p_TCGA_157_158_159_SNP_N_GenomeWideSNP_6_G03_831478	13	53117879	72476988	11659	0.6171
SERVO_p_TCGA_157_158_159_SNP_N_GenomeWideSNP_6_G03_831478	13	72477555	72480556	4	-1.3735
SERVO_p_TCGA_157_158_159_SNP_N_GenomeWideSNP_6_G03_831478	13	72480605	115108397	29123	0.6705
SERVO_p_TCGA_157_158_159_SNP_N_GenomeWideSNP_6_G03_831478	14	19002124	22647272	1787	-0.1173
SERVO_p_TCGA_157_158_159_SNP_N_GenomeWideSNP_6_G03_831478	14	22647503	22647535	2	-1.4343
SERVO_p_TCGA_157_158_159_SNP_N_GenomeWideSNP_6_G03_831478	14	22651414	41470426	11876	-0.1796
SERVO_p_TCGA_157_158_159_SNP_N_GenomeWideSNP_6_G03_831478	14	41472014	41472098	2	-1.9892
SERVO_p_TCGA_157_158_159_SNP_N_GenomeWideSNP_6_G03_831478	14	41472703	86451911	28903	-0.186
SERVO_p_TCGA_157_158_159_SNP_N_GenomeWideSNP_6_G03_831478	14	86460626	86488441	37	-0.9985
SERVO_p_TCGA_157_158_159_SNP_N_GenomeWideSNP_6_G03_831478	14	86490211	107285437	12921	-0.159
SERVO_p_TCGA_157_158_159_SNP_N_GenomeWideSNP_6_G03_831478	15	20016328	20206939	48	0.0212
SERVO_p_TCGA_157_158_159_SNP_N_GenomeWideSNP_6_G03_831478	15	20216955	20291313	11	-0.9467
SERVO_p_TCGA_157_158_159_SNP_N_GenomeWideSNP_6_G03_831478	15	20392821	56081287	21078	-0.0292
SERVO_p_TCGA_157_158_159_SNP_N_GenomeWideSNP_6_G03_831478	15	56082974	56090609	8	-0.8902
SERVO_p_TCGA_157_158_159_SNP_N_GenomeWideSNP_6_G03_831478	15	56090730	69329815	8937	0.0059
SERVO_p_TCGA_157_158_159_SNP_N_GenomeWideSNP_6_G03_831478	15	69331285	69331360	2	1.6997
SERVO_p_TCGA_157_158_159_SNP_N_GenomeWideSNP_6_G03_831478	15	69337675	100478404	20388	0.001
SERVO_p_TCGA_157_158_159_SNP_N_GenomeWideSNP_6_G03_831478	15	100482311	100483474	2	-1.1742
SERVO_p_TCGA_157_158_159_SNP_N_GenomeWideSNP_6_G03_831478	15	100492706	102400037	1534	-0.0134
SERVO_p_TCGA_157_158_159_SNP_N_GenomeWideSNP_6_G03_831478	15	102405136	102469040	13	0.4054
SERVO_p_TCGA_157_158_159_SNP_N_GenomeWideSNP_6_G03_831478	16	60777	3372516	1188	0.1709
SERVO_p_TCGA_157_158_159_SNP_N_GenomeWideSNP_6_G03_831478	16	3376686	3538003	103	0.4802
SERVO_p_TCGA_157_158_159_SNP_N_GenomeWideSNP_6_G03_831478	16	3538873	6846092	2876	0.1657
SERVO_p_TCGA_157_158_159_SNP_N_GenomeWideSNP_6_G03_831478	16	6846271	6865108	13	-0.9191
SERVO_p_TCGA_157_158_159_SNP_N_GenomeWideSNP_6_G03_831478	16	6867751	12648859	5246	0.1791
SERVO_p_TCGA_157_158_159_SNP_N_GenomeWideSNP_6_G03_831478	16	12648978	12648995	2	-1.0504
SERVO_p_TCGA_157_158_159_SNP_N_GenomeWideSNP_6_G03_831478	16	12650247	19944363	4097	0.1782
SERVO_p_TCGA_157_158_159_SNP_N_GenomeWideSNP_6_G03_831478	16	19945650	19971248	34	0.4896
SERVO_p_TCGA_157_158_159_SNP_N_GenomeWideSNP_6_G03_831478	16	19971296	34466571	6980	0.185
SERVO_p_TCGA_157_158_159_SNP_N_GenomeWideSNP_6_G03_831478	16	34470704	34757071	168	0.7356
SERVO_p_TCGA_157_158_159_SNP_N_GenomeWideSNP_6_G03_831478	16	34760967	74384258	17834	0.1712
SERVO_p_TCGA_157_158_159_SNP_N_GenomeWideSNP_6_G03_831478	16	74397058	74452036	8	0.8048
SERVO_p_TCGA_157_158_159_SNP_N_GenomeWideSNP_6_G03_831478	16	74456601	78371608	3212	0.1685
SERVO_p_TCGA_157_158_159_SNP_N_GenomeWideSNP_6_G03_831478	16	78372440	78384765	16	0.7649
SERVO_p_TCGA_157_158_159_SNP_N_GenomeWideSNP_6_G03_831478	16	78385001	82225566	4187	0.1561
SERVO_p_TCGA_157_158_159_SNP_N_GenomeWideSNP_6_G03_831478	16	82225885	82231669	11	-0.9421
SERVO_p_TCGA_157_158_159_SNP_N_GenomeWideSNP_6_G03_831478	16	82236880	84195309	2258	0.1679
SERVO_p_TCGA_157_158_159_SNP_N_GenomeWideSNP_6_G03_831478	16	84199617	84203730	3	-1.0222
SERVO_p_TCGA_157_158_159_SNP_N_GenomeWideSNP_6_G03_831478	16	84204771	90287535	4167	0.1655
SERVO_p_TCGA_157_158_159_SNP_N_GenomeWideSNP_6_G03_831478	17	526	1061313	524	-0.7074
SERVO_p_TCGA_157_158_159_SNP_N_GenomeWideSNP_6_G03_831478	17	1070622	1080200	5	-2.0392
SERVO_p_TCGA_157_158_159_SNP_N_GenomeWideSNP_6_G03_831478	17	1092578	2264023	575	-0.5647
SERVO_p_TCGA_157_158_159_SNP_N_GenomeWideSNP_6_G03_831478	17	2264479	2269769	2	-2.6834
SERVO_p_TCGA_157_158_159_SNP_N_GenomeWideSNP_6_G03_831478	17	2272024	38169677	19047	-0.6387
SERVO_p_TCGA_157_158_159_SNP_N_GenomeWideSNP_6_G03_831478	17	38169694	38173353	2	-3.2776
SERVO_p_TCGA_157_158_159_SNP_N_GenomeWideSNP_6_G03_831478	17	38176458	39421708	693	-0.5999
SERVO_p_TCGA_157_158_159_SNP_N_GenomeWideSNP_6_G03_831478	17	39423014	39430531	24	0.8591
SERVO_p_TCGA_157_158_159_SNP_N_GenomeWideSNP_6_G03_831478	17	39432724	44214166	2539	-0.5798
SERVO_p_TCGA_157_158_159_SNP_N_GenomeWideSNP_6_G03_831478	17	44215364	44362009	84	-0.9433
SERVO_p_TCGA_157_158_159_SNP_N_GenomeWideSNP_6_G03_831478	17	44362363	44394420	5	-0.1117
SERVO_p_TCGA_157_158_159_SNP_N_GenomeWideSNP_6_G03_831478	17	44401067	44752300	45	-1.0488
SERVO_p_TCGA_157_158_159_SNP_N_GenomeWideSNP_6_G03_831478	17	44764994	46671816	978	-0.5981
SERVO_p_TCGA_157_158_159_SNP_N_GenomeWideSNP_6_G03_831478	17	46674670	46677716	2	-2.3449
SERVO_p_TCGA_157_158_159_SNP_N_GenomeWideSNP_6_G03_831478	17	46680596	47420155	398	-0.5845
SERVO_p_TCGA_157_158_159_SNP_N_GenomeWideSNP_6_G03_831478	17	47428573	62407007	8983	-0.0745
SERVO_p_TCGA_157_158_159_SNP_N_GenomeWideSNP_6_G03_831478	17	62407099	62407139	2	-1.5146
SERVO_p_TCGA_157_158_159_SNP_N_GenomeWideSNP_6_G03_831478	17	62407244	77242007	9467	-0.0549
SERVO_p_TCGA_157_158_159_SNP_N_GenomeWideSNP_6_G03_831478	17	77242279	77246390	8	-0.7859
SERVO_p_TCGA_157_158_159_SNP_N_GenomeWideSNP_6_G03_831478	17	77247044	81049726	1746	-0.0581
SERVO_p_TCGA_157_158_159_SNP_N_GenomeWideSNP_6_G03_831478	18	11543	6368142	4501	-0.7106
SERVO_p_TCGA_157_158_159_SNP_N_GenomeWideSNP_6_G03_831478	18	6368300	6368752	3	-2.5983
SERVO_p_TCGA_157_158_159_SNP_N_GenomeWideSNP_6_G03_831478	18	6369092	14144777	5509	-0.7482
SERVO_p_TCGA_157_158_159_SNP_N_GenomeWideSNP_6_G03_831478	18	14149483	14672479	146	-0.4584
SERVO_p_TCGA_157_158_159_SNP_N_GenomeWideSNP_6_G03_831478	18	14691685	30300422	7503	-0.7088
SERVO_p_TCGA_157_158_159_SNP_N_GenomeWideSNP_6_G03_831478	18	30300511	30301116	2	-3.457
SERVO_p_TCGA_157_158_159_SNP_N_GenomeWideSNP_6_G03_831478	18	30301145	48838326	12284	-0.718
SERVO_p_TCGA_157_158_159_SNP_N_GenomeWideSNP_6_G03_831478	18	48838339	48841237	5	-2.6856
SERVO_p_TCGA_157_158_159_SNP_N_GenomeWideSNP_6_G03_831478	18	48841480	63906866	10353	-0.7219
SERVO_p_TCGA_157_158_159_SNP_N_GenomeWideSNP_6_G03_831478	18	63907434	63911589	10	-2.3225
SERVO_p_TCGA_157_158_159_SNP_N_GenomeWideSNP_6_G03_831478	18	63911876	68043479	3000	-0.7339
SERVO_p_TCGA_157_158_159_SNP_N_GenomeWideSNP_6_G03_831478	18	68044309	68044891	3	-3.9548
SERVO_p_TCGA_157_158_159_SNP_N_GenomeWideSNP_6_G03_831478	18	68045018	78015057	7192	-0.7654
SERVO_p_TCGA_157_158_159_SNP_N_GenomeWideSNP_6_G03_831478	19	90910	9273800	3406	0.0062
SERVO_p_TCGA_157_158_159_SNP_N_GenomeWideSNP_6_G03_831478	19	9274672	9278121	5	-0.9799
SERVO_p_TCGA_157_158_159_SNP_N_GenomeWideSNP_6_G03_831478	19	9284760	16708479	3778	0.0134
SERVO_p_TCGA_157_158_159_SNP_N_GenomeWideSNP_6_G03_831478	19	16710049	16731906	17	-0.389
SERVO_p_TCGA_157_158_159_SNP_N_GenomeWideSNP_6_G03_831478	19	16732479	23519532	3433	-0.0292
SERVO_p_TCGA_157_158_159_SNP_N_GenomeWideSNP_6_G03_831478	19	23520027	23633133	68	0.319
SERVO_p_TCGA_157_158_159_SNP_N_GenomeWideSNP_6_G03_831478	19	23633923	35658728	5925	-0.015
SERVO_p_TCGA_157_158_159_SNP_N_GenomeWideSNP_6_G03_831478	19	35663774	35664043	6	-0.7108
SERVO_p_TCGA_157_158_159_SNP_N_GenomeWideSNP_6_G03_831478	19	35666047	50378143	7321	0.0475
SERVO_p_TCGA_157_158_159_SNP_N_GenomeWideSNP_6_G03_831478	19	50380858	50389830	2	-1.3793
SERVO_p_TCGA_157_158_159_SNP_N_GenomeWideSNP_6_G03_831478	19	50398690	52142352	975	0.0011
SERVO_p_TCGA_157_158_159_SNP_N_GenomeWideSNP_6_G03_831478	19	52142615	52148197	10	-0.8719
SERVO_p_TCGA_157_158_159_SNP_N_GenomeWideSNP_6_G03_831478	19	52154905	53517082	946	-0.0362
SERVO_p_TCGA_157_158_159_SNP_N_GenomeWideSNP_6_G03_831478	19	53518514	53552229	23	0.4024
SERVO_p_TCGA_157_158_159_SNP_N_GenomeWideSNP_6_G03_831478	19	53554240	54797848	818	-0.0388
SERVO_p_TCGA_157_158_159_SNP_N_GenomeWideSNP_6_G03_831478	19	54805530	54811325	4	-1.5193
SERVO_p_TCGA_157_158_159_SNP_N_GenomeWideSNP_6_G03_831478	19	54812675	55312612	271	-0.0212
SERVO_p_TCGA_157_158_159_SNP_N_GenomeWideSNP_6_G03_831478	19	55313000	55313817	2	-1.422
SERVO_p_TCGA_157_158_159_SNP_N_GenomeWideSNP_6_G03_831478	19	55314287	59097854	2320	-0.0418
SERVO_p_TCGA_157_158_159_SNP_N_GenomeWideSNP_6_G03_831478	20	61305	1560999	1207	0.3321
SERVO_p_TCGA_157_158_159_SNP_N_GenomeWideSNP_6_G03_831478	20	1561580	1593893	41	-0.4496
SERVO_p_TCGA_157_158_159_SNP_N_GenomeWideSNP_6_G03_831478	20	1597946	13579889	9257	0.3429
SERVO_p_TCGA_157_158_159_SNP_N_GenomeWideSNP_6_G03_831478	20	13580843	13844898	146	0.5952
SERVO_p_TCGA_157_158_159_SNP_N_GenomeWideSNP_6_G03_831478	20	13845726	15301374	1001	0.3231
SERVO_p_TCGA_157_158_159_SNP_N_GenomeWideSNP_6_G03_831478	20	15301902	15302374	3	-2.4363
SERVO_p_TCGA_157_158_159_SNP_N_GenomeWideSNP_6_G03_831478	20	15305258	29469374	8417	0.3904
SERVO_p_TCGA_157_158_159_SNP_N_GenomeWideSNP_6_G03_831478	20	29479840	29598227	32	0.6928
SERVO_p_TCGA_157_158_159_SNP_N_GenomeWideSNP_6_G03_831478	20	29598734	29648981	13	0.2926
SERVO_p_TCGA_157_158_159_SNP_N_GenomeWideSNP_6_G03_831478	20	29648997	40359519	5940	0.7301
SERVO_p_TCGA_157_158_159_SNP_N_GenomeWideSNP_6_G03_831478	20	40360023	40360784	6	0.1398
SERVO_p_TCGA_157_158_159_SNP_N_GenomeWideSNP_6_G03_831478	20	40361295	62956153	16432	0.7365
SERVO_p_TCGA_157_158_159_SNP_N_GenomeWideSNP_6_G03_831478	21	10736871	14436791	129	0.1741
SERVO_p_TCGA_157_158_159_SNP_N_GenomeWideSNP_6_G03_831478	21	14446712	14549965	19	-0.2548
SERVO_p_TCGA_157_158_159_SNP_N_GenomeWideSNP_6_G03_831478	21	14560710	14594235	14	0.0713
SERVO_p_TCGA_157_158_159_SNP_N_GenomeWideSNP_6_G03_831478	21	14595264	14600082	5	-0.9506
SERVO_p_TCGA_157_158_159_SNP_N_GenomeWideSNP_6_G03_831478	21	14612609	14770132	85	-0.328
SERVO_p_TCGA_157_158_159_SNP_N_GenomeWideSNP_6_G03_831478	21	14771728	14838857	43	-0.6289
SERVO_p_TCGA_157_158_159_SNP_N_GenomeWideSNP_6_G03_831478	21	14843717	24325983	6627	-0.4021
SERVO_p_TCGA_157_158_159_SNP_N_GenomeWideSNP_6_G03_831478	21	24326054	25513772	1006	-0.7344
SERVO_p_TCGA_157_158_159_SNP_N_GenomeWideSNP_6_G03_831478	21	25514090	36109499	7639	-0.3806
SERVO_p_TCGA_157_158_159_SNP_N_GenomeWideSNP_6_G03_831478	21	36111201	36234200	88	-1.2351
SERVO_p_TCGA_157_158_159_SNP_N_GenomeWideSNP_6_G03_831478	21	36237656	43864519	6230	-0.3482
SERVO_p_TCGA_157_158_159_SNP_N_GenomeWideSNP_6_G03_831478	21	43865297	43865773	2	-2.0777
SERVO_p_TCGA_157_158_159_SNP_N_GenomeWideSNP_6_G03_831478	21	43865916	48096957	2472	-0.3802
SERVO_p_TCGA_157_158_159_SNP_N_GenomeWideSNP_6_G03_831478	22	16052528	17024823	134	-0.3251
SERVO_p_TCGA_157_158_159_SNP_N_GenomeWideSNP_6_G03_831478	22	17026042	24268177	4418	-0.6362
SERVO_p_TCGA_157_158_159_SNP_N_GenomeWideSNP_6_G03_831478	22	24269430	24344422	44	-0.222
SERVO_p_TCGA_157_158_159_SNP_N_GenomeWideSNP_6_G03_831478	22	24350529	24370430	9	-1.1994
SERVO_p_TCGA_157_158_159_SNP_N_GenomeWideSNP_6_G03_831478	22	24371070	24385546	4	-3.5367
SERVO_p_TCGA_157_158_159_SNP_N_GenomeWideSNP_6_G03_831478	22	24386631	51234455	18807	-0.6205
SERVO_p_TCGA_157_158_159_SNP_N_GenomeWideSNP_6_G03_831478	X	168477	76349873	40103	0.0384
SERVO_p_TCGA_157_158_159_SNP_N_GenomeWideSNP_6_G03_831478	X	76353650	76514148	16	0.3618
SERVO_p_TCGA_157_158_159_SNP_N_GenomeWideSNP_6_G03_831478	X	76517352	76523952	2	2.0189
SERVO_p_TCGA_157_158_159_SNP_N_GenomeWideSNP_6_G03_831478	X	76545159	90968512	7575	-0.0061
SERVO_p_TCGA_157_158_159_SNP_N_GenomeWideSNP_6_G03_831478	X	90970506	90971771	8	-0.769
SERVO_p_TCGA_157_158_159_SNP_N_GenomeWideSNP_6_G03_831478	X	90971889	126436948	19830	0.0163
SERVO_p_TCGA_157_158_159_SNP_N_GenomeWideSNP_6_G03_831478	X	126445328	126445960	2	-1.9863
SERVO_p_TCGA_157_158_159_SNP_N_GenomeWideSNP_6_G03_831478	X	126446002	155182354	16969	-0.0032
SERVO_p_TCGA_157_158_159_SNP_N_GenomeWideSNP_6_G03_831478	Y	2650438	5944602	803	-2.3029
SERVO_p_TCGA_157_158_159_SNP_N_GenomeWideSNP_6_G03_831478	Y	5944603	6296423	152	-3.1172
SERVO_p_TCGA_157_158_159_SNP_N_GenomeWideSNP_6_G03_831478	Y	6299046	7399842	468	-2.6257
SERVO_p_TCGA_157_158_159_SNP_N_GenomeWideSNP_6_G03_831478	Y	7400746	9759564	1203	-2.9587
SERVO_p_TCGA_157_158_159_SNP_N_GenomeWideSNP_6_G03_831478	Y	9774614	15590276	951	-2.6715
SERVO_p_TCGA_157_158_159_SNP_N_GenomeWideSNP_6_G03_831478	Y	15590342	15594523	3	-7.4645
SERVO_p_TCGA_157_158_159_SNP_N_GenomeWideSNP_6_G03_831478	Y	15594889	19034392	1826	-2.8013
SERVO_p_TCGA_157_158_159_SNP_N_GenomeWideSNP_6_G03_831478	Y	19038302	21024613	928	-3.184
SERVO_p_TCGA_157_158_159_SNP_N_GenomeWideSNP_6_G03_831478	Y	21025062	23859163	1085	-2.8188
SERVO_p_TCGA_157_158_159_SNP_N_GenomeWideSNP_6_G03_831478	Y	23859468	26190025	506	-3.2339
SERVO_p_TCGA_157_158_159_SNP_N_GenomeWideSNP_6_G03_831478	Y	26193050	26408766	50	-2.71
SERVO_p_TCGA_157_158_159_SNP_N_GenomeWideSNP_6_G03_831478	Y	26409789	26417092	4	-4.6872
SERVO_p_TCGA_157_158_159_SNP_N_GenomeWideSNP_6_G03_831478	Y	26417501	26598702	39	-2.4307
SERVO_p_TCGA_157_158_159_SNP_N_GenomeWideSNP_6_G03_831478	Y	26604818	27367487	89	-3.6739
SERVO_p_TCGA_157_158_159_SNP_N_GenomeWideSNP_6_G03_831478	Y	27436702	27720551	92	-2.5242
SERVO_p_TCGA_157_158_159_SNP_N_GenomeWideSNP_6_G03_831478	Y	27721084	28452016	258	-3.3069
SERVO_p_TCGA_157_158_159_SNP_N_GenomeWideSNP_6_G03_831478	Y	28457337	59018259	176	-2.3492
