Sample	Chromosome	Start	End	Num_Probes	Segment_Mean
OWNED_p_TCGA_b102_105_SNP_N_GenomeWideSNP_6_F06_777114	1	61735	750334	44	0.1423
OWNED_p_TCGA_b102_105_SNP_N_GenomeWideSNP_6_F06_777114	1	752566	2059649	334	-0.3741
OWNED_p_TCGA_b102_105_SNP_N_GenomeWideSNP_6_F06_777114	1	2061969	2074104	4	-2.0161
OWNED_p_TCGA_b102_105_SNP_N_GenomeWideSNP_6_F06_777114	1	2075068	17005978	8358	-0.2789
OWNED_p_TCGA_b102_105_SNP_N_GenomeWideSNP_6_F06_777114	1	17011450	17012785	13	0.7527
OWNED_p_TCGA_b102_105_SNP_N_GenomeWideSNP_6_F06_777114	1	17016177	17190004	46	-0.1381
OWNED_p_TCGA_b102_105_SNP_N_GenomeWideSNP_6_F06_777114	1	17190862	17262232	61	0.4547
OWNED_p_TCGA_b102_105_SNP_N_GenomeWideSNP_6_F06_777114	1	17262247	25583341	5249	-0.2601
OWNED_p_TCGA_b102_105_SNP_N_GenomeWideSNP_6_F06_777114	1	25593128	25662212	31	0.2615
OWNED_p_TCGA_b102_105_SNP_N_GenomeWideSNP_6_F06_777114	1	25663310	72750353	28783	-0.2586
OWNED_p_TCGA_b102_105_SNP_N_GenomeWideSNP_6_F06_777114	1	72756113	72763370	9	-1.4037
OWNED_p_TCGA_b102_105_SNP_N_GenomeWideSNP_6_F06_777114	1	72768418	72811148	48	0.6593
OWNED_p_TCGA_b102_105_SNP_N_GenomeWideSNP_6_F06_777114	1	72811904	104159384	20048	-0.2658
OWNED_p_TCGA_b102_105_SNP_N_GenomeWideSNP_6_F06_777114	1	104163499	104268222	27	-0.8481
OWNED_p_TCGA_b102_105_SNP_N_GenomeWideSNP_6_F06_777114	1	104303403	106012754	918	-0.2436
OWNED_p_TCGA_b102_105_SNP_N_GenomeWideSNP_6_F06_777114	1	106013376	106022375	18	-1.6138
OWNED_p_TCGA_b102_105_SNP_N_GenomeWideSNP_6_F06_777114	1	106024055	110224427	2653	-0.2515
OWNED_p_TCGA_b102_105_SNP_N_GenomeWideSNP_6_F06_777114	1	110225642	110242953	31	0.7057
OWNED_p_TCGA_b102_105_SNP_N_GenomeWideSNP_6_F06_777114	1	110244998	113437110	2453	-0.2647
OWNED_p_TCGA_b102_105_SNP_N_GenomeWideSNP_6_F06_777114	1	113444110	113446860	2	-2.1943
OWNED_p_TCGA_b102_105_SNP_N_GenomeWideSNP_6_F06_777114	1	113448853	144914863	4813	-0.2553
OWNED_p_TCGA_b102_105_SNP_N_GenomeWideSNP_6_F06_777114	1	144916995	144921857	3	-1.3537
OWNED_p_TCGA_b102_105_SNP_N_GenomeWideSNP_6_F06_777114	1	144935489	152555706	2734	-0.1422
OWNED_p_TCGA_b102_105_SNP_N_GenomeWideSNP_6_F06_777114	1	152555767	152556414	6	0.8158
OWNED_p_TCGA_b102_105_SNP_N_GenomeWideSNP_6_F06_777114	1	152560284	152571360	6	-0.295
OWNED_p_TCGA_b102_105_SNP_N_GenomeWideSNP_6_F06_777114	1	152571717	152586238	18	0.8606
OWNED_p_TCGA_b102_105_SNP_N_GenomeWideSNP_6_F06_777114	1	152586278	152759678	175	-0.1643
OWNED_p_TCGA_b102_105_SNP_N_GenomeWideSNP_6_F06_777114	1	152761923	152768700	37	0.2964
OWNED_p_TCGA_b102_105_SNP_N_GenomeWideSNP_6_F06_777114	1	152773905	155661227	1555	-0.1329
OWNED_p_TCGA_b102_105_SNP_N_GenomeWideSNP_6_F06_777114	1	155661971	155666961	3	-1.818
OWNED_p_TCGA_b102_105_SNP_N_GenomeWideSNP_6_F06_777114	1	155667102	168484694	9099	-0.1555
OWNED_p_TCGA_b102_105_SNP_N_GenomeWideSNP_6_F06_777114	1	168488995	168489176	2	-1.7337
OWNED_p_TCGA_b102_105_SNP_N_GenomeWideSNP_6_F06_777114	1	168489483	182783894	9654	-0.1516
OWNED_p_TCGA_b102_105_SNP_N_GenomeWideSNP_6_F06_777114	1	182784119	182784139	2	-1.9054
OWNED_p_TCGA_b102_105_SNP_N_GenomeWideSNP_6_F06_777114	1	182788064	189648157	4455	-0.1711
OWNED_p_TCGA_b102_105_SNP_N_GenomeWideSNP_6_F06_777114	1	189648483	189648527	2	-1.8064
OWNED_p_TCGA_b102_105_SNP_N_GenomeWideSNP_6_F06_777114	1	189652047	196714873	4737	-0.1591
OWNED_p_TCGA_b102_105_SNP_N_GenomeWideSNP_6_F06_777114	1	196727850	196815791	96	-0.6146
OWNED_p_TCGA_b102_105_SNP_N_GenomeWideSNP_6_F06_777114	1	196816730	199111363	1377	-0.1692
OWNED_p_TCGA_b102_105_SNP_N_GenomeWideSNP_6_F06_777114	1	199111426	199113840	8	-1.0784
OWNED_p_TCGA_b102_105_SNP_N_GenomeWideSNP_6_F06_777114	1	199114238	235001174	24542	-0.1585
OWNED_p_TCGA_b102_105_SNP_N_GenomeWideSNP_6_F06_777114	1	235005122	235005510	2	-2.087
OWNED_p_TCGA_b102_105_SNP_N_GenomeWideSNP_6_F06_777114	1	235007056	248162950	9459	-0.174
OWNED_p_TCGA_b102_105_SNP_N_GenomeWideSNP_6_F06_777114	1	248163188	248165702	2	-2.3061
OWNED_p_TCGA_b102_105_SNP_N_GenomeWideSNP_6_F06_777114	1	248171576	248687845	282	-0.1963
OWNED_p_TCGA_b102_105_SNP_N_GenomeWideSNP_6_F06_777114	1	248688160	248688615	5	-2.0876
OWNED_p_TCGA_b102_105_SNP_N_GenomeWideSNP_6_F06_777114	1	248697391	249224388	186	-0.2011
OWNED_p_TCGA_b102_105_SNP_N_GenomeWideSNP_6_F06_777114	2	12784	29641200	20649	0.1893
OWNED_p_TCGA_b102_105_SNP_N_GenomeWideSNP_6_F06_777114	2	29641874	29644222	8	-1.611
OWNED_p_TCGA_b102_105_SNP_N_GenomeWideSNP_6_F06_777114	2	29644595	37986275	5929	0.1776
OWNED_p_TCGA_b102_105_SNP_N_GenomeWideSNP_6_F06_777114	2	37986276	37994582	8	-0.4066
OWNED_p_TCGA_b102_105_SNP_N_GenomeWideSNP_6_F06_777114	2	37994958	42307621	3302	0.1974
OWNED_p_TCGA_b102_105_SNP_N_GenomeWideSNP_6_F06_777114	2	42308536	42308537	2	-1.5104
OWNED_p_TCGA_b102_105_SNP_N_GenomeWideSNP_6_F06_777114	2	42308573	42323256	14	0.2396
OWNED_p_TCGA_b102_105_SNP_N_GenomeWideSNP_6_F06_777114	2	42324553	42325056	2	-1.5797
OWNED_p_TCGA_b102_105_SNP_N_GenomeWideSNP_6_F06_777114	2	42329329	51436259	6348	0.1969
OWNED_p_TCGA_b102_105_SNP_N_GenomeWideSNP_6_F06_777114	2	51436607	51437462	3	-0.9508
OWNED_p_TCGA_b102_105_SNP_N_GenomeWideSNP_6_F06_777114	2	51438320	51487694	35	0.1211
OWNED_p_TCGA_b102_105_SNP_N_GenomeWideSNP_6_F06_777114	2	51490709	51491384	3	-1.7946
OWNED_p_TCGA_b102_105_SNP_N_GenomeWideSNP_6_F06_777114	2	51491859	52741737	851	0.151
OWNED_p_TCGA_b102_105_SNP_N_GenomeWideSNP_6_F06_777114	2	52743925	52781542	41	0.6121
OWNED_p_TCGA_b102_105_SNP_N_GenomeWideSNP_6_F06_777114	2	52787949	56318815	2581	0.1883
OWNED_p_TCGA_b102_105_SNP_N_GenomeWideSNP_6_F06_777114	2	56325446	56328028	4	-0.9051
OWNED_p_TCGA_b102_105_SNP_N_GenomeWideSNP_6_F06_777114	2	56328648	65718815	5662	0.1784
OWNED_p_TCGA_b102_105_SNP_N_GenomeWideSNP_6_F06_777114	2	65719839	65719941	2	-1.104
OWNED_p_TCGA_b102_105_SNP_N_GenomeWideSNP_6_F06_777114	2	65723956	77976698	8050	0.1855
OWNED_p_TCGA_b102_105_SNP_N_GenomeWideSNP_6_F06_777114	2	77976713	77989386	11	-0.6084
OWNED_p_TCGA_b102_105_SNP_N_GenomeWideSNP_6_F06_777114	2	77989464	87302107	5687	0.1788
OWNED_p_TCGA_b102_105_SNP_N_GenomeWideSNP_6_F06_777114	2	87306948	87309263	2	-1.4058
OWNED_p_TCGA_b102_105_SNP_N_GenomeWideSNP_6_F06_777114	2	87309834	130355506	21687	0.1747
OWNED_p_TCGA_b102_105_SNP_N_GenomeWideSNP_6_F06_777114	2	130355930	130356527	3	-2.1448
OWNED_p_TCGA_b102_105_SNP_N_GenomeWideSNP_6_F06_777114	2	130358931	132219998	753	0.1566
OWNED_p_TCGA_b102_105_SNP_N_GenomeWideSNP_6_F06_777114	2	132221406	132226368	5	-0.923
OWNED_p_TCGA_b102_105_SNP_N_GenomeWideSNP_6_F06_777114	2	132226792	133061959	279	0.1679
OWNED_p_TCGA_b102_105_SNP_N_GenomeWideSNP_6_F06_777114	2	133064390	133114639	20	0.7396
OWNED_p_TCGA_b102_105_SNP_N_GenomeWideSNP_6_F06_777114	2	133115037	146865183	8851	0.1574
OWNED_p_TCGA_b102_105_SNP_N_GenomeWideSNP_6_F06_777114	2	146865243	146866934	16	0.8334
OWNED_p_TCGA_b102_105_SNP_N_GenomeWideSNP_6_F06_777114	2	146877806	180413371	20503	0.183
OWNED_p_TCGA_b102_105_SNP_N_GenomeWideSNP_6_F06_777114	2	180418211	180422137	30	-1.2242
OWNED_p_TCGA_b102_105_SNP_N_GenomeWideSNP_6_F06_777114	2	180425643	185244063	3104	0.1762
OWNED_p_TCGA_b102_105_SNP_N_GenomeWideSNP_6_F06_777114	2	185257053	185264965	16	-0.6405
OWNED_p_TCGA_b102_105_SNP_N_GenomeWideSNP_6_F06_777114	2	185265274	203293091	10153	0.1839
OWNED_p_TCGA_b102_105_SNP_N_GenomeWideSNP_6_F06_777114	2	203295775	203312201	41	-0.8912
OWNED_p_TCGA_b102_105_SNP_N_GenomeWideSNP_6_F06_777114	2	203313482	243089456	25263	0.1754
OWNED_p_TCGA_b102_105_SNP_N_GenomeWideSNP_6_F06_777114	3	60345	10187081	8628	0.1683
OWNED_p_TCGA_b102_105_SNP_N_GenomeWideSNP_6_F06_777114	3	10187301	10191045	2	-1.3112
OWNED_p_TCGA_b102_105_SNP_N_GenomeWideSNP_6_F06_777114	3	10191172	36283731	17906	0.1818
OWNED_p_TCGA_b102_105_SNP_N_GenomeWideSNP_6_F06_777114	3	36283957	36297788	18	-0.4857
OWNED_p_TCGA_b102_105_SNP_N_GenomeWideSNP_6_F06_777114	3	36297958	46793377	6658	0.2052
OWNED_p_TCGA_b102_105_SNP_N_GenomeWideSNP_6_F06_777114	3	46801817	46849589	40	-2.0427
OWNED_p_TCGA_b102_105_SNP_N_GenomeWideSNP_6_F06_777114	3	46859479	60174266	7677	0.1906
OWNED_p_TCGA_b102_105_SNP_N_GenomeWideSNP_6_F06_777114	3	60174310	60685603	534	-0.109
OWNED_p_TCGA_b102_105_SNP_N_GenomeWideSNP_6_F06_777114	3	60685934	62710600	1771	0.1649
OWNED_p_TCGA_b102_105_SNP_N_GenomeWideSNP_6_F06_777114	3	62712682	62715860	8	-0.7108
OWNED_p_TCGA_b102_105_SNP_N_GenomeWideSNP_6_F06_777114	3	62715908	75690319	9544	0.1848
OWNED_p_TCGA_b102_105_SNP_N_GenomeWideSNP_6_F06_777114	3	75695529	75726912	10	-0.3902
OWNED_p_TCGA_b102_105_SNP_N_GenomeWideSNP_6_F06_777114	3	75726925	82108781	3661	0.167
OWNED_p_TCGA_b102_105_SNP_N_GenomeWideSNP_6_F06_777114	3	82111352	82113189	3	-1.2025
OWNED_p_TCGA_b102_105_SNP_N_GenomeWideSNP_6_F06_777114	3	82113892	114655782	16826	0.1642
OWNED_p_TCGA_b102_105_SNP_N_GenomeWideSNP_6_F06_777114	3	114660592	114668950	7	-2.19
OWNED_p_TCGA_b102_105_SNP_N_GenomeWideSNP_6_F06_777114	3	114669018	162504667	29574	0.1758
OWNED_p_TCGA_b102_105_SNP_N_GenomeWideSNP_6_F06_777114	3	162506530	162530870	19	-0.2264
OWNED_p_TCGA_b102_105_SNP_N_GenomeWideSNP_6_F06_777114	3	162532950	162540490	7	-0.8532
OWNED_p_TCGA_b102_105_SNP_N_GenomeWideSNP_6_F06_777114	3	162545716	162628679	53	-0.1866
OWNED_p_TCGA_b102_105_SNP_N_GenomeWideSNP_6_F06_777114	3	162628799	192475024	18899	0.1756
OWNED_p_TCGA_b102_105_SNP_N_GenomeWideSNP_6_F06_777114	3	192475259	192475293	2	-1.0715
OWNED_p_TCGA_b102_105_SNP_N_GenomeWideSNP_6_F06_777114	3	192480758	192877902	280	0.1558
OWNED_p_TCGA_b102_105_SNP_N_GenomeWideSNP_6_F06_777114	3	192877962	192882903	19	0.9851
OWNED_p_TCGA_b102_105_SNP_N_GenomeWideSNP_6_F06_777114	3	192886435	195456048	1521	0.214
OWNED_p_TCGA_b102_105_SNP_N_GenomeWideSNP_6_F06_777114	3	195456889	195474763	11	1.0751
OWNED_p_TCGA_b102_105_SNP_N_GenomeWideSNP_6_F06_777114	3	195478694	197896118	1174	0.1914
OWNED_p_TCGA_b102_105_SNP_N_GenomeWideSNP_6_F06_777114	4	12281	9456977	5240	-0.1751
OWNED_p_TCGA_b102_105_SNP_N_GenomeWideSNP_6_F06_777114	4	9461230	9479345	9	0.9054
OWNED_p_TCGA_b102_105_SNP_N_GenomeWideSNP_6_F06_777114	4	9486087	10210390	544	-0.1374
OWNED_p_TCGA_b102_105_SNP_N_GenomeWideSNP_6_F06_777114	4	10223416	10223848	3	1.6903
OWNED_p_TCGA_b102_105_SNP_N_GenomeWideSNP_6_F06_777114	4	10228783	10244613	39	0.1721
OWNED_p_TCGA_b102_105_SNP_N_GenomeWideSNP_6_F06_777114	4	10244955	10376057	153	-0.1442
OWNED_p_TCGA_b102_105_SNP_N_GenomeWideSNP_6_F06_777114	4	10378635	10400668	27	0.1612
OWNED_p_TCGA_b102_105_SNP_N_GenomeWideSNP_6_F06_777114	4	10402718	20560593	7391	-0.1675
OWNED_p_TCGA_b102_105_SNP_N_GenomeWideSNP_6_F06_777114	4	20560688	20568689	39	-0.6899
OWNED_p_TCGA_b102_105_SNP_N_GenomeWideSNP_6_F06_777114	4	20568893	21368693	576	-0.1821
OWNED_p_TCGA_b102_105_SNP_N_GenomeWideSNP_6_F06_777114	4	21372003	21385209	17	-0.6775
OWNED_p_TCGA_b102_105_SNP_N_GenomeWideSNP_6_F06_777114	4	21385254	23279975	1280	-0.177
OWNED_p_TCGA_b102_105_SNP_N_GenomeWideSNP_6_F06_777114	4	23280113	23280120	2	-2.7481
OWNED_p_TCGA_b102_105_SNP_N_GenomeWideSNP_6_F06_777114	4	23280435	34786990	7475	-0.1792
OWNED_p_TCGA_b102_105_SNP_N_GenomeWideSNP_6_F06_777114	4	34787149	34824725	35	0.1313
OWNED_p_TCGA_b102_105_SNP_N_GenomeWideSNP_6_F06_777114	4	34829872	43206626	5564	-0.1594
OWNED_p_TCGA_b102_105_SNP_N_GenomeWideSNP_6_F06_777114	4	43206669	43206728	2	-1.7667
OWNED_p_TCGA_b102_105_SNP_N_GenomeWideSNP_6_F06_777114	4	43207754	44012667	465	-0.1323
OWNED_p_TCGA_b102_105_SNP_N_GenomeWideSNP_6_F06_777114	4	44016920	44025746	5	-1.2081
OWNED_p_TCGA_b102_105_SNP_N_GenomeWideSNP_6_F06_777114	4	44026404	69360488	13409	-0.1681
OWNED_p_TCGA_b102_105_SNP_N_GenomeWideSNP_6_F06_777114	4	69360489	69540025	75	0.2433
OWNED_p_TCGA_b102_105_SNP_N_GenomeWideSNP_6_F06_777114	4	69551744	138092239	40949	-0.234
OWNED_p_TCGA_b102_105_SNP_N_GenomeWideSNP_6_F06_777114	4	138092420	138093414	14	-1.0285
OWNED_p_TCGA_b102_105_SNP_N_GenomeWideSNP_6_F06_777114	4	138094958	151876351	8391	-0.2561
OWNED_p_TCGA_b102_105_SNP_N_GenomeWideSNP_6_F06_777114	4	151876406	151884306	23	-1.6261
OWNED_p_TCGA_b102_105_SNP_N_GenomeWideSNP_6_F06_777114	4	151884310	172369346	13023	-0.2606
OWNED_p_TCGA_b102_105_SNP_N_GenomeWideSNP_6_F06_777114	4	172374884	172377710	10	1.1405
OWNED_p_TCGA_b102_105_SNP_N_GenomeWideSNP_6_F06_777114	4	172377724	173422522	637	-0.2711
OWNED_p_TCGA_b102_105_SNP_N_GenomeWideSNP_6_F06_777114	4	173424947	173428643	7	1.111
OWNED_p_TCGA_b102_105_SNP_N_GenomeWideSNP_6_F06_777114	4	173441132	191027923	11861	-0.2804
OWNED_p_TCGA_b102_105_SNP_N_GenomeWideSNP_6_F06_777114	5	15532	12791720	10211	0.2224
OWNED_p_TCGA_b102_105_SNP_N_GenomeWideSNP_6_F06_777114	5	12800889	12826650	12	0.9584
OWNED_p_TCGA_b102_105_SNP_N_GenomeWideSNP_6_F06_777114	5	12833857	17347706	3075	0.2632
OWNED_p_TCGA_b102_105_SNP_N_GenomeWideSNP_6_F06_777114	5	17348222	17350614	2	-2.1339
OWNED_p_TCGA_b102_105_SNP_N_GenomeWideSNP_6_F06_777114	5	17353262	33580181	10019	0.2067
OWNED_p_TCGA_b102_105_SNP_N_GenomeWideSNP_6_F06_777114	5	33580754	33581383	2	-2.7352
OWNED_p_TCGA_b102_105_SNP_N_GenomeWideSNP_6_F06_777114	5	33582157	49432831	7488	0.2421
OWNED_p_TCGA_b102_105_SNP_N_GenomeWideSNP_6_F06_777114	5	49441958	155475105	65326	-0.2581
OWNED_p_TCGA_b102_105_SNP_N_GenomeWideSNP_6_F06_777114	5	155476772	155495250	15	-0.7887
OWNED_p_TCGA_b102_105_SNP_N_GenomeWideSNP_6_F06_777114	5	155495253	180374523	16608	-0.2724
OWNED_p_TCGA_b102_105_SNP_N_GenomeWideSNP_6_F06_777114	5	180378710	180442441	22	0.2767
OWNED_p_TCGA_b102_105_SNP_N_GenomeWideSNP_6_F06_777114	5	180442920	180790320	165	-0.3328
OWNED_p_TCGA_b102_105_SNP_N_GenomeWideSNP_6_F06_777114	6	149661	254283	101	0.2844
OWNED_p_TCGA_b102_105_SNP_N_GenomeWideSNP_6_F06_777114	6	257353	361155	84	0.5704
OWNED_p_TCGA_b102_105_SNP_N_GenomeWideSNP_6_F06_777114	6	364420	9174777	7213	0.3098
OWNED_p_TCGA_b102_105_SNP_N_GenomeWideSNP_6_F06_777114	6	9174792	9244211	12	-0.2677
OWNED_p_TCGA_b102_105_SNP_N_GenomeWideSNP_6_F06_777114	6	9257157	17436126	6161	0.307
OWNED_p_TCGA_b102_105_SNP_N_GenomeWideSNP_6_F06_777114	6	17440218	17440459	3	-1.6533
OWNED_p_TCGA_b102_105_SNP_N_GenomeWideSNP_6_F06_777114	6	17442059	26738777	6692	0.3033
OWNED_p_TCGA_b102_105_SNP_N_GenomeWideSNP_6_F06_777114	6	26738903	26755915	11	-0.3594
OWNED_p_TCGA_b102_105_SNP_N_GenomeWideSNP_6_F06_777114	6	26758030	29837072	1447	0.2801
OWNED_p_TCGA_b102_105_SNP_N_GenomeWideSNP_6_F06_777114	6	29837187	29849267	16	-0.5113
OWNED_p_TCGA_b102_105_SNP_N_GenomeWideSNP_6_F06_777114	6	29850196	31277686	672	0.3368
OWNED_p_TCGA_b102_105_SNP_N_GenomeWideSNP_6_F06_777114	6	31280823	31296451	12	-0.7352
OWNED_p_TCGA_b102_105_SNP_N_GenomeWideSNP_6_F06_777114	6	31309924	32431292	502	0.3012
OWNED_p_TCGA_b102_105_SNP_N_GenomeWideSNP_6_F06_777114	6	32431552	32602107	59	-0.1989
OWNED_p_TCGA_b102_105_SNP_N_GenomeWideSNP_6_F06_777114	6	32602269	32678973	39	0.3783
OWNED_p_TCGA_b102_105_SNP_N_GenomeWideSNP_6_F06_777114	6	32678999	32703162	30	0.049
OWNED_p_TCGA_b102_105_SNP_N_GenomeWideSNP_6_F06_777114	6	32711655	32751614	40	0.3447
OWNED_p_TCGA_b102_105_SNP_N_GenomeWideSNP_6_F06_777114	6	32751962	32752139	3	-0.9168
OWNED_p_TCGA_b102_105_SNP_N_GenomeWideSNP_6_F06_777114	6	32759252	33937999	711	0.3231
OWNED_p_TCGA_b102_105_SNP_N_GenomeWideSNP_6_F06_777114	6	33938743	33942705	7	-1.4767
OWNED_p_TCGA_b102_105_SNP_N_GenomeWideSNP_6_F06_777114	6	33944586	65336942	17274	0.3061
OWNED_p_TCGA_b102_105_SNP_N_GenomeWideSNP_6_F06_777114	6	65347544	65350776	3	1.302
OWNED_p_TCGA_b102_105_SNP_N_GenomeWideSNP_6_F06_777114	6	65350813	66805758	976	0.2674
OWNED_p_TCGA_b102_105_SNP_N_GenomeWideSNP_6_F06_777114	6	66808209	66808378	3	-1.168
OWNED_p_TCGA_b102_105_SNP_N_GenomeWideSNP_6_F06_777114	6	66809148	74591801	5182	0.2711
OWNED_p_TCGA_b102_105_SNP_N_GenomeWideSNP_6_F06_777114	6	74591858	74601410	11	1.1787
OWNED_p_TCGA_b102_105_SNP_N_GenomeWideSNP_6_F06_777114	6	74603555	85346487	6894	0.3041
OWNED_p_TCGA_b102_105_SNP_N_GenomeWideSNP_6_F06_777114	6	85347130	85347257	3	-0.8176
OWNED_p_TCGA_b102_105_SNP_N_GenomeWideSNP_6_F06_777114	6	85349264	93574342	5220	0.294
OWNED_p_TCGA_b102_105_SNP_N_GenomeWideSNP_6_F06_777114	6	93575866	93576467	11	-1.3064
OWNED_p_TCGA_b102_105_SNP_N_GenomeWideSNP_6_F06_777114	6	93576889	93577977	11	-0.8092
OWNED_p_TCGA_b102_105_SNP_N_GenomeWideSNP_6_F06_777114	6	93578028	93578630	9	-1.4485
OWNED_p_TCGA_b102_105_SNP_N_GenomeWideSNP_6_F06_777114	6	93582923	103747610	6226	0.2758
OWNED_p_TCGA_b102_105_SNP_N_GenomeWideSNP_6_F06_777114	6	103747730	103762061	31	0.7978
OWNED_p_TCGA_b102_105_SNP_N_GenomeWideSNP_6_F06_777114	6	103765470	115379075	7314	0.3161
OWNED_p_TCGA_b102_105_SNP_N_GenomeWideSNP_6_F06_777114	6	115379160	115407973	3	-0.934
OWNED_p_TCGA_b102_105_SNP_N_GenomeWideSNP_6_F06_777114	6	115408571	126182763	6573	0.2826
OWNED_p_TCGA_b102_105_SNP_N_GenomeWideSNP_6_F06_777114	6	126183692	126186776	3	-0.8942
OWNED_p_TCGA_b102_105_SNP_N_GenomeWideSNP_6_F06_777114	6	126188893	139601031	8881	0.3242
OWNED_p_TCGA_b102_105_SNP_N_GenomeWideSNP_6_F06_777114	6	139605327	139605757	2	-1.1869
OWNED_p_TCGA_b102_105_SNP_N_GenomeWideSNP_6_F06_777114	6	139608603	162517497	15385	0.2963
OWNED_p_TCGA_b102_105_SNP_N_GenomeWideSNP_6_F06_777114	6	162517874	163023850	401	-0.001
OWNED_p_TCGA_b102_105_SNP_N_GenomeWideSNP_6_F06_777114	6	163025361	164448169	1095	0.2392
OWNED_p_TCGA_b102_105_SNP_N_GenomeWideSNP_6_F06_777114	6	164448361	164451565	4	-0.915
OWNED_p_TCGA_b102_105_SNP_N_GenomeWideSNP_6_F06_777114	6	164457256	170919495	4548	0.2977
OWNED_p_TCGA_b102_105_SNP_N_GenomeWideSNP_6_F06_777114	6	170982327	171051005	4	0.8248
OWNED_p_TCGA_b102_105_SNP_N_GenomeWideSNP_6_F06_777114	7	43355	4412406	2297	0.196
OWNED_p_TCGA_b102_105_SNP_N_GenomeWideSNP_6_F06_777114	7	4416948	4418872	7	-0.6299
OWNED_p_TCGA_b102_105_SNP_N_GenomeWideSNP_6_F06_777114	7	4421461	5936900	763	0.2119
OWNED_p_TCGA_b102_105_SNP_N_GenomeWideSNP_6_F06_777114	7	5940039	5950828	3	1.2904
OWNED_p_TCGA_b102_105_SNP_N_GenomeWideSNP_6_F06_777114	7	5956259	6837068	359	0.2242
OWNED_p_TCGA_b102_105_SNP_N_GenomeWideSNP_6_F06_777114	7	6838724	6867078	7	-1.3761
OWNED_p_TCGA_b102_105_SNP_N_GenomeWideSNP_6_F06_777114	7	6867642	64568852	38248	0.202
OWNED_p_TCGA_b102_105_SNP_N_GenomeWideSNP_6_F06_777114	7	64594065	64651349	10	-0.492
OWNED_p_TCGA_b102_105_SNP_N_GenomeWideSNP_6_F06_777114	7	64651640	98559073	19585	0.1918
OWNED_p_TCGA_b102_105_SNP_N_GenomeWideSNP_6_F06_777114	7	98559241	98607865	38	0.452
OWNED_p_TCGA_b102_105_SNP_N_GenomeWideSNP_6_F06_777114	7	98608202	100325189	673	0.2186
OWNED_p_TCGA_b102_105_SNP_N_GenomeWideSNP_6_F06_777114	7	100329244	100332842	3	-0.6706
OWNED_p_TCGA_b102_105_SNP_N_GenomeWideSNP_6_F06_777114	7	100351005	102349185	788	0.2112
OWNED_p_TCGA_b102_105_SNP_N_GenomeWideSNP_6_F06_777114	7	102351847	102357598	9	-0.3181
OWNED_p_TCGA_b102_105_SNP_N_GenomeWideSNP_6_F06_777114	7	102357765	119153342	10457	0.204
OWNED_p_TCGA_b102_105_SNP_N_GenomeWideSNP_6_F06_777114	7	119156523	119162447	11	-0.4632
OWNED_p_TCGA_b102_105_SNP_N_GenomeWideSNP_6_F06_777114	7	119162730	126045556	4144	0.1856
OWNED_p_TCGA_b102_105_SNP_N_GenomeWideSNP_6_F06_777114	7	126045651	126046615	10	-1.0379
OWNED_p_TCGA_b102_105_SNP_N_GenomeWideSNP_6_F06_777114	7	126046876	133785211	4707	0.2092
OWNED_p_TCGA_b102_105_SNP_N_GenomeWideSNP_6_F06_777114	7	133785309	133799197	33	-0.3098
OWNED_p_TCGA_b102_105_SNP_N_GenomeWideSNP_6_F06_777114	7	133806244	140193013	4099	0.2042
OWNED_p_TCGA_b102_105_SNP_N_GenomeWideSNP_6_F06_777114	7	140193035	140199012	11	-0.7975
OWNED_p_TCGA_b102_105_SNP_N_GenomeWideSNP_6_F06_777114	7	140206602	141770129	1084	0.2079
OWNED_p_TCGA_b102_105_SNP_N_GenomeWideSNP_6_F06_777114	7	141770161	141790183	34	0.5741
OWNED_p_TCGA_b102_105_SNP_N_GenomeWideSNP_6_F06_777114	7	141790203	142474653	453	0.2436
OWNED_p_TCGA_b102_105_SNP_N_GenomeWideSNP_6_F06_777114	7	142474939	142479807	10	1.3032
OWNED_p_TCGA_b102_105_SNP_N_GenomeWideSNP_6_F06_777114	7	142483351	142486045	18	0.6947
OWNED_p_TCGA_b102_105_SNP_N_GenomeWideSNP_6_F06_777114	7	142486115	143217246	467	0.2362
OWNED_p_TCGA_b102_105_SNP_N_GenomeWideSNP_6_F06_777114	7	143218408	143584711	111	0.5071
OWNED_p_TCGA_b102_105_SNP_N_GenomeWideSNP_6_F06_777114	7	143585120	143873952	260	0.1888
OWNED_p_TCGA_b102_105_SNP_N_GenomeWideSNP_6_F06_777114	7	143896252	143909445	5	-0.7057
OWNED_p_TCGA_b102_105_SNP_N_GenomeWideSNP_6_F06_777114	7	143911624	156385674	8095	0.1938
OWNED_p_TCGA_b102_105_SNP_N_GenomeWideSNP_6_F06_777114	7	156391790	156394908	5	-0.7857
OWNED_p_TCGA_b102_105_SNP_N_GenomeWideSNP_6_F06_777114	7	156395030	158117595	990	0.2128
OWNED_p_TCGA_b102_105_SNP_N_GenomeWideSNP_6_F06_777114	7	158128588	158132165	2	1.5326
OWNED_p_TCGA_b102_105_SNP_N_GenomeWideSNP_6_F06_777114	7	158136986	159127004	638	0.2101
OWNED_p_TCGA_b102_105_SNP_N_GenomeWideSNP_6_F06_777114	8	31254	113380	4	0.5694
OWNED_p_TCGA_b102_105_SNP_N_GenomeWideSNP_6_F06_777114	8	158062	2247827	1644	-0.2689
OWNED_p_TCGA_b102_105_SNP_N_GenomeWideSNP_6_F06_777114	8	2254638	2259358	12	-1.7722
OWNED_p_TCGA_b102_105_SNP_N_GenomeWideSNP_6_F06_777114	8	2270328	24974577	20124	-0.2411
OWNED_p_TCGA_b102_105_SNP_N_GenomeWideSNP_6_F06_777114	8	24975500	24984333	23	-1.0118
OWNED_p_TCGA_b102_105_SNP_N_GenomeWideSNP_6_F06_777114	8	24991104	36068854	7315	-0.2159
OWNED_p_TCGA_b102_105_SNP_N_GenomeWideSNP_6_F06_777114	8	36072563	36077139	5	-1.0395
OWNED_p_TCGA_b102_105_SNP_N_GenomeWideSNP_6_F06_777114	8	36078341	36293730	116	-0.1966
OWNED_p_TCGA_b102_105_SNP_N_GenomeWideSNP_6_F06_777114	8	36294080	36294501	3	-1.4953
OWNED_p_TCGA_b102_105_SNP_N_GenomeWideSNP_6_F06_777114	8	36294717	39230659	1581	-0.1763
OWNED_p_TCGA_b102_105_SNP_N_GenomeWideSNP_6_F06_777114	8	39235603	39375158	52	-0.5195
OWNED_p_TCGA_b102_105_SNP_N_GenomeWideSNP_6_F06_777114	8	39379667	46912314	2596	-0.2235
OWNED_p_TCGA_b102_105_SNP_N_GenomeWideSNP_6_F06_777114	8	46919273	62838061	9822	0.2477
OWNED_p_TCGA_b102_105_SNP_N_GenomeWideSNP_6_F06_777114	8	62838152	62839916	3	-1.2686
OWNED_p_TCGA_b102_105_SNP_N_GenomeWideSNP_6_F06_777114	8	62840483	68547669	3125	0.2514
OWNED_p_TCGA_b102_105_SNP_N_GenomeWideSNP_6_F06_777114	8	68548132	68548400	6	-0.5631
OWNED_p_TCGA_b102_105_SNP_N_GenomeWideSNP_6_F06_777114	8	68548491	72212365	2356	0.2304
OWNED_p_TCGA_b102_105_SNP_N_GenomeWideSNP_6_F06_777114	8	72215311	72216599	9	-0.8736
OWNED_p_TCGA_b102_105_SNP_N_GenomeWideSNP_6_F06_777114	8	72219863	115631436	25937	0.2471
OWNED_p_TCGA_b102_105_SNP_N_GenomeWideSNP_6_F06_777114	8	115632043	115635701	14	-1.0037
OWNED_p_TCGA_b102_105_SNP_N_GenomeWideSNP_6_F06_777114	8	115638350	115640988	11	-0.3495
OWNED_p_TCGA_b102_105_SNP_N_GenomeWideSNP_6_F06_777114	8	115641002	115641731	11	-0.9929
OWNED_p_TCGA_b102_105_SNP_N_GenomeWideSNP_6_F06_777114	8	115650697	137384947	15684	0.2654
OWNED_p_TCGA_b102_105_SNP_N_GenomeWideSNP_6_F06_777114	8	137385957	137386384	2	-0.9906
OWNED_p_TCGA_b102_105_SNP_N_GenomeWideSNP_6_F06_777114	8	137387786	137693183	212	0.2675
OWNED_p_TCGA_b102_105_SNP_N_GenomeWideSNP_6_F06_777114	8	137697460	137704008	5	-1.2406
OWNED_p_TCGA_b102_105_SNP_N_GenomeWideSNP_6_F06_777114	8	137705905	143126171	4013	0.2531
OWNED_p_TCGA_b102_105_SNP_N_GenomeWideSNP_6_F06_777114	8	143126970	143145505	12	-0.2455
OWNED_p_TCGA_b102_105_SNP_N_GenomeWideSNP_6_F06_777114	8	143145547	146298155	1127	0.2765
OWNED_p_TCGA_b102_105_SNP_N_GenomeWideSNP_6_F06_777114	9	46587	592306	482	0.0032
OWNED_p_TCGA_b102_105_SNP_N_GenomeWideSNP_6_F06_777114	9	592552	592567	2	-1.5282
OWNED_p_TCGA_b102_105_SNP_N_GenomeWideSNP_6_F06_777114	9	592718	602903	28	0.0848
OWNED_p_TCGA_b102_105_SNP_N_GenomeWideSNP_6_F06_777114	9	606699	606961	4	-1.1649
OWNED_p_TCGA_b102_105_SNP_N_GenomeWideSNP_6_F06_777114	9	607307	5079156	4731	-0.0134
OWNED_p_TCGA_b102_105_SNP_N_GenomeWideSNP_6_F06_777114	9	5081416	5081953	10	0.5654
OWNED_p_TCGA_b102_105_SNP_N_GenomeWideSNP_6_F06_777114	9	5082995	5106023	20	-0.0418
OWNED_p_TCGA_b102_105_SNP_N_GenomeWideSNP_6_F06_777114	9	5106680	5110240	26	-0.9152
OWNED_p_TCGA_b102_105_SNP_N_GenomeWideSNP_6_F06_777114	9	5115779	12248679	6166	-0.0408
OWNED_p_TCGA_b102_105_SNP_N_GenomeWideSNP_6_F06_777114	9	12249026	12249277	2	-2.1386
OWNED_p_TCGA_b102_105_SNP_N_GenomeWideSNP_6_F06_777114	9	12253254	34649050	17078	-0.0954
OWNED_p_TCGA_b102_105_SNP_N_GenomeWideSNP_6_F06_777114	9	34649442	34649455	2	-2.1353
OWNED_p_TCGA_b102_105_SNP_N_GenomeWideSNP_6_F06_777114	9	34652897	38994130	2609	-0.0838
OWNED_p_TCGA_b102_105_SNP_N_GenomeWideSNP_6_F06_777114	9	38996103	38996748	3	-1.3226
OWNED_p_TCGA_b102_105_SNP_N_GenomeWideSNP_6_F06_777114	9	39011602	105014373	24444	-0.0897
OWNED_p_TCGA_b102_105_SNP_N_GenomeWideSNP_6_F06_777114	9	105016455	105016500	2	-2.3595
OWNED_p_TCGA_b102_105_SNP_N_GenomeWideSNP_6_F06_777114	9	105016617	106566497	1060	-0.1065
OWNED_p_TCGA_b102_105_SNP_N_GenomeWideSNP_6_F06_777114	9	106568696	106569290	2	-2.224
OWNED_p_TCGA_b102_105_SNP_N_GenomeWideSNP_6_F06_777114	9	106570702	107361710	630	-0.1025
OWNED_p_TCGA_b102_105_SNP_N_GenomeWideSNP_6_F06_777114	9	107363833	107366783	31	-1.4202
OWNED_p_TCGA_b102_105_SNP_N_GenomeWideSNP_6_F06_777114	9	107369879	130000258	16609	-0.09
OWNED_p_TCGA_b102_105_SNP_N_GenomeWideSNP_6_F06_777114	9	130001050	130002622	3	-1.6088
OWNED_p_TCGA_b102_105_SNP_N_GenomeWideSNP_6_F06_777114	9	130002630	139427066	5250	-0.0853
OWNED_p_TCGA_b102_105_SNP_N_GenomeWideSNP_6_F06_777114	9	139431355	139431752	3	-1.2235
OWNED_p_TCGA_b102_105_SNP_N_GenomeWideSNP_6_F06_777114	9	139433801	141091394	599	-0.0838
OWNED_p_TCGA_b102_105_SNP_N_GenomeWideSNP_6_F06_777114	10	72759	8908571	7686	-0.042
OWNED_p_TCGA_b102_105_SNP_N_GenomeWideSNP_6_F06_777114	10	8909924	8916831	4	0.5419
OWNED_p_TCGA_b102_105_SNP_N_GenomeWideSNP_6_F06_777114	10	8917446	8933437	12	0.9402
OWNED_p_TCGA_b102_105_SNP_N_GenomeWideSNP_6_F06_777114	10	8937593	8955277	16	0.4521
OWNED_p_TCGA_b102_105_SNP_N_GenomeWideSNP_6_F06_777114	10	8960343	12099023	2456	-0.0443
OWNED_p_TCGA_b102_105_SNP_N_GenomeWideSNP_6_F06_777114	10	12101692	12169512	31	0.5078
OWNED_p_TCGA_b102_105_SNP_N_GenomeWideSNP_6_F06_777114	10	12176997	16753473	3825	-0.0224
OWNED_p_TCGA_b102_105_SNP_N_GenomeWideSNP_6_F06_777114	10	16760621	16762215	2	-3.0206
OWNED_p_TCGA_b102_105_SNP_N_GenomeWideSNP_6_F06_777114	10	16763117	24377682	5193	-0.036
OWNED_p_TCGA_b102_105_SNP_N_GenomeWideSNP_6_F06_777114	10	24377918	24381024	16	-0.664
OWNED_p_TCGA_b102_105_SNP_N_GenomeWideSNP_6_F06_777114	10	24385372	27619075	2203	-0.0197
OWNED_p_TCGA_b102_105_SNP_N_GenomeWideSNP_6_F06_777114	10	27625865	27629746	2	-1.6939
OWNED_p_TCGA_b102_105_SNP_N_GenomeWideSNP_6_F06_777114	10	27630728	47771030	10459	-0.0327
OWNED_p_TCGA_b102_105_SNP_N_GenomeWideSNP_6_F06_777114	10	47897394	47948060	4	-1.1774
OWNED_p_TCGA_b102_105_SNP_N_GenomeWideSNP_6_F06_777114	10	47960476	48958519	300	-0.0521
OWNED_p_TCGA_b102_105_SNP_N_GenomeWideSNP_6_F06_777114	10	49031175	49389968	25	0.2872
OWNED_p_TCGA_b102_105_SNP_N_GenomeWideSNP_6_F06_777114	10	49390308	56948208	5241	-0.0481
OWNED_p_TCGA_b102_105_SNP_N_GenomeWideSNP_6_F06_777114	10	56955935	56996730	27	-0.9505
OWNED_p_TCGA_b102_105_SNP_N_GenomeWideSNP_6_F06_777114	10	56999855	59203049	1623	-0.0711
OWNED_p_TCGA_b102_105_SNP_N_GenomeWideSNP_6_F06_777114	10	59210505	59210773	4	-1.3617
OWNED_p_TCGA_b102_105_SNP_N_GenomeWideSNP_6_F06_777114	10	59218495	76533307	11256	-0.0151
OWNED_p_TCGA_b102_105_SNP_N_GenomeWideSNP_6_F06_777114	10	76537811	76541334	2	2.2516
OWNED_p_TCGA_b102_105_SNP_N_GenomeWideSNP_6_F06_777114	10	76546838	78252851	1108	-0.0226
OWNED_p_TCGA_b102_105_SNP_N_GenomeWideSNP_6_F06_777114	10	78257061	78257610	2	1.5958
OWNED_p_TCGA_b102_105_SNP_N_GenomeWideSNP_6_F06_777114	10	78261267	81985791	2690	-0.0319
OWNED_p_TCGA_b102_105_SNP_N_GenomeWideSNP_6_F06_777114	10	81994177	82008148	8	-0.5805
OWNED_p_TCGA_b102_105_SNP_N_GenomeWideSNP_6_F06_777114	10	82008545	90954429	6366	-0.023
OWNED_p_TCGA_b102_105_SNP_N_GenomeWideSNP_6_F06_777114	10	90957559	90957701	6	-0.6943
OWNED_p_TCGA_b102_105_SNP_N_GenomeWideSNP_6_F06_777114	10	90958618	91997814	764	-0.0163
OWNED_p_TCGA_b102_105_SNP_N_GenomeWideSNP_6_F06_777114	10	91998416	92002112	3	-1.0718
OWNED_p_TCGA_b102_105_SNP_N_GenomeWideSNP_6_F06_777114	10	92002491	124334013	21696	-0.0142
OWNED_p_TCGA_b102_105_SNP_N_GenomeWideSNP_6_F06_777114	10	124341534	124357726	10	0.7858
OWNED_p_TCGA_b102_105_SNP_N_GenomeWideSNP_6_F06_777114	10	124383013	127890323	2501	-0.0309
OWNED_p_TCGA_b102_105_SNP_N_GenomeWideSNP_6_F06_777114	10	127894580	127895219	3	-1.6131
OWNED_p_TCGA_b102_105_SNP_N_GenomeWideSNP_6_F06_777114	10	127900300	132270771	3405	-0.054
OWNED_p_TCGA_b102_105_SNP_N_GenomeWideSNP_6_F06_777114	10	132270842	132270895	2	-1.8049
OWNED_p_TCGA_b102_105_SNP_N_GenomeWideSNP_6_F06_777114	10	132271141	135506704	1997	-0.0599
OWNED_p_TCGA_b102_105_SNP_N_GenomeWideSNP_6_F06_777114	11	198510	2153557	695	0.2202
OWNED_p_TCGA_b102_105_SNP_N_GenomeWideSNP_6_F06_777114	11	2156213	2294715	46	0.5351
OWNED_p_TCGA_b102_105_SNP_N_GenomeWideSNP_6_F06_777114	11	2294905	4791111	1553	0.2308
OWNED_p_TCGA_b102_105_SNP_N_GenomeWideSNP_6_F06_777114	11	4793357	4793758	3	-0.8273
OWNED_p_TCGA_b102_105_SNP_N_GenomeWideSNP_6_F06_777114	11	4793882	4967650	177	0.1649
OWNED_p_TCGA_b102_105_SNP_N_GenomeWideSNP_6_F06_777114	11	4968117	4975705	29	-1.1581
OWNED_p_TCGA_b102_105_SNP_N_GenomeWideSNP_6_F06_777114	11	4976257	5783923	795	0.1904
OWNED_p_TCGA_b102_105_SNP_N_GenomeWideSNP_6_F06_777114	11	5787405	5809338	34	-0.2038
OWNED_p_TCGA_b102_105_SNP_N_GenomeWideSNP_6_F06_777114	11	5809461	18949109	9419	0.2094
OWNED_p_TCGA_b102_105_SNP_N_GenomeWideSNP_6_F06_777114	11	18949325	18961178	38	0.7277
OWNED_p_TCGA_b102_105_SNP_N_GenomeWideSNP_6_F06_777114	11	18961281	20843891	1691	0.2122
OWNED_p_TCGA_b102_105_SNP_N_GenomeWideSNP_6_F06_777114	11	20844852	20849758	3	-1.3066
OWNED_p_TCGA_b102_105_SNP_N_GenomeWideSNP_6_F06_777114	11	20850230	25083175	3157	0.1716
OWNED_p_TCGA_b102_105_SNP_N_GenomeWideSNP_6_F06_777114	11	25084215	25085296	3	-1.8455
OWNED_p_TCGA_b102_105_SNP_N_GenomeWideSNP_6_F06_777114	11	25085737	42807044	12352	0.1896
OWNED_p_TCGA_b102_105_SNP_N_GenomeWideSNP_6_F06_777114	11	42813151	42818039	3	-1.6011
OWNED_p_TCGA_b102_105_SNP_N_GenomeWideSNP_6_F06_777114	11	42820603	50360119	4171	0.2027
OWNED_p_TCGA_b102_105_SNP_N_GenomeWideSNP_6_F06_777114	11	50360136	50403175	18	-0.8823
OWNED_p_TCGA_b102_105_SNP_N_GenomeWideSNP_6_F06_777114	11	50417549	79967513	13799	0.2088
OWNED_p_TCGA_b102_105_SNP_N_GenomeWideSNP_6_F06_777114	11	79967548	79967564	2	1.4535
OWNED_p_TCGA_b102_105_SNP_N_GenomeWideSNP_6_F06_777114	11	79967686	86291683	4497	0.1872
OWNED_p_TCGA_b102_105_SNP_N_GenomeWideSNP_6_F06_777114	11	86291818	86306054	13	-0.2216
OWNED_p_TCGA_b102_105_SNP_N_GenomeWideSNP_6_F06_777114	11	86315174	89474831	2113	0.1801
OWNED_p_TCGA_b102_105_SNP_N_GenomeWideSNP_6_F06_777114	11	89487949	89501966	4	-1.628
OWNED_p_TCGA_b102_105_SNP_N_GenomeWideSNP_6_F06_777114	11	89514228	89602573	12	0.3843
OWNED_p_TCGA_b102_105_SNP_N_GenomeWideSNP_6_F06_777114	11	89611344	94844146	3617	0.177
OWNED_p_TCGA_b102_105_SNP_N_GenomeWideSNP_6_F06_777114	11	94844415	94845473	3	-1.4432
OWNED_p_TCGA_b102_105_SNP_N_GenomeWideSNP_6_F06_777114	11	94845775	107781379	9271	0.1782
OWNED_p_TCGA_b102_105_SNP_N_GenomeWideSNP_6_F06_777114	11	107784507	107785098	2	-1.1718
OWNED_p_TCGA_b102_105_SNP_N_GenomeWideSNP_6_F06_777114	11	107787713	134944770	19546	0.1892
OWNED_p_TCGA_b102_105_SNP_N_GenomeWideSNP_6_F06_777114	12	150442	8556693	5606	-0.0855
OWNED_p_TCGA_b102_105_SNP_N_GenomeWideSNP_6_F06_777114	12	8558488	8584672	22	0.9058
OWNED_p_TCGA_b102_105_SNP_N_GenomeWideSNP_6_F06_777114	12	8594894	11504091	1772	-0.086
OWNED_p_TCGA_b102_105_SNP_N_GenomeWideSNP_6_F06_777114	12	11511577	11543386	31	-1.0589
OWNED_p_TCGA_b102_105_SNP_N_GenomeWideSNP_6_F06_777114	12	11543406	33294644	15388	-0.0743
OWNED_p_TCGA_b102_105_SNP_N_GenomeWideSNP_6_F06_777114	12	33294660	33307374	28	0.3313
OWNED_p_TCGA_b102_105_SNP_N_GenomeWideSNP_6_F06_777114	12	33308360	33386757	46	-0.1092
OWNED_p_TCGA_b102_105_SNP_N_GenomeWideSNP_6_F06_777114	12	33388829	33395142	4	-2.2248
OWNED_p_TCGA_b102_105_SNP_N_GenomeWideSNP_6_F06_777114	12	33395418	71792719	21393	-0.0708
OWNED_p_TCGA_b102_105_SNP_N_GenomeWideSNP_6_F06_777114	12	71792892	71793191	3	-1.8197
OWNED_p_TCGA_b102_105_SNP_N_GenomeWideSNP_6_F06_777114	12	71799866	133778189	40626	-0.0794
OWNED_p_TCGA_b102_105_SNP_N_GenomeWideSNP_6_F06_777114	13	19026949	25154291	4162	0.318
OWNED_p_TCGA_b102_105_SNP_N_GenomeWideSNP_6_F06_777114	13	25155126	25171643	6	-0.8664
OWNED_p_TCGA_b102_105_SNP_N_GenomeWideSNP_6_F06_777114	13	25173506	28066866	2119	0.3273
OWNED_p_TCGA_b102_105_SNP_N_GenomeWideSNP_6_F06_777114	13	28068276	28068417	2	-1.2511
OWNED_p_TCGA_b102_105_SNP_N_GenomeWideSNP_6_F06_777114	13	28072003	32959240	3759	0.3017
OWNED_p_TCGA_b102_105_SNP_N_GenomeWideSNP_6_F06_777114	13	32960805	32961202	7	-0.6538
OWNED_p_TCGA_b102_105_SNP_N_GenomeWideSNP_6_F06_777114	13	32965730	57751096	16035	0.2941
OWNED_p_TCGA_b102_105_SNP_N_GenomeWideSNP_6_F06_777114	13	57758270	57778380	34	-1.0353
OWNED_p_TCGA_b102_105_SNP_N_GenomeWideSNP_6_F06_777114	13	57789714	57907840	79	0.1943
OWNED_p_TCGA_b102_105_SNP_N_GenomeWideSNP_6_F06_777114	13	57910194	57911360	2	-1.8046
OWNED_p_TCGA_b102_105_SNP_N_GenomeWideSNP_6_F06_777114	13	57911832	66593840	5136	0.2612
OWNED_p_TCGA_b102_105_SNP_N_GenomeWideSNP_6_F06_777114	13	66596488	66596631	2	-1.6066
OWNED_p_TCGA_b102_105_SNP_N_GenomeWideSNP_6_F06_777114	13	66604211	72476988	3773	0.2493
OWNED_p_TCGA_b102_105_SNP_N_GenomeWideSNP_6_F06_777114	13	72477555	72480556	4	1.5077
OWNED_p_TCGA_b102_105_SNP_N_GenomeWideSNP_6_F06_777114	13	72480605	76712408	3135	0.3255
OWNED_p_TCGA_b102_105_SNP_N_GenomeWideSNP_6_F06_777114	13	76716424	76716802	4	-0.7596
OWNED_p_TCGA_b102_105_SNP_N_GenomeWideSNP_6_F06_777114	13	76718344	88894087	7546	0.2643
OWNED_p_TCGA_b102_105_SNP_N_GenomeWideSNP_6_F06_777114	13	88896805	88897256	4	-0.6482
OWNED_p_TCGA_b102_105_SNP_N_GenomeWideSNP_6_F06_777114	13	88898683	95888482	4691	0.2668
OWNED_p_TCGA_b102_105_SNP_N_GenomeWideSNP_6_F06_777114	13	95888656	95892449	9	-0.2751
OWNED_p_TCGA_b102_105_SNP_N_GenomeWideSNP_6_F06_777114	13	95892896	106576241	7757	0.2955
OWNED_p_TCGA_b102_105_SNP_N_GenomeWideSNP_6_F06_777114	13	106576496	106582679	3	-1.2801
OWNED_p_TCGA_b102_105_SNP_N_GenomeWideSNP_6_F06_777114	13	106582791	114807997	5822	0.3002
OWNED_p_TCGA_b102_105_SNP_N_GenomeWideSNP_6_F06_777114	13	114817588	114820990	2	1.9727
OWNED_p_TCGA_b102_105_SNP_N_GenomeWideSNP_6_F06_777114	13	114821176	115108397	136	0.2603
OWNED_p_TCGA_b102_105_SNP_N_GenomeWideSNP_6_F06_777114	14	19002124	43064028	14708	-0.276
OWNED_p_TCGA_b102_105_SNP_N_GenomeWideSNP_6_F06_777114	14	43064725	43074984	6	-1.5146
OWNED_p_TCGA_b102_105_SNP_N_GenomeWideSNP_6_F06_777114	14	43076214	57086390	8835	-0.2935
OWNED_p_TCGA_b102_105_SNP_N_GenomeWideSNP_6_F06_777114	14	57087118	57088169	3	-4.054
OWNED_p_TCGA_b102_105_SNP_N_GenomeWideSNP_6_F06_777114	14	57088316	106328563	31380	-0.2927
OWNED_p_TCGA_b102_105_SNP_N_GenomeWideSNP_6_F06_777114	14	106328827	106329229	4	-1.4347
OWNED_p_TCGA_b102_105_SNP_N_GenomeWideSNP_6_F06_777114	14	106342317	106534144	63	-0.1836
OWNED_p_TCGA_b102_105_SNP_N_GenomeWideSNP_6_F06_777114	14	106535295	106561441	14	0.4412
OWNED_p_TCGA_b102_105_SNP_N_GenomeWideSNP_6_F06_777114	14	106567100	106796025	104	-0.2471
OWNED_p_TCGA_b102_105_SNP_N_GenomeWideSNP_6_F06_777114	14	106796228	106821736	10	0.7857
OWNED_p_TCGA_b102_105_SNP_N_GenomeWideSNP_6_F06_777114	14	106825916	107153173	214	-0.1904
OWNED_p_TCGA_b102_105_SNP_N_GenomeWideSNP_6_F06_777114	14	107160325	107179847	21	0.2539
OWNED_p_TCGA_b102_105_SNP_N_GenomeWideSNP_6_F06_777114	14	107184184	107217657	23	-0.1376
OWNED_p_TCGA_b102_105_SNP_N_GenomeWideSNP_6_F06_777114	14	107217890	107285437	46	-0.5051
OWNED_p_TCGA_b102_105_SNP_N_GenomeWideSNP_6_F06_777114	15	20016328	20262236	53	-0.1324
OWNED_p_TCGA_b102_105_SNP_N_GenomeWideSNP_6_F06_777114	15	20264286	20556430	30	-0.4184
OWNED_p_TCGA_b102_105_SNP_N_GenomeWideSNP_6_F06_777114	15	20569951	20820159	73	-0.0317
OWNED_p_TCGA_b102_105_SNP_N_GenomeWideSNP_6_F06_777114	15	20830374	22042753	150	-0.5743
OWNED_p_TCGA_b102_105_SNP_N_GenomeWideSNP_6_F06_777114	15	22263557	22673399	117	0.0886
OWNED_p_TCGA_b102_105_SNP_N_GenomeWideSNP_6_F06_777114	15	22681076	24053317	608	-0.2613
OWNED_p_TCGA_b102_105_SNP_N_GenomeWideSNP_6_F06_777114	15	24053386	24059307	23	-0.742
OWNED_p_TCGA_b102_105_SNP_N_GenomeWideSNP_6_F06_777114	15	24065693	27918623	2756	-0.3261
OWNED_p_TCGA_b102_105_SNP_N_GenomeWideSNP_6_F06_777114	15	27919497	27924124	8	-2.1038
OWNED_p_TCGA_b102_105_SNP_N_GenomeWideSNP_6_F06_777114	15	27925836	27926499	3	-7.6487
OWNED_p_TCGA_b102_105_SNP_N_GenomeWideSNP_6_F06_777114	15	27927303	27927806	2	-2.3482
OWNED_p_TCGA_b102_105_SNP_N_GenomeWideSNP_6_F06_777114	15	27928794	102469040	48106	-0.2483
OWNED_p_TCGA_b102_105_SNP_N_GenomeWideSNP_6_F06_777114	16	60777	19944363	13502	0.0745
OWNED_p_TCGA_b102_105_SNP_N_GenomeWideSNP_6_F06_777114	16	19945650	19965832	27	-1.4259
OWNED_p_TCGA_b102_105_SNP_N_GenomeWideSNP_6_F06_777114	16	19965875	32146886	6535	0.0816
OWNED_p_TCGA_b102_105_SNP_N_GenomeWideSNP_6_F06_777114	16	32158852	33776085	259	0.3225
OWNED_p_TCGA_b102_105_SNP_N_GenomeWideSNP_6_F06_777114	16	33794655	55225083	6443	0.0907
OWNED_p_TCGA_b102_105_SNP_N_GenomeWideSNP_6_F06_777114	16	55227539	55227614	2	-2.3458
OWNED_p_TCGA_b102_105_SNP_N_GenomeWideSNP_6_F06_777114	16	55228864	90287535	25595	0.072
OWNED_p_TCGA_b102_105_SNP_N_GenomeWideSNP_6_F06_777114	17	526	59761	31	-0.059
OWNED_p_TCGA_b102_105_SNP_N_GenomeWideSNP_6_F06_777114	17	59902	60531	3	-1.6841
OWNED_p_TCGA_b102_105_SNP_N_GenomeWideSNP_6_F06_777114	17	65221	4839104	2530	-0.0613
OWNED_p_TCGA_b102_105_SNP_N_GenomeWideSNP_6_F06_777114	17	4839149	4840377	2	-1.9875
OWNED_p_TCGA_b102_105_SNP_N_GenomeWideSNP_6_F06_777114	17	4842716	18319862	8855	-0.0679
OWNED_p_TCGA_b102_105_SNP_N_GenomeWideSNP_6_F06_777114	17	18355392	18465221	29	0.5034
OWNED_p_TCGA_b102_105_SNP_N_GenomeWideSNP_6_F06_777114	17	18469197	44204373	12043	-0.0478
OWNED_p_TCGA_b102_105_SNP_N_GenomeWideSNP_6_F06_777114	17	44208144	44696517	131	-0.4405
OWNED_p_TCGA_b102_105_SNP_N_GenomeWideSNP_6_F06_777114	17	44705975	81049726	21580	-0.0532
OWNED_p_TCGA_b102_105_SNP_N_GenomeWideSNP_6_F06_777114	18	11543	590018	386	-0.6539
OWNED_p_TCGA_b102_105_SNP_N_GenomeWideSNP_6_F06_777114	18	592616	594188	3	-2.7633
OWNED_p_TCGA_b102_105_SNP_N_GenomeWideSNP_6_F06_777114	18	594262	2275438	1227	-0.6594
OWNED_p_TCGA_b102_105_SNP_N_GenomeWideSNP_6_F06_777114	18	2276468	2276757	2	-2.8499
OWNED_p_TCGA_b102_105_SNP_N_GenomeWideSNP_6_F06_777114	18	2276912	78015057	48881	-0.6552
OWNED_p_TCGA_b102_105_SNP_N_GenomeWideSNP_6_F06_777114	19	90910	15780041	6593	-0.1241
OWNED_p_TCGA_b102_105_SNP_N_GenomeWideSNP_6_F06_777114	19	15780222	15791664	21	0.3408
OWNED_p_TCGA_b102_105_SNP_N_GenomeWideSNP_6_F06_777114	19	15792477	15796813	6	-0.0691
OWNED_p_TCGA_b102_105_SNP_N_GenomeWideSNP_6_F06_777114	19	15797409	15823604	24	0.3957
OWNED_p_TCGA_b102_105_SNP_N_GenomeWideSNP_6_F06_777114	19	15824071	41360172	12957	-0.1507
OWNED_p_TCGA_b102_105_SNP_N_GenomeWideSNP_6_F06_777114	19	41360370	41392654	30	-0.7926
OWNED_p_TCGA_b102_105_SNP_N_GenomeWideSNP_6_F06_777114	19	41392885	53332039	6084	-0.1241
OWNED_p_TCGA_b102_105_SNP_N_GenomeWideSNP_6_F06_777114	19	53332928	53334165	5	-1.1461
OWNED_p_TCGA_b102_105_SNP_N_GenomeWideSNP_6_F06_777114	19	53334728	53928764	445	-0.1698
OWNED_p_TCGA_b102_105_SNP_N_GenomeWideSNP_6_F06_777114	19	53929764	53938988	5	-1.2184
OWNED_p_TCGA_b102_105_SNP_N_GenomeWideSNP_6_F06_777114	19	53941947	59097854	3118	-0.1539
OWNED_p_TCGA_b102_105_SNP_N_GenomeWideSNP_6_F06_777114	20	61305	1560999	1206	0.8716
OWNED_p_TCGA_b102_105_SNP_N_GenomeWideSNP_6_F06_777114	20	1561580	1593893	41	-0.5238
OWNED_p_TCGA_b102_105_SNP_N_GenomeWideSNP_6_F06_777114	20	1597946	11099933	7310	0.8801
OWNED_p_TCGA_b102_105_SNP_N_GenomeWideSNP_6_F06_777114	20	11100677	11101001	2	-1.5747
OWNED_p_TCGA_b102_105_SNP_N_GenomeWideSNP_6_F06_777114	20	11104860	14788767	2615	0.8505
OWNED_p_TCGA_b102_105_SNP_N_GenomeWideSNP_6_F06_777114	20	14792812	14792838	3	-0.5278
OWNED_p_TCGA_b102_105_SNP_N_GenomeWideSNP_6_F06_777114	20	14793415	41260658	15682	0.8681
OWNED_p_TCGA_b102_105_SNP_N_GenomeWideSNP_6_F06_777114	20	41260761	41268091	14	0.2984
OWNED_p_TCGA_b102_105_SNP_N_GenomeWideSNP_6_F06_777114	20	41268123	43322869	1463	0.8837
OWNED_p_TCGA_b102_105_SNP_N_GenomeWideSNP_6_F06_777114	20	43328573	43329529	2	-1.389
OWNED_p_TCGA_b102_105_SNP_N_GenomeWideSNP_6_F06_777114	20	43335063	49136595	3973	0.8797
OWNED_p_TCGA_b102_105_SNP_N_GenomeWideSNP_6_F06_777114	20	49137062	49137078	2	-0.5008
OWNED_p_TCGA_b102_105_SNP_N_GenomeWideSNP_6_F06_777114	20	49137137	53695721	3583	0.8685
OWNED_p_TCGA_b102_105_SNP_N_GenomeWideSNP_6_F06_777114	20	53697406	53701999	3	-1.2424
OWNED_p_TCGA_b102_105_SNP_N_GenomeWideSNP_6_F06_777114	20	53702129	62956153	6551	0.8677
OWNED_p_TCGA_b102_105_SNP_N_GenomeWideSNP_6_F06_777114	21	10736871	11091466	95	-0.0476
OWNED_p_TCGA_b102_105_SNP_N_GenomeWideSNP_6_F06_777114	21	11091483	11173694	16	-0.4974
OWNED_p_TCGA_b102_105_SNP_N_GenomeWideSNP_6_F06_777114	21	11173793	14453753	21	0.0601
OWNED_p_TCGA_b102_105_SNP_N_GenomeWideSNP_6_F06_777114	21	14456416	14549965	16	-0.7854
OWNED_p_TCGA_b102_105_SNP_N_GenomeWideSNP_6_F06_777114	21	14560710	15222872	306	-0.087
OWNED_p_TCGA_b102_105_SNP_N_GenomeWideSNP_6_F06_777114	21	15255428	15255799	2	-1.9382
OWNED_p_TCGA_b102_105_SNP_N_GenomeWideSNP_6_F06_777114	21	15285453	43147374	20871	-0.0498
OWNED_p_TCGA_b102_105_SNP_N_GenomeWideSNP_6_F06_777114	21	43149896	43150588	4	-1.5178
OWNED_p_TCGA_b102_105_SNP_N_GenomeWideSNP_6_F06_777114	21	43150854	48096957	3043	-0.0479
OWNED_p_TCGA_b102_105_SNP_N_GenomeWideSNP_6_F06_777114	22	16052528	20397856	2146	-0.0263
OWNED_p_TCGA_b102_105_SNP_N_GenomeWideSNP_6_F06_777114	22	20470610	20499111	4	1.0025
OWNED_p_TCGA_b102_105_SNP_N_GenomeWideSNP_6_F06_777114	22	20662706	21465835	699	-0.0324
OWNED_p_TCGA_b102_105_SNP_N_GenomeWideSNP_6_F06_777114	22	21542615	21844023	46	0.4519
OWNED_p_TCGA_b102_105_SNP_N_GenomeWideSNP_6_F06_777114	22	21845067	24271745	1689	-0.0168
OWNED_p_TCGA_b102_105_SNP_N_GenomeWideSNP_6_F06_777114	22	24283016	24344422	33	0.3733
OWNED_p_TCGA_b102_105_SNP_N_GenomeWideSNP_6_F06_777114	22	24350529	24401529	20	0.9076
OWNED_p_TCGA_b102_105_SNP_N_GenomeWideSNP_6_F06_777114	22	24402321	25692741	835	-0.0115
OWNED_p_TCGA_b102_105_SNP_N_GenomeWideSNP_6_F06_777114	22	25700334	25700469	2	-1.7428
OWNED_p_TCGA_b102_105_SNP_N_GenomeWideSNP_6_F06_777114	22	25700901	27592755	1938	-0.0399
OWNED_p_TCGA_b102_105_SNP_N_GenomeWideSNP_6_F06_777114	22	27594098	27594111	2	-1.4227
OWNED_p_TCGA_b102_105_SNP_N_GenomeWideSNP_6_F06_777114	22	27594180	51234455	16102	-0.1187
OWNED_p_TCGA_b102_105_SNP_N_GenomeWideSNP_6_F06_777114	X	168477	7047549	3434	0.0013
OWNED_p_TCGA_b102_105_SNP_N_GenomeWideSNP_6_F06_777114	X	7048123	7103912	40	-0.8955
OWNED_p_TCGA_b102_105_SNP_N_GenomeWideSNP_6_F06_777114	X	7106206	76437473	36630	0.0289
OWNED_p_TCGA_b102_105_SNP_N_GenomeWideSNP_6_F06_777114	X	76471935	76547479	10	-0.5859
OWNED_p_TCGA_b102_105_SNP_N_GenomeWideSNP_6_F06_777114	X	76555628	90967744	7562	-0.0073
OWNED_p_TCGA_b102_105_SNP_N_GenomeWideSNP_6_F06_777114	X	90968512	90971740	8	-0.7526
OWNED_p_TCGA_b102_105_SNP_N_GenomeWideSNP_6_F06_777114	X	90971771	146358551	31823	0.0139
OWNED_p_TCGA_b102_105_SNP_N_GenomeWideSNP_6_F06_777114	X	146360998	146362355	4	-1.1096
OWNED_p_TCGA_b102_105_SNP_N_GenomeWideSNP_6_F06_777114	X	146363627	155182354	4943	0.0222
OWNED_p_TCGA_b102_105_SNP_N_GenomeWideSNP_6_F06_777114	Y	2650438	2985595	152	-2.5655
OWNED_p_TCGA_b102_105_SNP_N_GenomeWideSNP_6_F06_777114	Y	2985939	5949944	654	-1.9241
OWNED_p_TCGA_b102_105_SNP_N_GenomeWideSNP_6_F06_777114	Y	5950884	6101425	63	-2.347
OWNED_p_TCGA_b102_105_SNP_N_GenomeWideSNP_6_F06_777114	Y	6107901	6424299	128	-3.2812
OWNED_p_TCGA_b102_105_SNP_N_GenomeWideSNP_6_F06_777114	Y	6426233	7399842	425	-2.4414
OWNED_p_TCGA_b102_105_SNP_N_GenomeWideSNP_6_F06_777114	Y	7400746	9759564	1203	-2.8184
OWNED_p_TCGA_b102_105_SNP_N_GenomeWideSNP_6_F06_777114	Y	9774614	15590276	951	-2.5576
OWNED_p_TCGA_b102_105_SNP_N_GenomeWideSNP_6_F06_777114	Y	15590342	15594523	3	-7.561
OWNED_p_TCGA_b102_105_SNP_N_GenomeWideSNP_6_F06_777114	Y	15594889	19170442	1884	-2.6332
OWNED_p_TCGA_b102_105_SNP_N_GenomeWideSNP_6_F06_777114	Y	19179335	19179540	3	-7.6487
OWNED_p_TCGA_b102_105_SNP_N_GenomeWideSNP_6_F06_777114	Y	19182271	19571480	195	-2.6275
OWNED_p_TCGA_b102_105_SNP_N_GenomeWideSNP_6_F06_777114	Y	19574890	21088297	704	-3.2097
OWNED_p_TCGA_b102_105_SNP_N_GenomeWideSNP_6_F06_777114	Y	21088485	23612660	955	-2.7002
OWNED_p_TCGA_b102_105_SNP_N_GenomeWideSNP_6_F06_777114	Y	23626202	28452016	1136	-3.0901
OWNED_p_TCGA_b102_105_SNP_N_GenomeWideSNP_6_F06_777114	Y	28457337	59018259	176	-2.2647
