Sample	Chromosome	Start	End	Num_Probes	Segment_Mean
FOXED_p_TCGA_b122_128_SNP_N_GenomeWideSNP_6_D07_781798	1	61735	16831863	8725	-0.0109
FOXED_p_TCGA_b122_128_SNP_N_GenomeWideSNP_6_D07_781798	1	16844932	17190862	109	0.3859
FOXED_p_TCGA_b122_128_SNP_N_GenomeWideSNP_6_D07_781798	1	17195155	17282425	64	-0.326
FOXED_p_TCGA_b122_128_SNP_N_GenomeWideSNP_6_D07_781798	1	17283075	22301569	3340	-0.002
FOXED_p_TCGA_b122_128_SNP_N_GenomeWideSNP_6_D07_781798	1	22309874	22338125	12	0.6801
FOXED_p_TCGA_b122_128_SNP_N_GenomeWideSNP_6_D07_781798	1	22342389	22617585	198	-0.03
FOXED_p_TCGA_b122_128_SNP_N_GenomeWideSNP_6_D07_781798	1	22619342	22624511	7	-0.7456
FOXED_p_TCGA_b122_128_SNP_N_GenomeWideSNP_6_D07_781798	1	22625246	25583341	1709	0.0046
FOXED_p_TCGA_b122_128_SNP_N_GenomeWideSNP_6_D07_781798	1	25593128	25662212	31	0.6161
FOXED_p_TCGA_b122_128_SNP_N_GenomeWideSNP_6_D07_781798	1	25663310	28417471	1175	-0.0025
FOXED_p_TCGA_b122_128_SNP_N_GenomeWideSNP_6_D07_781798	1	28420536	28424840	4	0.8059
FOXED_p_TCGA_b122_128_SNP_N_GenomeWideSNP_6_D07_781798	1	28424910	35091674	3786	0.0058
FOXED_p_TCGA_b122_128_SNP_N_GenomeWideSNP_6_D07_781798	1	35102654	35103036	6	-2.5104
FOXED_p_TCGA_b122_128_SNP_N_GenomeWideSNP_6_D07_781798	1	35103142	35103827	5	-0.4349
FOXED_p_TCGA_b122_128_SNP_N_GenomeWideSNP_6_D07_781798	1	35103864	35104491	9	-2.6993
FOXED_p_TCGA_b122_128_SNP_N_GenomeWideSNP_6_D07_781798	1	35114268	37898064	1500	8e-04
FOXED_p_TCGA_b122_128_SNP_N_GenomeWideSNP_6_D07_781798	1	37898668	37900415	3	-1.095
FOXED_p_TCGA_b122_128_SNP_N_GenomeWideSNP_6_D07_781798	1	37902135	62114006	14987	-0.0138
FOXED_p_TCGA_b122_128_SNP_N_GenomeWideSNP_6_D07_781798	1	62114181	62118187	3	-2.5705
FOXED_p_TCGA_b122_128_SNP_N_GenomeWideSNP_6_D07_781798	1	62119809	72768916	7382	-0.0315
FOXED_p_TCGA_b122_128_SNP_N_GenomeWideSNP_6_D07_781798	1	72768936	72811148	45	-1.2694
FOXED_p_TCGA_b122_128_SNP_N_GenomeWideSNP_6_D07_781798	1	72811904	104159384	20095	-0.028
FOXED_p_TCGA_b122_128_SNP_N_GenomeWideSNP_6_D07_781798	1	104163499	104303403	28	-0.635
FOXED_p_TCGA_b122_128_SNP_N_GenomeWideSNP_6_D07_781798	1	104303501	106013376	919	-0.0033
FOXED_p_TCGA_b122_128_SNP_N_GenomeWideSNP_6_D07_781798	1	106019205	106022375	17	0.5679
FOXED_p_TCGA_b122_128_SNP_N_GenomeWideSNP_6_D07_781798	1	106024055	110221727	2654	-0.0148
FOXED_p_TCGA_b122_128_SNP_N_GenomeWideSNP_6_D07_781798	1	110224384	110233053	18	0.434
FOXED_p_TCGA_b122_128_SNP_N_GenomeWideSNP_6_D07_781798	1	110233118	110242953	15	1.4211
FOXED_p_TCGA_b122_128_SNP_N_GenomeWideSNP_6_D07_781798	1	110244998	111377368	840	-0.0013
FOXED_p_TCGA_b122_128_SNP_N_GenomeWideSNP_6_D07_781798	1	111377565	111388226	38	-2.0068
FOXED_p_TCGA_b122_128_SNP_N_GenomeWideSNP_6_D07_781798	1	111392067	112690326	1079	-0.0163
FOXED_p_TCGA_b122_128_SNP_N_GenomeWideSNP_6_D07_781798	1	112695965	112706062	28	0.6044
FOXED_p_TCGA_b122_128_SNP_N_GenomeWideSNP_6_D07_781798	1	112706082	152555706	8042	0.0028
FOXED_p_TCGA_b122_128_SNP_N_GenomeWideSNP_6_D07_781798	1	152555767	152586278	31	-1.6457
FOXED_p_TCGA_b122_128_SNP_N_GenomeWideSNP_6_D07_781798	1	152586540	152759678	174	0.0387
FOXED_p_TCGA_b122_128_SNP_N_GenomeWideSNP_6_D07_781798	1	152761923	152768700	37	-1.0495
FOXED_p_TCGA_b122_128_SNP_N_GenomeWideSNP_6_D07_781798	1	152773905	169216937	11350	0.0598
FOXED_p_TCGA_b122_128_SNP_N_GenomeWideSNP_6_D07_781798	1	169233974	169241766	7	-1.4954
FOXED_p_TCGA_b122_128_SNP_N_GenomeWideSNP_6_D07_781798	1	169242401	189986241	13765	0.0507
FOXED_p_TCGA_b122_128_SNP_N_GenomeWideSNP_6_D07_781798	1	189986290	189986393	2	1.4006
FOXED_p_TCGA_b122_128_SNP_N_GenomeWideSNP_6_D07_781798	1	189986410	189986426	2	-1.4972
FOXED_p_TCGA_b122_128_SNP_N_GenomeWideSNP_6_D07_781798	1	189991067	196738981	4452	0.0472
FOXED_p_TCGA_b122_128_SNP_N_GenomeWideSNP_6_D07_781798	1	196739972	196789562	47	0.5606
FOXED_p_TCGA_b122_128_SNP_N_GenomeWideSNP_6_D07_781798	1	196789698	196790621	8	-0.0424
FOXED_p_TCGA_b122_128_SNP_N_GenomeWideSNP_6_D07_781798	1	196790736	196823317	34	0.5775
FOXED_p_TCGA_b122_128_SNP_N_GenomeWideSNP_6_D07_781798	1	196823613	208992432	7933	0.0552
FOXED_p_TCGA_b122_128_SNP_N_GenomeWideSNP_6_D07_781798	1	208994644	208994658	2	-1.3318
FOXED_p_TCGA_b122_128_SNP_N_GenomeWideSNP_6_D07_781798	1	208995798	210071062	886	0.0644
FOXED_p_TCGA_b122_128_SNP_N_GenomeWideSNP_6_D07_781798	1	210081613	210083984	3	-1.9819
FOXED_p_TCGA_b122_128_SNP_N_GenomeWideSNP_6_D07_781798	1	210086552	230308806	13455	0.0446
FOXED_p_TCGA_b122_128_SNP_N_GenomeWideSNP_6_D07_781798	1	230308855	230308906	2	-2.1335
FOXED_p_TCGA_b122_128_SNP_N_GenomeWideSNP_6_D07_781798	1	230312212	230451412	99	0.0082
FOXED_p_TCGA_b122_128_SNP_N_GenomeWideSNP_6_D07_781798	1	230452323	230452452	2	1.4699
FOXED_p_TCGA_b122_128_SNP_N_GenomeWideSNP_6_D07_781798	1	230453597	232311020	1356	0.0456
FOXED_p_TCGA_b122_128_SNP_N_GenomeWideSNP_6_D07_781798	1	232311801	232311868	2	-1.3534
FOXED_p_TCGA_b122_128_SNP_N_GenomeWideSNP_6_D07_781798	1	232312344	233070803	653	0.0508
FOXED_p_TCGA_b122_128_SNP_N_GenomeWideSNP_6_D07_781798	1	233071633	234481678	1190	-0.4121
FOXED_p_TCGA_b122_128_SNP_N_GenomeWideSNP_6_D07_781798	1	234491703	244787168	7625	0.044
FOXED_p_TCGA_b122_128_SNP_N_GenomeWideSNP_6_D07_781798	1	244787815	244788164	2	-1.7897
FOXED_p_TCGA_b122_128_SNP_N_GenomeWideSNP_6_D07_781798	1	244790426	245543358	447	0.0549
FOXED_p_TCGA_b122_128_SNP_N_GenomeWideSNP_6_D07_781798	1	245545009	245545144	2	-1.4578
FOXED_p_TCGA_b122_128_SNP_N_GenomeWideSNP_6_D07_781798	1	245546398	249224388	2308	0.0551
FOXED_p_TCGA_b122_128_SNP_N_GenomeWideSNP_6_D07_781798	2	12784	34691069	24116	-0.0226
FOXED_p_TCGA_b122_128_SNP_N_GenomeWideSNP_6_D07_781798	2	34699315	34737057	46	-1.9009
FOXED_p_TCGA_b122_128_SNP_N_GenomeWideSNP_6_D07_781798	2	34737163	35975973	877	0.0117
FOXED_p_TCGA_b122_128_SNP_N_GenomeWideSNP_6_D07_781798	2	35977790	35987947	7	-0.8727
FOXED_p_TCGA_b122_128_SNP_N_GenomeWideSNP_6_D07_781798	2	35997473	52754468	12166	-0.0239
FOXED_p_TCGA_b122_128_SNP_N_GenomeWideSNP_6_D07_781798	2	52754480	52781542	39	0.7135
FOXED_p_TCGA_b122_128_SNP_N_GenomeWideSNP_6_D07_781798	2	52787949	53693619	772	-0.0097
FOXED_p_TCGA_b122_128_SNP_N_GenomeWideSNP_6_D07_781798	2	53694763	53695084	3	-1.489
FOXED_p_TCGA_b122_128_SNP_N_GenomeWideSNP_6_D07_781798	2	53695127	54384106	431	-0.0319
FOXED_p_TCGA_b122_128_SNP_N_GenomeWideSNP_6_D07_781798	2	54388045	54388237	3	-1.2683
FOXED_p_TCGA_b122_128_SNP_N_GenomeWideSNP_6_D07_781798	2	54390570	87344738	20832	-0.0251
FOXED_p_TCGA_b122_128_SNP_N_GenomeWideSNP_6_D07_781798	2	87361172	87996372	186	0.8985
FOXED_p_TCGA_b122_128_SNP_N_GenomeWideSNP_6_D07_781798	2	88024667	98154265	1876	0.0044
FOXED_p_TCGA_b122_128_SNP_N_GenomeWideSNP_6_D07_781798	2	98157272	98161710	3	-1.0957
FOXED_p_TCGA_b122_128_SNP_N_GenomeWideSNP_6_D07_781798	2	98162189	106880095	5583	-0.0227
FOXED_p_TCGA_b122_128_SNP_N_GenomeWideSNP_6_D07_781798	2	106880713	106885357	11	0.5497
FOXED_p_TCGA_b122_128_SNP_N_GenomeWideSNP_6_D07_781798	2	106887255	112006339	2606	-0.021
FOXED_p_TCGA_b122_128_SNP_N_GenomeWideSNP_6_D07_781798	2	112008235	112367825	100	0.3617
FOXED_p_TCGA_b122_128_SNP_N_GenomeWideSNP_6_D07_781798	2	112373169	133038729	12381	-0.0175
FOXED_p_TCGA_b122_128_SNP_N_GenomeWideSNP_6_D07_781798	2	133046772	133129166	33	0.3368
FOXED_p_TCGA_b122_128_SNP_N_GenomeWideSNP_6_D07_781798	2	133129285	142624021	6363	-0.0332
FOXED_p_TCGA_b122_128_SNP_N_GenomeWideSNP_6_D07_781798	2	142629352	142629883	2	-2.2771
FOXED_p_TCGA_b122_128_SNP_N_GenomeWideSNP_6_D07_781798	2	142634547	146862085	2480	-0.0495
FOXED_p_TCGA_b122_128_SNP_N_GenomeWideSNP_6_D07_781798	2	146864404	146866934	24	0.7174
FOXED_p_TCGA_b122_128_SNP_N_GenomeWideSNP_6_D07_781798	2	146877806	208354955	37013	-0.0295
FOXED_p_TCGA_b122_128_SNP_N_GenomeWideSNP_6_D07_781798	2	208355178	208359336	15	-2.0143
FOXED_p_TCGA_b122_128_SNP_N_GenomeWideSNP_6_D07_781798	2	208359476	217405203	5838	-0.027
FOXED_p_TCGA_b122_128_SNP_N_GenomeWideSNP_6_D07_781798	2	217408103	217408239	3	-1.068
FOXED_p_TCGA_b122_128_SNP_N_GenomeWideSNP_6_D07_781798	2	217408395	226074931	5697	-0.0283
FOXED_p_TCGA_b122_128_SNP_N_GenomeWideSNP_6_D07_781798	2	226075559	226081036	4	-1.6883
FOXED_p_TCGA_b122_128_SNP_N_GenomeWideSNP_6_D07_781798	2	226081874	243089456	10602	-0.0284
FOXED_p_TCGA_b122_128_SNP_N_GenomeWideSNP_6_D07_781798	3	60345	23448863	17609	0.2184
FOXED_p_TCGA_b122_128_SNP_N_GenomeWideSNP_6_D07_781798	3	23454790	23458291	4	-1.2794
FOXED_p_TCGA_b122_128_SNP_N_GenomeWideSNP_6_D07_781798	3	23460232	26057327	2097	0.2078
FOXED_p_TCGA_b122_128_SNP_N_GenomeWideSNP_6_D07_781798	3	26057476	26057799	2	-3.086
FOXED_p_TCGA_b122_128_SNP_N_GenomeWideSNP_6_D07_781798	3	26060294	34582867	5694	0.2185
FOXED_p_TCGA_b122_128_SNP_N_GenomeWideSNP_6_D07_781798	3	34585358	34585712	2	-1.194
FOXED_p_TCGA_b122_128_SNP_N_GenomeWideSNP_6_D07_781798	3	34587868	36283731	1170	0.2127
FOXED_p_TCGA_b122_128_SNP_N_GenomeWideSNP_6_D07_781798	3	36283957	36285030	3	-1.5942
FOXED_p_TCGA_b122_128_SNP_N_GenomeWideSNP_6_D07_781798	3	36285279	42360750	4016	0.218
FOXED_p_TCGA_b122_128_SNP_N_GenomeWideSNP_6_D07_781798	3	42360871	42361088	3	-1.4893
FOXED_p_TCGA_b122_128_SNP_N_GenomeWideSNP_6_D07_781798	3	42362588	68746164	17287	0.2235
FOXED_p_TCGA_b122_128_SNP_N_GenomeWideSNP_6_D07_781798	3	68746259	68747413	14	1.5773
FOXED_p_TCGA_b122_128_SNP_N_GenomeWideSNP_6_D07_781798	3	68748758	75421170	4876	0.2129
FOXED_p_TCGA_b122_128_SNP_N_GenomeWideSNP_6_D07_781798	3	75427107	75638741	74	-2.2194
FOXED_p_TCGA_b122_128_SNP_N_GenomeWideSNP_6_D07_781798	3	75639507	98937784	11008	0.2134
FOXED_p_TCGA_b122_128_SNP_N_GenomeWideSNP_6_D07_781798	3	98944458	98945299	14	-1.4056
FOXED_p_TCGA_b122_128_SNP_N_GenomeWideSNP_6_D07_781798	3	98945395	98949056	13	-3.088
FOXED_p_TCGA_b122_128_SNP_N_GenomeWideSNP_6_D07_781798	3	98949069	98949314	10	-1.3184
FOXED_p_TCGA_b122_128_SNP_N_GenomeWideSNP_6_D07_781798	3	98949421	110024924	6624	0.2062
FOXED_p_TCGA_b122_128_SNP_N_GenomeWideSNP_6_D07_781798	3	110024947	110024964	2	-2.364
FOXED_p_TCGA_b122_128_SNP_N_GenomeWideSNP_6_D07_781798	3	110027465	129760622	12131	0.2051
FOXED_p_TCGA_b122_128_SNP_N_GenomeWideSNP_6_D07_781798	3	129761124	129786374	11	-0.4064
FOXED_p_TCGA_b122_128_SNP_N_GenomeWideSNP_6_D07_781798	3	129786739	129806236	43	-1.8829
FOXED_p_TCGA_b122_128_SNP_N_GenomeWideSNP_6_D07_781798	3	129806924	131706696	1174	0.2053
FOXED_p_TCGA_b122_128_SNP_N_GenomeWideSNP_6_D07_781798	3	131708157	131708471	2	-1.7827
FOXED_p_TCGA_b122_128_SNP_N_GenomeWideSNP_6_D07_781798	3	131714999	150328632	11600	0.2092
FOXED_p_TCGA_b122_128_SNP_N_GenomeWideSNP_6_D07_781798	3	150331561	150332011	4	-1.4868
FOXED_p_TCGA_b122_128_SNP_N_GenomeWideSNP_6_D07_781798	3	150334762	162512739	7521	0.201
FOXED_p_TCGA_b122_128_SNP_N_GenomeWideSNP_6_D07_781798	3	162513092	162628614	71	0.7148
FOXED_p_TCGA_b122_128_SNP_N_GenomeWideSNP_6_D07_781798	3	162628643	186333261	14369	0.2114
FOXED_p_TCGA_b122_128_SNP_N_GenomeWideSNP_6_D07_781798	3	186336027	186338877	3	-2.0068
FOXED_p_TCGA_b122_128_SNP_N_GenomeWideSNP_6_D07_781798	3	186338960	186427340	103	0.2262
FOXED_p_TCGA_b122_128_SNP_N_GenomeWideSNP_6_D07_781798	3	186427374	186436776	11	0.6885
FOXED_p_TCGA_b122_128_SNP_N_GenomeWideSNP_6_D07_781798	3	186436918	189360754	2204	0.2059
FOXED_p_TCGA_b122_128_SNP_N_GenomeWideSNP_6_D07_781798	3	189363678	189364638	11	-2.3426
FOXED_p_TCGA_b122_128_SNP_N_GenomeWideSNP_6_D07_781798	3	189370988	192877902	2499	0.2114
FOXED_p_TCGA_b122_128_SNP_N_GenomeWideSNP_6_D07_781798	3	192877962	192882903	19	1.1531
FOXED_p_TCGA_b122_128_SNP_N_GenomeWideSNP_6_D07_781798	3	192886435	197896118	2708	0.2162
FOXED_p_TCGA_b122_128_SNP_N_GenomeWideSNP_6_D07_781798	4	12281	13290	2	-0.6718
FOXED_p_TCGA_b122_128_SNP_N_GenomeWideSNP_6_D07_781798	4	16700	66719	56	-0.018
FOXED_p_TCGA_b122_128_SNP_N_GenomeWideSNP_6_D07_781798	4	68821	2486276	924	-0.4921
FOXED_p_TCGA_b122_128_SNP_N_GenomeWideSNP_6_D07_781798	4	2486486	2487366	2	-2.4392
FOXED_p_TCGA_b122_128_SNP_N_GenomeWideSNP_6_D07_781798	4	2488063	10223628	4811	-0.4984
FOXED_p_TCGA_b122_128_SNP_N_GenomeWideSNP_6_D07_781798	4	10223848	10231498	26	-1.5354
FOXED_p_TCGA_b122_128_SNP_N_GenomeWideSNP_6_D07_781798	4	10234214	34779054	16999	-0.4968
FOXED_p_TCGA_b122_128_SNP_N_GenomeWideSNP_6_D07_781798	4	34786500	34824725	38	-2.3607
FOXED_p_TCGA_b122_128_SNP_N_GenomeWideSNP_6_D07_781798	4	34829872	65818564	17280	-0.4914
FOXED_p_TCGA_b122_128_SNP_N_GenomeWideSNP_6_D07_781798	4	65818657	65840018	44	-0.1447
FOXED_p_TCGA_b122_128_SNP_N_GenomeWideSNP_6_D07_781798	4	65844051	70148877	2592	-0.4815
FOXED_p_TCGA_b122_128_SNP_N_GenomeWideSNP_6_D07_781798	4	70149157	70152746	4	-1.6115
FOXED_p_TCGA_b122_128_SNP_N_GenomeWideSNP_6_D07_781798	4	70154507	70389716	147	-0.4831
FOXED_p_TCGA_b122_128_SNP_N_GenomeWideSNP_6_D07_781798	4	70389861	70390779	2	-2.8154
FOXED_p_TCGA_b122_128_SNP_N_GenomeWideSNP_6_D07_781798	4	70391888	115173700	27252	-0.4977
FOXED_p_TCGA_b122_128_SNP_N_GenomeWideSNP_6_D07_781798	4	115175323	115185823	31	0.384
FOXED_p_TCGA_b122_128_SNP_N_GenomeWideSNP_6_D07_781798	4	115186565	137939297	13141	-0.4849
FOXED_p_TCGA_b122_128_SNP_N_GenomeWideSNP_6_D07_781798	4	137939370	137946369	15	0.1063
FOXED_p_TCGA_b122_128_SNP_N_GenomeWideSNP_6_D07_781798	4	137948899	190542814	33941	-0.4872
FOXED_p_TCGA_b122_128_SNP_N_GenomeWideSNP_6_D07_781798	4	190542878	191027923	189	-0.1602
FOXED_p_TCGA_b122_128_SNP_N_GenomeWideSNP_6_D07_781798	5	15532	741695	324	-0.2401
FOXED_p_TCGA_b122_128_SNP_N_GenomeWideSNP_6_D07_781798	5	742039	833628	41	-0.6129
FOXED_p_TCGA_b122_128_SNP_N_GenomeWideSNP_6_D07_781798	5	852566	3095783	1692	-0.1897
FOXED_p_TCGA_b122_128_SNP_N_GenomeWideSNP_6_D07_781798	5	3096772	3107940	10	-0.7745
FOXED_p_TCGA_b122_128_SNP_N_GenomeWideSNP_6_D07_781798	5	3108117	8702240	4903	-0.1722
FOXED_p_TCGA_b122_128_SNP_N_GenomeWideSNP_6_D07_781798	5	8702522	8747142	46	-1.1735
FOXED_p_TCGA_b122_128_SNP_N_GenomeWideSNP_6_D07_781798	5	8749731	21439306	8762	-0.1634
FOXED_p_TCGA_b122_128_SNP_N_GenomeWideSNP_6_D07_781798	5	21441064	21451277	7	0.6774
FOXED_p_TCGA_b122_128_SNP_N_GenomeWideSNP_6_D07_781798	5	21451964	26789496	3159	-0.1681
FOXED_p_TCGA_b122_128_SNP_N_GenomeWideSNP_6_D07_781798	5	26797760	26797844	2	-1.7642
FOXED_p_TCGA_b122_128_SNP_N_GenomeWideSNP_6_D07_781798	5	26803884	27525916	398	-0.1817
FOXED_p_TCGA_b122_128_SNP_N_GenomeWideSNP_6_D07_781798	5	27525932	27526020	6	-1.4364
FOXED_p_TCGA_b122_128_SNP_N_GenomeWideSNP_6_D07_781798	5	27527479	46271930	11471	-0.1755
FOXED_p_TCGA_b122_128_SNP_N_GenomeWideSNP_6_D07_781798	5	46272521	46273502	5	-2.1558
FOXED_p_TCGA_b122_128_SNP_N_GenomeWideSNP_6_D07_781798	5	46278212	180790320	82353	-0.1794
FOXED_p_TCGA_b122_128_SNP_N_GenomeWideSNP_6_D07_781798	6	149661	254283	101	0.3339
FOXED_p_TCGA_b122_128_SNP_N_GenomeWideSNP_6_D07_781798	6	257353	285695	15	1.0929
FOXED_p_TCGA_b122_128_SNP_N_GenomeWideSNP_6_D07_781798	6	286393	380821	84	0.6374
FOXED_p_TCGA_b122_128_SNP_N_GenomeWideSNP_6_D07_781798	6	381149	19040119	14610	0.3351
FOXED_p_TCGA_b122_128_SNP_N_GenomeWideSNP_6_D07_781798	6	19042181	19044763	7	-0.5203
FOXED_p_TCGA_b122_128_SNP_N_GenomeWideSNP_6_D07_781798	6	19044869	29836475	6939	0.3211
FOXED_p_TCGA_b122_128_SNP_N_GenomeWideSNP_6_D07_781798	6	29836577	29876959	30	0.6261
FOXED_p_TCGA_b122_128_SNP_N_GenomeWideSNP_6_D07_781798	6	29881026	29918453	25	0.3045
FOXED_p_TCGA_b122_128_SNP_N_GenomeWideSNP_6_D07_781798	6	29918538	29921127	4	-0.4581
FOXED_p_TCGA_b122_128_SNP_N_GenomeWideSNP_6_D07_781798	6	29921223	31210866	584	0.3199
FOXED_p_TCGA_b122_128_SNP_N_GenomeWideSNP_6_D07_781798	6	31229462	31229644	3	-0.8644
FOXED_p_TCGA_b122_128_SNP_N_GenomeWideSNP_6_D07_781798	6	31230667	32351566	488	0.2965
FOXED_p_TCGA_b122_128_SNP_N_GenomeWideSNP_6_D07_781798	6	32357133	32363844	11	-1.0005
FOXED_p_TCGA_b122_128_SNP_N_GenomeWideSNP_6_D07_781798	6	32373185	32431292	63	0.264
FOXED_p_TCGA_b122_128_SNP_N_GenomeWideSNP_6_D07_781798	6	32431552	32570046	37	-0.1599
FOXED_p_TCGA_b122_128_SNP_N_GenomeWideSNP_6_D07_781798	6	32570365	32580617	10	0.2689
FOXED_p_TCGA_b122_128_SNP_N_GenomeWideSNP_6_D07_781798	6	32581838	32601317	11	0.9968
FOXED_p_TCGA_b122_128_SNP_N_GenomeWideSNP_6_D07_781798	6	32602107	32624304	10	0.1166
FOXED_p_TCGA_b122_128_SNP_N_GenomeWideSNP_6_D07_781798	6	32624591	32625937	4	-1.0098
FOXED_p_TCGA_b122_128_SNP_N_GenomeWideSNP_6_D07_781798	6	32626618	74591858	24290	0.3397
FOXED_p_TCGA_b122_128_SNP_N_GenomeWideSNP_6_D07_781798	6	74592225	74601410	10	1.1233
FOXED_p_TCGA_b122_128_SNP_N_GenomeWideSNP_6_D07_781798	6	74603555	77436532	1771	0.3388
FOXED_p_TCGA_b122_128_SNP_N_GenomeWideSNP_6_D07_781798	6	77439868	77452382	15	-0.3139
FOXED_p_TCGA_b122_128_SNP_N_GenomeWideSNP_6_D07_781798	6	77452392	78971712	990	0.3179
FOXED_p_TCGA_b122_128_SNP_N_GenomeWideSNP_6_D07_781798	6	78971781	79035185	109	-0.179
FOXED_p_TCGA_b122_128_SNP_N_GenomeWideSNP_6_D07_781798	6	79039234	79519669	312	0.3214
FOXED_p_TCGA_b122_128_SNP_N_GenomeWideSNP_6_D07_781798	6	79520689	79528574	4	-0.3887
FOXED_p_TCGA_b122_128_SNP_N_GenomeWideSNP_6_D07_781798	6	79531255	81277986	1116	0.3279
FOXED_p_TCGA_b122_128_SNP_N_GenomeWideSNP_6_D07_781798	6	81277987	81289534	34	-0.4792
FOXED_p_TCGA_b122_128_SNP_N_GenomeWideSNP_6_D07_781798	6	81294341	147986811	42002	0.3101
FOXED_p_TCGA_b122_128_SNP_N_GenomeWideSNP_6_D07_781798	6	147987459	148036359	32	-0.0674
FOXED_p_TCGA_b122_128_SNP_N_GenomeWideSNP_6_D07_781798	6	148039255	161032565	9055	0.3134
FOXED_p_TCGA_b122_128_SNP_N_GenomeWideSNP_6_D07_781798	6	161032719	161032877	3	1.6296
FOXED_p_TCGA_b122_128_SNP_N_GenomeWideSNP_6_D07_781798	6	161033247	170982327	7269	0.3146
FOXED_p_TCGA_b122_128_SNP_N_GenomeWideSNP_6_D07_781798	6	170982534	171051005	3	-0.4748
FOXED_p_TCGA_b122_128_SNP_N_GenomeWideSNP_6_D07_781798	7	43355	4156647	2083	0.6201
FOXED_p_TCGA_b122_128_SNP_N_GenomeWideSNP_6_D07_781798	7	4158354	4158553	2	-3.047
FOXED_p_TCGA_b122_128_SNP_N_GenomeWideSNP_6_D07_781798	7	4161371	54386505	36519	0.6081
FOXED_p_TCGA_b122_128_SNP_N_GenomeWideSNP_6_D07_781798	7	54386509	54386517	5	-1.184
FOXED_p_TCGA_b122_128_SNP_N_GenomeWideSNP_6_D07_781798	7	54393488	62365702	2240	0.5943
FOXED_p_TCGA_b122_128_SNP_N_GenomeWideSNP_6_D07_781798	7	62369833	62369834	2	-0.8436
FOXED_p_TCGA_b122_128_SNP_N_GenomeWideSNP_6_D07_781798	7	62385277	64568852	898	0.6006
FOXED_p_TCGA_b122_128_SNP_N_GenomeWideSNP_6_D07_781798	7	64594065	64595698	6	1.5174
FOXED_p_TCGA_b122_128_SNP_N_GenomeWideSNP_6_D07_781798	7	64637128	65002683	185	0.611
FOXED_p_TCGA_b122_128_SNP_N_GenomeWideSNP_6_D07_781798	7	65004474	65026492	3	-0.7244
FOXED_p_TCGA_b122_128_SNP_N_GenomeWideSNP_6_D07_781798	7	65051738	66637239	561	0.5738
FOXED_p_TCGA_b122_128_SNP_N_GenomeWideSNP_6_D07_781798	7	66641374	66645232	5	-0.6319
FOXED_p_TCGA_b122_128_SNP_N_GenomeWideSNP_6_D07_781798	7	66647639	97407061	18309	0.5969
FOXED_p_TCGA_b122_128_SNP_N_GenomeWideSNP_6_D07_781798	7	97417607	97417610	2	-1.2985
FOXED_p_TCGA_b122_128_SNP_N_GenomeWideSNP_6_D07_781798	7	97420649	109433798	6618	0.6008
FOXED_p_TCGA_b122_128_SNP_N_GenomeWideSNP_6_D07_781798	7	109437092	109453910	35	-0.1753
FOXED_p_TCGA_b122_128_SNP_N_GenomeWideSNP_6_D07_781798	7	109453982	125051319	9363	0.6049
FOXED_p_TCGA_b122_128_SNP_N_GenomeWideSNP_6_D07_781798	7	125052348	125065650	11	1.3004
FOXED_p_TCGA_b122_128_SNP_N_GenomeWideSNP_6_D07_781798	7	125068636	126045651	672	0.6434
FOXED_p_TCGA_b122_128_SNP_N_GenomeWideSNP_6_D07_781798	7	126045686	126046876	10	1.2538
FOXED_p_TCGA_b122_128_SNP_N_GenomeWideSNP_6_D07_781798	7	126046877	133778468	4705	0.5984
FOXED_p_TCGA_b122_128_SNP_N_GenomeWideSNP_6_D07_781798	7	133778637	133795634	29	0.961
FOXED_p_TCGA_b122_128_SNP_N_GenomeWideSNP_6_D07_781798	7	133795665	142476719	5704	0.6036
FOXED_p_TCGA_b122_128_SNP_N_GenomeWideSNP_6_D07_781798	7	142476764	142486345	28	-0.4052
FOXED_p_TCGA_b122_128_SNP_N_GenomeWideSNP_6_D07_781798	7	142486495	143218858	467	0.6326
FOXED_p_TCGA_b122_128_SNP_N_GenomeWideSNP_6_D07_781798	7	143218968	143575983	105	0.1475
FOXED_p_TCGA_b122_128_SNP_N_GenomeWideSNP_6_D07_781798	7	143576100	143904279	266	0.6261
FOXED_p_TCGA_b122_128_SNP_N_GenomeWideSNP_6_D07_781798	7	143909235	144003667	26	0.1231
FOXED_p_TCGA_b122_128_SNP_N_GenomeWideSNP_6_D07_781798	7	144003746	153147638	5602	0.6087
FOXED_p_TCGA_b122_128_SNP_N_GenomeWideSNP_6_D07_781798	7	153147645	153147712	2	-1.9915
FOXED_p_TCGA_b122_128_SNP_N_GenomeWideSNP_6_D07_781798	7	153147715	159087066	4073	0.6171
FOXED_p_TCGA_b122_128_SNP_N_GenomeWideSNP_6_D07_781798	7	159089523	159127004	44	0.3156
FOXED_p_TCGA_b122_128_SNP_N_GenomeWideSNP_6_D07_781798	8	31254	7024567	7821	-0.1462
FOXED_p_TCGA_b122_128_SNP_N_GenomeWideSNP_6_D07_781798	8	7029990	7170474	7	-1.0777
FOXED_p_TCGA_b122_128_SNP_N_GenomeWideSNP_6_D07_781798	8	7170489	7331769	66	-0.2721
FOXED_p_TCGA_b122_128_SNP_N_GenomeWideSNP_6_D07_781798	8	7335009	7403283	40	0.2722
FOXED_p_TCGA_b122_128_SNP_N_GenomeWideSNP_6_D07_781798	8	7403311	7935855	100	-0.1863
FOXED_p_TCGA_b122_128_SNP_N_GenomeWideSNP_6_D07_781798	8	7943182	8102831	47	0.1392
FOXED_p_TCGA_b122_128_SNP_N_GenomeWideSNP_6_D07_781798	8	8107766	12234251	3242	-0.1757
FOXED_p_TCGA_b122_128_SNP_N_GenomeWideSNP_6_D07_781798	8	12234298	12247486	32	0.5397
FOXED_p_TCGA_b122_128_SNP_N_GenomeWideSNP_6_D07_781798	8	12260927	12269712	10	-0.898
FOXED_p_TCGA_b122_128_SNP_N_GenomeWideSNP_6_D07_781798	8	12275741	24974522	10487	-0.1426
FOXED_p_TCGA_b122_128_SNP_N_GenomeWideSNP_6_D07_781798	8	24974577	24991104	25	0.6652
FOXED_p_TCGA_b122_128_SNP_N_GenomeWideSNP_6_D07_781798	8	24991127	39230659	9043	-0.1407
FOXED_p_TCGA_b122_128_SNP_N_GenomeWideSNP_6_D07_781798	8	39235603	39386965	59	0.8427
FOXED_p_TCGA_b122_128_SNP_N_GenomeWideSNP_6_D07_781798	8	39388299	112294646	42067	-0.0467
FOXED_p_TCGA_b122_128_SNP_N_GenomeWideSNP_6_D07_781798	8	112294670	112295245	5	-1.9754
FOXED_p_TCGA_b122_128_SNP_N_GenomeWideSNP_6_D07_781798	8	112295260	114718912	1273	-0.0467
FOXED_p_TCGA_b122_128_SNP_N_GenomeWideSNP_6_D07_781798	8	114719389	114719528	2	-2.122
FOXED_p_TCGA_b122_128_SNP_N_GenomeWideSNP_6_D07_781798	8	114722594	120152010	3701	-0.0505
FOXED_p_TCGA_b122_128_SNP_N_GenomeWideSNP_6_D07_781798	8	120154784	120159446	4	-2.3221
FOXED_p_TCGA_b122_128_SNP_N_GenomeWideSNP_6_D07_781798	8	120162854	146298155	17968	-0.0515
FOXED_p_TCGA_b122_128_SNP_N_GenomeWideSNP_6_D07_781798	9	46587	23361805	20478	0.5261
FOXED_p_TCGA_b122_128_SNP_N_GenomeWideSNP_6_D07_781798	9	23363115	23373484	8	-2.3048
FOXED_p_TCGA_b122_128_SNP_N_GenomeWideSNP_6_D07_781798	9	23378488	40911224	10861	0.5245
FOXED_p_TCGA_b122_128_SNP_N_GenomeWideSNP_6_D07_781798	9	41450153	41600382	7	-0.2832
FOXED_p_TCGA_b122_128_SNP_N_GenomeWideSNP_6_D07_781798	9	41600614	41846811	28	0.4736
FOXED_p_TCGA_b122_128_SNP_N_GenomeWideSNP_6_D07_781798	9	41892866	41985187	7	1.323
FOXED_p_TCGA_b122_128_SNP_N_GenomeWideSNP_6_D07_781798	9	42023107	44233594	91	0.4918
FOXED_p_TCGA_b122_128_SNP_N_GenomeWideSNP_6_D07_781798	9	44234451	44396927	18	-0.1137
FOXED_p_TCGA_b122_128_SNP_N_GenomeWideSNP_6_D07_781798	9	44404912	141091394	48482	0.5172
FOXED_p_TCGA_b122_128_SNP_N_GenomeWideSNP_6_D07_781798	10	72759	17949857	14895	0.0026
FOXED_p_TCGA_b122_128_SNP_N_GenomeWideSNP_6_D07_781798	10	17971816	18199813	16	0.4588
FOXED_p_TCGA_b122_128_SNP_N_GenomeWideSNP_6_D07_781798	10	18223647	24377675	4346	-0.0015
FOXED_p_TCGA_b122_128_SNP_N_GenomeWideSNP_6_D07_781798	10	24377676	24378054	9	-1.6533
FOXED_p_TCGA_b122_128_SNP_N_GenomeWideSNP_6_D07_781798	10	24378908	47771030	12700	-0.0086
FOXED_p_TCGA_b122_128_SNP_N_GenomeWideSNP_6_D07_781798	10	47897394	47913401	3	-2.2916
FOXED_p_TCGA_b122_128_SNP_N_GenomeWideSNP_6_D07_781798	10	47948060	90938673	28702	-0.0281
FOXED_p_TCGA_b122_128_SNP_N_GenomeWideSNP_6_D07_781798	10	90943096	90947909	8	-1.2235
FOXED_p_TCGA_b122_128_SNP_N_GenomeWideSNP_6_D07_781798	10	90947968	120278944	19298	-0.0409
FOXED_p_TCGA_b122_128_SNP_N_GenomeWideSNP_6_D07_781798	10	120287011	120287418	2	-1.7229
FOXED_p_TCGA_b122_128_SNP_N_GenomeWideSNP_6_D07_781798	10	120288156	124343951	3231	-0.0338
FOXED_p_TCGA_b122_128_SNP_N_GenomeWideSNP_6_D07_781798	10	124344109	124346914	4	-1.9026
FOXED_p_TCGA_b122_128_SNP_N_GenomeWideSNP_6_D07_781798	10	124346978	135506704	7927	-0.0343
FOXED_p_TCGA_b122_128_SNP_N_GenomeWideSNP_6_D07_781798	11	198510	2248562	726	0.0056
FOXED_p_TCGA_b122_128_SNP_N_GenomeWideSNP_6_D07_781798	11	2255541	2255563	2	-1.4078
FOXED_p_TCGA_b122_128_SNP_N_GenomeWideSNP_6_D07_781798	11	2256281	4726440	1475	-0.0076
FOXED_p_TCGA_b122_128_SNP_N_GenomeWideSNP_6_D07_781798	11	4726618	4726891	5	-1.401
FOXED_p_TCGA_b122_128_SNP_N_GenomeWideSNP_6_D07_781798	11	4729134	4975705	299	-0.0483
FOXED_p_TCGA_b122_128_SNP_N_GenomeWideSNP_6_D07_781798	11	4976257	4976272	2	-1.4086
FOXED_p_TCGA_b122_128_SNP_N_GenomeWideSNP_6_D07_781798	11	4976334	5787405	797	-0.0025
FOXED_p_TCGA_b122_128_SNP_N_GenomeWideSNP_6_D07_781798	11	5788080	5809139	32	-0.9475
FOXED_p_TCGA_b122_128_SNP_N_GenomeWideSNP_6_D07_781798	11	5809338	49758856	30589	-0.0119
FOXED_p_TCGA_b122_128_SNP_N_GenomeWideSNP_6_D07_781798	11	49759555	49760688	6	-1.418
FOXED_p_TCGA_b122_128_SNP_N_GenomeWideSNP_6_D07_781798	11	49766161	54965608	544	-0.0082
FOXED_p_TCGA_b122_128_SNP_N_GenomeWideSNP_6_D07_781798	11	54969861	54982211	5	-1.1849
FOXED_p_TCGA_b122_128_SNP_N_GenomeWideSNP_6_D07_781798	11	55009475	60965476	3672	-0.0054
FOXED_p_TCGA_b122_128_SNP_N_GenomeWideSNP_6_D07_781798	11	60984460	61000494	2	-1.5008
FOXED_p_TCGA_b122_128_SNP_N_GenomeWideSNP_6_D07_781798	11	61015806	79967504	9896	-0.008
FOXED_p_TCGA_b122_128_SNP_N_GenomeWideSNP_6_D07_781798	11	79967513	79967548	2	-1.5793
FOXED_p_TCGA_b122_128_SNP_N_GenomeWideSNP_6_D07_781798	11	79967564	86305661	4509	-0.0078
FOXED_p_TCGA_b122_128_SNP_N_GenomeWideSNP_6_D07_781798	11	86305813	86306054	5	-1.0718
FOXED_p_TCGA_b122_128_SNP_N_GenomeWideSNP_6_D07_781798	11	86315174	92934333	4432	-0.011
FOXED_p_TCGA_b122_128_SNP_N_GenomeWideSNP_6_D07_781798	11	92936162	92938484	3	-1.3054
FOXED_p_TCGA_b122_128_SNP_N_GenomeWideSNP_6_D07_781798	11	92941753	134897195	30163	-0.0168
FOXED_p_TCGA_b122_128_SNP_N_GenomeWideSNP_6_D07_781798	11	134900469	134944770	31	-0.3411
FOXED_p_TCGA_b122_128_SNP_N_GenomeWideSNP_6_D07_781798	12	150442	869109	419	-0.0701
FOXED_p_TCGA_b122_128_SNP_N_GenomeWideSNP_6_D07_781798	12	869198	874029	17	-1.3473
FOXED_p_TCGA_b122_128_SNP_N_GenomeWideSNP_6_D07_781798	12	875354	1656182	445	-0.0155
FOXED_p_TCGA_b122_128_SNP_N_GenomeWideSNP_6_D07_781798	12	1656361	1661143	3	-1.0733
FOXED_p_TCGA_b122_128_SNP_N_GenomeWideSNP_6_D07_781798	12	1661953	7963212	4485	-0.0034
FOXED_p_TCGA_b122_128_SNP_N_GenomeWideSNP_6_D07_781798	12	7963856	8123900	67	0.3594
FOXED_p_TCGA_b122_128_SNP_N_GenomeWideSNP_6_D07_781798	12	8130958	9630556	772	-0.0178
FOXED_p_TCGA_b122_128_SNP_N_GenomeWideSNP_6_D07_781798	12	9633870	9728292	25	-1.2158
FOXED_p_TCGA_b122_128_SNP_N_GenomeWideSNP_6_D07_781798	12	9734969	11215372	1042	-0.0112
FOXED_p_TCGA_b122_128_SNP_N_GenomeWideSNP_6_D07_781798	12	11216849	11241532	14	-1.3708
FOXED_p_TCGA_b122_128_SNP_N_GenomeWideSNP_6_D07_781798	12	11251874	31265057	14201	-0.0157
FOXED_p_TCGA_b122_128_SNP_N_GenomeWideSNP_6_D07_781798	12	31269298	31409879	92	0.5699
FOXED_p_TCGA_b122_128_SNP_N_GenomeWideSNP_6_D07_781798	12	31410284	45899825	6958	-0.0042
FOXED_p_TCGA_b122_128_SNP_N_GenomeWideSNP_6_D07_781798	12	45904438	45913292	5	-0.9222
FOXED_p_TCGA_b122_128_SNP_N_GenomeWideSNP_6_D07_781798	12	45915591	48725239	1720	-0.023
FOXED_p_TCGA_b122_128_SNP_N_GenomeWideSNP_6_D07_781798	12	48725402	48725415	2	-2.2708
FOXED_p_TCGA_b122_128_SNP_N_GenomeWideSNP_6_D07_781798	12	48730036	51213433	1132	-0.0138
FOXED_p_TCGA_b122_128_SNP_N_GenomeWideSNP_6_D07_781798	12	51218114	51218323	2	-1.7844
FOXED_p_TCGA_b122_128_SNP_N_GenomeWideSNP_6_D07_781798	12	51219701	133778189	53719	-0.0173
FOXED_p_TCGA_b122_128_SNP_N_GenomeWideSNP_6_D07_781798	13	19026949	20820781	908	0.7416
FOXED_p_TCGA_b122_128_SNP_N_GenomeWideSNP_6_D07_781798	13	20827251	20827940	2	-1.7749
FOXED_p_TCGA_b122_128_SNP_N_GenomeWideSNP_6_D07_781798	13	20832547	38076300	12672	0.7718
FOXED_p_TCGA_b122_128_SNP_N_GenomeWideSNP_6_D07_781798	13	38076671	38084757	9	1.8603
FOXED_p_TCGA_b122_128_SNP_N_GenomeWideSNP_6_D07_781798	13	38088330	53094799	9919	0.7695
FOXED_p_TCGA_b122_128_SNP_N_GenomeWideSNP_6_D07_781798	13	53097984	53105785	3	-1.4026
FOXED_p_TCGA_b122_128_SNP_N_GenomeWideSNP_6_D07_781798	13	53117879	69250779	9575	0.7746
FOXED_p_TCGA_b122_128_SNP_N_GenomeWideSNP_6_D07_781798	13	69250859	69251505	5	-0.1391
FOXED_p_TCGA_b122_128_SNP_N_GenomeWideSNP_6_D07_781798	13	69251649	72476988	2091	0.753
FOXED_p_TCGA_b122_128_SNP_N_GenomeWideSNP_6_D07_781798	13	72477555	72480605	5	1.95
FOXED_p_TCGA_b122_128_SNP_N_GenomeWideSNP_6_D07_781798	13	72486483	75021897	1917	0.7468
FOXED_p_TCGA_b122_128_SNP_N_GenomeWideSNP_6_D07_781798	13	75022003	75022661	2	-1.9326
FOXED_p_TCGA_b122_128_SNP_N_GenomeWideSNP_6_D07_781798	13	75024613	83164534	5368	0.7472
FOXED_p_TCGA_b122_128_SNP_N_GenomeWideSNP_6_D07_781798	13	83168967	83170678	2	-1.5053
FOXED_p_TCGA_b122_128_SNP_N_GenomeWideSNP_6_D07_781798	13	83172655	115108397	21880	0.7545
FOXED_p_TCGA_b122_128_SNP_N_GenomeWideSNP_6_D07_781798	14	19002124	19706758	52	0.0688
FOXED_p_TCGA_b122_128_SNP_N_GenomeWideSNP_6_D07_781798	14	19731410	20422583	137	0.6114
FOXED_p_TCGA_b122_128_SNP_N_GenomeWideSNP_6_D07_781798	14	20423372	30371150	6441	0.0041
FOXED_p_TCGA_b122_128_SNP_N_GenomeWideSNP_6_D07_781798	14	30372765	30399424	10	0.7132
FOXED_p_TCGA_b122_128_SNP_N_GenomeWideSNP_6_D07_781798	14	30405833	61055940	19489	-0.0095
FOXED_p_TCGA_b122_128_SNP_N_GenomeWideSNP_6_D07_781798	14	61058142	61059136	2	-2.4346
FOXED_p_TCGA_b122_128_SNP_N_GenomeWideSNP_6_D07_781798	14	61066218	70018047	5585	-0.0227
FOXED_p_TCGA_b122_128_SNP_N_GenomeWideSNP_6_D07_781798	14	70018368	70022467	8	-1.0474
FOXED_p_TCGA_b122_128_SNP_N_GenomeWideSNP_6_D07_781798	14	70022713	84158059	9334	-0.0139
FOXED_p_TCGA_b122_128_SNP_N_GenomeWideSNP_6_D07_781798	14	84158739	84162114	2	-1.8381
FOXED_p_TCGA_b122_128_SNP_N_GenomeWideSNP_6_D07_781798	14	84162298	87102595	2029	-0.0181
FOXED_p_TCGA_b122_128_SNP_N_GenomeWideSNP_6_D07_781798	14	87103671	87103697	2	-2.4781
FOXED_p_TCGA_b122_128_SNP_N_GenomeWideSNP_6_D07_781798	14	87109568	106530364	12096	-0.002
FOXED_p_TCGA_b122_128_SNP_N_GenomeWideSNP_6_D07_781798	14	106530687	106542277	6	0.6524
FOXED_p_TCGA_b122_128_SNP_N_GenomeWideSNP_6_D07_781798	14	106547314	106567100	11	0.9706
FOXED_p_TCGA_b122_128_SNP_N_GenomeWideSNP_6_D07_781798	14	106569463	106574560	3	0.4518
FOXED_p_TCGA_b122_128_SNP_N_GenomeWideSNP_6_D07_781798	14	106577592	106588259	6	-0.3307
FOXED_p_TCGA_b122_128_SNP_N_GenomeWideSNP_6_D07_781798	14	106589943	107285437	407	0.0582
FOXED_p_TCGA_b122_128_SNP_N_GenomeWideSNP_6_D07_781798	15	20016328	20412026	64	-0.2268
FOXED_p_TCGA_b122_128_SNP_N_GenomeWideSNP_6_D07_781798	15	20412478	20806357	89	-0.72
FOXED_p_TCGA_b122_128_SNP_N_GenomeWideSNP_6_D07_781798	15	20814977	21269018	132	-0.4576
FOXED_p_TCGA_b122_128_SNP_N_GenomeWideSNP_6_D07_781798	15	21271050	21273220	2	1.3322
FOXED_p_TCGA_b122_128_SNP_N_GenomeWideSNP_6_D07_781798	15	21275684	29411991	4156	-0.4783
FOXED_p_TCGA_b122_128_SNP_N_GenomeWideSNP_6_D07_781798	15	29412047	29425240	7	-1.7178
FOXED_p_TCGA_b122_128_SNP_N_GenomeWideSNP_6_D07_781798	15	29426096	30444276	655	-0.5199
FOXED_p_TCGA_b122_128_SNP_N_GenomeWideSNP_6_D07_781798	15	30448595	30792569	101	-0.9743
FOXED_p_TCGA_b122_128_SNP_N_GenomeWideSNP_6_D07_781798	15	30795789	70462010	25679	-0.4792
FOXED_p_TCGA_b122_128_SNP_N_GenomeWideSNP_6_D07_781798	15	70462665	70462952	2	-2.1489
FOXED_p_TCGA_b122_128_SNP_N_GenomeWideSNP_6_D07_781798	15	70471263	76891511	3471	-0.448
FOXED_p_TCGA_b122_128_SNP_N_GenomeWideSNP_6_D07_781798	15	76891627	76892225	9	-2.7819
FOXED_p_TCGA_b122_128_SNP_N_GenomeWideSNP_6_D07_781798	15	76895064	102469040	17693	-0.4811
FOXED_p_TCGA_b122_128_SNP_N_GenomeWideSNP_6_D07_781798	16	60777	62016	3	-0.9567
FOXED_p_TCGA_b122_128_SNP_N_GenomeWideSNP_6_D07_781798	16	85827	4133924	1620	0.6075
FOXED_p_TCGA_b122_128_SNP_N_GenomeWideSNP_6_D07_781798	16	4136418	4140024	3	-0.9756
FOXED_p_TCGA_b122_128_SNP_N_GenomeWideSNP_6_D07_781798	16	4144898	7144324	2868	0.5466
FOXED_p_TCGA_b122_128_SNP_N_GenomeWideSNP_6_D07_781798	16	7145567	7369730	320	-1.3227
FOXED_p_TCGA_b122_128_SNP_N_GenomeWideSNP_6_D07_781798	16	7373049	53353159	20431	0.6812
FOXED_p_TCGA_b122_128_SNP_N_GenomeWideSNP_6_D07_781798	16	53357437	55796594	2094	-0.4889
FOXED_p_TCGA_b122_128_SNP_N_GenomeWideSNP_6_D07_781798	16	55798222	55798779	3	1.936
FOXED_p_TCGA_b122_128_SNP_N_GenomeWideSNP_6_D07_781798	16	55804348	55816646	11	-0.2712
FOXED_p_TCGA_b122_128_SNP_N_GenomeWideSNP_6_D07_781798	16	55816705	55822444	4	1.1003
FOXED_p_TCGA_b122_128_SNP_N_GenomeWideSNP_6_D07_781798	16	55829557	90287535	25076	-0.4888
FOXED_p_TCGA_b122_128_SNP_N_GenomeWideSNP_6_D07_781798	17	526	18358949	11439	-0.49
FOXED_p_TCGA_b122_128_SNP_N_GenomeWideSNP_6_D07_781798	17	18361686	18459272	24	-1.2991
FOXED_p_TCGA_b122_128_SNP_N_GenomeWideSNP_6_D07_781798	17	18464586	22219197	1545	-0.458
FOXED_p_TCGA_b122_128_SNP_N_GenomeWideSNP_6_D07_781798	17	22219568	26779053	784	0.0044
FOXED_p_TCGA_b122_128_SNP_N_GenomeWideSNP_6_D07_781798	17	26781341	26782319	2	-2.0267
FOXED_p_TCGA_b122_128_SNP_N_GenomeWideSNP_6_D07_781798	17	26789271	34435512	4587	0.003
FOXED_p_TCGA_b122_128_SNP_N_GenomeWideSNP_6_D07_781798	17	34436267	34543343	43	0.4545
FOXED_p_TCGA_b122_128_SNP_N_GenomeWideSNP_6_D07_781798	17	34586294	38699808	2068	0.0143
FOXED_p_TCGA_b122_128_SNP_N_GenomeWideSNP_6_D07_781798	17	38700659	39380430	454	-0.5013
FOXED_p_TCGA_b122_128_SNP_N_GenomeWideSNP_6_D07_781798	17	39387560	39393769	5	-1.4231
FOXED_p_TCGA_b122_128_SNP_N_GenomeWideSNP_6_D07_781798	17	39395856	39421708	12	-0.5058
FOXED_p_TCGA_b122_128_SNP_N_GenomeWideSNP_6_D07_781798	17	39423014	39430531	24	1.5826
FOXED_p_TCGA_b122_128_SNP_N_GenomeWideSNP_6_D07_781798	17	39432724	39440901	17	-0.1319
FOXED_p_TCGA_b122_128_SNP_N_GenomeWideSNP_6_D07_781798	17	39440956	42995039	1889	-0.4328
FOXED_p_TCGA_b122_128_SNP_N_GenomeWideSNP_6_D07_781798	17	42995095	42995176	2	-2.1673
FOXED_p_TCGA_b122_128_SNP_N_GenomeWideSNP_6_D07_781798	17	42997149	43570226	249	-0.4937
FOXED_p_TCGA_b122_128_SNP_N_GenomeWideSNP_6_D07_781798	17	43574134	43703814	23	-0.0698
FOXED_p_TCGA_b122_128_SNP_N_GenomeWideSNP_6_D07_781798	17	43710164	44162307	329	-0.5234
FOXED_p_TCGA_b122_128_SNP_N_GenomeWideSNP_6_D07_781798	17	44162597	44394420	130	-0.2325
FOXED_p_TCGA_b122_128_SNP_N_GenomeWideSNP_6_D07_781798	17	44401067	44764994	46	-0.9677
FOXED_p_TCGA_b122_128_SNP_N_GenomeWideSNP_6_D07_781798	17	44784652	46729767	1003	-0.4876
FOXED_p_TCGA_b122_128_SNP_N_GenomeWideSNP_6_D07_781798	17	46735229	46784167	33	-0.0508
FOXED_p_TCGA_b122_128_SNP_N_GenomeWideSNP_6_D07_781798	17	46784380	54602091	5127	-0.4753
FOXED_p_TCGA_b122_128_SNP_N_GenomeWideSNP_6_D07_781798	17	54603977	55687489	846	0.0113
FOXED_p_TCGA_b122_128_SNP_N_GenomeWideSNP_6_D07_781798	17	55688333	55688993	2	-1.5971
FOXED_p_TCGA_b122_128_SNP_N_GenomeWideSNP_6_D07_781798	17	55691993	72152104	10079	0.0018
FOXED_p_TCGA_b122_128_SNP_N_GenomeWideSNP_6_D07_781798	17	72154233	81049726	4520	-0.5024
FOXED_p_TCGA_b122_128_SNP_N_GenomeWideSNP_6_D07_781798	18	11543	5245247	3733	-0.4249
FOXED_p_TCGA_b122_128_SNP_N_GenomeWideSNP_6_D07_781798	18	5247432	5249420	3	-3.0193
FOXED_p_TCGA_b122_128_SNP_N_GenomeWideSNP_6_D07_781798	18	5249524	32990319	15620	-0.3975
FOXED_p_TCGA_b122_128_SNP_N_GenomeWideSNP_6_D07_781798	18	32992605	46401470	8968	-1.2484
FOXED_p_TCGA_b122_128_SNP_N_GenomeWideSNP_6_D07_781798	18	46414040	46423345	2	-7.1087
FOXED_p_TCGA_b122_128_SNP_N_GenomeWideSNP_6_D07_781798	18	46426617	47195574	412	-1.2662
FOXED_p_TCGA_b122_128_SNP_N_GenomeWideSNP_6_D07_781798	18	47195880	47195952	2	-7.1156
FOXED_p_TCGA_b122_128_SNP_N_GenomeWideSNP_6_D07_781798	18	47196776	68046880	14600	-1.2393
FOXED_p_TCGA_b122_128_SNP_N_GenomeWideSNP_6_D07_781798	18	68050509	68050814	2	-7.5751
FOXED_p_TCGA_b122_128_SNP_N_GenomeWideSNP_6_D07_781798	18	68050849	72113353	3106	-1.263
FOXED_p_TCGA_b122_128_SNP_N_GenomeWideSNP_6_D07_781798	18	72113498	72113730	2	-7.2611
FOXED_p_TCGA_b122_128_SNP_N_GenomeWideSNP_6_D07_781798	18	72115547	72777356	399	-1.3178
FOXED_p_TCGA_b122_128_SNP_N_GenomeWideSNP_6_D07_781798	18	72777472	72777697	2	-7.0718
FOXED_p_TCGA_b122_128_SNP_N_GenomeWideSNP_6_D07_781798	18	72778216	76660693	2945	-1.365
FOXED_p_TCGA_b122_128_SNP_N_GenomeWideSNP_6_D07_781798	18	76662714	76664863	5	-5.3948
FOXED_p_TCGA_b122_128_SNP_N_GenomeWideSNP_6_D07_781798	18	76666449	78015057	693	-1.3544
FOXED_p_TCGA_b122_128_SNP_N_GenomeWideSNP_6_D07_781798	19	90910	9105549	3326	-0.175
FOXED_p_TCGA_b122_128_SNP_N_GenomeWideSNP_6_D07_781798	19	9106505	9106619	2	-1.8772
FOXED_p_TCGA_b122_128_SNP_N_GenomeWideSNP_6_D07_781798	19	9106624	9273800	79	-0.1638
FOXED_p_TCGA_b122_128_SNP_N_GenomeWideSNP_6_D07_781798	19	9274672	9277476	4	-2.1185
FOXED_p_TCGA_b122_128_SNP_N_GenomeWideSNP_6_D07_781798	19	9278121	28141689	7902	-0.1041
FOXED_p_TCGA_b122_128_SNP_N_GenomeWideSNP_6_D07_781798	19	28144500	28153218	2	-1.4582
FOXED_p_TCGA_b122_128_SNP_N_GenomeWideSNP_6_D07_781798	19	28153513	35855449	5509	0.1542
FOXED_p_TCGA_b122_128_SNP_N_GenomeWideSNP_6_D07_781798	19	35856043	35866801	22	-0.3282
FOXED_p_TCGA_b122_128_SNP_N_GenomeWideSNP_6_D07_781798	19	35866954	36845875	440	0.0788
FOXED_p_TCGA_b122_128_SNP_N_GenomeWideSNP_6_D07_781798	19	36846150	36847498	10	-0.6889
FOXED_p_TCGA_b122_128_SNP_N_GenomeWideSNP_6_D07_781798	19	36847637	43101289	3202	0.1211
FOXED_p_TCGA_b122_128_SNP_N_GenomeWideSNP_6_D07_781798	19	43102712	52131813	4460	-0.173
FOXED_p_TCGA_b122_128_SNP_N_GenomeWideSNP_6_D07_781798	19	52142352	52148197	11	0.7261
FOXED_p_TCGA_b122_128_SNP_N_GenomeWideSNP_6_D07_781798	19	52154905	53518514	947	-0.2038
FOXED_p_TCGA_b122_128_SNP_N_GenomeWideSNP_6_D07_781798	19	53518747	53544977	19	0.3529
FOXED_p_TCGA_b122_128_SNP_N_GenomeWideSNP_6_D07_781798	19	53546855	56282369	1566	-0.1844
FOXED_p_TCGA_b122_128_SNP_N_GenomeWideSNP_6_D07_781798	19	56282535	56283067	3	-1.9606
FOXED_p_TCGA_b122_128_SNP_N_GenomeWideSNP_6_D07_781798	19	56286293	59097854	1849	-0.2018
FOXED_p_TCGA_b122_128_SNP_N_GenomeWideSNP_6_D07_781798	20	61305	1009788	768	0.3252
FOXED_p_TCGA_b122_128_SNP_N_GenomeWideSNP_6_D07_781798	20	1011370	1012026	2	-1.4303
FOXED_p_TCGA_b122_128_SNP_N_GenomeWideSNP_6_D07_781798	20	1012026	1552503	416	0.3043
FOXED_p_TCGA_b122_128_SNP_N_GenomeWideSNP_6_D07_781798	20	1557190	1560999	21	-1.0955
FOXED_p_TCGA_b122_128_SNP_N_GenomeWideSNP_6_D07_781798	20	1561580	1582207	36	-0.0165
FOXED_p_TCGA_b122_128_SNP_N_GenomeWideSNP_6_D07_781798	20	1590257	1593893	5	2.3409
FOXED_p_TCGA_b122_128_SNP_N_GenomeWideSNP_6_D07_781798	20	1597946	5078564	2573	0.3442
FOXED_p_TCGA_b122_128_SNP_N_GenomeWideSNP_6_D07_781798	20	5080681	5080682	2	-1.6063
FOXED_p_TCGA_b122_128_SNP_N_GenomeWideSNP_6_D07_781798	20	5088081	10111919	3975	0.3403
FOXED_p_TCGA_b122_128_SNP_N_GenomeWideSNP_6_D07_781798	20	10112058	10112058	2	-1.3688
FOXED_p_TCGA_b122_128_SNP_N_GenomeWideSNP_6_D07_781798	20	10112180	14788767	3391	0.3557
FOXED_p_TCGA_b122_128_SNP_N_GenomeWideSNP_6_D07_781798	20	14792812	14792838	3	-0.6904
FOXED_p_TCGA_b122_128_SNP_N_GenomeWideSNP_6_D07_781798	20	14793415	33426212	10690	0.3452
FOXED_p_TCGA_b122_128_SNP_N_GenomeWideSNP_6_D07_781798	20	33432523	33434562	2	-1.1493
FOXED_p_TCGA_b122_128_SNP_N_GenomeWideSNP_6_D07_781798	20	33435161	52654256	13163	0.4374
FOXED_p_TCGA_b122_128_SNP_N_GenomeWideSNP_6_D07_781798	20	52654437	52654644	4	-0.4842
FOXED_p_TCGA_b122_128_SNP_N_GenomeWideSNP_6_D07_781798	20	52657717	52681881	48	0.4104
FOXED_p_TCGA_b122_128_SNP_N_GenomeWideSNP_6_D07_781798	20	52681913	52681928	2	-1.8544
FOXED_p_TCGA_b122_128_SNP_N_GenomeWideSNP_6_D07_781798	20	52682258	62270673	7137	0.4489
FOXED_p_TCGA_b122_128_SNP_N_GenomeWideSNP_6_D07_781798	20	62270905	62956153	286	0.1866
FOXED_p_TCGA_b122_128_SNP_N_GenomeWideSNP_6_D07_781798	21	10736871	14594235	162	0.1535
FOXED_p_TCGA_b122_128_SNP_N_GenomeWideSNP_6_D07_781798	21	14595264	14597032	4	-1.3394
FOXED_p_TCGA_b122_128_SNP_N_GenomeWideSNP_6_D07_781798	21	14600082	15087953	233	-0.4003
FOXED_p_TCGA_b122_128_SNP_N_GenomeWideSNP_6_D07_781798	21	15088034	15101058	17	0.1041
FOXED_p_TCGA_b122_128_SNP_N_GenomeWideSNP_6_D07_781798	21	15105648	48096957	23995	-0.4099
FOXED_p_TCGA_b122_128_SNP_N_GenomeWideSNP_6_D07_781798	22	16052528	16975484	125	-0.0806
FOXED_p_TCGA_b122_128_SNP_N_GenomeWideSNP_6_D07_781798	22	16980850	25664249	5335	-0.5048
FOXED_p_TCGA_b122_128_SNP_N_GenomeWideSNP_6_D07_781798	22	25664801	25915850	290	0.0883
FOXED_p_TCGA_b122_128_SNP_N_GenomeWideSNP_6_D07_781798	22	25916386	51234455	17793	-0.4879
FOXED_p_TCGA_b122_128_SNP_N_GenomeWideSNP_6_D07_781798	X	168477	5703638	2377	-0.0105
FOXED_p_TCGA_b122_128_SNP_N_GenomeWideSNP_6_D07_781798	X	5706907	5711237	3	-1.3591
FOXED_p_TCGA_b122_128_SNP_N_GenomeWideSNP_6_D07_781798	X	5712133	76331410	37788	0.0138
FOXED_p_TCGA_b122_128_SNP_N_GenomeWideSNP_6_D07_781798	X	76335490	76547479	23	0.5961
FOXED_p_TCGA_b122_128_SNP_N_GenomeWideSNP_6_D07_781798	X	76555628	87531845	6027	0.0261
FOXED_p_TCGA_b122_128_SNP_N_GenomeWideSNP_6_D07_781798	X	87532162	87532652	2	-1.5661
FOXED_p_TCGA_b122_128_SNP_N_GenomeWideSNP_6_D07_781798	X	87537668	155182354	38426	0.018
FOXED_p_TCGA_b122_128_SNP_N_GenomeWideSNP_6_D07_781798	Y	2650438	2985595	152	-2.7815
FOXED_p_TCGA_b122_128_SNP_N_GenomeWideSNP_6_D07_781798	Y	2985939	6110498	721	-2.3285
FOXED_p_TCGA_b122_128_SNP_N_GenomeWideSNP_6_D07_781798	Y	6112554	6281935	76	-3.9339
FOXED_p_TCGA_b122_128_SNP_N_GenomeWideSNP_6_D07_781798	Y	6282097	8363850	1132	-2.8217
FOXED_p_TCGA_b122_128_SNP_N_GenomeWideSNP_6_D07_781798	Y	8364607	9823373	564	-3.2032
FOXED_p_TCGA_b122_128_SNP_N_GenomeWideSNP_6_D07_781798	Y	9826040	15024621	679	-2.7465
FOXED_p_TCGA_b122_128_SNP_N_GenomeWideSNP_6_D07_781798	Y	15026424	15030817	5	-6.1727
FOXED_p_TCGA_b122_128_SNP_N_GenomeWideSNP_6_D07_781798	Y	15032288	15590276	249	-2.7137
FOXED_p_TCGA_b122_128_SNP_N_GenomeWideSNP_6_D07_781798	Y	15590342	15594523	3	-7.6439
FOXED_p_TCGA_b122_128_SNP_N_GenomeWideSNP_6_D07_781798	Y	15594889	19571480	2082	-2.9106
FOXED_p_TCGA_b122_128_SNP_N_GenomeWideSNP_6_D07_781798	Y	19574890	21024613	672	-3.532
FOXED_p_TCGA_b122_128_SNP_N_GenomeWideSNP_6_D07_781798	Y	21025062	24515802	1277	-2.9871
FOXED_p_TCGA_b122_128_SNP_N_GenomeWideSNP_6_D07_781798	Y	24516081	24985389	81	-3.8748
FOXED_p_TCGA_b122_128_SNP_N_GenomeWideSNP_6_D07_781798	Y	25059391	25403867	10	-2.3844
FOXED_p_TCGA_b122_128_SNP_N_GenomeWideSNP_6_D07_781798	Y	25424991	26430674	284	-3.537
FOXED_p_TCGA_b122_128_SNP_N_GenomeWideSNP_6_D07_781798	Y	26430908	26630929	36	-2.6359
FOXED_p_TCGA_b122_128_SNP_N_GenomeWideSNP_6_D07_781798	Y	26631228	27240184	79	-4.2405
FOXED_p_TCGA_b122_128_SNP_N_GenomeWideSNP_6_D07_781798	Y	27254679	27720551	98	-2.7769
FOXED_p_TCGA_b122_128_SNP_N_GenomeWideSNP_6_D07_781798	Y	27721084	28423938	251	-3.6158
FOXED_p_TCGA_b122_128_SNP_N_GenomeWideSNP_6_D07_781798	Y	28438116	59018259	183	-2.4628
