Sample	Chromosome	Start	End	Num_Probes	Segment_Mean
SERVO_p_TCGA_157_158_159_SNP_N_GenomeWideSNP_6_E02_831338	1	61735	718663	37	0.0582
SERVO_p_TCGA_157_158_159_SNP_N_GenomeWideSNP_6_E02_831338	1	723317	11862778	5955	-0.4058
SERVO_p_TCGA_157_158_159_SNP_N_GenomeWideSNP_6_E02_831338	1	11869896	11892365	18	0.279
SERVO_p_TCGA_157_158_159_SNP_N_GenomeWideSNP_6_E02_831338	1	11892513	13214448	554	-0.403
SERVO_p_TCGA_157_158_159_SNP_N_GenomeWideSNP_6_E02_831338	1	13375345	13377047	8	-1.2805
SERVO_p_TCGA_157_158_159_SNP_N_GenomeWideSNP_6_E02_831338	1	13384168	16149915	1828	-0.377
SERVO_p_TCGA_157_158_159_SNP_N_GenomeWideSNP_6_E02_831338	1	16153497	16167799	13	0.2246
SERVO_p_TCGA_157_158_159_SNP_N_GenomeWideSNP_6_E02_831338	1	16167855	16816090	288	-0.408
SERVO_p_TCGA_157_158_159_SNP_N_GenomeWideSNP_6_E02_831338	1	16819633	17012422	65	-0.071
SERVO_p_TCGA_157_158_159_SNP_N_GenomeWideSNP_6_E02_831338	1	17012456	17017078	8	-0.4596
SERVO_p_TCGA_157_158_159_SNP_N_GenomeWideSNP_6_E02_831338	1	17017530	17056457	18	-0.958
SERVO_p_TCGA_157_158_159_SNP_N_GenomeWideSNP_6_E02_831338	1	17076467	17276241	86	3e-04
SERVO_p_TCGA_157_158_159_SNP_N_GenomeWideSNP_6_E02_831338	1	17277940	25583341	5259	-0.3944
SERVO_p_TCGA_157_158_159_SNP_N_GenomeWideSNP_6_E02_831338	1	25593128	25662005	30	0.3286
SERVO_p_TCGA_157_158_159_SNP_N_GenomeWideSNP_6_E02_831338	1	25662212	31098423	2714	-0.3978
SERVO_p_TCGA_157_158_159_SNP_N_GenomeWideSNP_6_E02_831338	1	31100668	31101318	2	-1.7734
SERVO_p_TCGA_157_158_159_SNP_N_GenomeWideSNP_6_E02_831338	1	31102633	34216658	1559	-0.401
SERVO_p_TCGA_157_158_159_SNP_N_GenomeWideSNP_6_E02_831338	1	34217529	34221810	4	-1.657
SERVO_p_TCGA_157_158_159_SNP_N_GenomeWideSNP_6_E02_831338	1	34222304	48065338	7874	-0.3827
SERVO_p_TCGA_157_158_159_SNP_N_GenomeWideSNP_6_E02_831338	1	48071156	48071177	2	-2.7365
SERVO_p_TCGA_157_158_159_SNP_N_GenomeWideSNP_6_E02_831338	1	48071348	72768916	16647	-0.3624
SERVO_p_TCGA_157_158_159_SNP_N_GenomeWideSNP_6_E02_831338	1	72768936	72811148	45	-1.1775
SERVO_p_TCGA_157_158_159_SNP_N_GenomeWideSNP_6_E02_831338	1	72811904	108729759	22961	-0.3593
SERVO_p_TCGA_157_158_159_SNP_N_GenomeWideSNP_6_E02_831338	1	108734235	108737496	3	-2.5728
SERVO_p_TCGA_157_158_159_SNP_N_GenomeWideSNP_6_E02_831338	1	108739104	110224427	709	-0.3669
SERVO_p_TCGA_157_158_159_SNP_N_GenomeWideSNP_6_E02_831338	1	110225642	110227515	13	0.3253
SERVO_p_TCGA_157_158_159_SNP_N_GenomeWideSNP_6_E02_831338	1	110232974	110242953	18	1.3376
SERVO_p_TCGA_157_158_159_SNP_N_GenomeWideSNP_6_E02_831338	1	110244998	112690211	1946	-0.3914
SERVO_p_TCGA_157_158_159_SNP_N_GenomeWideSNP_6_E02_831338	1	112690248	112697213	24	0.0836
SERVO_p_TCGA_157_158_159_SNP_N_GenomeWideSNP_6_E02_831338	1	112697241	121355881	5177	-0.3639
SERVO_p_TCGA_157_158_159_SNP_N_GenomeWideSNP_6_E02_831338	1	121436219	121482979	3	0.9381
SERVO_p_TCGA_157_158_159_SNP_N_GenomeWideSNP_6_E02_831338	1	144007049	144842558	56	0.2215
SERVO_p_TCGA_157_158_159_SNP_N_GenomeWideSNP_6_E02_831338	1	144849539	144849552	3	1.4236
SERVO_p_TCGA_157_158_159_SNP_N_GenomeWideSNP_6_E02_831338	1	144865627	149548713	1304	0.3733
SERVO_p_TCGA_157_158_159_SNP_N_GenomeWideSNP_6_E02_831338	1	149548726	149617488	4	-0.5677
SERVO_p_TCGA_157_158_159_SNP_N_GenomeWideSNP_6_E02_831338	1	149644953	152762046	1692	0.3565
SERVO_p_TCGA_157_158_159_SNP_N_GenomeWideSNP_6_E02_831338	1	152762257	152768259	27	0.8016
SERVO_p_TCGA_157_158_159_SNP_N_GenomeWideSNP_6_E02_831338	1	152768281	158866573	3624	0.3538
SERVO_p_TCGA_157_158_159_SNP_N_GenomeWideSNP_6_E02_831338	1	158868501	158869759	2	1.66
SERVO_p_TCGA_157_158_159_SNP_N_GenomeWideSNP_6_E02_831338	1	158874818	169216937	7708	0.3733
SERVO_p_TCGA_157_158_159_SNP_N_GenomeWideSNP_6_E02_831338	1	169233974	169241766	7	1.2101
SERVO_p_TCGA_157_158_159_SNP_N_GenomeWideSNP_6_E02_831338	1	169242401	187715854	12218	0.3682
SERVO_p_TCGA_157_158_159_SNP_N_GenomeWideSNP_6_E02_831338	1	187717560	187721369	2	-1.4448
SERVO_p_TCGA_157_158_159_SNP_N_GenomeWideSNP_6_E02_831338	1	187724610	194448234	4523	0.3659
SERVO_p_TCGA_157_158_159_SNP_N_GenomeWideSNP_6_E02_831338	1	194451411	194455018	2	1.5091
SERVO_p_TCGA_157_158_159_SNP_N_GenomeWideSNP_6_E02_831338	1	194457016	223020504	19319	0.3705
SERVO_p_TCGA_157_158_159_SNP_N_GenomeWideSNP_6_E02_831338	1	223022923	223023769	3	-0.533
SERVO_p_TCGA_157_158_159_SNP_N_GenomeWideSNP_6_E02_831338	1	223026717	240391740	12221	0.3682
SERVO_p_TCGA_157_158_159_SNP_N_GenomeWideSNP_6_E02_831338	1	240394015	240394139	6	-1.6043
SERVO_p_TCGA_157_158_159_SNP_N_GenomeWideSNP_6_E02_831338	1	240396105	248736075	5752	0.3815
SERVO_p_TCGA_157_158_159_SNP_N_GenomeWideSNP_6_E02_831338	1	248737447	248809109	38	-0.3031
SERVO_p_TCGA_157_158_159_SNP_N_GenomeWideSNP_6_E02_831338	1	248809369	249224388	141	0.3577
SERVO_p_TCGA_157_158_159_SNP_N_GenomeWideSNP_6_E02_831338	2	12784	4205687	2986	0.057
SERVO_p_TCGA_157_158_159_SNP_N_GenomeWideSNP_6_E02_831338	2	4213864	4223167	36	-1.413
SERVO_p_TCGA_157_158_159_SNP_N_GenomeWideSNP_6_E02_831338	2	4223512	34691069	21070	0.0575
SERVO_p_TCGA_157_158_159_SNP_N_GenomeWideSNP_6_E02_831338	2	34699315	34737057	46	-1.2854
SERVO_p_TCGA_157_158_159_SNP_N_GenomeWideSNP_6_E02_831338	2	34737163	35975973	878	0.0556
SERVO_p_TCGA_157_158_159_SNP_N_GenomeWideSNP_6_E02_831338	2	35977790	35987916	6	-1.0731
SERVO_p_TCGA_157_158_159_SNP_N_GenomeWideSNP_6_E02_831338	2	35987947	38056472	1659	0.0605
SERVO_p_TCGA_157_158_159_SNP_N_GenomeWideSNP_6_E02_831338	2	38056951	38057293	2	1.4591
SERVO_p_TCGA_157_158_159_SNP_N_GenomeWideSNP_6_E02_831338	2	38059087	40580918	1747	0.0431
SERVO_p_TCGA_157_158_159_SNP_N_GenomeWideSNP_6_E02_831338	2	40581070	40581088	2	-2.3061
SERVO_p_TCGA_157_158_159_SNP_N_GenomeWideSNP_6_E02_831338	2	40583058	52754468	8740	0.0502
SERVO_p_TCGA_157_158_159_SNP_N_GenomeWideSNP_6_E02_831338	2	52754480	52781542	39	-2.0047
SERVO_p_TCGA_157_158_159_SNP_N_GenomeWideSNP_6_E02_831338	2	52787949	66844120	9116	0.0428
SERVO_p_TCGA_157_158_159_SNP_N_GenomeWideSNP_6_E02_831338	2	66845379	66854106	5	-1.0447
SERVO_p_TCGA_157_158_159_SNP_N_GenomeWideSNP_6_E02_831338	2	66861385	87314125	12887	0.0503
SERVO_p_TCGA_157_158_159_SNP_N_GenomeWideSNP_6_E02_831338	2	87322042	87376944	9	0.8059
SERVO_p_TCGA_157_158_159_SNP_N_GenomeWideSNP_6_E02_831338	2	87393856	106935052	7673	0.0597
SERVO_p_TCGA_157_158_159_SNP_N_GenomeWideSNP_6_E02_831338	2	106939743	106939932	2	-1.4735
SERVO_p_TCGA_157_158_159_SNP_N_GenomeWideSNP_6_E02_831338	2	106940475	112444132	2735	0.0685
SERVO_p_TCGA_157_158_159_SNP_N_GenomeWideSNP_6_E02_831338	2	112444459	112447366	3	-1.0127
SERVO_p_TCGA_157_158_159_SNP_N_GenomeWideSNP_6_E02_831338	2	112451387	132759800	12232	0.0634
SERVO_p_TCGA_157_158_159_SNP_N_GenomeWideSNP_6_E02_831338	2	132760324	133122139	92	0.3352
SERVO_p_TCGA_157_158_159_SNP_N_GenomeWideSNP_6_E02_831338	2	133123699	146862085	8835	0.0514
SERVO_p_TCGA_157_158_159_SNP_N_GenomeWideSNP_6_E02_831338	2	146864404	146866934	24	0.5983
SERVO_p_TCGA_157_158_159_SNP_N_GenomeWideSNP_6_E02_831338	2	146877806	184793851	23289	0.0543
SERVO_p_TCGA_157_158_159_SNP_N_GenomeWideSNP_6_E02_831338	2	184794400	184802441	17	-1.6997
SERVO_p_TCGA_157_158_159_SNP_N_GenomeWideSNP_6_E02_831338	2	184808589	195360610	5920	0.0581
SERVO_p_TCGA_157_158_159_SNP_N_GenomeWideSNP_6_E02_831338	2	195365475	195366084	3	-5.8535
SERVO_p_TCGA_157_158_159_SNP_N_GenomeWideSNP_6_E02_831338	2	195366519	208155834	7621	0.0605
SERVO_p_TCGA_157_158_159_SNP_N_GenomeWideSNP_6_E02_831338	2	208156056	208156754	3	-0.9668
SERVO_p_TCGA_157_158_159_SNP_N_GenomeWideSNP_6_E02_831338	2	208157089	208350191	111	0.0371
SERVO_p_TCGA_157_158_159_SNP_N_GenomeWideSNP_6_E02_831338	2	208350247	208350262	2	-1.5815
SERVO_p_TCGA_157_158_159_SNP_N_GenomeWideSNP_6_E02_831338	2	208350319	229262292	13597	0.0525
SERVO_p_TCGA_157_158_159_SNP_N_GenomeWideSNP_6_E02_831338	2	229264414	229266374	2	-2.0867
SERVO_p_TCGA_157_158_159_SNP_N_GenomeWideSNP_6_E02_831338	2	229268856	243089456	8541	0.041
SERVO_p_TCGA_157_158_159_SNP_N_GenomeWideSNP_6_E02_831338	3	60345	224602	157	0.3766
SERVO_p_TCGA_157_158_159_SNP_N_GenomeWideSNP_6_E02_831338	3	230022	234877	5	-0.3394
SERVO_p_TCGA_157_158_159_SNP_N_GenomeWideSNP_6_E02_831338	3	235030	636395	361	0.4396
SERVO_p_TCGA_157_158_159_SNP_N_GenomeWideSNP_6_E02_831338	3	641801	663627	6	-0.3718
SERVO_p_TCGA_157_158_159_SNP_N_GenomeWideSNP_6_E02_831338	3	664544	6646543	5317	0.4219
SERVO_p_TCGA_157_158_159_SNP_N_GenomeWideSNP_6_E02_831338	3	6651128	6653332	23	-0.3004
SERVO_p_TCGA_157_158_159_SNP_N_GenomeWideSNP_6_E02_831338	3	6655078	7471633	689	0.4481
SERVO_p_TCGA_157_158_159_SNP_N_GenomeWideSNP_6_E02_831338	3	7476597	16239063	6387	0.0746
SERVO_p_TCGA_157_158_159_SNP_N_GenomeWideSNP_6_E02_831338	3	16240556	16241384	8	-0.7272
SERVO_p_TCGA_157_158_159_SNP_N_GenomeWideSNP_6_E02_831338	3	16243596	20307790	2350	0.0709
SERVO_p_TCGA_157_158_159_SNP_N_GenomeWideSNP_6_E02_831338	3	20313125	20316083	3	-1.4892
SERVO_p_TCGA_157_158_159_SNP_N_GenomeWideSNP_6_E02_831338	3	20328081	68746164	32534	0.0823
SERVO_p_TCGA_157_158_159_SNP_N_GenomeWideSNP_6_E02_831338	3	68746259	68746446	3	1.2569
SERVO_p_TCGA_157_158_159_SNP_N_GenomeWideSNP_6_E02_831338	3	68746708	73606540	3663	0.083
SERVO_p_TCGA_157_158_159_SNP_N_GenomeWideSNP_6_E02_831338	3	73608776	73712338	84	0.4221
SERVO_p_TCGA_157_158_159_SNP_N_GenomeWideSNP_6_E02_831338	3	73712654	74436670	568	0.1263
SERVO_p_TCGA_157_158_159_SNP_N_GenomeWideSNP_6_E02_831338	3	74438119	74438314	2	-0.9377
SERVO_p_TCGA_157_158_159_SNP_N_GenomeWideSNP_6_E02_831338	3	74440269	75568549	628	0.0961
SERVO_p_TCGA_157_158_159_SNP_N_GenomeWideSNP_6_E02_831338	3	75572549	75586805	6	0.8758
SERVO_p_TCGA_157_158_159_SNP_N_GenomeWideSNP_6_E02_831338	3	75595181	76494066	401	0.1177
SERVO_p_TCGA_157_158_159_SNP_N_GenomeWideSNP_6_E02_831338	3	76498608	76607579	88	0.419
SERVO_p_TCGA_157_158_159_SNP_N_GenomeWideSNP_6_E02_831338	3	76611521	79850820	1923	0.0899
SERVO_p_TCGA_157_158_159_SNP_N_GenomeWideSNP_6_E02_831338	3	79854508	90502862	5735	0.3997
SERVO_p_TCGA_157_158_159_SNP_N_GenomeWideSNP_6_E02_831338	3	93519478	96683161	1616	-0.3492
SERVO_p_TCGA_157_158_159_SNP_N_GenomeWideSNP_6_E02_831338	3	96688739	97331077	306	0.4079
SERVO_p_TCGA_157_158_159_SNP_N_GenomeWideSNP_6_E02_831338	3	97332737	102967549	3211	-0.3533
SERVO_p_TCGA_157_158_159_SNP_N_GenomeWideSNP_6_E02_831338	3	102967804	102969321	2	-3.0382
SERVO_p_TCGA_157_158_159_SNP_N_GenomeWideSNP_6_E02_831338	3	102972704	116017736	8070	-0.3678
SERVO_p_TCGA_157_158_159_SNP_N_GenomeWideSNP_6_E02_831338	3	116019346	129762859	8432	0.3944
SERVO_p_TCGA_157_158_159_SNP_N_GenomeWideSNP_6_E02_831338	3	129763698	129806236	52	-1.1033
SERVO_p_TCGA_157_158_159_SNP_N_GenomeWideSNP_6_E02_831338	3	129806924	131081617	741	0.3709
SERVO_p_TCGA_157_158_159_SNP_N_GenomeWideSNP_6_E02_831338	3	131082104	131098400	11	-0.5904
SERVO_p_TCGA_157_158_159_SNP_N_GenomeWideSNP_6_E02_831338	3	131102776	143285765	7626	0.3984
SERVO_p_TCGA_157_158_159_SNP_N_GenomeWideSNP_6_E02_831338	3	143285800	143285974	4	1.8347
SERVO_p_TCGA_157_158_159_SNP_N_GenomeWideSNP_6_E02_831338	3	143286801	162508268	11902	0.4019
SERVO_p_TCGA_157_158_159_SNP_N_GenomeWideSNP_6_E02_831338	3	162512657	162623897	68	0.0787
SERVO_p_TCGA_157_158_159_SNP_N_GenomeWideSNP_6_E02_831338	3	162625980	162714517	74	0.4524
SERVO_p_TCGA_157_158_159_SNP_N_GenomeWideSNP_6_E02_831338	3	162717727	162719562	2	1.443
SERVO_p_TCGA_157_158_159_SNP_N_GenomeWideSNP_6_E02_831338	3	162726159	165960319	1840	0.3954
SERVO_p_TCGA_157_158_159_SNP_N_GenomeWideSNP_6_E02_831338	3	165960405	192877902	17258	-0.356
SERVO_p_TCGA_157_158_159_SNP_N_GenomeWideSNP_6_E02_831338	3	192877962	192882903	19	-1.0419
SERVO_p_TCGA_157_158_159_SNP_N_GenomeWideSNP_6_E02_831338	3	192886435	197849705	2693	-0.3603
SERVO_p_TCGA_157_158_159_SNP_N_GenomeWideSNP_6_E02_831338	3	197851225	197896118	9	-0.0776
SERVO_p_TCGA_157_158_159_SNP_N_GenomeWideSNP_6_E02_831338	4	12281	68821	59	-0.3061
SERVO_p_TCGA_157_158_159_SNP_N_GenomeWideSNP_6_E02_831338	4	68911	258363	93	-0.9609
SERVO_p_TCGA_157_158_159_SNP_N_GenomeWideSNP_6_E02_831338	4	260626	260807	3	0.2705
SERVO_p_TCGA_157_158_159_SNP_N_GenomeWideSNP_6_E02_831338	4	266863	3318963	1213	-1.1239
SERVO_p_TCGA_157_158_159_SNP_N_GenomeWideSNP_6_E02_831338	4	3322140	3326149	5	-4.2141
SERVO_p_TCGA_157_158_159_SNP_N_GenomeWideSNP_6_E02_831338	4	3329211	3536176	91	-1.2009
SERVO_p_TCGA_157_158_159_SNP_N_GenomeWideSNP_6_E02_831338	4	3536592	3624139	32	-0.6518
SERVO_p_TCGA_157_158_159_SNP_N_GenomeWideSNP_6_E02_831338	4	3624336	3715603	62	-1.2515
SERVO_p_TCGA_157_158_159_SNP_N_GenomeWideSNP_6_E02_831338	4	3715650	3717581	2	-6.8048
SERVO_p_TCGA_157_158_159_SNP_N_GenomeWideSNP_6_E02_831338	4	3719026	3746850	11	-1.4623
SERVO_p_TCGA_157_158_159_SNP_N_GenomeWideSNP_6_E02_831338	4	3748595	3845481	34	-0.9372
SERVO_p_TCGA_157_158_159_SNP_N_GenomeWideSNP_6_E02_831338	4	3846027	4184290	97	-0.6422
SERVO_p_TCGA_157_158_159_SNP_N_GenomeWideSNP_6_E02_831338	4	4184697	5119905	732	-1.1136
SERVO_p_TCGA_157_158_159_SNP_N_GenomeWideSNP_6_E02_831338	4	5120956	5128088	3	-5.3259
SERVO_p_TCGA_157_158_159_SNP_N_GenomeWideSNP_6_E02_831338	4	5128159	6000691	760	-1.1095
SERVO_p_TCGA_157_158_159_SNP_N_GenomeWideSNP_6_E02_831338	4	6002486	6003724	2	-6.8324
SERVO_p_TCGA_157_158_159_SNP_N_GenomeWideSNP_6_E02_831338	4	6004135	6379612	303	-1.1588
SERVO_p_TCGA_157_158_159_SNP_N_GenomeWideSNP_6_E02_831338	4	6384483	6397236	7	-4.3007
SERVO_p_TCGA_157_158_159_SNP_N_GenomeWideSNP_6_E02_831338	4	6397386	7489022	791	-1.1903
SERVO_p_TCGA_157_158_159_SNP_N_GenomeWideSNP_6_E02_831338	4	7489104	7490876	10	-3.9518
SERVO_p_TCGA_157_158_159_SNP_N_GenomeWideSNP_6_E02_831338	4	7490895	8104173	429	-1.182
SERVO_p_TCGA_157_158_159_SNP_N_GenomeWideSNP_6_E02_831338	4	8104838	8105399	5	-4.3663
SERVO_p_TCGA_157_158_159_SNP_N_GenomeWideSNP_6_E02_831338	4	8105438	8706264	334	-1.165
SERVO_p_TCGA_157_158_159_SNP_N_GenomeWideSNP_6_E02_831338	4	8715988	9456977	70	-0.6958
SERVO_p_TCGA_157_158_159_SNP_N_GenomeWideSNP_6_E02_831338	4	9461230	9479345	9	0.3854
SERVO_p_TCGA_157_158_159_SNP_N_GenomeWideSNP_6_E02_831338	4	9486087	9688590	64	-0.6575
SERVO_p_TCGA_157_158_159_SNP_N_GenomeWideSNP_6_E02_831338	4	9694662	15984152	5018	-1.0533
SERVO_p_TCGA_157_158_159_SNP_N_GenomeWideSNP_6_E02_831338	4	15984572	15985454	4	-4.0235
SERVO_p_TCGA_157_158_159_SNP_N_GenomeWideSNP_6_E02_831338	4	15986648	25802489	6789	-1.042
SERVO_p_TCGA_157_158_159_SNP_N_GenomeWideSNP_6_E02_831338	4	25802552	25819103	13	-2.1438
SERVO_p_TCGA_157_158_159_SNP_N_GenomeWideSNP_6_E02_831338	4	25820411	25832011	8	-1.0034
SERVO_p_TCGA_157_158_159_SNP_N_GenomeWideSNP_6_E02_831338	4	25832190	25847258	5	-4.6792
SERVO_p_TCGA_157_158_159_SNP_N_GenomeWideSNP_6_E02_831338	4	25847432	32278849	4104	-1.038
SERVO_p_TCGA_157_158_159_SNP_N_GenomeWideSNP_6_E02_831338	4	32279454	32295706	15	-0.866
SERVO_p_TCGA_157_158_159_SNP_N_GenomeWideSNP_6_E02_831338	4	32295802	32296987	7	-0.2231
SERVO_p_TCGA_157_158_159_SNP_N_GenomeWideSNP_6_E02_831338	4	32297073	32297326	6	-0.9953
SERVO_p_TCGA_157_158_159_SNP_N_GenomeWideSNP_6_E02_831338	4	32297547	32302711	17	-0.4019
SERVO_p_TCGA_157_158_159_SNP_N_GenomeWideSNP_6_E02_831338	4	32307437	34778860	1384	-0.9455
SERVO_p_TCGA_157_158_159_SNP_N_GenomeWideSNP_6_E02_831338	4	34778962	34814190	32	-0.3756
SERVO_p_TCGA_157_158_159_SNP_N_GenomeWideSNP_6_E02_831338	4	34814245	34829872	13	0.2931
SERVO_p_TCGA_157_158_159_SNP_N_GenomeWideSNP_6_E02_831338	4	34829913	43145397	5526	-0.1284
SERVO_p_TCGA_157_158_159_SNP_N_GenomeWideSNP_6_E02_831338	4	43145431	43150072	10	-0.4567
SERVO_p_TCGA_157_158_159_SNP_N_GenomeWideSNP_6_E02_831338	4	43156435	57498669	6627	-0.0693
SERVO_p_TCGA_157_158_159_SNP_N_GenomeWideSNP_6_E02_831338	4	57499266	57503928	2	-1.9996
SERVO_p_TCGA_157_158_159_SNP_N_GenomeWideSNP_6_E02_831338	4	57506571	61936938	2907	-0.1428
SERVO_p_TCGA_157_158_159_SNP_N_GenomeWideSNP_6_E02_831338	4	61940935	61941952	2	1.128
SERVO_p_TCGA_157_158_159_SNP_N_GenomeWideSNP_6_E02_831338	4	61945686	64693940	1497	-0.134
SERVO_p_TCGA_157_158_159_SNP_N_GenomeWideSNP_6_E02_831338	4	64697469	64718043	32	0.1517
SERVO_p_TCGA_157_158_159_SNP_N_GenomeWideSNP_6_E02_831338	4	64722216	69372003	2875	-0.1344
SERVO_p_TCGA_157_158_159_SNP_N_GenomeWideSNP_6_E02_831338	4	69374941	69489335	65	0.4313
SERVO_p_TCGA_157_158_159_SNP_N_GenomeWideSNP_6_E02_831338	4	69505115	71114823	946	-0.1274
SERVO_p_TCGA_157_158_159_SNP_N_GenomeWideSNP_6_E02_831338	4	71114956	71115243	2	-3.2443
SERVO_p_TCGA_157_158_159_SNP_N_GenomeWideSNP_6_E02_831338	4	71115332	76318397	3096	-0.1419
SERVO_p_TCGA_157_158_159_SNP_N_GenomeWideSNP_6_E02_831338	4	76318507	76319314	3	-1.4997
SERVO_p_TCGA_157_158_159_SNP_N_GenomeWideSNP_6_E02_831338	4	76319457	86823705	6668	-0.1553
SERVO_p_TCGA_157_158_159_SNP_N_GenomeWideSNP_6_E02_831338	4	86825557	86831114	4	-1.2791
SERVO_p_TCGA_157_158_159_SNP_N_GenomeWideSNP_6_E02_831338	4	86835805	102715939	9481	-0.1598
SERVO_p_TCGA_157_158_159_SNP_N_GenomeWideSNP_6_E02_831338	4	102719650	107894352	2965	-0.6769
SERVO_p_TCGA_157_158_159_SNP_N_GenomeWideSNP_6_E02_831338	4	107900940	107901015	2	-2.3239
SERVO_p_TCGA_157_158_159_SNP_N_GenomeWideSNP_6_E02_831338	4	107901087	108066158	104	-0.6997
SERVO_p_TCGA_157_158_159_SNP_N_GenomeWideSNP_6_E02_831338	4	108066269	108071628	16	-0.206
SERVO_p_TCGA_157_158_159_SNP_N_GenomeWideSNP_6_E02_831338	4	108071888	110794071	1591	-0.6909
SERVO_p_TCGA_157_158_159_SNP_N_GenomeWideSNP_6_E02_831338	4	110797356	115173700	2837	-0.1481
SERVO_p_TCGA_157_158_159_SNP_N_GenomeWideSNP_6_E02_831338	4	115175323	115184229	24	0.3563
SERVO_p_TCGA_157_158_159_SNP_N_GenomeWideSNP_6_E02_831338	4	115184252	115720295	335	-0.1607
SERVO_p_TCGA_157_158_159_SNP_N_GenomeWideSNP_6_E02_831338	4	115722007	172989300	34715	-0.6876
SERVO_p_TCGA_157_158_159_SNP_N_GenomeWideSNP_6_E02_831338	4	172989373	172989505	6	-1.9764
SERVO_p_TCGA_157_158_159_SNP_N_GenomeWideSNP_6_E02_831338	4	172989519	173422522	233	-0.6826
SERVO_p_TCGA_157_158_159_SNP_N_GenomeWideSNP_6_E02_831338	4	173424947	173428643	7	1.05
SERVO_p_TCGA_157_158_159_SNP_N_GenomeWideSNP_6_E02_831338	4	173441132	191027923	11836	-0.7111
SERVO_p_TCGA_157_158_159_SNP_N_GenomeWideSNP_6_E02_831338	5	15532	685748	306	0.3378
SERVO_p_TCGA_157_158_159_SNP_N_GenomeWideSNP_6_E02_831338	5	698371	779860	30	0.8843
SERVO_p_TCGA_157_158_159_SNP_N_GenomeWideSNP_6_E02_831338	5	779881	4707773	3170	0.4107
SERVO_p_TCGA_157_158_159_SNP_N_GenomeWideSNP_6_E02_831338	5	4715792	7169476	2237	0.0986
SERVO_p_TCGA_157_158_159_SNP_N_GenomeWideSNP_6_E02_831338	5	7177338	7189925	26	-0.4486
SERVO_p_TCGA_157_158_159_SNP_N_GenomeWideSNP_6_E02_831338	5	7202635	12815780	4445	0.0954
SERVO_p_TCGA_157_158_159_SNP_N_GenomeWideSNP_6_E02_831338	5	12815865	12838533	13	0.7503
SERVO_p_TCGA_157_158_159_SNP_N_GenomeWideSNP_6_E02_831338	5	12849201	21376844	5490	0.0919
SERVO_p_TCGA_157_158_159_SNP_N_GenomeWideSNP_6_E02_831338	5	21377839	21377853	2	-1.1337
SERVO_p_TCGA_157_158_159_SNP_N_GenomeWideSNP_6_E02_831338	5	21386066	46271108	15064	0.0836
SERVO_p_TCGA_157_158_159_SNP_N_GenomeWideSNP_6_E02_831338	5	46271930	46273502	6	-2.2862
SERVO_p_TCGA_157_158_159_SNP_N_GenomeWideSNP_6_E02_831338	5	46278212	54644287	3273	0.0871
SERVO_p_TCGA_157_158_159_SNP_N_GenomeWideSNP_6_E02_831338	5	54646564	57321646	1793	-1.0508
SERVO_p_TCGA_157_158_159_SNP_N_GenomeWideSNP_6_E02_831338	5	57326027	57333533	32	0.8849
SERVO_p_TCGA_157_158_159_SNP_N_GenomeWideSNP_6_E02_831338	5	57338357	66666020	5911	-1.0308
SERVO_p_TCGA_157_158_159_SNP_N_GenomeWideSNP_6_E02_831338	5	66666739	66823966	113	0.0875
SERVO_p_TCGA_157_158_159_SNP_N_GenomeWideSNP_6_E02_831338	5	66826686	68528843	1109	-1.0979
SERVO_p_TCGA_157_158_159_SNP_N_GenomeWideSNP_6_E02_831338	5	68534245	70817911	222	0.0997
SERVO_p_TCGA_157_158_159_SNP_N_GenomeWideSNP_6_E02_831338	5	70819971	71235359	288	-1.1088
SERVO_p_TCGA_157_158_159_SNP_N_GenomeWideSNP_6_E02_831338	5	71239466	71240748	3	-5.0254
SERVO_p_TCGA_157_158_159_SNP_N_GenomeWideSNP_6_E02_831338	5	71240988	72069753	496	-1.077
SERVO_p_TCGA_157_158_159_SNP_N_GenomeWideSNP_6_E02_831338	5	72070280	73324340	818	0.0802
SERVO_p_TCGA_157_158_159_SNP_N_GenomeWideSNP_6_E02_831338	5	73326877	77413196	2829	0.6309
SERVO_p_TCGA_157_158_159_SNP_N_GenomeWideSNP_6_E02_831338	5	77422370	77794798	209	0.0781
SERVO_p_TCGA_157_158_159_SNP_N_GenomeWideSNP_6_E02_831338	5	77797597	103851221	14810	0.6378
SERVO_p_TCGA_157_158_159_SNP_N_GenomeWideSNP_6_E02_831338	5	103860373	103860604	4	-1.09
SERVO_p_TCGA_157_158_159_SNP_N_GenomeWideSNP_6_E02_831338	5	103861049	110472967	4213	0.6324
SERVO_p_TCGA_157_158_159_SNP_N_GenomeWideSNP_6_E02_831338	5	110474482	133131712	15024	0.3948
SERVO_p_TCGA_157_158_159_SNP_N_GenomeWideSNP_6_E02_831338	5	133135077	133135566	2	-1.0143
SERVO_p_TCGA_157_158_159_SNP_N_GenomeWideSNP_6_E02_831338	5	133138065	151514171	11552	0.3834
SERVO_p_TCGA_157_158_159_SNP_N_GenomeWideSNP_6_E02_831338	5	151515386	151518351	14	-0.8196
SERVO_p_TCGA_157_158_159_SNP_N_GenomeWideSNP_6_E02_831338	5	151520271	175460087	16763	0.3949
SERVO_p_TCGA_157_158_159_SNP_N_GenomeWideSNP_6_E02_831338	5	175465689	175469507	2	-1.239
SERVO_p_TCGA_157_158_159_SNP_N_GenomeWideSNP_6_E02_831338	5	175470324	180790320	2734	0.3788
SERVO_p_TCGA_157_158_159_SNP_N_GenomeWideSNP_6_E02_831338	6	149661	16087649	12582	0.0724
SERVO_p_TCGA_157_158_159_SNP_N_GenomeWideSNP_6_E02_831338	6	16088268	16088731	4	-0.8863
SERVO_p_TCGA_157_158_159_SNP_N_GenomeWideSNP_6_E02_831338	6	16089051	29837072	9146	0.0679
SERVO_p_TCGA_157_158_159_SNP_N_GenomeWideSNP_6_E02_831338	6	29837187	29849267	16	0.9934
SERVO_p_TCGA_157_158_159_SNP_N_GenomeWideSNP_6_E02_831338	6	29850196	31280823	671	0.0648
SERVO_p_TCGA_157_158_159_SNP_N_GenomeWideSNP_6_E02_831338	6	31286276	31296451	11	1.5006
SERVO_p_TCGA_157_158_159_SNP_N_GenomeWideSNP_6_E02_831338	6	31309924	32431292	502	0.0954
SERVO_p_TCGA_157_158_159_SNP_N_GenomeWideSNP_6_E02_831338	6	32431552	32602107	59	0.8604
SERVO_p_TCGA_157_158_159_SNP_N_GenomeWideSNP_6_E02_831338	6	32602269	32690027	59	0.3044
SERVO_p_TCGA_157_158_159_SNP_N_GenomeWideSNP_6_E02_831338	6	32690797	32690830	3	2.1199
SERVO_p_TCGA_157_158_159_SNP_N_GenomeWideSNP_6_E02_831338	6	32692227	46010734	8465	0.0499
SERVO_p_TCGA_157_158_159_SNP_N_GenomeWideSNP_6_E02_831338	6	46011392	46013386	4	-0.6842
SERVO_p_TCGA_157_158_159_SNP_N_GenomeWideSNP_6_E02_831338	6	46014014	50914326	3020	0.0924
SERVO_p_TCGA_157_158_159_SNP_N_GenomeWideSNP_6_E02_831338	6	50914796	50914812	3	0.8941
SERVO_p_TCGA_157_158_159_SNP_N_GenomeWideSNP_6_E02_831338	6	50916275	56326204	3749	0.0792
SERVO_p_TCGA_157_158_159_SNP_N_GenomeWideSNP_6_E02_831338	6	56326765	56409647	40	-0.339
SERVO_p_TCGA_157_158_159_SNP_N_GenomeWideSNP_6_E02_831338	6	56410802	67038046	3906	0.0827
SERVO_p_TCGA_157_158_159_SNP_N_GenomeWideSNP_6_E02_831338	6	67040913	67043192	7	-0.7904
SERVO_p_TCGA_157_158_159_SNP_N_GenomeWideSNP_6_E02_831338	6	67043235	77436532	6791	0.0807
SERVO_p_TCGA_157_158_159_SNP_N_GenomeWideSNP_6_E02_831338	6	77439868	77452382	15	-3.6627
SERVO_p_TCGA_157_158_159_SNP_N_GenomeWideSNP_6_E02_831338	6	77452392	77452757	6	-1.2771
SERVO_p_TCGA_157_158_159_SNP_N_GenomeWideSNP_6_E02_831338	6	77461073	77482314	33	0.0091
SERVO_p_TCGA_157_158_159_SNP_N_GenomeWideSNP_6_E02_831338	6	77482762	77489791	5	0.6317
SERVO_p_TCGA_157_158_159_SNP_N_GenomeWideSNP_6_E02_831338	6	77490961	78962889	941	0.0776
SERVO_p_TCGA_157_158_159_SNP_N_GenomeWideSNP_6_E02_831338	6	78969065	79035185	112	-0.7452
SERVO_p_TCGA_157_158_159_SNP_N_GenomeWideSNP_6_E02_831338	6	79039234	99692760	13048	0.0865
SERVO_p_TCGA_157_158_159_SNP_N_GenomeWideSNP_6_E02_831338	6	99695926	100233857	369	-1.0468
SERVO_p_TCGA_157_158_159_SNP_N_GenomeWideSNP_6_E02_831338	6	100236173	103734829	2060	0.0843
SERVO_p_TCGA_157_158_159_SNP_N_GenomeWideSNP_6_E02_831338	6	103737976	103760004	42	-0.2116
SERVO_p_TCGA_157_158_159_SNP_N_GenomeWideSNP_6_E02_831338	6	103760047	128423926	15095	0.0864
SERVO_p_TCGA_157_158_159_SNP_N_GenomeWideSNP_6_E02_831338	6	128425029	128795887	212	-1.0615
SERVO_p_TCGA_157_158_159_SNP_N_GenomeWideSNP_6_E02_831338	6	128798981	129793430	666	0.0811
SERVO_p_TCGA_157_158_159_SNP_N_GenomeWideSNP_6_E02_831338	6	129796534	133074133	2271	-1.0471
SERVO_p_TCGA_157_158_159_SNP_N_GenomeWideSNP_6_E02_831338	6	133076425	136893913	2635	0.0834
SERVO_p_TCGA_157_158_159_SNP_N_GenomeWideSNP_6_E02_831338	6	136895452	136895466	2	-0.8876
SERVO_p_TCGA_157_158_159_SNP_N_GenomeWideSNP_6_E02_831338	6	136898109	137403413	340	0.0939
SERVO_p_TCGA_157_158_159_SNP_N_GenomeWideSNP_6_E02_831338	6	137403527	137423779	10	-0.8857
SERVO_p_TCGA_157_158_159_SNP_N_GenomeWideSNP_6_E02_831338	6	137429170	137505565	73	0.0767
SERVO_p_TCGA_157_158_159_SNP_N_GenomeWideSNP_6_E02_831338	6	137509620	138053876	436	-1.0994
SERVO_p_TCGA_157_158_159_SNP_N_GenomeWideSNP_6_E02_831338	6	138054603	138057180	4	-4.3304
SERVO_p_TCGA_157_158_159_SNP_N_GenomeWideSNP_6_E02_831338	6	138057626	144853978	4118	-1.0417
SERVO_p_TCGA_157_158_159_SNP_N_GenomeWideSNP_6_E02_831338	6	144855819	144866767	12	0.1173
SERVO_p_TCGA_157_158_159_SNP_N_GenomeWideSNP_6_E02_831338	6	144875973	151730572	4606	-1.0574
SERVO_p_TCGA_157_158_159_SNP_N_GenomeWideSNP_6_E02_831338	6	151730784	154947408	2428	0.085
SERVO_p_TCGA_157_158_159_SNP_N_GenomeWideSNP_6_E02_831338	6	154952956	155194880	121	-0.9754
SERVO_p_TCGA_157_158_159_SNP_N_GenomeWideSNP_6_E02_831338	6	155197931	171051005	11095	0.0862
SERVO_p_TCGA_157_158_159_SNP_N_GenomeWideSNP_6_E02_831338	7	43355	22833821	16415	0.4107
SERVO_p_TCGA_157_158_159_SNP_N_GenomeWideSNP_6_E02_831338	7	22836845	22841826	3	-0.6151
SERVO_p_TCGA_157_158_159_SNP_N_GenomeWideSNP_6_E02_831338	7	22842319	24035127	758	0.3785
SERVO_p_TCGA_157_158_159_SNP_N_GenomeWideSNP_6_E02_831338	7	24039878	24040383	2	2.0541
SERVO_p_TCGA_157_158_159_SNP_N_GenomeWideSNP_6_E02_831338	7	24040817	26132290	1687	0.4077
SERVO_p_TCGA_157_158_159_SNP_N_GenomeWideSNP_6_E02_831338	7	26142392	26145413	4	-0.3551
SERVO_p_TCGA_157_158_159_SNP_N_GenomeWideSNP_6_E02_831338	7	26147219	38287927	8558	0.4045
SERVO_p_TCGA_157_158_159_SNP_N_GenomeWideSNP_6_E02_831338	7	38290693	38303434	9	1.3218
SERVO_p_TCGA_157_158_159_SNP_N_GenomeWideSNP_6_E02_831338	7	38310723	38395974	117	0.4768
SERVO_p_TCGA_157_158_159_SNP_N_GenomeWideSNP_6_E02_831338	7	38396476	38398047	2	1.6445
SERVO_p_TCGA_157_158_159_SNP_N_GenomeWideSNP_6_E02_831338	7	38400957	54386505	11004	0.4065
SERVO_p_TCGA_157_158_159_SNP_N_GenomeWideSNP_6_E02_831338	7	54386509	54386517	5	2.7661
SERVO_p_TCGA_157_158_159_SNP_N_GenomeWideSNP_6_E02_831338	7	54393488	64594341	3140	0.398
SERVO_p_TCGA_157_158_159_SNP_N_GenomeWideSNP_6_E02_831338	7	64594929	64595698	4	1.3478
SERVO_p_TCGA_157_158_159_SNP_N_GenomeWideSNP_6_E02_831338	7	64637128	100956565	20534	0.4022
SERVO_p_TCGA_157_158_159_SNP_N_GenomeWideSNP_6_E02_831338	7	100960955	100963875	4	-1.125
SERVO_p_TCGA_157_158_159_SNP_N_GenomeWideSNP_6_E02_831338	7	100965601	101052486	35	0.2758
SERVO_p_TCGA_157_158_159_SNP_N_GenomeWideSNP_6_E02_831338	7	101059732	101059949	2	-2.0341
SERVO_p_TCGA_157_158_159_SNP_N_GenomeWideSNP_6_E02_831338	7	101062911	133785177	19863	0.3989
SERVO_p_TCGA_157_158_159_SNP_N_GenomeWideSNP_6_E02_831338	7	133785195	133787087	15	1.0132
SERVO_p_TCGA_157_158_159_SNP_N_GenomeWideSNP_6_E02_831338	7	133787146	133789506	5	0.3552
SERVO_p_TCGA_157_158_159_SNP_N_GenomeWideSNP_6_E02_831338	7	133789965	133795634	6	1.2186
SERVO_p_TCGA_157_158_159_SNP_N_GenomeWideSNP_6_E02_831338	7	133795665	141763124	5207	0.3982
SERVO_p_TCGA_157_158_159_SNP_N_GenomeWideSNP_6_E02_831338	7	141769643	141770532	9	-1.1226
SERVO_p_TCGA_157_158_159_SNP_N_GenomeWideSNP_6_E02_831338	7	141770627	141781513	4	-4.2329
SERVO_p_TCGA_157_158_159_SNP_N_GenomeWideSNP_6_E02_831338	7	141781775	141792107	28	-1.5886
SERVO_p_TCGA_157_158_159_SNP_N_GenomeWideSNP_6_E02_831338	7	141795281	156385674	9416	0.4137
SERVO_p_TCGA_157_158_159_SNP_N_GenomeWideSNP_6_E02_831338	7	156391790	156394179	4	-0.4047
SERVO_p_TCGA_157_158_159_SNP_N_GenomeWideSNP_6_E02_831338	7	156394908	158117595	990	0.4106
SERVO_p_TCGA_157_158_159_SNP_N_GenomeWideSNP_6_E02_831338	7	158128588	158132165	2	2.1458
SERVO_p_TCGA_157_158_159_SNP_N_GenomeWideSNP_6_E02_831338	7	158136986	159127004	639	0.4014
SERVO_p_TCGA_157_158_159_SNP_N_GenomeWideSNP_6_E02_831338	8	31254	161222	6	0.0387
SERVO_p_TCGA_157_158_159_SNP_N_GenomeWideSNP_6_E02_831338	8	162672	2204639	1588	-1.1303
SERVO_p_TCGA_157_158_159_SNP_N_GenomeWideSNP_6_E02_831338	8	2205102	2205950	2	-4.6394
SERVO_p_TCGA_157_158_159_SNP_N_GenomeWideSNP_6_E02_831338	8	2206486	6925740	6096	-1.0946
SERVO_p_TCGA_157_158_159_SNP_N_GenomeWideSNP_6_E02_831338	8	6933758	7238019	63	-0.5435
SERVO_p_TCGA_157_158_159_SNP_N_GenomeWideSNP_6_E02_831338	8	7250380	7799390	149	-0.9287
SERVO_p_TCGA_157_158_159_SNP_N_GenomeWideSNP_6_E02_831338	8	7809891	7831645	5	0.0565
SERVO_p_TCGA_157_158_159_SNP_N_GenomeWideSNP_6_E02_831338	8	7832054	8003216	52	-0.6899
SERVO_p_TCGA_157_158_159_SNP_N_GenomeWideSNP_6_E02_831338	8	8009204	8087144	12	0.0238
SERVO_p_TCGA_157_158_159_SNP_N_GenomeWideSNP_6_E02_831338	8	8092025	9730834	1449	-1.0983
SERVO_p_TCGA_157_158_159_SNP_N_GenomeWideSNP_6_E02_831338	8	9731021	9732342	4	-4.216
SERVO_p_TCGA_157_158_159_SNP_N_GenomeWideSNP_6_E02_831338	8	9733078	12242155	1762	-1.1536
SERVO_p_TCGA_157_158_159_SNP_N_GenomeWideSNP_6_E02_831338	8	12242515	12245241	10	-0.1589
SERVO_p_TCGA_157_158_159_SNP_N_GenomeWideSNP_6_E02_831338	8	12245257	12247486	7	-1.7466
SERVO_p_TCGA_157_158_159_SNP_N_GenomeWideSNP_6_E02_831338	8	12260927	12554743	94	-0.5963
SERVO_p_TCGA_157_158_159_SNP_N_GenomeWideSNP_6_E02_831338	8	12556042	20554608	7299	-1.0652
SERVO_p_TCGA_157_158_159_SNP_N_GenomeWideSNP_6_E02_831338	8	20555959	20556272	2	-5.7707
SERVO_p_TCGA_157_158_159_SNP_N_GenomeWideSNP_6_E02_831338	8	20556547	23753451	2143	-1.1217
SERVO_p_TCGA_157_158_159_SNP_N_GenomeWideSNP_6_E02_831338	8	23753489	24974443	856	-0.6486
SERVO_p_TCGA_157_158_159_SNP_N_GenomeWideSNP_6_E02_831338	8	24974476	24991274	30	0.0154
SERVO_p_TCGA_157_158_159_SNP_N_GenomeWideSNP_6_E02_831338	8	24991289	39213946	8992	-0.651
SERVO_p_TCGA_157_158_159_SNP_N_GenomeWideSNP_6_E02_831338	8	39214655	39398022	80	-0.1254
SERVO_p_TCGA_157_158_159_SNP_N_GenomeWideSNP_6_E02_831338	8	39398483	43679530	2556	-0.6026
SERVO_p_TCGA_157_158_159_SNP_N_GenomeWideSNP_6_E02_831338	8	43696756	46847534	20	-0.2389
SERVO_p_TCGA_157_158_159_SNP_N_GenomeWideSNP_6_E02_831338	8	46863535	55843484	5106	0.253
SERVO_p_TCGA_157_158_159_SNP_N_GenomeWideSNP_6_E02_831338	8	55846685	55846869	2	-1.2134
SERVO_p_TCGA_157_158_159_SNP_N_GenomeWideSNP_6_E02_831338	8	55848767	64848636	5960	0.2423
SERVO_p_TCGA_157_158_159_SNP_N_GenomeWideSNP_6_E02_831338	8	64848897	64849118	6	0.9157
SERVO_p_TCGA_157_158_159_SNP_N_GenomeWideSNP_6_E02_831338	8	64849510	146298155	51296	0.0692
SERVO_p_TCGA_157_158_159_SNP_N_GenomeWideSNP_6_E02_831338	9	46587	592306	483	0.135
SERVO_p_TCGA_157_158_159_SNP_N_GenomeWideSNP_6_E02_831338	9	592552	592567	2	-1.7158
SERVO_p_TCGA_157_158_159_SNP_N_GenomeWideSNP_6_E02_831338	9	592718	11360225	10282	0.1112
SERVO_p_TCGA_157_158_159_SNP_N_GenomeWideSNP_6_E02_831338	9	11360784	11366549	2	-1.0973
SERVO_p_TCGA_157_158_159_SNP_N_GenomeWideSNP_6_E02_831338	9	11366606	44396927	20690	0.0939
SERVO_p_TCGA_157_158_159_SNP_N_GenomeWideSNP_6_E02_831338	9	44404912	44781860	26	0.4746
SERVO_p_TCGA_157_158_159_SNP_N_GenomeWideSNP_6_E02_831338	9	44788837	106566497	25251	0.079
SERVO_p_TCGA_157_158_159_SNP_N_GenomeWideSNP_6_E02_831338	9	106568696	106569290	2	-2.8858
SERVO_p_TCGA_157_158_159_SNP_N_GenomeWideSNP_6_E02_831338	9	106570702	141071527	23149	0.0664
SERVO_p_TCGA_157_158_159_SNP_N_GenomeWideSNP_6_E02_831338	9	141071940	141091394	6	0.8821
SERVO_p_TCGA_157_158_159_SNP_N_GenomeWideSNP_6_E02_831338	10	72759	17823971	14859	0.0668
SERVO_p_TCGA_157_158_159_SNP_N_GenomeWideSNP_6_E02_831338	10	17836592	18121033	16	-0.3602
SERVO_p_TCGA_157_158_159_SNP_N_GenomeWideSNP_6_E02_831338	10	18128247	18136748	2	1.5267
SERVO_p_TCGA_157_158_159_SNP_N_GenomeWideSNP_6_E02_831338	10	18150761	24375263	4343	0.0746
SERVO_p_TCGA_157_158_159_SNP_N_GenomeWideSNP_6_E02_831338	10	24377674	24378054	11	1.0245
SERVO_p_TCGA_157_158_159_SNP_N_GenomeWideSNP_6_E02_831338	10	24378908	27225991	1992	0.0782
SERVO_p_TCGA_157_158_159_SNP_N_GenomeWideSNP_6_E02_831338	10	27226098	27229993	12	0.5098
SERVO_p_TCGA_157_158_159_SNP_N_GenomeWideSNP_6_E02_831338	10	27230675	31246510	3035	0.0661
SERVO_p_TCGA_157_158_159_SNP_N_GenomeWideSNP_6_E02_831338	10	31251334	31251726	9	-0.8501
SERVO_p_TCGA_157_158_159_SNP_N_GenomeWideSNP_6_E02_831338	10	31251738	37455145	4114	0.0753
SERVO_p_TCGA_157_158_159_SNP_N_GenomeWideSNP_6_E02_831338	10	37461148	37467614	2	1.1446
SERVO_p_TCGA_157_158_159_SNP_N_GenomeWideSNP_6_E02_831338	10	37479414	46253045	3140	0.0692
SERVO_p_TCGA_157_158_159_SNP_N_GenomeWideSNP_6_E02_831338	10	46256781	46312487	3	-0.9226
SERVO_p_TCGA_157_158_159_SNP_N_GenomeWideSNP_6_E02_831338	10	46485761	46585050	7	-0.0235
SERVO_p_TCGA_157_158_159_SNP_N_GenomeWideSNP_6_E02_831338	10	46590231	47058792	85	0.2615
SERVO_p_TCGA_157_158_159_SNP_N_GenomeWideSNP_6_E02_831338	10	47058868	47058973	6	-0.5716
SERVO_p_TCGA_157_158_159_SNP_N_GenomeWideSNP_6_E02_831338	10	47058988	47897394	281	0.0505
SERVO_p_TCGA_157_158_159_SNP_N_GenomeWideSNP_6_E02_831338	10	47912899	47948060	3	1.241
SERVO_p_TCGA_157_158_159_SNP_N_GenomeWideSNP_6_E02_831338	10	47960476	48840627	293	0.0777
SERVO_p_TCGA_157_158_159_SNP_N_GenomeWideSNP_6_E02_831338	10	48883402	49363009	29	0.5568
SERVO_p_TCGA_157_158_159_SNP_N_GenomeWideSNP_6_E02_831338	10	49381611	51197138	1342	0.0673
SERVO_p_TCGA_157_158_159_SNP_N_GenomeWideSNP_6_E02_831338	10	51231576	51397071	3	1.1751
SERVO_p_TCGA_157_158_159_SNP_N_GenomeWideSNP_6_E02_831338	10	51449369	51822399	96	0.0493
SERVO_p_TCGA_157_158_159_SNP_N_GenomeWideSNP_6_E02_831338	10	51830360	51857219	3	-1.1761
SERVO_p_TCGA_157_158_159_SNP_N_GenomeWideSNP_6_E02_831338	10	51867234	66940035	10752	0.0798
SERVO_p_TCGA_157_158_159_SNP_N_GenomeWideSNP_6_E02_831338	10	66941140	67306276	265	0.4017
SERVO_p_TCGA_157_158_159_SNP_N_GenomeWideSNP_6_E02_831338	10	67307923	67322795	29	-0.4591
SERVO_p_TCGA_157_158_159_SNP_N_GenomeWideSNP_6_E02_831338	10	67322926	67781998	401	0.378
SERVO_p_TCGA_157_158_159_SNP_N_GenomeWideSNP_6_E02_831338	10	67784429	67785177	3	-1.2689
SERVO_p_TCGA_157_158_159_SNP_N_GenomeWideSNP_6_E02_831338	10	67790395	68791460	734	0.3965
SERVO_p_TCGA_157_158_159_SNP_N_GenomeWideSNP_6_E02_831338	10	68791526	68827581	25	0.8426
SERVO_p_TCGA_157_158_159_SNP_N_GenomeWideSNP_6_E02_831338	10	68828498	135229141	44944	-0.3589
SERVO_p_TCGA_157_158_159_SNP_N_GenomeWideSNP_6_E02_831338	10	135229719	135229868	2	-2.3807
SERVO_p_TCGA_157_158_159_SNP_N_GenomeWideSNP_6_E02_831338	10	135232654	135506704	149	-0.3914
SERVO_p_TCGA_157_158_159_SNP_N_GenomeWideSNP_6_E02_831338	11	198510	5783923	3302	0.0526
SERVO_p_TCGA_157_158_159_SNP_N_GenomeWideSNP_6_E02_831338	11	5787405	5789601	4	-0.8356
SERVO_p_TCGA_157_158_159_SNP_N_GenomeWideSNP_6_E02_831338	11	5789725	5793583	7	-0.2485
SERVO_p_TCGA_157_158_159_SNP_N_GenomeWideSNP_6_E02_831338	11	5794245	5809338	23	-0.854
SERVO_p_TCGA_157_158_159_SNP_N_GenomeWideSNP_6_E02_831338	11	5809461	6117976	246	0.1053
SERVO_p_TCGA_157_158_159_SNP_N_GenomeWideSNP_6_E02_831338	11	6120647	6122094	2	1.5076
SERVO_p_TCGA_157_158_159_SNP_N_GenomeWideSNP_6_E02_831338	11	6122503	54940342	30848	0.0634
SERVO_p_TCGA_157_158_159_SNP_N_GenomeWideSNP_6_E02_831338	11	54965608	54982211	6	-0.7412
SERVO_p_TCGA_157_158_159_SNP_N_GenomeWideSNP_6_E02_831338	11	55009475	55376280	211	0.1083
SERVO_p_TCGA_157_158_159_SNP_N_GenomeWideSNP_6_E02_831338	11	55376498	55453009	51	0.5724
SERVO_p_TCGA_157_158_159_SNP_N_GenomeWideSNP_6_E02_831338	11	55453576	134944770	52385	0.0236
SERVO_p_TCGA_157_158_159_SNP_N_GenomeWideSNP_6_E02_831338	12	150442	7994787	5369	0.2903
SERVO_p_TCGA_157_158_159_SNP_N_GenomeWideSNP_6_E02_831338	12	8004425	8123900	60	-0.6845
SERVO_p_TCGA_157_158_159_SNP_N_GenomeWideSNP_6_E02_831338	12	8130958	9633870	770	0.2683
SERVO_p_TCGA_157_158_159_SNP_N_GenomeWideSNP_6_E02_831338	12	9637909	9715565	23	1.7406
SERVO_p_TCGA_157_158_159_SNP_N_GenomeWideSNP_6_E02_831338	12	9728292	45904438	22287	0.2916
SERVO_p_TCGA_157_158_159_SNP_N_GenomeWideSNP_6_E02_831338	12	45905840	45909537	3	-2.0883
SERVO_p_TCGA_157_158_159_SNP_N_GenomeWideSNP_6_E02_831338	12	45913292	50316439	2440	0.2564
SERVO_p_TCGA_157_158_159_SNP_N_GenomeWideSNP_6_E02_831338	12	50320008	50321846	2	0.9464
SERVO_p_TCGA_157_158_159_SNP_N_GenomeWideSNP_6_E02_831338	12	50324567	99811048	31340	0.2668
SERVO_p_TCGA_157_158_159_SNP_N_GenomeWideSNP_6_E02_831338	12	99811058	99811559	2	-0.934
SERVO_p_TCGA_157_158_159_SNP_N_GenomeWideSNP_6_E02_831338	12	99816442	129228886	19636	0.2778
SERVO_p_TCGA_157_158_159_SNP_N_GenomeWideSNP_6_E02_831338	12	129230513	129232545	7	-1.035
SERVO_p_TCGA_157_158_159_SNP_N_GenomeWideSNP_6_E02_831338	12	129233988	133778189	3083	0.2846
SERVO_p_TCGA_157_158_159_SNP_N_GenomeWideSNP_6_E02_831338	13	19026949	20121459	566	0.6085
SERVO_p_TCGA_157_158_159_SNP_N_GenomeWideSNP_6_E02_831338	13	20123895	20123910	2	-0.7158
SERVO_p_TCGA_157_158_159_SNP_N_GenomeWideSNP_6_E02_831338	13	20124501	23607277	2296	0.632
SERVO_p_TCGA_157_158_159_SNP_N_GenomeWideSNP_6_E02_831338	13	23608609	23610831	3	1.4653
SERVO_p_TCGA_157_158_159_SNP_N_GenomeWideSNP_6_E02_831338	13	23611474	23629210	27	0.6192
SERVO_p_TCGA_157_158_159_SNP_N_GenomeWideSNP_6_E02_831338	13	23632678	23633515	12	-0.1803
SERVO_p_TCGA_157_158_159_SNP_N_GenomeWideSNP_6_E02_831338	13	23638195	25035607	1147	0.6471
SERVO_p_TCGA_157_158_159_SNP_N_GenomeWideSNP_6_E02_831338	13	25039590	25039598	3	-0.7865
SERVO_p_TCGA_157_158_159_SNP_N_GenomeWideSNP_6_E02_831338	13	25039678	34188263	6813	0.6317
SERVO_p_TCGA_157_158_159_SNP_N_GenomeWideSNP_6_E02_831338	13	34192789	34193376	4	-0.3398
SERVO_p_TCGA_157_158_159_SNP_N_GenomeWideSNP_6_E02_831338	13	34197304	39867370	4011	0.6313
SERVO_p_TCGA_157_158_159_SNP_N_GenomeWideSNP_6_E02_831338	13	39867402	39871792	29	0.2524
SERVO_p_TCGA_157_158_159_SNP_N_GenomeWideSNP_6_E02_831338	13	39871862	58974919	11877	0.6297
SERVO_p_TCGA_157_158_159_SNP_N_GenomeWideSNP_6_E02_831338	13	58980369	115108397	37475	0.391
SERVO_p_TCGA_157_158_159_SNP_N_GenomeWideSNP_6_E02_831338	14	19002124	20137346	79	-0.136
SERVO_p_TCGA_157_158_159_SNP_N_GenomeWideSNP_6_E02_831338	14	20143509	20375826	85	-0.5024
SERVO_p_TCGA_157_158_159_SNP_N_GenomeWideSNP_6_E02_831338	14	20376366	20383810	3	-1.7815
SERVO_p_TCGA_157_158_159_SNP_N_GenomeWideSNP_6_E02_831338	14	20386804	22393148	1379	-0.3642
SERVO_p_TCGA_157_158_159_SNP_N_GenomeWideSNP_6_E02_831338	14	22393359	22393545	3	-1.4394
SERVO_p_TCGA_157_158_159_SNP_N_GenomeWideSNP_6_E02_831338	14	22393599	41608358	12266	-0.3508
SERVO_p_TCGA_157_158_159_SNP_N_GenomeWideSNP_6_E02_831338	14	41610496	41629242	7	-1.218
SERVO_p_TCGA_157_158_159_SNP_N_GenomeWideSNP_6_E02_831338	14	41633385	41653977	6	-3.8848
SERVO_p_TCGA_157_158_159_SNP_N_GenomeWideSNP_6_E02_831338	14	41657249	68745884	16936	-0.3692
SERVO_p_TCGA_157_158_159_SNP_N_GenomeWideSNP_6_E02_831338	14	68747868	68846503	85	-3.5389
SERVO_p_TCGA_157_158_159_SNP_N_GenomeWideSNP_6_E02_831338	14	68851068	73995774	3445	-0.3909
SERVO_p_TCGA_157_158_159_SNP_N_GenomeWideSNP_6_E02_831338	14	74001123	74044966	15	0.2474
SERVO_p_TCGA_157_158_159_SNP_N_GenomeWideSNP_6_E02_831338	14	74045183	82364767	5488	-0.3709
SERVO_p_TCGA_157_158_159_SNP_N_GenomeWideSNP_6_E02_831338	14	82373178	82417633	26	-0.9015
SERVO_p_TCGA_157_158_159_SNP_N_GenomeWideSNP_6_E02_831338	14	82421394	99364979	11764	-0.3778
SERVO_p_TCGA_157_158_159_SNP_N_GenomeWideSNP_6_E02_831338	14	99365099	99366114	3	-1.7315
SERVO_p_TCGA_157_158_159_SNP_N_GenomeWideSNP_6_E02_831338	14	99366616	106526966	3494	-0.3992
SERVO_p_TCGA_157_158_159_SNP_N_GenomeWideSNP_6_E02_831338	14	106530364	106592212	31	0.1382
SERVO_p_TCGA_157_158_159_SNP_N_GenomeWideSNP_6_E02_831338	14	106592678	106715489	53	-0.2344
SERVO_p_TCGA_157_158_159_SNP_N_GenomeWideSNP_6_E02_831338	14	106717356	106740774	13	-0.8718
SERVO_p_TCGA_157_158_159_SNP_N_GenomeWideSNP_6_E02_831338	14	106746725	106783044	23	-0.2384
SERVO_p_TCGA_157_158_159_SNP_N_GenomeWideSNP_6_E02_831338	14	106796025	106802053	7	-1.9909
SERVO_p_TCGA_157_158_159_SNP_N_GenomeWideSNP_6_E02_831338	14	106815943	106874361	33	-0.3076
SERVO_p_TCGA_157_158_159_SNP_N_GenomeWideSNP_6_E02_831338	14	106879831	106918094	50	-1.895
SERVO_p_TCGA_157_158_159_SNP_N_GenomeWideSNP_6_E02_831338	14	106918108	107285437	225	-0.3955
SERVO_p_TCGA_157_158_159_SNP_N_GenomeWideSNP_6_E02_831338	15	20016328	20422378	67	0.0391
SERVO_p_TCGA_157_158_159_SNP_N_GenomeWideSNP_6_E02_831338	15	20440538	20646575	78	-0.3005
SERVO_p_TCGA_157_158_159_SNP_N_GenomeWideSNP_6_E02_831338	15	20646685	20743947	6	0.2645
SERVO_p_TCGA_157_158_159_SNP_N_GenomeWideSNP_6_E02_831338	15	20795340	21154677	113	-0.293
SERVO_p_TCGA_157_158_159_SNP_N_GenomeWideSNP_6_E02_831338	15	21169904	21173886	3	0.161
SERVO_p_TCGA_157_158_159_SNP_N_GenomeWideSNP_6_E02_831338	15	21186400	22587474	155	-0.5022
SERVO_p_TCGA_157_158_159_SNP_N_GenomeWideSNP_6_E02_831338	15	22673399	25419992	1505	-0.1433
SERVO_p_TCGA_157_158_159_SNP_N_GenomeWideSNP_6_E02_831338	15	25421607	25426951	3	-2.1756
SERVO_p_TCGA_157_158_159_SNP_N_GenomeWideSNP_6_E02_831338	15	25427208	25430243	5	-5.1646
SERVO_p_TCGA_157_158_159_SNP_N_GenomeWideSNP_6_E02_831338	15	25433305	26219104	612	-0.1872
SERVO_p_TCGA_157_158_159_SNP_N_GenomeWideSNP_6_E02_831338	15	26219370	26219569	3	-1.2343
SERVO_p_TCGA_157_158_159_SNP_N_GenomeWideSNP_6_E02_831338	15	26221784	26560192	255	-0.1792
SERVO_p_TCGA_157_158_159_SNP_N_GenomeWideSNP_6_E02_831338	15	26562152	26563156	2	-3.3121
SERVO_p_TCGA_157_158_159_SNP_N_GenomeWideSNP_6_E02_831338	15	26563588	76891511	31517	-0.1915
SERVO_p_TCGA_157_158_159_SNP_N_GenomeWideSNP_6_E02_831338	15	76891627	76895774	19	-1.6356
SERVO_p_TCGA_157_158_159_SNP_N_GenomeWideSNP_6_E02_831338	15	76895775	102400037	17654	-0.1916
SERVO_p_TCGA_157_158_159_SNP_N_GenomeWideSNP_6_E02_831338	15	102405136	102469040	13	0.4264
SERVO_p_TCGA_157_158_159_SNP_N_GenomeWideSNP_6_E02_831338	16	60777	5479168	2460	0.0313
SERVO_p_TCGA_157_158_159_SNP_N_GenomeWideSNP_6_E02_831338	16	5483427	5650598	219	-1.0071
SERVO_p_TCGA_157_158_159_SNP_N_GenomeWideSNP_6_E02_831338	16	5651841	5654141	3	-2.8138
SERVO_p_TCGA_157_158_159_SNP_N_GenomeWideSNP_6_E02_831338	16	5654329	5697395	51	-1.1355
SERVO_p_TCGA_157_158_159_SNP_N_GenomeWideSNP_6_E02_831338	16	5699774	6272049	663	0.0852
SERVO_p_TCGA_157_158_159_SNP_N_GenomeWideSNP_6_E02_831338	16	6275459	6421229	187	-0.4335
SERVO_p_TCGA_157_158_159_SNP_N_GenomeWideSNP_6_E02_831338	16	6425441	6865108	592	0.073
SERVO_p_TCGA_157_158_159_SNP_N_GenomeWideSNP_6_E02_831338	16	6867751	7170959	365	-1.0465
SERVO_p_TCGA_157_158_159_SNP_N_GenomeWideSNP_6_E02_831338	16	7175778	22615804	10313	0.0784
SERVO_p_TCGA_157_158_159_SNP_N_GenomeWideSNP_6_E02_831338	16	22625584	22710742	59	-0.2979
SERVO_p_TCGA_157_158_159_SNP_N_GenomeWideSNP_6_E02_831338	16	22712979	32791269	5272	0.0546
SERVO_p_TCGA_157_158_159_SNP_N_GenomeWideSNP_6_E02_831338	16	32795483	33645338	140	0.3784
SERVO_p_TCGA_157_158_159_SNP_N_GenomeWideSNP_6_E02_831338	16	33648467	58922890	8884	0.0835
SERVO_p_TCGA_157_158_159_SNP_N_GenomeWideSNP_6_E02_831338	16	58923067	58923862	2	-1.5411
SERVO_p_TCGA_157_158_159_SNP_N_GenomeWideSNP_6_E02_831338	16	58927958	62563248	2317	0.0835
SERVO_p_TCGA_157_158_159_SNP_N_GenomeWideSNP_6_E02_831338	16	62564669	70151527	4562	-0.3569
SERVO_p_TCGA_157_158_159_SNP_N_GenomeWideSNP_6_E02_831338	16	70151560	70198356	14	-0.9688
SERVO_p_TCGA_157_158_159_SNP_N_GenomeWideSNP_6_E02_831338	16	70198396	70246333	6	0.1444
SERVO_p_TCGA_157_158_159_SNP_N_GenomeWideSNP_6_E02_831338	16	70246339	70842097	263	-0.3787
SERVO_p_TCGA_157_158_159_SNP_N_GenomeWideSNP_6_E02_831338	16	70854381	71202489	140	0.0829
SERVO_p_TCGA_157_158_159_SNP_N_GenomeWideSNP_6_E02_831338	16	71202797	74384258	2018	-0.3532
SERVO_p_TCGA_157_158_159_SNP_N_GenomeWideSNP_6_E02_831338	16	74397058	74466566	12	-0.9561
SERVO_p_TCGA_157_158_159_SNP_N_GenomeWideSNP_6_E02_831338	16	74466810	78022356	2890	-0.3473
SERVO_p_TCGA_157_158_159_SNP_N_GenomeWideSNP_6_E02_831338	16	78022749	78022830	2	-1.6604
SERVO_p_TCGA_157_158_159_SNP_N_GenomeWideSNP_6_E02_831338	16	78023306	78369094	307	-0.3444
SERVO_p_TCGA_157_158_159_SNP_N_GenomeWideSNP_6_E02_831338	16	78369257	78384765	22	0.136
SERVO_p_TCGA_157_158_159_SNP_N_GenomeWideSNP_6_E02_831338	16	78385001	90148449	10612	-0.3827
SERVO_p_TCGA_157_158_159_SNP_N_GenomeWideSNP_6_E02_831338	16	90155525	90287535	10	0.0261
SERVO_p_TCGA_157_158_159_SNP_N_GenomeWideSNP_6_E02_831338	17	526	468091	209	-0.425
SERVO_p_TCGA_157_158_159_SNP_N_GenomeWideSNP_6_E02_831338	17	471229	497446	18	0.3392
SERVO_p_TCGA_157_158_159_SNP_N_GenomeWideSNP_6_E02_831338	17	500746	4374584	2136	-0.4165
SERVO_p_TCGA_157_158_159_SNP_N_GenomeWideSNP_6_E02_831338	17	4375089	4375102	2	-2.8374
SERVO_p_TCGA_157_158_159_SNP_N_GenomeWideSNP_6_E02_831338	17	4375573	18317181	9058	-0.402
SERVO_p_TCGA_157_158_159_SNP_N_GenomeWideSNP_6_E02_831338	17	18317193	18505690	39	0.0905
SERVO_p_TCGA_157_158_159_SNP_N_GenomeWideSNP_6_E02_831338	17	18510158	21516276	1296	-0.362
SERVO_p_TCGA_157_158_159_SNP_N_GenomeWideSNP_6_E02_831338	17	21519009	21566353	22	0.4024
SERVO_p_TCGA_157_158_159_SNP_N_GenomeWideSNP_6_E02_831338	17	21693871	22219568	221	0.8043
SERVO_p_TCGA_157_158_159_SNP_N_GenomeWideSNP_6_E02_831338	17	22227075	39421708	7951	0.3592
SERVO_p_TCGA_157_158_159_SNP_N_GenomeWideSNP_6_E02_831338	17	39423014	39430450	23	-0.4299
SERVO_p_TCGA_157_158_159_SNP_N_GenomeWideSNP_6_E02_831338	17	39430531	44163098	2514	0.3307
SERVO_p_TCGA_157_158_159_SNP_N_GenomeWideSNP_6_E02_831338	17	44165803	44362363	124	0.7
SERVO_p_TCGA_157_158_159_SNP_N_GenomeWideSNP_6_E02_831338	17	44364170	44784678	52	-0.103
SERVO_p_TCGA_157_158_159_SNP_N_GenomeWideSNP_6_E02_831338	17	44784982	77363513	19971	0.3687
SERVO_p_TCGA_157_158_159_SNP_N_GenomeWideSNP_6_E02_831338	17	77365534	77389101	18	0.8511
SERVO_p_TCGA_157_158_159_SNP_N_GenomeWideSNP_6_E02_831338	17	77400623	81049726	1618	0.3397
SERVO_p_TCGA_157_158_159_SNP_N_GenomeWideSNP_6_E02_831338	18	11543	63721579	40298	-0.3629
SERVO_p_TCGA_157_158_159_SNP_N_GenomeWideSNP_6_E02_831338	18	63727492	63728340	12	-1.1837
SERVO_p_TCGA_157_158_159_SNP_N_GenomeWideSNP_6_E02_831338	18	63732738	74784013	8317	-0.3625
SERVO_p_TCGA_157_158_159_SNP_N_GenomeWideSNP_6_E02_831338	18	74784709	74785812	5	-1.6734
SERVO_p_TCGA_157_158_159_SNP_N_GenomeWideSNP_6_E02_831338	18	74789562	78015057	2091	-0.4046
SERVO_p_TCGA_157_158_159_SNP_N_GenomeWideSNP_6_E02_831338	19	90910	20829591	9114	0.322
SERVO_p_TCGA_157_158_159_SNP_N_GenomeWideSNP_6_E02_831338	19	20830034	20985425	92	0.8524
SERVO_p_TCGA_157_158_159_SNP_N_GenomeWideSNP_6_E02_831338	19	20985936	21814919	467	0.3485
SERVO_p_TCGA_157_158_159_SNP_N_GenomeWideSNP_6_E02_831338	19	21815640	21819869	2	-1.1029
SERVO_p_TCGA_157_158_159_SNP_N_GenomeWideSNP_6_E02_831338	19	21820111	35849322	7136	0.3747
SERVO_p_TCGA_157_158_159_SNP_N_GenomeWideSNP_6_E02_831338	19	35849493	35861848	22	-0.3652
SERVO_p_TCGA_157_158_159_SNP_N_GenomeWideSNP_6_E02_831338	19	35866744	38339815	1213	0.3308
SERVO_p_TCGA_157_158_159_SNP_N_GenomeWideSNP_6_E02_831338	19	38341499	38344217	3	-0.9635
SERVO_p_TCGA_157_158_159_SNP_N_GenomeWideSNP_6_E02_831338	19	38345734	46082190	4037	0.3435
SERVO_p_TCGA_157_158_159_SNP_N_GenomeWideSNP_6_E02_831338	19	46098885	48295312	934	-0.4201
SERVO_p_TCGA_157_158_159_SNP_N_GenomeWideSNP_6_E02_831338	19	48296083	48463945	65	0.3676
SERVO_p_TCGA_157_158_159_SNP_N_GenomeWideSNP_6_E02_831338	19	48464271	56278050	4389	-0.3932
SERVO_p_TCGA_157_158_159_SNP_N_GenomeWideSNP_6_E02_831338	19	56282070	56286293	6	0.4318
SERVO_p_TCGA_157_158_159_SNP_N_GenomeWideSNP_6_E02_831338	19	56288941	57470332	847	-0.4137
SERVO_p_TCGA_157_158_159_SNP_N_GenomeWideSNP_6_E02_831338	19	57474120	57474906	2	-2.1741
SERVO_p_TCGA_157_158_159_SNP_N_GenomeWideSNP_6_E02_831338	19	57477271	59097854	999	-0.4267
SERVO_p_TCGA_157_158_159_SNP_N_GenomeWideSNP_6_E02_831338	20	61305	1552503	1186	0.3709
SERVO_p_TCGA_157_158_159_SNP_N_GenomeWideSNP_6_E02_831338	20	1557190	1580388	53	-0.2922
SERVO_p_TCGA_157_158_159_SNP_N_GenomeWideSNP_6_E02_831338	20	1580537	6311968	3431	0.3624
SERVO_p_TCGA_157_158_159_SNP_N_GenomeWideSNP_6_E02_831338	20	6316328	6335750	10	-0.2269
SERVO_p_TCGA_157_158_159_SNP_N_GenomeWideSNP_6_E02_831338	20	6336002	14546696	6330	0.4003
SERVO_p_TCGA_157_158_159_SNP_N_GenomeWideSNP_6_E02_831338	20	14551755	14707867	114	0.8392
SERVO_p_TCGA_157_158_159_SNP_N_GenomeWideSNP_6_E02_831338	20	14707900	20079599	4772	0.4007
SERVO_p_TCGA_157_158_159_SNP_N_GenomeWideSNP_6_E02_831338	20	20082067	31907262	5336	0.8269
SERVO_p_TCGA_157_158_159_SNP_N_GenomeWideSNP_6_E02_831338	20	31908730	31925617	7	1.2719
SERVO_p_TCGA_157_158_159_SNP_N_GenomeWideSNP_6_E02_831338	20	31925785	35632227	1613	0.7571
SERVO_p_TCGA_157_158_159_SNP_N_GenomeWideSNP_6_E02_831338	20	35637869	35722830	155	0.5154
SERVO_p_TCGA_157_158_159_SNP_N_GenomeWideSNP_6_E02_831338	20	35726402	36947859	743	0.8106
SERVO_p_TCGA_157_158_159_SNP_N_GenomeWideSNP_6_E02_831338	20	36950640	37010785	65	0.5718
SERVO_p_TCGA_157_158_159_SNP_N_GenomeWideSNP_6_E02_831338	20	37010806	40359519	2241	0.8143
SERVO_p_TCGA_157_158_159_SNP_N_GenomeWideSNP_6_E02_831338	20	40360023	40360027	5	-0.0092
SERVO_p_TCGA_157_158_159_SNP_N_GenomeWideSNP_6_E02_831338	20	40360784	62916068	16428	0.829
SERVO_p_TCGA_157_158_159_SNP_N_GenomeWideSNP_6_E02_831338	20	62954695	62956153	5	0.4816
SERVO_p_TCGA_157_158_159_SNP_N_GenomeWideSNP_6_E02_831338	21	10736871	14570574	161	0.0135
SERVO_p_TCGA_157_158_159_SNP_N_GenomeWideSNP_6_E02_831338	21	14594235	48096957	24209	-0.3779
SERVO_p_TCGA_157_158_159_SNP_N_GenomeWideSNP_6_E02_831338	22	16052528	21572214	2853	0.0513
SERVO_p_TCGA_157_158_159_SNP_N_GenomeWideSNP_6_E02_831338	22	21595029	21607084	3	-1.2301
SERVO_p_TCGA_157_158_159_SNP_N_GenomeWideSNP_6_E02_831338	22	21611349	24283098	1732	0.0556
SERVO_p_TCGA_157_158_159_SNP_N_GenomeWideSNP_6_E02_831338	22	24284782	24288434	4	-0.9365
SERVO_p_TCGA_157_158_159_SNP_N_GenomeWideSNP_6_E02_831338	22	24288457	24324873	18	-0.1333
SERVO_p_TCGA_157_158_159_SNP_N_GenomeWideSNP_6_E02_831338	22	24329711	24332625	5	-1.9329
SERVO_p_TCGA_157_158_159_SNP_N_GenomeWideSNP_6_E02_831338	22	24332933	24393745	21	-0.3761
SERVO_p_TCGA_157_158_159_SNP_N_GenomeWideSNP_6_E02_831338	22	24394015	25081338	356	0.0564
SERVO_p_TCGA_157_158_159_SNP_N_GenomeWideSNP_6_E02_831338	22	25082115	25082534	3	-1.1682
SERVO_p_TCGA_157_158_159_SNP_N_GenomeWideSNP_6_E02_831338	22	25087674	39290920	10475	0.0667
SERVO_p_TCGA_157_158_159_SNP_N_GenomeWideSNP_6_E02_831338	22	39295255	39296904	3	-2.8645
SERVO_p_TCGA_157_158_159_SNP_N_GenomeWideSNP_6_E02_831338	22	39299114	44205319	2789	0.0268
SERVO_p_TCGA_157_158_159_SNP_N_GenomeWideSNP_6_E02_831338	22	44209164	46502870	1681	-1.1318
SERVO_p_TCGA_157_158_159_SNP_N_GenomeWideSNP_6_E02_831338	22	46505806	46512955	3	-5.9712
SERVO_p_TCGA_157_158_159_SNP_N_GenomeWideSNP_6_E02_831338	22	46525794	48665561	1773	-1.1688
SERVO_p_TCGA_157_158_159_SNP_N_GenomeWideSNP_6_E02_831338	22	48667161	51234455	1776	0.048
SERVO_p_TCGA_157_158_159_SNP_N_GenomeWideSNP_6_E02_831338	X	168477	3583318	775	-0.2053
SERVO_p_TCGA_157_158_159_SNP_N_GenomeWideSNP_6_E02_831338	X	3583596	6383047	2177	0.5965
SERVO_p_TCGA_157_158_159_SNP_N_GenomeWideSNP_6_E02_831338	X	6383089	6387288	3	2.3543
SERVO_p_TCGA_157_158_159_SNP_N_GenomeWideSNP_6_E02_831338	X	6387294	10470951	3056	0.6227
SERVO_p_TCGA_157_158_159_SNP_N_GenomeWideSNP_6_E02_831338	X	10471870	10478315	12	1.4834
SERVO_p_TCGA_157_158_159_SNP_N_GenomeWideSNP_6_E02_831338	X	10478539	16464889	4096	0.6692
SERVO_p_TCGA_157_158_159_SNP_N_GenomeWideSNP_6_E02_831338	X	16466467	16481139	42	0.25
SERVO_p_TCGA_157_158_159_SNP_N_GenomeWideSNP_6_E02_831338	X	16481157	24574928	4850	0.6549
SERVO_p_TCGA_157_158_159_SNP_N_GenomeWideSNP_6_E02_831338	X	24576324	24595747	14	1.3222
SERVO_p_TCGA_157_158_159_SNP_N_GenomeWideSNP_6_E02_831338	X	24597949	25914114	784	0.6512
SERVO_p_TCGA_157_158_159_SNP_N_GenomeWideSNP_6_E02_831338	X	25920838	25925169	2	3.1012
SERVO_p_TCGA_157_158_159_SNP_N_GenomeWideSNP_6_E02_831338	X	25926010	28631775	1687	0.6571
SERVO_p_TCGA_157_158_159_SNP_N_GenomeWideSNP_6_E02_831338	X	28633819	52394867	13503	-0.1708
SERVO_p_TCGA_157_158_159_SNP_N_GenomeWideSNP_6_E02_831338	X	52573822	52668213	56	-2.7267
SERVO_p_TCGA_157_158_159_SNP_N_GenomeWideSNP_6_E02_831338	X	52672741	135331206	41207	-0.168
SERVO_p_TCGA_157_158_159_SNP_N_GenomeWideSNP_6_E02_831338	X	135331926	135338312	5	-2.3008
SERVO_p_TCGA_157_158_159_SNP_N_GenomeWideSNP_6_E02_831338	X	135339437	136124718	440	-0.1373
SERVO_p_TCGA_157_158_159_SNP_N_GenomeWideSNP_6_E02_831338	X	136125570	136126021	2	1.971
SERVO_p_TCGA_157_158_159_SNP_N_GenomeWideSNP_6_E02_831338	X	136127112	153562778	11114	-0.1572
SERVO_p_TCGA_157_158_159_SNP_N_GenomeWideSNP_6_E02_831338	X	153566608	153621387	66	-0.4827
SERVO_p_TCGA_157_158_159_SNP_N_GenomeWideSNP_6_E02_831338	X	153621459	155182354	554	-0.245
SERVO_p_TCGA_157_158_159_SNP_N_GenomeWideSNP_6_E02_831338	Y	2650438	59018259	8633	-0.6471
