Sample	Chromosome	Start	End	Num_Probes	Segment_Mean
HELVE_p_TCGA_b139_154_155_SNP_N_GenomeWideSNP_6_C03_808670	1	61735	761368	48	-0.0473
HELVE_p_TCGA_b139_154_155_SNP_N_GenomeWideSNP_6_C03_808670	1	761732	768793	4	-1.1652
HELVE_p_TCGA_b139_154_155_SNP_N_GenomeWideSNP_6_C03_808670	1	777122	7554982	3627	0.0334
HELVE_p_TCGA_b139_154_155_SNP_N_GenomeWideSNP_6_C03_808670	1	7557152	7567037	11	-0.7956
HELVE_p_TCGA_b139_154_155_SNP_N_GenomeWideSNP_6_C03_808670	1	7571598	16153497	4727	0.0371
HELVE_p_TCGA_b139_154_155_SNP_N_GenomeWideSNP_6_C03_808670	1	16153536	16155010	9	0.6944
HELVE_p_TCGA_b139_154_155_SNP_N_GenomeWideSNP_6_C03_808670	1	16165661	72768916	34598	0.0214
HELVE_p_TCGA_b139_154_155_SNP_N_GenomeWideSNP_6_C03_808670	1	72768936	72817021	49	-0.7654
HELVE_p_TCGA_b139_154_155_SNP_N_GenomeWideSNP_6_C03_808670	1	72818599	87998347	9922	-0.0038
HELVE_p_TCGA_b139_154_155_SNP_N_GenomeWideSNP_6_C03_808670	1	88004415	88039053	21	0.7352
HELVE_p_TCGA_b139_154_155_SNP_N_GenomeWideSNP_6_C03_808670	1	88039284	106013376	11064	2e-04
HELVE_p_TCGA_b139_154_155_SNP_N_GenomeWideSNP_6_C03_808670	1	106019205	106022344	15	0.769
HELVE_p_TCGA_b139_154_155_SNP_N_GenomeWideSNP_6_C03_808670	1	106022360	110227515	2669	0.0087
HELVE_p_TCGA_b139_154_155_SNP_N_GenomeWideSNP_6_C03_808670	1	110232974	110244998	19	0.523
HELVE_p_TCGA_b139_154_155_SNP_N_GenomeWideSNP_6_C03_808670	1	110246126	144849552	7219	0.0161
HELVE_p_TCGA_b139_154_155_SNP_N_GenomeWideSNP_6_C03_808670	1	144865627	144949975	70	0.5067
HELVE_p_TCGA_b139_154_155_SNP_N_GenomeWideSNP_6_C03_808670	1	144957688	145091196	52	0.0567
HELVE_p_TCGA_b139_154_155_SNP_N_GenomeWideSNP_6_C03_808670	1	145091858	248737447	68302	0.4767
HELVE_p_TCGA_b139_154_155_SNP_N_GenomeWideSNP_6_C03_808670	1	248749194	248797213	33	-0.3057
HELVE_p_TCGA_b139_154_155_SNP_N_GenomeWideSNP_6_C03_808670	1	248805339	249224388	145	0.4651
HELVE_p_TCGA_b139_154_155_SNP_N_GenomeWideSNP_6_C03_808670	2	12784	34691069	24087	0.0042
HELVE_p_TCGA_b139_154_155_SNP_N_GenomeWideSNP_6_C03_808670	2	34699315	34737163	47	-1.3625
HELVE_p_TCGA_b139_154_155_SNP_N_GenomeWideSNP_6_C03_808670	2	34737556	52754881	13043	0.0059
HELVE_p_TCGA_b139_154_155_SNP_N_GenomeWideSNP_6_C03_808670	2	52758753	52790140	35	-0.4181
HELVE_p_TCGA_b139_154_155_SNP_N_GenomeWideSNP_6_C03_808670	2	52790493	110983681	31845	0.0011
HELVE_p_TCGA_b139_154_155_SNP_N_GenomeWideSNP_6_C03_808670	2	111037146	111037308	2	-1.9724
HELVE_p_TCGA_b139_154_155_SNP_N_GenomeWideSNP_6_C03_808670	2	111038563	146864443	21730	0.0025
HELVE_p_TCGA_b139_154_155_SNP_N_GenomeWideSNP_6_C03_808670	2	146864457	146866934	21	-1.6249
HELVE_p_TCGA_b139_154_155_SNP_N_GenomeWideSNP_6_C03_808670	2	146877806	163226234	9763	-0.0145
HELVE_p_TCGA_b139_154_155_SNP_N_GenomeWideSNP_6_C03_808670	2	163228168	163228751	2	-1.6404
HELVE_p_TCGA_b139_154_155_SNP_N_GenomeWideSNP_6_C03_808670	2	163230185	208350262	27206	-0.0087
HELVE_p_TCGA_b139_154_155_SNP_N_GenomeWideSNP_6_C03_808670	2	208350319	208358949	18	0.4192
HELVE_p_TCGA_b139_154_155_SNP_N_GenomeWideSNP_6_C03_808670	2	208359025	227342038	12324	-0.0047
HELVE_p_TCGA_b139_154_155_SNP_N_GenomeWideSNP_6_C03_808670	2	227342788	227346068	5	-1.4272
HELVE_p_TCGA_b139_154_155_SNP_N_GenomeWideSNP_6_C03_808670	2	227347799	241018814	8805	0.0066
HELVE_p_TCGA_b139_154_155_SNP_N_GenomeWideSNP_6_C03_808670	2	241021885	241022359	2	-1.4173
HELVE_p_TCGA_b139_154_155_SNP_N_GenomeWideSNP_6_C03_808670	2	241029498	243089456	993	0.0104
HELVE_p_TCGA_b139_154_155_SNP_N_GenomeWideSNP_6_C03_808670	3	60345	224602	157	0.272
HELVE_p_TCGA_b139_154_155_SNP_N_GenomeWideSNP_6_C03_808670	3	230022	232800	4	-3.2797
HELVE_p_TCGA_b139_154_155_SNP_N_GenomeWideSNP_6_C03_808670	3	234877	6646543	5680	0.2961
HELVE_p_TCGA_b139_154_155_SNP_N_GenomeWideSNP_6_C03_808670	3	6651128	6653332	23	-2.3967
HELVE_p_TCGA_b139_154_155_SNP_N_GenomeWideSNP_6_C03_808670	3	6655078	26611497	14185	0.2852
HELVE_p_TCGA_b139_154_155_SNP_N_GenomeWideSNP_6_C03_808670	3	26611607	26614984	21	-0.1642
HELVE_p_TCGA_b139_154_155_SNP_N_GenomeWideSNP_6_C03_808670	3	26614985	68746164	27763	0.2852
HELVE_p_TCGA_b139_154_155_SNP_N_GenomeWideSNP_6_C03_808670	3	68746259	68749052	18	0.6986
HELVE_p_TCGA_b139_154_155_SNP_N_GenomeWideSNP_6_C03_808670	3	68749065	98397508	15643	0.2766
HELVE_p_TCGA_b139_154_155_SNP_N_GenomeWideSNP_6_C03_808670	3	98407304	98407386	3	-0.6886
HELVE_p_TCGA_b139_154_155_SNP_N_GenomeWideSNP_6_C03_808670	3	98407400	98937784	297	0.2988
HELVE_p_TCGA_b139_154_155_SNP_N_GenomeWideSNP_6_C03_808670	3	98944458	98951383	40	-0.2519
HELVE_p_TCGA_b139_154_155_SNP_N_GenomeWideSNP_6_C03_808670	3	98951834	129786739	18753	0.2858
HELVE_p_TCGA_b139_154_155_SNP_N_GenomeWideSNP_6_C03_808670	3	129786753	129806236	42	0.8098
HELVE_p_TCGA_b139_154_155_SNP_N_GenomeWideSNP_6_C03_808670	3	129806924	142834730	7991	0.2885
HELVE_p_TCGA_b139_154_155_SNP_N_GenomeWideSNP_6_C03_808670	3	142841065	143419181	489	0.0126
HELVE_p_TCGA_b139_154_155_SNP_N_GenomeWideSNP_6_C03_808670	3	143423990	147957013	2787	0.3007
HELVE_p_TCGA_b139_154_155_SNP_N_GenomeWideSNP_6_C03_808670	3	147957707	148015041	25	-0.1072
HELVE_p_TCGA_b139_154_155_SNP_N_GenomeWideSNP_6_C03_808670	3	148019200	148039764	9	0.2867
HELVE_p_TCGA_b139_154_155_SNP_N_GenomeWideSNP_6_C03_808670	3	148040526	148123435	51	-0.0819
HELVE_p_TCGA_b139_154_155_SNP_N_GenomeWideSNP_6_C03_808670	3	148126953	152342827	2770	0.2828
HELVE_p_TCGA_b139_154_155_SNP_N_GenomeWideSNP_6_C03_808670	3	152347094	152356483	46	-0.3677
HELVE_p_TCGA_b139_154_155_SNP_N_GenomeWideSNP_6_C03_808670	3	152356541	162508268	6118	0.2861
HELVE_p_TCGA_b139_154_155_SNP_N_GenomeWideSNP_6_C03_808670	3	162512657	162625995	70	-1.2335
HELVE_p_TCGA_b139_154_155_SNP_N_GenomeWideSNP_6_C03_808670	3	162626572	192880587	19198	0.2892
HELVE_p_TCGA_b139_154_155_SNP_N_GenomeWideSNP_6_C03_808670	3	192880726	192882903	11	-1.1957
HELVE_p_TCGA_b139_154_155_SNP_N_GenomeWideSNP_6_C03_808670	3	192886435	194542970	1088	0.3181
HELVE_p_TCGA_b139_154_155_SNP_N_GenomeWideSNP_6_C03_808670	3	194545058	194546144	5	-0.6108
HELVE_p_TCGA_b139_154_155_SNP_N_GenomeWideSNP_6_C03_808670	3	194550942	197896118	1614	0.2947
HELVE_p_TCGA_b139_154_155_SNP_N_GenomeWideSNP_6_C03_808670	4	12281	5316735	2607	-0.3671
HELVE_p_TCGA_b139_154_155_SNP_N_GenomeWideSNP_6_C03_808670	4	5319786	5320934	2	-2.8014
HELVE_p_TCGA_b139_154_155_SNP_N_GenomeWideSNP_6_C03_808670	4	5323295	5650900	315	-0.3613
HELVE_p_TCGA_b139_154_155_SNP_N_GenomeWideSNP_6_C03_808670	4	5652712	5774601	130	0.0142
HELVE_p_TCGA_b139_154_155_SNP_N_GenomeWideSNP_6_C03_808670	4	5774868	7553353	1373	-0.3567
HELVE_p_TCGA_b139_154_155_SNP_N_GenomeWideSNP_6_C03_808670	4	7553359	7553662	2	-2.2369
HELVE_p_TCGA_b139_154_155_SNP_N_GenomeWideSNP_6_C03_808670	4	7556245	10210390	1356	-0.3646
HELVE_p_TCGA_b139_154_155_SNP_N_GenomeWideSNP_6_C03_808670	4	10214160	10235268	36	0.7152
HELVE_p_TCGA_b139_154_155_SNP_N_GenomeWideSNP_6_C03_808670	4	10236142	11953840	1548	-0.3663
HELVE_p_TCGA_b139_154_155_SNP_N_GenomeWideSNP_6_C03_808670	4	11954403	12016634	40	-0.0538
HELVE_p_TCGA_b139_154_155_SNP_N_GenomeWideSNP_6_C03_808670	4	12021139	12257457	132	-0.396
HELVE_p_TCGA_b139_154_155_SNP_N_GenomeWideSNP_6_C03_808670	4	12260043	12295992	10	0.0568
HELVE_p_TCGA_b139_154_155_SNP_N_GenomeWideSNP_6_C03_808670	4	12301343	12602542	240	0.3278
HELVE_p_TCGA_b139_154_155_SNP_N_GenomeWideSNP_6_C03_808670	4	12605378	12641501	33	0.0403
HELVE_p_TCGA_b139_154_155_SNP_N_GenomeWideSNP_6_C03_808670	4	12644336	12745134	82	0.3144
HELVE_p_TCGA_b139_154_155_SNP_N_GenomeWideSNP_6_C03_808670	4	12745676	15603069	2172	0.0107
HELVE_p_TCGA_b139_154_155_SNP_N_GenomeWideSNP_6_C03_808670	4	15603620	15668059	30	0.3336
HELVE_p_TCGA_b139_154_155_SNP_N_GenomeWideSNP_6_C03_808670	4	15670565	16154996	413	0.0178
HELVE_p_TCGA_b139_154_155_SNP_N_GenomeWideSNP_6_C03_808670	4	16156095	17038842	605	0.325
HELVE_p_TCGA_b139_154_155_SNP_N_GenomeWideSNP_6_C03_808670	4	17039373	17897355	684	0.0299
HELVE_p_TCGA_b139_154_155_SNP_N_GenomeWideSNP_6_C03_808670	4	17897725	18497777	358	-0.4059
HELVE_p_TCGA_b139_154_155_SNP_N_GenomeWideSNP_6_C03_808670	4	18502355	18910397	257	-0.0039
HELVE_p_TCGA_b139_154_155_SNP_N_GenomeWideSNP_6_C03_808670	4	18913705	19093088	120	-0.4342
HELVE_p_TCGA_b139_154_155_SNP_N_GenomeWideSNP_6_C03_808670	4	19094936	19880119	469	0.0028
HELVE_p_TCGA_b139_154_155_SNP_N_GenomeWideSNP_6_C03_808670	4	19880320	20480323	327	0.3091
HELVE_p_TCGA_b139_154_155_SNP_N_GenomeWideSNP_6_C03_808670	4	20480356	28508324	5595	0.0108
HELVE_p_TCGA_b139_154_155_SNP_N_GenomeWideSNP_6_C03_808670	4	28510523	34778860	3853	-0.398
HELVE_p_TCGA_b139_154_155_SNP_N_GenomeWideSNP_6_C03_808670	4	34778962	34824725	44	0.2437
HELVE_p_TCGA_b139_154_155_SNP_N_GenomeWideSNP_6_C03_808670	4	34829872	36014412	774	-0.4108
HELVE_p_TCGA_b139_154_155_SNP_N_GenomeWideSNP_6_C03_808670	4	36014981	36015518	4	-2.3061
HELVE_p_TCGA_b139_154_155_SNP_N_GenomeWideSNP_6_C03_808670	4	36017518	42565781	4306	-0.3956
HELVE_p_TCGA_b139_154_155_SNP_N_GenomeWideSNP_6_C03_808670	4	42569787	42882348	252	0.0017
HELVE_p_TCGA_b139_154_155_SNP_N_GenomeWideSNP_6_C03_808670	4	42884388	46348133	2023	-0.3859
HELVE_p_TCGA_b139_154_155_SNP_N_GenomeWideSNP_6_C03_808670	4	46351278	46417178	43	0.339
HELVE_p_TCGA_b139_154_155_SNP_N_GenomeWideSNP_6_C03_808670	4	46421876	49584109	1575	-0.3695
HELVE_p_TCGA_b139_154_155_SNP_N_GenomeWideSNP_6_C03_808670	4	49589148	64688251	7580	0.0126
HELVE_p_TCGA_b139_154_155_SNP_N_GenomeWideSNP_6_C03_808670	4	64688718	64716431	36	0.4649
HELVE_p_TCGA_b139_154_155_SNP_N_GenomeWideSNP_6_C03_808670	4	64717026	69372003	2880	-0.0064
HELVE_p_TCGA_b139_154_155_SNP_N_GenomeWideSNP_6_C03_808670	4	69374941	69558271	74	-0.3227
HELVE_p_TCGA_b139_154_155_SNP_N_GenomeWideSNP_6_C03_808670	4	69582483	70123510	318	0.0629
HELVE_p_TCGA_b139_154_155_SNP_N_GenomeWideSNP_6_C03_808670	4	70127644	70231799	54	-0.6507
HELVE_p_TCGA_b139_154_155_SNP_N_GenomeWideSNP_6_C03_808670	4	70232022	72088853	1103	-0.0034
HELVE_p_TCGA_b139_154_155_SNP_N_GenomeWideSNP_6_C03_808670	4	72090722	72206438	88	-0.3949
HELVE_p_TCGA_b139_154_155_SNP_N_GenomeWideSNP_6_C03_808670	4	72211919	88770229	10362	5e-04
HELVE_p_TCGA_b139_154_155_SNP_N_GenomeWideSNP_6_C03_808670	4	88770294	88770400	4	1.1697
HELVE_p_TCGA_b139_154_155_SNP_N_GenomeWideSNP_6_C03_808670	4	88770559	91178264	1481	0.0081
HELVE_p_TCGA_b139_154_155_SNP_N_GenomeWideSNP_6_C03_808670	4	91193694	91319038	100	-0.361
HELVE_p_TCGA_b139_154_155_SNP_N_GenomeWideSNP_6_C03_808670	4	91322647	115173656	14213	-0.0057
HELVE_p_TCGA_b139_154_155_SNP_N_GenomeWideSNP_6_C03_808670	4	115173700	115182175	24	0.3917
HELVE_p_TCGA_b139_154_155_SNP_N_GenomeWideSNP_6_C03_808670	4	115184229	139604851	14366	-0.0096
HELVE_p_TCGA_b139_154_155_SNP_N_GenomeWideSNP_6_C03_808670	4	139605006	139606642	2	-2.5497
HELVE_p_TCGA_b139_154_155_SNP_N_GenomeWideSNP_6_C03_808670	4	139608671	155802548	9727	-0.0063
HELVE_p_TCGA_b139_154_155_SNP_N_GenomeWideSNP_6_C03_808670	4	155803005	155803078	3	1.2557
HELVE_p_TCGA_b139_154_155_SNP_N_GenomeWideSNP_6_C03_808670	4	155803199	172368531	10606	-0.0061
HELVE_p_TCGA_b139_154_155_SNP_N_GenomeWideSNP_6_C03_808670	4	172369346	172377710	11	1.048
HELVE_p_TCGA_b139_154_155_SNP_N_GenomeWideSNP_6_C03_808670	4	172377724	173422522	639	0.006
HELVE_p_TCGA_b139_154_155_SNP_N_GenomeWideSNP_6_C03_808670	4	173424947	173425029	2	2.04
HELVE_p_TCGA_b139_154_155_SNP_N_GenomeWideSNP_6_C03_808670	4	173425227	191027923	11874	0.0141
HELVE_p_TCGA_b139_154_155_SNP_N_GenomeWideSNP_6_C03_808670	5	15532	12815780	10217	0.3184
HELVE_p_TCGA_b139_154_155_SNP_N_GenomeWideSNP_6_C03_808670	5	12815865	12838533	13	1.0017
HELVE_p_TCGA_b139_154_155_SNP_N_GenomeWideSNP_6_C03_808670	5	12849201	46251306	20556	0.3493
HELVE_p_TCGA_b139_154_155_SNP_N_GenomeWideSNP_6_C03_808670	5	46271008	46273502	8	-1.5443
HELVE_p_TCGA_b139_154_155_SNP_N_GenomeWideSNP_6_C03_808670	5	46278212	46389273	19	0.4867
HELVE_p_TCGA_b139_154_155_SNP_N_GenomeWideSNP_6_C03_808670	5	49432831	57321586	5045	-0.3846
HELVE_p_TCGA_b139_154_155_SNP_N_GenomeWideSNP_6_C03_808670	5	57321646	57333533	33	0.3104
HELVE_p_TCGA_b139_154_155_SNP_N_GenomeWideSNP_6_C03_808670	5	57338357	61531892	2810	-0.3864
HELVE_p_TCGA_b139_154_155_SNP_N_GenomeWideSNP_6_C03_808670	5	61535404	61535831	2	-3.1113
HELVE_p_TCGA_b139_154_155_SNP_N_GenomeWideSNP_6_C03_808670	5	61540257	62747267	739	-0.3736
HELVE_p_TCGA_b139_154_155_SNP_N_GenomeWideSNP_6_C03_808670	5	62749647	62749746	2	0.8619
HELVE_p_TCGA_b139_154_155_SNP_N_GenomeWideSNP_6_C03_808670	5	62749848	68829347	3743	-0.3895
HELVE_p_TCGA_b139_154_155_SNP_N_GenomeWideSNP_6_C03_808670	5	68846303	70254900	15	0.2738
HELVE_p_TCGA_b139_154_155_SNP_N_GenomeWideSNP_6_C03_808670	5	70254903	97045121	15597	-0.3897
HELVE_p_TCGA_b139_154_155_SNP_N_GenomeWideSNP_6_C03_808670	5	97048466	97099320	43	-1.1333
HELVE_p_TCGA_b139_154_155_SNP_N_GenomeWideSNP_6_C03_808670	5	97099684	103851221	3877	-0.3802
HELVE_p_TCGA_b139_154_155_SNP_N_GenomeWideSNP_6_C03_808670	5	103860373	103860604	4	0.859
HELVE_p_TCGA_b139_154_155_SNP_N_GenomeWideSNP_6_C03_808670	5	103861049	120682373	11522	-0.3878
HELVE_p_TCGA_b139_154_155_SNP_N_GenomeWideSNP_6_C03_808670	5	120683341	120703301	13	-1.4885
HELVE_p_TCGA_b139_154_155_SNP_N_GenomeWideSNP_6_C03_808670	5	120705380	146633544	15819	-0.3865
HELVE_p_TCGA_b139_154_155_SNP_N_GenomeWideSNP_6_C03_808670	5	146638274	175460087	20167	0.5082
HELVE_p_TCGA_b139_154_155_SNP_N_GenomeWideSNP_6_C03_808670	5	175465689	175477180	5	-0.2724
HELVE_p_TCGA_b139_154_155_SNP_N_GenomeWideSNP_6_C03_808670	5	175524197	175614798	51	0.4919
HELVE_p_TCGA_b139_154_155_SNP_N_GenomeWideSNP_6_C03_808670	5	175615248	175615958	2	1.95
HELVE_p_TCGA_b139_154_155_SNP_N_GenomeWideSNP_6_C03_808670	5	175617583	177197955	672	0.5138
HELVE_p_TCGA_b139_154_155_SNP_N_GenomeWideSNP_6_C03_808670	5	177198449	177227551	2	2.0456
HELVE_p_TCGA_b139_154_155_SNP_N_GenomeWideSNP_6_C03_808670	5	177228579	180378888	1818	0.536
HELVE_p_TCGA_b139_154_155_SNP_N_GenomeWideSNP_6_C03_808670	5	180380203	180433225	18	1.1176
HELVE_p_TCGA_b139_154_155_SNP_N_GenomeWideSNP_6_C03_808670	5	180433264	180790320	170	0.5008
HELVE_p_TCGA_b139_154_155_SNP_N_GenomeWideSNP_6_C03_808670	6	149661	254283	101	-0.0058
HELVE_p_TCGA_b139_154_155_SNP_N_GenomeWideSNP_6_C03_808670	6	257353	303121	26	0.4119
HELVE_p_TCGA_b139_154_155_SNP_N_GenomeWideSNP_6_C03_808670	6	314962	29850380	21615	0.0129
HELVE_p_TCGA_b139_154_155_SNP_N_GenomeWideSNP_6_C03_808670	6	29871636	29901576	16	-0.7619
HELVE_p_TCGA_b139_154_155_SNP_N_GenomeWideSNP_6_C03_808670	6	29908469	31277686	648	0.0261
HELVE_p_TCGA_b139_154_155_SNP_N_GenomeWideSNP_6_C03_808670	6	31280823	31309924	13	1.135
HELVE_p_TCGA_b139_154_155_SNP_N_GenomeWideSNP_6_C03_808670	6	31317347	32587457	554	-0.0092
HELVE_p_TCGA_b139_154_155_SNP_N_GenomeWideSNP_6_C03_808670	6	32593021	32626618	21	-0.5368
HELVE_p_TCGA_b139_154_155_SNP_N_GenomeWideSNP_6_C03_808670	6	32650612	33937999	808	0.008
HELVE_p_TCGA_b139_154_155_SNP_N_GenomeWideSNP_6_C03_808670	6	33938743	33942705	7	-0.9961
HELVE_p_TCGA_b139_154_155_SNP_N_GenomeWideSNP_6_C03_808670	6	33944586	53931084	12920	0.0091
HELVE_p_TCGA_b139_154_155_SNP_N_GenomeWideSNP_6_C03_808670	6	53931151	53931855	7	-1.2118
HELVE_p_TCGA_b139_154_155_SNP_N_GenomeWideSNP_6_C03_808670	6	53935348	69138056	7020	0.0038
HELVE_p_TCGA_b139_154_155_SNP_N_GenomeWideSNP_6_C03_808670	6	69138329	69142008	2	-1.5536
HELVE_p_TCGA_b139_154_155_SNP_N_GenomeWideSNP_6_C03_808670	6	69146027	69686629	340	0.0187
HELVE_p_TCGA_b139_154_155_SNP_N_GenomeWideSNP_6_C03_808670	6	69687698	69691368	4	-1.206
HELVE_p_TCGA_b139_154_155_SNP_N_GenomeWideSNP_6_C03_808670	6	69697406	70173296	286	-0.0341
HELVE_p_TCGA_b139_154_155_SNP_N_GenomeWideSNP_6_C03_808670	6	70178460	70182136	3	-1.2998
HELVE_p_TCGA_b139_154_155_SNP_N_GenomeWideSNP_6_C03_808670	6	70186272	77014948	4332	0.001
HELVE_p_TCGA_b139_154_155_SNP_N_GenomeWideSNP_6_C03_808670	6	77016900	77016926	3	1.907
HELVE_p_TCGA_b139_154_155_SNP_N_GenomeWideSNP_6_C03_808670	6	77016993	77436532	295	0.0188
HELVE_p_TCGA_b139_154_155_SNP_N_GenomeWideSNP_6_C03_808670	6	77439868	77452382	15	-3.2057
HELVE_p_TCGA_b139_154_155_SNP_N_GenomeWideSNP_6_C03_808670	6	77452392	77452757	6	-1.1153
HELVE_p_TCGA_b139_154_155_SNP_N_GenomeWideSNP_6_C03_808670	6	77461073	78969065	981	0.0013
HELVE_p_TCGA_b139_154_155_SNP_N_GenomeWideSNP_6_C03_808670	6	78969105	79035027	109	0.3292
HELVE_p_TCGA_b139_154_155_SNP_N_GenomeWideSNP_6_C03_808670	6	79035174	85517406	4126	-7e-04
HELVE_p_TCGA_b139_154_155_SNP_N_GenomeWideSNP_6_C03_808670	6	85517661	85525300	3	-1.1951
HELVE_p_TCGA_b139_154_155_SNP_N_GenomeWideSNP_6_C03_808670	6	85525508	121779126	22445	-0.0038
HELVE_p_TCGA_b139_154_155_SNP_N_GenomeWideSNP_6_C03_808670	6	121779646	121780762	2	-1.4641
HELVE_p_TCGA_b139_154_155_SNP_N_GenomeWideSNP_6_C03_808670	6	121782813	130246564	5291	-0.0122
HELVE_p_TCGA_b139_154_155_SNP_N_GenomeWideSNP_6_C03_808670	6	130249706	130251793	5	-1.288
HELVE_p_TCGA_b139_154_155_SNP_N_GenomeWideSNP_6_C03_808670	6	130256258	134786462	3089	-0.0105
HELVE_p_TCGA_b139_154_155_SNP_N_GenomeWideSNP_6_C03_808670	6	134787054	134787261	2	-1.2427
HELVE_p_TCGA_b139_154_155_SNP_N_GenomeWideSNP_6_C03_808670	6	134787863	143870425	5805	-0.0077
HELVE_p_TCGA_b139_154_155_SNP_N_GenomeWideSNP_6_C03_808670	6	143871188	143872597	4	-1.1033
HELVE_p_TCGA_b139_154_155_SNP_N_GenomeWideSNP_6_C03_808670	6	143874147	167765251	16950	0
HELVE_p_TCGA_b139_154_155_SNP_N_GenomeWideSNP_6_C03_808670	6	167768161	167770399	2	-1.9941
HELVE_p_TCGA_b139_154_155_SNP_N_GenomeWideSNP_6_C03_808670	6	167770673	171051005	2015	0.0251
HELVE_p_TCGA_b139_154_155_SNP_N_GenomeWideSNP_6_C03_808670	7	43355	9787531	5906	0.0315
HELVE_p_TCGA_b139_154_155_SNP_N_GenomeWideSNP_6_C03_808670	7	9791392	9792124	6	-1.0524
HELVE_p_TCGA_b139_154_155_SNP_N_GenomeWideSNP_6_C03_808670	7	9795665	29673788	15562	0.0171
HELVE_p_TCGA_b139_154_155_SNP_N_GenomeWideSNP_6_C03_808670	7	29675792	29678274	3	-1.5664
HELVE_p_TCGA_b139_154_155_SNP_N_GenomeWideSNP_6_C03_808670	7	29686348	29780953	49	0.054
HELVE_p_TCGA_b139_154_155_SNP_N_GenomeWideSNP_6_C03_808670	7	29783713	29789004	4	0.9223
HELVE_p_TCGA_b139_154_155_SNP_N_GenomeWideSNP_6_C03_808670	7	29791678	87665239	32911	0.0171
HELVE_p_TCGA_b139_154_155_SNP_N_GenomeWideSNP_6_C03_808670	7	87670741	87672392	17	-0.8369
HELVE_p_TCGA_b139_154_155_SNP_N_GenomeWideSNP_6_C03_808670	7	87672946	126046167	22966	0.0047
HELVE_p_TCGA_b139_154_155_SNP_N_GenomeWideSNP_6_C03_808670	7	126046489	126046615	4	-1.5663
HELVE_p_TCGA_b139_154_155_SNP_N_GenomeWideSNP_6_C03_808670	7	126046876	135353556	5860	0.0091
HELVE_p_TCGA_b139_154_155_SNP_N_GenomeWideSNP_6_C03_808670	7	135357360	135549855	131	1.1335
HELVE_p_TCGA_b139_154_155_SNP_N_GenomeWideSNP_6_C03_808670	7	135550334	137381075	1229	0.691
HELVE_p_TCGA_b139_154_155_SNP_N_GenomeWideSNP_6_C03_808670	7	137383606	141763124	2720	0.0129
HELVE_p_TCGA_b139_154_155_SNP_N_GenomeWideSNP_6_C03_808670	7	141769643	141792107	42	-0.6381
HELVE_p_TCGA_b139_154_155_SNP_N_GenomeWideSNP_6_C03_808670	7	141795281	142022327	170	0.0017
HELVE_p_TCGA_b139_154_155_SNP_N_GenomeWideSNP_6_C03_808670	7	142022633	142025037	4	0.5877
HELVE_p_TCGA_b139_154_155_SNP_N_GenomeWideSNP_6_C03_808670	7	142030318	142474939	277	0.1212
HELVE_p_TCGA_b139_154_155_SNP_N_GenomeWideSNP_6_C03_808670	7	142476719	142502776	44	0.3922
HELVE_p_TCGA_b139_154_155_SNP_N_GenomeWideSNP_6_C03_808670	7	142503071	144838688	1373	0.0082
HELVE_p_TCGA_b139_154_155_SNP_N_GenomeWideSNP_6_C03_808670	7	144844089	144942033	49	0.6781
HELVE_p_TCGA_b139_154_155_SNP_N_GenomeWideSNP_6_C03_808670	7	144945011	159127004	9135	0.0243
HELVE_p_TCGA_b139_154_155_SNP_N_GenomeWideSNP_6_C03_808670	8	31254	286045	118	-2.5259
HELVE_p_TCGA_b139_154_155_SNP_N_GenomeWideSNP_6_C03_808670	8	290059	9406582	9142	-0.9487
HELVE_p_TCGA_b139_154_155_SNP_N_GenomeWideSNP_6_C03_808670	8	9406602	9407397	2	-6.5034
HELVE_p_TCGA_b139_154_155_SNP_N_GenomeWideSNP_6_C03_808670	8	9407590	28308594	14931	-0.9558
HELVE_p_TCGA_b139_154_155_SNP_N_GenomeWideSNP_6_C03_808670	8	28309119	34720491	4016	-0.3699
HELVE_p_TCGA_b139_154_155_SNP_N_GenomeWideSNP_6_C03_808670	8	34720801	34729931	4	-1.4063
HELVE_p_TCGA_b139_154_155_SNP_N_GenomeWideSNP_6_C03_808670	8	34730018	35457119	416	-0.3208
HELVE_p_TCGA_b139_154_155_SNP_N_GenomeWideSNP_6_C03_808670	8	35464255	35592926	82	0.31
HELVE_p_TCGA_b139_154_155_SNP_N_GenomeWideSNP_6_C03_808670	8	35597532	35774475	84	-0.3469
HELVE_p_TCGA_b139_154_155_SNP_N_GenomeWideSNP_6_C03_808670	8	35781372	39230659	1837	0.3474
HELVE_p_TCGA_b139_154_155_SNP_N_GenomeWideSNP_6_C03_808670	8	39235603	39386965	59	1.029
HELVE_p_TCGA_b139_154_155_SNP_N_GenomeWideSNP_6_C03_808670	8	39388299	40771996	1075	0.3551
HELVE_p_TCGA_b139_154_155_SNP_N_GenomeWideSNP_6_C03_808670	8	40777852	40778471	2	-1.1614
HELVE_p_TCGA_b139_154_155_SNP_N_GenomeWideSNP_6_C03_808670	8	40783680	61003530	10082	0.3299
HELVE_p_TCGA_b139_154_155_SNP_N_GenomeWideSNP_6_C03_808670	8	61003544	61003897	2	1.4357
HELVE_p_TCGA_b139_154_155_SNP_N_GenomeWideSNP_6_C03_808670	8	61004020	72215311	6748	0.316
HELVE_p_TCGA_b139_154_155_SNP_N_GenomeWideSNP_6_C03_808670	8	72215364	72216599	8	-0.429
HELVE_p_TCGA_b139_154_155_SNP_N_GenomeWideSNP_6_C03_808670	8	72219863	95557312	13840	0.3097
HELVE_p_TCGA_b139_154_155_SNP_N_GenomeWideSNP_6_C03_808670	8	95557552	95557992	7	1.1089
HELVE_p_TCGA_b139_154_155_SNP_N_GenomeWideSNP_6_C03_808670	8	95558115	102894407	4643	0.3154
HELVE_p_TCGA_b139_154_155_SNP_N_GenomeWideSNP_6_C03_808670	8	102894422	102894909	2	-1.2541
HELVE_p_TCGA_b139_154_155_SNP_N_GenomeWideSNP_6_C03_808670	8	102895016	112291494	5635	0.3261
HELVE_p_TCGA_b139_154_155_SNP_N_GenomeWideSNP_6_C03_808670	8	112294279	112295260	10	-0.9909
HELVE_p_TCGA_b139_154_155_SNP_N_GenomeWideSNP_6_C03_808670	8	112300281	115632043	1829	0.5262
HELVE_p_TCGA_b139_154_155_SNP_N_GenomeWideSNP_6_C03_808670	8	115634487	115635354	11	1.0407
HELVE_p_TCGA_b139_154_155_SNP_N_GenomeWideSNP_6_C03_808670	8	115635686	131866754	11269	0.5445
HELVE_p_TCGA_b139_154_155_SNP_N_GenomeWideSNP_6_C03_808670	8	131869615	131894901	25	0.9136
HELVE_p_TCGA_b139_154_155_SNP_N_GenomeWideSNP_6_C03_808670	8	131902294	144699157	9278	0.5582
HELVE_p_TCGA_b139_154_155_SNP_N_GenomeWideSNP_6_C03_808670	8	144705157	144705275	3	1.6587
HELVE_p_TCGA_b139_154_155_SNP_N_GenomeWideSNP_6_C03_808670	8	144706745	146298155	512	0.5677
HELVE_p_TCGA_b139_154_155_SNP_N_GenomeWideSNP_6_C03_808670	9	46587	22492889	19853	0.0263
HELVE_p_TCGA_b139_154_155_SNP_N_GenomeWideSNP_6_C03_808670	9	22501913	22502699	2	-2.9641
HELVE_p_TCGA_b139_154_155_SNP_N_GenomeWideSNP_6_C03_808670	9	22509340	23361805	579	-0.0048
HELVE_p_TCGA_b139_154_155_SNP_N_GenomeWideSNP_6_C03_808670	9	23363115	23373484	8	0.7681
HELVE_p_TCGA_b139_154_155_SNP_N_GenomeWideSNP_6_C03_808670	9	23378488	33843008	7712	0.0238
HELVE_p_TCGA_b139_154_155_SNP_N_GenomeWideSNP_6_C03_808670	9	33847675	33868629	15	-0.532
HELVE_p_TCGA_b139_154_155_SNP_N_GenomeWideSNP_6_C03_808670	9	33870940	38439972	2684	0.0282
HELVE_p_TCGA_b139_154_155_SNP_N_GenomeWideSNP_6_C03_808670	9	38440754	38440859	2	-1.3847
HELVE_p_TCGA_b139_154_155_SNP_N_GenomeWideSNP_6_C03_808670	9	38440946	40611923	420	0.0735
HELVE_p_TCGA_b139_154_155_SNP_N_GenomeWideSNP_6_C03_808670	9	40619221	40811997	10	-0.5887
HELVE_p_TCGA_b139_154_155_SNP_N_GenomeWideSNP_6_C03_808670	9	40911224	43187967	67	0.1264
HELVE_p_TCGA_b139_154_155_SNP_N_GenomeWideSNP_6_C03_808670	9	43315670	43772050	37	-0.6928
HELVE_p_TCGA_b139_154_155_SNP_N_GenomeWideSNP_6_C03_808670	9	43776918	44424451	50	-0.0965
HELVE_p_TCGA_b139_154_155_SNP_N_GenomeWideSNP_6_C03_808670	9	44446136	44629223	3	-1.3403
HELVE_p_TCGA_b139_154_155_SNP_N_GenomeWideSNP_6_C03_808670	9	44727859	44873200	38	0.5417
HELVE_p_TCGA_b139_154_155_SNP_N_GenomeWideSNP_6_C03_808670	9	44875942	68183981	153	-0.0431
HELVE_p_TCGA_b139_154_155_SNP_N_GenomeWideSNP_6_C03_808670	9	68186051	68186056	3	1.5989
HELVE_p_TCGA_b139_154_155_SNP_N_GenomeWideSNP_6_C03_808670	9	68186057	68735971	70	0.0958
HELVE_p_TCGA_b139_154_155_SNP_N_GenomeWideSNP_6_C03_808670	9	68736617	68736620	4	1.3083
HELVE_p_TCGA_b139_154_155_SNP_N_GenomeWideSNP_6_C03_808670	9	68749177	78005177	5122	0.016
HELVE_p_TCGA_b139_154_155_SNP_N_GenomeWideSNP_6_C03_808670	9	78007421	78008161	2	-1.5336
HELVE_p_TCGA_b139_154_155_SNP_N_GenomeWideSNP_6_C03_808670	9	78012459	98226359	14222	0.0268
HELVE_p_TCGA_b139_154_155_SNP_N_GenomeWideSNP_6_C03_808670	9	98226403	98226700	2	-1.3096
HELVE_p_TCGA_b139_154_155_SNP_N_GenomeWideSNP_6_C03_808670	9	98226750	106244066	5414	0.0287
HELVE_p_TCGA_b139_154_155_SNP_N_GenomeWideSNP_6_C03_808670	9	106244176	106253458	4	-1.1538
HELVE_p_TCGA_b139_154_155_SNP_N_GenomeWideSNP_6_C03_808670	9	106255685	113796434	5992	0.0328
HELVE_p_TCGA_b139_154_155_SNP_N_GenomeWideSNP_6_C03_808670	9	113796977	113802619	4	-1.2454
HELVE_p_TCGA_b139_154_155_SNP_N_GenomeWideSNP_6_C03_808670	9	113802823	130810586	11954	0.0283
HELVE_p_TCGA_b139_154_155_SNP_N_GenomeWideSNP_6_C03_808670	9	130812492	130816025	5	-0.9644
HELVE_p_TCGA_b139_154_155_SNP_N_GenomeWideSNP_6_C03_808670	9	130818637	141091394	5427	0.0401
HELVE_p_TCGA_b139_154_155_SNP_N_GenomeWideSNP_6_C03_808670	10	72759	19007819	15510	-0.3698
HELVE_p_TCGA_b139_154_155_SNP_N_GenomeWideSNP_6_C03_808670	10	19007844	19056311	49	-1.0927
HELVE_p_TCGA_b139_154_155_SNP_N_GenomeWideSNP_6_C03_808670	10	19056326	71436214	31782	-0.36
HELVE_p_TCGA_b139_154_155_SNP_N_GenomeWideSNP_6_C03_808670	10	71439095	71441178	8	-1.6502
HELVE_p_TCGA_b139_154_155_SNP_N_GenomeWideSNP_6_C03_808670	10	71442821	89069796	11753	-0.3627
HELVE_p_TCGA_b139_154_155_SNP_N_GenomeWideSNP_6_C03_808670	10	89070745	89112893	11	0.3288
HELVE_p_TCGA_b139_154_155_SNP_N_GenomeWideSNP_6_C03_808670	10	89117300	135506704	31752	-0.3622
HELVE_p_TCGA_b139_154_155_SNP_N_GenomeWideSNP_6_C03_808670	11	198510	5783682	3296	0.2961
HELVE_p_TCGA_b139_154_155_SNP_N_GenomeWideSNP_6_C03_808670	11	5783923	5809048	33	0.6844
HELVE_p_TCGA_b139_154_155_SNP_N_GenomeWideSNP_6_C03_808670	11	5809139	6117976	247	0.2829
HELVE_p_TCGA_b139_154_155_SNP_N_GenomeWideSNP_6_C03_808670	11	6120647	6122094	2	-1.3697
HELVE_p_TCGA_b139_154_155_SNP_N_GenomeWideSNP_6_C03_808670	11	6122503	7813040	1253	0.297
HELVE_p_TCGA_b139_154_155_SNP_N_GenomeWideSNP_6_C03_808670	11	7813460	7841583	9	-0.3973
HELVE_p_TCGA_b139_154_155_SNP_N_GenomeWideSNP_6_C03_808670	11	7841797	24442174	12336	0.3046
HELVE_p_TCGA_b139_154_155_SNP_N_GenomeWideSNP_6_C03_808670	11	24444249	24455176	7	-0.523
HELVE_p_TCGA_b139_154_155_SNP_N_GenomeWideSNP_6_C03_808670	11	24458306	37637827	9410	0.296
HELVE_p_TCGA_b139_154_155_SNP_N_GenomeWideSNP_6_C03_808670	11	37641014	37647605	3	1.5637
HELVE_p_TCGA_b139_154_155_SNP_N_GenomeWideSNP_6_C03_808670	11	37647731	48598422	6820	0.3008
HELVE_p_TCGA_b139_154_155_SNP_N_GenomeWideSNP_6_C03_808670	11	48601434	48602676	2	-1.2859
HELVE_p_TCGA_b139_154_155_SNP_N_GenomeWideSNP_6_C03_808670	11	48606318	54858308	1000	0.2664
HELVE_p_TCGA_b139_154_155_SNP_N_GenomeWideSNP_6_C03_808670	11	54891282	54907166	5	-0.8155
HELVE_p_TCGA_b139_154_155_SNP_N_GenomeWideSNP_6_C03_808670	11	54924465	59708257	2853	0.3163
HELVE_p_TCGA_b139_154_155_SNP_N_GenomeWideSNP_6_C03_808670	11	59714155	100964573	25512	-0.3765
HELVE_p_TCGA_b139_154_155_SNP_N_GenomeWideSNP_6_C03_808670	11	100964583	100964599	2	-2.5451
HELVE_p_TCGA_b139_154_155_SNP_N_GenomeWideSNP_6_C03_808670	11	100964615	106017076	3480	-0.3845
HELVE_p_TCGA_b139_154_155_SNP_N_GenomeWideSNP_6_C03_808670	11	106018470	106018679	2	-2.5298
HELVE_p_TCGA_b139_154_155_SNP_N_GenomeWideSNP_6_C03_808670	11	106019354	112696870	4282	-0.3808
HELVE_p_TCGA_b139_154_155_SNP_N_GenomeWideSNP_6_C03_808670	11	112698607	112699034	2	-2.3942
HELVE_p_TCGA_b139_154_155_SNP_N_GenomeWideSNP_6_C03_808670	11	112699261	131371121	13617	-0.3796
HELVE_p_TCGA_b139_154_155_SNP_N_GenomeWideSNP_6_C03_808670	11	131371142	131371202	2	-2.0936
HELVE_p_TCGA_b139_154_155_SNP_N_GenomeWideSNP_6_C03_808670	11	131371599	134944770	2811	-0.3872
HELVE_p_TCGA_b139_154_155_SNP_N_GenomeWideSNP_6_C03_808670	12	150442	9630556	6202	0.4867
HELVE_p_TCGA_b139_154_155_SNP_N_GenomeWideSNP_6_C03_808670	12	9633870	9734970	27	1.4382
HELVE_p_TCGA_b139_154_155_SNP_N_GenomeWideSNP_6_C03_808670	12	9735686	32330415	15954	0.4711
HELVE_p_TCGA_b139_154_155_SNP_N_GenomeWideSNP_6_C03_808670	12	32331195	32334492	3	-1.7712
HELVE_p_TCGA_b139_154_155_SNP_N_GenomeWideSNP_6_C03_808670	12	32336886	34854498	1506	0.4973
HELVE_p_TCGA_b139_154_155_SNP_N_GenomeWideSNP_6_C03_808670	12	37857751	133778189	61319	-0.0434
HELVE_p_TCGA_b139_154_155_SNP_N_GenomeWideSNP_6_C03_808670	13	19026949	20121459	567	0.3776
HELVE_p_TCGA_b139_154_155_SNP_N_GenomeWideSNP_6_C03_808670	13	20123895	20123910	2	-1.4342
HELVE_p_TCGA_b139_154_155_SNP_N_GenomeWideSNP_6_C03_808670	13	20124501	32532121	9064	0.3898
HELVE_p_TCGA_b139_154_155_SNP_N_GenomeWideSNP_6_C03_808670	13	32532622	32538423	18	-0.3893
HELVE_p_TCGA_b139_154_155_SNP_N_GenomeWideSNP_6_C03_808670	13	32540047	50918665	12598	0.3721
HELVE_p_TCGA_b139_154_155_SNP_N_GenomeWideSNP_6_C03_808670	13	50919045	50919656	2	-1.5405
HELVE_p_TCGA_b139_154_155_SNP_N_GenomeWideSNP_6_C03_808670	13	50921946	57703974	3833	0.3722
HELVE_p_TCGA_b139_154_155_SNP_N_GenomeWideSNP_6_C03_808670	13	57704063	57806675	62	-0.0911
HELVE_p_TCGA_b139_154_155_SNP_N_GenomeWideSNP_6_C03_808670	13	57810300	72476988	8980	0.3722
HELVE_p_TCGA_b139_154_155_SNP_N_GenomeWideSNP_6_C03_808670	13	72477555	72480556	4	-1.4647
HELVE_p_TCGA_b139_154_155_SNP_N_GenomeWideSNP_6_C03_808670	13	72480605	115108397	29127	0.3757
HELVE_p_TCGA_b139_154_155_SNP_N_GenomeWideSNP_6_C03_808670	14	19002124	19417203	28	-0.3446
HELVE_p_TCGA_b139_154_155_SNP_N_GenomeWideSNP_6_C03_808670	14	19422533	19706758	24	0.4604
HELVE_p_TCGA_b139_154_155_SNP_N_GenomeWideSNP_6_C03_808670	14	19731410	20420239	136	-0.0734
HELVE_p_TCGA_b139_154_155_SNP_N_GenomeWideSNP_6_C03_808670	14	20422583	32656403	7669	-0.3589
HELVE_p_TCGA_b139_154_155_SNP_N_GenomeWideSNP_6_C03_808670	14	32663645	106872062	47417	0.3012
HELVE_p_TCGA_b139_154_155_SNP_N_GenomeWideSNP_6_C03_808670	14	106874361	106918108	52	-1.7971
HELVE_p_TCGA_b139_154_155_SNP_N_GenomeWideSNP_6_C03_808670	14	106918649	107285437	224	0.2811
HELVE_p_TCGA_b139_154_155_SNP_N_GenomeWideSNP_6_C03_808670	15	20016328	20264286	54	-0.2277
HELVE_p_TCGA_b139_154_155_SNP_N_GenomeWideSNP_6_C03_808670	15	20265978	22681250	370	-1.3113
HELVE_p_TCGA_b139_154_155_SNP_N_GenomeWideSNP_6_C03_808670	15	22751094	30450369	4674	-0.3449
HELVE_p_TCGA_b139_154_155_SNP_N_GenomeWideSNP_6_C03_808670	15	30491387	30900878	104	-0.6445
HELVE_p_TCGA_b139_154_155_SNP_N_GenomeWideSNP_6_C03_808670	15	30913587	34944237	2739	-0.3556
HELVE_p_TCGA_b139_154_155_SNP_N_GenomeWideSNP_6_C03_808670	15	34944383	34949119	3	-3.3905
HELVE_p_TCGA_b139_154_155_SNP_N_GenomeWideSNP_6_C03_808670	15	34949194	92765755	36552	-0.3493
HELVE_p_TCGA_b139_154_155_SNP_N_GenomeWideSNP_6_C03_808670	15	92765874	92766294	3	1.3464
HELVE_p_TCGA_b139_154_155_SNP_N_GenomeWideSNP_6_C03_808670	15	92766758	102469040	7418	-0.3571
HELVE_p_TCGA_b139_154_155_SNP_N_GenomeWideSNP_6_C03_808670	16	60777	5607890	2624	0.0471
HELVE_p_TCGA_b139_154_155_SNP_N_GenomeWideSNP_6_C03_808670	16	5608089	5608593	7	-0.7038
HELVE_p_TCGA_b139_154_155_SNP_N_GenomeWideSNP_6_C03_808670	16	5608643	5805650	235	-5e-04
HELVE_p_TCGA_b139_154_155_SNP_N_GenomeWideSNP_6_C03_808670	16	5805977	6231959	493	-0.3774
HELVE_p_TCGA_b139_154_155_SNP_N_GenomeWideSNP_6_C03_808670	16	6232039	7230643	1265	0.0305
HELVE_p_TCGA_b139_154_155_SNP_N_GenomeWideSNP_6_C03_808670	16	7233108	7243787	22	-0.4143
HELVE_p_TCGA_b139_154_155_SNP_N_GenomeWideSNP_6_C03_808670	16	7247073	15683757	6679	0.0525
HELVE_p_TCGA_b139_154_155_SNP_N_GenomeWideSNP_6_C03_808670	16	15687854	19298003	1782	-0.348
HELVE_p_TCGA_b139_154_155_SNP_N_GenomeWideSNP_6_C03_808670	16	19299361	19944363	403	0.0783
HELVE_p_TCGA_b139_154_155_SNP_N_GenomeWideSNP_6_C03_808670	16	19945650	19967362	29	-0.8126
HELVE_p_TCGA_b139_154_155_SNP_N_GenomeWideSNP_6_C03_808670	16	19970254	34212700	6843	0.06
HELVE_p_TCGA_b139_154_155_SNP_N_GenomeWideSNP_6_C03_808670	16	34214871	46491386	449	-0.3249
HELVE_p_TCGA_b139_154_155_SNP_N_GenomeWideSNP_6_C03_808670	16	46497362	46854242	141	0.3441
HELVE_p_TCGA_b139_154_155_SNP_N_GenomeWideSNP_6_C03_808670	16	46858137	49744442	1697	-0.3338
HELVE_p_TCGA_b139_154_155_SNP_N_GenomeWideSNP_6_C03_808670	16	49748947	49778703	30	0.3373
HELVE_p_TCGA_b139_154_155_SNP_N_GenomeWideSNP_6_C03_808670	16	49789383	50383044	347	0.0512
HELVE_p_TCGA_b139_154_155_SNP_N_GenomeWideSNP_6_C03_808670	16	50383758	55798222	4242	-0.3481
HELVE_p_TCGA_b139_154_155_SNP_N_GenomeWideSNP_6_C03_808670	16	55798762	55798779	2	3.0122
HELVE_p_TCGA_b139_154_155_SNP_N_GenomeWideSNP_6_C03_808670	16	55804348	70842097	9048	-0.3504
HELVE_p_TCGA_b139_154_155_SNP_N_GenomeWideSNP_6_C03_808670	16	70854381	71202797	141	0.1173
HELVE_p_TCGA_b139_154_155_SNP_N_GenomeWideSNP_6_C03_808670	16	71205194	73748770	1541	-0.3354
HELVE_p_TCGA_b139_154_155_SNP_N_GenomeWideSNP_6_C03_808670	16	73748894	73749995	3	-1.7032
HELVE_p_TCGA_b139_154_155_SNP_N_GenomeWideSNP_6_C03_808670	16	73750427	78371608	3680	-0.3562
HELVE_p_TCGA_b139_154_155_SNP_N_GenomeWideSNP_6_C03_808670	16	78372440	78385437	18	0.6213
HELVE_p_TCGA_b139_154_155_SNP_N_GenomeWideSNP_6_C03_808670	16	78385482	81015806	3072	-0.3747
HELVE_p_TCGA_b139_154_155_SNP_N_GenomeWideSNP_6_C03_808670	16	81016326	81016558	2	-2.6475
HELVE_p_TCGA_b139_154_155_SNP_N_GenomeWideSNP_6_C03_808670	16	81016623	81948324	808	-0.369
HELVE_p_TCGA_b139_154_155_SNP_N_GenomeWideSNP_6_C03_808670	16	81949285	83997441	2418	0.0376
HELVE_p_TCGA_b139_154_155_SNP_N_GenomeWideSNP_6_C03_808670	16	84009561	87462858	3094	-0.3562
HELVE_p_TCGA_b139_154_155_SNP_N_GenomeWideSNP_6_C03_808670	16	87467759	90287535	1216	0.0488
HELVE_p_TCGA_b139_154_155_SNP_N_GenomeWideSNP_6_C03_808670	17	526	6094335	3366	0.0511
HELVE_p_TCGA_b139_154_155_SNP_N_GenomeWideSNP_6_C03_808670	17	6100784	6296632	187	-0.9893
HELVE_p_TCGA_b139_154_155_SNP_N_GenomeWideSNP_6_C03_808670	17	6296680	6312267	22	-0.2652
HELVE_p_TCGA_b139_154_155_SNP_N_GenomeWideSNP_6_C03_808670	17	6312819	7158498	475	-0.948
HELVE_p_TCGA_b139_154_155_SNP_N_GenomeWideSNP_6_C03_808670	17	7168122	8242910	487	0.0435
HELVE_p_TCGA_b139_154_155_SNP_N_GenomeWideSNP_6_C03_808670	17	8247547	8247733	2	-1.8909
HELVE_p_TCGA_b139_154_155_SNP_N_GenomeWideSNP_6_C03_808670	17	8249458	13211995	3636	0.0529
HELVE_p_TCGA_b139_154_155_SNP_N_GenomeWideSNP_6_C03_808670	17	13212973	13213617	2	-1.5312
HELVE_p_TCGA_b139_154_155_SNP_N_GenomeWideSNP_6_C03_808670	17	13213770	18358946	3250	0.0389
HELVE_p_TCGA_b139_154_155_SNP_N_GenomeWideSNP_6_C03_808670	17	18358949	18465221	27	-1.2177
HELVE_p_TCGA_b139_154_155_SNP_N_GenomeWideSNP_6_C03_808670	17	18469197	44163098	12024	0.029
HELVE_p_TCGA_b139_154_155_SNP_N_GenomeWideSNP_6_C03_808670	17	44165803	44394412	126	-0.401
HELVE_p_TCGA_b139_154_155_SNP_N_GenomeWideSNP_6_C03_808670	17	44394414	78596328	20668	0.0259
HELVE_p_TCGA_b139_154_155_SNP_N_GenomeWideSNP_6_C03_808670	17	78601416	78615361	16	0.5418
HELVE_p_TCGA_b139_154_155_SNP_N_GenomeWideSNP_6_C03_808670	17	78615536	81049726	973	0.0314
HELVE_p_TCGA_b139_154_155_SNP_N_GenomeWideSNP_6_C03_808670	18	11543	3829144	2678	1.0215
HELVE_p_TCGA_b139_154_155_SNP_N_GenomeWideSNP_6_C03_808670	18	3829406	3830194	4	0.0376
HELVE_p_TCGA_b139_154_155_SNP_N_GenomeWideSNP_6_C03_808670	18	3830238	15402408	7767	1.0195
HELVE_p_TCGA_b139_154_155_SNP_N_GenomeWideSNP_6_C03_808670	18	18529353	25600525	4307	0.2829
HELVE_p_TCGA_b139_154_155_SNP_N_GenomeWideSNP_6_C03_808670	18	25601500	47554353	14260	-0.9295
HELVE_p_TCGA_b139_154_155_SNP_N_GenomeWideSNP_6_C03_808670	18	47554670	47554783	2	-5.1603
HELVE_p_TCGA_b139_154_155_SNP_N_GenomeWideSNP_6_C03_808670	18	47555007	74862625	19465	-0.9319
HELVE_p_TCGA_b139_154_155_SNP_N_GenomeWideSNP_6_C03_808670	18	74863874	74871617	8	-2.7359
HELVE_p_TCGA_b139_154_155_SNP_N_GenomeWideSNP_6_C03_808670	18	74872606	78015057	2013	-0.9481
HELVE_p_TCGA_b139_154_155_SNP_N_GenomeWideSNP_6_C03_808670	19	90910	22253673	9932	0.0381
HELVE_p_TCGA_b139_154_155_SNP_N_GenomeWideSNP_6_C03_808670	19	22253850	24596750	1325	-0.3376
HELVE_p_TCGA_b139_154_155_SNP_N_GenomeWideSNP_6_C03_808670	19	27747993	42689009	9065	0.0422
HELVE_p_TCGA_b139_154_155_SNP_N_GenomeWideSNP_6_C03_808670	19	42696015	42696698	2	-1.4764
HELVE_p_TCGA_b139_154_155_SNP_N_GenomeWideSNP_6_C03_808670	19	42700528	54267874	6152	0.042
HELVE_p_TCGA_b139_154_155_SNP_N_GenomeWideSNP_6_C03_808670	19	54268075	54268380	3	1.3125
HELVE_p_TCGA_b139_154_155_SNP_N_GenomeWideSNP_6_C03_808670	19	54276722	54722275	223	0.0722
HELVE_p_TCGA_b139_154_155_SNP_N_GenomeWideSNP_6_C03_808670	19	54730202	54741319	17	0.6604
HELVE_p_TCGA_b139_154_155_SNP_N_GenomeWideSNP_6_C03_808670	19	54753340	55248336	281	0.0301
HELVE_p_TCGA_b139_154_155_SNP_N_GenomeWideSNP_6_C03_808670	19	55251855	55283928	4	0.8197
HELVE_p_TCGA_b139_154_155_SNP_N_GenomeWideSNP_6_C03_808670	19	55297883	55326613	17	0.1439
HELVE_p_TCGA_b139_154_155_SNP_N_GenomeWideSNP_6_C03_808670	19	55330654	55347342	10	-0.425
HELVE_p_TCGA_b139_154_155_SNP_N_GenomeWideSNP_6_C03_808670	19	55347674	55347963	2	-2.001
HELVE_p_TCGA_b139_154_155_SNP_N_GenomeWideSNP_6_C03_808670	19	55348691	58940514	2246	0.0431
HELVE_p_TCGA_b139_154_155_SNP_N_GenomeWideSNP_6_C03_808670	19	58943408	58944375	2	-2.4522
HELVE_p_TCGA_b139_154_155_SNP_N_GenomeWideSNP_6_C03_808670	19	58946056	59097854	52	0.0617
HELVE_p_TCGA_b139_154_155_SNP_N_GenomeWideSNP_6_C03_808670	20	61305	61309	5	1.2923
HELVE_p_TCGA_b139_154_155_SNP_N_GenomeWideSNP_6_C03_808670	20	61311	1567454	1205	0.3111
HELVE_p_TCGA_b139_154_155_SNP_N_GenomeWideSNP_6_C03_808670	20	1567653	1568006	4	-1.4764
HELVE_p_TCGA_b139_154_155_SNP_N_GenomeWideSNP_6_C03_808670	20	1568083	1582207	29	-0.0376
HELVE_p_TCGA_b139_154_155_SNP_N_GenomeWideSNP_6_C03_808670	20	1590257	1598106	7	-1.1787
HELVE_p_TCGA_b139_154_155_SNP_N_GenomeWideSNP_6_C03_808670	20	1598336	38640357	23677	0.3102
HELVE_p_TCGA_b139_154_155_SNP_N_GenomeWideSNP_6_C03_808670	20	38644762	38647007	6	-0.9285
HELVE_p_TCGA_b139_154_155_SNP_N_GenomeWideSNP_6_C03_808670	20	38647344	62956153	17552	0.3221
HELVE_p_TCGA_b139_154_155_SNP_N_GenomeWideSNP_6_C03_808670	21	10736871	35047510	14773	-0.3571
HELVE_p_TCGA_b139_154_155_SNP_N_GenomeWideSNP_6_C03_808670	21	35050074	35050225	2	-2.1471
HELVE_p_TCGA_b139_154_155_SNP_N_GenomeWideSNP_6_C03_808670	21	35050853	35641868	446	-0.3604
HELVE_p_TCGA_b139_154_155_SNP_N_GenomeWideSNP_6_C03_808670	21	35644017	35644038	2	-2.3698
HELVE_p_TCGA_b139_154_155_SNP_N_GenomeWideSNP_6_C03_808670	21	35647104	41008874	4167	-0.3622
HELVE_p_TCGA_b139_154_155_SNP_N_GenomeWideSNP_6_C03_808670	21	41009087	44817248	3106	0.0445
HELVE_p_TCGA_b139_154_155_SNP_N_GenomeWideSNP_6_C03_808670	21	44822257	48096957	1861	-0.3697
HELVE_p_TCGA_b139_154_155_SNP_N_GenomeWideSNP_6_C03_808670	22	16052528	25682780	5465	-0.3321
HELVE_p_TCGA_b139_154_155_SNP_N_GenomeWideSNP_6_C03_808670	22	25684408	25718640	17	0.2835
HELVE_p_TCGA_b139_154_155_SNP_N_GenomeWideSNP_6_C03_808670	22	25718830	51234455	18033	-0.338
HELVE_p_TCGA_b139_154_155_SNP_N_GenomeWideSNP_6_C03_808670	X	168477	85902171	44869	0.0184
HELVE_p_TCGA_b139_154_155_SNP_N_GenomeWideSNP_6_C03_808670	X	85907632	85907780	2	-4.1701
HELVE_p_TCGA_b139_154_155_SNP_N_GenomeWideSNP_6_C03_808670	X	85912480	155182354	39257	0.0092
HELVE_p_TCGA_b139_154_155_SNP_N_GenomeWideSNP_6_C03_808670	Y	2650438	18746652	5239	-2.036
HELVE_p_TCGA_b139_154_155_SNP_N_GenomeWideSNP_6_C03_808670	Y	18747493	18759669	5	-4.8817
HELVE_p_TCGA_b139_154_155_SNP_N_GenomeWideSNP_6_C03_808670	Y	18762398	19170442	218	-2.0541
HELVE_p_TCGA_b139_154_155_SNP_N_GenomeWideSNP_6_C03_808670	Y	19179335	19179463	2	-7.7199
HELVE_p_TCGA_b139_154_155_SNP_N_GenomeWideSNP_6_C03_808670	Y	19179540	27367487	2638	-2.1626
HELVE_p_TCGA_b139_154_155_SNP_N_GenomeWideSNP_6_C03_808670	Y	27436702	27529084	34	-1.7476
HELVE_p_TCGA_b139_154_155_SNP_N_GenomeWideSNP_6_C03_808670	Y	27535030	27601827	22	-2.4418
HELVE_p_TCGA_b139_154_155_SNP_N_GenomeWideSNP_6_C03_808670	Y	27604402	27720551	36	-1.7444
HELVE_p_TCGA_b139_154_155_SNP_N_GenomeWideSNP_6_C03_808670	Y	27721084	28423938	251	-2.3179
HELVE_p_TCGA_b139_154_155_SNP_N_GenomeWideSNP_6_C03_808670	Y	28438116	59018259	182	-1.8968
