Sample	Chromosome	Start	End	Num_Probes	Segment_Mean
OWNED_p_TCGA_b102_105_SNP_N_GenomeWideSNP_6_C10_777166	1	61735	5898323	2686	-0.0493
OWNED_p_TCGA_b102_105_SNP_N_GenomeWideSNP_6_C10_777166	1	5898729	5902850	10	-0.6729
OWNED_p_TCGA_b102_105_SNP_N_GenomeWideSNP_6_C10_777166	1	5903958	16363940	5779	0.0476
OWNED_p_TCGA_b102_105_SNP_N_GenomeWideSNP_6_C10_777166	1	16368133	16379416	6	1.0778
OWNED_p_TCGA_b102_105_SNP_N_GenomeWideSNP_6_C10_777166	1	16389566	16804341	191	0.0557
OWNED_p_TCGA_b102_105_SNP_N_GenomeWideSNP_6_C10_777166	1	16806526	17005978	63	-0.2383
OWNED_p_TCGA_b102_105_SNP_N_GenomeWideSNP_6_C10_777166	1	17011450	17012422	10	0.65
OWNED_p_TCGA_b102_105_SNP_N_GenomeWideSNP_6_C10_777166	1	17012456	17177965	47	-0.3005
OWNED_p_TCGA_b102_105_SNP_N_GenomeWideSNP_6_C10_777166	1	17182437	25583341	5317	0.0625
OWNED_p_TCGA_b102_105_SNP_N_GenomeWideSNP_6_C10_777166	1	25593128	25646946	27	-1.451
OWNED_p_TCGA_b102_105_SNP_N_GenomeWideSNP_6_C10_777166	1	25646986	51950441	14243	0.0424
OWNED_p_TCGA_b102_105_SNP_N_GenomeWideSNP_6_C10_777166	1	51961512	51965909	5	-0.8408
OWNED_p_TCGA_b102_105_SNP_N_GenomeWideSNP_6_C10_777166	1	51969718	54042047	1132	0.0396
OWNED_p_TCGA_b102_105_SNP_N_GenomeWideSNP_6_C10_777166	1	54042336	54045180	5	-1.0122
OWNED_p_TCGA_b102_105_SNP_N_GenomeWideSNP_6_C10_777166	1	54045548	57266676	2317	0.0404
OWNED_p_TCGA_b102_105_SNP_N_GenomeWideSNP_6_C10_777166	1	57266880	57267749	2	-1.7735
OWNED_p_TCGA_b102_105_SNP_N_GenomeWideSNP_6_C10_777166	1	57267946	72768498	11095	0.0253
OWNED_p_TCGA_b102_105_SNP_N_GenomeWideSNP_6_C10_777166	1	72768916	72817021	50	0.3619
OWNED_p_TCGA_b102_105_SNP_N_GenomeWideSNP_6_C10_777166	1	72818599	81888602	5769	-0.0165
OWNED_p_TCGA_b102_105_SNP_N_GenomeWideSNP_6_C10_777166	1	81888605	81888724	5	-1.2207
OWNED_p_TCGA_b102_105_SNP_N_GenomeWideSNP_6_C10_777166	1	81888868	104102788	14242	0.0112
OWNED_p_TCGA_b102_105_SNP_N_GenomeWideSNP_6_C10_777166	1	104103057	104257096	50	0.3044
OWNED_p_TCGA_b102_105_SNP_N_GenomeWideSNP_6_C10_777166	1	104257579	106013376	926	-0.0224
OWNED_p_TCGA_b102_105_SNP_N_GenomeWideSNP_6_C10_777166	1	106019205	106022360	16	0.4007
OWNED_p_TCGA_b102_105_SNP_N_GenomeWideSNP_6_C10_777166	1	106022375	110224427	2653	0.0088
OWNED_p_TCGA_b102_105_SNP_N_GenomeWideSNP_6_C10_777166	1	110225642	110240178	30	-0.5053
OWNED_p_TCGA_b102_105_SNP_N_GenomeWideSNP_6_C10_777166	1	110242953	145280322	7420	0.0404
OWNED_p_TCGA_b102_105_SNP_N_GenomeWideSNP_6_C10_777166	1	145287545	145287875	3	1.6018
OWNED_p_TCGA_b102_105_SNP_N_GenomeWideSNP_6_C10_777166	1	145288350	148937000	913	0.2544
OWNED_p_TCGA_b102_105_SNP_N_GenomeWideSNP_6_C10_777166	1	148937905	149732591	198	-0.2684
OWNED_p_TCGA_b102_105_SNP_N_GenomeWideSNP_6_C10_777166	1	149732625	152555527	1464	0.2796
OWNED_p_TCGA_b102_105_SNP_N_GenomeWideSNP_6_C10_777166	1	152555706	152590494	36	-0.6055
OWNED_p_TCGA_b102_105_SNP_N_GenomeWideSNP_6_C10_777166	1	152590565	152759678	170	0.1875
OWNED_p_TCGA_b102_105_SNP_N_GenomeWideSNP_6_C10_777166	1	152761923	152768700	37	-1.1993
OWNED_p_TCGA_b102_105_SNP_N_GenomeWideSNP_6_C10_777166	1	152773905	160146173	4465	0.2804
OWNED_p_TCGA_b102_105_SNP_N_GenomeWideSNP_6_C10_777166	1	160146494	160150874	6	-0.4383
OWNED_p_TCGA_b102_105_SNP_N_GenomeWideSNP_6_C10_777166	1	160151421	167764835	5743	0.2774
OWNED_p_TCGA_b102_105_SNP_N_GenomeWideSNP_6_C10_777166	1	167766183	167769672	6	-0.4098
OWNED_p_TCGA_b102_105_SNP_N_GenomeWideSNP_6_C10_777166	1	167773910	176256629	5635	0.2708
OWNED_p_TCGA_b102_105_SNP_N_GenomeWideSNP_6_C10_777166	1	176263240	176263287	2	1.564
OWNED_p_TCGA_b102_105_SNP_N_GenomeWideSNP_6_C10_777166	1	176268044	192937049	11080	0.2435
OWNED_p_TCGA_b102_105_SNP_N_GenomeWideSNP_6_C10_777166	1	192939916	192943633	3	-1.7151
OWNED_p_TCGA_b102_105_SNP_N_GenomeWideSNP_6_C10_777166	1	192944821	193213210	283	0.2143
OWNED_p_TCGA_b102_105_SNP_N_GenomeWideSNP_6_C10_777166	1	193213391	193213474	4	1.6689
OWNED_p_TCGA_b102_105_SNP_N_GenomeWideSNP_6_C10_777166	1	193221915	196714822	2294	0.2382
OWNED_p_TCGA_b102_105_SNP_N_GenomeWideSNP_6_C10_777166	1	196714873	196732086	5	-0.8113
OWNED_p_TCGA_b102_105_SNP_N_GenomeWideSNP_6_C10_777166	1	196738623	222366668	17498	0.2652
OWNED_p_TCGA_b102_105_SNP_N_GenomeWideSNP_6_C10_777166	1	222374834	222377004	2	-3.4255
OWNED_p_TCGA_b102_105_SNP_N_GenomeWideSNP_6_C10_777166	1	222382134	223020504	338	0.2386
OWNED_p_TCGA_b102_105_SNP_N_GenomeWideSNP_6_C10_777166	1	223022923	223026717	4	-0.6236
OWNED_p_TCGA_b102_105_SNP_N_GenomeWideSNP_6_C10_777166	1	223027548	225657275	1622	0.2868
OWNED_p_TCGA_b102_105_SNP_N_GenomeWideSNP_6_C10_777166	1	225659217	225673293	16	-0.1854
OWNED_p_TCGA_b102_105_SNP_N_GenomeWideSNP_6_C10_777166	1	225673516	245636410	14278	0.2706
OWNED_p_TCGA_b102_105_SNP_N_GenomeWideSNP_6_C10_777166	1	245637039	245650429	13	-0.4771
OWNED_p_TCGA_b102_105_SNP_N_GenomeWideSNP_6_C10_777166	1	245650748	249224388	2205	0.2502
OWNED_p_TCGA_b102_105_SNP_N_GenomeWideSNP_6_C10_777166	2	12784	3148132	2178	0.0683
OWNED_p_TCGA_b102_105_SNP_N_GenomeWideSNP_6_C10_777166	2	3151657	3210196	77	-0.1778
OWNED_p_TCGA_b102_105_SNP_N_GenomeWideSNP_6_C10_777166	2	3211605	4205687	726	0.1262
OWNED_p_TCGA_b102_105_SNP_N_GenomeWideSNP_6_C10_777166	2	4213864	4224019	42	-0.6924
OWNED_p_TCGA_b102_105_SNP_N_GenomeWideSNP_6_C10_777166	2	4230062	24595328	14871	0.1407
OWNED_p_TCGA_b102_105_SNP_N_GenomeWideSNP_6_C10_777166	2	24596812	24611128	27	-0.2221
OWNED_p_TCGA_b102_105_SNP_N_GenomeWideSNP_6_C10_777166	2	24611727	29643332	2705	0.1679
OWNED_p_TCGA_b102_105_SNP_N_GenomeWideSNP_6_C10_777166	2	29643885	29644222	5	-0.8563
OWNED_p_TCGA_b102_105_SNP_N_GenomeWideSNP_6_C10_777166	2	29644595	35975973	4341	0.1348
OWNED_p_TCGA_b102_105_SNP_N_GenomeWideSNP_6_C10_777166	2	35977790	35987916	6	1.0959
OWNED_p_TCGA_b102_105_SNP_N_GenomeWideSNP_6_C10_777166	2	35987947	52764255	12148	0.1423
OWNED_p_TCGA_b102_105_SNP_N_GenomeWideSNP_6_C10_777166	2	52764475	52781295	14	0.8199
OWNED_p_TCGA_b102_105_SNP_N_GenomeWideSNP_6_C10_777166	2	52781326	54428670	1243	0.137
OWNED_p_TCGA_b102_105_SNP_N_GenomeWideSNP_6_C10_777166	2	54433752	54434026	2	1.4182
OWNED_p_TCGA_b102_105_SNP_N_GenomeWideSNP_6_C10_777166	2	54434741	55621744	927	0.1877
OWNED_p_TCGA_b102_105_SNP_N_GenomeWideSNP_6_C10_777166	2	55627639	55627771	2	1.9104
OWNED_p_TCGA_b102_105_SNP_N_GenomeWideSNP_6_C10_777166	2	55627913	76769258	13318	0.1426
OWNED_p_TCGA_b102_105_SNP_N_GenomeWideSNP_6_C10_777166	2	76769272	76769363	2	-0.9702
OWNED_p_TCGA_b102_105_SNP_N_GenomeWideSNP_6_C10_777166	2	76769457	76929056	113	0.0789
OWNED_p_TCGA_b102_105_SNP_N_GenomeWideSNP_6_C10_777166	2	76936031	76949564	16	-1.1188
OWNED_p_TCGA_b102_105_SNP_N_GenomeWideSNP_6_C10_777166	2	76956494	85332445	5326	0.1114
OWNED_p_TCGA_b102_105_SNP_N_GenomeWideSNP_6_C10_777166	2	85332460	85333406	2	-1.0273
OWNED_p_TCGA_b102_105_SNP_N_GenomeWideSNP_6_C10_777166	2	85333976	89136185	1720	0.1494
OWNED_p_TCGA_b102_105_SNP_N_GenomeWideSNP_6_C10_777166	2	89143768	89147550	22	-0.1826
OWNED_p_TCGA_b102_105_SNP_N_GenomeWideSNP_6_C10_777166	2	89147683	98023306	1359	0.117
OWNED_p_TCGA_b102_105_SNP_N_GenomeWideSNP_6_C10_777166	2	98025647	98162189	13	-0.5732
OWNED_p_TCGA_b102_105_SNP_N_GenomeWideSNP_6_C10_777166	2	98166878	146862085	29499	0.124
OWNED_p_TCGA_b102_105_SNP_N_GenomeWideSNP_6_C10_777166	2	146864404	146866909	23	-0.3059
OWNED_p_TCGA_b102_105_SNP_N_GenomeWideSNP_6_C10_777166	2	146866934	211711038	39004	0.1378
OWNED_p_TCGA_b102_105_SNP_N_GenomeWideSNP_6_C10_777166	2	211711552	211711928	2	-1.1963
OWNED_p_TCGA_b102_105_SNP_N_GenomeWideSNP_6_C10_777166	2	211712640	243089456	20066	0.1358
OWNED_p_TCGA_b102_105_SNP_N_GenomeWideSNP_6_C10_777166	3	60345	6646543	5834	0.1009
OWNED_p_TCGA_b102_105_SNP_N_GenomeWideSNP_6_C10_777166	3	6651128	6653332	23	-1.5711
OWNED_p_TCGA_b102_105_SNP_N_GenomeWideSNP_6_C10_777166	3	6655078	16239063	7061	0.1507
OWNED_p_TCGA_b102_105_SNP_N_GenomeWideSNP_6_C10_777166	3	16240556	16241179	6	-1.9138
OWNED_p_TCGA_b102_105_SNP_N_GenomeWideSNP_6_C10_777166	3	16241325	29437405	9022	0.1151
OWNED_p_TCGA_b102_105_SNP_N_GenomeWideSNP_6_C10_777166	3	29437641	29438573	5	-0.8009
OWNED_p_TCGA_b102_105_SNP_N_GenomeWideSNP_6_C10_777166	3	29439460	36016604	4327	0.1401
OWNED_p_TCGA_b102_105_SNP_N_GenomeWideSNP_6_C10_777166	3	36017059	36029767	30	-1.789
OWNED_p_TCGA_b102_105_SNP_N_GenomeWideSNP_6_C10_777166	3	36032179	68746164	21469	0.1514
OWNED_p_TCGA_b102_105_SNP_N_GenomeWideSNP_6_C10_777166	3	68746259	68747413	14	0.9863
OWNED_p_TCGA_b102_105_SNP_N_GenomeWideSNP_6_C10_777166	3	68748758	114655782	25443	0.1154
OWNED_p_TCGA_b102_105_SNP_N_GenomeWideSNP_6_C10_777166	3	114660592	114668950	7	-0.8354
OWNED_p_TCGA_b102_105_SNP_N_GenomeWideSNP_6_C10_777166	3	114669018	120464778	3759	0.1114
OWNED_p_TCGA_b102_105_SNP_N_GenomeWideSNP_6_C10_777166	3	120465842	120482414	11	0.6323
OWNED_p_TCGA_b102_105_SNP_N_GenomeWideSNP_6_C10_777166	3	120483237	125402632	2987	0.1667
OWNED_p_TCGA_b102_105_SNP_N_GenomeWideSNP_6_C10_777166	3	125403933	125476076	24	-0.1223
OWNED_p_TCGA_b102_105_SNP_N_GenomeWideSNP_6_C10_777166	3	125477762	129763698	2460	0.1556
OWNED_p_TCGA_b102_105_SNP_N_GenomeWideSNP_6_C10_777166	3	129766586	129798735	45	0.4329
OWNED_p_TCGA_b102_105_SNP_N_GenomeWideSNP_6_C10_777166	3	129798781	131988638	1443	0.1242
OWNED_p_TCGA_b102_105_SNP_N_GenomeWideSNP_6_C10_777166	3	131988864	131995684	8	-1.1282
OWNED_p_TCGA_b102_105_SNP_N_GenomeWideSNP_6_C10_777166	3	132000477	137798155	3488	0.1381
OWNED_p_TCGA_b102_105_SNP_N_GenomeWideSNP_6_C10_777166	3	137798865	137799548	4	1.1347
OWNED_p_TCGA_b102_105_SNP_N_GenomeWideSNP_6_C10_777166	3	137801213	162714517	15459	0.1318
OWNED_p_TCGA_b102_105_SNP_N_GenomeWideSNP_6_C10_777166	3	162717727	162719562	2	-2.3395
OWNED_p_TCGA_b102_105_SNP_N_GenomeWideSNP_6_C10_777166	3	162726159	178536746	9716	0.1325
OWNED_p_TCGA_b102_105_SNP_N_GenomeWideSNP_6_C10_777166	3	178539486	178540727	4	-0.6046
OWNED_p_TCGA_b102_105_SNP_N_GenomeWideSNP_6_C10_777166	3	178543482	178887589	233	0.1098
OWNED_p_TCGA_b102_105_SNP_N_GenomeWideSNP_6_C10_777166	3	178887634	178888165	8	0.8788
OWNED_p_TCGA_b102_105_SNP_N_GenomeWideSNP_6_C10_777166	3	178892224	192877902	9130	0.1372
OWNED_p_TCGA_b102_105_SNP_N_GenomeWideSNP_6_C10_777166	3	192877962	192882903	19	1.1529
OWNED_p_TCGA_b102_105_SNP_N_GenomeWideSNP_6_C10_777166	3	192886435	195773777	1648	0.171
OWNED_p_TCGA_b102_105_SNP_N_GenomeWideSNP_6_C10_777166	3	195776590	195777211	5	0.9875
OWNED_p_TCGA_b102_105_SNP_N_GenomeWideSNP_6_C10_777166	3	195779098	196662275	420	0.1815
OWNED_p_TCGA_b102_105_SNP_N_GenomeWideSNP_6_C10_777166	3	196662521	196686287	21	-0.3586
OWNED_p_TCGA_b102_105_SNP_N_GenomeWideSNP_6_C10_777166	3	196688124	197834148	574	0.1728
OWNED_p_TCGA_b102_105_SNP_N_GenomeWideSNP_6_C10_777166	3	197834346	197896118	36	-0.1276
OWNED_p_TCGA_b102_105_SNP_N_GenomeWideSNP_6_C10_777166	4	12281	61775	51	-0.267
OWNED_p_TCGA_b102_105_SNP_N_GenomeWideSNP_6_C10_777166	4	61918	3454198	1397	0.157
OWNED_p_TCGA_b102_105_SNP_N_GenomeWideSNP_6_C10_777166	4	3454304	3487322	18	-0.2515
OWNED_p_TCGA_b102_105_SNP_N_GenomeWideSNP_6_C10_777166	4	3503936	7457829	2860	0.1376
OWNED_p_TCGA_b102_105_SNP_N_GenomeWideSNP_6_C10_777166	4	7458757	7464061	11	-0.4351
OWNED_p_TCGA_b102_105_SNP_N_GenomeWideSNP_6_C10_777166	4	7464938	10200718	1431	0.1781
OWNED_p_TCGA_b102_105_SNP_N_GenomeWideSNP_6_C10_777166	4	10203462	10210390	22	-0.222
OWNED_p_TCGA_b102_105_SNP_N_GenomeWideSNP_6_C10_777166	4	10223416	10231498	28	-1.8051
OWNED_p_TCGA_b102_105_SNP_N_GenomeWideSNP_6_C10_777166	4	10234214	10235268	7	-0.4916
OWNED_p_TCGA_b102_105_SNP_N_GenomeWideSNP_6_C10_777166	4	10236142	11764851	1389	0.1563
OWNED_p_TCGA_b102_105_SNP_N_GenomeWideSNP_6_C10_777166	4	11766976	11767901	4	0.9269
OWNED_p_TCGA_b102_105_SNP_N_GenomeWideSNP_6_C10_777166	4	11770411	23994270	8652	0.1235
OWNED_p_TCGA_b102_105_SNP_N_GenomeWideSNP_6_C10_777166	4	23996375	23999673	5	1.124
OWNED_p_TCGA_b102_105_SNP_N_GenomeWideSNP_6_C10_777166	4	24000040	34779004	6920	0.111
OWNED_p_TCGA_b102_105_SNP_N_GenomeWideSNP_6_C10_777166	4	34779025	34824183	40	-0.6988
OWNED_p_TCGA_b102_105_SNP_N_GenomeWideSNP_6_C10_777166	4	34824725	35183361	238	0.0833
OWNED_p_TCGA_b102_105_SNP_N_GenomeWideSNP_6_C10_777166	4	35183698	35184363	2	-1.2604
OWNED_p_TCGA_b102_105_SNP_N_GenomeWideSNP_6_C10_777166	4	35186240	49089374	8719	0.1434
OWNED_p_TCGA_b102_105_SNP_N_GenomeWideSNP_6_C10_777166	4	49093786	49649791	35	-0.2398
OWNED_p_TCGA_b102_105_SNP_N_GenomeWideSNP_6_C10_777166	4	49650106	64693940	7569	0.1132
OWNED_p_TCGA_b102_105_SNP_N_GenomeWideSNP_6_C10_777166	4	64697469	64707605	22	-0.9016
OWNED_p_TCGA_b102_105_SNP_N_GenomeWideSNP_6_C10_777166	4	64707754	64708258	6	-2.3222
OWNED_p_TCGA_b102_105_SNP_N_GenomeWideSNP_6_C10_777166	4	64716431	69333814	2871	0.0864
OWNED_p_TCGA_b102_105_SNP_N_GenomeWideSNP_6_C10_777166	4	69334141	69485979	72	0.4143
OWNED_p_TCGA_b102_105_SNP_N_GenomeWideSNP_6_C10_777166	4	69489335	73551863	2350	0.1298
OWNED_p_TCGA_b102_105_SNP_N_GenomeWideSNP_6_C10_777166	4	73552244	73555438	2	-1.0859
OWNED_p_TCGA_b102_105_SNP_N_GenomeWideSNP_6_C10_777166	4	73558815	91975323	11555	0.1421
OWNED_p_TCGA_b102_105_SNP_N_GenomeWideSNP_6_C10_777166	4	91976427	92066103	64	-0.1976
OWNED_p_TCGA_b102_105_SNP_N_GenomeWideSNP_6_C10_777166	4	92066776	138092103	27008	0.1112
OWNED_p_TCGA_b102_105_SNP_N_GenomeWideSNP_6_C10_777166	4	138092195	138095121	19	-0.4863
OWNED_p_TCGA_b102_105_SNP_N_GenomeWideSNP_6_C10_777166	4	138108363	145922881	5034	0.128
OWNED_p_TCGA_b102_105_SNP_N_GenomeWideSNP_6_C10_777166	4	145923130	147169761	664	-0.2303
OWNED_p_TCGA_b102_105_SNP_N_GenomeWideSNP_6_C10_777166	4	147172170	147216876	29	0.1063
OWNED_p_TCGA_b102_105_SNP_N_GenomeWideSNP_6_C10_777166	4	147217867	148551356	793	-0.2384
OWNED_p_TCGA_b102_105_SNP_N_GenomeWideSNP_6_C10_777166	4	148554156	148682470	60	0.1243
OWNED_p_TCGA_b102_105_SNP_N_GenomeWideSNP_6_C10_777166	4	148683500	149227183	370	-0.2661
OWNED_p_TCGA_b102_105_SNP_N_GenomeWideSNP_6_C10_777166	4	149229215	149460443	146	0.1502
OWNED_p_TCGA_b102_105_SNP_N_GenomeWideSNP_6_C10_777166	4	149461969	151377404	1053	-0.2082
OWNED_p_TCGA_b102_105_SNP_N_GenomeWideSNP_6_C10_777166	4	151378682	152910483	860	0.1613
OWNED_p_TCGA_b102_105_SNP_N_GenomeWideSNP_6_C10_777166	4	152913072	153299856	225	-0.3038
OWNED_p_TCGA_b102_105_SNP_N_GenomeWideSNP_6_C10_777166	4	153303725	155042661	1115	0.2353
OWNED_p_TCGA_b102_105_SNP_N_GenomeWideSNP_6_C10_777166	4	155044764	155047033	4	-0.8562
OWNED_p_TCGA_b102_105_SNP_N_GenomeWideSNP_6_C10_777166	4	155047531	156968180	1316	0.0698
OWNED_p_TCGA_b102_105_SNP_N_GenomeWideSNP_6_C10_777166	4	156968283	156968473	3	-0.7934
OWNED_p_TCGA_b102_105_SNP_N_GenomeWideSNP_6_C10_777166	4	156968683	161041304	2438	0.1005
OWNED_p_TCGA_b102_105_SNP_N_GenomeWideSNP_6_C10_777166	4	161052774	161070789	40	-0.862
OWNED_p_TCGA_b102_105_SNP_N_GenomeWideSNP_6_C10_777166	4	161083870	172369346	7285	0.1074
OWNED_p_TCGA_b102_105_SNP_N_GenomeWideSNP_6_C10_777166	4	172374884	172377776	12	-0.6736
OWNED_p_TCGA_b102_105_SNP_N_GenomeWideSNP_6_C10_777166	4	172380371	172987928	396	0.0786
OWNED_p_TCGA_b102_105_SNP_N_GenomeWideSNP_6_C10_777166	4	172989148	172989533	12	-1.0963
OWNED_p_TCGA_b102_105_SNP_N_GenomeWideSNP_6_C10_777166	4	172995979	181138299	5121	0.0929
OWNED_p_TCGA_b102_105_SNP_N_GenomeWideSNP_6_C10_777166	4	181138325	181146155	2	-1.4145
OWNED_p_TCGA_b102_105_SNP_N_GenomeWideSNP_6_C10_777166	4	181146224	189221258	5807	0.1214
OWNED_p_TCGA_b102_105_SNP_N_GenomeWideSNP_6_C10_777166	4	189221360	189221439	4	1.2311
OWNED_p_TCGA_b102_105_SNP_N_GenomeWideSNP_6_C10_777166	4	189222813	191027923	1174	0.0732
OWNED_p_TCGA_b102_105_SNP_N_GenomeWideSNP_6_C10_777166	5	15532	1587686	744	0.0498
OWNED_p_TCGA_b102_105_SNP_N_GenomeWideSNP_6_C10_777166	5	1590212	1647831	25	-0.3917
OWNED_p_TCGA_b102_105_SNP_N_GenomeWideSNP_6_C10_777166	5	1649255	12815780	9434	0.1189
OWNED_p_TCGA_b102_105_SNP_N_GenomeWideSNP_6_C10_777166	5	12815865	12838533	13	-1.0055
OWNED_p_TCGA_b102_105_SNP_N_GenomeWideSNP_6_C10_777166	5	12849201	16124245	2225	0.1745
OWNED_p_TCGA_b102_105_SNP_N_GenomeWideSNP_6_C10_777166	5	16125128	16125214	3	-1.0241
OWNED_p_TCGA_b102_105_SNP_N_GenomeWideSNP_6_C10_777166	5	16127544	26789496	6469	0.1134
OWNED_p_TCGA_b102_105_SNP_N_GenomeWideSNP_6_C10_777166	5	26797760	26797844	2	-1.5651
OWNED_p_TCGA_b102_105_SNP_N_GenomeWideSNP_6_C10_777166	5	26803884	29911607	1822	0.1044
OWNED_p_TCGA_b102_105_SNP_N_GenomeWideSNP_6_C10_777166	5	29911950	29912034	2	1.5326
OWNED_p_TCGA_b102_105_SNP_N_GenomeWideSNP_6_C10_777166	5	29914023	46251306	10019	0.1441
OWNED_p_TCGA_b102_105_SNP_N_GenomeWideSNP_6_C10_777166	5	46271008	46273502	8	-1.4547
OWNED_p_TCGA_b102_105_SNP_N_GenomeWideSNP_6_C10_777166	5	46278212	50926452	739	-0.2265
OWNED_p_TCGA_b102_105_SNP_N_GenomeWideSNP_6_C10_777166	5	50928810	50928871	2	-3.7831
OWNED_p_TCGA_b102_105_SNP_N_GenomeWideSNP_6_C10_777166	5	50929045	52043051	672	-0.2428
OWNED_p_TCGA_b102_105_SNP_N_GenomeWideSNP_6_C10_777166	5	52045699	52519151	406	0.1611
OWNED_p_TCGA_b102_105_SNP_N_GenomeWideSNP_6_C10_777166	5	52519820	55709182	2117	0.4112
OWNED_p_TCGA_b102_105_SNP_N_GenomeWideSNP_6_C10_777166	5	55711291	55854153	134	0.8106
OWNED_p_TCGA_b102_105_SNP_N_GenomeWideSNP_6_C10_777166	5	55856375	62747146	4576	-0.2295
OWNED_p_TCGA_b102_105_SNP_N_GenomeWideSNP_6_C10_777166	5	62747267	62749746	3	-1.5298
OWNED_p_TCGA_b102_105_SNP_N_GenomeWideSNP_6_C10_777166	5	62749848	74556676	6280	-0.2317
OWNED_p_TCGA_b102_105_SNP_N_GenomeWideSNP_6_C10_777166	5	74559837	74696638	84	0.5564
OWNED_p_TCGA_b102_105_SNP_N_GenomeWideSNP_6_C10_777166	5	74697613	75429274	480	-0.2691
OWNED_p_TCGA_b102_105_SNP_N_GenomeWideSNP_6_C10_777166	5	75431439	75431699	2	-2.3813
OWNED_p_TCGA_b102_105_SNP_N_GenomeWideSNP_6_C10_777166	5	75432737	95168749	11303	-0.2585
OWNED_p_TCGA_b102_105_SNP_N_GenomeWideSNP_6_C10_777166	5	95168823	95168838	2	-2.4285
OWNED_p_TCGA_b102_105_SNP_N_GenomeWideSNP_6_C10_777166	5	95169411	127888093	21255	-0.2463
OWNED_p_TCGA_b102_105_SNP_N_GenomeWideSNP_6_C10_777166	5	127897817	127902945	2	-2.1528
OWNED_p_TCGA_b102_105_SNP_N_GenomeWideSNP_6_C10_777166	5	127905735	180374523	33774	-0.2601
OWNED_p_TCGA_b102_105_SNP_N_GenomeWideSNP_6_C10_777166	5	180378710	180418103	19	-1.185
OWNED_p_TCGA_b102_105_SNP_N_GenomeWideSNP_6_C10_777166	5	180433225	180790320	169	-0.3576
OWNED_p_TCGA_b102_105_SNP_N_GenomeWideSNP_6_C10_777166	6	149661	204689	35	0.0266
OWNED_p_TCGA_b102_105_SNP_N_GenomeWideSNP_6_C10_777166	6	204909	205920	2	-1.2929
OWNED_p_TCGA_b102_105_SNP_N_GenomeWideSNP_6_C10_777166	6	205947	303017	88	0.1312
OWNED_p_TCGA_b102_105_SNP_N_GenomeWideSNP_6_C10_777166	6	303121	328357	12	0.6691
OWNED_p_TCGA_b102_105_SNP_N_GenomeWideSNP_6_C10_777166	6	329869	19040119	14635	0.1566
OWNED_p_TCGA_b102_105_SNP_N_GenomeWideSNP_6_C10_777166	6	19042181	19042818	3	-1.3439
OWNED_p_TCGA_b102_105_SNP_N_GenomeWideSNP_6_C10_777166	6	19044702	29837072	6935	0.1346
OWNED_p_TCGA_b102_105_SNP_N_GenomeWideSNP_6_C10_777166	6	29837187	29849267	16	-0.6856
OWNED_p_TCGA_b102_105_SNP_N_GenomeWideSNP_6_C10_777166	6	29850196	32449523	1189	0.1604
OWNED_p_TCGA_b102_105_SNP_N_GenomeWideSNP_6_C10_777166	6	32452801	32626618	69	-0.2124
OWNED_p_TCGA_b102_105_SNP_N_GenomeWideSNP_6_C10_777166	6	32650612	45975798	8468	0.1696
OWNED_p_TCGA_b102_105_SNP_N_GenomeWideSNP_6_C10_777166	6	45978143	45978236	3	-1.2377
OWNED_p_TCGA_b102_105_SNP_N_GenomeWideSNP_6_C10_777166	6	45980557	53931151	5248	0.1589
OWNED_p_TCGA_b102_105_SNP_N_GenomeWideSNP_6_C10_777166	6	53931230	53931855	6	1.3297
OWNED_p_TCGA_b102_105_SNP_N_GenomeWideSNP_6_C10_777166	6	53935348	65710729	4588	0.1355
OWNED_p_TCGA_b102_105_SNP_N_GenomeWideSNP_6_C10_777166	6	65711399	65713792	3	-1.0713
OWNED_p_TCGA_b102_105_SNP_N_GenomeWideSNP_6_C10_777166	6	65717384	67037554	895	0.1096
OWNED_p_TCGA_b102_105_SNP_N_GenomeWideSNP_6_C10_777166	6	67038021	67043192	9	-0.5483
OWNED_p_TCGA_b102_105_SNP_N_GenomeWideSNP_6_C10_777166	6	67043235	71632056	3079	0.1141
OWNED_p_TCGA_b102_105_SNP_N_GenomeWideSNP_6_C10_777166	6	71632382	71632830	2	1.1776
OWNED_p_TCGA_b102_105_SNP_N_GenomeWideSNP_6_C10_777166	6	71633103	77417470	3693	0.1064
OWNED_p_TCGA_b102_105_SNP_N_GenomeWideSNP_6_C10_777166	6	77418087	77452757	39	-0.3571
OWNED_p_TCGA_b102_105_SNP_N_GenomeWideSNP_6_C10_777166	6	77461073	78962874	977	0.0976
OWNED_p_TCGA_b102_105_SNP_N_GenomeWideSNP_6_C10_777166	6	78962889	79034940	111	-0.1799
OWNED_p_TCGA_b102_105_SNP_N_GenomeWideSNP_6_C10_777166	6	79035027	81284716	1440	0.155
OWNED_p_TCGA_b102_105_SNP_N_GenomeWideSNP_6_C10_777166	6	81284759	81289534	28	-0.9344
OWNED_p_TCGA_b102_105_SNP_N_GenomeWideSNP_6_C10_777166	6	81294341	87073944	3547	0.1347
OWNED_p_TCGA_b102_105_SNP_N_GenomeWideSNP_6_C10_777166	6	87074238	87082151	6	-0.9208
OWNED_p_TCGA_b102_105_SNP_N_GenomeWideSNP_6_C10_777166	6	87083573	104805188	11162	0.1059
OWNED_p_TCGA_b102_105_SNP_N_GenomeWideSNP_6_C10_777166	6	104805714	104806540	3	-0.7091
OWNED_p_TCGA_b102_105_SNP_N_GenomeWideSNP_6_C10_777166	6	104806926	124234206	11828	0.1354
OWNED_p_TCGA_b102_105_SNP_N_GenomeWideSNP_6_C10_777166	6	124234359	124236318	7	-0.9283
OWNED_p_TCGA_b102_105_SNP_N_GenomeWideSNP_6_C10_777166	6	124236735	134266268	6565	0.1417
OWNED_p_TCGA_b102_105_SNP_N_GenomeWideSNP_6_C10_777166	6	134269071	134269632	2	-1.5084
OWNED_p_TCGA_b102_105_SNP_N_GenomeWideSNP_6_C10_777166	6	134272072	157779495	15695	0.1382
OWNED_p_TCGA_b102_105_SNP_N_GenomeWideSNP_6_C10_777166	6	157781264	157796076	3	-0.869
OWNED_p_TCGA_b102_105_SNP_N_GenomeWideSNP_6_C10_777166	6	157796994	158028970	78	0.1805
OWNED_p_TCGA_b102_105_SNP_N_GenomeWideSNP_6_C10_777166	6	158028980	158034509	4	-0.6469
OWNED_p_TCGA_b102_105_SNP_N_GenomeWideSNP_6_C10_777166	6	158034517	161032565	2081	0.1701
OWNED_p_TCGA_b102_105_SNP_N_GenomeWideSNP_6_C10_777166	6	161032719	161068477	8	-0.3707
OWNED_p_TCGA_b102_105_SNP_N_GenomeWideSNP_6_C10_777166	6	161068504	161935591	621	0.1415
OWNED_p_TCGA_b102_105_SNP_N_GenomeWideSNP_6_C10_777166	6	161935676	161937107	16	-0.2325
OWNED_p_TCGA_b102_105_SNP_N_GenomeWideSNP_6_C10_777166	6	161942861	162343578	389	0.1269
OWNED_p_TCGA_b102_105_SNP_N_GenomeWideSNP_6_C10_777166	6	162344712	162418447	57	-0.2799
OWNED_p_TCGA_b102_105_SNP_N_GenomeWideSNP_6_C10_777166	6	162419266	162430000	10	-0.7746
OWNED_p_TCGA_b102_105_SNP_N_GenomeWideSNP_6_C10_777166	6	162430993	162474231	46	-0.2019
OWNED_p_TCGA_b102_105_SNP_N_GenomeWideSNP_6_C10_777166	6	162474893	162625550	149	-0.8025
OWNED_p_TCGA_b102_105_SNP_N_GenomeWideSNP_6_C10_777166	6	162630699	162745580	91	-0.3322
OWNED_p_TCGA_b102_105_SNP_N_GenomeWideSNP_6_C10_777166	6	162746266	162772362	19	-0.6758
OWNED_p_TCGA_b102_105_SNP_N_GenomeWideSNP_6_C10_777166	6	162777705	162820486	39	-2.8531
OWNED_p_TCGA_b102_105_SNP_N_GenomeWideSNP_6_C10_777166	6	162821050	162864839	38	-0.7851
OWNED_p_TCGA_b102_105_SNP_N_GenomeWideSNP_6_C10_777166	6	162865157	162887290	19	0.0452
OWNED_p_TCGA_b102_105_SNP_N_GenomeWideSNP_6_C10_777166	6	162887557	163266713	251	-0.2674
OWNED_p_TCGA_b102_105_SNP_N_GenomeWideSNP_6_C10_777166	6	163266840	163383215	81	0.1431
OWNED_p_TCGA_b102_105_SNP_N_GenomeWideSNP_6_C10_777166	6	163386447	163410714	16	-0.3048
OWNED_p_TCGA_b102_105_SNP_N_GenomeWideSNP_6_C10_777166	6	163417478	171051005	5403	0.092
OWNED_p_TCGA_b102_105_SNP_N_GenomeWideSNP_6_C10_777166	7	43355	148300	90	-0.049
OWNED_p_TCGA_b102_105_SNP_N_GenomeWideSNP_6_C10_777166	7	155066	158626	10	-1.0057
OWNED_p_TCGA_b102_105_SNP_N_GenomeWideSNP_6_C10_777166	7	161442	2924105	924	0.1324
OWNED_p_TCGA_b102_105_SNP_N_GenomeWideSNP_6_C10_777166	7	2929427	7455911	2886	0.4033
OWNED_p_TCGA_b102_105_SNP_N_GenomeWideSNP_6_C10_777166	7	7456335	10792150	2685	0.1345
OWNED_p_TCGA_b102_105_SNP_N_GenomeWideSNP_6_C10_777166	7	10793992	10806108	12	-0.5085
OWNED_p_TCGA_b102_105_SNP_N_GenomeWideSNP_6_C10_777166	7	10807685	13810942	2443	0.1523
OWNED_p_TCGA_b102_105_SNP_N_GenomeWideSNP_6_C10_777166	7	13815846	14223471	462	0.414
OWNED_p_TCGA_b102_105_SNP_N_GenomeWideSNP_6_C10_777166	7	14226009	25608438	8952	0.1392
OWNED_p_TCGA_b102_105_SNP_N_GenomeWideSNP_6_C10_777166	7	25612211	26132290	372	0.4905
OWNED_p_TCGA_b102_105_SNP_N_GenomeWideSNP_6_C10_777166	7	26142392	26145413	4	-0.3094
OWNED_p_TCGA_b102_105_SNP_N_GenomeWideSNP_6_C10_777166	7	26147219	26703564	415	0.468
OWNED_p_TCGA_b102_105_SNP_N_GenomeWideSNP_6_C10_777166	7	26703639	26871385	104	0.1827
OWNED_p_TCGA_b102_105_SNP_N_GenomeWideSNP_6_C10_777166	7	26871965	27696652	475	0.4869
OWNED_p_TCGA_b102_105_SNP_N_GenomeWideSNP_6_C10_777166	7	27696830	30070544	1875	0.161
OWNED_p_TCGA_b102_105_SNP_N_GenomeWideSNP_6_C10_777166	7	30071212	30466928	232	0.4626
OWNED_p_TCGA_b102_105_SNP_N_GenomeWideSNP_6_C10_777166	7	30467018	30884273	267	0.1674
OWNED_p_TCGA_b102_105_SNP_N_GenomeWideSNP_6_C10_777166	7	30884439	33200709	1605	0.4333
OWNED_p_TCGA_b102_105_SNP_N_GenomeWideSNP_6_C10_777166	7	33201191	36038419	1823	0.1288
OWNED_p_TCGA_b102_105_SNP_N_GenomeWideSNP_6_C10_777166	7	36042222	36751853	586	0.4724
OWNED_p_TCGA_b102_105_SNP_N_GenomeWideSNP_6_C10_777166	7	36752179	46541451	6508	0.1106
OWNED_p_TCGA_b102_105_SNP_N_GenomeWideSNP_6_C10_777166	7	46543714	47278533	639	0.4433
OWNED_p_TCGA_b102_105_SNP_N_GenomeWideSNP_6_C10_777166	7	47279580	54386505	5139	0.1165
OWNED_p_TCGA_b102_105_SNP_N_GenomeWideSNP_6_C10_777166	7	54386509	54386517	5	-1.5092
OWNED_p_TCGA_b102_105_SNP_N_GenomeWideSNP_6_C10_777166	7	54393488	62156338	2184	0.098
OWNED_p_TCGA_b102_105_SNP_N_GenomeWideSNP_6_C10_777166	7	62156489	62162274	16	-0.5524
OWNED_p_TCGA_b102_105_SNP_N_GenomeWideSNP_6_C10_777166	7	62181110	64568852	931	0.061
OWNED_p_TCGA_b102_105_SNP_N_GenomeWideSNP_6_C10_777166	7	64594065	64595698	6	1.1787
OWNED_p_TCGA_b102_105_SNP_N_GenomeWideSNP_6_C10_777166	7	64637128	110817681	26575	0.1296
OWNED_p_TCGA_b102_105_SNP_N_GenomeWideSNP_6_C10_777166	7	110818458	110819562	2	-1.2165
OWNED_p_TCGA_b102_105_SNP_N_GenomeWideSNP_6_C10_777166	7	110819877	111522051	440	0.1112
OWNED_p_TCGA_b102_105_SNP_N_GenomeWideSNP_6_C10_777166	7	111522517	111529037	5	-0.8288
OWNED_p_TCGA_b102_105_SNP_N_GenomeWideSNP_6_C10_777166	7	111529810	126045556	8681	0.1216
OWNED_p_TCGA_b102_105_SNP_N_GenomeWideSNP_6_C10_777166	7	126045651	126046615	10	1.0981
OWNED_p_TCGA_b102_105_SNP_N_GenomeWideSNP_6_C10_777166	7	126046876	133785177	4702	0.135
OWNED_p_TCGA_b102_105_SNP_N_GenomeWideSNP_6_C10_777166	7	133785195	133795634	24	-1.6148
OWNED_p_TCGA_b102_105_SNP_N_GenomeWideSNP_6_C10_777166	7	133795665	133819640	21	-0.3972
OWNED_p_TCGA_b102_105_SNP_N_GenomeWideSNP_6_C10_777166	7	133820710	141950781	5339	0.1265
OWNED_p_TCGA_b102_105_SNP_N_GenomeWideSNP_6_C10_777166	7	141951780	141953105	7	0.8987
OWNED_p_TCGA_b102_105_SNP_N_GenomeWideSNP_6_C10_777166	7	141959449	142474939	323	0.0624
OWNED_p_TCGA_b102_105_SNP_N_GenomeWideSNP_6_C10_777166	7	142476719	142486115	28	-0.3421
OWNED_p_TCGA_b102_105_SNP_N_GenomeWideSNP_6_C10_777166	7	142486345	143870505	835	0.1471
OWNED_p_TCGA_b102_105_SNP_N_GenomeWideSNP_6_C10_777166	7	143873377	143977353	25	0.5513
OWNED_p_TCGA_b102_105_SNP_N_GenomeWideSNP_6_C10_777166	7	143977392	150380999	3941	0.1043
OWNED_p_TCGA_b102_105_SNP_N_GenomeWideSNP_6_C10_777166	7	150381031	150381356	2	1.2425
OWNED_p_TCGA_b102_105_SNP_N_GenomeWideSNP_6_C10_777166	7	150385526	159127004	5755	0.1207
OWNED_p_TCGA_b102_105_SNP_N_GenomeWideSNP_6_C10_777166	8	31254	970301	557	-0.9622
OWNED_p_TCGA_b102_105_SNP_N_GenomeWideSNP_6_C10_777166	8	972081	972716	3	-5.2383
OWNED_p_TCGA_b102_105_SNP_N_GenomeWideSNP_6_C10_777166	8	975854	5869938	5804	-0.8822
OWNED_p_TCGA_b102_105_SNP_N_GenomeWideSNP_6_C10_777166	8	5870302	5871827	4	-4.1862
OWNED_p_TCGA_b102_105_SNP_N_GenomeWideSNP_6_C10_777166	8	5872599	6369796	685	-0.8961
OWNED_p_TCGA_b102_105_SNP_N_GenomeWideSNP_6_C10_777166	8	6369896	6370047	3	-5.1265
OWNED_p_TCGA_b102_105_SNP_N_GenomeWideSNP_6_C10_777166	8	6374722	6701133	360	-0.895
OWNED_p_TCGA_b102_105_SNP_N_GenomeWideSNP_6_C10_777166	8	6709748	6710695	3	-7.1535
OWNED_p_TCGA_b102_105_SNP_N_GenomeWideSNP_6_C10_777166	8	6710761	6999220	259	-0.8446
OWNED_p_TCGA_b102_105_SNP_N_GenomeWideSNP_6_C10_777166	8	7009595	7238019	42	-0.2935
OWNED_p_TCGA_b102_105_SNP_N_GenomeWideSNP_6_C10_777166	8	7250380	8405746	526	-0.8388
OWNED_p_TCGA_b102_105_SNP_N_GenomeWideSNP_6_C10_777166	8	8405963	8406190	3	-3.2663
OWNED_p_TCGA_b102_105_SNP_N_GenomeWideSNP_6_C10_777166	8	8407404	27775528	15401	-0.8259
OWNED_p_TCGA_b102_105_SNP_N_GenomeWideSNP_6_C10_777166	8	27777003	27787224	6	-3.4594
OWNED_p_TCGA_b102_105_SNP_N_GenomeWideSNP_6_C10_777166	8	27787309	28219244	355	-0.8358
OWNED_p_TCGA_b102_105_SNP_N_GenomeWideSNP_6_C10_777166	8	28219309	28227144	3	-3.1168
OWNED_p_TCGA_b102_105_SNP_N_GenomeWideSNP_6_C10_777166	8	28227332	37626292	5644	-0.7796
OWNED_p_TCGA_b102_105_SNP_N_GenomeWideSNP_6_C10_777166	8	37630491	39230325	773	-0.1888
OWNED_p_TCGA_b102_105_SNP_N_GenomeWideSNP_6_C10_777166	8	39230659	39324474	34	0.8399
OWNED_p_TCGA_b102_105_SNP_N_GenomeWideSNP_6_C10_777166	8	39332971	39356721	9	0.1602
OWNED_p_TCGA_b102_105_SNP_N_GenomeWideSNP_6_C10_777166	8	39356755	39362946	6	0.8029
OWNED_p_TCGA_b102_105_SNP_N_GenomeWideSNP_6_C10_777166	8	39368908	39386965	10	0.2132
OWNED_p_TCGA_b102_105_SNP_N_GenomeWideSNP_6_C10_777166	8	39388299	41147753	1297	-0.7986
OWNED_p_TCGA_b102_105_SNP_N_GenomeWideSNP_6_C10_777166	8	41156762	41492054	193	-0.0248
OWNED_p_TCGA_b102_105_SNP_N_GenomeWideSNP_6_C10_777166	8	41501039	43780295	1085	0.445
OWNED_p_TCGA_b102_105_SNP_N_GenomeWideSNP_6_C10_777166	8	43783984	49334748	985	-0.253
OWNED_p_TCGA_b102_105_SNP_N_GenomeWideSNP_6_C10_777166	8	49338053	51725654	1451	0.3509
OWNED_p_TCGA_b102_105_SNP_N_GenomeWideSNP_6_C10_777166	8	51725868	52872460	714	0.5976
OWNED_p_TCGA_b102_105_SNP_N_GenomeWideSNP_6_C10_777166	8	52873370	52886777	3	-0.4373
OWNED_p_TCGA_b102_105_SNP_N_GenomeWideSNP_6_C10_777166	8	52887541	112291494	36284	0.4731
OWNED_p_TCGA_b102_105_SNP_N_GenomeWideSNP_6_C10_777166	8	112294279	112295245	9	-0.0432
OWNED_p_TCGA_b102_105_SNP_N_GenomeWideSNP_6_C10_777166	8	112295260	120152010	4964	0.607
OWNED_p_TCGA_b102_105_SNP_N_GenomeWideSNP_6_C10_777166	8	120154784	120159446	4	-2.7159
OWNED_p_TCGA_b102_105_SNP_N_GenomeWideSNP_6_C10_777166	8	120162854	132574169	8643	0.6484
OWNED_p_TCGA_b102_105_SNP_N_GenomeWideSNP_6_C10_777166	8	132574858	132575721	2	-1.6106
OWNED_p_TCGA_b102_105_SNP_N_GenomeWideSNP_6_C10_777166	8	132579069	144299158	8659	0.6329
OWNED_p_TCGA_b102_105_SNP_N_GenomeWideSNP_6_C10_777166	8	144299335	144310617	14	-0.1154
OWNED_p_TCGA_b102_105_SNP_N_GenomeWideSNP_6_C10_777166	8	144314377	144699157	119	0.7419
OWNED_p_TCGA_b102_105_SNP_N_GenomeWideSNP_6_C10_777166	8	144705157	144707808	9	-0.5556
OWNED_p_TCGA_b102_105_SNP_N_GenomeWideSNP_6_C10_777166	8	144718989	145508268	181	0.6835
OWNED_p_TCGA_b102_105_SNP_N_GenomeWideSNP_6_C10_777166	8	145508691	145695658	64	0.3713
OWNED_p_TCGA_b102_105_SNP_N_GenomeWideSNP_6_C10_777166	8	145702007	146298155	259	0.6459
OWNED_p_TCGA_b102_105_SNP_N_GenomeWideSNP_6_C10_777166	9	46587	756415	748	0.1492
OWNED_p_TCGA_b102_105_SNP_N_GenomeWideSNP_6_C10_777166	9	764050	764128	2	-1.6555
OWNED_p_TCGA_b102_105_SNP_N_GenomeWideSNP_6_C10_777166	9	765271	6695986	5627	0.1538
OWNED_p_TCGA_b102_105_SNP_N_GenomeWideSNP_6_C10_777166	9	6701145	6708357	7	-1.0048
OWNED_p_TCGA_b102_105_SNP_N_GenomeWideSNP_6_C10_777166	9	6712314	15855317	7919	0.1614
OWNED_p_TCGA_b102_105_SNP_N_GenomeWideSNP_6_C10_777166	9	15862959	16011095	113	-0.2001
OWNED_p_TCGA_b102_105_SNP_N_GenomeWideSNP_6_C10_777166	9	16012936	28044704	9566	0.1448
OWNED_p_TCGA_b102_105_SNP_N_GenomeWideSNP_6_C10_777166	9	28047588	28050691	5	-1.2459
OWNED_p_TCGA_b102_105_SNP_N_GenomeWideSNP_6_C10_777166	9	28055603	37673088	6307	0.141
OWNED_p_TCGA_b102_105_SNP_N_GenomeWideSNP_6_C10_777166	9	37676472	37676899	2	-1.0353
OWNED_p_TCGA_b102_105_SNP_N_GenomeWideSNP_6_C10_777166	9	37677133	44629223	1128	0.1063
OWNED_p_TCGA_b102_105_SNP_N_GenomeWideSNP_6_C10_777166	9	44727859	44855737	36	0.6162
OWNED_p_TCGA_b102_105_SNP_N_GenomeWideSNP_6_C10_777166	9	44866028	46041129	67	0.0304
OWNED_p_TCGA_b102_105_SNP_N_GenomeWideSNP_6_C10_777166	9	46063936	46388030	14	-0.2363
OWNED_p_TCGA_b102_105_SNP_N_GenomeWideSNP_6_C10_777166	9	46388197	46390759	4	-0.7417
OWNED_p_TCGA_b102_105_SNP_N_GenomeWideSNP_6_C10_777166	9	46390914	47217176	10	-0.2856
OWNED_p_TCGA_b102_105_SNP_N_GenomeWideSNP_6_C10_777166	9	65616971	68183978	59	0.0807
OWNED_p_TCGA_b102_105_SNP_N_GenomeWideSNP_6_C10_777166	9	68183981	68188547	9	0.674
OWNED_p_TCGA_b102_105_SNP_N_GenomeWideSNP_6_C10_777166	9	68209916	79554460	6536	0.1531
OWNED_p_TCGA_b102_105_SNP_N_GenomeWideSNP_6_C10_777166	9	79556881	79557273	2	-1.1238
OWNED_p_TCGA_b102_105_SNP_N_GenomeWideSNP_6_C10_777166	9	79558228	106566497	18500	0.1383
OWNED_p_TCGA_b102_105_SNP_N_GenomeWideSNP_6_C10_777166	9	106568696	106569290	2	-2.4319
OWNED_p_TCGA_b102_105_SNP_N_GenomeWideSNP_6_C10_777166	9	106570702	125603080	14575	0.1582
OWNED_p_TCGA_b102_105_SNP_N_GenomeWideSNP_6_C10_777166	9	125603568	125765463	77	-0.1602
OWNED_p_TCGA_b102_105_SNP_N_GenomeWideSNP_6_C10_777166	9	125771078	138012070	7214	0.184
OWNED_p_TCGA_b102_105_SNP_N_GenomeWideSNP_6_C10_777166	9	138012412	138024015	8	-0.5738
OWNED_p_TCGA_b102_105_SNP_N_GenomeWideSNP_6_C10_777166	9	138026327	138139807	86	0.2095
OWNED_p_TCGA_b102_105_SNP_N_GenomeWideSNP_6_C10_777166	9	138139987	138311561	118	-0.2196
OWNED_p_TCGA_b102_105_SNP_N_GenomeWideSNP_6_C10_777166	9	138312021	140942955	924	0.1651
OWNED_p_TCGA_b102_105_SNP_N_GenomeWideSNP_6_C10_777166	9	140948706	141091394	114	-0.1581
OWNED_p_TCGA_b102_105_SNP_N_GenomeWideSNP_6_C10_777166	10	72759	31956923	24664	-0.2479
OWNED_p_TCGA_b102_105_SNP_N_GenomeWideSNP_6_C10_777166	10	31959336	31962571	2	-2.0847
OWNED_p_TCGA_b102_105_SNP_N_GenomeWideSNP_6_C10_777166	10	31962804	37455145	3627	-0.2294
OWNED_p_TCGA_b102_105_SNP_N_GenomeWideSNP_6_C10_777166	10	37461148	37467614	2	1.8391
OWNED_p_TCGA_b102_105_SNP_N_GenomeWideSNP_6_C10_777166	10	37479414	47575364	3333	-0.2381
OWNED_p_TCGA_b102_105_SNP_N_GenomeWideSNP_6_C10_777166	10	47586666	47704621	166	-0.5636
OWNED_p_TCGA_b102_105_SNP_N_GenomeWideSNP_6_C10_777166	10	47704637	54542011	3745	-0.2503
OWNED_p_TCGA_b102_105_SNP_N_GenomeWideSNP_6_C10_777166	10	54542777	54544685	4	-1.9346
OWNED_p_TCGA_b102_105_SNP_N_GenomeWideSNP_6_C10_777166	10	54545049	61105475	4802	-0.2353
OWNED_p_TCGA_b102_105_SNP_N_GenomeWideSNP_6_C10_777166	10	61106387	61106885	3	-1.7386
OWNED_p_TCGA_b102_105_SNP_N_GenomeWideSNP_6_C10_777166	10	61107693	81994177	13676	-0.2211
OWNED_p_TCGA_b102_105_SNP_N_GenomeWideSNP_6_C10_777166	10	81994318	81997078	2	-2.3311
OWNED_p_TCGA_b102_105_SNP_N_GenomeWideSNP_6_C10_777166	10	81997448	89029243	4952	-0.2428
OWNED_p_TCGA_b102_105_SNP_N_GenomeWideSNP_6_C10_777166	10	89038341	89069796	5	0.8669
OWNED_p_TCGA_b102_105_SNP_N_GenomeWideSNP_6_C10_777166	10	89070745	92462715	2485	-0.2087
OWNED_p_TCGA_b102_105_SNP_N_GenomeWideSNP_6_C10_777166	10	92462824	92463291	3	-1.8691
OWNED_p_TCGA_b102_105_SNP_N_GenomeWideSNP_6_C10_777166	10	92471580	109856276	10859	-0.2235
OWNED_p_TCGA_b102_105_SNP_N_GenomeWideSNP_6_C10_777166	10	109856486	109856510	2	-2.4901
OWNED_p_TCGA_b102_105_SNP_N_GenomeWideSNP_6_C10_777166	10	109856750	135506704	18354	-0.249
OWNED_p_TCGA_b102_105_SNP_N_GenomeWideSNP_6_C10_777166	11	198510	4967650	2461	-0.2265
OWNED_p_TCGA_b102_105_SNP_N_GenomeWideSNP_6_C10_777166	11	4968117	4976334	32	-1.3492
OWNED_p_TCGA_b102_105_SNP_N_GenomeWideSNP_6_C10_777166	11	4976371	6947965	1676	-0.2424
OWNED_p_TCGA_b102_105_SNP_N_GenomeWideSNP_6_C10_777166	11	6948046	6948775	2	-2.5235
OWNED_p_TCGA_b102_105_SNP_N_GenomeWideSNP_6_C10_777166	11	6954728	18937632	8530	-0.2087
OWNED_p_TCGA_b102_105_SNP_N_GenomeWideSNP_6_C10_777166	11	18939170	18971413	70	0.239
OWNED_p_TCGA_b102_105_SNP_N_GenomeWideSNP_6_C10_777166	11	18971622	133803239	73162	-0.2304
OWNED_p_TCGA_b102_105_SNP_N_GenomeWideSNP_6_C10_777166	11	133805585	133953067	107	-0.5199
OWNED_p_TCGA_b102_105_SNP_N_GenomeWideSNP_6_C10_777166	11	133953660	134159467	117	-0.2398
OWNED_p_TCGA_b102_105_SNP_N_GenomeWideSNP_6_C10_777166	11	134163401	134164673	3	-1.0508
OWNED_p_TCGA_b102_105_SNP_N_GenomeWideSNP_6_C10_777166	11	134168806	134944770	617	-0.4414
OWNED_p_TCGA_b102_105_SNP_N_GenomeWideSNP_6_C10_777166	12	150442	3427655	2140	-0.2379
OWNED_p_TCGA_b102_105_SNP_N_GenomeWideSNP_6_C10_777166	12	3427738	3428428	2	-2.4495
OWNED_p_TCGA_b102_105_SNP_N_GenomeWideSNP_6_C10_777166	12	3428759	5724610	1964	-0.2469
OWNED_p_TCGA_b102_105_SNP_N_GenomeWideSNP_6_C10_777166	12	5725142	5728434	2	-1.6194
OWNED_p_TCGA_b102_105_SNP_N_GenomeWideSNP_6_C10_777166	12	5730224	19698168	8836	-0.2131
OWNED_p_TCGA_b102_105_SNP_N_GenomeWideSNP_6_C10_777166	12	19698439	19701825	2	-1.8011
OWNED_p_TCGA_b102_105_SNP_N_GenomeWideSNP_6_C10_777166	12	19702342	28094921	6008	-0.2386
OWNED_p_TCGA_b102_105_SNP_N_GenomeWideSNP_6_C10_777166	12	28095493	28097644	11	-0.9731
OWNED_p_TCGA_b102_105_SNP_N_GenomeWideSNP_6_C10_777166	12	28103460	33294660	3829	-0.2312
OWNED_p_TCGA_b102_105_SNP_N_GenomeWideSNP_6_C10_777166	12	33301406	33308360	28	0.1504
OWNED_p_TCGA_b102_105_SNP_N_GenomeWideSNP_6_C10_777166	12	33308387	44034722	4520	-0.2546
OWNED_p_TCGA_b102_105_SNP_N_GenomeWideSNP_6_C10_777166	12	44039647	44080851	30	0.7378
OWNED_p_TCGA_b102_105_SNP_N_GenomeWideSNP_6_C10_777166	12	44090895	45238649	670	0.3807
OWNED_p_TCGA_b102_105_SNP_N_GenomeWideSNP_6_C10_777166	12	45238904	45319058	48	2.6561
OWNED_p_TCGA_b102_105_SNP_N_GenomeWideSNP_6_C10_777166	12	45319123	45552376	126	2.3564
OWNED_p_TCGA_b102_105_SNP_N_GenomeWideSNP_6_C10_777166	12	45553329	45899825	211	1.5523
OWNED_p_TCGA_b102_105_SNP_N_GenomeWideSNP_6_C10_777166	12	45904438	45909537	4	-0.6127
OWNED_p_TCGA_b102_105_SNP_N_GenomeWideSNP_6_C10_777166	12	45913292	47358286	835	1.4812
OWNED_p_TCGA_b102_105_SNP_N_GenomeWideSNP_6_C10_777166	12	47367111	48724820	880	0.4369
OWNED_p_TCGA_b102_105_SNP_N_GenomeWideSNP_6_C10_777166	12	48725019	48730036	6	-0.3255
OWNED_p_TCGA_b102_105_SNP_N_GenomeWideSNP_6_C10_777166	12	48730284	54496166	3216	0.4466
OWNED_p_TCGA_b102_105_SNP_N_GenomeWideSNP_6_C10_777166	12	54499797	60130423	3308	-0.1964
OWNED_p_TCGA_b102_105_SNP_N_GenomeWideSNP_6_C10_777166	12	60135212	61286282	658	0.6264
OWNED_p_TCGA_b102_105_SNP_N_GenomeWideSNP_6_C10_777166	12	61290181	61999786	452	0.3459
OWNED_p_TCGA_b102_105_SNP_N_GenomeWideSNP_6_C10_777166	12	62006001	93487011	19895	-0.226
OWNED_p_TCGA_b102_105_SNP_N_GenomeWideSNP_6_C10_777166	12	93491309	94672306	821	-0.776
OWNED_p_TCGA_b102_105_SNP_N_GenomeWideSNP_6_C10_777166	12	94672903	104941172	6894	-0.235
OWNED_p_TCGA_b102_105_SNP_N_GenomeWideSNP_6_C10_777166	12	104941965	104943405	4	-1.9313
OWNED_p_TCGA_b102_105_SNP_N_GenomeWideSNP_6_C10_777166	12	104943735	114254995	5899	-0.2277
OWNED_p_TCGA_b102_105_SNP_N_GenomeWideSNP_6_C10_777166	12	114255041	114386572	118	-0.5665
OWNED_p_TCGA_b102_105_SNP_N_GenomeWideSNP_6_C10_777166	12	114386639	126994227	8302	-0.2261
OWNED_p_TCGA_b102_105_SNP_N_GenomeWideSNP_6_C10_777166	12	126994913	127004590	8	-1.3347
OWNED_p_TCGA_b102_105_SNP_N_GenomeWideSNP_6_C10_777166	12	127007475	130269577	2951	-0.3212
OWNED_p_TCGA_b102_105_SNP_N_GenomeWideSNP_6_C10_777166	12	130270002	130274591	2	-2.5139
OWNED_p_TCGA_b102_105_SNP_N_GenomeWideSNP_6_C10_777166	12	130275738	130488388	142	-0.3334
OWNED_p_TCGA_b102_105_SNP_N_GenomeWideSNP_6_C10_777166	12	130488634	130920016	390	-0.9694
OWNED_p_TCGA_b102_105_SNP_N_GenomeWideSNP_6_C10_777166	12	130924890	133778189	1538	-0.3084
OWNED_p_TCGA_b102_105_SNP_N_GenomeWideSNP_6_C10_777166	13	19026949	23629187	2889	0.1403
OWNED_p_TCGA_b102_105_SNP_N_GenomeWideSNP_6_C10_777166	13	23629210	23633515	13	-0.5748
OWNED_p_TCGA_b102_105_SNP_N_GenomeWideSNP_6_C10_777166	13	23638195	25185870	1272	0.171
OWNED_p_TCGA_b102_105_SNP_N_GenomeWideSNP_6_C10_777166	13	25187504	25189282	5	-0.7457
OWNED_p_TCGA_b102_105_SNP_N_GenomeWideSNP_6_C10_777166	13	25190170	26256148	697	0.1447
OWNED_p_TCGA_b102_105_SNP_N_GenomeWideSNP_6_C10_777166	13	26260390	26265129	7	-0.4449
OWNED_p_TCGA_b102_105_SNP_N_GenomeWideSNP_6_C10_777166	13	26265422	38075965	8651	0.1547
OWNED_p_TCGA_b102_105_SNP_N_GenomeWideSNP_6_C10_777166	13	38076267	38084757	12	-0.529
OWNED_p_TCGA_b102_105_SNP_N_GenomeWideSNP_6_C10_777166	13	38088330	53094799	9894	0.164
OWNED_p_TCGA_b102_105_SNP_N_GenomeWideSNP_6_C10_777166	13	53097984	53105785	3	-1.0375
OWNED_p_TCGA_b102_105_SNP_N_GenomeWideSNP_6_C10_777166	13	53117879	72461621	11640	0.1244
OWNED_p_TCGA_b102_105_SNP_N_GenomeWideSNP_6_C10_777166	13	72466623	72466643	2	1.346
OWNED_p_TCGA_b102_105_SNP_N_GenomeWideSNP_6_C10_777166	13	72473724	73211838	591	0.1755
OWNED_p_TCGA_b102_105_SNP_N_GenomeWideSNP_6_C10_777166	13	73212563	73213182	2	-0.8667
OWNED_p_TCGA_b102_105_SNP_N_GenomeWideSNP_6_C10_777166	13	73213912	75021897	1331	0.1964
OWNED_p_TCGA_b102_105_SNP_N_GenomeWideSNP_6_C10_777166	13	75022003	75022661	2	-1.5575
OWNED_p_TCGA_b102_105_SNP_N_GenomeWideSNP_6_C10_777166	13	75024613	90424245	9672	0.1202
OWNED_p_TCGA_b102_105_SNP_N_GenomeWideSNP_6_C10_777166	13	90425965	90436231	9	-1.0522
OWNED_p_TCGA_b102_105_SNP_N_GenomeWideSNP_6_C10_777166	13	90436280	90440937	4	-2.2232
OWNED_p_TCGA_b102_105_SNP_N_GenomeWideSNP_6_C10_777166	13	90441099	90501346	45	-0.9801
OWNED_p_TCGA_b102_105_SNP_N_GenomeWideSNP_6_C10_777166	13	90502146	90509005	10	-2.6127
OWNED_p_TCGA_b102_105_SNP_N_GenomeWideSNP_6_C10_777166	13	90509238	90884271	244	-1.0264
OWNED_p_TCGA_b102_105_SNP_N_GenomeWideSNP_6_C10_777166	13	90890621	115108397	17188	0.1416
OWNED_p_TCGA_b102_105_SNP_N_GenomeWideSNP_6_C10_777166	14	19002124	19382344	25	-0.339
OWNED_p_TCGA_b102_105_SNP_N_GenomeWideSNP_6_C10_777166	14	19402242	20422583	164	0.2635
OWNED_p_TCGA_b102_105_SNP_N_GenomeWideSNP_6_C10_777166	14	20423372	41608358	13591	-0.2127
OWNED_p_TCGA_b102_105_SNP_N_GenomeWideSNP_6_C10_777166	14	41610496	41637429	11	-1.9269
OWNED_p_TCGA_b102_105_SNP_N_GenomeWideSNP_6_C10_777166	14	41637815	41653977	2	-7.3048
OWNED_p_TCGA_b102_105_SNP_N_GenomeWideSNP_6_C10_777166	14	41657249	106534144	41140	-0.2295
OWNED_p_TCGA_b102_105_SNP_N_GenomeWideSNP_6_C10_777166	14	106535295	106561441	14	-1.822
OWNED_p_TCGA_b102_105_SNP_N_GenomeWideSNP_6_C10_777166	14	106567100	107285437	418	-0.2595
OWNED_p_TCGA_b102_105_SNP_N_GenomeWideSNP_6_C10_777166	15	20016328	20247155	52	-0.2987
OWNED_p_TCGA_b102_105_SNP_N_GenomeWideSNP_6_C10_777166	15	20262236	20581451	47	0.4892
OWNED_p_TCGA_b102_105_SNP_N_GenomeWideSNP_6_C10_777166	15	20581452	20581564	6	-0.2949
OWNED_p_TCGA_b102_105_SNP_N_GenomeWideSNP_6_C10_777166	15	20585988	22587474	317	0.6295
OWNED_p_TCGA_b102_105_SNP_N_GenomeWideSNP_6_C10_777166	15	22673399	29348559	3966	-0.2639
OWNED_p_TCGA_b102_105_SNP_N_GenomeWideSNP_6_C10_777166	15	29350072	29447049	72	-0.6149
OWNED_p_TCGA_b102_105_SNP_N_GenomeWideSNP_6_C10_777166	15	29449031	30297008	583	-0.2745
OWNED_p_TCGA_b102_105_SNP_N_GenomeWideSNP_6_C10_777166	15	30303775	30305461	2	-3.5785
OWNED_p_TCGA_b102_105_SNP_N_GenomeWideSNP_6_C10_777166	15	30309252	102469040	46823	-0.2168
OWNED_p_TCGA_b102_105_SNP_N_GenomeWideSNP_6_C10_777166	16	60777	6517526	3691	0.0901
OWNED_p_TCGA_b102_105_SNP_N_GenomeWideSNP_6_C10_777166	16	6520153	6649035	164	-0.3084
OWNED_p_TCGA_b102_105_SNP_N_GenomeWideSNP_6_C10_777166	16	6649116	7010776	455	-0.9076
OWNED_p_TCGA_b102_105_SNP_N_GenomeWideSNP_6_C10_777166	16	7012136	7161681	190	-0.5134
OWNED_p_TCGA_b102_105_SNP_N_GenomeWideSNP_6_C10_777166	16	7161948	20613742	9475	0.0541
OWNED_p_TCGA_b102_105_SNP_N_GenomeWideSNP_6_C10_777166	16	20615675	20618004	3	-0.9258
OWNED_p_TCGA_b102_105_SNP_N_GenomeWideSNP_6_C10_777166	16	20618468	54478230	12143	0.1395
OWNED_p_TCGA_b102_105_SNP_N_GenomeWideSNP_6_C10_777166	16	54478383	54478873	2	-1.2856
OWNED_p_TCGA_b102_105_SNP_N_GenomeWideSNP_6_C10_777166	16	54479223	55225083	607	0.1009
OWNED_p_TCGA_b102_105_SNP_N_GenomeWideSNP_6_C10_777166	16	55227539	55227614	2	-1.8245
OWNED_p_TCGA_b102_105_SNP_N_GenomeWideSNP_6_C10_777166	16	55228864	55796594	522	0.1093
OWNED_p_TCGA_b102_105_SNP_N_GenomeWideSNP_6_C10_777166	16	55798222	55798779	3	1.6124
OWNED_p_TCGA_b102_105_SNP_N_GenomeWideSNP_6_C10_777166	16	55804348	60555538	2957	0.1526
OWNED_p_TCGA_b102_105_SNP_N_GenomeWideSNP_6_C10_777166	16	60555708	60571219	8	-0.7379
OWNED_p_TCGA_b102_105_SNP_N_GenomeWideSNP_6_C10_777166	16	60574394	70139542	5800	0.1321
OWNED_p_TCGA_b102_105_SNP_N_GenomeWideSNP_6_C10_777166	16	70151527	70213044	18	-0.5944
OWNED_p_TCGA_b102_105_SNP_N_GenomeWideSNP_6_C10_777166	16	70234536	74384258	2419	0.1669
OWNED_p_TCGA_b102_105_SNP_N_GenomeWideSNP_6_C10_777166	16	74397058	74456601	9	-0.6814
OWNED_p_TCGA_b102_105_SNP_N_GenomeWideSNP_6_C10_777166	16	74465396	78371608	3204	0.125
OWNED_p_TCGA_b102_105_SNP_N_GenomeWideSNP_6_C10_777166	16	78372440	78384765	16	-2.0472
OWNED_p_TCGA_b102_105_SNP_N_GenomeWideSNP_6_C10_777166	16	78385001	83892728	6234	0.1252
OWNED_p_TCGA_b102_105_SNP_N_GenomeWideSNP_6_C10_777166	16	83892766	83895425	4	1.2209
OWNED_p_TCGA_b102_105_SNP_N_GenomeWideSNP_6_C10_777166	16	83896091	90287535	4373	0.1078
OWNED_p_TCGA_b102_105_SNP_N_GenomeWideSNP_6_C10_777166	17	526	16411387	10369	-0.2429
OWNED_p_TCGA_b102_105_SNP_N_GenomeWideSNP_6_C10_777166	17	16412342	16414856	7	-2.8314
OWNED_p_TCGA_b102_105_SNP_N_GenomeWideSNP_6_C10_777166	17	16416420	18319862	1026	-0.2193
OWNED_p_TCGA_b102_105_SNP_N_GenomeWideSNP_6_C10_777166	17	18355392	18453437	26	-1.4554
OWNED_p_TCGA_b102_105_SNP_N_GenomeWideSNP_6_C10_777166	17	18459272	34415479	6876	-0.2338
OWNED_p_TCGA_b102_105_SNP_N_GenomeWideSNP_6_C10_777166	17	34415906	34909439	146	-0.5264
OWNED_p_TCGA_b102_105_SNP_N_GenomeWideSNP_6_C10_777166	17	34910539	43727061	4656	-0.1934
OWNED_p_TCGA_b102_105_SNP_N_GenomeWideSNP_6_C10_777166	17	43728137	44752300	492	-0.4528
OWNED_p_TCGA_b102_105_SNP_N_GenomeWideSNP_6_C10_777166	17	44764994	49540193	2489	-0.2012
OWNED_p_TCGA_b102_105_SNP_N_GenomeWideSNP_6_C10_777166	17	49542177	49542219	2	-2.8947
OWNED_p_TCGA_b102_105_SNP_N_GenomeWideSNP_6_C10_777166	17	49542718	72534967	14738	-0.2132
OWNED_p_TCGA_b102_105_SNP_N_GenomeWideSNP_6_C10_777166	17	72535321	72536009	2	-2.7302
OWNED_p_TCGA_b102_105_SNP_N_GenomeWideSNP_6_C10_777166	17	72536901	81049726	4303	-0.244
OWNED_p_TCGA_b102_105_SNP_N_GenomeWideSNP_6_C10_777166	18	11543	585386	379	-0.2662
OWNED_p_TCGA_b102_105_SNP_N_GenomeWideSNP_6_C10_777166	18	585462	586700	3	-2.1656
OWNED_p_TCGA_b102_105_SNP_N_GenomeWideSNP_6_C10_777166	18	587290	5960388	3823	-0.214
OWNED_p_TCGA_b102_105_SNP_N_GenomeWideSNP_6_C10_777166	18	5960494	5980877	30	-0.689
OWNED_p_TCGA_b102_105_SNP_N_GenomeWideSNP_6_C10_777166	18	5981158	21923635	7960	-0.2325
OWNED_p_TCGA_b102_105_SNP_N_GenomeWideSNP_6_C10_777166	18	21924658	21926162	4	-2.2551
OWNED_p_TCGA_b102_105_SNP_N_GenomeWideSNP_6_C10_777166	18	21926801	40056657	11783	-0.2375
OWNED_p_TCGA_b102_105_SNP_N_GenomeWideSNP_6_C10_777166	18	40056672	40058395	22	-0.8952
OWNED_p_TCGA_b102_105_SNP_N_GenomeWideSNP_6_C10_777166	18	40060937	51204135	7638	-0.2366
OWNED_p_TCGA_b102_105_SNP_N_GenomeWideSNP_6_C10_777166	18	51207209	51209577	4	-1.2673
OWNED_p_TCGA_b102_105_SNP_N_GenomeWideSNP_6_C10_777166	18	51210640	77333593	18588	-0.247
OWNED_p_TCGA_b102_105_SNP_N_GenomeWideSNP_6_C10_777166	18	77340427	77346682	4	-1.6724
OWNED_p_TCGA_b102_105_SNP_N_GenomeWideSNP_6_C10_777166	18	77348288	78015057	344	-0.3601
OWNED_p_TCGA_b102_105_SNP_N_GenomeWideSNP_6_C10_777166	19	90910	114299	3	0.3872
OWNED_p_TCGA_b102_105_SNP_N_GenomeWideSNP_6_C10_777166	19	232496	415625	81	-0.258
OWNED_p_TCGA_b102_105_SNP_N_GenomeWideSNP_6_C10_777166	19	416231	422238	6	-1.502
OWNED_p_TCGA_b102_105_SNP_N_GenomeWideSNP_6_C10_777166	19	437821	27765988	11114	-0.2105
OWNED_p_TCGA_b102_105_SNP_N_GenomeWideSNP_6_C10_777166	19	27777386	36830311	6011	0.1605
OWNED_p_TCGA_b102_105_SNP_N_GenomeWideSNP_6_C10_777166	19	36845875	36847498	11	-1.0684
OWNED_p_TCGA_b102_105_SNP_N_GenomeWideSNP_6_C10_777166	19	36847637	55323249	9727	0.1656
OWNED_p_TCGA_b102_105_SNP_N_GenomeWideSNP_6_C10_777166	19	55324041	55373818	23	-0.6829
OWNED_p_TCGA_b102_105_SNP_N_GenomeWideSNP_6_C10_777166	19	55378008	59097854	2286	0.15
OWNED_p_TCGA_b102_105_SNP_N_GenomeWideSNP_6_C10_777166	20	61305	61548	8	0.0417
OWNED_p_TCGA_b102_105_SNP_N_GenomeWideSNP_6_C10_777166	20	61582	1547044	1164	0.4429
OWNED_p_TCGA_b102_105_SNP_N_GenomeWideSNP_6_C10_777166	20	1547534	1550334	6	-0.2903
OWNED_p_TCGA_b102_105_SNP_N_GenomeWideSNP_6_C10_777166	20	1552116	1571903	49	0.6282
OWNED_p_TCGA_b102_105_SNP_N_GenomeWideSNP_6_C10_777166	20	1572135	1582092	12	1.2681
OWNED_p_TCGA_b102_105_SNP_N_GenomeWideSNP_6_C10_777166	20	1582207	20063108	14600	0.4641
OWNED_p_TCGA_b102_105_SNP_N_GenomeWideSNP_6_C10_777166	20	20063122	20065823	4	1.3021
OWNED_p_TCGA_b102_105_SNP_N_GenomeWideSNP_6_C10_777166	20	20067279	41470955	11238	0.4566
OWNED_p_TCGA_b102_105_SNP_N_GenomeWideSNP_6_C10_777166	20	41471869	41483611	19	-0.2188
OWNED_p_TCGA_b102_105_SNP_N_GenomeWideSNP_6_C10_777166	20	41486255	48782534	4955	0.7075
OWNED_p_TCGA_b102_105_SNP_N_GenomeWideSNP_6_C10_777166	20	48791719	48792793	2	-0.7374
OWNED_p_TCGA_b102_105_SNP_N_GenomeWideSNP_6_C10_777166	20	48794917	52657717	2915	0.7078
OWNED_p_TCGA_b102_105_SNP_N_GenomeWideSNP_6_C10_777166	20	52658073	52658164	2	-0.5745
OWNED_p_TCGA_b102_105_SNP_N_GenomeWideSNP_6_C10_777166	20	52658519	62956153	7460	0.6948
OWNED_p_TCGA_b102_105_SNP_N_GenomeWideSNP_6_C10_777166	21	10736871	10869911	7	-0.5723
OWNED_p_TCGA_b102_105_SNP_N_GenomeWideSNP_6_C10_777166	21	10871085	10953424	29	-1.003
OWNED_p_TCGA_b102_105_SNP_N_GenomeWideSNP_6_C10_777166	21	10954126	11157989	70	-0.5435
OWNED_p_TCGA_b102_105_SNP_N_GenomeWideSNP_6_C10_777166	21	11158289	14446712	23	-0.0022
OWNED_p_TCGA_b102_105_SNP_N_GenomeWideSNP_6_C10_777166	21	14452862	14541369	17	-0.8327
OWNED_p_TCGA_b102_105_SNP_N_GenomeWideSNP_6_C10_777166	21	14549965	18821468	2657	-0.2245
OWNED_p_TCGA_b102_105_SNP_N_GenomeWideSNP_6_C10_777166	21	18821898	18821964	2	-1.5617
OWNED_p_TCGA_b102_105_SNP_N_GenomeWideSNP_6_C10_777166	21	18822174	20056087	900	-0.2125
OWNED_p_TCGA_b102_105_SNP_N_GenomeWideSNP_6_C10_777166	21	20057678	20080934	27	0.537
OWNED_p_TCGA_b102_105_SNP_N_GenomeWideSNP_6_C10_777166	21	20081875	29380793	7101	-0.256
OWNED_p_TCGA_b102_105_SNP_N_GenomeWideSNP_6_C10_777166	21	29382529	29382532	2	-1.8392
OWNED_p_TCGA_b102_105_SNP_N_GenomeWideSNP_6_C10_777166	21	29384787	48096957	13468	-0.2332
OWNED_p_TCGA_b102_105_SNP_N_GenomeWideSNP_6_C10_777166	22	16052528	22381834	3142	-0.3164
OWNED_p_TCGA_b102_105_SNP_N_GenomeWideSNP_6_C10_777166	22	22382108	22382344	6	0.5286
OWNED_p_TCGA_b102_105_SNP_N_GenomeWideSNP_6_C10_777166	22	22386434	22503269	211	-0.2214
OWNED_p_TCGA_b102_105_SNP_N_GenomeWideSNP_6_C10_777166	22	22503341	22504045	7	1.2512
OWNED_p_TCGA_b102_105_SNP_N_GenomeWideSNP_6_C10_777166	22	22504510	27338123	3678	-0.2805
OWNED_p_TCGA_b102_105_SNP_N_GenomeWideSNP_6_C10_777166	22	27338819	27338951	2	-2.0116
OWNED_p_TCGA_b102_105_SNP_N_GenomeWideSNP_6_C10_777166	22	27339184	28156018	926	-0.2857
OWNED_p_TCGA_b102_105_SNP_N_GenomeWideSNP_6_C10_777166	22	28158649	28159311	2	-3.6356
OWNED_p_TCGA_b102_105_SNP_N_GenomeWideSNP_6_C10_777166	22	28159672	33845831	3547	-0.188
OWNED_p_TCGA_b102_105_SNP_N_GenomeWideSNP_6_C10_777166	22	33847286	33848010	2	-2.2233
OWNED_p_TCGA_b102_105_SNP_N_GenomeWideSNP_6_C10_777166	22	33853022	40793260	4611	-0.2161
OWNED_p_TCGA_b102_105_SNP_N_GenomeWideSNP_6_C10_777166	22	40794590	40794820	2	-2.4648
OWNED_p_TCGA_b102_105_SNP_N_GenomeWideSNP_6_C10_777166	22	40797672	51234455	7279	-0.2566
OWNED_p_TCGA_b102_105_SNP_N_GenomeWideSNP_6_C10_777166	X	168477	12433161	7375	-0.0076
OWNED_p_TCGA_b102_105_SNP_N_GenomeWideSNP_6_C10_777166	X	12434756	12434769	2	-1.4606
OWNED_p_TCGA_b102_105_SNP_N_GenomeWideSNP_6_C10_777166	X	12437786	55700933	24889	0.009
OWNED_p_TCGA_b102_105_SNP_N_GenomeWideSNP_6_C10_777166	X	55701259	55707686	5	-1.0057
OWNED_p_TCGA_b102_105_SNP_N_GenomeWideSNP_6_C10_777166	X	55714337	76131905	7693	-0.0233
OWNED_p_TCGA_b102_105_SNP_N_GenomeWideSNP_6_C10_777166	X	76132173	76144681	33	-1.5658
OWNED_p_TCGA_b102_105_SNP_N_GenomeWideSNP_6_C10_777166	X	76151068	76349873	91	-0.0695
OWNED_p_TCGA_b102_105_SNP_N_GenomeWideSNP_6_C10_777166	X	76353650	76523952	18	-0.7751
OWNED_p_TCGA_b102_105_SNP_N_GenomeWideSNP_6_C10_777166	X	76545159	78775916	887	-0.0688
OWNED_p_TCGA_b102_105_SNP_N_GenomeWideSNP_6_C10_777166	X	78778453	78779788	3	1.1126
OWNED_p_TCGA_b102_105_SNP_N_GenomeWideSNP_6_C10_777166	X	78784489	79098202	229	5e-04
OWNED_p_TCGA_b102_105_SNP_N_GenomeWideSNP_6_C10_777166	X	79099841	79104200	27	-0.5486
OWNED_p_TCGA_b102_105_SNP_N_GenomeWideSNP_6_C10_777166	X	79104504	116510629	20310	0.0118
OWNED_p_TCGA_b102_105_SNP_N_GenomeWideSNP_6_C10_777166	X	116514029	116514084	2	1.8514
OWNED_p_TCGA_b102_105_SNP_N_GenomeWideSNP_6_C10_777166	X	116514104	148809508	19604	0.0885
OWNED_p_TCGA_b102_105_SNP_N_GenomeWideSNP_6_C10_777166	X	148820546	148884908	9	-0.5071
OWNED_p_TCGA_b102_105_SNP_N_GenomeWideSNP_6_C10_777166	X	148885270	153562458	2647	0.1169
OWNED_p_TCGA_b102_105_SNP_N_GenomeWideSNP_6_C10_777166	X	153562778	153610281	57	-0.395
OWNED_p_TCGA_b102_105_SNP_N_GenomeWideSNP_6_C10_777166	X	153610726	154909159	528	0.1625
OWNED_p_TCGA_b102_105_SNP_N_GenomeWideSNP_6_C10_777166	X	154910730	155182354	36	-0.115
OWNED_p_TCGA_b102_105_SNP_N_GenomeWideSNP_6_C10_777166	Y	2650438	2912181	133	-2.615
OWNED_p_TCGA_b102_105_SNP_N_GenomeWideSNP_6_C10_777166	Y	2915500	6101425	736	-1.9915
OWNED_p_TCGA_b102_105_SNP_N_GenomeWideSNP_6_C10_777166	Y	6107901	6281935	78	-3.6256
OWNED_p_TCGA_b102_105_SNP_N_GenomeWideSNP_6_C10_777166	Y	6282097	7445239	503	-2.5487
OWNED_p_TCGA_b102_105_SNP_N_GenomeWideSNP_6_C10_777166	Y	7446090	9759564	1174	-2.8472
OWNED_p_TCGA_b102_105_SNP_N_GenomeWideSNP_6_C10_777166	Y	9774614	15590276	950	-2.5799
OWNED_p_TCGA_b102_105_SNP_N_GenomeWideSNP_6_C10_777166	Y	15590342	15594523	3	-7.561
OWNED_p_TCGA_b102_105_SNP_N_GenomeWideSNP_6_C10_777166	Y	15594889	19570632	2081	-2.6958
OWNED_p_TCGA_b102_105_SNP_N_GenomeWideSNP_6_C10_777166	Y	19571480	21088297	705	-3.2454
OWNED_p_TCGA_b102_105_SNP_N_GenomeWideSNP_6_C10_777166	Y	21088485	23653771	978	-2.7873
OWNED_p_TCGA_b102_105_SNP_N_GenomeWideSNP_6_C10_777166	Y	23683731	23690350	2	-8.9658
OWNED_p_TCGA_b102_105_SNP_N_GenomeWideSNP_6_C10_777166	Y	23715701	24515802	264	-2.9198
OWNED_p_TCGA_b102_105_SNP_N_GenomeWideSNP_6_C10_777166	Y	24516081	26190025	314	-3.2936
OWNED_p_TCGA_b102_105_SNP_N_GenomeWideSNP_6_C10_777166	Y	26193050	26517533	90	-2.6668
OWNED_p_TCGA_b102_105_SNP_N_GenomeWideSNP_6_C10_777166	Y	26526212	27240184	86	-3.7136
OWNED_p_TCGA_b102_105_SNP_N_GenomeWideSNP_6_C10_777166	Y	27254679	27720551	98	-2.6371
OWNED_p_TCGA_b102_105_SNP_N_GenomeWideSNP_6_C10_777166	Y	27721084	28423938	251	-3.2807
OWNED_p_TCGA_b102_105_SNP_N_GenomeWideSNP_6_C10_777166	Y	28438116	59018259	183	-2.4536
