Sample	Chromosome	Start	End	Num_Probes	Segment_Mean
FOXED_p_TCGA_b122_128_SNP_N_GenomeWideSNP_6_D08_781792	1	61735	82315	10	-0.0815
FOXED_p_TCGA_b122_128_SNP_N_GenomeWideSNP_6_D08_781792	1	82650	98588	6	-1.0817
FOXED_p_TCGA_b122_128_SNP_N_GenomeWideSNP_6_D08_781792	1	98602	1453602	192	-0.1761
FOXED_p_TCGA_b122_128_SNP_N_GenomeWideSNP_6_D08_781792	1	1462766	1510801	18	0.5072
FOXED_p_TCGA_b122_128_SNP_N_GenomeWideSNP_6_D08_781792	1	1627918	9820103	4715	-0.1914
FOXED_p_TCGA_b122_128_SNP_N_GenomeWideSNP_6_D08_781792	1	9825989	10224693	164	0.1942
FOXED_p_TCGA_b122_128_SNP_N_GenomeWideSNP_6_D08_781792	1	10228014	12892508	1453	-0.1671
FOXED_p_TCGA_b122_128_SNP_N_GenomeWideSNP_6_D08_781792	1	12909977	12927107	7	-0.9072
FOXED_p_TCGA_b122_128_SNP_N_GenomeWideSNP_6_D08_781792	1	12927856	16149915	1851	-0.1779
FOXED_p_TCGA_b122_128_SNP_N_GenomeWideSNP_6_D08_781792	1	16153497	16154201	7	0.5253
FOXED_p_TCGA_b122_128_SNP_N_GenomeWideSNP_6_D08_781792	1	16154239	17005776	347	-0.1765
FOXED_p_TCGA_b122_128_SNP_N_GenomeWideSNP_6_D08_781792	1	17005978	17012785	14	0.4968
FOXED_p_TCGA_b122_128_SNP_N_GenomeWideSNP_6_D08_781792	1	17016177	17258139	92	0.0692
FOXED_p_TCGA_b122_128_SNP_N_GenomeWideSNP_6_D08_781792	1	17258501	25583341	5287	-0.168
FOXED_p_TCGA_b122_128_SNP_N_GenomeWideSNP_6_D08_781792	1	25593128	25662005	30	0.5035
FOXED_p_TCGA_b122_128_SNP_N_GenomeWideSNP_6_D08_781792	1	25662212	52521018	14515	-0.1635
FOXED_p_TCGA_b122_128_SNP_N_GenomeWideSNP_6_D08_781792	1	52530933	52630964	40	0.2079
FOXED_p_TCGA_b122_128_SNP_N_GenomeWideSNP_6_D08_781792	1	52636505	62284491	7030	-0.1466
FOXED_p_TCGA_b122_128_SNP_N_GenomeWideSNP_6_D08_781792	1	62284504	62391060	71	0.294
FOXED_p_TCGA_b122_128_SNP_N_GenomeWideSNP_6_D08_781792	1	62391234	72759212	7191	-0.1444
FOXED_p_TCGA_b122_128_SNP_N_GenomeWideSNP_6_D08_781792	1	72759509	72811904	54	0.1986
FOXED_p_TCGA_b122_128_SNP_N_GenomeWideSNP_6_D08_781792	1	72812440	110232974	23728	-0.1478
FOXED_p_TCGA_b122_128_SNP_N_GenomeWideSNP_6_D08_781792	1	110233037	110242953	17	-0.8593
FOXED_p_TCGA_b122_128_SNP_N_GenomeWideSNP_6_D08_781792	1	110244998	112690326	1958	-0.1633
FOXED_p_TCGA_b122_128_SNP_N_GenomeWideSNP_6_D08_781792	1	112695965	112697390	25	0.3033
FOXED_p_TCGA_b122_128_SNP_N_GenomeWideSNP_6_D08_781792	1	112705956	114480431	1047	-0.1572
FOXED_p_TCGA_b122_128_SNP_N_GenomeWideSNP_6_D08_781792	1	114481754	114587054	68	0.2153
FOXED_p_TCGA_b122_128_SNP_N_GenomeWideSNP_6_D08_781792	1	114587382	116718367	1464	-0.1523
FOXED_p_TCGA_b122_128_SNP_N_GenomeWideSNP_6_D08_781792	1	116718849	116721363	3	-1.5783
FOXED_p_TCGA_b122_128_SNP_N_GenomeWideSNP_6_D08_781792	1	116721898	144015957	2618	-0.139
FOXED_p_TCGA_b122_128_SNP_N_GenomeWideSNP_6_D08_781792	1	144016011	144542773	35	0.1698
FOXED_p_TCGA_b122_128_SNP_N_GenomeWideSNP_6_D08_781792	1	144545755	144887459	33	-0.1693
FOXED_p_TCGA_b122_128_SNP_N_GenomeWideSNP_6_D08_781792	1	144887753	145173084	155	0.113
FOXED_p_TCGA_b122_128_SNP_N_GenomeWideSNP_6_D08_781792	1	145173140	145382124	42	-0.1282
FOXED_p_TCGA_b122_128_SNP_N_GenomeWideSNP_6_D08_781792	1	145390114	152555706	2579	0.1787
FOXED_p_TCGA_b122_128_SNP_N_GenomeWideSNP_6_D08_781792	1	152555767	152586238	30	-1.8148
FOXED_p_TCGA_b122_128_SNP_N_GenomeWideSNP_6_D08_781792	1	152586278	152586594	4	-0.6224
FOXED_p_TCGA_b122_128_SNP_N_GenomeWideSNP_6_D08_781792	1	152590494	152763069	191	0.1792
FOXED_p_TCGA_b122_128_SNP_N_GenomeWideSNP_6_D08_781792	1	152767467	152768700	17	0.8525
FOXED_p_TCGA_b122_128_SNP_N_GenomeWideSNP_6_D08_781792	1	152773905	173036104	13957	0.183
FOXED_p_TCGA_b122_128_SNP_N_GenomeWideSNP_6_D08_781792	1	173036668	173205506	104	0.4448
FOXED_p_TCGA_b122_128_SNP_N_GenomeWideSNP_6_D08_781792	1	173206030	187715854	9527	0.1837
FOXED_p_TCGA_b122_128_SNP_N_GenomeWideSNP_6_D08_781792	1	187717560	187721369	2	-2.493
FOXED_p_TCGA_b122_128_SNP_N_GenomeWideSNP_6_D08_781792	1	187724610	196709446	5978	0.1652
FOXED_p_TCGA_b122_128_SNP_N_GenomeWideSNP_6_D08_781792	1	196709760	196791043	75	0.5939
FOXED_p_TCGA_b122_128_SNP_N_GenomeWideSNP_6_D08_781792	1	196798565	196798664	3	-0.2726
FOXED_p_TCGA_b122_128_SNP_N_GenomeWideSNP_6_D08_781792	1	196798705	196801655	14	0.5923
FOXED_p_TCGA_b122_128_SNP_N_GenomeWideSNP_6_D08_781792	1	196801784	199107702	1389	0.1724
FOXED_p_TCGA_b122_128_SNP_N_GenomeWideSNP_6_D08_781792	1	199111363	199113840	9	-0.4244
FOXED_p_TCGA_b122_128_SNP_N_GenomeWideSNP_6_D08_781792	1	199114238	205191667	4201	0.1732
FOXED_p_TCGA_b122_128_SNP_N_GenomeWideSNP_6_D08_781792	1	205204256	205281255	54	-0.4167
FOXED_p_TCGA_b122_128_SNP_N_GenomeWideSNP_6_D08_781792	1	205287803	243047556	26472	0.1826
FOXED_p_TCGA_b122_128_SNP_N_GenomeWideSNP_6_D08_781792	1	243048740	243059763	38	-0.1167
FOXED_p_TCGA_b122_128_SNP_N_GenomeWideSNP_6_D08_781792	1	243059774	248713868	3636	0.1868
FOXED_p_TCGA_b122_128_SNP_N_GenomeWideSNP_6_D08_781792	1	248713991	248797213	37	0.4712
FOXED_p_TCGA_b122_128_SNP_N_GenomeWideSNP_6_D08_781792	1	248805339	249224388	145	0.1154
FOXED_p_TCGA_b122_128_SNP_N_GenomeWideSNP_6_D08_781792	2	12784	416815	254	0.2853
FOXED_p_TCGA_b122_128_SNP_N_GenomeWideSNP_6_D08_781792	2	419457	419464	2	-1.4093
FOXED_p_TCGA_b122_128_SNP_N_GenomeWideSNP_6_D08_781792	2	419848	3728561	2316	0.28
FOXED_p_TCGA_b122_128_SNP_N_GenomeWideSNP_6_D08_781792	2	3732546	3736538	5	-1.1219
FOXED_p_TCGA_b122_128_SNP_N_GenomeWideSNP_6_D08_781792	2	3742071	34691069	21546	0.3104
FOXED_p_TCGA_b122_128_SNP_N_GenomeWideSNP_6_D08_781792	2	34699315	34701735	6	-2.9012
FOXED_p_TCGA_b122_128_SNP_N_GenomeWideSNP_6_D08_781792	2	34708632	34722590	27	-1.5209
FOXED_p_TCGA_b122_128_SNP_N_GenomeWideSNP_6_D08_781792	2	34723027	34737057	13	-2.8803
FOXED_p_TCGA_b122_128_SNP_N_GenomeWideSNP_6_D08_781792	2	34737163	52739040	13049	0.3135
FOXED_p_TCGA_b122_128_SNP_N_GenomeWideSNP_6_D08_781792	2	52739102	52754561	9	-0.3698
FOXED_p_TCGA_b122_128_SNP_N_GenomeWideSNP_6_D08_781792	2	52754728	52754881	3	-1.7756
FOXED_p_TCGA_b122_128_SNP_N_GenomeWideSNP_6_D08_781792	2	52758753	52781504	31	-0.2039
FOXED_p_TCGA_b122_128_SNP_N_GenomeWideSNP_6_D08_781792	2	52781522	78241555	16523	0.3072
FOXED_p_TCGA_b122_128_SNP_N_GenomeWideSNP_6_D08_781792	2	78242856	87128201	5501	0.0097
FOXED_p_TCGA_b122_128_SNP_N_GenomeWideSNP_6_D08_781792	2	87129203	87137385	2	-1.9388
FOXED_p_TCGA_b122_128_SNP_N_GenomeWideSNP_6_D08_781792	2	87161853	98118212	2076	0.0041
FOXED_p_TCGA_b122_128_SNP_N_GenomeWideSNP_6_D08_781792	2	98140747	98161710	8	-0.9466
FOXED_p_TCGA_b122_128_SNP_N_GenomeWideSNP_6_D08_781792	2	98162189	146862085	29558	0.0141
FOXED_p_TCGA_b122_128_SNP_N_GenomeWideSNP_6_D08_781792	2	146864404	146866934	24	0.8422
FOXED_p_TCGA_b122_128_SNP_N_GenomeWideSNP_6_D08_781792	2	146877806	153796068	4208	0.0219
FOXED_p_TCGA_b122_128_SNP_N_GenomeWideSNP_6_D08_781792	2	153796770	153796784	2	-2.1201
FOXED_p_TCGA_b122_128_SNP_N_GenomeWideSNP_6_D08_781792	2	153800569	155692796	1166	0.0019
FOXED_p_TCGA_b122_128_SNP_N_GenomeWideSNP_6_D08_781792	2	155694839	155695054	2	-1.0188
FOXED_p_TCGA_b122_128_SNP_N_GenomeWideSNP_6_D08_781792	2	155695054	213181322	34704	0.0316
FOXED_p_TCGA_b122_128_SNP_N_GenomeWideSNP_6_D08_781792	2	213186549	213191812	24	-0.843
FOXED_p_TCGA_b122_128_SNP_N_GenomeWideSNP_6_D08_781792	2	213191825	215711631	1616	0.0128
FOXED_p_TCGA_b122_128_SNP_N_GenomeWideSNP_6_D08_781792	2	215715707	215716169	2	-1.4155
FOXED_p_TCGA_b122_128_SNP_N_GenomeWideSNP_6_D08_781792	2	215716232	243089456	17468	0.0169
FOXED_p_TCGA_b122_128_SNP_N_GenomeWideSNP_6_D08_781792	3	60345	1781803	1553	0.0136
FOXED_p_TCGA_b122_128_SNP_N_GenomeWideSNP_6_D08_781792	3	1782524	1787581	6	-1.2707
FOXED_p_TCGA_b122_128_SNP_N_GenomeWideSNP_6_D08_781792	3	1789158	6646543	4287	0.0179
FOXED_p_TCGA_b122_128_SNP_N_GenomeWideSNP_6_D08_781792	3	6651128	6653332	23	-0.7095
FOXED_p_TCGA_b122_128_SNP_N_GenomeWideSNP_6_D08_781792	3	6655078	68746164	42018	0.0266
FOXED_p_TCGA_b122_128_SNP_N_GenomeWideSNP_6_D08_781792	3	68746259	68747413	14	-1.3322
FOXED_p_TCGA_b122_128_SNP_N_GenomeWideSNP_6_D08_781792	3	68748758	89387101	12666	0.026
FOXED_p_TCGA_b122_128_SNP_N_GenomeWideSNP_6_D08_781792	3	89394592	89419381	51	-0.7184
FOXED_p_TCGA_b122_128_SNP_N_GenomeWideSNP_6_D08_781792	3	89419921	98944632	3252	0.0258
FOXED_p_TCGA_b122_128_SNP_N_GenomeWideSNP_6_D08_781792	3	98944763	98949314	30	0.3581
FOXED_p_TCGA_b122_128_SNP_N_GenomeWideSNP_6_D08_781792	3	98949421	102093212	1769	0.0237
FOXED_p_TCGA_b122_128_SNP_N_GenomeWideSNP_6_D08_781792	3	102100781	102173174	31	0.3367
FOXED_p_TCGA_b122_128_SNP_N_GenomeWideSNP_6_D08_781792	3	102176125	145598378	26868	0.0251
FOXED_p_TCGA_b122_128_SNP_N_GenomeWideSNP_6_D08_781792	3	145599439	145641922	48	0.3641
FOXED_p_TCGA_b122_128_SNP_N_GenomeWideSNP_6_D08_781792	3	145641934	145642511	4	0.8525
FOXED_p_TCGA_b122_128_SNP_N_GenomeWideSNP_6_D08_781792	3	145644166	162512739	10398	0.0327
FOXED_p_TCGA_b122_128_SNP_N_GenomeWideSNP_6_D08_781792	3	162513092	162524858	10	-0.5845
FOXED_p_TCGA_b122_128_SNP_N_GenomeWideSNP_6_D08_781792	3	162528630	162540490	10	0.2252
FOXED_p_TCGA_b122_128_SNP_N_GenomeWideSNP_6_D08_781792	3	162545716	162623881	45	-0.4431
FOXED_p_TCGA_b122_128_SNP_N_GenomeWideSNP_6_D08_781792	3	162623897	189360754	16699	0.0317
FOXED_p_TCGA_b122_128_SNP_N_GenomeWideSNP_6_D08_781792	3	189363678	189364638	11	-0.732
FOXED_p_TCGA_b122_128_SNP_N_GenomeWideSNP_6_D08_781792	3	189370988	192877962	2500	0.027
FOXED_p_TCGA_b122_128_SNP_N_GenomeWideSNP_6_D08_781792	3	192878045	192879006	5	0.8461
FOXED_p_TCGA_b122_128_SNP_N_GenomeWideSNP_6_D08_781792	3	192880473	194634588	1174	0.0342
FOXED_p_TCGA_b122_128_SNP_N_GenomeWideSNP_6_D08_781792	3	194641316	194641845	5	-0.7411
FOXED_p_TCGA_b122_128_SNP_N_GenomeWideSNP_6_D08_781792	3	194642480	195279210	318	0.0054
FOXED_p_TCGA_b122_128_SNP_N_GenomeWideSNP_6_D08_781792	3	195284382	195474763	50	-0.2855
FOXED_p_TCGA_b122_128_SNP_N_GenomeWideSNP_6_D08_781792	3	195478694	197838578	1154	0.0207
FOXED_p_TCGA_b122_128_SNP_N_GenomeWideSNP_6_D08_781792	3	197845216	197851225	12	-0.5071
FOXED_p_TCGA_b122_128_SNP_N_GenomeWideSNP_6_D08_781792	3	197851471	197896118	8	0.3037
FOXED_p_TCGA_b122_128_SNP_N_GenomeWideSNP_6_D08_781792	4	12281	65761	56	-0.46
FOXED_p_TCGA_b122_128_SNP_N_GenomeWideSNP_6_D08_781792	4	65978	5165055	2457	-0.0059
FOXED_p_TCGA_b122_128_SNP_N_GenomeWideSNP_6_D08_781792	4	5165075	5179702	11	-0.6909
FOXED_p_TCGA_b122_128_SNP_N_GenomeWideSNP_6_D08_781792	4	5181189	9456977	2726	0.0114
FOXED_p_TCGA_b122_128_SNP_N_GenomeWideSNP_6_D08_781792	4	9461230	9464972	3	1.2233
FOXED_p_TCGA_b122_128_SNP_N_GenomeWideSNP_6_D08_781792	4	9470734	10210390	552	9e-04
FOXED_p_TCGA_b122_128_SNP_N_GenomeWideSNP_6_D08_781792	4	10223416	10231498	28	-1.6976
FOXED_p_TCGA_b122_128_SNP_N_GenomeWideSNP_6_D08_781792	4	10234214	34779004	17001	0.0204
FOXED_p_TCGA_b122_128_SNP_N_GenomeWideSNP_6_D08_781792	4	34779025	34824725	41	0.5564
FOXED_p_TCGA_b122_128_SNP_N_GenomeWideSNP_6_D08_781792	4	34829872	64693940	16596	0.0195
FOXED_p_TCGA_b122_128_SNP_N_GenomeWideSNP_6_D08_781792	4	64697469	64707581	22	-0.5233
FOXED_p_TCGA_b122_128_SNP_N_GenomeWideSNP_6_D08_781792	4	64707605	64708258	7	-1.7383
FOXED_p_TCGA_b122_128_SNP_N_GenomeWideSNP_6_D08_781792	4	64716431	69261064	2863	0.0159
FOXED_p_TCGA_b122_128_SNP_N_GenomeWideSNP_6_D08_781792	4	69282205	69372003	21	-0.3594
FOXED_p_TCGA_b122_128_SNP_N_GenomeWideSNP_6_D08_781792	4	69374941	69505115	67	0.4833
FOXED_p_TCGA_b122_128_SNP_N_GenomeWideSNP_6_D08_781792	4	69506334	108051500	23304	0.0337
FOXED_p_TCGA_b122_128_SNP_N_GenomeWideSNP_6_D08_781792	4	108065751	108076533	38	-1.8519
FOXED_p_TCGA_b122_128_SNP_N_GenomeWideSNP_6_D08_781792	4	108077434	112212206	2482	0.0222
FOXED_p_TCGA_b122_128_SNP_N_GenomeWideSNP_6_D08_781792	4	112212842	112216801	2	-1.381
FOXED_p_TCGA_b122_128_SNP_N_GenomeWideSNP_6_D08_781792	4	112217810	115173700	1932	0.0282
FOXED_p_TCGA_b122_128_SNP_N_GenomeWideSNP_6_D08_781792	4	115175323	115188309	33	0.3534
FOXED_p_TCGA_b122_128_SNP_N_GenomeWideSNP_6_D08_781792	4	115188501	115507624	216	0.0593
FOXED_p_TCGA_b122_128_SNP_N_GenomeWideSNP_6_D08_781792	4	115508166	115510454	3	-1.9947
FOXED_p_TCGA_b122_128_SNP_N_GenomeWideSNP_6_D08_781792	4	115514426	122281973	4124	0.0322
FOXED_p_TCGA_b122_128_SNP_N_GenomeWideSNP_6_D08_781792	4	122282468	122285135	28	-0.292
FOXED_p_TCGA_b122_128_SNP_N_GenomeWideSNP_6_D08_781792	4	122291131	125459405	1733	0.0459
FOXED_p_TCGA_b122_128_SNP_N_GenomeWideSNP_6_D08_781792	4	125460351	125462935	3	-1.1587
FOXED_p_TCGA_b122_128_SNP_N_GenomeWideSNP_6_D08_781792	4	125463025	134980079	5433	0.0239
FOXED_p_TCGA_b122_128_SNP_N_GenomeWideSNP_6_D08_781792	4	134983921	135292720	154	-1.7284
FOXED_p_TCGA_b122_128_SNP_N_GenomeWideSNP_6_D08_781792	4	135292943	170844144	22081	0.0287
FOXED_p_TCGA_b122_128_SNP_N_GenomeWideSNP_6_D08_781792	4	170844480	170847041	4	-1.3413
FOXED_p_TCGA_b122_128_SNP_N_GenomeWideSNP_6_D08_781792	4	170847532	172369346	970	0.0247
FOXED_p_TCGA_b122_128_SNP_N_GenomeWideSNP_6_D08_781792	4	172374884	172377710	10	0.7864
FOXED_p_TCGA_b122_128_SNP_N_GenomeWideSNP_6_D08_781792	4	172377724	172381510	7	-0.3198
FOXED_p_TCGA_b122_128_SNP_N_GenomeWideSNP_6_D08_781792	4	172381953	172987928	390	-0.0015
FOXED_p_TCGA_b122_128_SNP_N_GenomeWideSNP_6_D08_781792	4	172989148	172989224	3	-0.7453
FOXED_p_TCGA_b122_128_SNP_N_GenomeWideSNP_6_D08_781792	4	172989300	172989533	9	-1.7083
FOXED_p_TCGA_b122_128_SNP_N_GenomeWideSNP_6_D08_781792	4	172995979	191027923	12131	0.0123
FOXED_p_TCGA_b122_128_SNP_N_GenomeWideSNP_6_D08_781792	5	15532	773568	336	-0.1839
FOXED_p_TCGA_b122_128_SNP_N_GenomeWideSNP_6_D08_781792	5	779860	833628	29	-0.6473
FOXED_p_TCGA_b122_128_SNP_N_GenomeWideSNP_6_D08_781792	5	852566	3399978	2032	-0.2089
FOXED_p_TCGA_b122_128_SNP_N_GenomeWideSNP_6_D08_781792	5	3400160	3400379	2	-1.758
FOXED_p_TCGA_b122_128_SNP_N_GenomeWideSNP_6_D08_781792	5	3400615	7169476	3349	-0.1819
FOXED_p_TCGA_b122_128_SNP_N_GenomeWideSNP_6_D08_781792	5	7177338	7189925	26	-1.2714
FOXED_p_TCGA_b122_128_SNP_N_GenomeWideSNP_6_D08_781792	5	7202635	21449276	10011	-0.1595
FOXED_p_TCGA_b122_128_SNP_N_GenomeWideSNP_6_D08_781792	5	21451200	21451998	4	-1.7824
FOXED_p_TCGA_b122_128_SNP_N_GenomeWideSNP_6_D08_781792	5	21452438	32102731	6592	-0.1604
FOXED_p_TCGA_b122_128_SNP_N_GenomeWideSNP_6_D08_781792	5	32107084	32172493	44	0.5058
FOXED_p_TCGA_b122_128_SNP_N_GenomeWideSNP_6_D08_781792	5	32177784	57326163	13489	-0.1566
FOXED_p_TCGA_b122_128_SNP_N_GenomeWideSNP_6_D08_781792	5	57326280	57332291	20	-0.776
FOXED_p_TCGA_b122_128_SNP_N_GenomeWideSNP_6_D08_781792	5	57332331	61573372	2849	-0.158
FOXED_p_TCGA_b122_128_SNP_N_GenomeWideSNP_6_D08_781792	5	61574991	61576273	3	-1.6921
FOXED_p_TCGA_b122_128_SNP_N_GenomeWideSNP_6_D08_781792	5	61582192	70254906	4479	-0.1456
FOXED_p_TCGA_b122_128_SNP_N_GenomeWideSNP_6_D08_781792	5	70306659	70307544	5	0.7003
FOXED_p_TCGA_b122_128_SNP_N_GenomeWideSNP_6_D08_781792	5	70349193	112937962	25662	-0.152
FOXED_p_TCGA_b122_128_SNP_N_GenomeWideSNP_6_D08_781792	5	112938661	112951827	11	-1.2415
FOXED_p_TCGA_b122_128_SNP_N_GenomeWideSNP_6_D08_781792	5	112955297	114756455	1283	-0.1595
FOXED_p_TCGA_b122_128_SNP_N_GenomeWideSNP_6_D08_781792	5	114756637	114756862	5	0.7643
FOXED_p_TCGA_b122_128_SNP_N_GenomeWideSNP_6_D08_781792	5	114759078	139884413	15696	-0.1441
FOXED_p_TCGA_b122_128_SNP_N_GenomeWideSNP_6_D08_781792	5	139885318	140056189	79	0.2008
FOXED_p_TCGA_b122_128_SNP_N_GenomeWideSNP_6_D08_781792	5	140056775	151514171	7638	-0.1564
FOXED_p_TCGA_b122_128_SNP_N_GenomeWideSNP_6_D08_781792	5	151515386	151518351	14	-2.7538
FOXED_p_TCGA_b122_128_SNP_N_GenomeWideSNP_6_D08_781792	5	151520271	162858174	7597	-0.1605
FOXED_p_TCGA_b122_128_SNP_N_GenomeWideSNP_6_D08_781792	5	162862184	162862542	2	-1.5797
FOXED_p_TCGA_b122_128_SNP_N_GenomeWideSNP_6_D08_781792	5	162866548	176164961	9494	-0.1732
FOXED_p_TCGA_b122_128_SNP_N_GenomeWideSNP_6_D08_781792	5	176174275	176365354	90	0.1258
FOXED_p_TCGA_b122_128_SNP_N_GenomeWideSNP_6_D08_781792	5	176370271	180378888	2140	-0.1887
FOXED_p_TCGA_b122_128_SNP_N_GenomeWideSNP_6_D08_781792	5	180380203	180418103	17	0.5013
FOXED_p_TCGA_b122_128_SNP_N_GenomeWideSNP_6_D08_781792	5	180433225	180790320	171	-0.2158
FOXED_p_TCGA_b122_128_SNP_N_GenomeWideSNP_6_D08_781792	6	149661	254283	101	0.1254
FOXED_p_TCGA_b122_128_SNP_N_GenomeWideSNP_6_D08_781792	6	257353	384546	105	-0.3357
FOXED_p_TCGA_b122_128_SNP_N_GenomeWideSNP_6_D08_781792	6	385056	6026211	4657	0.187
FOXED_p_TCGA_b122_128_SNP_N_GenomeWideSNP_6_D08_781792	6	6033931	6034436	3	-3.4892
FOXED_p_TCGA_b122_128_SNP_N_GenomeWideSNP_6_D08_781792	6	6037045	31277686	17581	0.1713
FOXED_p_TCGA_b122_128_SNP_N_GenomeWideSNP_6_D08_781792	6	31280823	31296451	12	-1.2278
FOXED_p_TCGA_b122_128_SNP_N_GenomeWideSNP_6_D08_781792	6	31309924	32452929	509	0.165
FOXED_p_TCGA_b122_128_SNP_N_GenomeWideSNP_6_D08_781792	6	32454275	32570365	32	1.2851
FOXED_p_TCGA_b122_128_SNP_N_GenomeWideSNP_6_D08_781792	6	32573771	32622194	29	0.2773
FOXED_p_TCGA_b122_128_SNP_N_GenomeWideSNP_6_D08_781792	6	32624304	32626618	6	1.4262
FOXED_p_TCGA_b122_128_SNP_N_GenomeWideSNP_6_D08_781792	6	32650612	53931151	13752	0.1866
FOXED_p_TCGA_b122_128_SNP_N_GenomeWideSNP_6_D08_781792	6	53931230	53931803	5	1.9779
FOXED_p_TCGA_b122_128_SNP_N_GenomeWideSNP_6_D08_781792	6	53931855	77014948	12010	0.1829
FOXED_p_TCGA_b122_128_SNP_N_GenomeWideSNP_6_D08_781792	6	77016900	77016926	3	-1.1207
FOXED_p_TCGA_b122_128_SNP_N_GenomeWideSNP_6_D08_781792	6	77016993	77429730	294	0.1681
FOXED_p_TCGA_b122_128_SNP_N_GenomeWideSNP_6_D08_781792	6	77436159	77452673	21	0.5001
FOXED_p_TCGA_b122_128_SNP_N_GenomeWideSNP_6_D08_781792	6	77452689	78969065	983	0.1738
FOXED_p_TCGA_b122_128_SNP_N_GenomeWideSNP_6_D08_781792	6	78969105	79041633	114	0.5396
FOXED_p_TCGA_b122_128_SNP_N_GenomeWideSNP_6_D08_781792	6	79041719	134266268	34647	0.094
FOXED_p_TCGA_b122_128_SNP_N_GenomeWideSNP_6_D08_781792	6	134269071	134269632	2	-1.6405
FOXED_p_TCGA_b122_128_SNP_N_GenomeWideSNP_6_D08_781792	6	134272072	171051005	25168	0.0159
FOXED_p_TCGA_b122_128_SNP_N_GenomeWideSNP_6_D08_781792	7	43355	13980225	9253	0.0154
FOXED_p_TCGA_b122_128_SNP_N_GenomeWideSNP_6_D08_781792	7	13980277	13980616	4	-0.9556
FOXED_p_TCGA_b122_128_SNP_N_GenomeWideSNP_6_D08_781792	7	13982085	26132290	9621	0.0321
FOXED_p_TCGA_b122_128_SNP_N_GenomeWideSNP_6_D08_781792	7	26142392	26145413	4	-1.0357
FOXED_p_TCGA_b122_128_SNP_N_GenomeWideSNP_6_D08_781792	7	26147219	39545773	9555	0.0319
FOXED_p_TCGA_b122_128_SNP_N_GenomeWideSNP_6_D08_781792	7	39548161	39549989	3	-1.1254
FOXED_p_TCGA_b122_128_SNP_N_GenomeWideSNP_6_D08_781792	7	39553810	39597091	22	-0.0207
FOXED_p_TCGA_b122_128_SNP_N_GenomeWideSNP_6_D08_781792	7	39597622	39610536	11	0.5237
FOXED_p_TCGA_b122_128_SNP_N_GenomeWideSNP_6_D08_781792	7	39614367	54380373	10120	0.018
FOXED_p_TCGA_b122_128_SNP_N_GenomeWideSNP_6_D08_781792	7	54386505	54386517	6	1.4246
FOXED_p_TCGA_b122_128_SNP_N_GenomeWideSNP_6_D08_781792	7	54393488	64594341	3141	0.0012
FOXED_p_TCGA_b122_128_SNP_N_GenomeWideSNP_6_D08_781792	7	64594929	64595698	4	1.7373
FOXED_p_TCGA_b122_128_SNP_N_GenomeWideSNP_6_D08_781792	7	64637128	84212822	10849	0.0117
FOXED_p_TCGA_b122_128_SNP_N_GenomeWideSNP_6_D08_781792	7	84218035	84227056	7	-0.9002
FOXED_p_TCGA_b122_128_SNP_N_GenomeWideSNP_6_D08_781792	7	84227474	85793125	880	0.0221
FOXED_p_TCGA_b122_128_SNP_N_GenomeWideSNP_6_D08_781792	7	85793677	85800527	2	-1.0557
FOXED_p_TCGA_b122_128_SNP_N_GenomeWideSNP_6_D08_781792	7	85800872	97385970	7287	0.0292
FOXED_p_TCGA_b122_128_SNP_N_GenomeWideSNP_6_D08_781792	7	97395460	97402045	12	-0.7634
FOXED_p_TCGA_b122_128_SNP_N_GenomeWideSNP_6_D08_781792	7	97402091	126044974	16721	-0.0306
FOXED_p_TCGA_b122_128_SNP_N_GenomeWideSNP_6_D08_781792	7	126045482	126046615	12	0.5669
FOXED_p_TCGA_b122_128_SNP_N_GenomeWideSNP_6_D08_781792	7	126046876	133785177	4708	-0.1678
FOXED_p_TCGA_b122_128_SNP_N_GenomeWideSNP_6_D08_781792	7	133785195	133799197	36	0.2842
FOXED_p_TCGA_b122_128_SNP_N_GenomeWideSNP_6_D08_781792	7	133806244	135136719	1003	-0.1601
FOXED_p_TCGA_b122_128_SNP_N_GenomeWideSNP_6_D08_781792	7	135141751	135143082	5	-0.9228
FOXED_p_TCGA_b122_128_SNP_N_GenomeWideSNP_6_D08_781792	7	135147425	141770532	4196	-0.1664
FOXED_p_TCGA_b122_128_SNP_N_GenomeWideSNP_6_D08_781792	7	141770627	141797564	34	-0.916
FOXED_p_TCGA_b122_128_SNP_N_GenomeWideSNP_6_D08_781792	7	141798990	142455471	434	-0.1645
FOXED_p_TCGA_b122_128_SNP_N_GenomeWideSNP_6_D08_781792	7	142455688	142476719	16	-0.9883
FOXED_p_TCGA_b122_128_SNP_N_GenomeWideSNP_6_D08_781792	7	142476764	142476933	2	-5.0796
FOXED_p_TCGA_b122_128_SNP_N_GenomeWideSNP_6_D08_781792	7	142479416	143909445	866	-0.1822
FOXED_p_TCGA_b122_128_SNP_N_GenomeWideSNP_6_D08_781792	7	143911624	144066947	39	0.3477
FOXED_p_TCGA_b122_128_SNP_N_GenomeWideSNP_6_D08_781792	7	144074929	158114152	9053	-0.1742
FOXED_p_TCGA_b122_128_SNP_N_GenomeWideSNP_6_D08_781792	7	158115424	158115862	2	-1.8972
FOXED_p_TCGA_b122_128_SNP_N_GenomeWideSNP_6_D08_781792	7	158116391	159127004	645	-0.1509
FOXED_p_TCGA_b122_128_SNP_N_GenomeWideSNP_6_D08_781792	8	31254	3784187	3440	-0.0073
FOXED_p_TCGA_b122_128_SNP_N_GenomeWideSNP_6_D08_781792	8	3787060	3790106	24	-0.7881
FOXED_p_TCGA_b122_128_SNP_N_GenomeWideSNP_6_D08_781792	8	3791218	5553031	2571	-0.0079
FOXED_p_TCGA_b122_128_SNP_N_GenomeWideSNP_6_D08_781792	8	5553067	5553100	2	-1.6625
FOXED_p_TCGA_b122_128_SNP_N_GenomeWideSNP_6_D08_781792	8	5553135	7215742	1805	-0.0246
FOXED_p_TCGA_b122_128_SNP_N_GenomeWideSNP_6_D08_781792	8	7215755	7255110	23	-0.3421
FOXED_p_TCGA_b122_128_SNP_N_GenomeWideSNP_6_D08_781792	8	7267365	7799390	143	0.4809
FOXED_p_TCGA_b122_128_SNP_N_GenomeWideSNP_6_D08_781792	8	7809891	12000309	3298	-0.0052
FOXED_p_TCGA_b122_128_SNP_N_GenomeWideSNP_6_D08_781792	8	12001123	12327522	77	0.3793
FOXED_p_TCGA_b122_128_SNP_N_GenomeWideSNP_6_D08_781792	8	12327833	39230659	19544	0.0054
FOXED_p_TCGA_b122_128_SNP_N_GenomeWideSNP_6_D08_781792	8	39235603	39388779	61	0.7545
FOXED_p_TCGA_b122_128_SNP_N_GenomeWideSNP_6_D08_781792	8	39389015	85257989	25903	0.0144
FOXED_p_TCGA_b122_128_SNP_N_GenomeWideSNP_6_D08_781792	8	85262883	85268666	19	-0.7844
FOXED_p_TCGA_b122_128_SNP_N_GenomeWideSNP_6_D08_781792	8	85270682	109527824	14606	0.0183
FOXED_p_TCGA_b122_128_SNP_N_GenomeWideSNP_6_D08_781792	8	109530786	109535472	5	-1.0925
FOXED_p_TCGA_b122_128_SNP_N_GenomeWideSNP_6_D08_781792	8	109537376	112294466	1536	0.0159
FOXED_p_TCGA_b122_128_SNP_N_GenomeWideSNP_6_D08_781792	8	112294646	112295081	4	-1.8106
FOXED_p_TCGA_b122_128_SNP_N_GenomeWideSNP_6_D08_781792	8	112295202	146298155	22949	0.0122
FOXED_p_TCGA_b122_128_SNP_N_GenomeWideSNP_6_D08_781792	9	46587	97480	14	0.1983
FOXED_p_TCGA_b122_128_SNP_N_GenomeWideSNP_6_D08_781792	9	115901	362209	204	0.5668
FOXED_p_TCGA_b122_128_SNP_N_GenomeWideSNP_6_D08_781792	9	363621	35629725	28880	0.0311
FOXED_p_TCGA_b122_128_SNP_N_GenomeWideSNP_6_D08_781792	9	35639121	35808334	79	0.3159
FOXED_p_TCGA_b122_128_SNP_N_GenomeWideSNP_6_D08_781792	9	35808363	38439972	1732	0.0113
FOXED_p_TCGA_b122_128_SNP_N_GenomeWideSNP_6_D08_781792	9	38440754	38440946	3	-1.1389
FOXED_p_TCGA_b122_128_SNP_N_GenomeWideSNP_6_D08_781792	9	38441586	41600382	436	0.0194
FOXED_p_TCGA_b122_128_SNP_N_GenomeWideSNP_6_D08_781792	9	41600614	41629489	18	-0.6697
FOXED_p_TCGA_b122_128_SNP_N_GenomeWideSNP_6_D08_781792	9	41632671	44629223	131	0.0685
FOXED_p_TCGA_b122_128_SNP_N_GenomeWideSNP_6_D08_781792	9	44727859	44837527	34	-1.1835
FOXED_p_TCGA_b122_128_SNP_N_GenomeWideSNP_6_D08_781792	9	44840918	68183981	157	0.0131
FOXED_p_TCGA_b122_128_SNP_N_GenomeWideSNP_6_D08_781792	9	68186051	68188547	8	1.1742
FOXED_p_TCGA_b122_128_SNP_N_GenomeWideSNP_6_D08_781792	9	68209916	129803781	42273	0.0202
FOXED_p_TCGA_b122_128_SNP_N_GenomeWideSNP_6_D08_781792	9	129804232	130035047	150	0.3266
FOXED_p_TCGA_b122_128_SNP_N_GenomeWideSNP_6_D08_781792	9	130035592	134642717	2466	0.0022
FOXED_p_TCGA_b122_128_SNP_N_GenomeWideSNP_6_D08_781792	9	134644553	134721070	63	0.2992
FOXED_p_TCGA_b122_128_SNP_N_GenomeWideSNP_6_D08_781792	9	134722159	141091394	3314	-0.0074
FOXED_p_TCGA_b122_128_SNP_N_GenomeWideSNP_6_D08_781792	10	72759	6411215	5428	0.0145
FOXED_p_TCGA_b122_128_SNP_N_GenomeWideSNP_6_D08_781792	10	6411357	6411481	5	-0.8142
FOXED_p_TCGA_b122_128_SNP_N_GenomeWideSNP_6_D08_781792	10	6418754	17927554	9460	0.0098
FOXED_p_TCGA_b122_128_SNP_N_GenomeWideSNP_6_D08_781792	10	17938208	17949857	2	-1.5089
FOXED_p_TCGA_b122_128_SNP_N_GenomeWideSNP_6_D08_781792	10	17971816	18121033	8	0.0119
FOXED_p_TCGA_b122_128_SNP_N_GenomeWideSNP_6_D08_781792	10	18128247	18223647	9	0.7092
FOXED_p_TCGA_b122_128_SNP_N_GenomeWideSNP_6_D08_781792	10	18230259	29237462	7748	0.0157
FOXED_p_TCGA_b122_128_SNP_N_GenomeWideSNP_6_D08_781792	10	29238423	29238473	2	-1.604
FOXED_p_TCGA_b122_128_SNP_N_GenomeWideSNP_6_D08_781792	10	29238761	35683374	4546	0.0215
FOXED_p_TCGA_b122_128_SNP_N_GenomeWideSNP_6_D08_781792	10	35688722	35770310	42	0.2804
FOXED_p_TCGA_b122_128_SNP_N_GenomeWideSNP_6_D08_781792	10	35770622	47249587	4514	0.0089
FOXED_p_TCGA_b122_128_SNP_N_GenomeWideSNP_6_D08_781792	10	47264864	47948060	204	0.4601
FOXED_p_TCGA_b122_128_SNP_N_GenomeWideSNP_6_D08_781792	10	47960476	56445616	5262	0.02
FOXED_p_TCGA_b122_128_SNP_N_GenomeWideSNP_6_D08_781792	10	56452949	56468437	13	0.8789
FOXED_p_TCGA_b122_128_SNP_N_GenomeWideSNP_6_D08_781792	10	56472264	68124610	8202	0.0324
FOXED_p_TCGA_b122_128_SNP_N_GenomeWideSNP_6_D08_781792	10	68125672	68126695	4	-0.973
FOXED_p_TCGA_b122_128_SNP_N_GenomeWideSNP_6_D08_781792	10	68128645	76509804	5028	0.0086
FOXED_p_TCGA_b122_128_SNP_N_GenomeWideSNP_6_D08_781792	10	76512636	76512725	2	-1.38
FOXED_p_TCGA_b122_128_SNP_N_GenomeWideSNP_6_D08_781792	10	76512889	82878159	4462	0.0175
FOXED_p_TCGA_b122_128_SNP_N_GenomeWideSNP_6_D08_781792	10	82881330	82889783	10	-0.938
FOXED_p_TCGA_b122_128_SNP_N_GenomeWideSNP_6_D08_781792	10	82894469	88841804	4289	0.027
FOXED_p_TCGA_b122_128_SNP_N_GenomeWideSNP_6_D08_781792	10	88847999	88951234	29	0.4042
FOXED_p_TCGA_b122_128_SNP_N_GenomeWideSNP_6_D08_781792	10	88956341	135506704	31864	0.0195
FOXED_p_TCGA_b122_128_SNP_N_GenomeWideSNP_6_D08_781792	11	198510	2141586	695	-0.0033
FOXED_p_TCGA_b122_128_SNP_N_GenomeWideSNP_6_D08_781792	11	2152220	2306168	59	0.3018
FOXED_p_TCGA_b122_128_SNP_N_GenomeWideSNP_6_D08_781792	11	2308304	5783052	2547	-0.0053
FOXED_p_TCGA_b122_128_SNP_N_GenomeWideSNP_6_D08_781792	11	5783112	5809338	38	0.4065
FOXED_p_TCGA_b122_128_SNP_N_GenomeWideSNP_6_D08_781792	11	5809461	6117976	246	-9e-04
FOXED_p_TCGA_b122_128_SNP_N_GenomeWideSNP_6_D08_781792	11	6120647	6122094	2	-2.0209
FOXED_p_TCGA_b122_128_SNP_N_GenomeWideSNP_6_D08_781792	11	6122503	18940870	9182	0.029
FOXED_p_TCGA_b122_128_SNP_N_GenomeWideSNP_6_D08_781792	11	18949072	18961178	40	-1.0136
FOXED_p_TCGA_b122_128_SNP_N_GenomeWideSNP_6_D08_781792	11	18961281	18970705	21	-0.3329
FOXED_p_TCGA_b122_128_SNP_N_GenomeWideSNP_6_D08_781792	11	18970748	25083175	4839	0.0228
FOXED_p_TCGA_b122_128_SNP_N_GenomeWideSNP_6_D08_781792	11	25084215	25085737	4	-0.9097
FOXED_p_TCGA_b122_128_SNP_N_GenomeWideSNP_6_D08_781792	11	25086509	42813151	12372	0.0221
FOXED_p_TCGA_b122_128_SNP_N_GenomeWideSNP_6_D08_781792	11	42816486	42818039	2	-2.6198
FOXED_p_TCGA_b122_128_SNP_N_GenomeWideSNP_6_D08_781792	11	42820603	46245418	2404	0.0165
FOXED_p_TCGA_b122_128_SNP_N_GenomeWideSNP_6_D08_781792	11	46248552	46423887	68	0.3162
FOXED_p_TCGA_b122_128_SNP_N_GenomeWideSNP_6_D08_781792	11	46426259	79967513	15529	0.0175
FOXED_p_TCGA_b122_128_SNP_N_GenomeWideSNP_6_D08_781792	11	79967548	79967564	2	1.2311
FOXED_p_TCGA_b122_128_SNP_N_GenomeWideSNP_6_D08_781792	11	79967686	81420433	1237	0.0102
FOXED_p_TCGA_b122_128_SNP_N_GenomeWideSNP_6_D08_781792	11	81420497	81422622	2	-1.6507
FOXED_p_TCGA_b122_128_SNP_N_GenomeWideSNP_6_D08_781792	11	81422712	95805691	9754	0.0231
FOXED_p_TCGA_b122_128_SNP_N_GenomeWideSNP_6_D08_781792	11	95805813	95806007	7	-0.7317
FOXED_p_TCGA_b122_128_SNP_N_GenomeWideSNP_6_D08_781792	11	95817199	107648810	8483	0.0221
FOXED_p_TCGA_b122_128_SNP_N_GenomeWideSNP_6_D08_781792	11	107653743	107672045	17	0.5401
FOXED_p_TCGA_b122_128_SNP_N_GenomeWideSNP_6_D08_781792	11	107678760	134944770	19640	0.0117
FOXED_p_TCGA_b122_128_SNP_N_GenomeWideSNP_6_D08_781792	12	150442	869198	420	-0.0028
FOXED_p_TCGA_b122_128_SNP_N_GenomeWideSNP_6_D08_781792	12	869263	874029	16	-1.0082
FOXED_p_TCGA_b122_128_SNP_N_GenomeWideSNP_6_D08_781792	12	875354	11504091	6986	0.008
FOXED_p_TCGA_b122_128_SNP_N_GenomeWideSNP_6_D08_781792	12	11511577	11543406	32	-0.9086
FOXED_p_TCGA_b122_128_SNP_N_GenomeWideSNP_6_D08_781792	12	11552192	20507209	6151	0.0304
FOXED_p_TCGA_b122_128_SNP_N_GenomeWideSNP_6_D08_781792	12	20510133	20606540	64	0.3014
FOXED_p_TCGA_b122_128_SNP_N_GenomeWideSNP_6_D08_781792	12	20607266	33294660	9220	0.0204
FOXED_p_TCGA_b122_128_SNP_N_GenomeWideSNP_6_D08_781792	12	33301406	33306965	25	-0.4215
FOXED_p_TCGA_b122_128_SNP_N_GenomeWideSNP_6_D08_781792	12	33307078	64105197	16349	0.015
FOXED_p_TCGA_b122_128_SNP_N_GenomeWideSNP_6_D08_781792	12	64110033	64136654	13	-0.5122
FOXED_p_TCGA_b122_128_SNP_N_GenomeWideSNP_6_D08_781792	12	64143188	69205321	3338	0.0121
FOXED_p_TCGA_b122_128_SNP_N_GenomeWideSNP_6_D08_781792	12	69208578	69209011	2	-1.1087
FOXED_p_TCGA_b122_128_SNP_N_GenomeWideSNP_6_D08_781792	12	69210857	69547121	262	2e-04
FOXED_p_TCGA_b122_128_SNP_N_GenomeWideSNP_6_D08_781792	12	69547642	69547796	2	1.3462
FOXED_p_TCGA_b122_128_SNP_N_GenomeWideSNP_6_D08_781792	12	69548475	69659998	69	-0.0125
FOXED_p_TCGA_b122_128_SNP_N_GenomeWideSNP_6_D08_781792	12	69670186	69773031	65	0.3114
FOXED_p_TCGA_b122_128_SNP_N_GenomeWideSNP_6_D08_781792	12	69775951	133778189	42102	0.0148
FOXED_p_TCGA_b122_128_SNP_N_GenomeWideSNP_6_D08_781792	13	19026949	39052811	14293	0.3172
FOXED_p_TCGA_b122_128_SNP_N_GenomeWideSNP_6_D08_781792	13	39057572	39058056	2	-1.2551
FOXED_p_TCGA_b122_128_SNP_N_GenomeWideSNP_6_D08_781792	13	39065057	57751096	11847	0.3181
FOXED_p_TCGA_b122_128_SNP_N_GenomeWideSNP_6_D08_781792	13	57758270	57778380	34	-0.7947
FOXED_p_TCGA_b122_128_SNP_N_GenomeWideSNP_6_D08_781792	13	57789714	58584790	420	0.2857
FOXED_p_TCGA_b122_128_SNP_N_GenomeWideSNP_6_D08_781792	13	58590281	58597030	6	-0.5163
FOXED_p_TCGA_b122_128_SNP_N_GenomeWideSNP_6_D08_781792	13	58602052	72476988	8581	0.3052
FOXED_p_TCGA_b122_128_SNP_N_GenomeWideSNP_6_D08_781792	13	72477555	72480556	4	1.6843
FOXED_p_TCGA_b122_128_SNP_N_GenomeWideSNP_6_D08_781792	13	72480605	109679138	25712	0.3206
FOXED_p_TCGA_b122_128_SNP_N_GenomeWideSNP_6_D08_781792	13	109680533	109686448	5	-0.8835
FOXED_p_TCGA_b122_128_SNP_N_GenomeWideSNP_6_D08_781792	13	109687009	115108397	3452	0.3267
FOXED_p_TCGA_b122_128_SNP_N_GenomeWideSNP_6_D08_781792	14	19002124	19335751	23	-0.2982
FOXED_p_TCGA_b122_128_SNP_N_GenomeWideSNP_6_D08_781792	14	19382209	20143509	57	0.0301
FOXED_p_TCGA_b122_128_SNP_N_GenomeWideSNP_6_D08_781792	14	20157843	26590340	4306	-0.3488
FOXED_p_TCGA_b122_128_SNP_N_GenomeWideSNP_6_D08_781792	14	26590610	26591596	2	-2.3282
FOXED_p_TCGA_b122_128_SNP_N_GenomeWideSNP_6_D08_781792	14	26595851	41610496	9447	-0.3468
FOXED_p_TCGA_b122_128_SNP_N_GenomeWideSNP_6_D08_781792	14	41610690	41657349	14	-1.2052
FOXED_p_TCGA_b122_128_SNP_N_GenomeWideSNP_6_D08_781792	14	41670102	65522743	15225	-0.3586
FOXED_p_TCGA_b122_128_SNP_N_GenomeWideSNP_6_D08_781792	14	65523337	65652985	75	0.0322
FOXED_p_TCGA_b122_128_SNP_N_GenomeWideSNP_6_D08_781792	14	65653330	74001123	5184	-0.3605
FOXED_p_TCGA_b122_128_SNP_N_GenomeWideSNP_6_D08_781792	14	74006707	74029900	9	-1.8655
FOXED_p_TCGA_b122_128_SNP_N_GenomeWideSNP_6_D08_781792	14	74029915	86992137	8672	-0.365
FOXED_p_TCGA_b122_128_SNP_N_GenomeWideSNP_6_D08_781792	14	86992684	86996167	3	-1.533
FOXED_p_TCGA_b122_128_SNP_N_GenomeWideSNP_6_D08_781792	14	86999156	106569463	12152	-0.38
FOXED_p_TCGA_b122_128_SNP_N_GenomeWideSNP_6_D08_781792	14	106574118	106783044	101	0.343
FOXED_p_TCGA_b122_128_SNP_N_GenomeWideSNP_6_D08_781792	14	106796025	107285437	315	-0.3629
FOXED_p_TCGA_b122_128_SNP_N_GenomeWideSNP_6_D08_781792	15	20016328	22302006	314	-0.0105
FOXED_p_TCGA_b122_128_SNP_N_GenomeWideSNP_6_D08_781792	15	22311810	22582902	105	-0.6757
FOXED_p_TCGA_b122_128_SNP_N_GenomeWideSNP_6_D08_781792	15	22584431	25641970	1629	0.0195
FOXED_p_TCGA_b122_128_SNP_N_GenomeWideSNP_6_D08_781792	15	25646428	25696530	25	-0.4588
FOXED_p_TCGA_b122_128_SNP_N_GenomeWideSNP_6_D08_781792	15	25697539	25715676	25	-0.8126
FOXED_p_TCGA_b122_128_SNP_N_GenomeWideSNP_6_D08_781792	15	25716453	25777257	53	-0.461
FOXED_p_TCGA_b122_128_SNP_N_GenomeWideSNP_6_D08_781792	15	25777338	84540181	36683	0.0235
FOXED_p_TCGA_b122_128_SNP_N_GenomeWideSNP_6_D08_781792	15	84540717	84547547	9	-0.9284
FOXED_p_TCGA_b122_128_SNP_N_GenomeWideSNP_6_D08_781792	15	84547867	102469040	13252	0.0191
FOXED_p_TCGA_b122_128_SNP_N_GenomeWideSNP_6_D08_781792	16	60777	31971520	20064	0.0055
FOXED_p_TCGA_b122_128_SNP_N_GenomeWideSNP_6_D08_781792	16	31975169	33827062	301	-0.3204
FOXED_p_TCGA_b122_128_SNP_N_GenomeWideSNP_6_D08_781792	16	33828054	34567198	242	-0.0182
FOXED_p_TCGA_b122_128_SNP_N_GenomeWideSNP_6_D08_781792	16	34567212	34657066	56	0.4341
FOXED_p_TCGA_b122_128_SNP_N_GenomeWideSNP_6_D08_781792	16	34663450	55795048	6669	0.0184
FOXED_p_TCGA_b122_128_SNP_N_GenomeWideSNP_6_D08_781792	16	55795214	55798222	6	-0.3459
FOXED_p_TCGA_b122_128_SNP_N_GenomeWideSNP_6_D08_781792	16	55798762	55822444	17	-0.9367
FOXED_p_TCGA_b122_128_SNP_N_GenomeWideSNP_6_D08_781792	16	55829557	70151527	8769	0.0115
FOXED_p_TCGA_b122_128_SNP_N_GenomeWideSNP_6_D08_781792	16	70151560	70186138	9	0.6461
FOXED_p_TCGA_b122_128_SNP_N_GenomeWideSNP_6_D08_781792	16	70187092	71356396	514	0.0491
FOXED_p_TCGA_b122_128_SNP_N_GenomeWideSNP_6_D08_781792	16	71359299	71495668	83	0.3317
FOXED_p_TCGA_b122_128_SNP_N_GenomeWideSNP_6_D08_781792	16	71496640	76798472	3444	0.0103
FOXED_p_TCGA_b122_128_SNP_N_GenomeWideSNP_6_D08_781792	16	76798509	76806428	3	-2.0892
FOXED_p_TCGA_b122_128_SNP_N_GenomeWideSNP_6_D08_781792	16	76808552	90287535	12278	-0.0011
FOXED_p_TCGA_b122_128_SNP_N_GenomeWideSNP_6_D08_781792	17	526	39421708	20980	0.0047
FOXED_p_TCGA_b122_128_SNP_N_GenomeWideSNP_6_D08_781792	17	39423014	39430531	24	1.7222
FOXED_p_TCGA_b122_128_SNP_N_GenomeWideSNP_6_D08_781792	17	39432724	39433159	7	-0.1266
FOXED_p_TCGA_b122_128_SNP_N_GenomeWideSNP_6_D08_781792	17	39433245	39433541	8	0.5556
FOXED_p_TCGA_b122_128_SNP_N_GenomeWideSNP_6_D08_781792	17	39438362	44163098	2496	0.0062
FOXED_p_TCGA_b122_128_SNP_N_GenomeWideSNP_6_D08_781792	17	44165803	44364170	125	0.6159
FOXED_p_TCGA_b122_128_SNP_N_GenomeWideSNP_6_D08_781792	17	44394412	44505241	13	-0.0921
FOXED_p_TCGA_b122_128_SNP_N_GenomeWideSNP_6_D08_781792	17	44523711	44523726	2	-1.564
FOXED_p_TCGA_b122_128_SNP_N_GenomeWideSNP_6_D08_781792	17	44546329	65431265	12285	0.0172
FOXED_p_TCGA_b122_128_SNP_N_GenomeWideSNP_6_D08_781792	17	65440366	65444493	8	-1.4669
FOXED_p_TCGA_b122_128_SNP_N_GenomeWideSNP_6_D08_781792	17	65444882	80571505	9117	0.0012
FOXED_p_TCGA_b122_128_SNP_N_GenomeWideSNP_6_D08_781792	17	80571695	80571933	2	1.4721
FOXED_p_TCGA_b122_128_SNP_N_GenomeWideSNP_6_D08_781792	17	80572628	81049726	252	0.0077
FOXED_p_TCGA_b122_128_SNP_N_GenomeWideSNP_6_D08_781792	18	11543	78015057	50811	-0.3659
FOXED_p_TCGA_b122_128_SNP_N_GenomeWideSNP_6_D08_781792	19	90910	2559841	617	0.175
FOXED_p_TCGA_b122_128_SNP_N_GenomeWideSNP_6_D08_781792	19	2568275	2569045	2	-1.635
FOXED_p_TCGA_b122_128_SNP_N_GenomeWideSNP_6_D08_781792	19	2569242	20746190	8461	0.1421
FOXED_p_TCGA_b122_128_SNP_N_GenomeWideSNP_6_D08_781792	19	20759077	20759858	2	-1.3403
FOXED_p_TCGA_b122_128_SNP_N_GenomeWideSNP_6_D08_781792	19	20765130	21710955	536	0.1356
FOXED_p_TCGA_b122_128_SNP_N_GenomeWideSNP_6_D08_781792	19	21717303	21721674	2	-1.0983
FOXED_p_TCGA_b122_128_SNP_N_GenomeWideSNP_6_D08_781792	19	21722305	36845875	7676	0.1399
FOXED_p_TCGA_b122_128_SNP_N_GenomeWideSNP_6_D08_781792	19	36846150	36847498	10	-0.4266
FOXED_p_TCGA_b122_128_SNP_N_GenomeWideSNP_6_D08_781792	19	36847637	43914806	3566	0.2634
FOXED_p_TCGA_b122_128_SNP_N_GenomeWideSNP_6_D08_781792	19	43916901	44199523	183	0.6504
FOXED_p_TCGA_b122_128_SNP_N_GenomeWideSNP_6_D08_781792	19	44208978	56282369	6461	0.2792
FOXED_p_TCGA_b122_128_SNP_N_GenomeWideSNP_6_D08_781792	19	56282535	56283067	3	-3.5144
FOXED_p_TCGA_b122_128_SNP_N_GenomeWideSNP_6_D08_781792	19	56286293	58900440	1762	0.2756
FOXED_p_TCGA_b122_128_SNP_N_GenomeWideSNP_6_D08_781792	19	58900532	58902933	11	-0.1171
FOXED_p_TCGA_b122_128_SNP_N_GenomeWideSNP_6_D08_781792	19	58903009	59097854	77	0.2473
FOXED_p_TCGA_b122_128_SNP_N_GenomeWideSNP_6_D08_781792	20	61305	1560951	1206	0.5415
FOXED_p_TCGA_b122_128_SNP_N_GenomeWideSNP_6_D08_781792	20	1560999	1593893	42	1.33
FOXED_p_TCGA_b122_128_SNP_N_GenomeWideSNP_6_D08_781792	20	1597946	3691584	1515	0.519
FOXED_p_TCGA_b122_128_SNP_N_GenomeWideSNP_6_D08_781792	20	3696808	3698496	3	-1.1912
FOXED_p_TCGA_b122_128_SNP_N_GenomeWideSNP_6_D08_781792	20	3701132	5010811	1000	0.5159
FOXED_p_TCGA_b122_128_SNP_N_GenomeWideSNP_6_D08_781792	20	5016926	5016931	2	-0.6279
FOXED_p_TCGA_b122_128_SNP_N_GenomeWideSNP_6_D08_781792	20	5021144	25991296	16191	0.5546
FOXED_p_TCGA_b122_128_SNP_N_GenomeWideSNP_6_D08_781792	20	26007281	26057387	4	-0.8147
FOXED_p_TCGA_b122_128_SNP_N_GenomeWideSNP_6_D08_781792	20	26069758	62956153	22561	0.5325
FOXED_p_TCGA_b122_128_SNP_N_GenomeWideSNP_6_D08_781792	21	10736871	14661258	184	0.0175
FOXED_p_TCGA_b122_128_SNP_N_GenomeWideSNP_6_D08_781792	21	14664103	14757243	62	-0.2129
FOXED_p_TCGA_b122_128_SNP_N_GenomeWideSNP_6_D08_781792	21	14760219	14760841	2	-1.8756
FOXED_p_TCGA_b122_128_SNP_N_GenomeWideSNP_6_D08_781792	21	14760857	37523121	16473	-0.1585
FOXED_p_TCGA_b122_128_SNP_N_GenomeWideSNP_6_D08_781792	21	37525493	37525945	5	-1.3288
FOXED_p_TCGA_b122_128_SNP_N_GenomeWideSNP_6_D08_781792	21	37533119	48096957	7696	-0.1682
FOXED_p_TCGA_b122_128_SNP_N_GenomeWideSNP_6_D08_781792	22	16052528	16061342	5	-1.0187
FOXED_p_TCGA_b122_128_SNP_N_GenomeWideSNP_6_D08_781792	22	16077141	16657301	89	-0.0691
FOXED_p_TCGA_b122_128_SNP_N_GenomeWideSNP_6_D08_781792	22	16662742	16683416	2	1.702
FOXED_p_TCGA_b122_128_SNP_N_GenomeWideSNP_6_D08_781792	22	16864898	21572214	2760	-0.161
FOXED_p_TCGA_b122_128_SNP_N_GenomeWideSNP_6_D08_781792	22	21595029	21708030	5	0.9139
FOXED_p_TCGA_b122_128_SNP_N_GenomeWideSNP_6_D08_781792	22	21708108	21816482	20	-0.2621
FOXED_p_TCGA_b122_128_SNP_N_GenomeWideSNP_6_D08_781792	22	21816560	21834248	9	-0.7237
FOXED_p_TCGA_b122_128_SNP_N_GenomeWideSNP_6_D08_781792	22	21840434	22351024	234	-0.2047
FOXED_p_TCGA_b122_128_SNP_N_GenomeWideSNP_6_D08_781792	22	22351131	22352038	4	-1.7077
FOXED_p_TCGA_b122_128_SNP_N_GenomeWideSNP_6_D08_781792	22	22352703	24288367	1467	-0.1877
FOXED_p_TCGA_b122_128_SNP_N_GenomeWideSNP_6_D08_781792	22	24288434	24300797	6	-1.3278
FOXED_p_TCGA_b122_128_SNP_N_GenomeWideSNP_6_D08_781792	22	24301521	24337949	21	-0.1391
FOXED_p_TCGA_b122_128_SNP_N_GenomeWideSNP_6_D08_781792	22	24344422	24405492	27	-0.6039
FOXED_p_TCGA_b122_128_SNP_N_GenomeWideSNP_6_D08_781792	22	24405507	49268700	17678	-0.1793
FOXED_p_TCGA_b122_128_SNP_N_GenomeWideSNP_6_D08_781792	22	49269923	49270542	2	-1.9957
FOXED_p_TCGA_b122_128_SNP_N_GenomeWideSNP_6_D08_781792	22	49273291	51234455	1236	-0.2325
FOXED_p_TCGA_b122_128_SNP_N_GenomeWideSNP_6_D08_781792	X	168477	17185594	10578	0.0109
FOXED_p_TCGA_b122_128_SNP_N_GenomeWideSNP_6_D08_781792	X	17186660	17186843	6	-0.7522
FOXED_p_TCGA_b122_128_SNP_N_GenomeWideSNP_6_D08_781792	X	17186913	38583819	13525	0.0202
FOXED_p_TCGA_b122_128_SNP_N_GenomeWideSNP_6_D08_781792	X	38586159	38586188	2	-1.4643
FOXED_p_TCGA_b122_128_SNP_N_GenomeWideSNP_6_D08_781792	X	38591633	134844970	48053	0.0204
FOXED_p_TCGA_b122_128_SNP_N_GenomeWideSNP_6_D08_781792	X	134848927	134880074	9	-0.6193
FOXED_p_TCGA_b122_128_SNP_N_GenomeWideSNP_6_D08_781792	X	134891648	139802737	3005	0.012
FOXED_p_TCGA_b122_128_SNP_N_GenomeWideSNP_6_D08_781792	X	139804211	139804668	3	-1.0697
FOXED_p_TCGA_b122_128_SNP_N_GenomeWideSNP_6_D08_781792	X	139808556	143626060	2510	0.01
FOXED_p_TCGA_b122_128_SNP_N_GenomeWideSNP_6_D08_781792	X	143631490	143637684	4	-0.8414
FOXED_p_TCGA_b122_128_SNP_N_GenomeWideSNP_6_D08_781792	X	143638124	145556836	1395	0.0044
FOXED_p_TCGA_b122_128_SNP_N_GenomeWideSNP_6_D08_781792	X	145562274	145587600	29	-0.3988
FOXED_p_TCGA_b122_128_SNP_N_GenomeWideSNP_6_D08_781792	X	145587864	146179094	403	-9e-04
FOXED_p_TCGA_b122_128_SNP_N_GenomeWideSNP_6_D08_781792	X	146179985	146185460	21	-0.6742
FOXED_p_TCGA_b122_128_SNP_N_GenomeWideSNP_6_D08_781792	X	146186831	155182354	5090	0.0057
FOXED_p_TCGA_b122_128_SNP_N_GenomeWideSNP_6_D08_781792	Y	2650438	6101425	872	-2.5087
FOXED_p_TCGA_b122_128_SNP_N_GenomeWideSNP_6_D08_781792	Y	6107901	6296423	85	-4.0158
FOXED_p_TCGA_b122_128_SNP_N_GenomeWideSNP_6_D08_781792	Y	6299046	19165254	4504	-3.0608
FOXED_p_TCGA_b122_128_SNP_N_GenomeWideSNP_6_D08_781792	Y	19166861	19179540	8	-6.1551
FOXED_p_TCGA_b122_128_SNP_N_GenomeWideSNP_6_D08_781792	Y	19182271	19571480	195	-3.0718
FOXED_p_TCGA_b122_128_SNP_N_GenomeWideSNP_6_D08_781792	Y	19574890	20970746	649	-3.6622
FOXED_p_TCGA_b122_128_SNP_N_GenomeWideSNP_6_D08_781792	Y	20971498	20972173	2	-8.2696
FOXED_p_TCGA_b122_128_SNP_N_GenomeWideSNP_6_D08_781792	Y	20972409	21024613	21	-4.0974
FOXED_p_TCGA_b122_128_SNP_N_GenomeWideSNP_6_D08_781792	Y	21025062	23653771	1010	-3.1191
FOXED_p_TCGA_b122_128_SNP_N_GenomeWideSNP_6_D08_781792	Y	23683731	23690350	2	-8.8048
FOXED_p_TCGA_b122_128_SNP_N_GenomeWideSNP_6_D08_781792	Y	23715701	24510518	263	-3.1688
FOXED_p_TCGA_b122_128_SNP_N_GenomeWideSNP_6_D08_781792	Y	24514859	26190025	316	-3.755
FOXED_p_TCGA_b122_128_SNP_N_GenomeWideSNP_6_D08_781792	Y	26193050	26631228	98	-3.0812
FOXED_p_TCGA_b122_128_SNP_N_GenomeWideSNP_6_D08_781792	Y	26631371	26928589	40	-4.8704
FOXED_p_TCGA_b122_128_SNP_N_GenomeWideSNP_6_D08_781792	Y	26947771	27240184	38	-3.8623
FOXED_p_TCGA_b122_128_SNP_N_GenomeWideSNP_6_D08_781792	Y	27254679	27717920	95	-2.9663
FOXED_p_TCGA_b122_128_SNP_N_GenomeWideSNP_6_D08_781792	Y	27718192	28452016	261	-3.7484
FOXED_p_TCGA_b122_128_SNP_N_GenomeWideSNP_6_D08_781792	Y	28457337	59018259	176	-2.6976
