Sample	Chromosome	Start	End	Num_Probes	Segment_Mean
USAGE_p_TCGA_132_133_136_SNP_N_GenomeWideSNP_6_C08_787448	1	61735	32893553	17782	-0.037
USAGE_p_TCGA_132_133_136_SNP_N_GenomeWideSNP_6_C08_787448	1	32894381	32914644	7	-0.6969
USAGE_p_TCGA_132_133_136_SNP_N_GenomeWideSNP_6_C08_787448	1	32917583	56637166	13637	0.0151
USAGE_p_TCGA_132_133_136_SNP_N_GenomeWideSNP_6_C08_787448	1	56638782	56643355	3	-0.9274
USAGE_p_TCGA_132_133_136_SNP_N_GenomeWideSNP_6_C08_787448	1	56643949	60008515	2757	-0.0288
USAGE_p_TCGA_132_133_136_SNP_N_GenomeWideSNP_6_C08_787448	1	60008705	60027504	13	-0.5424
USAGE_p_TCGA_132_133_136_SNP_N_GenomeWideSNP_6_C08_787448	1	60031693	72750353	8833	-0.0199
USAGE_p_TCGA_132_133_136_SNP_N_GenomeWideSNP_6_C08_787448	1	72756113	72763370	9	-0.65
USAGE_p_TCGA_132_133_136_SNP_N_GenomeWideSNP_6_C08_787448	1	72768418	72816755	51	0.1648
USAGE_p_TCGA_132_133_136_SNP_N_GenomeWideSNP_6_C08_787448	1	72817021	81888602	5788	-0.0637
USAGE_p_TCGA_132_133_136_SNP_N_GenomeWideSNP_6_C08_787448	1	81888605	81888681	3	-1.2276
USAGE_p_TCGA_132_133_136_SNP_N_GenomeWideSNP_6_C08_787448	1	81888694	91099213	6219	-0.0459
USAGE_p_TCGA_132_133_136_SNP_N_GenomeWideSNP_6_C08_787448	1	91099720	91099776	2	-0.9511
USAGE_p_TCGA_132_133_136_SNP_N_GenomeWideSNP_6_C08_787448	1	91099903	104159384	8075	-0.0392
USAGE_p_TCGA_132_133_136_SNP_N_GenomeWideSNP_6_C08_787448	1	104163499	104260032	24	0.4399
USAGE_p_TCGA_132_133_136_SNP_N_GenomeWideSNP_6_C08_787448	1	104260239	110232974	3613	-0.0445
USAGE_p_TCGA_132_133_136_SNP_N_GenomeWideSNP_6_C08_787448	1	110233037	110240178	16	1.1425
USAGE_p_TCGA_132_133_136_SNP_N_GenomeWideSNP_6_C08_787448	1	110242953	111411709	906	-0.014
USAGE_p_TCGA_132_133_136_SNP_N_GenomeWideSNP_6_C08_787448	1	111411754	111412279	4	-0.6333
USAGE_p_TCGA_132_133_136_SNP_N_GenomeWideSNP_6_C08_787448	1	111414892	112287543	666	-0.0116
USAGE_p_TCGA_132_133_136_SNP_N_GenomeWideSNP_6_C08_787448	1	112289118	112313078	17	-0.7389
USAGE_p_TCGA_132_133_136_SNP_N_GenomeWideSNP_6_C08_787448	1	112314565	112528476	200	-0.0313
USAGE_p_TCGA_132_133_136_SNP_N_GenomeWideSNP_6_C08_787448	1	112530733	112696087	164	-0.644
USAGE_p_TCGA_132_133_136_SNP_N_GenomeWideSNP_6_C08_787448	1	112696193	112697376	22	-0.1397
USAGE_p_TCGA_132_133_136_SNP_N_GenomeWideSNP_6_C08_787448	1	112697390	120687115	5080	-0.6539
USAGE_p_TCGA_132_133_136_SNP_N_GenomeWideSNP_6_C08_787448	1	120689060	148585337	1254	-0.0549
USAGE_p_TCGA_132_133_136_SNP_N_GenomeWideSNP_6_C08_787448	1	148627569	148627842	3	-1.1619
USAGE_p_TCGA_132_133_136_SNP_N_GenomeWideSNP_6_C08_787448	1	148636769	152761923	1906	-0.0104
USAGE_p_TCGA_132_133_136_SNP_N_GenomeWideSNP_6_C08_787448	1	152761939	152768700	36	-0.3448
USAGE_p_TCGA_132_133_136_SNP_N_GenomeWideSNP_6_C08_787448	1	152773905	161479438	5272	-0.0197
USAGE_p_TCGA_132_133_136_SNP_N_GenomeWideSNP_6_C08_787448	1	161496900	161618691	31	-0.6012
USAGE_p_TCGA_132_133_136_SNP_N_GenomeWideSNP_6_C08_787448	1	161618820	161622169	11	0.0547
USAGE_p_TCGA_132_133_136_SNP_N_GenomeWideSNP_6_C08_787448	1	161629301	161648237	13	-0.6829
USAGE_p_TCGA_132_133_136_SNP_N_GenomeWideSNP_6_C08_787448	1	161648621	163208383	1323	1e-04
USAGE_p_TCGA_132_133_136_SNP_N_GenomeWideSNP_6_C08_787448	1	163212723	163216918	2	-1.2532
USAGE_p_TCGA_132_133_136_SNP_N_GenomeWideSNP_6_C08_787448	1	163217668	164096603	592	-0.0288
USAGE_p_TCGA_132_133_136_SNP_N_GenomeWideSNP_6_C08_787448	1	164099170	164184997	74	-0.6591
USAGE_p_TCGA_132_133_136_SNP_N_GenomeWideSNP_6_C08_787448	1	164194143	184760816	14383	-0.0263
USAGE_p_TCGA_132_133_136_SNP_N_GenomeWideSNP_6_C08_787448	1	184761437	184765000	6	-0.8113
USAGE_p_TCGA_132_133_136_SNP_N_GenomeWideSNP_6_C08_787448	1	184765072	189648157	3105	-0.0818
USAGE_p_TCGA_132_133_136_SNP_N_GenomeWideSNP_6_C08_787448	1	189648483	189648527	2	-2.0286
USAGE_p_TCGA_132_133_136_SNP_N_GenomeWideSNP_6_C08_787448	1	189652047	194447569	3290	-0.0914
USAGE_p_TCGA_132_133_136_SNP_N_GenomeWideSNP_6_C08_787448	1	194448234	194457016	4	0.8209
USAGE_p_TCGA_132_133_136_SNP_N_GenomeWideSNP_6_C08_787448	1	194460542	199111426	2932	-0.0783
USAGE_p_TCGA_132_133_136_SNP_N_GenomeWideSNP_6_C08_787448	1	199111521	199112524	5	0.6426
USAGE_p_TCGA_132_133_136_SNP_N_GenomeWideSNP_6_C08_787448	1	199113011	207697830	5500	-0.0139
USAGE_p_TCGA_132_133_136_SNP_N_GenomeWideSNP_6_C08_787448	1	207712848	207731374	3	-1.162
USAGE_p_TCGA_132_133_136_SNP_N_GenomeWideSNP_6_C08_787448	1	207734866	249224388	29069	-0.0422
USAGE_p_TCGA_132_133_136_SNP_N_GenomeWideSNP_6_C08_787448	2	12784	34701394	24113	-0.0318
USAGE_p_TCGA_132_133_136_SNP_N_GenomeWideSNP_6_C08_787448	2	34701583	34737057	44	-0.5983
USAGE_p_TCGA_132_133_136_SNP_N_GenomeWideSNP_6_C08_787448	2	34737556	38954495	3201	-0.0105
USAGE_p_TCGA_132_133_136_SNP_N_GenomeWideSNP_6_C08_787448	2	38955866	38972281	8	0.7022
USAGE_p_TCGA_132_133_136_SNP_N_GenomeWideSNP_6_C08_787448	2	38972826	50765875	8452	-0.0148
USAGE_p_TCGA_132_133_136_SNP_N_GenomeWideSNP_6_C08_787448	2	50766007	50766783	2	-1.6898
USAGE_p_TCGA_132_133_136_SNP_N_GenomeWideSNP_6_C08_787448	2	50766988	57239067	4670	-0.0358
USAGE_p_TCGA_132_133_136_SNP_N_GenomeWideSNP_6_C08_787448	2	57242902	57243395	2	-1.3944
USAGE_p_TCGA_132_133_136_SNP_N_GenomeWideSNP_6_C08_787448	2	57247331	75375179	11246	-0.0273
USAGE_p_TCGA_132_133_136_SNP_N_GenomeWideSNP_6_C08_787448	2	75381677	75381796	5	-1.0619
USAGE_p_TCGA_132_133_136_SNP_N_GenomeWideSNP_6_C08_787448	2	75381837	80555690	3728	-0.0379
USAGE_p_TCGA_132_133_136_SNP_N_GenomeWideSNP_6_C08_787448	2	80558293	80559160	3	0.9162
USAGE_p_TCGA_132_133_136_SNP_N_GenomeWideSNP_6_C08_787448	2	80564672	86937687	3719	-0.0332
USAGE_p_TCGA_132_133_136_SNP_N_GenomeWideSNP_6_C08_787448	2	86953070	86953854	2	-1.8425
USAGE_p_TCGA_132_133_136_SNP_N_GenomeWideSNP_6_C08_787448	2	86970406	106874722	7730	-0.0285
USAGE_p_TCGA_132_133_136_SNP_N_GenomeWideSNP_6_C08_787448	2	106880095	106887408	14	-0.5757
USAGE_p_TCGA_132_133_136_SNP_N_GenomeWideSNP_6_C08_787448	2	106887870	133038729	15073	-0.0301
USAGE_p_TCGA_132_133_136_SNP_N_GenomeWideSNP_6_C08_787448	2	133046772	133117260	29	0.4245
USAGE_p_TCGA_132_133_136_SNP_N_GenomeWideSNP_6_C08_787448	2	133121946	133302224	175	-0.1413
USAGE_p_TCGA_132_133_136_SNP_N_GenomeWideSNP_6_C08_787448	2	133302280	133302367	3	-1.1836
USAGE_p_TCGA_132_133_136_SNP_N_GenomeWideSNP_6_C08_787448	2	133302575	146861446	8672	-0.0748
USAGE_p_TCGA_132_133_136_SNP_N_GenomeWideSNP_6_C08_787448	2	146862085	146865243	10	0.157
USAGE_p_TCGA_132_133_136_SNP_N_GenomeWideSNP_6_C08_787448	2	146865327	146866934	15	0.91
USAGE_p_TCGA_132_133_136_SNP_N_GenomeWideSNP_6_C08_787448	2	146877806	150696040	1986	-0.0582
USAGE_p_TCGA_132_133_136_SNP_N_GenomeWideSNP_6_C08_787448	2	150696629	150699858	2	-1.5488
USAGE_p_TCGA_132_133_136_SNP_N_GenomeWideSNP_6_C08_787448	2	150700746	190320083	24390	-0.0461
USAGE_p_TCGA_132_133_136_SNP_N_GenomeWideSNP_6_C08_787448	2	190321151	190321428	2	-1.189
USAGE_p_TCGA_132_133_136_SNP_N_GenomeWideSNP_6_C08_787448	2	190323376	208358287	10636	-0.0301
USAGE_p_TCGA_132_133_136_SNP_N_GenomeWideSNP_6_C08_787448	2	208358731	208359336	6	0.6326
USAGE_p_TCGA_132_133_136_SNP_N_GenomeWideSNP_6_C08_787448	2	208359476	222989783	9452	-0.0584
USAGE_p_TCGA_132_133_136_SNP_N_GenomeWideSNP_6_C08_787448	2	222989899	222989917	2	-1.4573
USAGE_p_TCGA_132_133_136_SNP_N_GenomeWideSNP_6_C08_787448	2	222991773	224636490	1102	-0.0215
USAGE_p_TCGA_132_133_136_SNP_N_GenomeWideSNP_6_C08_787448	2	224641569	224643987	3	-1.0786
USAGE_p_TCGA_132_133_136_SNP_N_GenomeWideSNP_6_C08_787448	2	224648959	229759836	3344	-0.0376
USAGE_p_TCGA_132_133_136_SNP_N_GenomeWideSNP_6_C08_787448	2	229759913	229760219	6	-0.8722
USAGE_p_TCGA_132_133_136_SNP_N_GenomeWideSNP_6_C08_787448	2	229764890	243089456	8235	-0.0074
USAGE_p_TCGA_132_133_136_SNP_N_GenomeWideSNP_6_C08_787448	3	60345	339693	268	-0.046
USAGE_p_TCGA_132_133_136_SNP_N_GenomeWideSNP_6_C08_787448	3	340113	340221	2	-2.5912
USAGE_p_TCGA_132_133_136_SNP_N_GenomeWideSNP_6_C08_787448	3	340312	5115389	4279	-0.0274
USAGE_p_TCGA_132_133_136_SNP_N_GenomeWideSNP_6_C08_787448	3	5120506	5122629	2	-1.4798
USAGE_p_TCGA_132_133_136_SNP_N_GenomeWideSNP_6_C08_787448	3	5123465	5252130	73	-0.0201
USAGE_p_TCGA_132_133_136_SNP_N_GenomeWideSNP_6_C08_787448	3	5254685	6257225	904	-0.6469
USAGE_p_TCGA_132_133_136_SNP_N_GenomeWideSNP_6_C08_787448	3	6257563	68746164	42344	-0.0192
USAGE_p_TCGA_132_133_136_SNP_N_GenomeWideSNP_6_C08_787448	3	68746259	68747413	14	0.9342
USAGE_p_TCGA_132_133_136_SNP_N_GenomeWideSNP_6_C08_787448	3	68748758	75568549	4936	-0.0469
USAGE_p_TCGA_132_133_136_SNP_N_GenomeWideSNP_6_C08_787448	3	75572549	75586805	6	0.7464
USAGE_p_TCGA_132_133_136_SNP_N_GenomeWideSNP_6_C08_787448	3	75595181	85821279	5679	-0.0842
USAGE_p_TCGA_132_133_136_SNP_N_GenomeWideSNP_6_C08_787448	3	85823561	89162541	1784	-0.6723
USAGE_p_TCGA_132_133_136_SNP_N_GenomeWideSNP_6_C08_787448	3	89162574	90502862	685	-0.1047
USAGE_p_TCGA_132_133_136_SNP_N_GenomeWideSNP_6_C08_787448	3	93519478	98407314	2561	0.5823
USAGE_p_TCGA_132_133_136_SNP_N_GenomeWideSNP_6_C08_787448	3	98407386	98407400	2	-0.6515
USAGE_p_TCGA_132_133_136_SNP_N_GenomeWideSNP_6_C08_787448	3	98416974	98937784	296	0.5994
USAGE_p_TCGA_132_133_136_SNP_N_GenomeWideSNP_6_C08_787448	3	98944458	98949421	38	-0.5105
USAGE_p_TCGA_132_133_136_SNP_N_GenomeWideSNP_6_C08_787448	3	98950964	107203163	4900	0.6034
USAGE_p_TCGA_132_133_136_SNP_N_GenomeWideSNP_6_C08_787448	3	107205499	107205840	3	-0.7538
USAGE_p_TCGA_132_133_136_SNP_N_GenomeWideSNP_6_C08_787448	3	107206496	129785940	13861	0.6387
USAGE_p_TCGA_132_133_136_SNP_N_GenomeWideSNP_6_C08_787448	3	129786209	129798735	40	1.0443
USAGE_p_TCGA_132_133_136_SNP_N_GenomeWideSNP_6_C08_787448	3	129798781	129868734	32	0.379
USAGE_p_TCGA_132_133_136_SNP_N_GenomeWideSNP_6_C08_787448	3	129871535	141861662	7445	0.6373
USAGE_p_TCGA_132_133_136_SNP_N_GenomeWideSNP_6_C08_787448	3	141864422	141917764	27	1.0216
USAGE_p_TCGA_132_133_136_SNP_N_GenomeWideSNP_6_C08_787448	3	141920434	162223833	12620	0.6219
USAGE_p_TCGA_132_133_136_SNP_N_GenomeWideSNP_6_C08_787448	3	162223934	162226738	4	-0.411
USAGE_p_TCGA_132_133_136_SNP_N_GenomeWideSNP_6_C08_787448	3	162226794	162508268	176	0.5542
USAGE_p_TCGA_132_133_136_SNP_N_GenomeWideSNP_6_C08_787448	3	162512657	162625995	70	-1.6668
USAGE_p_TCGA_132_133_136_SNP_N_GenomeWideSNP_6_C08_787448	3	162626572	168730180	3446	0.5981
USAGE_p_TCGA_132_133_136_SNP_N_GenomeWideSNP_6_C08_787448	3	168733402	168738628	2	-0.9487
USAGE_p_TCGA_132_133_136_SNP_N_GenomeWideSNP_6_C08_787448	3	168739827	173441893	3061	0.664
USAGE_p_TCGA_132_133_136_SNP_N_GenomeWideSNP_6_C08_787448	3	173442031	173442689	3	-0.4201
USAGE_p_TCGA_132_133_136_SNP_N_GenomeWideSNP_6_C08_787448	3	173444207	175078518	1153	0.6085
USAGE_p_TCGA_132_133_136_SNP_N_GenomeWideSNP_6_C08_787448	3	175080592	175081325	7	-0.7999
USAGE_p_TCGA_132_133_136_SNP_N_GenomeWideSNP_6_C08_787448	3	175086788	192874747	11532	0.6319
USAGE_p_TCGA_132_133_136_SNP_N_GenomeWideSNP_6_C08_787448	3	192877902	192882903	20	-0.9228
USAGE_p_TCGA_132_133_136_SNP_N_GenomeWideSNP_6_C08_787448	3	192886435	194641316	1162	0.6859
USAGE_p_TCGA_132_133_136_SNP_N_GenomeWideSNP_6_C08_787448	3	194641346	194641845	4	-0.4805
USAGE_p_TCGA_132_133_136_SNP_N_GenomeWideSNP_6_C08_787448	3	194642480	195285664	320	0.6688
USAGE_p_TCGA_132_133_136_SNP_N_GenomeWideSNP_6_C08_787448	3	195285898	195446922	29	-0.6197
USAGE_p_TCGA_132_133_136_SNP_N_GenomeWideSNP_6_C08_787448	3	195455508	195661550	99	0.5731
USAGE_p_TCGA_132_133_136_SNP_N_GenomeWideSNP_6_C08_787448	3	195690846	195718765	7	-0.4986
USAGE_p_TCGA_132_133_136_SNP_N_GenomeWideSNP_6_C08_787448	3	195725304	196868165	574	0.6811
USAGE_p_TCGA_132_133_136_SNP_N_GenomeWideSNP_6_C08_787448	3	196880242	196884466	3	-0.5979
USAGE_p_TCGA_132_133_136_SNP_N_GenomeWideSNP_6_C08_787448	3	196884584	197849705	501	0.639
USAGE_p_TCGA_132_133_136_SNP_N_GenomeWideSNP_6_C08_787448	3	197851225	197896118	9	0.0147
USAGE_p_TCGA_132_133_136_SNP_N_GenomeWideSNP_6_C08_787448	4	12281	4103344	1703	-0.0109
USAGE_p_TCGA_132_133_136_SNP_N_GenomeWideSNP_6_C08_787448	4	4110230	4152760	9	-0.6758
USAGE_p_TCGA_132_133_136_SNP_N_GenomeWideSNP_6_C08_787448	4	4160063	5162389	799	-0.0105
USAGE_p_TCGA_132_133_136_SNP_N_GenomeWideSNP_6_C08_787448	4	5162491	5179702	13	-0.7917
USAGE_p_TCGA_132_133_136_SNP_N_GenomeWideSNP_6_C08_787448	4	5181189	10210390	3279	-0.0216
USAGE_p_TCGA_132_133_136_SNP_N_GenomeWideSNP_6_C08_787448	4	10214160	10231498	29	-1.9348
USAGE_p_TCGA_132_133_136_SNP_N_GenomeWideSNP_6_C08_787448	4	10234214	10235268	7	-0.6344
USAGE_p_TCGA_132_133_136_SNP_N_GenomeWideSNP_6_C08_787448	4	10236142	34778975	16994	-0.0624
USAGE_p_TCGA_132_133_136_SNP_N_GenomeWideSNP_6_C08_787448	4	34779004	34824725	42	0.5418
USAGE_p_TCGA_132_133_136_SNP_N_GenomeWideSNP_6_C08_787448	4	34829872	44965047	6605	-0.0422
USAGE_p_TCGA_132_133_136_SNP_N_GenomeWideSNP_6_C08_787448	4	44965196	45006335	47	0.4184
USAGE_p_TCGA_132_133_136_SNP_N_GenomeWideSNP_6_C08_787448	4	45010969	49511202	2347	-0.0406
USAGE_p_TCGA_132_133_136_SNP_N_GenomeWideSNP_6_C08_787448	4	49561985	49658612	15	-0.5315
USAGE_p_TCGA_132_133_136_SNP_N_GenomeWideSNP_6_C08_787448	4	52685699	55558883	1949	-0.0424
USAGE_p_TCGA_132_133_136_SNP_N_GenomeWideSNP_6_C08_787448	4	55558898	55558934	3	-1.0822
USAGE_p_TCGA_132_133_136_SNP_N_GenomeWideSNP_6_C08_787448	4	55558953	69372003	8537	-0.0797
USAGE_p_TCGA_132_133_136_SNP_N_GenomeWideSNP_6_C08_787448	4	69374941	69485979	65	-1.772
USAGE_p_TCGA_132_133_136_SNP_N_GenomeWideSNP_6_C08_787448	4	69489335	70127644	329	0.0576
USAGE_p_TCGA_132_133_136_SNP_N_GenomeWideSNP_6_C08_787448	4	70127652	70232124	55	-0.5879
USAGE_p_TCGA_132_133_136_SNP_N_GenomeWideSNP_6_C08_787448	4	70236151	70389716	110	-0.0734
USAGE_p_TCGA_132_133_136_SNP_N_GenomeWideSNP_6_C08_787448	4	70389861	70390779	2	1.1751
USAGE_p_TCGA_132_133_136_SNP_N_GenomeWideSNP_6_C08_787448	4	70391888	75515405	3025	-0.0549
USAGE_p_TCGA_132_133_136_SNP_N_GenomeWideSNP_6_C08_787448	4	75519364	75717832	124	0.4086
USAGE_p_TCGA_132_133_136_SNP_N_GenomeWideSNP_6_C08_787448	4	75722075	116166104	24750	-0.0525
USAGE_p_TCGA_132_133_136_SNP_N_GenomeWideSNP_6_C08_787448	4	116172611	116176125	22	-0.5621
USAGE_p_TCGA_132_133_136_SNP_N_GenomeWideSNP_6_C08_787448	4	116180182	130062751	8110	-0.0805
USAGE_p_TCGA_132_133_136_SNP_N_GenomeWideSNP_6_C08_787448	4	130067546	130068160	2	-2.0283
USAGE_p_TCGA_132_133_136_SNP_N_GenomeWideSNP_6_C08_787448	4	130072563	155802548	15391	-0.0698
USAGE_p_TCGA_132_133_136_SNP_N_GenomeWideSNP_6_C08_787448	4	155803005	155803078	3	0.8493
USAGE_p_TCGA_132_133_136_SNP_N_GenomeWideSNP_6_C08_787448	4	155803199	158556891	1850	-0.0974
USAGE_p_TCGA_132_133_136_SNP_N_GenomeWideSNP_6_C08_787448	4	158561123	158561723	6	-1.1336
USAGE_p_TCGA_132_133_136_SNP_N_GenomeWideSNP_6_C08_787448	4	158561859	161880303	2071	-0.0448
USAGE_p_TCGA_132_133_136_SNP_N_GenomeWideSNP_6_C08_787448	4	161880339	161884919	17	-0.5218
USAGE_p_TCGA_132_133_136_SNP_N_GenomeWideSNP_6_C08_787448	4	161884958	172369346	6678	-0.0811
USAGE_p_TCGA_132_133_136_SNP_N_GenomeWideSNP_6_C08_787448	4	172374884	172377444	8	1.7282
USAGE_p_TCGA_132_133_136_SNP_N_GenomeWideSNP_6_C08_787448	4	172377458	172388821	14	0.2086
USAGE_p_TCGA_132_133_136_SNP_N_GenomeWideSNP_6_C08_787448	4	172389097	187743767	10388	-0.07
USAGE_p_TCGA_132_133_136_SNP_N_GenomeWideSNP_6_C08_787448	4	187747224	187815001	47	-0.6317
USAGE_p_TCGA_132_133_136_SNP_N_GenomeWideSNP_6_C08_787448	4	187815250	191027923	2095	-0.0616
USAGE_p_TCGA_132_133_136_SNP_N_GenomeWideSNP_6_C08_787448	5	15532	12819375	10233	-0.0538
USAGE_p_TCGA_132_133_136_SNP_N_GenomeWideSNP_6_C08_787448	5	12819666	12826650	7	0.8226
USAGE_p_TCGA_132_133_136_SNP_N_GenomeWideSNP_6_C08_787448	5	12833857	15719350	1982	8e-04
USAGE_p_TCGA_132_133_136_SNP_N_GenomeWideSNP_6_C08_787448	5	15720075	15720597	9	-0.6699
USAGE_p_TCGA_132_133_136_SNP_N_GenomeWideSNP_6_C08_787448	5	15723346	32102731	10146	-0.0723
USAGE_p_TCGA_132_133_136_SNP_N_GenomeWideSNP_6_C08_787448	5	32107084	32170287	41	0.694
USAGE_p_TCGA_132_133_136_SNP_N_GenomeWideSNP_6_C08_787448	5	32171096	46191884	8383	-0.0379
USAGE_p_TCGA_132_133_136_SNP_N_GenomeWideSNP_6_C08_787448	5	46195883	46199435	4	-1.6003
USAGE_p_TCGA_132_133_136_SNP_N_GenomeWideSNP_6_C08_787448	5	46209299	46251306	13	-0.0512
USAGE_p_TCGA_132_133_136_SNP_N_GenomeWideSNP_6_C08_787448	5	46271008	46273502	8	0.8606
USAGE_p_TCGA_132_133_136_SNP_N_GenomeWideSNP_6_C08_787448	5	46278212	52402048	1719	-0.0329
USAGE_p_TCGA_132_133_136_SNP_N_GenomeWideSNP_6_C08_787448	5	52404519	52409439	3	-1.3095
USAGE_p_TCGA_132_133_136_SNP_N_GenomeWideSNP_6_C08_787448	5	52411785	57329629	3368	-0.0282
USAGE_p_TCGA_132_133_136_SNP_N_GenomeWideSNP_6_C08_787448	5	57329756	57330334	7	-0.7949
USAGE_p_TCGA_132_133_136_SNP_N_GenomeWideSNP_6_C08_787448	5	57331679	61573372	2857	-0.0387
USAGE_p_TCGA_132_133_136_SNP_N_GenomeWideSNP_6_C08_787448	5	61574991	61576273	3	-1.2867
USAGE_p_TCGA_132_133_136_SNP_N_GenomeWideSNP_6_C08_787448	5	61582192	86111756	14144	-0.0438
USAGE_p_TCGA_132_133_136_SNP_N_GenomeWideSNP_6_C08_787448	5	86115378	86119146	3	-1.2384
USAGE_p_TCGA_132_133_136_SNP_N_GenomeWideSNP_6_C08_787448	5	86121629	96911070	5880	-0.0724
USAGE_p_TCGA_132_133_136_SNP_N_GenomeWideSNP_6_C08_787448	5	96911529	96916683	2	-1.2657
USAGE_p_TCGA_132_133_136_SNP_N_GenomeWideSNP_6_C08_787448	5	96917834	97485129	331	-0.0079
USAGE_p_TCGA_132_133_136_SNP_N_GenomeWideSNP_6_C08_787448	5	97487008	97487225	4	1.144
USAGE_p_TCGA_132_133_136_SNP_N_GenomeWideSNP_6_C08_787448	5	97492056	110671976	8023	-0.0666
USAGE_p_TCGA_132_133_136_SNP_N_GenomeWideSNP_6_C08_787448	5	110678050	130083837	13086	-0.6834
USAGE_p_TCGA_132_133_136_SNP_N_GenomeWideSNP_6_C08_787448	5	130086262	140218722	5802	-0.023
USAGE_p_TCGA_132_133_136_SNP_N_GenomeWideSNP_6_C08_787448	5	140223836	140231839	9	-1.5534
USAGE_p_TCGA_132_133_136_SNP_N_GenomeWideSNP_6_C08_787448	5	140241027	175460087	24332	-0.0492
USAGE_p_TCGA_132_133_136_SNP_N_GenomeWideSNP_6_C08_787448	5	175465689	175469507	2	-2.3527
USAGE_p_TCGA_132_133_136_SNP_N_GenomeWideSNP_6_C08_787448	5	175470324	180790320	2733	-0.0267
USAGE_p_TCGA_132_133_136_SNP_N_GenomeWideSNP_6_C08_787448	6	149661	254283	101	-0.1433
USAGE_p_TCGA_132_133_136_SNP_N_GenomeWideSNP_6_C08_787448	6	257353	290598	17	0.4944
USAGE_p_TCGA_132_133_136_SNP_N_GenomeWideSNP_6_C08_787448	6	291082	25400396	19289	-0.0372
USAGE_p_TCGA_132_133_136_SNP_N_GenomeWideSNP_6_C08_787448	6	25402158	25402531	5	-1.8705
USAGE_p_TCGA_132_133_136_SNP_N_GenomeWideSNP_6_C08_787448	6	25409294	26423901	705	-0.0465
USAGE_p_TCGA_132_133_136_SNP_N_GenomeWideSNP_6_C08_787448	6	26425422	26670250	141	0.3574
USAGE_p_TCGA_132_133_136_SNP_N_GenomeWideSNP_6_C08_787448	6	26671328	29836741	1487	-0.077
USAGE_p_TCGA_132_133_136_SNP_N_GenomeWideSNP_6_C08_787448	6	29837072	29874808	25	-0.4773
USAGE_p_TCGA_132_133_136_SNP_N_GenomeWideSNP_6_C08_787448	6	29876959	31280823	665	0.0116
USAGE_p_TCGA_132_133_136_SNP_N_GenomeWideSNP_6_C08_787448	6	31286276	31295406	7	-1.098
USAGE_p_TCGA_132_133_136_SNP_N_GenomeWideSNP_6_C08_787448	6	31295953	32449523	511	0.0097
USAGE_p_TCGA_132_133_136_SNP_N_GenomeWideSNP_6_C08_787448	6	32452801	32626618	69	-0.4067
USAGE_p_TCGA_132_133_136_SNP_N_GenomeWideSNP_6_C08_787448	6	32650612	65336942	18107	-0.0288
USAGE_p_TCGA_132_133_136_SNP_N_GenomeWideSNP_6_C08_787448	6	65347544	65348992	2	-2.2611
USAGE_p_TCGA_132_133_136_SNP_N_GenomeWideSNP_6_C08_787448	6	65350776	78972953	8961	-0.0718
USAGE_p_TCGA_132_133_136_SNP_N_GenomeWideSNP_6_C08_787448	6	78979112	79039234	98	0.3017
USAGE_p_TCGA_132_133_136_SNP_N_GenomeWideSNP_6_C08_787448	6	79041633	103737976	15492	-0.0688
USAGE_p_TCGA_132_133_136_SNP_N_GenomeWideSNP_6_C08_787448	6	103738039	103762061	45	0.5431
USAGE_p_TCGA_132_133_136_SNP_N_GenomeWideSNP_6_C08_787448	6	103765470	168176592	42340	-0.0607
USAGE_p_TCGA_132_133_136_SNP_N_GenomeWideSNP_6_C08_787448	6	168176692	168258625	28	0.3423
USAGE_p_TCGA_132_133_136_SNP_N_GenomeWideSNP_6_C08_787448	6	168262732	171051005	1902	-0.0447
USAGE_p_TCGA_132_133_136_SNP_N_GenomeWideSNP_6_C08_787448	7	43355	1172588	323	0.3766
USAGE_p_TCGA_132_133_136_SNP_N_GenomeWideSNP_6_C08_787448	7	1178924	1182756	7	-0.3973
USAGE_p_TCGA_132_133_136_SNP_N_GenomeWideSNP_6_C08_787448	7	1189158	5392769	2496	0.4208
USAGE_p_TCGA_132_133_136_SNP_N_GenomeWideSNP_6_C08_787448	7	5396887	5631264	84	0.6998
USAGE_p_TCGA_132_133_136_SNP_N_GenomeWideSNP_6_C08_787448	7	5636712	25977129	15868	0.3867
USAGE_p_TCGA_132_133_136_SNP_N_GenomeWideSNP_6_C08_787448	7	25984939	26055072	52	1.0536
USAGE_p_TCGA_132_133_136_SNP_N_GenomeWideSNP_6_C08_787448	7	26061860	54366916	19751	0.388
USAGE_p_TCGA_132_133_136_SNP_N_GenomeWideSNP_6_C08_787448	7	54373148	54380373	3	0.8925
USAGE_p_TCGA_132_133_136_SNP_N_GenomeWideSNP_6_C08_787448	7	54386505	54386517	6	-1.0278
USAGE_p_TCGA_132_133_136_SNP_N_GenomeWideSNP_6_C08_787448	7	54393488	64594065	3141	0.3436
USAGE_p_TCGA_132_133_136_SNP_N_GenomeWideSNP_6_C08_787448	7	64594341	64595698	5	-0.6833
USAGE_p_TCGA_132_133_136_SNP_N_GenomeWideSNP_6_C08_787448	7	64637128	68399773	1932	0.387
USAGE_p_TCGA_132_133_136_SNP_N_GenomeWideSNP_6_C08_787448	7	68406060	68407050	2	-2.9836
USAGE_p_TCGA_132_133_136_SNP_N_GenomeWideSNP_6_C08_787448	7	68407196	76053571	3398	0.4
USAGE_p_TCGA_132_133_136_SNP_N_GenomeWideSNP_6_C08_787448	7	76054285	76179714	22	-0.001
USAGE_p_TCGA_132_133_136_SNP_N_GenomeWideSNP_6_C08_787448	7	76197430	76300635	44	0.4003
USAGE_p_TCGA_132_133_136_SNP_N_GenomeWideSNP_6_C08_787448	7	76301839	76310660	34	-0.0675
USAGE_p_TCGA_132_133_136_SNP_N_GenomeWideSNP_6_C08_787448	7	76325757	97385933	13588	0.364
USAGE_p_TCGA_132_133_136_SNP_N_GenomeWideSNP_6_C08_787448	7	97385970	97395509	9	-0.2701
USAGE_p_TCGA_132_133_136_SNP_N_GenomeWideSNP_6_C08_787448	7	97401932	119148022	12550	0.3813
USAGE_p_TCGA_132_133_136_SNP_N_GenomeWideSNP_6_C08_787448	7	119148085	119149803	2	-0.9172
USAGE_p_TCGA_132_133_136_SNP_N_GenomeWideSNP_6_C08_787448	7	119149817	126044534	4171	0.3436
USAGE_p_TCGA_132_133_136_SNP_N_GenomeWideSNP_6_C08_787448	7	126044923	126046876	15	0.89
USAGE_p_TCGA_132_133_136_SNP_N_GenomeWideSNP_6_C08_787448	7	126046877	133778652	4705	0.3904
USAGE_p_TCGA_132_133_136_SNP_N_GenomeWideSNP_6_C08_787448	7	133785177	133795634	25	-1.7351
USAGE_p_TCGA_132_133_136_SNP_N_GenomeWideSNP_6_C08_787448	7	133795665	133799197	11	-0.3273
USAGE_p_TCGA_132_133_136_SNP_N_GenomeWideSNP_6_C08_787448	7	133806244	135436050	1163	0.3586
USAGE_p_TCGA_132_133_136_SNP_N_GenomeWideSNP_6_C08_787448	7	135436924	135440678	2	-0.9865
USAGE_p_TCGA_132_133_136_SNP_N_GenomeWideSNP_6_C08_787448	7	135441131	138075192	1753	0.337
USAGE_p_TCGA_132_133_136_SNP_N_GenomeWideSNP_6_C08_787448	7	138076024	138079984	2	-0.9186
USAGE_p_TCGA_132_133_136_SNP_N_GenomeWideSNP_6_C08_787448	7	138081425	142474939	2773	0.4102
USAGE_p_TCGA_132_133_136_SNP_N_GenomeWideSNP_6_C08_787448	7	142476719	142486115	28	-0.0453
USAGE_p_TCGA_132_133_136_SNP_N_GenomeWideSNP_6_C08_787448	7	142486345	153147217	6460	0.367
USAGE_p_TCGA_132_133_136_SNP_N_GenomeWideSNP_6_C08_787448	7	153147517	153147638	5	-0.1979
USAGE_p_TCGA_132_133_136_SNP_N_GenomeWideSNP_6_C08_787448	7	153147645	153147712	2	-1.7267
USAGE_p_TCGA_132_133_136_SNP_N_GenomeWideSNP_6_C08_787448	7	153147715	154389895	866	0.3602
USAGE_p_TCGA_132_133_136_SNP_N_GenomeWideSNP_6_C08_787448	7	154393171	154399613	4	-1.7842
USAGE_p_TCGA_132_133_136_SNP_N_GenomeWideSNP_6_C08_787448	7	154400830	154886098	434	0.3874
USAGE_p_TCGA_132_133_136_SNP_N_GenomeWideSNP_6_C08_787448	7	154886199	154891952	35	0.061
USAGE_p_TCGA_132_133_136_SNP_N_GenomeWideSNP_6_C08_787448	7	154892492	159127004	2777	0.4172
USAGE_p_TCGA_132_133_136_SNP_N_GenomeWideSNP_6_C08_787448	8	31254	1360130	862	-0.7113
USAGE_p_TCGA_132_133_136_SNP_N_GenomeWideSNP_6_C08_787448	8	1360322	1360702	9	-1.9705
USAGE_p_TCGA_132_133_136_SNP_N_GenomeWideSNP_6_C08_787448	8	1360734	24972187	20904	-0.6876
USAGE_p_TCGA_132_133_136_SNP_N_GenomeWideSNP_6_C08_787448	8	24974443	24984333	27	0.1335
USAGE_p_TCGA_132_133_136_SNP_N_GenomeWideSNP_6_C08_787448	8	24991104	34634133	6557	-0.6791
USAGE_p_TCGA_132_133_136_SNP_N_GenomeWideSNP_6_C08_787448	8	34637923	39230183	2474	0.3907
USAGE_p_TCGA_132_133_136_SNP_N_GenomeWideSNP_6_C08_787448	8	39230325	39384969	59	-0.1263
USAGE_p_TCGA_132_133_136_SNP_N_GenomeWideSNP_6_C08_787448	8	39385194	47525576	2776	0.3815
USAGE_p_TCGA_132_133_136_SNP_N_GenomeWideSNP_6_C08_787448	8	47527548	47536546	9	1.1169
USAGE_p_TCGA_132_133_136_SNP_N_GenomeWideSNP_6_C08_787448	8	47546095	52733544	2894	0.3456
USAGE_p_TCGA_132_133_136_SNP_N_GenomeWideSNP_6_C08_787448	8	52734637	55208930	1592	0.6845
USAGE_p_TCGA_132_133_136_SNP_N_GenomeWideSNP_6_C08_787448	8	55209048	55211118	7	-0.5757
USAGE_p_TCGA_132_133_136_SNP_N_GenomeWideSNP_6_C08_787448	8	55211213	60989451	3870	0.6472
USAGE_p_TCGA_132_133_136_SNP_N_GenomeWideSNP_6_C08_787448	8	60999098	61002858	12	1.1231
USAGE_p_TCGA_132_133_136_SNP_N_GenomeWideSNP_6_C08_787448	8	61002964	95055859	20274	0.6547
USAGE_p_TCGA_132_133_136_SNP_N_GenomeWideSNP_6_C08_787448	8	95059014	95059683	3	-0.188
USAGE_p_TCGA_132_133_136_SNP_N_GenomeWideSNP_6_C08_787448	8	95062095	112291494	10638	0.6705
USAGE_p_TCGA_132_133_136_SNP_N_GenomeWideSNP_6_C08_787448	8	112294279	112295260	10	-0.6749
USAGE_p_TCGA_132_133_136_SNP_N_GenomeWideSNP_6_C08_787448	8	112300281	113375693	570	0.6032
USAGE_p_TCGA_132_133_136_SNP_N_GenomeWideSNP_6_C08_787448	8	113375824	113375895	2	-0.9218
USAGE_p_TCGA_132_133_136_SNP_N_GenomeWideSNP_6_C08_787448	8	113376378	144304632	21738	0.6722
USAGE_p_TCGA_132_133_136_SNP_N_GenomeWideSNP_6_C08_787448	8	144309755	144310602	9	-0.4136
USAGE_p_TCGA_132_133_136_SNP_N_GenomeWideSNP_6_C08_787448	8	144310617	144699157	120	0.7948
USAGE_p_TCGA_132_133_136_SNP_N_GenomeWideSNP_6_C08_787448	8	144705157	144707808	9	-0.4534
USAGE_p_TCGA_132_133_136_SNP_N_GenomeWideSNP_6_C08_787448	8	144718989	146298155	505	0.6747
USAGE_p_TCGA_132_133_136_SNP_N_GenomeWideSNP_6_C08_787448	9	46587	2148837	2326	0.0046
USAGE_p_TCGA_132_133_136_SNP_N_GenomeWideSNP_6_C08_787448	9	2148966	2150662	5	-1.1462
USAGE_p_TCGA_132_133_136_SNP_N_GenomeWideSNP_6_C08_787448	9	2152115	6695986	4063	0.0112
USAGE_p_TCGA_132_133_136_SNP_N_GenomeWideSNP_6_C08_787448	9	6701145	6707519	6	-0.9781
USAGE_p_TCGA_132_133_136_SNP_N_GenomeWideSNP_6_C08_787448	9	6708357	7222895	521	0.0107
USAGE_p_TCGA_132_133_136_SNP_N_GenomeWideSNP_6_C08_787448	9	7226519	7228807	4	-1.186
USAGE_p_TCGA_132_133_136_SNP_N_GenomeWideSNP_6_C08_787448	9	7229073	31711586	19714	-0.0293
USAGE_p_TCGA_132_133_136_SNP_N_GenomeWideSNP_6_C08_787448	9	31711930	31711996	2	-1.4804
USAGE_p_TCGA_132_133_136_SNP_N_GenomeWideSNP_6_C08_787448	9	31712031	38994130	4579	-0.0122
USAGE_p_TCGA_132_133_136_SNP_N_GenomeWideSNP_6_C08_787448	9	38996103	39011602	4	-1.1987
USAGE_p_TCGA_132_133_136_SNP_N_GenomeWideSNP_6_C08_787448	9	39014962	43658083	196	-0.1058
USAGE_p_TCGA_132_133_136_SNP_N_GenomeWideSNP_6_C08_787448	9	43662908	43701838	9	0.4157
USAGE_p_TCGA_132_133_136_SNP_N_GenomeWideSNP_6_C08_787448	9	43705252	44404912	57	-0.2704
USAGE_p_TCGA_132_133_136_SNP_N_GenomeWideSNP_6_C08_787448	9	44424451	44837527	38	0.3972
USAGE_p_TCGA_132_133_136_SNP_N_GenomeWideSNP_6_C08_787448	9	44840918	126306780	40240	-0.0156
USAGE_p_TCGA_132_133_136_SNP_N_GenomeWideSNP_6_C08_787448	9	126312734	126312791	2	-1.3279
USAGE_p_TCGA_132_133_136_SNP_N_GenomeWideSNP_6_C08_787448	9	126313714	134258779	4529	0.0227
USAGE_p_TCGA_132_133_136_SNP_N_GenomeWideSNP_6_C08_787448	9	134260926	134272015	6	-1.0104
USAGE_p_TCGA_132_133_136_SNP_N_GenomeWideSNP_6_C08_787448	9	134272050	138140002	2486	0.0157
USAGE_p_TCGA_132_133_136_SNP_N_GenomeWideSNP_6_C08_787448	9	138151672	138171361	16	-0.5882
USAGE_p_TCGA_132_133_136_SNP_N_GenomeWideSNP_6_C08_787448	9	138171694	138214105	27	-0.0722
USAGE_p_TCGA_132_133_136_SNP_N_GenomeWideSNP_6_C08_787448	9	138215622	138216412	2	-2.5975
USAGE_p_TCGA_132_133_136_SNP_N_GenomeWideSNP_6_C08_787448	9	138217797	141091394	1114	-0.0161
USAGE_p_TCGA_132_133_136_SNP_N_GenomeWideSNP_6_C08_787448	10	72759	5101926	4368	-0.0249
USAGE_p_TCGA_132_133_136_SNP_N_GenomeWideSNP_6_C08_787448	10	5101939	5101963	2	-1.323
USAGE_p_TCGA_132_133_136_SNP_N_GenomeWideSNP_6_C08_787448	10	5103492	17927554	10512	-0.0328
USAGE_p_TCGA_132_133_136_SNP_N_GenomeWideSNP_6_C08_787448	10	17938208	17949857	2	-1.957
USAGE_p_TCGA_132_133_136_SNP_N_GenomeWideSNP_6_C08_787448	10	17971816	24377674	4357	-0.0514
USAGE_p_TCGA_132_133_136_SNP_N_GenomeWideSNP_6_C08_787448	10	24377675	24377682	6	-1.6593
USAGE_p_TCGA_132_133_136_SNP_N_GenomeWideSNP_6_C08_787448	10	24377918	24380683	10	-0.3112
USAGE_p_TCGA_132_133_136_SNP_N_GenomeWideSNP_6_C08_787448	10	24380698	27227724	1995	-0.0294
USAGE_p_TCGA_132_133_136_SNP_N_GenomeWideSNP_6_C08_787448	10	27227765	27229993	7	-0.7927
USAGE_p_TCGA_132_133_136_SNP_N_GenomeWideSNP_6_C08_787448	10	27230675	30818428	2704	-0.0309
USAGE_p_TCGA_132_133_136_SNP_N_GenomeWideSNP_6_C08_787448	10	30818824	30819529	3	-0.9405
USAGE_p_TCGA_132_133_136_SNP_N_GenomeWideSNP_6_C08_787448	10	30820090	31246510	334	-0.0472
USAGE_p_TCGA_132_133_136_SNP_N_GenomeWideSNP_6_C08_787448	10	31251334	31251738	10	-0.6285
USAGE_p_TCGA_132_133_136_SNP_N_GenomeWideSNP_6_C08_787448	10	31251779	47640534	7547	-0.041
USAGE_p_TCGA_132_133_136_SNP_N_GenomeWideSNP_6_C08_787448	10	47640605	47640757	2	-2.021
USAGE_p_TCGA_132_133_136_SNP_N_GenomeWideSNP_6_C08_787448	10	47641104	58512855	6731	-0.0464
USAGE_p_TCGA_132_133_136_SNP_N_GenomeWideSNP_6_C08_787448	10	58516375	58526837	41	-0.7993
USAGE_p_TCGA_132_133_136_SNP_N_GenomeWideSNP_6_C08_787448	10	58532752	65817792	5115	-0.0416
USAGE_p_TCGA_132_133_136_SNP_N_GenomeWideSNP_6_C08_787448	10	65817845	65817857	2	-1.526
USAGE_p_TCGA_132_133_136_SNP_N_GenomeWideSNP_6_C08_787448	10	65818272	67305085	1000	-0.0478
USAGE_p_TCGA_132_133_136_SNP_N_GenomeWideSNP_6_C08_787448	10	67305111	67336488	47	0.2755
USAGE_p_TCGA_132_133_136_SNP_N_GenomeWideSNP_6_C08_787448	10	67340178	68368082	799	-0.0496
USAGE_p_TCGA_132_133_136_SNP_N_GenomeWideSNP_6_C08_787448	10	68370020	68370045	2	-1.4922
USAGE_p_TCGA_132_133_136_SNP_N_GenomeWideSNP_6_C08_787448	10	68372097	96865299	18717	-0.0256
USAGE_p_TCGA_132_133_136_SNP_N_GenomeWideSNP_6_C08_787448	10	96865300	96869706	8	-0.5565
USAGE_p_TCGA_132_133_136_SNP_N_GenomeWideSNP_6_C08_787448	10	96875714	109132033	7735	-0.0253
USAGE_p_TCGA_132_133_136_SNP_N_GenomeWideSNP_6_C08_787448	10	109132303	109132552	9	0.4619
USAGE_p_TCGA_132_133_136_SNP_N_GenomeWideSNP_6_C08_787448	10	109132638	135506704	19032	-0.0281
USAGE_p_TCGA_132_133_136_SNP_N_GenomeWideSNP_6_C08_787448	11	198510	5783923	3303	-0.0185
USAGE_p_TCGA_132_133_136_SNP_N_GenomeWideSNP_6_C08_787448	11	5787405	5812360	36	0.3391
USAGE_p_TCGA_132_133_136_SNP_N_GenomeWideSNP_6_C08_787448	11	5816186	6107790	238	-0.049
USAGE_p_TCGA_132_133_136_SNP_N_GenomeWideSNP_6_C08_787448	11	6108269	6122094	8	-1.1314
USAGE_p_TCGA_132_133_136_SNP_N_GenomeWideSNP_6_C08_787448	11	6122503	55374048	31087	-0.033
USAGE_p_TCGA_132_133_136_SNP_N_GenomeWideSNP_6_C08_787448	11	55374188	55435127	42	-0.3679
USAGE_p_TCGA_132_133_136_SNP_N_GenomeWideSNP_6_C08_787448	11	55437719	74024165	9589	-0.0118
USAGE_p_TCGA_132_133_136_SNP_N_GenomeWideSNP_6_C08_787448	11	74024257	74029530	4	-1.0549
USAGE_p_TCGA_132_133_136_SNP_N_GenomeWideSNP_6_C08_787448	11	74032698	85258080	7518	-0.0342
USAGE_p_TCGA_132_133_136_SNP_N_GenomeWideSNP_6_C08_787448	11	85258847	85262785	2	1.2217
USAGE_p_TCGA_132_133_136_SNP_N_GenomeWideSNP_6_C08_787448	11	85267366	90601741	3429	-0.0499
USAGE_p_TCGA_132_133_136_SNP_N_GenomeWideSNP_6_C08_787448	11	90604351	90604925	2	-1.3175
USAGE_p_TCGA_132_133_136_SNP_N_GenomeWideSNP_6_C08_787448	11	90606790	134944770	31908	-0.0445
USAGE_p_TCGA_132_133_136_SNP_N_GenomeWideSNP_6_C08_787448	12	150442	865970	418	-0.0624
USAGE_p_TCGA_132_133_136_SNP_N_GenomeWideSNP_6_C08_787448	12	869109	874029	18	-0.6478
USAGE_p_TCGA_132_133_136_SNP_N_GenomeWideSNP_6_C08_787448	12	875354	11220724	6842	-0.0196
USAGE_p_TCGA_132_133_136_SNP_N_GenomeWideSNP_6_C08_787448	12	11220827	11241532	11	-1.198
USAGE_p_TCGA_132_133_136_SNP_N_GenomeWideSNP_6_C08_787448	12	11251874	33301561	15600	-0.031
USAGE_p_TCGA_132_133_136_SNP_N_GenomeWideSNP_6_C08_787448	12	33301640	33307078	21	0.3891
USAGE_p_TCGA_132_133_136_SNP_N_GenomeWideSNP_6_C08_787448	12	33307374	33379925	44	3e-04
USAGE_p_TCGA_132_133_136_SNP_N_GenomeWideSNP_6_C08_787448	12	33379966	33395418	8	-0.5719
USAGE_p_TCGA_132_133_136_SNP_N_GenomeWideSNP_6_C08_787448	12	33399053	70871858	20783	-0.0334
USAGE_p_TCGA_132_133_136_SNP_N_GenomeWideSNP_6_C08_787448	12	70872675	70878027	9	-0.7783
USAGE_p_TCGA_132_133_136_SNP_N_GenomeWideSNP_6_C08_787448	12	70879385	133778189	41342	-0.0401
USAGE_p_TCGA_132_133_136_SNP_N_GenomeWideSNP_6_C08_787448	13	19026949	38075965	13573	0.6819
USAGE_p_TCGA_132_133_136_SNP_N_GenomeWideSNP_6_C08_787448	13	38076267	38084757	12	1.5423
USAGE_p_TCGA_132_133_136_SNP_N_GenomeWideSNP_6_C08_787448	13	38088330	39052811	701	0.6152
USAGE_p_TCGA_132_133_136_SNP_N_GenomeWideSNP_6_C08_787448	13	39057572	39058056	2	2.0559
USAGE_p_TCGA_132_133_136_SNP_N_GenomeWideSNP_6_C08_787448	13	39065057	49531551	7335	0.6716
USAGE_p_TCGA_132_133_136_SNP_N_GenomeWideSNP_6_C08_787448	13	49533715	49536504	2	-3.103
USAGE_p_TCGA_132_133_136_SNP_N_GenomeWideSNP_6_C08_787448	13	49537705	53094799	1875	0.7215
USAGE_p_TCGA_132_133_136_SNP_N_GenomeWideSNP_6_C08_787448	13	53097984	53105785	3	-1.5192
USAGE_p_TCGA_132_133_136_SNP_N_GenomeWideSNP_6_C08_787448	13	53117879	57751096	2629	0.6381
USAGE_p_TCGA_132_133_136_SNP_N_GenomeWideSNP_6_C08_787448	13	57758270	57778380	34	-0.1526
USAGE_p_TCGA_132_133_136_SNP_N_GenomeWideSNP_6_C08_787448	13	57789714	67152776	5607	0.633
USAGE_p_TCGA_132_133_136_SNP_N_GenomeWideSNP_6_C08_787448	13	67153019	67170994	12	0.9122
USAGE_p_TCGA_132_133_136_SNP_N_GenomeWideSNP_6_C08_787448	13	67172779	72476988	3387	0.6239
USAGE_p_TCGA_132_133_136_SNP_N_GenomeWideSNP_6_C08_787448	13	72477555	72480556	4	-3.4721
USAGE_p_TCGA_132_133_136_SNP_N_GenomeWideSNP_6_C08_787448	13	72480605	102000210	19365	0.6498
USAGE_p_TCGA_132_133_136_SNP_N_GenomeWideSNP_6_C08_787448	13	102000815	102000945	2	-0.4847
USAGE_p_TCGA_132_133_136_SNP_N_GenomeWideSNP_6_C08_787448	13	102001521	115108397	9798	0.6875
USAGE_p_TCGA_132_133_136_SNP_N_GenomeWideSNP_6_C08_787448	14	19002124	19171044	18	-0.3845
USAGE_p_TCGA_132_133_136_SNP_N_GenomeWideSNP_6_C08_787448	14	19191718	19469520	20	0.1782
USAGE_p_TCGA_132_133_136_SNP_N_GenomeWideSNP_6_C08_787448	14	19541714	19801755	23	-0.3639
USAGE_p_TCGA_132_133_136_SNP_N_GenomeWideSNP_6_C08_787448	14	19802541	26763627	4460	0.0264
USAGE_p_TCGA_132_133_136_SNP_N_GenomeWideSNP_6_C08_787448	14	26769722	26769723	2	1.2286
USAGE_p_TCGA_132_133_136_SNP_N_GenomeWideSNP_6_C08_787448	14	26769725	41608358	9314	-0.0315
USAGE_p_TCGA_132_133_136_SNP_N_GenomeWideSNP_6_C08_787448	14	41610496	41657349	15	-0.7012
USAGE_p_TCGA_132_133_136_SNP_N_GenomeWideSNP_6_C08_787448	14	41670102	74001123	20487	-0.023
USAGE_p_TCGA_132_133_136_SNP_N_GenomeWideSNP_6_C08_787448	14	74006707	74029915	10	1.005
USAGE_p_TCGA_132_133_136_SNP_N_GenomeWideSNP_6_C08_787448	14	74030731	81520120	4952	-0.0104
USAGE_p_TCGA_132_133_136_SNP_N_GenomeWideSNP_6_C08_787448	14	81520469	82867628	850	-0.6781
USAGE_p_TCGA_132_133_136_SNP_N_GenomeWideSNP_6_C08_787448	14	82870110	99830039	11940	-0.0424
USAGE_p_TCGA_132_133_136_SNP_N_GenomeWideSNP_6_C08_787448	14	99830888	99838190	5	-1.0107
USAGE_p_TCGA_132_133_136_SNP_N_GenomeWideSNP_6_C08_787448	14	99840422	105085703	2654	0.0149
USAGE_p_TCGA_132_133_136_SNP_N_GenomeWideSNP_6_C08_787448	14	105086475	106460902	393	-0.6556
USAGE_p_TCGA_132_133_136_SNP_N_GenomeWideSNP_6_C08_787448	14	106479675	106479941	2	1.5675
USAGE_p_TCGA_132_133_136_SNP_N_GenomeWideSNP_6_C08_787448	14	106482128	106525312	19	-0.4935
USAGE_p_TCGA_132_133_136_SNP_N_GenomeWideSNP_6_C08_787448	14	106526966	106569463	20	-0.0446
USAGE_p_TCGA_132_133_136_SNP_N_GenomeWideSNP_6_C08_787448	14	106574118	106783044	101	-0.7114
USAGE_p_TCGA_132_133_136_SNP_N_GenomeWideSNP_6_C08_787448	14	106796025	106802053	7	-1.73
USAGE_p_TCGA_132_133_136_SNP_N_GenomeWideSNP_6_C08_787448	14	106815943	106863521	26	-0.74
USAGE_p_TCGA_132_133_136_SNP_N_GenomeWideSNP_6_C08_787448	14	106863524	106943834	68	-0.3281
USAGE_p_TCGA_132_133_136_SNP_N_GenomeWideSNP_6_C08_787448	14	106948568	107285437	212	-0.687
USAGE_p_TCGA_132_133_136_SNP_N_GenomeWideSNP_6_C08_787448	15	20016328	30386411	5088	-0.4344
USAGE_p_TCGA_132_133_136_SNP_N_GenomeWideSNP_6_C08_787448	15	30398229	30900878	110	-1.3593
USAGE_p_TCGA_132_133_136_SNP_N_GenomeWideSNP_6_C08_787448	15	30913587	32444055	1048	-0.3883
USAGE_p_TCGA_132_133_136_SNP_N_GenomeWideSNP_6_C08_787448	15	32460887	32857412	64	-0.8059
USAGE_p_TCGA_132_133_136_SNP_N_GenomeWideSNP_6_C08_787448	15	32857482	34719811	1493	-0.363
USAGE_p_TCGA_132_133_136_SNP_N_GenomeWideSNP_6_C08_787448	15	34719935	34727189	6	-1.1745
USAGE_p_TCGA_132_133_136_SNP_N_GenomeWideSNP_6_C08_787448	15	34727622	34745719	10	-0.3316
USAGE_p_TCGA_132_133_136_SNP_N_GenomeWideSNP_6_C08_787448	15	34745778	34747343	3	-1.7488
USAGE_p_TCGA_132_133_136_SNP_N_GenomeWideSNP_6_C08_787448	15	34748122	70120213	22765	-0.3751
USAGE_p_TCGA_132_133_136_SNP_N_GenomeWideSNP_6_C08_787448	15	70123924	70125489	2	-2.3691
USAGE_p_TCGA_132_133_136_SNP_N_GenomeWideSNP_6_C08_787448	15	70127589	76891511	3728	-0.3569
USAGE_p_TCGA_132_133_136_SNP_N_GenomeWideSNP_6_C08_787448	15	76891627	76895775	20	-1.2331
USAGE_p_TCGA_132_133_136_SNP_N_GenomeWideSNP_6_C08_787448	15	76902179	88493894	7258	-0.3812
USAGE_p_TCGA_132_133_136_SNP_N_GenomeWideSNP_6_C08_787448	15	88498103	100805619	9189	0.1474
USAGE_p_TCGA_132_133_136_SNP_N_GenomeWideSNP_6_C08_787448	15	100806324	100806646	2	-1.6899
USAGE_p_TCGA_132_133_136_SNP_N_GenomeWideSNP_6_C08_787448	15	100807021	102429125	1223	0.1324
USAGE_p_TCGA_132_133_136_SNP_N_GenomeWideSNP_6_C08_787448	15	102435009	102469040	5	-0.5823
USAGE_p_TCGA_132_133_136_SNP_N_GenomeWideSNP_6_C08_787448	16	60777	14752209	11109	0.0311
USAGE_p_TCGA_132_133_136_SNP_N_GenomeWideSNP_6_C08_787448	16	14754198	15087176	79	-0.3034
USAGE_p_TCGA_132_133_136_SNP_N_GenomeWideSNP_6_C08_787448	16	15087177	18165043	1606	-0.0545
USAGE_p_TCGA_132_133_136_SNP_N_GenomeWideSNP_6_C08_787448	16	18166459	18429385	21	-0.422
USAGE_p_TCGA_132_133_136_SNP_N_GenomeWideSNP_6_C08_787448	16	18551587	32307220	7304	0.0023
USAGE_p_TCGA_132_133_136_SNP_N_GenomeWideSNP_6_C08_787448	16	32339105	32878329	102	0.2719
USAGE_p_TCGA_132_133_136_SNP_N_GenomeWideSNP_6_C08_787448	16	32878335	33101604	25	-0.2984
USAGE_p_TCGA_132_133_136_SNP_N_GenomeWideSNP_6_C08_787448	16	33241953	55795214	7080	-0.0079
USAGE_p_TCGA_132_133_136_SNP_N_GenomeWideSNP_6_C08_787448	16	55796389	55822397	21	-2.5924
USAGE_p_TCGA_132_133_136_SNP_N_GenomeWideSNP_6_C08_787448	16	55822444	55842382	5	-0.1206
USAGE_p_TCGA_132_133_136_SNP_N_GenomeWideSNP_6_C08_787448	16	55842456	55858793	12	0.5409
USAGE_p_TCGA_132_133_136_SNP_N_GenomeWideSNP_6_C08_787448	16	55868439	74350769	11182	-0.0146
USAGE_p_TCGA_132_133_136_SNP_N_GenomeWideSNP_6_C08_787448	16	74355113	74467111	28	-0.3288
USAGE_p_TCGA_132_133_136_SNP_N_GenomeWideSNP_6_C08_787448	16	74467693	80975647	6261	-0.0187
USAGE_p_TCGA_132_133_136_SNP_N_GenomeWideSNP_6_C08_787448	16	80975931	80980497	8	-1.1128
USAGE_p_TCGA_132_133_136_SNP_N_GenomeWideSNP_6_C08_787448	16	80986257	85972598	4804	-0.0031
USAGE_p_TCGA_132_133_136_SNP_N_GenomeWideSNP_6_C08_787448	16	85972612	85972992	3	-1.2582
USAGE_p_TCGA_132_133_136_SNP_N_GenomeWideSNP_6_C08_787448	16	85973028	86075541	124	0.0138
USAGE_p_TCGA_132_133_136_SNP_N_GenomeWideSNP_6_C08_787448	16	86075829	86077100	2	-1.9115
USAGE_p_TCGA_132_133_136_SNP_N_GenomeWideSNP_6_C08_787448	16	86077847	90287535	2654	-0.0012
USAGE_p_TCGA_132_133_136_SNP_N_GenomeWideSNP_6_C08_787448	17	526	25270411	12976	-0.6477
USAGE_p_TCGA_132_133_136_SNP_N_GenomeWideSNP_6_C08_787448	17	25270517	34436708	5365	4e-04
USAGE_p_TCGA_132_133_136_SNP_N_GenomeWideSNP_6_C08_787448	17	34437128	34485091	37	0.4655
USAGE_p_TCGA_132_133_136_SNP_N_GenomeWideSNP_6_C08_787448	17	34528125	39423014	2544	0.0104
USAGE_p_TCGA_132_133_136_SNP_N_GenomeWideSNP_6_C08_787448	17	39423026	39430531	23	-0.5498
USAGE_p_TCGA_132_133_136_SNP_N_GenomeWideSNP_6_C08_787448	17	39432724	44364170	2636	-0.0115
USAGE_p_TCGA_132_133_136_SNP_N_GenomeWideSNP_6_C08_787448	17	44394412	44505241	13	0.3762
USAGE_p_TCGA_132_133_136_SNP_N_GenomeWideSNP_6_C08_787448	17	44523711	44523726	2	2.425
USAGE_p_TCGA_132_133_136_SNP_N_GenomeWideSNP_6_C08_787448	17	44546329	44752300	33	0.36
USAGE_p_TCGA_132_133_136_SNP_N_GenomeWideSNP_6_C08_787448	17	44764994	50899066	3549	0.0072
USAGE_p_TCGA_132_133_136_SNP_N_GenomeWideSNP_6_C08_787448	17	50899201	50903604	3	-1.6106
USAGE_p_TCGA_132_133_136_SNP_N_GenomeWideSNP_6_C08_787448	17	50904212	55687489	3463	-0.0127
USAGE_p_TCGA_132_133_136_SNP_N_GenomeWideSNP_6_C08_787448	17	55688333	55688993	2	-2.0147
USAGE_p_TCGA_132_133_136_SNP_N_GenomeWideSNP_6_C08_787448	17	55691993	80079775	14133	0.0099
USAGE_p_TCGA_132_133_136_SNP_N_GenomeWideSNP_6_C08_787448	17	80083556	80177852	47	-0.2385
USAGE_p_TCGA_132_133_136_SNP_N_GenomeWideSNP_6_C08_787448	17	80179003	81049726	430	0.0213
USAGE_p_TCGA_132_133_136_SNP_N_GenomeWideSNP_6_C08_787448	18	11543	100949	12	-1.9817
USAGE_p_TCGA_132_133_136_SNP_N_GenomeWideSNP_6_C08_787448	18	117231	78015057	50659	-0.6563
USAGE_p_TCGA_132_133_136_SNP_N_GenomeWideSNP_6_C08_787448	19	90910	13925410	5619	0.0075
USAGE_p_TCGA_132_133_136_SNP_N_GenomeWideSNP_6_C08_787448	19	13939462	14144220	68	0.3955
USAGE_p_TCGA_132_133_136_SNP_N_GenomeWideSNP_6_C08_787448	19	14144838	23195201	4784	-0.014
USAGE_p_TCGA_132_133_136_SNP_N_GenomeWideSNP_6_C08_787448	19	23198103	23222700	16	-0.5286
USAGE_p_TCGA_132_133_136_SNP_N_GenomeWideSNP_6_C08_787448	19	23228410	29861882	2164	-0.0212
USAGE_p_TCGA_132_133_136_SNP_N_GenomeWideSNP_6_C08_787448	19	29864581	29865081	3	-1.4177
USAGE_p_TCGA_132_133_136_SNP_N_GenomeWideSNP_6_C08_787448	19	29865345	41368871	7006	-0.0035
USAGE_p_TCGA_132_133_136_SNP_N_GenomeWideSNP_6_C08_787448	19	41368969	41369405	3	-1.0117
USAGE_p_TCGA_132_133_136_SNP_N_GenomeWideSNP_6_C08_787448	19	41370747	43282259	910	0.0175
USAGE_p_TCGA_132_133_136_SNP_N_GenomeWideSNP_6_C08_787448	19	43282390	43287456	3	-1.5596
USAGE_p_TCGA_132_133_136_SNP_N_GenomeWideSNP_6_C08_787448	19	43287462	53518514	5342	0.0018
USAGE_p_TCGA_132_133_136_SNP_N_GenomeWideSNP_6_C08_787448	19	53518747	53552229	22	0.4972
USAGE_p_TCGA_132_133_136_SNP_N_GenomeWideSNP_6_C08_787448	19	53554240	59097854	3415	-0.0263
USAGE_p_TCGA_132_133_136_SNP_N_GenomeWideSNP_6_C08_787448	20	61305	871544	634	-0.6505
USAGE_p_TCGA_132_133_136_SNP_N_GenomeWideSNP_6_C08_787448	20	872466	872602	3	-4.9848
USAGE_p_TCGA_132_133_136_SNP_N_GenomeWideSNP_6_C08_787448	20	874500	1560999	567	-0.6746
USAGE_p_TCGA_132_133_136_SNP_N_GenomeWideSNP_6_C08_787448	20	1561580	1593893	41	1.1415
USAGE_p_TCGA_132_133_136_SNP_N_GenomeWideSNP_6_C08_787448	20	1597946	20688956	15017	-0.6469
USAGE_p_TCGA_132_133_136_SNP_N_GenomeWideSNP_6_C08_787448	20	20706992	21019254	254	0.3851
USAGE_p_TCGA_132_133_136_SNP_N_GenomeWideSNP_6_C08_787448	20	21019305	22169522	655	0.7283
USAGE_p_TCGA_132_133_136_SNP_N_GenomeWideSNP_6_C08_787448	20	22171838	22180628	2	-0.2684
USAGE_p_TCGA_132_133_136_SNP_N_GenomeWideSNP_6_C08_787448	20	22183701	41260538	9691	0.7203
USAGE_p_TCGA_132_133_136_SNP_N_GenomeWideSNP_6_C08_787448	20	41260658	41269306	26	0.3248
USAGE_p_TCGA_132_133_136_SNP_N_GenomeWideSNP_6_C08_787448	20	41269321	44791972	2394	0.7414
USAGE_p_TCGA_132_133_136_SNP_N_GenomeWideSNP_6_C08_787448	20	44792633	44793115	2	-1.026
USAGE_p_TCGA_132_133_136_SNP_N_GenomeWideSNP_6_C08_787448	20	44798391	60516023	12199	0.7368
USAGE_p_TCGA_132_133_136_SNP_N_GenomeWideSNP_6_C08_787448	20	60516153	60567750	23	1.1464
USAGE_p_TCGA_132_133_136_SNP_N_GenomeWideSNP_6_C08_787448	20	60569625	62956153	977	0.7143
USAGE_p_TCGA_132_133_136_SNP_N_GenomeWideSNP_6_C08_787448	21	10736871	11000602	70	0.2254
USAGE_p_TCGA_132_133_136_SNP_N_GenomeWideSNP_6_C08_787448	21	11002543	37694089	16761	-0.05
USAGE_p_TCGA_132_133_136_SNP_N_GenomeWideSNP_6_C08_787448	21	37694428	39429051	1194	0.4406
USAGE_p_TCGA_132_133_136_SNP_N_GenomeWideSNP_6_C08_787448	21	39430957	44968053	4621	0.0179
USAGE_p_TCGA_132_133_136_SNP_N_GenomeWideSNP_6_C08_787448	21	44970873	44972812	2	-2.2638
USAGE_p_TCGA_132_133_136_SNP_N_GenomeWideSNP_6_C08_787448	21	44973667	48096957	1765	-0.026
USAGE_p_TCGA_132_133_136_SNP_N_GenomeWideSNP_6_C08_787448	22	16052528	24344422	4615	-0.4347
USAGE_p_TCGA_132_133_136_SNP_N_GenomeWideSNP_6_C08_787448	22	24350529	24396814	19	-1.1846
USAGE_p_TCGA_132_133_136_SNP_N_GenomeWideSNP_6_C08_787448	22	24401529	25308506	528	-0.3777
USAGE_p_TCGA_132_133_136_SNP_N_GenomeWideSNP_6_C08_787448	22	25311304	25311852	4	0.9189
USAGE_p_TCGA_132_133_136_SNP_N_GenomeWideSNP_6_C08_787448	22	25312219	25659129	282	-0.3338
USAGE_p_TCGA_132_133_136_SNP_N_GenomeWideSNP_6_C08_787448	22	25661376	25871269	195	0.7543
USAGE_p_TCGA_132_133_136_SNP_N_GenomeWideSNP_6_C08_787448	22	25871284	25906214	57	1.0549
USAGE_p_TCGA_132_133_136_SNP_N_GenomeWideSNP_6_C08_787448	22	25906303	25918709	44	0.6994
USAGE_p_TCGA_132_133_136_SNP_N_GenomeWideSNP_6_C08_787448	22	25922342	51234455	17761	-0.3826
USAGE_p_TCGA_132_133_136_SNP_N_GenomeWideSNP_6_C08_787448	X	168477	24111420	14707	0.0214
USAGE_p_TCGA_132_133_136_SNP_N_GenomeWideSNP_6_C08_787448	X	24112424	24116437	5	-1.7825
USAGE_p_TCGA_132_133_136_SNP_N_GenomeWideSNP_6_C08_787448	X	24125811	28050721	2478	0.0028
USAGE_p_TCGA_132_133_136_SNP_N_GenomeWideSNP_6_C08_787448	X	28050800	28051490	2	-3.0842
USAGE_p_TCGA_132_133_136_SNP_N_GenomeWideSNP_6_C08_787448	X	28052603	50260236	12908	0.0276
USAGE_p_TCGA_132_133_136_SNP_N_GenomeWideSNP_6_C08_787448	X	50262452	50268447	7	-5.16
USAGE_p_TCGA_132_133_136_SNP_N_GenomeWideSNP_6_C08_787448	X	50269166	155182354	54371	0.0232
USAGE_p_TCGA_132_133_136_SNP_N_GenomeWideSNP_6_C08_787448	Y	2650438	2912181	133	-3.0105
USAGE_p_TCGA_132_133_136_SNP_N_GenomeWideSNP_6_C08_787448	Y	2915500	5944602	672	-2.5814
USAGE_p_TCGA_132_133_136_SNP_N_GenomeWideSNP_6_C08_787448	Y	5944603	6101425	67	-3.0262
USAGE_p_TCGA_132_133_136_SNP_N_GenomeWideSNP_6_C08_787448	Y	6107901	6296423	85	-4.0403
USAGE_p_TCGA_132_133_136_SNP_N_GenomeWideSNP_6_C08_787448	Y	6299046	19515512	4683	-3.117
USAGE_p_TCGA_132_133_136_SNP_N_GenomeWideSNP_6_C08_787448	Y	19516159	21088297	728	-3.6917
USAGE_p_TCGA_132_133_136_SNP_N_GenomeWideSNP_6_C08_787448	Y	21088485	23653771	978	-3.1477
USAGE_p_TCGA_132_133_136_SNP_N_GenomeWideSNP_6_C08_787448	Y	23683731	23690350	2	-8.8048
USAGE_p_TCGA_132_133_136_SNP_N_GenomeWideSNP_6_C08_787448	Y	23715701	24510518	263	-3.3114
USAGE_p_TCGA_132_133_136_SNP_N_GenomeWideSNP_6_C08_787448	Y	24514859	28423938	841	-3.6741
USAGE_p_TCGA_132_133_136_SNP_N_GenomeWideSNP_6_C08_787448	Y	28438116	59018259	183	-2.697
