Sample	Chromosome	Start	End	Num_Probes	Segment_Mean
FOXED_p_TCGA_b122_128_SNP_N_GenomeWideSNP_6_C06_781860	1	61735	229677	24	0.5
FOXED_p_TCGA_b122_128_SNP_N_GenomeWideSNP_6_C06_781860	1	235670	4421072	1382	-0.5526
FOXED_p_TCGA_b122_128_SNP_N_GenomeWideSNP_6_C06_781860	1	4422005	4423896	3	-2.1316
FOXED_p_TCGA_b122_128_SNP_N_GenomeWideSNP_6_C06_781860	1	4424098	6959960	1846	-0.5144
FOXED_p_TCGA_b122_128_SNP_N_GenomeWideSNP_6_C06_781860	1	6960927	7196879	163	-1.5553
FOXED_p_TCGA_b122_128_SNP_N_GenomeWideSNP_6_C06_781860	1	7200322	17182437	5409	-0.4882
FOXED_p_TCGA_b122_128_SNP_N_GenomeWideSNP_6_C06_781860	1	17190004	17225367	15	-0.9103
FOXED_p_TCGA_b122_128_SNP_N_GenomeWideSNP_6_C06_781860	1	17225530	17235698	4	0.0093
FOXED_p_TCGA_b122_128_SNP_N_GenomeWideSNP_6_C06_781860	1	17235852	17286210	50	-0.832
FOXED_p_TCGA_b122_128_SNP_N_GenomeWideSNP_6_C06_781860	1	17286319	72768916	34130	-0.5013
FOXED_p_TCGA_b122_128_SNP_N_GenomeWideSNP_6_C06_781860	1	72768936	72797412	27	-1.6236
FOXED_p_TCGA_b122_128_SNP_N_GenomeWideSNP_6_C06_781860	1	72798594	104163787	20104	-0.5428
FOXED_p_TCGA_b122_128_SNP_N_GenomeWideSNP_6_C06_781860	1	104178038	104303403	26	-0.966
FOXED_p_TCGA_b122_128_SNP_N_GenomeWideSNP_6_C06_781860	1	104303501	106019205	920	-0.5446
FOXED_p_TCGA_b122_128_SNP_N_GenomeWideSNP_6_C06_781860	1	106019236	106022375	16	-1.9135
FOXED_p_TCGA_b122_128_SNP_N_GenomeWideSNP_6_C06_781860	1	106024055	106075424	46	-0.5384
FOXED_p_TCGA_b122_128_SNP_N_GenomeWideSNP_6_C06_781860	1	106086886	106243672	134	0.0578
FOXED_p_TCGA_b122_128_SNP_N_GenomeWideSNP_6_C06_781860	1	106243931	113372497	4934	-0.5218
FOXED_p_TCGA_b122_128_SNP_N_GenomeWideSNP_6_C06_781860	1	113374846	113527814	94	0.0032
FOXED_p_TCGA_b122_128_SNP_N_GenomeWideSNP_6_C06_781860	1	113533088	120668364	4540	-0.5125
FOXED_p_TCGA_b122_128_SNP_N_GenomeWideSNP_6_C06_781860	1	120671582	148870937	1287	-0.0261
FOXED_p_TCGA_b122_128_SNP_N_GenomeWideSNP_6_C06_781860	1	148893345	149242663	126	-0.7209
FOXED_p_TCGA_b122_128_SNP_N_GenomeWideSNP_6_C06_781860	1	149242725	149834817	131	-0.2799
FOXED_p_TCGA_b122_128_SNP_N_GenomeWideSNP_6_C06_781860	1	149835113	152555706	1420	0.0496
FOXED_p_TCGA_b122_128_SNP_N_GenomeWideSNP_6_C06_781860	1	152555767	152586540	32	-1.5681
FOXED_p_TCGA_b122_128_SNP_N_GenomeWideSNP_6_C06_781860	1	152586576	189022973	24614	0.0214
FOXED_p_TCGA_b122_128_SNP_N_GenomeWideSNP_6_C06_781860	1	189027223	189031361	7	-0.8004
FOXED_p_TCGA_b122_128_SNP_N_GenomeWideSNP_6_C06_781860	1	189032480	196731035	5166	-0.0294
FOXED_p_TCGA_b122_128_SNP_N_GenomeWideSNP_6_C06_781860	1	196731610	196828938	105	0.3081
FOXED_p_TCGA_b122_128_SNP_N_GenomeWideSNP_6_C06_781860	1	196831324	206173925	6036	0.0229
FOXED_p_TCGA_b122_128_SNP_N_GenomeWideSNP_6_C06_781860	1	206174681	206175832	2	-1.0842
FOXED_p_TCGA_b122_128_SNP_N_GenomeWideSNP_6_C06_781860	1	206178753	223020504	11743	0.0092
FOXED_p_TCGA_b122_128_SNP_N_GenomeWideSNP_6_C06_781860	1	223022923	223023769	3	-1.0131
FOXED_p_TCGA_b122_128_SNP_N_GenomeWideSNP_6_C06_781860	1	223026717	239092241	11230	0.0156
FOXED_p_TCGA_b122_128_SNP_N_GenomeWideSNP_6_C06_781860	1	239093226	239096030	4	-0.9446
FOXED_p_TCGA_b122_128_SNP_N_GenomeWideSNP_6_C06_781860	1	239097333	248737447	6770	0.0082
FOXED_p_TCGA_b122_128_SNP_N_GenomeWideSNP_6_C06_781860	1	248749194	248809369	38	-0.4973
FOXED_p_TCGA_b122_128_SNP_N_GenomeWideSNP_6_C06_781860	1	248818483	249224388	140	0.0475
FOXED_p_TCGA_b122_128_SNP_N_GenomeWideSNP_6_C06_781860	2	12784	8129338	6306	-0.0174
FOXED_p_TCGA_b122_128_SNP_N_GenomeWideSNP_6_C06_781860	2	8130885	8136618	8	-1.2038
FOXED_p_TCGA_b122_128_SNP_N_GenomeWideSNP_6_C06_781860	2	8139924	34691069	17812	0.014
FOXED_p_TCGA_b122_128_SNP_N_GenomeWideSNP_6_C06_781860	2	34699315	34737057	46	-1.8788
FOXED_p_TCGA_b122_128_SNP_N_GenomeWideSNP_6_C06_781860	2	34737163	40580918	4299	0.0086
FOXED_p_TCGA_b122_128_SNP_N_GenomeWideSNP_6_C06_781860	2	40581070	40581088	2	-1.0917
FOXED_p_TCGA_b122_128_SNP_N_GenomeWideSNP_6_C06_781860	2	40583058	52754881	8758	0.0093
FOXED_p_TCGA_b122_128_SNP_N_GenomeWideSNP_6_C06_781860	2	52758753	52781295	25	0.8207
FOXED_p_TCGA_b122_128_SNP_N_GenomeWideSNP_6_C06_781860	2	52781326	58842603	4252	0.0076
FOXED_p_TCGA_b122_128_SNP_N_GenomeWideSNP_6_C06_781860	2	58842930	58885575	28	-0.685
FOXED_p_TCGA_b122_128_SNP_N_GenomeWideSNP_6_C06_781860	2	58887039	86937687	17685	0.001
FOXED_p_TCGA_b122_128_SNP_N_GenomeWideSNP_6_C06_781860	2	86953070	86953854	2	1.8
FOXED_p_TCGA_b122_128_SNP_N_GenomeWideSNP_6_C06_781860	2	86970406	98118212	2142	-0.0236
FOXED_p_TCGA_b122_128_SNP_N_GenomeWideSNP_6_C06_781860	2	98140747	98161710	8	0.6824
FOXED_p_TCGA_b122_128_SNP_N_GenomeWideSNP_6_C06_781860	2	98162189	114506342	9510	0.0112
FOXED_p_TCGA_b122_128_SNP_N_GenomeWideSNP_6_C06_781860	2	114516494	114525983	13	-0.8619
FOXED_p_TCGA_b122_128_SNP_N_GenomeWideSNP_6_C06_781860	2	114528877	132219998	10881	-0.0027
FOXED_p_TCGA_b122_128_SNP_N_GenomeWideSNP_6_C06_781860	2	132221406	132226368	5	-0.9797
FOXED_p_TCGA_b122_128_SNP_N_GenomeWideSNP_6_C06_781860	2	132226792	133038729	273	-0.0308
FOXED_p_TCGA_b122_128_SNP_N_GenomeWideSNP_6_C06_781860	2	133046772	133115037	28	0.5454
FOXED_p_TCGA_b122_128_SNP_N_GenomeWideSNP_6_C06_781860	2	133117260	146862085	8854	-0.0316
FOXED_p_TCGA_b122_128_SNP_N_GenomeWideSNP_6_C06_781860	2	146864404	146866934	24	0.8197
FOXED_p_TCGA_b122_128_SNP_N_GenomeWideSNP_6_C06_781860	2	146877806	243089456	59199	-0.0035
FOXED_p_TCGA_b122_128_SNP_N_GenomeWideSNP_6_C06_781860	3	60345	16239063	12954	0.0095
FOXED_p_TCGA_b122_128_SNP_N_GenomeWideSNP_6_C06_781860	3	16240556	16240629	2	-1.3407
FOXED_p_TCGA_b122_128_SNP_N_GenomeWideSNP_6_C06_781860	3	16240643	45543225	19463	0.0011
FOXED_p_TCGA_b122_128_SNP_N_GenomeWideSNP_6_C06_781860	3	45545624	45547745	3	-1.0441
FOXED_p_TCGA_b122_128_SNP_N_GenomeWideSNP_6_C06_781860	3	45549463	68724692	15472	0.0186
FOXED_p_TCGA_b122_128_SNP_N_GenomeWideSNP_6_C06_781860	3	68725751	68749257	26	0.414
FOXED_p_TCGA_b122_128_SNP_N_GenomeWideSNP_6_C06_781860	3	68749351	68890638	103	-0.0059
FOXED_p_TCGA_b122_128_SNP_N_GenomeWideSNP_6_C06_781860	3	68895125	68895162	2	-1.168
FOXED_p_TCGA_b122_128_SNP_N_GenomeWideSNP_6_C06_781860	3	68897036	84700329	9841	-0.0155
FOXED_p_TCGA_b122_128_SNP_N_GenomeWideSNP_6_C06_781860	3	84700363	84702235	10	-0.6968
FOXED_p_TCGA_b122_128_SNP_N_GenomeWideSNP_6_C06_781860	3	84702413	98936963	5996	-0.0286
FOXED_p_TCGA_b122_128_SNP_N_GenomeWideSNP_6_C06_781860	3	98937784	98949076	30	0.4436
FOXED_p_TCGA_b122_128_SNP_N_GenomeWideSNP_6_C06_781860	3	98949108	115476437	9987	-0.0115
FOXED_p_TCGA_b122_128_SNP_N_GenomeWideSNP_6_C06_781860	3	115481562	115484653	4	-0.8015
FOXED_p_TCGA_b122_128_SNP_N_GenomeWideSNP_6_C06_781860	3	115489846	129763698	8781	0.0016
FOXED_p_TCGA_b122_128_SNP_N_GenomeWideSNP_6_C06_781860	3	129766586	129806236	51	-1.2084
FOXED_p_TCGA_b122_128_SNP_N_GenomeWideSNP_6_C06_781860	3	129806924	162513092	20307	-0.0049
FOXED_p_TCGA_b122_128_SNP_N_GenomeWideSNP_6_C06_781860	3	162513149	162626603	69	-0.499
FOXED_p_TCGA_b122_128_SNP_N_GenomeWideSNP_6_C06_781860	3	162628614	192874747	19205	0.0036
FOXED_p_TCGA_b122_128_SNP_N_GenomeWideSNP_6_C06_781860	3	192877902	192882903	20	-1.1141
FOXED_p_TCGA_b122_128_SNP_N_GenomeWideSNP_6_C06_781860	3	192886435	194731991	1245	0.0306
FOXED_p_TCGA_b122_128_SNP_N_GenomeWideSNP_6_C06_781860	3	194733075	194733965	2	-1.0057
FOXED_p_TCGA_b122_128_SNP_N_GenomeWideSNP_6_C06_781860	3	194737345	195412212	246	0.0487
FOXED_p_TCGA_b122_128_SNP_N_GenomeWideSNP_6_C06_781860	3	195418263	195474763	41	-0.2592
FOXED_p_TCGA_b122_128_SNP_N_GenomeWideSNP_6_C06_781860	3	195478694	197133131	799	0.0373
FOXED_p_TCGA_b122_128_SNP_N_GenomeWideSNP_6_C06_781860	3	197134110	197210551	49	-1.0892
FOXED_p_TCGA_b122_128_SNP_N_GenomeWideSNP_6_C06_781860	3	197210669	197340846	77	-0.0206
FOXED_p_TCGA_b122_128_SNP_N_GenomeWideSNP_6_C06_781860	3	197348588	197386303	4	-0.8035
FOXED_p_TCGA_b122_128_SNP_N_GenomeWideSNP_6_C06_781860	3	197398216	197838578	225	0.0685
FOXED_p_TCGA_b122_128_SNP_N_GenomeWideSNP_6_C06_781860	3	197845216	197849705	11	-0.8044
FOXED_p_TCGA_b122_128_SNP_N_GenomeWideSNP_6_C06_781860	3	197851225	197896118	9	-0.0484
FOXED_p_TCGA_b122_128_SNP_N_GenomeWideSNP_6_C06_781860	4	12281	66719	58	-0.3165
FOXED_p_TCGA_b122_128_SNP_N_GenomeWideSNP_6_C06_781860	4	68821	9456977	5192	-0.0507
FOXED_p_TCGA_b122_128_SNP_N_GenomeWideSNP_6_C06_781860	4	9461230	9479345	9	-0.9014
FOXED_p_TCGA_b122_128_SNP_N_GenomeWideSNP_6_C06_781860	4	9486087	10210390	546	-0.0787
FOXED_p_TCGA_b122_128_SNP_N_GenomeWideSNP_6_C06_781860	4	10223416	10229117	9	-0.7618
FOXED_p_TCGA_b122_128_SNP_N_GenomeWideSNP_6_C06_781860	4	10229186	10231249	18	-1.7577
FOXED_p_TCGA_b122_128_SNP_N_GenomeWideSNP_6_C06_781860	4	10231498	34786500	17012	-0.0946
FOXED_p_TCGA_b122_128_SNP_N_GenomeWideSNP_6_C06_781860	4	34786955	34829872	38	0.4786
FOXED_p_TCGA_b122_128_SNP_N_GenomeWideSNP_6_C06_781860	4	34829913	45005755	6650	-0.073
FOXED_p_TCGA_b122_128_SNP_N_GenomeWideSNP_6_C06_781860	4	45005852	45006335	4	-1.0073
FOXED_p_TCGA_b122_128_SNP_N_GenomeWideSNP_6_C06_781860	4	45010969	49089374	2322	-0.0588
FOXED_p_TCGA_b122_128_SNP_N_GenomeWideSNP_6_C06_781860	4	49093786	49658223	40	-0.7212
FOXED_p_TCGA_b122_128_SNP_N_GenomeWideSNP_6_C06_781860	4	49658612	63667834	7023	-0.0804
FOXED_p_TCGA_b122_128_SNP_N_GenomeWideSNP_6_C06_781860	4	63669936	63671662	8	0.5132
FOXED_p_TCGA_b122_128_SNP_N_GenomeWideSNP_6_C06_781860	4	63679630	64705654	575	-0.0824
FOXED_p_TCGA_b122_128_SNP_N_GenomeWideSNP_6_C06_781860	4	64705751	64716431	11	0.4579
FOXED_p_TCGA_b122_128_SNP_N_GenomeWideSNP_6_C06_781860	4	64717026	69372003	2883	-0.0908
FOXED_p_TCGA_b122_128_SNP_N_GenomeWideSNP_6_C06_781860	4	69374941	69485979	64	-1.8034
FOXED_p_TCGA_b122_128_SNP_N_GenomeWideSNP_6_C06_781860	4	69489335	70127644	329	-0.0071
FOXED_p_TCGA_b122_128_SNP_N_GenomeWideSNP_6_C06_781860	4	70127652	70231799	53	-0.5537
FOXED_p_TCGA_b122_128_SNP_N_GenomeWideSNP_6_C06_781860	4	70232022	86976094	10457	-0.0573
FOXED_p_TCGA_b122_128_SNP_N_GenomeWideSNP_6_C06_781860	4	86976391	86979944	19	-0.6492
FOXED_p_TCGA_b122_128_SNP_N_GenomeWideSNP_6_C06_781860	4	86980089	110159774	13741	-0.077
FOXED_p_TCGA_b122_128_SNP_N_GenomeWideSNP_6_C06_781860	4	110164922	110181439	12	-0.7679
FOXED_p_TCGA_b122_128_SNP_N_GenomeWideSNP_6_C06_781860	4	110183301	161880141	31238	-0.0784
FOXED_p_TCGA_b122_128_SNP_N_GenomeWideSNP_6_C06_781860	4	161880197	161884584	16	-0.8686
FOXED_p_TCGA_b122_128_SNP_N_GenomeWideSNP_6_C06_781860	4	161884600	172987928	7092	-0.0889
FOXED_p_TCGA_b122_128_SNP_N_GenomeWideSNP_6_C06_781860	4	172989148	172989533	12	0.5261
FOXED_p_TCGA_b122_128_SNP_N_GenomeWideSNP_6_C06_781860	4	172995979	178974923	3633	-0.0833
FOXED_p_TCGA_b122_128_SNP_N_GenomeWideSNP_6_C06_781860	4	178977698	178981102	6	-0.8394
FOXED_p_TCGA_b122_128_SNP_N_GenomeWideSNP_6_C06_781860	4	178987226	189221258	7314	-0.0677
FOXED_p_TCGA_b122_128_SNP_N_GenomeWideSNP_6_C06_781860	4	189221360	189221424	3	2.0702
FOXED_p_TCGA_b122_128_SNP_N_GenomeWideSNP_6_C06_781860	4	189221439	190189043	788	-0.069
FOXED_p_TCGA_b122_128_SNP_N_GenomeWideSNP_6_C06_781860	4	190195118	190211271	6	0.6647
FOXED_p_TCGA_b122_128_SNP_N_GenomeWideSNP_6_C06_781860	4	190215312	191027923	384	-0.1095
FOXED_p_TCGA_b122_128_SNP_N_GenomeWideSNP_6_C06_781860	5	15532	685504	306	-0.0106
FOXED_p_TCGA_b122_128_SNP_N_GenomeWideSNP_6_C06_781860	5	685748	809806	44	-0.3181
FOXED_p_TCGA_b122_128_SNP_N_GenomeWideSNP_6_C06_781860	5	817850	12791720	9879	-0.0068
FOXED_p_TCGA_b122_128_SNP_N_GenomeWideSNP_6_C06_781860	5	12800889	12838533	15	-1.1429
FOXED_p_TCGA_b122_128_SNP_N_GenomeWideSNP_6_C06_781860	5	12849201	46271108	20587	-0.0065
FOXED_p_TCGA_b122_128_SNP_N_GenomeWideSNP_6_C06_781860	5	46271930	46273502	6	-2.4224
FOXED_p_TCGA_b122_128_SNP_N_GenomeWideSNP_6_C06_781860	5	46278212	57321646	5083	-0.0097
FOXED_p_TCGA_b122_128_SNP_N_GenomeWideSNP_6_C06_781860	5	57326027	57333533	32	1.9151
FOXED_p_TCGA_b122_128_SNP_N_GenomeWideSNP_6_C06_781860	5	57338357	86111756	16985	-0.021
FOXED_p_TCGA_b122_128_SNP_N_GenomeWideSNP_6_C06_781860	5	86115378	86119146	3	-1.0301
FOXED_p_TCGA_b122_128_SNP_N_GenomeWideSNP_6_C06_781860	5	86121629	117386617	19310	-0.0351
FOXED_p_TCGA_b122_128_SNP_N_GenomeWideSNP_6_C06_781860	5	117388422	117388963	10	-1.3225
FOXED_p_TCGA_b122_128_SNP_N_GenomeWideSNP_6_C06_781860	5	117404340	135110327	11086	-0.0205
FOXED_p_TCGA_b122_128_SNP_N_GenomeWideSNP_6_C06_781860	5	135113672	135128035	3	1.1568
FOXED_p_TCGA_b122_128_SNP_N_GenomeWideSNP_6_C06_781860	5	135139817	141471310	3416	-0.003
FOXED_p_TCGA_b122_128_SNP_N_GenomeWideSNP_6_C06_781860	5	141475178	141475366	2	-1.2994
FOXED_p_TCGA_b122_128_SNP_N_GenomeWideSNP_6_C06_781860	5	141479833	148383152	4734	-0.008
FOXED_p_TCGA_b122_128_SNP_N_GenomeWideSNP_6_C06_781860	5	148386222	148516012	76	-0.5848
FOXED_p_TCGA_b122_128_SNP_N_GenomeWideSNP_6_C06_781860	5	148519187	152573965	2781	-0.0015
FOXED_p_TCGA_b122_128_SNP_N_GenomeWideSNP_6_C06_781860	5	152576097	152576315	2	-1.6072
FOXED_p_TCGA_b122_128_SNP_N_GenomeWideSNP_6_C06_781860	5	152579790	180790320	18837	-0.0182
FOXED_p_TCGA_b122_128_SNP_N_GenomeWideSNP_6_C06_781860	6	149661	254283	101	-0.5164
FOXED_p_TCGA_b122_128_SNP_N_GenomeWideSNP_6_C06_781860	6	257353	360535	76	-0.9748
FOXED_p_TCGA_b122_128_SNP_N_GenomeWideSNP_6_C06_781860	6	360551	1122255	685	-0.4288
FOXED_p_TCGA_b122_128_SNP_N_GenomeWideSNP_6_C06_781860	6	1122544	1122721	2	-2.9723
FOXED_p_TCGA_b122_128_SNP_N_GenomeWideSNP_6_C06_781860	6	1123382	18788778	13726	-0.4109
FOXED_p_TCGA_b122_128_SNP_N_GenomeWideSNP_6_C06_781860	6	18789757	18789964	2	-2.3041
FOXED_p_TCGA_b122_128_SNP_N_GenomeWideSNP_6_C06_781860	6	18791431	26732391	5695	-0.4376
FOXED_p_TCGA_b122_128_SNP_N_GenomeWideSNP_6_C06_781860	6	26732406	26798300	33	-0.0066
FOXED_p_TCGA_b122_128_SNP_N_GenomeWideSNP_6_C06_781860	6	26799498	29837188	1435	-0.424
FOXED_p_TCGA_b122_128_SNP_N_GenomeWideSNP_6_C06_781860	6	29837314	29850196	15	-1.2825
FOXED_p_TCGA_b122_128_SNP_N_GenomeWideSNP_6_C06_781860	6	29850274	32452929	1190	-0.4047
FOXED_p_TCGA_b122_128_SNP_N_GenomeWideSNP_6_C06_781860	6	32454275	32570365	32	1.0929
FOXED_p_TCGA_b122_128_SNP_N_GenomeWideSNP_6_C06_781860	6	32573771	32622194	29	-0.1247
FOXED_p_TCGA_b122_128_SNP_N_GenomeWideSNP_6_C06_781860	6	32624304	32626618	6	0.9897
FOXED_p_TCGA_b122_128_SNP_N_GenomeWideSNP_6_C06_781860	6	32650612	32686196	37	-0.3482
FOXED_p_TCGA_b122_128_SNP_N_GenomeWideSNP_6_C06_781860	6	32688615	32690830	11	0.5619
FOXED_p_TCGA_b122_128_SNP_N_GenomeWideSNP_6_C06_781860	6	32692227	36972412	2512	-0.3684
FOXED_p_TCGA_b122_128_SNP_N_GenomeWideSNP_6_C06_781860	6	36975033	40364325	2418	0.908
FOXED_p_TCGA_b122_128_SNP_N_GenomeWideSNP_6_C06_781860	6	40365601	40368522	5	-0.9409
FOXED_p_TCGA_b122_128_SNP_N_GenomeWideSNP_6_C06_781860	6	40369293	45919560	3455	0.9274
FOXED_p_TCGA_b122_128_SNP_N_GenomeWideSNP_6_C06_781860	6	45919966	47682604	1232	0.4534
FOXED_p_TCGA_b122_128_SNP_N_GenomeWideSNP_6_C06_781860	6	47682874	49153084	877	0.8673
FOXED_p_TCGA_b122_128_SNP_N_GenomeWideSNP_6_C06_781860	6	49155043	52355206	2023	1.2109
FOXED_p_TCGA_b122_128_SNP_N_GenomeWideSNP_6_C06_781860	6	52355309	53931067	1183	0.4295
FOXED_p_TCGA_b122_128_SNP_N_GenomeWideSNP_6_C06_781860	6	53931084	53931419	6	-0.6097
FOXED_p_TCGA_b122_128_SNP_N_GenomeWideSNP_6_C06_781860	6	53931803	78955856	13299	0.3867
FOXED_p_TCGA_b122_128_SNP_N_GenomeWideSNP_6_C06_781860	6	78955868	79032592	122	0.7506
FOXED_p_TCGA_b122_128_SNP_N_GenomeWideSNP_6_C06_781860	6	79034940	103737976	15506	0.3216
FOXED_p_TCGA_b122_128_SNP_N_GenomeWideSNP_6_C06_781860	6	103738039	103765711	48	-0.205
FOXED_p_TCGA_b122_128_SNP_N_GenomeWideSNP_6_C06_781860	6	103765730	110652151	4382	0.2923
FOXED_p_TCGA_b122_128_SNP_N_GenomeWideSNP_6_C06_781860	6	110653055	110653700	2	-0.8299
FOXED_p_TCGA_b122_128_SNP_N_GenomeWideSNP_6_C06_781860	6	110654418	126182763	9526	0.2628
FOXED_p_TCGA_b122_128_SNP_N_GenomeWideSNP_6_C06_781860	6	126183692	126186776	3	-0.9863
FOXED_p_TCGA_b122_128_SNP_N_GenomeWideSNP_6_C06_781860	6	126188893	134266268	5190	0.2731
FOXED_p_TCGA_b122_128_SNP_N_GenomeWideSNP_6_C06_781860	6	134269071	134269632	2	-1.4574
FOXED_p_TCGA_b122_128_SNP_N_GenomeWideSNP_6_C06_781860	6	134272072	170902932	25159	0.2786
FOXED_p_TCGA_b122_128_SNP_N_GenomeWideSNP_6_C06_781860	6	170903913	170982534	12	0.4252
FOXED_p_TCGA_b122_128_SNP_N_GenomeWideSNP_6_C06_781860	6	171050379	171051005	2	-0.7686
FOXED_p_TCGA_b122_128_SNP_N_GenomeWideSNP_6_C06_781860	7	43355	4518152	2395	0.3667
FOXED_p_TCGA_b122_128_SNP_N_GenomeWideSNP_6_C06_781860	7	4518857	4528989	11	-0.2784
FOXED_p_TCGA_b122_128_SNP_N_GenomeWideSNP_6_C06_781860	7	4529161	53316829	35441	0.3762
FOXED_p_TCGA_b122_128_SNP_N_GenomeWideSNP_6_C06_781860	7	53318387	53318785	2	-1.6725
FOXED_p_TCGA_b122_128_SNP_N_GenomeWideSNP_6_C06_781860	7	53321683	54275701	677	0.3441
FOXED_p_TCGA_b122_128_SNP_N_GenomeWideSNP_6_C06_781860	7	54279890	54285026	8	0.0354
FOXED_p_TCGA_b122_128_SNP_N_GenomeWideSNP_6_C06_781860	7	54285533	54285572	2	-0.8863
FOXED_p_TCGA_b122_128_SNP_N_GenomeWideSNP_6_C06_781860	7	54286142	54380373	67	0.3096
FOXED_p_TCGA_b122_128_SNP_N_GenomeWideSNP_6_C06_781860	7	54386505	54386517	6	-1.4707
FOXED_p_TCGA_b122_128_SNP_N_GenomeWideSNP_6_C06_781860	7	54393488	62124074	2190	0.3338
FOXED_p_TCGA_b122_128_SNP_N_GenomeWideSNP_6_C06_781860	7	62156338	62162127	16	-0.3489
FOXED_p_TCGA_b122_128_SNP_N_GenomeWideSNP_6_C06_781860	7	62162274	64394829	865	0.3177
FOXED_p_TCGA_b122_128_SNP_N_GenomeWideSNP_6_C06_781860	7	64400699	64471430	44	0.6858
FOXED_p_TCGA_b122_128_SNP_N_GenomeWideSNP_6_C06_781860	7	64473408	64682750	44	0.2744
FOXED_p_TCGA_b122_128_SNP_N_GenomeWideSNP_6_C06_781860	7	64683400	75348505	5025	0.6201
FOXED_p_TCGA_b122_128_SNP_N_GenomeWideSNP_6_C06_781860	7	75351138	75364238	9	1.4791
FOXED_p_TCGA_b122_128_SNP_N_GenomeWideSNP_6_C06_781860	7	75374657	91327104	10198	0.6214
FOXED_p_TCGA_b122_128_SNP_N_GenomeWideSNP_6_C06_781860	7	91335217	91356970	14	0.0912
FOXED_p_TCGA_b122_128_SNP_N_GenomeWideSNP_6_C06_781860	7	91357083	101052486	5339	0.6283
FOXED_p_TCGA_b122_128_SNP_N_GenomeWideSNP_6_C06_781860	7	101059732	101059949	2	-1.9446
FOXED_p_TCGA_b122_128_SNP_N_GenomeWideSNP_6_C06_781860	7	101062911	101066637	4	0.2381
FOXED_p_TCGA_b122_128_SNP_N_GenomeWideSNP_6_C06_781860	7	101070175	109437772	5095	0.6401
FOXED_p_TCGA_b122_128_SNP_N_GenomeWideSNP_6_C06_781860	7	109437774	109441212	9	0.1816
FOXED_p_TCGA_b122_128_SNP_N_GenomeWideSNP_6_C06_781860	7	109441244	109453910	11	1.5638
FOXED_p_TCGA_b122_128_SNP_N_GenomeWideSNP_6_C06_781860	7	109453982	126044974	10044	0.6258
FOXED_p_TCGA_b122_128_SNP_N_GenomeWideSNP_6_C06_781860	7	126045482	126046615	12	1.5868
FOXED_p_TCGA_b122_128_SNP_N_GenomeWideSNP_6_C06_781860	7	126046876	133778652	4708	0.6302
FOXED_p_TCGA_b122_128_SNP_N_GenomeWideSNP_6_C06_781860	7	133785177	133798109	32	-0.2835
FOXED_p_TCGA_b122_128_SNP_N_GenomeWideSNP_6_C06_781860	7	133798543	141763124	5203	0.6291
FOXED_p_TCGA_b122_128_SNP_N_GenomeWideSNP_6_C06_781860	7	141769643	141792107	42	-0.6163
FOXED_p_TCGA_b122_128_SNP_N_GenomeWideSNP_6_C06_781860	7	141795281	142474939	451	0.6535
FOXED_p_TCGA_b122_128_SNP_N_GenomeWideSNP_6_C06_781860	7	142476719	142486115	28	-0.2737
FOXED_p_TCGA_b122_128_SNP_N_GenomeWideSNP_6_C06_781860	7	142486345	143223081	470	0.6405
FOXED_p_TCGA_b122_128_SNP_N_GenomeWideSNP_6_C06_781860	7	143223768	143246369	7	1.3101
FOXED_p_TCGA_b122_128_SNP_N_GenomeWideSNP_6_C06_781860	7	143246406	143279191	10	0.8345
FOXED_p_TCGA_b122_128_SNP_N_GenomeWideSNP_6_C06_781860	7	143279301	143398042	11	1.2996
FOXED_p_TCGA_b122_128_SNP_N_GenomeWideSNP_6_C06_781860	7	143398060	150285104	4241	0.6299
FOXED_p_TCGA_b122_128_SNP_N_GenomeWideSNP_6_C06_781860	7	150285801	150301569	8	-0.5981
FOXED_p_TCGA_b122_128_SNP_N_GenomeWideSNP_6_C06_781860	7	150307922	152573935	1250	0.6552
FOXED_p_TCGA_b122_128_SNP_N_GenomeWideSNP_6_C06_781860	7	152578863	152579987	2	-1.2248
FOXED_p_TCGA_b122_128_SNP_N_GenomeWideSNP_6_C06_781860	7	152586523	155464029	2258	0.6306
FOXED_p_TCGA_b122_128_SNP_N_GenomeWideSNP_6_C06_781860	7	155465863	155466938	2	1.8553
FOXED_p_TCGA_b122_128_SNP_N_GenomeWideSNP_6_C06_781860	7	155469636	156694670	844	0.6727
FOXED_p_TCGA_b122_128_SNP_N_GenomeWideSNP_6_C06_781860	7	156697271	159127004	1483	0.3708
FOXED_p_TCGA_b122_128_SNP_N_GenomeWideSNP_6_C06_781860	8	31254	161222	6	0.0851
FOXED_p_TCGA_b122_128_SNP_N_GenomeWideSNP_6_C06_781860	8	162672	593041	321	-0.6321
FOXED_p_TCGA_b122_128_SNP_N_GenomeWideSNP_6_C06_781860	8	594944	595875	8	0.4271
FOXED_p_TCGA_b122_128_SNP_N_GenomeWideSNP_6_C06_781860	8	595892	595908	2	3.209
FOXED_p_TCGA_b122_128_SNP_N_GenomeWideSNP_6_C06_781860	8	601043	2701934	1785	-0.5709
FOXED_p_TCGA_b122_128_SNP_N_GenomeWideSNP_6_C06_781860	8	2703533	2703899	7	-1.7853
FOXED_p_TCGA_b122_128_SNP_N_GenomeWideSNP_6_C06_781860	8	2707171	7193821	5700	-0.5546
FOXED_p_TCGA_b122_128_SNP_N_GenomeWideSNP_6_C06_781860	8	7214611	7222181	19	-0.312
FOXED_p_TCGA_b122_128_SNP_N_GenomeWideSNP_6_C06_781860	8	7225368	7643127	108	0.0022
FOXED_p_TCGA_b122_128_SNP_N_GenomeWideSNP_6_C06_781860	8	7643145	9067942	1050	-0.4898
FOXED_p_TCGA_b122_128_SNP_N_GenomeWideSNP_6_C06_781860	8	9070829	9071033	2	-2.8114
FOXED_p_TCGA_b122_128_SNP_N_GenomeWideSNP_6_C06_781860	8	9071416	11934660	2283	-0.5557
FOXED_p_TCGA_b122_128_SNP_N_GenomeWideSNP_6_C06_781860	8	11949551	12001123	7	0.5066
FOXED_p_TCGA_b122_128_SNP_N_GenomeWideSNP_6_C06_781860	8	12034307	12232281	12	-0.4652
FOXED_p_TCGA_b122_128_SNP_N_GenomeWideSNP_6_C06_781860	8	12232416	12260927	38	-1.0072
FOXED_p_TCGA_b122_128_SNP_N_GenomeWideSNP_6_C06_781860	8	12260973	12473543	64	-0.1636
FOXED_p_TCGA_b122_128_SNP_N_GenomeWideSNP_6_C06_781860	8	12473558	14285211	1735	-0.5475
FOXED_p_TCGA_b122_128_SNP_N_GenomeWideSNP_6_C06_781860	8	14286190	14286320	3	-1.7888
FOXED_p_TCGA_b122_128_SNP_N_GenomeWideSNP_6_C06_781860	8	14286552	16262247	1794	-0.5881
FOXED_p_TCGA_b122_128_SNP_N_GenomeWideSNP_6_C06_781860	8	16262264	16274661	25	-1.3014
FOXED_p_TCGA_b122_128_SNP_N_GenomeWideSNP_6_C06_781860	8	16278695	20544384	3822	-0.5437
FOXED_p_TCGA_b122_128_SNP_N_GenomeWideSNP_6_C06_781860	8	20545032	23402308	1902	0.4015
FOXED_p_TCGA_b122_128_SNP_N_GenomeWideSNP_6_C06_781860	8	23407740	23407871	5	-0.7977
FOXED_p_TCGA_b122_128_SNP_N_GenomeWideSNP_6_C06_781860	8	23407905	23911061	361	0.3979
FOXED_p_TCGA_b122_128_SNP_N_GenomeWideSNP_6_C06_781860	8	23912928	24974476	782	-0.5467
FOXED_p_TCGA_b122_128_SNP_N_GenomeWideSNP_6_C06_781860	8	24974522	24984250	24	-2.1673
FOXED_p_TCGA_b122_128_SNP_N_GenomeWideSNP_6_C06_781860	8	24984333	28294926	2576	-0.5256
FOXED_p_TCGA_b122_128_SNP_N_GenomeWideSNP_6_C06_781860	8	28298393	29752174	877	0.9211
FOXED_p_TCGA_b122_128_SNP_N_GenomeWideSNP_6_C06_781860	8	29754597	31310046	928	0.3756
FOXED_p_TCGA_b122_128_SNP_N_GenomeWideSNP_6_C06_781860	8	31310766	35004400	2408	-0.5682
FOXED_p_TCGA_b122_128_SNP_N_GenomeWideSNP_6_C06_781860	8	35005174	39248742	2260	0.3945
FOXED_p_TCGA_b122_128_SNP_N_GenomeWideSNP_6_C06_781860	8	39250972	39388299	56	0.1075
FOXED_p_TCGA_b122_128_SNP_N_GenomeWideSNP_6_C06_781860	8	39388779	90333705	28720	0.3547
FOXED_p_TCGA_b122_128_SNP_N_GenomeWideSNP_6_C06_781860	8	90333735	90333857	2	1.4485
FOXED_p_TCGA_b122_128_SNP_N_GenomeWideSNP_6_C06_781860	8	90333934	115634707	15191	0.3512
FOXED_p_TCGA_b122_128_SNP_N_GenomeWideSNP_6_C06_781860	8	115634907	115641731	30	-0.1978
FOXED_p_TCGA_b122_128_SNP_N_GenomeWideSNP_6_C06_781860	8	115650697	146298155	21089	0.3736
FOXED_p_TCGA_b122_128_SNP_N_GenomeWideSNP_6_C06_781860	9	46587	41985187	31388	0.0225
FOXED_p_TCGA_b122_128_SNP_N_GenomeWideSNP_6_C06_781860	9	42023107	44629223	114	-0.4348
FOXED_p_TCGA_b122_128_SNP_N_GenomeWideSNP_6_C06_781860	9	44727859	90522594	14668	0.0123
FOXED_p_TCGA_b122_128_SNP_N_GenomeWideSNP_6_C06_781860	9	90554151	90554219	2	-1.3165
FOXED_p_TCGA_b122_128_SNP_N_GenomeWideSNP_6_C06_781860	9	90557957	141091394	33804	0.0441
FOXED_p_TCGA_b122_128_SNP_N_GenomeWideSNP_6_C06_781860	10	72759	13049585	10943	0.024
FOXED_p_TCGA_b122_128_SNP_N_GenomeWideSNP_6_C06_781860	10	13049600	13050170	8	-0.8523
FOXED_p_TCGA_b122_128_SNP_N_GenomeWideSNP_6_C06_781860	10	13050428	24375263	8307	-0.001
FOXED_p_TCGA_b122_128_SNP_N_GenomeWideSNP_6_C06_781860	10	24377674	24378054	11	1.0449
FOXED_p_TCGA_b122_128_SNP_N_GenomeWideSNP_6_C06_781860	10	24378908	27227168	1999	0.0054
FOXED_p_TCGA_b122_128_SNP_N_GenomeWideSNP_6_C06_781860	10	27227681	27228473	8	-0.6668
FOXED_p_TCGA_b122_128_SNP_N_GenomeWideSNP_6_C06_781860	10	27229993	47771030	10695	-7e-04
FOXED_p_TCGA_b122_128_SNP_N_GenomeWideSNP_6_C06_781860	10	47897394	47964192	6	-1.3095
FOXED_p_TCGA_b122_128_SNP_N_GenomeWideSNP_6_C06_781860	10	47964718	49731201	575	-0.0028
FOXED_p_TCGA_b122_128_SNP_N_GenomeWideSNP_6_C06_781860	10	49732975	49732988	2	-1.4503
FOXED_p_TCGA_b122_128_SNP_N_GenomeWideSNP_6_C06_781860	10	49733261	51822399	1188	0.0055
FOXED_p_TCGA_b122_128_SNP_N_GenomeWideSNP_6_C06_781860	10	51830360	51891920	5	0.8544
FOXED_p_TCGA_b122_128_SNP_N_GenomeWideSNP_6_C06_781860	10	51903768	65497973	9801	-0.0018
FOXED_p_TCGA_b122_128_SNP_N_GenomeWideSNP_6_C06_781860	10	65507717	65508766	2	-1.4956
FOXED_p_TCGA_b122_128_SNP_N_GenomeWideSNP_6_C06_781860	10	65511624	67306276	1228	-0.0228
FOXED_p_TCGA_b122_128_SNP_N_GenomeWideSNP_6_C06_781860	10	67307923	67336382	42	0.253
FOXED_p_TCGA_b122_128_SNP_N_GenomeWideSNP_6_C06_781860	10	67336488	71275493	2539	0.0106
FOXED_p_TCGA_b122_128_SNP_N_GenomeWideSNP_6_C06_781860	10	71282472	71282842	5	-1.6568
FOXED_p_TCGA_b122_128_SNP_N_GenomeWideSNP_6_C06_781860	10	71291614	124334013	35859	0.0158
FOXED_p_TCGA_b122_128_SNP_N_GenomeWideSNP_6_C06_781860	10	124341534	124351013	8	-0.776
FOXED_p_TCGA_b122_128_SNP_N_GenomeWideSNP_6_C06_781860	10	124356812	125420038	851	0.0229
FOXED_p_TCGA_b122_128_SNP_N_GenomeWideSNP_6_C06_781860	10	125420232	125435607	16	-0.4679
FOXED_p_TCGA_b122_128_SNP_N_GenomeWideSNP_6_C06_781860	10	125437720	126309894	556	0.0432
FOXED_p_TCGA_b122_128_SNP_N_GenomeWideSNP_6_C06_781860	10	126317399	126317796	2	-1.4639
FOXED_p_TCGA_b122_128_SNP_N_GenomeWideSNP_6_C06_781860	10	126319153	132547611	4734	0.0094
FOXED_p_TCGA_b122_128_SNP_N_GenomeWideSNP_6_C06_781860	10	132547962	132549045	2	-1.3944
FOXED_p_TCGA_b122_128_SNP_N_GenomeWideSNP_6_C06_781860	10	132549207	135506704	1765	-0.0021
FOXED_p_TCGA_b122_128_SNP_N_GenomeWideSNP_6_C06_781860	11	198510	4967650	2478	0.0348
FOXED_p_TCGA_b122_128_SNP_N_GenomeWideSNP_6_C06_781860	11	4968117	4976534	36	0.6266
FOXED_p_TCGA_b122_128_SNP_N_GenomeWideSNP_6_C06_781860	11	4976596	5783682	791	-0.0047
FOXED_p_TCGA_b122_128_SNP_N_GenomeWideSNP_6_C06_781860	11	5783923	5802912	29	0.3692
FOXED_p_TCGA_b122_128_SNP_N_GenomeWideSNP_6_C06_781860	11	5808326	41285322	25629	0.007
FOXED_p_TCGA_b122_128_SNP_N_GenomeWideSNP_6_C06_781860	11	41286253	41293374	4	-0.8882
FOXED_p_TCGA_b122_128_SNP_N_GenomeWideSNP_6_C06_781860	11	41293973	48598422	4492	0.0082
FOXED_p_TCGA_b122_128_SNP_N_GenomeWideSNP_6_C06_781860	11	48601434	48602676	2	-1.498
FOXED_p_TCGA_b122_128_SNP_N_GenomeWideSNP_6_C06_781860	11	48606318	79967513	14590	0.0263
FOXED_p_TCGA_b122_128_SNP_N_GenomeWideSNP_6_C06_781860	11	79967548	79967564	2	-3.2342
FOXED_p_TCGA_b122_128_SNP_N_GenomeWideSNP_6_C06_781860	11	79967686	134601791	38860	1e-04
FOXED_p_TCGA_b122_128_SNP_N_GenomeWideSNP_6_C06_781860	11	134602280	134603992	3	-1.0287
FOXED_p_TCGA_b122_128_SNP_N_GenomeWideSNP_6_C06_781860	11	134607871	134944770	282	-0.0195
FOXED_p_TCGA_b122_128_SNP_N_GenomeWideSNP_6_C06_781860	12	150442	9630556	6209	0.0252
FOXED_p_TCGA_b122_128_SNP_N_GenomeWideSNP_6_C06_781860	12	9633870	9728292	25	-1.5065
FOXED_p_TCGA_b122_128_SNP_N_GenomeWideSNP_6_C06_781860	12	9734969	10533597	604	-0.0048
FOXED_p_TCGA_b122_128_SNP_N_GenomeWideSNP_6_C06_781860	12	10538456	10543339	8	0.3983
FOXED_p_TCGA_b122_128_SNP_N_GenomeWideSNP_6_C06_781860	12	10545597	10567965	20	0.0436
FOXED_p_TCGA_b122_128_SNP_N_GenomeWideSNP_6_C06_781860	12	10571475	10595806	9	-0.4468
FOXED_p_TCGA_b122_128_SNP_N_GenomeWideSNP_6_C06_781860	12	10596720	29334049	13066	0.0125
FOXED_p_TCGA_b122_128_SNP_N_GenomeWideSNP_6_C06_781860	12	29334128	29334138	2	-2.1511
FOXED_p_TCGA_b122_128_SNP_N_GenomeWideSNP_6_C06_781860	12	29334152	33294660	2947	0.0083
FOXED_p_TCGA_b122_128_SNP_N_GenomeWideSNP_6_C06_781860	12	33301406	33307078	26	-0.452
FOXED_p_TCGA_b122_128_SNP_N_GenomeWideSNP_6_C06_781860	12	33307374	45904438	5631	-0.0064
FOXED_p_TCGA_b122_128_SNP_N_GenomeWideSNP_6_C06_781860	12	45905840	45909537	3	-1.2989
FOXED_p_TCGA_b122_128_SNP_N_GenomeWideSNP_6_C06_781860	12	45913292	70872675	15207	0.0147
FOXED_p_TCGA_b122_128_SNP_N_GenomeWideSNP_6_C06_781860	12	70876314	70878027	8	-1.7122
FOXED_p_TCGA_b122_128_SNP_N_GenomeWideSNP_6_C06_781860	12	70879385	119988980	32273	0.0012
FOXED_p_TCGA_b122_128_SNP_N_GenomeWideSNP_6_C06_781860	12	119989266	119990045	6	-1.154
FOXED_p_TCGA_b122_128_SNP_N_GenomeWideSNP_6_C06_781860	12	119990620	132132584	8502	0.0172
FOXED_p_TCGA_b122_128_SNP_N_GenomeWideSNP_6_C06_781860	12	132132611	132133335	12	-0.5554
FOXED_p_TCGA_b122_128_SNP_N_GenomeWideSNP_6_C06_781860	12	132142331	133778189	572	0.0194
FOXED_p_TCGA_b122_128_SNP_N_GenomeWideSNP_6_C06_781860	13	19026949	19785421	363	0.2925
FOXED_p_TCGA_b122_128_SNP_N_GenomeWideSNP_6_C06_781860	13	19786012	19802479	6	-0.3954
FOXED_p_TCGA_b122_128_SNP_N_GenomeWideSNP_6_C06_781860	13	19805150	21896035	1243	0.3848
FOXED_p_TCGA_b122_128_SNP_N_GenomeWideSNP_6_C06_781860	13	21896319	21896499	2	1.5915
FOXED_p_TCGA_b122_128_SNP_N_GenomeWideSNP_6_C06_781860	13	21896756	37462040	11560	0.3863
FOXED_p_TCGA_b122_128_SNP_N_GenomeWideSNP_6_C06_781860	13	37462261	37464416	2	-1.0023
FOXED_p_TCGA_b122_128_SNP_N_GenomeWideSNP_6_C06_781860	13	37465550	38071135	399	0.3569
FOXED_p_TCGA_b122_128_SNP_N_GenomeWideSNP_6_C06_781860	13	38072036	38084757	16	-1.9025
FOXED_p_TCGA_b122_128_SNP_N_GenomeWideSNP_6_C06_781860	13	38088330	39052811	701	0.3416
FOXED_p_TCGA_b122_128_SNP_N_GenomeWideSNP_6_C06_781860	13	39057572	39058056	2	-1.3082
FOXED_p_TCGA_b122_128_SNP_N_GenomeWideSNP_6_C06_781860	13	39065057	53094799	9216	0.3916
FOXED_p_TCGA_b122_128_SNP_N_GenomeWideSNP_6_C06_781860	13	53097984	53105785	3	-2.1266
FOXED_p_TCGA_b122_128_SNP_N_GenomeWideSNP_6_C06_781860	13	53117879	69242255	9568	0.3518
FOXED_p_TCGA_b122_128_SNP_N_GenomeWideSNP_6_C06_781860	13	69248299	69264685	38	-0.158
FOXED_p_TCGA_b122_128_SNP_N_GenomeWideSNP_6_C06_781860	13	69268242	72476988	2066	0.3514
FOXED_p_TCGA_b122_128_SNP_N_GenomeWideSNP_6_C06_781860	13	72477555	72480556	4	1.8198
FOXED_p_TCGA_b122_128_SNP_N_GenomeWideSNP_6_C06_781860	13	72480605	115108397	29168	0.3715
FOXED_p_TCGA_b122_128_SNP_N_GenomeWideSNP_6_C06_781860	14	19002124	20423372	189	-0.3531
FOXED_p_TCGA_b122_128_SNP_N_GenomeWideSNP_6_C06_781860	14	20424926	38643902	11783	0.0291
FOXED_p_TCGA_b122_128_SNP_N_GenomeWideSNP_6_C06_781860	14	38643916	38644034	2	-1.8469
FOXED_p_TCGA_b122_128_SNP_N_GenomeWideSNP_6_C06_781860	14	38644503	41608358	1868	0.0217
FOXED_p_TCGA_b122_128_SNP_N_GenomeWideSNP_6_C06_781860	14	41610496	41657249	14	-1.2949
FOXED_p_TCGA_b122_128_SNP_N_GenomeWideSNP_6_C06_781860	14	41657349	58428106	10687	0.0122
FOXED_p_TCGA_b122_128_SNP_N_GenomeWideSNP_6_C06_781860	14	58428550	58428568	2	-1.6415
FOXED_p_TCGA_b122_128_SNP_N_GenomeWideSNP_6_C06_781860	14	58430785	73992772	9807	0.0342
FOXED_p_TCGA_b122_128_SNP_N_GenomeWideSNP_6_C06_781860	14	73995774	74020979	10	0.6562
FOXED_p_TCGA_b122_128_SNP_N_GenomeWideSNP_6_C06_781860	14	74029900	78294672	2671	0.0506
FOXED_p_TCGA_b122_128_SNP_N_GenomeWideSNP_6_C06_781860	14	78296244	78296468	2	-1.915
FOXED_p_TCGA_b122_128_SNP_N_GenomeWideSNP_6_C06_781860	14	78298732	100815333	15643	0.0209
FOXED_p_TCGA_b122_128_SNP_N_GenomeWideSNP_6_C06_781860	14	100826200	106547507	2513	-0.4933
FOXED_p_TCGA_b122_128_SNP_N_GenomeWideSNP_6_C06_781860	14	106548213	106561441	8	-2.7937
FOXED_p_TCGA_b122_128_SNP_N_GenomeWideSNP_6_C06_781860	14	106567100	106796025	104	-0.5197
FOXED_p_TCGA_b122_128_SNP_N_GenomeWideSNP_6_C06_781860	14	106796228	106802053	6	-1.5817
FOXED_p_TCGA_b122_128_SNP_N_GenomeWideSNP_6_C06_781860	14	106815943	107285437	306	-0.5014
FOXED_p_TCGA_b122_128_SNP_N_GenomeWideSNP_6_C06_781860	15	20016328	20412026	64	-0.05
FOXED_p_TCGA_b122_128_SNP_N_GenomeWideSNP_6_C06_781860	15	20412478	20585988	41	-0.6447
FOXED_p_TCGA_b122_128_SNP_N_GenomeWideSNP_6_C06_781860	15	20586090	20590042	13	-2.4013
FOXED_p_TCGA_b122_128_SNP_N_GenomeWideSNP_6_C06_781860	15	20590160	22673399	304	-0.6623
FOXED_p_TCGA_b122_128_SNP_N_GenomeWideSNP_6_C06_781860	15	22681076	30545725	4722	0.0444
FOXED_p_TCGA_b122_128_SNP_N_GenomeWideSNP_6_C06_781860	15	30546013	31909935	725	-0.4728
FOXED_p_TCGA_b122_128_SNP_N_GenomeWideSNP_6_C06_781860	15	31913902	32549751	419	0.0713
FOXED_p_TCGA_b122_128_SNP_N_GenomeWideSNP_6_C06_781860	15	32561678	43845503	7295	-0.4685
FOXED_p_TCGA_b122_128_SNP_N_GenomeWideSNP_6_C06_781860	15	43885118	43893072	3	-2.9314
FOXED_p_TCGA_b122_128_SNP_N_GenomeWideSNP_6_C06_781860	15	43893818	58092180	8874	-0.4582
FOXED_p_TCGA_b122_128_SNP_N_GenomeWideSNP_6_C06_781860	15	58098248	58098939	4	-1.8554
FOXED_p_TCGA_b122_128_SNP_N_GenomeWideSNP_6_C06_781860	15	58100949	65814102	5356	-0.4592
FOXED_p_TCGA_b122_128_SNP_N_GenomeWideSNP_6_C06_781860	15	65816942	65817524	2	-2.2679
FOXED_p_TCGA_b122_128_SNP_N_GenomeWideSNP_6_C06_781860	15	65818387	70376817	3021	-0.4421
FOXED_p_TCGA_b122_128_SNP_N_GenomeWideSNP_6_C06_781860	15	70377170	70384464	3	-1.9637
FOXED_p_TCGA_b122_128_SNP_N_GenomeWideSNP_6_C06_781860	15	70385112	76891241	3524	-0.4363
FOXED_p_TCGA_b122_128_SNP_N_GenomeWideSNP_6_C06_781860	15	76891511	76895198	13	-1.2346
FOXED_p_TCGA_b122_128_SNP_N_GenomeWideSNP_6_C06_781860	15	76895344	84540717	4443	-0.4533
FOXED_p_TCGA_b122_128_SNP_N_GenomeWideSNP_6_C06_781860	15	84540738	84543550	6	-2.2775
FOXED_p_TCGA_b122_128_SNP_N_GenomeWideSNP_6_C06_781860	15	84547277	89771598	3691	-0.4713
FOXED_p_TCGA_b122_128_SNP_N_GenomeWideSNP_6_C06_781860	15	89773505	102469040	9562	0.031
FOXED_p_TCGA_b122_128_SNP_N_GenomeWideSNP_6_C06_781860	16	60777	18198717	12807	0.041
FOXED_p_TCGA_b122_128_SNP_N_GenomeWideSNP_6_C06_781860	16	18228118	18238289	2	1.8432
FOXED_p_TCGA_b122_128_SNP_N_GenomeWideSNP_6_C06_781860	16	18242726	29438339	6396	0.0475
FOXED_p_TCGA_b122_128_SNP_N_GenomeWideSNP_6_C06_781860	16	29517711	30226943	211	-0.5518
FOXED_p_TCGA_b122_128_SNP_N_GenomeWideSNP_6_C06_781860	16	30302628	31970549	652	0.0368
FOXED_p_TCGA_b122_128_SNP_N_GenomeWideSNP_6_C06_781860	16	31971520	33828725	304	-0.3579
FOXED_p_TCGA_b122_128_SNP_N_GenomeWideSNP_6_C06_781860	16	33828754	66050918	13761	0.0244
FOXED_p_TCGA_b122_128_SNP_N_GenomeWideSNP_6_C06_781860	16	66053230	66053401	2	-1.1454
FOXED_p_TCGA_b122_128_SNP_N_GenomeWideSNP_6_C06_781860	16	66054207	75522966	5065	0.0465
FOXED_p_TCGA_b122_128_SNP_N_GenomeWideSNP_6_C06_781860	16	75523398	75523412	2	-1.1516
FOXED_p_TCGA_b122_128_SNP_N_GenomeWideSNP_6_C06_781860	16	75524709	83793995	8741	0.0359
FOXED_p_TCGA_b122_128_SNP_N_GenomeWideSNP_6_C06_781860	16	83793997	83794006	2	-1.3661
FOXED_p_TCGA_b122_128_SNP_N_GenomeWideSNP_6_C06_781860	16	83794024	90287535	4518	0.0389
FOXED_p_TCGA_b122_128_SNP_N_GenomeWideSNP_6_C06_781860	17	526	1424948	668	-0.0165
FOXED_p_TCGA_b122_128_SNP_N_GenomeWideSNP_6_C06_781860	17	1429418	1429630	2	-1.5762
FOXED_p_TCGA_b122_128_SNP_N_GenomeWideSNP_6_C06_781860	17	1429687	18358949	10785	0.0443
FOXED_p_TCGA_b122_128_SNP_N_GenomeWideSNP_6_C06_781860	17	18361686	18464586	25	-1.503
FOXED_p_TCGA_b122_128_SNP_N_GenomeWideSNP_6_C06_781860	17	18465221	39423090	9509	0.0397
FOXED_p_TCGA_b122_128_SNP_N_GenomeWideSNP_6_C06_781860	17	39423103	39430531	19	1.1024
FOXED_p_TCGA_b122_128_SNP_N_GenomeWideSNP_6_C06_781860	17	39432724	39526309	105	0.0569
FOXED_p_TCGA_b122_128_SNP_N_GenomeWideSNP_6_C06_781860	17	39526420	39559539	23	0.337
FOXED_p_TCGA_b122_128_SNP_N_GenomeWideSNP_6_C06_781860	17	39559606	43586097	2036	0.0637
FOXED_p_TCGA_b122_128_SNP_N_GenomeWideSNP_6_C06_781860	17	43586409	43659426	11	0.3891
FOXED_p_TCGA_b122_128_SNP_N_GenomeWideSNP_6_C06_781860	17	43664693	44163098	338	-0.0293
FOXED_p_TCGA_b122_128_SNP_N_GenomeWideSNP_6_C06_781860	17	44165803	44394412	126	0.2378
FOXED_p_TCGA_b122_128_SNP_N_GenomeWideSNP_6_C06_781860	17	44394414	44784652	49	-0.4579
FOXED_p_TCGA_b122_128_SNP_N_GenomeWideSNP_6_C06_781860	17	44784678	81049726	21633	0.0476
FOXED_p_TCGA_b122_128_SNP_N_GenomeWideSNP_6_C06_781860	18	11543	63200357	40001	-0.5292
FOXED_p_TCGA_b122_128_SNP_N_GenomeWideSNP_6_C06_781860	18	63200466	63207257	22	0.3898
FOXED_p_TCGA_b122_128_SNP_N_GenomeWideSNP_6_C06_781860	18	63207273	67982568	3508	-0.5255
FOXED_p_TCGA_b122_128_SNP_N_GenomeWideSNP_6_C06_781860	18	67982783	67982961	3	-2.0118
FOXED_p_TCGA_b122_128_SNP_N_GenomeWideSNP_6_C06_781860	18	67991597	78015057	7297	-0.5367
FOXED_p_TCGA_b122_128_SNP_N_GenomeWideSNP_6_C06_781860	19	90910	9273800	3414	0.0694
FOXED_p_TCGA_b122_128_SNP_N_GenomeWideSNP_6_C06_781860	19	9274672	9278121	5	-1.2937
FOXED_p_TCGA_b122_128_SNP_N_GenomeWideSNP_6_C06_781860	19	9284760	24226399	7689	0.0524
FOXED_p_TCGA_b122_128_SNP_N_GenomeWideSNP_6_C06_781860	19	24230367	24236514	7	-1.2447
FOXED_p_TCGA_b122_128_SNP_N_GenomeWideSNP_6_C06_781860	19	24238451	36886592	6234	0.0407
FOXED_p_TCGA_b122_128_SNP_N_GenomeWideSNP_6_C06_781860	19	36892165	53518514	8574	-0.4794
FOXED_p_TCGA_b122_128_SNP_N_GenomeWideSNP_6_C06_781860	19	53518747	53552229	22	0.109
FOXED_p_TCGA_b122_128_SNP_N_GenomeWideSNP_6_C06_781860	19	53554240	55232800	1073	-0.5054
FOXED_p_TCGA_b122_128_SNP_N_GenomeWideSNP_6_C06_781860	19	55237246	55347130	37	0.2393
FOXED_p_TCGA_b122_128_SNP_N_GenomeWideSNP_6_C06_781860	19	55347177	59097854	2303	-0.5028
FOXED_p_TCGA_b122_128_SNP_N_GenomeWideSNP_6_C06_781860	20	61305	1560288	1200	-0.5074
FOXED_p_TCGA_b122_128_SNP_N_GenomeWideSNP_6_C06_781860	20	1560543	1593849	47	-0.1384
FOXED_p_TCGA_b122_128_SNP_N_GenomeWideSNP_6_C06_781860	20	1593893	26187513	18765	-0.5076
FOXED_p_TCGA_b122_128_SNP_N_GenomeWideSNP_6_C06_781860	20	26192655	35721198	2998	0.9038
FOXED_p_TCGA_b122_128_SNP_N_GenomeWideSNP_6_C06_781860	20	35721818	35722830	7	0.0992
FOXED_p_TCGA_b122_128_SNP_N_GenomeWideSNP_6_C06_781860	20	35726402	40359519	3048	0.9115
FOXED_p_TCGA_b122_128_SNP_N_GenomeWideSNP_6_C06_781860	20	40360023	40361295	7	0.2104
FOXED_p_TCGA_b122_128_SNP_N_GenomeWideSNP_6_C06_781860	20	40361532	52679270	9005	0.9322
FOXED_p_TCGA_b122_128_SNP_N_GenomeWideSNP_6_C06_781860	20	52679285	52679379	3	-0.2668
FOXED_p_TCGA_b122_128_SNP_N_GenomeWideSNP_6_C06_781860	20	52679492	62915568	7429	0.9218
FOXED_p_TCGA_b122_128_SNP_N_GenomeWideSNP_6_C06_781860	20	62916068	62956153	6	-0.5198
FOXED_p_TCGA_b122_128_SNP_N_GenomeWideSNP_6_C06_781860	21	10736871	10934086	31	-0.4378
FOXED_p_TCGA_b122_128_SNP_N_GenomeWideSNP_6_C06_781860	21	10935910	14595744	133	-0.1713
FOXED_p_TCGA_b122_128_SNP_N_GenomeWideSNP_6_C06_781860	21	14597009	48096957	24251	-0.5096
FOXED_p_TCGA_b122_128_SNP_N_GenomeWideSNP_6_C06_781860	22	16052528	16152285	19	-0.4368
FOXED_p_TCGA_b122_128_SNP_N_GenomeWideSNP_6_C06_781860	22	16205766	24271745	4572	-0.0152
FOXED_p_TCGA_b122_128_SNP_N_GenomeWideSNP_6_C06_781860	22	24283016	24344422	33	-0.5587
FOXED_p_TCGA_b122_128_SNP_N_GenomeWideSNP_6_C06_781860	22	24350529	24393745	17	0.4673
FOXED_p_TCGA_b122_128_SNP_N_GenomeWideSNP_6_C06_781860	22	24394015	25081338	356	0.0401
FOXED_p_TCGA_b122_128_SNP_N_GenomeWideSNP_6_C06_781860	22	25082115	25082534	3	-1.0096
FOXED_p_TCGA_b122_128_SNP_N_GenomeWideSNP_6_C06_781860	22	25087674	39290920	10478	0.0614
FOXED_p_TCGA_b122_128_SNP_N_GenomeWideSNP_6_C06_781860	22	39295255	39296904	3	-2.8712
FOXED_p_TCGA_b122_128_SNP_N_GenomeWideSNP_6_C06_781860	22	39299114	42897282	1958	0.0536
FOXED_p_TCGA_b122_128_SNP_N_GenomeWideSNP_6_C06_781860	22	42899440	42932418	20	0.6742
FOXED_p_TCGA_b122_128_SNP_N_GenomeWideSNP_6_C06_781860	22	42934462	42977190	15	-0.4922
FOXED_p_TCGA_b122_128_SNP_N_GenomeWideSNP_6_C06_781860	22	42980051	45133340	1622	0.072
FOXED_p_TCGA_b122_128_SNP_N_GenomeWideSNP_6_C06_781860	22	45135806	45136635	3	-1.2311
FOXED_p_TCGA_b122_128_SNP_N_GenomeWideSNP_6_C06_781860	22	45136906	51234455	4476	0.0344
FOXED_p_TCGA_b122_128_SNP_N_GenomeWideSNP_6_C06_781860	X	168477	17371318	10696	0.0284
FOXED_p_TCGA_b122_128_SNP_N_GenomeWideSNP_6_C06_781860	X	17371429	17390542	18	-5.1628
FOXED_p_TCGA_b122_128_SNP_N_GenomeWideSNP_6_C06_781860	X	17390750	19732988	1257	0.0321
FOXED_p_TCGA_b122_128_SNP_N_GenomeWideSNP_6_C06_781860	X	19733809	20095706	159	-0.6806
FOXED_p_TCGA_b122_128_SNP_N_GenomeWideSNP_6_C06_781860	X	20098868	76349873	28033	0.0369
FOXED_p_TCGA_b122_128_SNP_N_GenomeWideSNP_6_C06_781860	X	76353650	76523952	18	0.7172
FOXED_p_TCGA_b122_128_SNP_N_GenomeWideSNP_6_C06_781860	X	76545159	140647163	35440	0.0266
FOXED_p_TCGA_b122_128_SNP_N_GenomeWideSNP_6_C06_781860	X	140666298	140681794	6	-1.2415
FOXED_p_TCGA_b122_128_SNP_N_GenomeWideSNP_6_C06_781860	X	140683977	141051734	260	-0.0066
FOXED_p_TCGA_b122_128_SNP_N_GenomeWideSNP_6_C06_781860	X	141053961	143179859	1583	-0.7358
FOXED_p_TCGA_b122_128_SNP_N_GenomeWideSNP_6_C06_781860	X	143182727	155182354	7152	0.0331
FOXED_p_TCGA_b122_128_SNP_N_GenomeWideSNP_6_C06_781860	Y	2650438	15590276	3573	-1.866
FOXED_p_TCGA_b122_128_SNP_N_GenomeWideSNP_6_C06_781860	Y	15590342	15591537	2	-7.6439
FOXED_p_TCGA_b122_128_SNP_N_GenomeWideSNP_6_C06_781860	Y	15594523	19170442	1883	-1.9113
FOXED_p_TCGA_b122_128_SNP_N_GenomeWideSNP_6_C06_781860	Y	19179335	19179540	3	-7.5103
FOXED_p_TCGA_b122_128_SNP_N_GenomeWideSNP_6_C06_781860	Y	19182271	19317185	65	-1.9629
FOXED_p_TCGA_b122_128_SNP_N_GenomeWideSNP_6_C06_781860	Y	19317649	19435857	61	-1.5916
FOXED_p_TCGA_b122_128_SNP_N_GenomeWideSNP_6_C06_781860	Y	19436292	59018259	3036	-2.0112
