Sample	Chromosome	Start	End	Num_Probes	Segment_Mean
SERVO_p_TCGA_157_158_159_SNP_N_GenomeWideSNP_6_B07_831360	1	61735	785925	55	-0.261
SERVO_p_TCGA_157_158_159_SNP_N_GenomeWideSNP_6_B07_831360	1	785989	25583341	14104	0.0306
SERVO_p_TCGA_157_158_159_SNP_N_GenomeWideSNP_6_B07_831360	1	25593128	25628631	20	0.6613
SERVO_p_TCGA_157_158_159_SNP_N_GenomeWideSNP_6_B07_831360	1	25636451	72768936	28841	0.0229
SERVO_p_TCGA_157_158_159_SNP_N_GenomeWideSNP_6_B07_831360	1	72771143	72811904	45	0.398
SERVO_p_TCGA_157_158_159_SNP_N_GenomeWideSNP_6_B07_831360	1	72812440	81888456	5784	-0.0162
SERVO_p_TCGA_157_158_159_SNP_N_GenomeWideSNP_6_B07_831360	1	81888602	81888605	2	1.109
SERVO_p_TCGA_157_158_159_SNP_N_GenomeWideSNP_6_B07_831360	1	81888667	86387737	3093	-0.0195
SERVO_p_TCGA_157_158_159_SNP_N_GenomeWideSNP_6_B07_831360	1	86392075	87462755	660	-0.6047
SERVO_p_TCGA_157_158_159_SNP_N_GenomeWideSNP_6_B07_831360	1	87466641	92836123	3556	0.012
SERVO_p_TCGA_157_158_159_SNP_N_GenomeWideSNP_6_B07_831360	1	92836424	93699111	409	-0.5972
SERVO_p_TCGA_157_158_159_SNP_N_GenomeWideSNP_6_B07_831360	1	93704326	95894137	1574	0.0225
SERVO_p_TCGA_157_158_159_SNP_N_GenomeWideSNP_6_B07_831360	1	95894325	95896226	3	-0.8552
SERVO_p_TCGA_157_158_159_SNP_N_GenomeWideSNP_6_B07_831360	1	95898117	97382638	879	-0.0109
SERVO_p_TCGA_157_158_159_SNP_N_GenomeWideSNP_6_B07_831360	1	97393882	98382482	568	-0.6652
SERVO_p_TCGA_157_158_159_SNP_N_GenomeWideSNP_6_B07_831360	1	98393255	102917943	2986	-0.002
SERVO_p_TCGA_157_158_159_SNP_N_GenomeWideSNP_6_B07_831360	1	102918493	103005084	49	-0.6081
SERVO_p_TCGA_157_158_159_SNP_N_GenomeWideSNP_6_B07_831360	1	103006761	104178038	512	-0.0127
SERVO_p_TCGA_157_158_159_SNP_N_GenomeWideSNP_6_B07_831360	1	104221531	104225568	11	-0.9462
SERVO_p_TCGA_157_158_159_SNP_N_GenomeWideSNP_6_B07_831360	1	104239689	106013376	932	-0.0283
SERVO_p_TCGA_157_158_159_SNP_N_GenomeWideSNP_6_B07_831360	1	106019205	106022375	17	0.4631
SERVO_p_TCGA_157_158_159_SNP_N_GenomeWideSNP_6_B07_831360	1	106024055	108766355	1964	0.0113
SERVO_p_TCGA_157_158_159_SNP_N_GenomeWideSNP_6_B07_831360	1	108769302	108817179	2	-2.4292
SERVO_p_TCGA_157_158_159_SNP_N_GenomeWideSNP_6_B07_831360	1	108828957	110058133	608	0.0383
SERVO_p_TCGA_157_158_159_SNP_N_GenomeWideSNP_6_B07_831360	1	110059493	110877085	539	-0.6497
SERVO_p_TCGA_157_158_159_SNP_N_GenomeWideSNP_6_B07_831360	1	110880586	111787872	729	0.0305
SERVO_p_TCGA_157_158_159_SNP_N_GenomeWideSNP_6_B07_831360	1	111788779	112028114	242	-0.6227
SERVO_p_TCGA_157_158_159_SNP_N_GenomeWideSNP_6_B07_831360	1	112033285	113233955	954	0.0155
SERVO_p_TCGA_157_158_159_SNP_N_GenomeWideSNP_6_B07_831360	1	113234179	115431599	1273	-0.5835
SERVO_p_TCGA_157_158_159_SNP_N_GenomeWideSNP_6_B07_831360	1	115441625	144949975	3663	0.0201
SERVO_p_TCGA_157_158_159_SNP_N_GenomeWideSNP_6_B07_831360	1	144957688	145080051	47	-0.3287
SERVO_p_TCGA_157_158_159_SNP_N_GenomeWideSNP_6_B07_831360	1	145083864	145187915	68	0.0204
SERVO_p_TCGA_157_158_159_SNP_N_GenomeWideSNP_6_B07_831360	1	145191217	145392524	37	-0.2581
SERVO_p_TCGA_157_158_159_SNP_N_GenomeWideSNP_6_B07_831360	1	145394955	147398560	788	0.0461
SERVO_p_TCGA_157_158_159_SNP_N_GenomeWideSNP_6_B07_831360	1	147398763	147478446	5	-0.9856
SERVO_p_TCGA_157_158_159_SNP_N_GenomeWideSNP_6_B07_831360	1	147554183	149243072	233	0.0422
SERVO_p_TCGA_157_158_159_SNP_N_GenomeWideSNP_6_B07_831360	1	149243241	149249447	17	0.5563
SERVO_p_TCGA_157_158_159_SNP_N_GenomeWideSNP_6_B07_831360	1	149254329	149545372	37	0.0469
SERVO_p_TCGA_157_158_159_SNP_N_GenomeWideSNP_6_B07_831360	1	149545386	149578722	4	-0.8196
SERVO_p_TCGA_157_158_159_SNP_N_GenomeWideSNP_6_B07_831360	1	149617451	152555527	1484	0.0371
SERVO_p_TCGA_157_158_159_SNP_N_GenomeWideSNP_6_B07_831360	1	152555706	152586238	31	-1.4933
SERVO_p_TCGA_157_158_159_SNP_N_GenomeWideSNP_6_B07_831360	1	152586278	196714873	29738	0.0029
SERVO_p_TCGA_157_158_159_SNP_N_GenomeWideSNP_6_B07_831360	1	196727850	196799159	77	0.2965
SERVO_p_TCGA_157_158_159_SNP_N_GenomeWideSNP_6_B07_831360	1	196799288	201473647	3078	-0.0068
SERVO_p_TCGA_157_158_159_SNP_N_GenomeWideSNP_6_B07_831360	1	201474400	201474544	2	-1.1914
SERVO_p_TCGA_157_158_159_SNP_N_GenomeWideSNP_6_B07_831360	1	201475220	217706849	11139	0.0013
SERVO_p_TCGA_157_158_159_SNP_N_GenomeWideSNP_6_B07_831360	1	217709890	217710560	3	-1.1392
SERVO_p_TCGA_157_158_159_SNP_N_GenomeWideSNP_6_B07_831360	1	217719563	249224388	21723	-0.002
SERVO_p_TCGA_157_158_159_SNP_N_GenomeWideSNP_6_B07_831360	2	12784	7517231	5815	-0.0267
SERVO_p_TCGA_157_158_159_SNP_N_GenomeWideSNP_6_B07_831360	2	7517402	8447979	729	-0.6362
SERVO_p_TCGA_157_158_159_SNP_N_GenomeWideSNP_6_B07_831360	2	8454703	8571076	114	-0.0354
SERVO_p_TCGA_157_158_159_SNP_N_GenomeWideSNP_6_B07_831360	2	8571139	10554288	1333	-0.6457
SERVO_p_TCGA_157_158_159_SNP_N_GenomeWideSNP_6_B07_831360	2	10555557	34701394	16114	0.0066
SERVO_p_TCGA_157_158_159_SNP_N_GenomeWideSNP_6_B07_831360	2	34701583	34737163	45	0.5392
SERVO_p_TCGA_157_158_159_SNP_N_GenomeWideSNP_6_B07_831360	2	34737556	41238235	4822	0.0051
SERVO_p_TCGA_157_158_159_SNP_N_GenomeWideSNP_6_B07_831360	2	41238443	41242868	17	-0.4715
SERVO_p_TCGA_157_158_159_SNP_N_GenomeWideSNP_6_B07_831360	2	41242948	86937687	30166	-0.0015
SERVO_p_TCGA_157_158_159_SNP_N_GenomeWideSNP_6_B07_831360	2	86953070	86953854	2	-1.6947
SERVO_p_TCGA_157_158_159_SNP_N_GenomeWideSNP_6_B07_831360	2	86970406	98154265	2145	0.0021
SERVO_p_TCGA_157_158_159_SNP_N_GenomeWideSNP_6_B07_831360	2	98157272	98161710	3	1.6051
SERVO_p_TCGA_157_158_159_SNP_N_GenomeWideSNP_6_B07_831360	2	98162189	123477014	15135	0.0055
SERVO_p_TCGA_157_158_159_SNP_N_GenomeWideSNP_6_B07_831360	2	123479899	123482241	9	-0.6531
SERVO_p_TCGA_157_158_159_SNP_N_GenomeWideSNP_6_B07_831360	2	123483653	126442223	1943	-0.016
SERVO_p_TCGA_157_158_159_SNP_N_GenomeWideSNP_6_B07_831360	2	126451651	126451913	2	-1.8882
SERVO_p_TCGA_157_158_159_SNP_N_GenomeWideSNP_6_B07_831360	2	126451932	133038729	3564	-0.0036
SERVO_p_TCGA_157_158_159_SNP_N_GenomeWideSNP_6_B07_831360	2	133046772	133114536	26	0.4571
SERVO_p_TCGA_157_158_159_SNP_N_GenomeWideSNP_6_B07_831360	2	133114639	186828436	33357	-0.0157
SERVO_p_TCGA_157_158_159_SNP_N_GenomeWideSNP_6_B07_831360	2	186828833	186904520	51	-0.5359
SERVO_p_TCGA_157_158_159_SNP_N_GenomeWideSNP_6_B07_831360	2	186912259	189089968	1182	-0.0442
SERVO_p_TCGA_157_158_159_SNP_N_GenomeWideSNP_6_B07_831360	2	189090190	189112348	11	-0.41
SERVO_p_TCGA_157_158_159_SNP_N_GenomeWideSNP_6_B07_831360	2	189112399	192271953	1840	0.0114
SERVO_p_TCGA_157_158_159_SNP_N_GenomeWideSNP_6_B07_831360	2	192276192	192279545	6	0.7994
SERVO_p_TCGA_157_158_159_SNP_N_GenomeWideSNP_6_B07_831360	2	192279901	208354955	9405	0.007
SERVO_p_TCGA_157_158_159_SNP_N_GenomeWideSNP_6_B07_831360	2	208355178	208359336	16	-0.5046
SERVO_p_TCGA_157_158_159_SNP_N_GenomeWideSNP_6_B07_831360	2	208359476	213181322	3042	-0.0255
SERVO_p_TCGA_157_158_159_SNP_N_GenomeWideSNP_6_B07_831360	2	213186549	213191812	24	-0.8136
SERVO_p_TCGA_157_158_159_SNP_N_GenomeWideSNP_6_B07_831360	2	213191825	243089456	19063	-0.0064
SERVO_p_TCGA_157_158_159_SNP_N_GenomeWideSNP_6_B07_831360	3	60345	6646543	5845	0.0132
SERVO_p_TCGA_157_158_159_SNP_N_GenomeWideSNP_6_B07_831360	3	6651128	6653332	23	-0.4776
SERVO_p_TCGA_157_158_159_SNP_N_GenomeWideSNP_6_B07_831360	3	6655078	68725751	41971	0.0102
SERVO_p_TCGA_157_158_159_SNP_N_GenomeWideSNP_6_B07_831360	3	68732028	68747329	14	0.8399
SERVO_p_TCGA_157_158_159_SNP_N_GenomeWideSNP_6_B07_831360	3	68747364	98937784	15949	-0.0157
SERVO_p_TCGA_157_158_159_SNP_N_GenomeWideSNP_6_B07_831360	3	98944458	98949056	27	-0.4417
SERVO_p_TCGA_157_158_159_SNP_N_GenomeWideSNP_6_B07_831360	3	98949069	125436237	16276	-0.0029
SERVO_p_TCGA_157_158_159_SNP_N_GenomeWideSNP_6_B07_831360	3	125443608	125458762	10	0.7906
SERVO_p_TCGA_157_158_159_SNP_N_GenomeWideSNP_6_B07_831360	3	125462329	128391626	1834	-6e-04
SERVO_p_TCGA_157_158_159_SNP_N_GenomeWideSNP_6_B07_831360	3	128391789	128412331	12	0.6954
SERVO_p_TCGA_157_158_159_SNP_N_GenomeWideSNP_6_B07_831360	3	128414161	158350118	18354	0.0024
SERVO_p_TCGA_157_158_159_SNP_N_GenomeWideSNP_6_B07_831360	3	158350884	158351545	2	-2.081
SERVO_p_TCGA_157_158_159_SNP_N_GenomeWideSNP_6_B07_831360	3	158358872	162532950	2619	-0.0027
SERVO_p_TCGA_157_158_159_SNP_N_GenomeWideSNP_6_B07_831360	3	162534730	162536583	2	-2.5657
SERVO_p_TCGA_157_158_159_SNP_N_GenomeWideSNP_6_B07_831360	3	162536823	162540490	4	-0.7244
SERVO_p_TCGA_157_158_159_SNP_N_GenomeWideSNP_6_B07_831360	3	162545716	167659756	2854	-0.0389
SERVO_p_TCGA_157_158_159_SNP_N_GenomeWideSNP_6_B07_831360	3	167660757	167661136	2	1.111
SERVO_p_TCGA_157_158_159_SNP_N_GenomeWideSNP_6_B07_831360	3	167665917	171787771	2578	0.0185
SERVO_p_TCGA_157_158_159_SNP_N_GenomeWideSNP_6_B07_831360	3	171791223	171792116	3	-1.046
SERVO_p_TCGA_157_158_159_SNP_N_GenomeWideSNP_6_B07_831360	3	171792713	182304544	6569	-0.0118
SERVO_p_TCGA_157_158_159_SNP_N_GenomeWideSNP_6_B07_831360	3	182308911	182309675	2	-1.3106
SERVO_p_TCGA_157_158_159_SNP_N_GenomeWideSNP_6_B07_831360	3	182319303	190345518	5479	0.0216
SERVO_p_TCGA_157_158_159_SNP_N_GenomeWideSNP_6_B07_831360	3	190346218	190346525	2	1.234
SERVO_p_TCGA_157_158_159_SNP_N_GenomeWideSNP_6_B07_831360	3	190349480	192880587	1751	-0.001
SERVO_p_TCGA_157_158_159_SNP_N_GenomeWideSNP_6_B07_831360	3	192880726	192882903	11	-0.8792
SERVO_p_TCGA_157_158_159_SNP_N_GenomeWideSNP_6_B07_831360	3	192886435	195422291	1493	0.0271
SERVO_p_TCGA_157_158_159_SNP_N_GenomeWideSNP_6_B07_831360	3	195422293	195473796	36	-0.2739
SERVO_p_TCGA_157_158_159_SNP_N_GenomeWideSNP_6_B07_831360	3	195474182	197869530	1171	0.0438
SERVO_p_TCGA_157_158_159_SNP_N_GenomeWideSNP_6_B07_831360	3	197869571	197896118	5	0.7924
SERVO_p_TCGA_157_158_159_SNP_N_GenomeWideSNP_6_B07_831360	4	12281	35359	21	0.0136
SERVO_p_TCGA_157_158_159_SNP_N_GenomeWideSNP_6_B07_831360	4	35834	71420	42	-0.2348
SERVO_p_TCGA_157_158_159_SNP_N_GenomeWideSNP_6_B07_831360	4	71566	10210390	5736	0.0118
SERVO_p_TCGA_157_158_159_SNP_N_GenomeWideSNP_6_B07_831360	4	10223416	10231498	28	1.7401
SERVO_p_TCGA_157_158_159_SNP_N_GenomeWideSNP_6_B07_831360	4	10234214	10236142	8	0.7408
SERVO_p_TCGA_157_158_159_SNP_N_GenomeWideSNP_6_B07_831360	4	10238436	34779040	16983	-0.0122
SERVO_p_TCGA_157_158_159_SNP_N_GenomeWideSNP_6_B07_831360	4	34779054	34804287	22	-0.4398
SERVO_p_TCGA_157_158_159_SNP_N_GenomeWideSNP_6_B07_831360	4	34804312	34808343	4	0.1254
SERVO_p_TCGA_157_158_159_SNP_N_GenomeWideSNP_6_B07_831360	4	34814190	34824725	13	-0.4416
SERVO_p_TCGA_157_158_159_SNP_N_GenomeWideSNP_6_B07_831360	4	34829872	64693940	16579	-0.0142
SERVO_p_TCGA_157_158_159_SNP_N_GenomeWideSNP_6_B07_831360	4	64697469	64708258	29	0.3119
SERVO_p_TCGA_157_158_159_SNP_N_GenomeWideSNP_6_B07_831360	4	64716431	66567056	1183	-0.04
SERVO_p_TCGA_157_158_159_SNP_N_GenomeWideSNP_6_B07_831360	4	66567179	66567198	2	-1.2095
SERVO_p_TCGA_157_158_159_SNP_N_GenomeWideSNP_6_B07_831360	4	66568768	69244434	1667	-0.0301
SERVO_p_TCGA_157_158_159_SNP_N_GenomeWideSNP_6_B07_831360	4	69255070	69294799	13	0.4937
SERVO_p_TCGA_157_158_159_SNP_N_GenomeWideSNP_6_B07_831360	4	69304939	73415918	2330	0.0092
SERVO_p_TCGA_157_158_159_SNP_N_GenomeWideSNP_6_B07_831360	4	73419434	73420212	2	-1.4104
SERVO_p_TCGA_157_158_159_SNP_N_GenomeWideSNP_6_B07_831360	4	73420838	89255263	10022	0.005
SERVO_p_TCGA_157_158_159_SNP_N_GenomeWideSNP_6_B07_831360	4	89266038	89266950	2	-1.3869
SERVO_p_TCGA_157_158_159_SNP_N_GenomeWideSNP_6_B07_831360	4	89270510	115173700	15457	-0.0095
SERVO_p_TCGA_157_158_159_SNP_N_GenomeWideSNP_6_B07_831360	4	115175323	115182175	23	0.5349
SERVO_p_TCGA_157_158_159_SNP_N_GenomeWideSNP_6_B07_831360	4	115184229	138092239	13252	-0.0334
SERVO_p_TCGA_157_158_159_SNP_N_GenomeWideSNP_6_B07_831360	4	138092420	138094972	16	-0.6849
SERVO_p_TCGA_157_158_159_SNP_N_GenomeWideSNP_6_B07_831360	4	138095121	156885188	11625	-0.0042
SERVO_p_TCGA_157_158_159_SNP_N_GenomeWideSNP_6_B07_831360	4	156888072	156888312	5	-0.8022
SERVO_p_TCGA_157_158_159_SNP_N_GenomeWideSNP_6_B07_831360	4	156888519	156968473	59	-0.0283
SERVO_p_TCGA_157_158_159_SNP_N_GenomeWideSNP_6_B07_831360	4	156968683	156973205	10	-0.6278
SERVO_p_TCGA_157_158_159_SNP_N_GenomeWideSNP_6_B07_831360	4	156974697	161952413	3146	-0.0101
SERVO_p_TCGA_157_158_159_SNP_N_GenomeWideSNP_6_B07_831360	4	161952437	162003266	41	0.4277
SERVO_p_TCGA_157_158_159_SNP_N_GenomeWideSNP_6_B07_831360	4	162006824	172987928	6983	-0.03
SERVO_p_TCGA_157_158_159_SNP_N_GenomeWideSNP_6_B07_831360	4	172989148	172989533	12	0.6391
SERVO_p_TCGA_157_158_159_SNP_N_GenomeWideSNP_6_B07_831360	4	172995979	186396019	8968	-0.0263
SERVO_p_TCGA_157_158_159_SNP_N_GenomeWideSNP_6_B07_831360	4	186398229	186417689	15	-0.7636
SERVO_p_TCGA_157_158_159_SNP_N_GenomeWideSNP_6_B07_831360	4	186421566	191027923	3130	-0.0034
SERVO_p_TCGA_157_158_159_SNP_N_GenomeWideSNP_6_B07_831360	5	15532	3802870	2752	0.2614
SERVO_p_TCGA_157_158_159_SNP_N_GenomeWideSNP_6_B07_831360	5	3803398	3822893	20	0.6557
SERVO_p_TCGA_157_158_159_SNP_N_GenomeWideSNP_6_B07_831360	5	3824532	3835686	10	0.2272
SERVO_p_TCGA_157_158_159_SNP_N_GenomeWideSNP_6_B07_831360	5	3840108	3962234	96	0.5697
SERVO_p_TCGA_157_158_159_SNP_N_GenomeWideSNP_6_B07_831360	5	3963517	4012303	52	0.2211
SERVO_p_TCGA_157_158_159_SNP_N_GenomeWideSNP_6_B07_831360	5	4012694	4012700	2	-1.2856
SERVO_p_TCGA_157_158_159_SNP_N_GenomeWideSNP_6_B07_831360	5	4013641	12819313	7285	0.2494
SERVO_p_TCGA_157_158_159_SNP_N_GenomeWideSNP_6_B07_831360	5	12819375	12826650	8	1.0459
SERVO_p_TCGA_157_158_159_SNP_N_GenomeWideSNP_6_B07_831360	5	12833857	21449276	5540	0.2499
SERVO_p_TCGA_157_158_159_SNP_N_GenomeWideSNP_6_B07_831360	5	21451200	21452438	5	1.1335
SERVO_p_TCGA_157_158_159_SNP_N_GenomeWideSNP_6_B07_831360	5	21452496	21519186	10	0.185
SERVO_p_TCGA_157_158_159_SNP_N_GenomeWideSNP_6_B07_831360	5	21519630	21573438	29	-0.1241
SERVO_p_TCGA_157_158_159_SNP_N_GenomeWideSNP_6_B07_831360	5	21573620	27447863	3473	0.1915
SERVO_p_TCGA_157_158_159_SNP_N_GenomeWideSNP_6_B07_831360	5	27448299	27480200	19	-0.2899
SERVO_p_TCGA_157_158_159_SNP_N_GenomeWideSNP_6_B07_831360	5	27480475	34072915	4385	0.2353
SERVO_p_TCGA_157_158_159_SNP_N_GenomeWideSNP_6_B07_831360	5	34074346	34083642	4	-0.6697
SERVO_p_TCGA_157_158_159_SNP_N_GenomeWideSNP_6_B07_831360	5	34087506	57321646	12184	0.2545
SERVO_p_TCGA_157_158_159_SNP_N_GenomeWideSNP_6_B07_831360	5	57326027	57333533	32	-0.3464
SERVO_p_TCGA_157_158_159_SNP_N_GenomeWideSNP_6_B07_831360	5	57338357	68846303	7304	0.2539
SERVO_p_TCGA_157_158_159_SNP_N_GenomeWideSNP_6_B07_831360	5	68867294	69074977	2	1.7599
SERVO_p_TCGA_157_158_159_SNP_N_GenomeWideSNP_6_B07_831360	5	69074991	103851221	19562	0.2435
SERVO_p_TCGA_157_158_159_SNP_N_GenomeWideSNP_6_B07_831360	5	103860373	103860604	4	-0.9407
SERVO_p_TCGA_157_158_159_SNP_N_GenomeWideSNP_6_B07_831360	5	103861049	113058120	6194	0.2199
SERVO_p_TCGA_157_158_159_SNP_N_GenomeWideSNP_6_B07_831360	5	113059548	113085577	17	-0.4045
SERVO_p_TCGA_157_158_159_SNP_N_GenomeWideSNP_6_B07_831360	5	113085683	114756789	1182	0.2483
SERVO_p_TCGA_157_158_159_SNP_N_GenomeWideSNP_6_B07_831360	5	114756821	114756862	2	-0.8804
SERVO_p_TCGA_157_158_159_SNP_N_GenomeWideSNP_6_B07_831360	5	114759078	180790320	42909	0.2485
SERVO_p_TCGA_157_158_159_SNP_N_GenomeWideSNP_6_B07_831360	6	149661	254267	99	-0.6127
SERVO_p_TCGA_157_158_159_SNP_N_GenomeWideSNP_6_B07_831360	6	254283	294837	22	-1.0672
SERVO_p_TCGA_157_158_159_SNP_N_GenomeWideSNP_6_B07_831360	6	302306	385056	84	-0.3378
SERVO_p_TCGA_157_158_159_SNP_N_GenomeWideSNP_6_B07_831360	6	385687	8753373	6864	-0.6373
SERVO_p_TCGA_157_158_159_SNP_N_GenomeWideSNP_6_B07_831360	6	8753730	8868170	81	-0.0347
SERVO_p_TCGA_157_158_159_SNP_N_GenomeWideSNP_6_B07_831360	6	8871858	9201500	237	-0.6204
SERVO_p_TCGA_157_158_159_SNP_N_GenomeWideSNP_6_B07_831360	6	9202617	9721327	336	-0.0168
SERVO_p_TCGA_157_158_159_SNP_N_GenomeWideSNP_6_B07_831360	6	9728867	9991730	203	-0.6794
SERVO_p_TCGA_157_158_159_SNP_N_GenomeWideSNP_6_B07_831360	6	9994366	9994519	3	-2.9478
SERVO_p_TCGA_157_158_159_SNP_N_GenomeWideSNP_6_B07_831360	6	9994694	10048851	46	-0.6035
SERVO_p_TCGA_157_158_159_SNP_N_GenomeWideSNP_6_B07_831360	6	10053682	10535043	397	0.0111
SERVO_p_TCGA_157_158_159_SNP_N_GenomeWideSNP_6_B07_831360	6	10535663	10555888	19	-0.5796
SERVO_p_TCGA_157_158_159_SNP_N_GenomeWideSNP_6_B07_831360	6	10556872	10829557	157	0.0657
SERVO_p_TCGA_157_158_159_SNP_N_GenomeWideSNP_6_B07_831360	6	10836215	11706686	653	-0.6379
SERVO_p_TCGA_157_158_159_SNP_N_GenomeWideSNP_6_B07_831360	6	11708397	11708416	2	-3.2545
SERVO_p_TCGA_157_158_159_SNP_N_GenomeWideSNP_6_B07_831360	6	11708500	13081445	1111	-0.6225
SERVO_p_TCGA_157_158_159_SNP_N_GenomeWideSNP_6_B07_831360	6	13085054	18278577	3825	0.0146
SERVO_p_TCGA_157_158_159_SNP_N_GenomeWideSNP_6_B07_831360	6	18284716	20391157	1652	-0.632
SERVO_p_TCGA_157_158_159_SNP_N_GenomeWideSNP_6_B07_831360	6	20392010	20396454	2	-2.4903
SERVO_p_TCGA_157_158_159_SNP_N_GenomeWideSNP_6_B07_831360	6	20398837	29837072	5901	-0.6217
SERVO_p_TCGA_157_158_159_SNP_N_GenomeWideSNP_6_B07_831360	6	29837187	29874808	24	0.185
SERVO_p_TCGA_157_158_159_SNP_N_GenomeWideSNP_6_B07_831360	6	29876959	30601821	318	-0.6199
SERVO_p_TCGA_157_158_159_SNP_N_GenomeWideSNP_6_B07_831360	6	30627867	31280823	345	0.0551
SERVO_p_TCGA_157_158_159_SNP_N_GenomeWideSNP_6_B07_831360	6	31286276	31295953	8	-0.6222
SERVO_p_TCGA_157_158_159_SNP_N_GenomeWideSNP_6_B07_831360	6	31295987	32057503	287	0.0391
SERVO_p_TCGA_157_158_159_SNP_N_GenomeWideSNP_6_B07_831360	6	32059191	32454523	227	-0.6158
SERVO_p_TCGA_157_158_159_SNP_N_GenomeWideSNP_6_B07_831360	6	32456683	32602107	51	-0.2605
SERVO_p_TCGA_157_158_159_SNP_N_GenomeWideSNP_6_B07_831360	6	32602269	41630783	5945	-0.6364
SERVO_p_TCGA_157_158_159_SNP_N_GenomeWideSNP_6_B07_831360	6	41631791	44317229	1438	0.0264
SERVO_p_TCGA_157_158_159_SNP_N_GenomeWideSNP_6_B07_831360	6	44324199	53931067	6347	-0.6213
SERVO_p_TCGA_157_158_159_SNP_N_GenomeWideSNP_6_B07_831360	6	53931084	53935348	9	0.3617
SERVO_p_TCGA_157_158_159_SNP_N_GenomeWideSNP_6_B07_831360	6	53935415	67038046	5477	-0.6119
SERVO_p_TCGA_157_158_159_SNP_N_GenomeWideSNP_6_B07_831360	6	67040913	67042897	6	-2.13
SERVO_p_TCGA_157_158_159_SNP_N_GenomeWideSNP_6_B07_831360	6	67043192	77428589	6775	-0.6291
SERVO_p_TCGA_157_158_159_SNP_N_GenomeWideSNP_6_B07_831360	6	77429199	77468466	29	-0.1737
SERVO_p_TCGA_157_158_159_SNP_N_GenomeWideSNP_6_B07_831360	6	77468588	93577433	10327	-0.6251
SERVO_p_TCGA_157_158_159_SNP_N_GenomeWideSNP_6_B07_831360	6	93577954	93717031	128	0.0318
SERVO_p_TCGA_157_158_159_SNP_N_GenomeWideSNP_6_B07_831360	6	93717890	95190723	993	-0.6278
SERVO_p_TCGA_157_158_159_SNP_N_GenomeWideSNP_6_B07_831360	6	95193106	95193725	2	0.8163
SERVO_p_TCGA_157_158_159_SNP_N_GenomeWideSNP_6_B07_831360	6	95196646	96605307	773	-0.6352
SERVO_p_TCGA_157_158_159_SNP_N_GenomeWideSNP_6_B07_831360	6	96611969	96623912	14	-1.2529
SERVO_p_TCGA_157_158_159_SNP_N_GenomeWideSNP_6_B07_831360	6	96635451	103734829	4307	-0.6429
SERVO_p_TCGA_157_158_159_SNP_N_GenomeWideSNP_6_B07_831360	6	103737976	103765470	47	-0.005
SERVO_p_TCGA_157_158_159_SNP_N_GenomeWideSNP_6_B07_831360	6	103765670	123492365	12022	-0.6276
SERVO_p_TCGA_157_158_159_SNP_N_GenomeWideSNP_6_B07_831360	6	123501234	123570501	30	-0.002
SERVO_p_TCGA_157_158_159_SNP_N_GenomeWideSNP_6_B07_831360	6	123574372	124046782	316	-0.6426
SERVO_p_TCGA_157_158_159_SNP_N_GenomeWideSNP_6_B07_831360	6	124055673	124315587	209	-0.015
SERVO_p_TCGA_157_158_159_SNP_N_GenomeWideSNP_6_B07_831360	6	124318252	128001107	2234	-0.647
SERVO_p_TCGA_157_158_159_SNP_N_GenomeWideSNP_6_B07_831360	6	128008870	135983123	5442	-2e-04
SERVO_p_TCGA_157_158_159_SNP_N_GenomeWideSNP_6_B07_831360	6	135993533	136316787	235	-0.6282
SERVO_p_TCGA_157_158_159_SNP_N_GenomeWideSNP_6_B07_831360	6	136317656	162465035	17597	0.0069
SERVO_p_TCGA_157_158_159_SNP_N_GenomeWideSNP_6_B07_831360	6	162465203	162496321	35	-0.5872
SERVO_p_TCGA_157_158_159_SNP_N_GenomeWideSNP_6_B07_831360	6	162496594	162498181	17	0.1121
SERVO_p_TCGA_157_158_159_SNP_N_GenomeWideSNP_6_B07_831360	6	162501669	162564054	53	0.7145
SERVO_p_TCGA_157_158_159_SNP_N_GenomeWideSNP_6_B07_831360	6	162569201	162664364	83	-0.6722
SERVO_p_TCGA_157_158_159_SNP_N_GenomeWideSNP_6_B07_831360	6	162672821	162702832	17	0.72
SERVO_p_TCGA_157_158_159_SNP_N_GenomeWideSNP_6_B07_831360	6	162705860	162856804	134	-0.0799
SERVO_p_TCGA_157_158_159_SNP_N_GenomeWideSNP_6_B07_831360	6	162856878	163690429	603	-0.7041
SERVO_p_TCGA_157_158_159_SNP_N_GenomeWideSNP_6_B07_831360	6	163692932	165724052	1564	-0.0327
SERVO_p_TCGA_157_158_159_SNP_N_GenomeWideSNP_6_B07_831360	6	165731526	165731928	2	-1.5114
SERVO_p_TCGA_157_158_159_SNP_N_GenomeWideSNP_6_B07_831360	6	165734652	171051005	3618	0.0207
SERVO_p_TCGA_157_158_159_SNP_N_GenomeWideSNP_6_B07_831360	7	43355	22434780	16097	0.4046
SERVO_p_TCGA_157_158_159_SNP_N_GenomeWideSNP_6_B07_831360	7	22435472	22436487	2	-1.7513
SERVO_p_TCGA_157_158_159_SNP_N_GenomeWideSNP_6_B07_831360	7	22438754	38387443	11453	0.3993
SERVO_p_TCGA_157_158_159_SNP_N_GenomeWideSNP_6_B07_831360	7	38391365	38396476	4	-0.8907
SERVO_p_TCGA_157_158_159_SNP_N_GenomeWideSNP_6_B07_831360	7	38398047	68686390	16285	0.3719
SERVO_p_TCGA_157_158_159_SNP_N_GenomeWideSNP_6_B07_831360	7	68686808	68687458	2	-1.2035
SERVO_p_TCGA_157_158_159_SNP_N_GenomeWideSNP_6_B07_831360	7	68695659	126045686	33589	0.3819
SERVO_p_TCGA_157_158_159_SNP_N_GenomeWideSNP_6_B07_831360	7	126045744	126046615	8	1.1452
SERVO_p_TCGA_157_158_159_SNP_N_GenomeWideSNP_6_B07_831360	7	126046876	133785177	4705	0.3899
SERVO_p_TCGA_157_158_159_SNP_N_GenomeWideSNP_6_B07_831360	7	133785195	133795634	26	0.8784
SERVO_p_TCGA_157_158_159_SNP_N_GenomeWideSNP_6_B07_831360	7	133795665	135205568	1052	0.3798
SERVO_p_TCGA_157_158_159_SNP_N_GenomeWideSNP_6_B07_831360	7	135213668	135217793	7	-0.7891
SERVO_p_TCGA_157_158_159_SNP_N_GenomeWideSNP_6_B07_831360	7	135218647	142474939	4641	0.384
SERVO_p_TCGA_157_158_159_SNP_N_GenomeWideSNP_6_B07_831360	7	142476719	142486045	27	0.891
SERVO_p_TCGA_157_158_159_SNP_N_GenomeWideSNP_6_B07_831360	7	142486115	143873952	838	0.3499
SERVO_p_TCGA_157_158_159_SNP_N_GenomeWideSNP_6_B07_831360	7	143896252	144066947	44	0.856
SERVO_p_TCGA_157_158_159_SNP_N_GenomeWideSNP_6_B07_831360	7	144074929	159127004	9692	0.3936
SERVO_p_TCGA_157_158_159_SNP_N_GenomeWideSNP_6_B07_831360	8	31254	158062	5	0.0449
SERVO_p_TCGA_157_158_159_SNP_N_GenomeWideSNP_6_B07_831360	8	161222	6356157	7128	-0.6651
SERVO_p_TCGA_157_158_159_SNP_N_GenomeWideSNP_6_B07_831360	8	6356239	6475333	185	0.0721
SERVO_p_TCGA_157_158_159_SNP_N_GenomeWideSNP_6_B07_831360	8	6476626	12001123	3952	-0.6541
SERVO_p_TCGA_157_158_159_SNP_N_GenomeWideSNP_6_B07_831360	8	12034307	12266083	55	-0.1352
SERVO_p_TCGA_157_158_159_SNP_N_GenomeWideSNP_6_B07_831360	8	12266367	24972187	10465	-0.6492
SERVO_p_TCGA_157_158_159_SNP_N_GenomeWideSNP_6_B07_831360	8	24974443	24975570	6	-0.0902
SERVO_p_TCGA_157_158_159_SNP_N_GenomeWideSNP_6_B07_831360	8	24976202	24984141	17	0.3333
SERVO_p_TCGA_157_158_159_SNP_N_GenomeWideSNP_6_B07_831360	8	24984156	24984333	4	-0.1134
SERVO_p_TCGA_157_158_159_SNP_N_GenomeWideSNP_6_B07_831360	8	24991104	25866819	702	-0.614
SERVO_p_TCGA_157_158_159_SNP_N_GenomeWideSNP_6_B07_831360	8	25869935	25870252	3	-2.441
SERVO_p_TCGA_157_158_159_SNP_N_GenomeWideSNP_6_B07_831360	8	25870277	33154179	5028	-0.654
SERVO_p_TCGA_157_158_159_SNP_N_GenomeWideSNP_6_B07_831360	8	33161342	37665945	2527	-0.029
SERVO_p_TCGA_157_158_159_SNP_N_GenomeWideSNP_6_B07_831360	8	37667018	39230659	761	0.6845
SERVO_p_TCGA_157_158_159_SNP_N_GenomeWideSNP_6_B07_831360	8	39235603	39386965	59	-0.1712
SERVO_p_TCGA_157_158_159_SNP_N_GenomeWideSNP_6_B07_831360	8	39388299	39830700	268	0.6877
SERVO_p_TCGA_157_158_159_SNP_N_GenomeWideSNP_6_B07_831360	8	39830957	39831647	3	-0.6218
SERVO_p_TCGA_157_158_159_SNP_N_GenomeWideSNP_6_B07_831360	8	39834819	86553142	26328	0.6506
SERVO_p_TCGA_157_158_159_SNP_N_GenomeWideSNP_6_B07_831360	8	86557413	86914881	73	0.3541
SERVO_p_TCGA_157_158_159_SNP_N_GenomeWideSNP_6_B07_831360	8	86914896	109896670	14061	0.6512
SERVO_p_TCGA_157_158_159_SNP_N_GenomeWideSNP_6_B07_831360	8	109899401	109900836	2	-1.1619
SERVO_p_TCGA_157_158_159_SNP_N_GenomeWideSNP_6_B07_831360	8	109900838	112291494	1306	0.628
SERVO_p_TCGA_157_158_159_SNP_N_GenomeWideSNP_6_B07_831360	8	112294279	112295260	10	-0.9332
SERVO_p_TCGA_157_158_159_SNP_N_GenomeWideSNP_6_B07_831360	8	112300281	115635228	1836	0.607
SERVO_p_TCGA_157_158_159_SNP_N_GenomeWideSNP_6_B07_831360	8	115635282	115640908	14	0.0954
SERVO_p_TCGA_157_158_159_SNP_N_GenomeWideSNP_6_B07_831360	8	115640988	117430691	1096	0.6072
SERVO_p_TCGA_157_158_159_SNP_N_GenomeWideSNP_6_B07_831360	8	117437631	118240868	551	0.3382
SERVO_p_TCGA_157_158_159_SNP_N_GenomeWideSNP_6_B07_831360	8	118243226	118465055	141	0.6751
SERVO_p_TCGA_157_158_159_SNP_N_GenomeWideSNP_6_B07_831360	8	118465225	118531545	44	0.3651
SERVO_p_TCGA_157_158_159_SNP_N_GenomeWideSNP_6_B07_831360	8	118533966	125186316	4626	0.6705
SERVO_p_TCGA_157_158_159_SNP_N_GenomeWideSNP_6_B07_831360	8	125186419	125228110	35	0.4113
SERVO_p_TCGA_157_158_159_SNP_N_GenomeWideSNP_6_B07_831360	8	125231083	125594916	211	0.6573
SERVO_p_TCGA_157_158_159_SNP_N_GenomeWideSNP_6_B07_831360	8	125599625	126049443	354	0.3952
SERVO_p_TCGA_157_158_159_SNP_N_GenomeWideSNP_6_B07_831360	8	126058733	132160206	4430	0.6701
SERVO_p_TCGA_157_158_159_SNP_N_GenomeWideSNP_6_B07_831360	8	132160975	132326414	95	0.3868
SERVO_p_TCGA_157_158_159_SNP_N_GenomeWideSNP_6_B07_831360	8	132328178	144309998	8848	0.6652
SERVO_p_TCGA_157_158_159_SNP_N_GenomeWideSNP_6_B07_831360	8	144310013	144310617	5	0.0541
SERVO_p_TCGA_157_158_159_SNP_N_GenomeWideSNP_6_B07_831360	8	144314377	144699157	119	0.6973
SERVO_p_TCGA_157_158_159_SNP_N_GenomeWideSNP_6_B07_831360	8	144705157	144707808	9	-0.5321
SERVO_p_TCGA_157_158_159_SNP_N_GenomeWideSNP_6_B07_831360	8	144718989	146298155	504	0.7082
SERVO_p_TCGA_157_158_159_SNP_N_GenomeWideSNP_6_B07_831360	9	46587	11582843	10952	0.4104
SERVO_p_TCGA_157_158_159_SNP_N_GenomeWideSNP_6_B07_831360	9	11583191	11602884	16	-0.0038
SERVO_p_TCGA_157_158_159_SNP_N_GenomeWideSNP_6_B07_831360	9	11607030	33007259	16621	0.3805
SERVO_p_TCGA_157_158_159_SNP_N_GenomeWideSNP_6_B07_831360	9	33007467	33007568	2	1.3725
SERVO_p_TCGA_157_158_159_SNP_N_GenomeWideSNP_6_B07_831360	9	33008113	44250853	3858	0.3877
SERVO_p_TCGA_157_158_159_SNP_N_GenomeWideSNP_6_B07_831360	9	44251228	44259163	4	-0.633
SERVO_p_TCGA_157_158_159_SNP_N_GenomeWideSNP_6_B07_831360	9	44261256	90522594	14675	0.377
SERVO_p_TCGA_157_158_159_SNP_N_GenomeWideSNP_6_B07_831360	9	90554151	90554219	2	-1.1987
SERVO_p_TCGA_157_158_159_SNP_N_GenomeWideSNP_6_B07_831360	9	90557957	140228214	33351	0.3952
SERVO_p_TCGA_157_158_159_SNP_N_GenomeWideSNP_6_B07_831360	9	140228229	140229136	4	0.8335
SERVO_p_TCGA_157_158_159_SNP_N_GenomeWideSNP_6_B07_831360	9	140230446	140255642	11	0.3609
SERVO_p_TCGA_157_158_159_SNP_N_GenomeWideSNP_6_B07_831360	9	140255718	140255833	2	-0.856
SERVO_p_TCGA_157_158_159_SNP_N_GenomeWideSNP_6_B07_831360	9	140273003	141004005	355	0.4017
SERVO_p_TCGA_157_158_159_SNP_N_GenomeWideSNP_6_B07_831360	9	141004491	141005126	6	-0.1442
SERVO_p_TCGA_157_158_159_SNP_N_GenomeWideSNP_6_B07_831360	9	141005294	141091394	51	0.4315
SERVO_p_TCGA_157_158_159_SNP_N_GenomeWideSNP_6_B07_831360	10	72759	1230443	688	0.0059
SERVO_p_TCGA_157_158_159_SNP_N_GenomeWideSNP_6_B07_831360	10	1231632	1235393	4	-1.2485
SERVO_p_TCGA_157_158_159_SNP_N_GenomeWideSNP_6_B07_831360	10	1236330	24377676	18536	-0.0146
SERVO_p_TCGA_157_158_159_SNP_N_GenomeWideSNP_6_B07_831360	10	24377678	24378054	8	-1.768
SERVO_p_TCGA_157_158_159_SNP_N_GenomeWideSNP_6_B07_831360	10	24378908	47401341	12492	-0.019
SERVO_p_TCGA_157_158_159_SNP_N_GenomeWideSNP_6_B07_831360	10	47414281	47743501	192	0.4214
SERVO_p_TCGA_157_158_159_SNP_N_GenomeWideSNP_6_B07_831360	10	47743516	49731201	583	-0.0016
SERVO_p_TCGA_157_158_159_SNP_N_GenomeWideSNP_6_B07_831360	10	49732975	49732988	2	-1.4559
SERVO_p_TCGA_157_158_159_SNP_N_GenomeWideSNP_6_B07_831360	10	49733261	81251331	21471	-0.0235
SERVO_p_TCGA_157_158_159_SNP_N_GenomeWideSNP_6_B07_831360	10	81283267	81293615	2	-1.3907
SERVO_p_TCGA_157_158_159_SNP_N_GenomeWideSNP_6_B07_831360	10	81336695	81443890	16	-0.0108
SERVO_p_TCGA_157_158_159_SNP_N_GenomeWideSNP_6_B07_831360	10	81449007	81514190	6	-0.7755
SERVO_p_TCGA_157_158_159_SNP_N_GenomeWideSNP_6_B07_831360	10	81523306	111772056	19906	-0.0214
SERVO_p_TCGA_157_158_159_SNP_N_GenomeWideSNP_6_B07_831360	10	111773577	111785520	3	1.1882
SERVO_p_TCGA_157_158_159_SNP_N_GenomeWideSNP_6_B07_831360	10	111787511	135506704	17126	-0.0245
SERVO_p_TCGA_157_158_159_SNP_N_GenomeWideSNP_6_B07_831360	11	198510	4970367	2485	0.0058
SERVO_p_TCGA_157_158_159_SNP_N_GenomeWideSNP_6_B07_831360	11	4972005	4974029	18	-1.4325
SERVO_p_TCGA_157_158_159_SNP_N_GenomeWideSNP_6_B07_831360	11	4975164	4976907	17	-0.4058
SERVO_p_TCGA_157_158_159_SNP_N_GenomeWideSNP_6_B07_831360	11	4977011	5783112	780	0.0207
SERVO_p_TCGA_157_158_159_SNP_N_GenomeWideSNP_6_B07_831360	11	5783395	5816232	41	0.2993
SERVO_p_TCGA_157_158_159_SNP_N_GenomeWideSNP_6_B07_831360	11	5816285	24282528	13745	0.0065
SERVO_p_TCGA_157_158_159_SNP_N_GenomeWideSNP_6_B07_831360	11	24286221	24286512	3	-1.0072
SERVO_p_TCGA_157_158_159_SNP_N_GenomeWideSNP_6_B07_831360	11	24287499	49758987	16797	-0.0112
SERVO_p_TCGA_157_158_159_SNP_N_GenomeWideSNP_6_B07_831360	11	49759555	49760688	6	-0.7465
SERVO_p_TCGA_157_158_159_SNP_N_GenomeWideSNP_6_B07_831360	11	49766161	55363340	751	-0.0044
SERVO_p_TCGA_157_158_159_SNP_N_GenomeWideSNP_6_B07_831360	11	55374032	55453576	60	0.4972
SERVO_p_TCGA_157_158_159_SNP_N_GenomeWideSNP_6_B07_831360	11	55460683	81515327	14619	0.0057
SERVO_p_TCGA_157_158_159_SNP_N_GenomeWideSNP_6_B07_831360	11	81515696	81517158	4	-0.955
SERVO_p_TCGA_157_158_159_SNP_N_GenomeWideSNP_6_B07_831360	11	81522632	101594384	14008	-0.0172
SERVO_p_TCGA_157_158_159_SNP_N_GenomeWideSNP_6_B07_831360	11	101597860	101597964	4	1.0095
SERVO_p_TCGA_157_158_159_SNP_N_GenomeWideSNP_6_B07_831360	11	101598212	104752402	2169	0.0039
SERVO_p_TCGA_157_158_159_SNP_N_GenomeWideSNP_6_B07_831360	11	104754447	104760086	11	-0.6857
SERVO_p_TCGA_157_158_159_SNP_N_GenomeWideSNP_6_B07_831360	11	104763809	108419419	2327	-0.0191
SERVO_p_TCGA_157_158_159_SNP_N_GenomeWideSNP_6_B07_831360	11	108420111	108424496	3	-1.2917
SERVO_p_TCGA_157_158_159_SNP_N_GenomeWideSNP_6_B07_831360	11	108425196	134944770	19244	-0.0093
SERVO_p_TCGA_157_158_159_SNP_N_GenomeWideSNP_6_B07_831360	12	150442	2235889	1264	0.0477
SERVO_p_TCGA_157_158_159_SNP_N_GenomeWideSNP_6_B07_831360	12	2245862	2257920	41	-0.4955
SERVO_p_TCGA_157_158_159_SNP_N_GenomeWideSNP_6_B07_831360	12	2258023	9633870	4894	0.0253
SERVO_p_TCGA_157_158_159_SNP_N_GenomeWideSNP_6_B07_831360	12	9637909	9728292	24	1.0556
SERVO_p_TCGA_157_158_159_SNP_N_GenomeWideSNP_6_B07_831360	12	9734969	11215372	1041	0.0224
SERVO_p_TCGA_157_158_159_SNP_N_GenomeWideSNP_6_B07_831360	12	11216849	11241532	14	-0.8745
SERVO_p_TCGA_157_158_159_SNP_N_GenomeWideSNP_6_B07_831360	12	11251874	12944593	1301	0.0255
SERVO_p_TCGA_157_158_159_SNP_N_GenomeWideSNP_6_B07_831360	12	12952431	13003894	35	0.4213
SERVO_p_TCGA_157_158_159_SNP_N_GenomeWideSNP_6_B07_831360	12	13004411	29159781	11167	0.0164
SERVO_p_TCGA_157_158_159_SNP_N_GenomeWideSNP_6_B07_831360	12	29163628	29164522	3	-0.8713
SERVO_p_TCGA_157_158_159_SNP_N_GenomeWideSNP_6_B07_831360	12	29167983	33294660	3075	0.0202
SERVO_p_TCGA_157_158_159_SNP_N_GenomeWideSNP_6_B07_831360	12	33301406	33307374	27	-0.4237
SERVO_p_TCGA_157_158_159_SNP_N_GenomeWideSNP_6_B07_831360	12	33308360	38660915	1029	0.0179
SERVO_p_TCGA_157_158_159_SNP_N_GenomeWideSNP_6_B07_831360	12	38661268	38661645	2	-1.4261
SERVO_p_TCGA_157_158_159_SNP_N_GenomeWideSNP_6_B07_831360	12	38662472	83671726	27935	0.0035
SERVO_p_TCGA_157_158_159_SNP_N_GenomeWideSNP_6_B07_831360	12	83672669	84379924	447	-0.6215
SERVO_p_TCGA_157_158_159_SNP_N_GenomeWideSNP_6_B07_831360	12	84382245	87212525	1575	-0.0101
SERVO_p_TCGA_157_158_159_SNP_N_GenomeWideSNP_6_B07_831360	12	87212543	92373882	3183	-0.5974
SERVO_p_TCGA_157_158_159_SNP_N_GenomeWideSNP_6_B07_831360	12	92374103	92376726	4	-1.9827
SERVO_p_TCGA_157_158_159_SNP_N_GenomeWideSNP_6_B07_831360	12	92377328	98770209	4557	-0.6298
SERVO_p_TCGA_157_158_159_SNP_N_GenomeWideSNP_6_B07_831360	12	98772975	104591932	3699	0.01
SERVO_p_TCGA_157_158_159_SNP_N_GenomeWideSNP_6_B07_831360	12	104592415	106556915	1535	-0.6528
SERVO_p_TCGA_157_158_159_SNP_N_GenomeWideSNP_6_B07_831360	12	106563085	114399157	4761	0.0149
SERVO_p_TCGA_157_158_159_SNP_N_GenomeWideSNP_6_B07_831360	12	114401173	119277428	3781	-0.6254
SERVO_p_TCGA_157_158_159_SNP_N_GenomeWideSNP_6_B07_831360	12	119277570	119278079	4	-1.9646
SERVO_p_TCGA_157_158_159_SNP_N_GenomeWideSNP_6_B07_831360	12	119281444	120553466	847	-0.6068
SERVO_p_TCGA_157_158_159_SNP_N_GenomeWideSNP_6_B07_831360	12	120564100	125376170	2368	0.0233
SERVO_p_TCGA_157_158_159_SNP_N_GenomeWideSNP_6_B07_831360	12	125382657	126203920	577	-0.6391
SERVO_p_TCGA_157_158_159_SNP_N_GenomeWideSNP_6_B07_831360	12	126204090	126589450	355	0.0171
SERVO_p_TCGA_157_158_159_SNP_N_GenomeWideSNP_6_B07_831360	12	126590523	127119541	480	-0.6264
SERVO_p_TCGA_157_158_159_SNP_N_GenomeWideSNP_6_B07_831360	12	127122196	127302965	157	0.0185
SERVO_p_TCGA_157_158_159_SNP_N_GenomeWideSNP_6_B07_831360	12	127307103	133778189	4807	-0.6644
SERVO_p_TCGA_157_158_159_SNP_N_GenomeWideSNP_6_B07_831360	13	19026949	21822880	1554	0.3765
SERVO_p_TCGA_157_158_159_SNP_N_GenomeWideSNP_6_B07_831360	13	21824985	21826054	2	-1.1479
SERVO_p_TCGA_157_158_159_SNP_N_GenomeWideSNP_6_B07_831360	13	21826126	21896035	52	0.3271
SERVO_p_TCGA_157_158_159_SNP_N_GenomeWideSNP_6_B07_831360	13	21896319	21896499	2	1.5569
SERVO_p_TCGA_157_158_159_SNP_N_GenomeWideSNP_6_B07_831360	13	21896756	23607277	1252	0.3647
SERVO_p_TCGA_157_158_159_SNP_N_GenomeWideSNP_6_B07_831360	13	23608609	23608718	2	1.5373
SERVO_p_TCGA_157_158_159_SNP_N_GenomeWideSNP_6_B07_831360	13	23610831	23629187	27	0.4421
SERVO_p_TCGA_157_158_159_SNP_N_GenomeWideSNP_6_B07_831360	13	23629210	23633515	13	-1.4485
SERVO_p_TCGA_157_158_159_SNP_N_GenomeWideSNP_6_B07_831360	13	23638195	37462040	10245	0.3666
SERVO_p_TCGA_157_158_159_SNP_N_GenomeWideSNP_6_B07_831360	13	37462261	37464416	2	-0.7653
SERVO_p_TCGA_157_158_159_SNP_N_GenomeWideSNP_6_B07_831360	13	37465550	38071135	399	0.3244
SERVO_p_TCGA_157_158_159_SNP_N_GenomeWideSNP_6_B07_831360	13	38072036	38084757	16	-1.5909
SERVO_p_TCGA_157_158_159_SNP_N_GenomeWideSNP_6_B07_831360	13	38088330	39052811	700	0.3485
SERVO_p_TCGA_157_158_159_SNP_N_GenomeWideSNP_6_B07_831360	13	39057572	39058056	2	-0.7762
SERVO_p_TCGA_157_158_159_SNP_N_GenomeWideSNP_6_B07_831360	13	39065057	49531551	7334	0.3772
SERVO_p_TCGA_157_158_159_SNP_N_GenomeWideSNP_6_B07_831360	13	49533715	49536504	2	-1.1675
SERVO_p_TCGA_157_158_159_SNP_N_GenomeWideSNP_6_B07_831360	13	49537705	55055931	3126	0.3884
SERVO_p_TCGA_157_158_159_SNP_N_GenomeWideSNP_6_B07_831360	13	55056129	55056430	2	-1.2797
SERVO_p_TCGA_157_158_159_SNP_N_GenomeWideSNP_6_B07_831360	13	55062828	67172779	7023	0.3282
SERVO_p_TCGA_157_158_159_SNP_N_GenomeWideSNP_6_B07_831360	13	67176219	67177783	2	-1.4988
SERVO_p_TCGA_157_158_159_SNP_N_GenomeWideSNP_6_B07_831360	13	67178344	72476988	3384	0.3379
SERVO_p_TCGA_157_158_159_SNP_N_GenomeWideSNP_6_B07_831360	13	72477555	72480556	4	-1.2773
SERVO_p_TCGA_157_158_159_SNP_N_GenomeWideSNP_6_B07_831360	13	72480605	73080436	488	0.4059
SERVO_p_TCGA_157_158_159_SNP_N_GenomeWideSNP_6_B07_831360	13	73085439	73085440	2	-2.051
SERVO_p_TCGA_157_158_159_SNP_N_GenomeWideSNP_6_B07_831360	13	73086549	115108397	28629	0.348
SERVO_p_TCGA_157_158_159_SNP_N_GenomeWideSNP_6_B07_831360	14	19002124	20252432	104	0.0272
SERVO_p_TCGA_157_158_159_SNP_N_GenomeWideSNP_6_B07_831360	14	20253045	20423372	86	0.3077
SERVO_p_TCGA_157_158_159_SNP_N_GenomeWideSNP_6_B07_831360	14	20424926	25401109	3383	0.0395
SERVO_p_TCGA_157_158_159_SNP_N_GenomeWideSNP_6_B07_831360	14	25402894	25402938	2	-1.3009
SERVO_p_TCGA_157_158_159_SNP_N_GenomeWideSNP_6_B07_831360	14	25405476	76526962	32213	0.0073
SERVO_p_TCGA_157_158_159_SNP_N_GenomeWideSNP_6_B07_831360	14	76531473	77261103	517	-0.6438
SERVO_p_TCGA_157_158_159_SNP_N_GenomeWideSNP_6_B07_831360	14	77263380	78556690	917	0.0214
SERVO_p_TCGA_157_158_159_SNP_N_GenomeWideSNP_6_B07_831360	14	78557505	79617400	825	-0.6349
SERVO_p_TCGA_157_158_159_SNP_N_GenomeWideSNP_6_B07_831360	14	79618750	80386194	539	0.0239
SERVO_p_TCGA_157_158_159_SNP_N_GenomeWideSNP_6_B07_831360	14	80390597	80545437	101	-0.628
SERVO_p_TCGA_157_158_159_SNP_N_GenomeWideSNP_6_B07_831360	14	80545828	81194811	383	-3e-04
SERVO_p_TCGA_157_158_159_SNP_N_GenomeWideSNP_6_B07_831360	14	81195272	83821807	1748	-0.6469
SERVO_p_TCGA_157_158_159_SNP_N_GenomeWideSNP_6_B07_831360	14	83822726	85391270	994	-0.0301
SERVO_p_TCGA_157_158_159_SNP_N_GenomeWideSNP_6_B07_831360	14	85394297	86606590	878	-0.69
SERVO_p_TCGA_157_158_159_SNP_N_GenomeWideSNP_6_B07_831360	14	86607301	86673673	36	0.0018
SERVO_p_TCGA_157_158_159_SNP_N_GenomeWideSNP_6_B07_831360	14	86676416	87009922	272	-0.6489
SERVO_p_TCGA_157_158_159_SNP_N_GenomeWideSNP_6_B07_831360	14	87018117	87103697	42	0.0156
SERVO_p_TCGA_157_158_159_SNP_N_GenomeWideSNP_6_B07_831360	14	87109568	87238752	74	-0.7173
SERVO_p_TCGA_157_158_159_SNP_N_GenomeWideSNP_6_B07_831360	14	87243663	87308545	50	0.0183
SERVO_p_TCGA_157_158_159_SNP_N_GenomeWideSNP_6_B07_831360	14	87312893	88921809	1050	-0.6162
SERVO_p_TCGA_157_158_159_SNP_N_GenomeWideSNP_6_B07_831360	14	88926020	100258444	8109	0.019
SERVO_p_TCGA_157_158_159_SNP_N_GenomeWideSNP_6_B07_831360	14	100264425	102726067	1339	-0.6277
SERVO_p_TCGA_157_158_159_SNP_N_GenomeWideSNP_6_B07_831360	14	102727850	105950120	1293	0.0193
SERVO_p_TCGA_157_158_159_SNP_N_GenomeWideSNP_6_B07_831360	14	105951148	106460902	143	0.4193
SERVO_p_TCGA_157_158_159_SNP_N_GenomeWideSNP_6_B07_831360	14	106479675	106482296	4	-0.882
SERVO_p_TCGA_157_158_159_SNP_N_GenomeWideSNP_6_B07_831360	14	106487040	107160325	364	0.1128
SERVO_p_TCGA_157_158_159_SNP_N_GenomeWideSNP_6_B07_831360	14	107160399	107174572	12	-0.5404
SERVO_p_TCGA_157_158_159_SNP_N_GenomeWideSNP_6_B07_831360	14	107176213	107285437	77	-0.0086
SERVO_p_TCGA_157_158_159_SNP_N_GenomeWideSNP_6_B07_831360	15	20016328	20581562	104	-0.4574
SERVO_p_TCGA_157_158_159_SNP_N_GenomeWideSNP_6_B07_831360	15	20581564	20586912	11	0.2714
SERVO_p_TCGA_157_158_159_SNP_N_GenomeWideSNP_6_B07_831360	15	20586942	20806357	38	-0.135
SERVO_p_TCGA_157_158_159_SNP_N_GenomeWideSNP_6_B07_831360	15	20814977	20843562	6	0.3025
SERVO_p_TCGA_157_158_159_SNP_N_GenomeWideSNP_6_B07_831360	15	20847933	22582529	259	-0.3689
SERVO_p_TCGA_157_158_159_SNP_N_GenomeWideSNP_6_B07_831360	15	22582902	30386411	4673	-0.6323
SERVO_p_TCGA_157_158_159_SNP_N_GenomeWideSNP_6_B07_831360	15	30398229	30900878	110	-0.1277
SERVO_p_TCGA_157_158_159_SNP_N_GenomeWideSNP_6_B07_831360	15	30913587	32439311	1045	-0.6066
SERVO_p_TCGA_157_158_159_SNP_N_GenomeWideSNP_6_B07_831360	15	32441633	32902983	72	-0.2658
SERVO_p_TCGA_157_158_159_SNP_N_GenomeWideSNP_6_B07_831360	15	32904615	52262611	12093	-0.5917
SERVO_p_TCGA_157_158_159_SNP_N_GenomeWideSNP_6_B07_831360	15	52265735	52273284	5	-1.8513
SERVO_p_TCGA_157_158_159_SNP_N_GenomeWideSNP_6_B07_831360	15	52275255	63272461	8021	-0.6071
SERVO_p_TCGA_157_158_159_SNP_N_GenomeWideSNP_6_B07_831360	15	63272613	63276177	2	-2.5854
SERVO_p_TCGA_157_158_159_SNP_N_GenomeWideSNP_6_B07_831360	15	63277294	76878362	7833	-0.5959
SERVO_p_TCGA_157_158_159_SNP_N_GenomeWideSNP_6_B07_831360	15	76891241	76895775	22	0.149
SERVO_p_TCGA_157_158_159_SNP_N_GenomeWideSNP_6_B07_831360	15	76902179	102469040	17645	-0.6095
SERVO_p_TCGA_157_158_159_SNP_N_GenomeWideSNP_6_B07_831360	16	60777	305655	131	0.011
SERVO_p_TCGA_157_158_159_SNP_N_GenomeWideSNP_6_B07_831360	16	309155	2460676	703	-0.5991
SERVO_p_TCGA_157_158_159_SNP_N_GenomeWideSNP_6_B07_831360	16	2463133	2826077	102	0.0677
SERVO_p_TCGA_157_158_159_SNP_N_GenomeWideSNP_6_B07_831360	16	2826703	3127653	126	0.3333
SERVO_p_TCGA_157_158_159_SNP_N_GenomeWideSNP_6_B07_831360	16	3133055	4247575	666	-0.0504
SERVO_p_TCGA_157_158_159_SNP_N_GenomeWideSNP_6_B07_831360	16	4248809	5075633	433	0.3267
SERVO_p_TCGA_157_158_159_SNP_N_GenomeWideSNP_6_B07_831360	16	5077452	5607890	462	-0.0371
SERVO_p_TCGA_157_158_159_SNP_N_GenomeWideSNP_6_B07_831360	16	5608089	5608151	2	-1.432
SERVO_p_TCGA_157_158_159_SNP_N_GenomeWideSNP_6_B07_831360	16	5608337	6692980	1310	-0.0507
SERVO_p_TCGA_157_158_159_SNP_N_GenomeWideSNP_6_B07_831360	16	6693007	6711165	22	-0.5415
SERVO_p_TCGA_157_158_159_SNP_N_GenomeWideSNP_6_B07_831360	16	6712186	9813724	3230	-0.0409
SERVO_p_TCGA_157_158_159_SNP_N_GenomeWideSNP_6_B07_831360	16	9815550	10339141	582	-0.6264
SERVO_p_TCGA_157_158_159_SNP_N_GenomeWideSNP_6_B07_831360	16	10341141	10484686	85	0.0545
SERVO_p_TCGA_157_158_159_SNP_N_GenomeWideSNP_6_B07_831360	16	10485233	11007074	367	0.382
SERVO_p_TCGA_157_158_159_SNP_N_GenomeWideSNP_6_B07_831360	16	11008262	11734256	532	-0.0771
SERVO_p_TCGA_157_158_159_SNP_N_GenomeWideSNP_6_B07_831360	16	11734317	12429026	443	0.3571
SERVO_p_TCGA_157_158_159_SNP_N_GenomeWideSNP_6_B07_831360	16	12430529	29276794	9940	0.0045
SERVO_p_TCGA_157_158_159_SNP_N_GenomeWideSNP_6_B07_831360	16	29279750	29281055	4	-0.9376
SERVO_p_TCGA_157_158_159_SNP_N_GenomeWideSNP_6_B07_831360	16	29281765	32124331	941	0.0139
SERVO_p_TCGA_157_158_159_SNP_N_GenomeWideSNP_6_B07_831360	16	32146886	32588622	68	-0.3779
SERVO_p_TCGA_157_158_159_SNP_N_GenomeWideSNP_6_B07_831360	16	32588901	32588909	5	-3.5482
SERVO_p_TCGA_157_158_159_SNP_N_GenomeWideSNP_6_B07_831360	16	32609274	32848907	45	-0.4209
SERVO_p_TCGA_157_158_159_SNP_N_GenomeWideSNP_6_B07_831360	16	32863923	33241953	32	-0.0551
SERVO_p_TCGA_157_158_159_SNP_N_GenomeWideSNP_6_B07_831360	16	33300894	33643399	90	-0.4408
SERVO_p_TCGA_157_158_159_SNP_N_GenomeWideSNP_6_B07_831360	16	33644022	52318360	4159	-0.004
SERVO_p_TCGA_157_158_159_SNP_N_GenomeWideSNP_6_B07_831360	16	52318510	52954647	500	0.4244
SERVO_p_TCGA_157_158_159_SNP_N_GenomeWideSNP_6_B07_831360	16	52963152	55795214	2326	0.0024
SERVO_p_TCGA_157_158_159_SNP_N_GenomeWideSNP_6_B07_831360	16	55796389	55822444	22	-0.6611
SERVO_p_TCGA_157_158_159_SNP_N_GenomeWideSNP_6_B07_831360	16	55829557	55829590	2	-0.1005
SERVO_p_TCGA_157_158_159_SNP_N_GenomeWideSNP_6_B07_831360	16	55842354	55858793	14	0.3484
SERVO_p_TCGA_157_158_159_SNP_N_GenomeWideSNP_6_B07_831360	16	55868439	56745678	567	0.0035
SERVO_p_TCGA_157_158_159_SNP_N_GenomeWideSNP_6_B07_831360	16	56746842	56841436	53	0.4031
SERVO_p_TCGA_157_158_159_SNP_N_GenomeWideSNP_6_B07_831360	16	56844728	58417166	932	-0.0126
SERVO_p_TCGA_157_158_159_SNP_N_GenomeWideSNP_6_B07_831360	16	58419168	65915558	5050	-0.6237
SERVO_p_TCGA_157_158_159_SNP_N_GenomeWideSNP_6_B07_831360	16	65916025	69259315	1742	0.0221
SERVO_p_TCGA_157_158_159_SNP_N_GenomeWideSNP_6_B07_831360	16	69271961	69569095	147	-0.5802
SERVO_p_TCGA_157_158_159_SNP_N_GenomeWideSNP_6_B07_831360	16	69573087	70901998	556	-0.0268
SERVO_p_TCGA_157_158_159_SNP_N_GenomeWideSNP_6_B07_831360	16	70903593	70906886	2	-0.9659
SERVO_p_TCGA_157_158_159_SNP_N_GenomeWideSNP_6_B07_831360	16	70907322	71374298	228	0.0018
SERVO_p_TCGA_157_158_159_SNP_N_GenomeWideSNP_6_B07_831360	16	71376500	78371608	5121	-0.5995
SERVO_p_TCGA_157_158_159_SNP_N_GenomeWideSNP_6_B07_831360	16	78372440	78384738	14	-1.5088
SERVO_p_TCGA_157_158_159_SNP_N_GenomeWideSNP_6_B07_831360	16	78384765	80935660	2988	-0.6301
SERVO_p_TCGA_157_158_159_SNP_N_GenomeWideSNP_6_B07_831360	16	80936391	80937443	3	-3.0315
SERVO_p_TCGA_157_158_159_SNP_N_GenomeWideSNP_6_B07_831360	16	80938066	81004307	75	-0.5855
SERVO_p_TCGA_157_158_159_SNP_N_GenomeWideSNP_6_B07_831360	16	81005379	81005402	2	-2.7247
SERVO_p_TCGA_157_158_159_SNP_N_GenomeWideSNP_6_B07_831360	16	81006758	90287535	7538	-0.6242
SERVO_p_TCGA_157_158_159_SNP_N_GenomeWideSNP_6_B07_831360	17	526	1061313	524	-0.6185
SERVO_p_TCGA_157_158_159_SNP_N_GenomeWideSNP_6_B07_831360	17	1070622	1071624	2	-2.4618
SERVO_p_TCGA_157_158_159_SNP_N_GenomeWideSNP_6_B07_831360	17	1072697	11757556	6607	-0.6004
SERVO_p_TCGA_157_158_159_SNP_N_GenomeWideSNP_6_B07_831360	17	11760052	12175527	263	0.0044
SERVO_p_TCGA_157_158_159_SNP_N_GenomeWideSNP_6_B07_831360	17	12176017	14777947	2065	-0.6235
SERVO_p_TCGA_157_158_159_SNP_N_GenomeWideSNP_6_B07_831360	17	14791485	14887566	88	-0.0014
SERVO_p_TCGA_157_158_159_SNP_N_GenomeWideSNP_6_B07_831360	17	14888037	15005114	95	-0.6027
SERVO_p_TCGA_157_158_159_SNP_N_GenomeWideSNP_6_B07_831360	17	15005146	15068363	89	-0.0292
SERVO_p_TCGA_157_158_159_SNP_N_GenomeWideSNP_6_B07_831360	17	15074281	15394395	227	-0.6157
SERVO_p_TCGA_157_158_159_SNP_N_GenomeWideSNP_6_B07_831360	17	15403085	15464356	29	0.1005
SERVO_p_TCGA_157_158_159_SNP_N_GenomeWideSNP_6_B07_831360	17	15472227	17612688	1029	-0.6165
SERVO_p_TCGA_157_158_159_SNP_N_GenomeWideSNP_6_B07_831360	17	17613181	17655093	27	-0.0422
SERVO_p_TCGA_157_158_159_SNP_N_GenomeWideSNP_6_B07_831360	17	17659857	18250527	305	-0.6026
SERVO_p_TCGA_157_158_159_SNP_N_GenomeWideSNP_6_B07_831360	17	18251061	18358949	64	-0.3443
SERVO_p_TCGA_157_158_159_SNP_N_GenomeWideSNP_6_B07_831360	17	18361686	18446679	22	-1.1558
SERVO_p_TCGA_157_158_159_SNP_N_GenomeWideSNP_6_B07_831360	17	18453437	21192430	1177	-0.5627
SERVO_p_TCGA_157_158_159_SNP_N_GenomeWideSNP_6_B07_831360	17	21198405	21250418	13	-1.4995
SERVO_p_TCGA_157_158_159_SNP_N_GenomeWideSNP_6_B07_831360	17	21256508	22219568	357	-0.5668
SERVO_p_TCGA_157_158_159_SNP_N_GenomeWideSNP_6_B07_831360	17	22227075	39423026	7950	0.0291
SERVO_p_TCGA_157_158_159_SNP_N_GenomeWideSNP_6_B07_831360	17	39423057	39430531	22	-0.4074
SERVO_p_TCGA_157_158_159_SNP_N_GenomeWideSNP_6_B07_831360	17	39432724	43648504	2166	0.032
SERVO_p_TCGA_157_158_159_SNP_N_GenomeWideSNP_6_B07_831360	17	43648540	43664693	9	0.7097
SERVO_p_TCGA_157_158_159_SNP_N_GenomeWideSNP_6_B07_831360	17	43675229	44163098	337	0.0345
SERVO_p_TCGA_157_158_159_SNP_N_GenomeWideSNP_6_B07_831360	17	44165803	44364170	125	0.8418
SERVO_p_TCGA_157_158_159_SNP_N_GenomeWideSNP_6_B07_831360	17	44394412	44557907	22	-0.3173
SERVO_p_TCGA_157_158_159_SNP_N_GenomeWideSNP_6_B07_831360	17	44571637	44648367	6	0.3474
SERVO_p_TCGA_157_158_159_SNP_N_GenomeWideSNP_6_B07_831360	17	44653397	44752300	20	-0.4669
SERVO_p_TCGA_157_158_159_SNP_N_GenomeWideSNP_6_B07_831360	17	44764994	74971954	18480	0.0264
SERVO_p_TCGA_157_158_159_SNP_N_GenomeWideSNP_6_B07_831360	17	74975178	74981263	3	-1.0096
SERVO_p_TCGA_157_158_159_SNP_N_GenomeWideSNP_6_B07_831360	17	74985472	81049726	3124	0.0315
SERVO_p_TCGA_157_158_159_SNP_N_GenomeWideSNP_6_B07_831360	18	11543	63908092	40447	-0.5912
SERVO_p_TCGA_157_158_159_SNP_N_GenomeWideSNP_6_B07_831360	18	63908561	63909717	3	-3.793
SERVO_p_TCGA_157_158_159_SNP_N_GenomeWideSNP_6_B07_831360	18	63910456	68046880	3028	-0.5952
SERVO_p_TCGA_157_158_159_SNP_N_GenomeWideSNP_6_B07_831360	18	68050509	68050814	2	-2.533
SERVO_p_TCGA_157_158_159_SNP_N_GenomeWideSNP_6_B07_831360	18	68050849	70602309	1843	-0.5964
SERVO_p_TCGA_157_158_159_SNP_N_GenomeWideSNP_6_B07_831360	18	70602567	70606668	3	-2.2668
SERVO_p_TCGA_157_158_159_SNP_N_GenomeWideSNP_6_B07_831360	18	70606915	76660693	4664	-0.6334
SERVO_p_TCGA_157_158_159_SNP_N_GenomeWideSNP_6_B07_831360	18	76662714	76664040	4	-2.2721
SERVO_p_TCGA_157_158_159_SNP_N_GenomeWideSNP_6_B07_831360	18	76664863	78015057	705	-0.5717
SERVO_p_TCGA_157_158_159_SNP_N_GenomeWideSNP_6_B07_831360	19	90910	5506659	1598	0.3808
SERVO_p_TCGA_157_158_159_SNP_N_GenomeWideSNP_6_B07_831360	19	5510239	5510580	2	-2.7314
SERVO_p_TCGA_157_158_159_SNP_N_GenomeWideSNP_6_B07_831360	19	5510653	15782397	5021	0.3932
SERVO_p_TCGA_157_158_159_SNP_N_GenomeWideSNP_6_B07_831360	19	15784116	15784152	2	-1.1176
SERVO_p_TCGA_157_158_159_SNP_N_GenomeWideSNP_6_B07_831360	19	15790085	35878380	10221	0.3772
SERVO_p_TCGA_157_158_159_SNP_N_GenomeWideSNP_6_B07_831360	19	35880890	35882459	2	-0.8883
SERVO_p_TCGA_157_158_159_SNP_N_GenomeWideSNP_6_B07_831360	19	35882487	36197765	179	0.383
SERVO_p_TCGA_157_158_159_SNP_N_GenomeWideSNP_6_B07_831360	19	36201240	46177144	5071	-0.558
SERVO_p_TCGA_157_158_159_SNP_N_GenomeWideSNP_6_B07_831360	19	46181193	47418400	545	-0.308
SERVO_p_TCGA_157_158_159_SNP_N_GenomeWideSNP_6_B07_831360	19	47421323	52131813	2283	-0.6093
SERVO_p_TCGA_157_158_159_SNP_N_GenomeWideSNP_6_B07_831360	19	52142352	52148197	11	-1.9675
SERVO_p_TCGA_157_158_159_SNP_N_GenomeWideSNP_6_B07_831360	19	52154905	53350869	836	-0.575
SERVO_p_TCGA_157_158_159_SNP_N_GenomeWideSNP_6_B07_831360	19	53352108	59097854	3544	-0.2318
SERVO_p_TCGA_157_158_159_SNP_N_GenomeWideSNP_6_B07_831360	20	61305	61311	6	0.1754
SERVO_p_TCGA_157_158_159_SNP_N_GenomeWideSNP_6_B07_831360	20	61312	1552503	1178	-0.6175
SERVO_p_TCGA_157_158_159_SNP_N_GenomeWideSNP_6_B07_831360	20	1557190	1560562	16	-1.6177
SERVO_p_TCGA_157_158_159_SNP_N_GenomeWideSNP_6_B07_831360	20	1560787	1560999	5	-0.8019
SERVO_p_TCGA_157_158_159_SNP_N_GenomeWideSNP_6_B07_831360	20	1561580	1593893	41	0.3119
SERVO_p_TCGA_157_158_159_SNP_N_GenomeWideSNP_6_B07_831360	20	1597946	14756023	9884	-0.6202
SERVO_p_TCGA_157_158_159_SNP_N_GenomeWideSNP_6_B07_831360	20	14756166	14941584	212	-1.8212
SERVO_p_TCGA_157_158_159_SNP_N_GenomeWideSNP_6_B07_831360	20	14945737	16805156	1777	-0.6521
SERVO_p_TCGA_157_158_159_SNP_N_GenomeWideSNP_6_B07_831360	20	16808238	29428523	6918	0.3905
SERVO_p_TCGA_157_158_159_SNP_N_GenomeWideSNP_6_B07_831360	20	29436802	29567454	34	0.83
SERVO_p_TCGA_157_158_159_SNP_N_GenomeWideSNP_6_B07_831360	20	29569777	29648981	22	0.4733
SERVO_p_TCGA_157_158_159_SNP_N_GenomeWideSNP_6_B07_831360	20	29648997	35544673	2690	0.8846
SERVO_p_TCGA_157_158_159_SNP_N_GenomeWideSNP_6_B07_831360	20	35549435	35555199	2	0.2016
SERVO_p_TCGA_157_158_159_SNP_N_GenomeWideSNP_6_B07_831360	20	35556192	35700562	119	0.7502
SERVO_p_TCGA_157_158_159_SNP_N_GenomeWideSNP_6_B07_831360	20	35700645	35722830	80	0.5427
SERVO_p_TCGA_157_158_159_SNP_N_GenomeWideSNP_6_B07_831360	20	35726402	40359519	3049	0.8747
SERVO_p_TCGA_157_158_159_SNP_N_GenomeWideSNP_6_B07_831360	20	40360023	40360027	5	0.0928
SERVO_p_TCGA_157_158_159_SNP_N_GenomeWideSNP_6_B07_831360	20	40360784	49148643	6331	0.8866
SERVO_p_TCGA_157_158_159_SNP_N_GenomeWideSNP_6_B07_831360	20	49148724	49150626	2	-0.4524
SERVO_p_TCGA_157_158_159_SNP_N_GenomeWideSNP_6_B07_831360	20	49150767	62915568	10094	0.9018
SERVO_p_TCGA_157_158_159_SNP_N_GenomeWideSNP_6_B07_831360	20	62916068	62956153	6	0.4921
SERVO_p_TCGA_157_158_159_SNP_N_GenomeWideSNP_6_B07_831360	21	10736871	10940642	33	-9e-04
SERVO_p_TCGA_157_158_159_SNP_N_GenomeWideSNP_6_B07_831360	21	10942932	11124074	70	-0.3025
SERVO_p_TCGA_157_158_159_SNP_N_GenomeWideSNP_6_B07_831360	21	11124080	48096957	24292	0.0124
SERVO_p_TCGA_157_158_159_SNP_N_GenomeWideSNP_6_B07_831360	22	16052528	18055605	781	0.0288
SERVO_p_TCGA_157_158_159_SNP_N_GenomeWideSNP_6_B07_831360	22	18058748	18062891	3	1.5586
SERVO_p_TCGA_157_158_159_SNP_N_GenomeWideSNP_6_B07_831360	22	18062987	18624771	404	0.0195
SERVO_p_TCGA_157_158_159_SNP_N_GenomeWideSNP_6_B07_831360	22	18626129	18629153	8	-0.7622
SERVO_p_TCGA_157_158_159_SNP_N_GenomeWideSNP_6_B07_831360	22	18630060	39290920	14273	0.0335
SERVO_p_TCGA_157_158_159_SNP_N_GenomeWideSNP_6_B07_831360	22	39295255	39296904	3	-2.4168
SERVO_p_TCGA_157_158_159_SNP_N_GenomeWideSNP_6_B07_831360	22	39299114	39351466	38	0.024
SERVO_p_TCGA_157_158_159_SNP_N_GenomeWideSNP_6_B07_831360	22	39363619	39395282	31	-0.3648
SERVO_p_TCGA_157_158_159_SNP_N_GenomeWideSNP_6_B07_831360	22	39395298	51234455	8021	0.0217
SERVO_p_TCGA_157_158_159_SNP_N_GenomeWideSNP_6_B07_831360	X	168477	75185569	39441	0.02
SERVO_p_TCGA_157_158_159_SNP_N_GenomeWideSNP_6_B07_831360	X	75185917	75189452	5	-2.0467
SERVO_p_TCGA_157_158_159_SNP_N_GenomeWideSNP_6_B07_831360	X	75189711	134746902	32467	-0.0024
SERVO_p_TCGA_157_158_159_SNP_N_GenomeWideSNP_6_B07_831360	X	134748605	134749203	2	1.6961
SERVO_p_TCGA_157_158_159_SNP_N_GenomeWideSNP_6_B07_831360	X	134749426	134832266	52	0.9337
SERVO_p_TCGA_157_158_159_SNP_N_GenomeWideSNP_6_B07_831360	X	134835088	134848927	13	1.4857
SERVO_p_TCGA_157_158_159_SNP_N_GenomeWideSNP_6_B07_831360	X	134854929	134880074	8	-0.1544
SERVO_p_TCGA_157_158_159_SNP_N_GenomeWideSNP_6_B07_831360	X	134891648	134914910	30	0.6729
SERVO_p_TCGA_157_158_159_SNP_N_GenomeWideSNP_6_B07_831360	X	134915092	155182354	12401	-0.0095
SERVO_p_TCGA_157_158_159_SNP_N_GenomeWideSNP_6_B07_831360	Y	2650438	59018259	8633	-0.8929
