Sample	Chromosome	Start	End	Num_Probes	Segment_Mean
FOXED_p_TCGA_b122_128_SNP_N_GenomeWideSNP_6_A06_781906	1	61735	12873385	6554	-0.1066
FOXED_p_TCGA_b122_128_SNP_N_GenomeWideSNP_6_A06_781906	1	12877057	12927107	12	-0.7429
FOXED_p_TCGA_b122_128_SNP_N_GenomeWideSNP_6_A06_781906	1	12927856	16149915	1852	-0.1073
FOXED_p_TCGA_b122_128_SNP_N_GenomeWideSNP_6_A06_781906	1	16153497	16153925	6	-2.2803
FOXED_p_TCGA_b122_128_SNP_N_GenomeWideSNP_6_A06_781906	1	16154201	17114712	405	-0.0876
FOXED_p_TCGA_b122_128_SNP_N_GenomeWideSNP_6_A06_781906	1	17177045	17282425	69	-0.5759
FOXED_p_TCGA_b122_128_SNP_N_GenomeWideSNP_6_A06_781906	1	17283075	25571269	5262	-0.0857
FOXED_p_TCGA_b122_128_SNP_N_GenomeWideSNP_6_A06_781906	1	25574471	25687544	52	-0.3289
FOXED_p_TCGA_b122_128_SNP_N_GenomeWideSNP_6_A06_781906	1	25687587	30184426	1916	-0.0911
FOXED_p_TCGA_b122_128_SNP_N_GenomeWideSNP_6_A06_781906	1	30185088	30187374	9	-1.419
FOXED_p_TCGA_b122_128_SNP_N_GenomeWideSNP_6_A06_781906	1	30190281	31621427	1070	-0.1178
FOXED_p_TCGA_b122_128_SNP_N_GenomeWideSNP_6_A06_781906	1	31623667	31625346	2	-2.3184
FOXED_p_TCGA_b122_128_SNP_N_GenomeWideSNP_6_A06_781906	1	31625389	35091674	1956	-0.094
FOXED_p_TCGA_b122_128_SNP_N_GenomeWideSNP_6_A06_781906	1	35102654	35104491	20	-0.7976
FOXED_p_TCGA_b122_128_SNP_N_GenomeWideSNP_6_A06_781906	1	35114268	49649795	8294	-0.1013
FOXED_p_TCGA_b122_128_SNP_N_GenomeWideSNP_6_A06_781906	1	49653482	49791480	54	-0.5202
FOXED_p_TCGA_b122_128_SNP_N_GenomeWideSNP_6_A06_781906	1	49793706	50002247	88	-0.117
FOXED_p_TCGA_b122_128_SNP_N_GenomeWideSNP_6_A06_781906	1	50008811	50354790	127	-0.4273
FOXED_p_TCGA_b122_128_SNP_N_GenomeWideSNP_6_A06_781906	1	50358608	72750353	15305	-0.1178
FOXED_p_TCGA_b122_128_SNP_N_GenomeWideSNP_6_A06_781906	1	72756113	72763370	9	-1.1767
FOXED_p_TCGA_b122_128_SNP_N_GenomeWideSNP_6_A06_781906	1	72768418	104221531	20151	-0.1274
FOXED_p_TCGA_b122_128_SNP_N_GenomeWideSNP_6_A06_781906	1	104221631	104225568	10	-0.8285
FOXED_p_TCGA_b122_128_SNP_N_GenomeWideSNP_6_A06_781906	1	104239689	104303403	14	0.5628
FOXED_p_TCGA_b122_128_SNP_N_GenomeWideSNP_6_A06_781906	1	104303501	106019205	920	-0.1255
FOXED_p_TCGA_b122_128_SNP_N_GenomeWideSNP_6_A06_781906	1	106019236	106022375	16	0.6842
FOXED_p_TCGA_b122_128_SNP_N_GenomeWideSNP_6_A06_781906	1	106024055	110221727	2657	-0.1162
FOXED_p_TCGA_b122_128_SNP_N_GenomeWideSNP_6_A06_781906	1	110224384	110246281	39	-0.8071
FOXED_p_TCGA_b122_128_SNP_N_GenomeWideSNP_6_A06_781906	1	110250235	112688311	1949	-0.1053
FOXED_p_TCGA_b122_128_SNP_N_GenomeWideSNP_6_A06_781906	1	112690211	112697213	25	-0.4138
FOXED_p_TCGA_b122_128_SNP_N_GenomeWideSNP_6_A06_781906	1	112697241	118133768	3499	-0.1073
FOXED_p_TCGA_b122_128_SNP_N_GenomeWideSNP_6_A06_781906	1	118136474	120110511	1237	0.4108
FOXED_p_TCGA_b122_128_SNP_N_GenomeWideSNP_6_A06_781906	1	120111619	149229843	1759	0.1665
FOXED_p_TCGA_b122_128_SNP_N_GenomeWideSNP_6_A06_781906	1	149242663	149249447	20	0.805
FOXED_p_TCGA_b122_128_SNP_N_GenomeWideSNP_6_A06_781906	1	149254329	149691746	53	0.1625
FOXED_p_TCGA_b122_128_SNP_N_GenomeWideSNP_6_A06_781906	1	149692388	152555527	1478	0.6984
FOXED_p_TCGA_b122_128_SNP_N_GenomeWideSNP_6_A06_781906	1	152555706	152586540	33	-1.8455
FOXED_p_TCGA_b122_128_SNP_N_GenomeWideSNP_6_A06_781906	1	152586576	152759678	173	0.6489
FOXED_p_TCGA_b122_128_SNP_N_GenomeWideSNP_6_A06_781906	1	152761923	152776755	39	1.0367
FOXED_p_TCGA_b122_128_SNP_N_GenomeWideSNP_6_A06_781906	1	152778443	154102098	790	0.6965
FOXED_p_TCGA_b122_128_SNP_N_GenomeWideSNP_6_A06_781906	1	154104139	158866573	2832	0.3141
FOXED_p_TCGA_b122_128_SNP_N_GenomeWideSNP_6_A06_781906	1	158868501	158869759	2	1.5851
FOXED_p_TCGA_b122_128_SNP_N_GenomeWideSNP_6_A06_781906	1	158874818	165512828	4917	0.2939
FOXED_p_TCGA_b122_128_SNP_N_GenomeWideSNP_6_A06_781906	1	165516037	165835144	216	0.0251
FOXED_p_TCGA_b122_128_SNP_N_GenomeWideSNP_6_A06_781906	1	165835194	169216937	2592	0.3014
FOXED_p_TCGA_b122_128_SNP_N_GenomeWideSNP_6_A06_781906	1	169233974	169241766	7	-2.0385
FOXED_p_TCGA_b122_128_SNP_N_GenomeWideSNP_6_A06_781906	1	169242401	174796405	3528	0.3021
FOXED_p_TCGA_b122_128_SNP_N_GenomeWideSNP_6_A06_781906	1	174796556	174801840	16	-0.4879
FOXED_p_TCGA_b122_128_SNP_N_GenomeWideSNP_6_A06_781906	1	174801854	185187843	7046	0.2988
FOXED_p_TCGA_b122_128_SNP_N_GenomeWideSNP_6_A06_781906	1	185190647	185192077	2	-1.2792
FOXED_p_TCGA_b122_128_SNP_N_GenomeWideSNP_6_A06_781906	1	185192294	194448234	6168	0.2799
FOXED_p_TCGA_b122_128_SNP_N_GenomeWideSNP_6_A06_781906	1	194451411	194455018	2	1.811
FOXED_p_TCGA_b122_128_SNP_N_GenomeWideSNP_6_A06_781906	1	194457016	194942904	288	0.2722
FOXED_p_TCGA_b122_128_SNP_N_GenomeWideSNP_6_A06_781906	1	194943654	194947254	2	-1.052
FOXED_p_TCGA_b122_128_SNP_N_GenomeWideSNP_6_A06_781906	1	194947468	196709223	1158	0.2826
FOXED_p_TCGA_b122_128_SNP_N_GenomeWideSNP_6_A06_781906	1	196709446	196812530	101	0.5982
FOXED_p_TCGA_b122_128_SNP_N_GenomeWideSNP_6_A06_781906	1	196815791	210071062	8828	0.2955
FOXED_p_TCGA_b122_128_SNP_N_GenomeWideSNP_6_A06_781906	1	210081613	210083984	3	1.3024
FOXED_p_TCGA_b122_128_SNP_N_GenomeWideSNP_6_A06_781906	1	210086552	223016406	8960	0.2741
FOXED_p_TCGA_b122_128_SNP_N_GenomeWideSNP_6_A06_781906	1	223017325	223023769	6	-0.5449
FOXED_p_TCGA_b122_128_SNP_N_GenomeWideSNP_6_A06_781906	1	223026717	243044970	14323	0.276
FOXED_p_TCGA_b122_128_SNP_N_GenomeWideSNP_6_A06_781906	1	243044991	243223198	93	0.0251
FOXED_p_TCGA_b122_128_SNP_N_GenomeWideSNP_6_A06_781906	1	243223213	248749194	3589	0.2838
FOXED_p_TCGA_b122_128_SNP_N_GenomeWideSNP_6_A06_781906	1	248749219	248794464	28	-0.1572
FOXED_p_TCGA_b122_128_SNP_N_GenomeWideSNP_6_A06_781906	1	248795289	249224388	149	0.2319
FOXED_p_TCGA_b122_128_SNP_N_GenomeWideSNP_6_A06_781906	2	12784	416815	253	-0.0012
FOXED_p_TCGA_b122_128_SNP_N_GenomeWideSNP_6_A06_781906	2	419457	419464	2	-1.4185
FOXED_p_TCGA_b122_128_SNP_N_GenomeWideSNP_6_A06_781906	2	419848	737505	263	-0.0067
FOXED_p_TCGA_b122_128_SNP_N_GenomeWideSNP_6_A06_781906	2	742100	747161	3	-1.2734
FOXED_p_TCGA_b122_128_SNP_N_GenomeWideSNP_6_A06_781906	2	751300	3728561	2050	0.0058
FOXED_p_TCGA_b122_128_SNP_N_GenomeWideSNP_6_A06_781906	2	3732546	3736538	5	-2.84
FOXED_p_TCGA_b122_128_SNP_N_GenomeWideSNP_6_A06_781906	2	3742071	34691069	21550	0.0335
FOXED_p_TCGA_b122_128_SNP_N_GenomeWideSNP_6_A06_781906	2	34699315	34738032	49	0.6224
FOXED_p_TCGA_b122_128_SNP_N_GenomeWideSNP_6_A06_781906	2	34740639	35975973	875	0.0382
FOXED_p_TCGA_b122_128_SNP_N_GenomeWideSNP_6_A06_781906	2	35977790	35986716	4	-2.1474
FOXED_p_TCGA_b122_128_SNP_N_GenomeWideSNP_6_A06_781906	2	35986908	37464085	1196	0.0338
FOXED_p_TCGA_b122_128_SNP_N_GenomeWideSNP_6_A06_781906	2	37464511	37464743	2	-1.0187
FOXED_p_TCGA_b122_128_SNP_N_GenomeWideSNP_6_A06_781906	2	37468065	41238235	2753	0.0428
FOXED_p_TCGA_b122_128_SNP_N_GenomeWideSNP_6_A06_781906	2	41238443	41245887	23	-0.3789
FOXED_p_TCGA_b122_128_SNP_N_GenomeWideSNP_6_A06_781906	2	41251233	106874722	37928	0.1707
FOXED_p_TCGA_b122_128_SNP_N_GenomeWideSNP_6_A06_781906	2	106880095	106887408	14	-0.5033
FOXED_p_TCGA_b122_128_SNP_N_GenomeWideSNP_6_A06_781906	2	106887870	129638078	13464	0.192
FOXED_p_TCGA_b122_128_SNP_N_GenomeWideSNP_6_A06_781906	2	129638478	129640315	15	-1.024
FOXED_p_TCGA_b122_128_SNP_N_GenomeWideSNP_6_A06_781906	2	129640329	132221406	1330	0.1556
FOXED_p_TCGA_b122_128_SNP_N_GenomeWideSNP_6_A06_781906	2	132222008	132226368	4	-1.0137
FOXED_p_TCGA_b122_128_SNP_N_GenomeWideSNP_6_A06_781906	2	132226792	146865094	9162	0.1579
FOXED_p_TCGA_b122_128_SNP_N_GenomeWideSNP_6_A06_781906	2	146865183	146866934	17	1.1604
FOXED_p_TCGA_b122_128_SNP_N_GenomeWideSNP_6_A06_781906	2	146877806	161412587	8745	0.1526
FOXED_p_TCGA_b122_128_SNP_N_GenomeWideSNP_6_A06_781906	2	161413658	161416709	2	-1.5908
FOXED_p_TCGA_b122_128_SNP_N_GenomeWideSNP_6_A06_781906	2	161416792	180419753	11797	0.1524
FOXED_p_TCGA_b122_128_SNP_N_GenomeWideSNP_6_A06_781906	2	180420443	180420892	5	-0.7512
FOXED_p_TCGA_b122_128_SNP_N_GenomeWideSNP_6_A06_781906	2	180421009	208355338	16479	0.161
FOXED_p_TCGA_b122_128_SNP_N_GenomeWideSNP_6_A06_781906	2	208355696	208359336	13	0.6471
FOXED_p_TCGA_b122_128_SNP_N_GenomeWideSNP_6_A06_781906	2	208359476	237803300	19069	0.154
FOXED_p_TCGA_b122_128_SNP_N_GenomeWideSNP_6_A06_781906	2	237803366	237804122	8	-0.3402
FOXED_p_TCGA_b122_128_SNP_N_GenomeWideSNP_6_A06_781906	2	237804136	242486064	2881	0.1594
FOXED_p_TCGA_b122_128_SNP_N_GenomeWideSNP_6_A06_781906	2	242486224	242497383	10	-0.4392
FOXED_p_TCGA_b122_128_SNP_N_GenomeWideSNP_6_A06_781906	2	242497767	243029299	149	0.1423
FOXED_p_TCGA_b122_128_SNP_N_GenomeWideSNP_6_A06_781906	2	243029330	243029488	3	-0.6009
FOXED_p_TCGA_b122_128_SNP_N_GenomeWideSNP_6_A06_781906	2	243029814	243089456	36	0.0156
FOXED_p_TCGA_b122_128_SNP_N_GenomeWideSNP_6_A06_781906	3	60345	4159724	3749	-0.114
FOXED_p_TCGA_b122_128_SNP_N_GenomeWideSNP_6_A06_781906	3	4162177	4197015	25	-1.0549
FOXED_p_TCGA_b122_128_SNP_N_GenomeWideSNP_6_A06_781906	3	4201801	26426191	16174	-0.1153
FOXED_p_TCGA_b122_128_SNP_N_GenomeWideSNP_6_A06_781906	3	26434124	26439343	5	-0.9997
FOXED_p_TCGA_b122_128_SNP_N_GenomeWideSNP_6_A06_781906	3	26445973	26601100	114	-0.1096
FOXED_p_TCGA_b122_128_SNP_N_GenomeWideSNP_6_A06_781906	3	26601760	26614985	25	-0.43
FOXED_p_TCGA_b122_128_SNP_N_GenomeWideSNP_6_A06_781906	3	26615949	47399911	13458	-0.112
FOXED_p_TCGA_b122_128_SNP_N_GenomeWideSNP_6_A06_781906	3	47400331	47405451	3	-1.4779
FOXED_p_TCGA_b122_128_SNP_N_GenomeWideSNP_6_A06_781906	3	47409212	60412561	7671	-0.109
FOXED_p_TCGA_b122_128_SNP_N_GenomeWideSNP_6_A06_781906	3	60414407	60544132	158	-0.5011
FOXED_p_TCGA_b122_128_SNP_N_GenomeWideSNP_6_A06_781906	3	60544463	60777582	255	-0.1905
FOXED_p_TCGA_b122_128_SNP_N_GenomeWideSNP_6_A06_781906	3	60777932	60781027	5	-0.983
FOXED_p_TCGA_b122_128_SNP_N_GenomeWideSNP_6_A06_781906	3	60784223	68746164	6248	-0.1253
FOXED_p_TCGA_b122_128_SNP_N_GenomeWideSNP_6_A06_781906	3	68746259	68747413	14	-1.4498
FOXED_p_TCGA_b122_128_SNP_N_GenomeWideSNP_6_A06_781906	3	68748758	98944598	15968	-0.1222
FOXED_p_TCGA_b122_128_SNP_N_GenomeWideSNP_6_A06_781906	3	98944619	98949056	22	-0.5616
FOXED_p_TCGA_b122_128_SNP_N_GenomeWideSNP_6_A06_781906	3	98949069	162508268	39128	-0.1188
FOXED_p_TCGA_b122_128_SNP_N_GenomeWideSNP_6_A06_781906	3	162512657	162632314	85	0.1404
FOXED_p_TCGA_b122_128_SNP_N_GenomeWideSNP_6_A06_781906	3	162632380	165815732	1817	-0.1089
FOXED_p_TCGA_b122_128_SNP_N_GenomeWideSNP_6_A06_781906	3	165817341	165821588	3	-1.5806
FOXED_p_TCGA_b122_128_SNP_N_GenomeWideSNP_6_A06_781906	3	165828416	174468152	5356	-0.1182
FOXED_p_TCGA_b122_128_SNP_N_GenomeWideSNP_6_A06_781906	3	174473711	174507348	22	-0.5028
FOXED_p_TCGA_b122_128_SNP_N_GenomeWideSNP_6_A06_781906	3	174509183	186698098	7484	-0.1192
FOXED_p_TCGA_b122_128_SNP_N_GenomeWideSNP_6_A06_781906	3	186700837	186700923	2	-3.5997
FOXED_p_TCGA_b122_128_SNP_N_GenomeWideSNP_6_A06_781906	3	186708804	192877902	4510	-0.1159
FOXED_p_TCGA_b122_128_SNP_N_GenomeWideSNP_6_A06_781906	3	192877962	192882903	19	-1.2626
FOXED_p_TCGA_b122_128_SNP_N_GenomeWideSNP_6_A06_781906	3	192886435	194634588	1161	-0.1179
FOXED_p_TCGA_b122_128_SNP_N_GenomeWideSNP_6_A06_781906	3	194641316	194641845	5	-1.0862
FOXED_p_TCGA_b122_128_SNP_N_GenomeWideSNP_6_A06_781906	3	194642480	197896118	1542	-0.1216
FOXED_p_TCGA_b122_128_SNP_N_GenomeWideSNP_6_A06_781906	4	12281	9456977	5252	-0.1292
FOXED_p_TCGA_b122_128_SNP_N_GenomeWideSNP_6_A06_781906	4	9461230	9479345	9	0.9154
FOXED_p_TCGA_b122_128_SNP_N_GenomeWideSNP_6_A06_781906	4	9486087	10210390	546	-0.1334
FOXED_p_TCGA_b122_128_SNP_N_GenomeWideSNP_6_A06_781906	4	10223416	10234266	30	0.4487
FOXED_p_TCGA_b122_128_SNP_N_GenomeWideSNP_6_A06_781906	4	10234608	10392354	177	-0.115
FOXED_p_TCGA_b122_128_SNP_N_GenomeWideSNP_6_A06_781906	4	10393154	10400668	15	-0.7404
FOXED_p_TCGA_b122_128_SNP_N_GenomeWideSNP_6_A06_781906	4	10402718	34778975	16811	-0.126
FOXED_p_TCGA_b122_128_SNP_N_GenomeWideSNP_6_A06_781906	4	34779004	34829872	43	0.4114
FOXED_p_TCGA_b122_128_SNP_N_GenomeWideSNP_6_A06_781906	4	34829913	40704011	3892	-0.1019
FOXED_p_TCGA_b122_128_SNP_N_GenomeWideSNP_6_A06_781906	4	40704145	40704192	2	-1.7356
FOXED_p_TCGA_b122_128_SNP_N_GenomeWideSNP_6_A06_781906	4	40704687	61497136	10936	-0.1214
FOXED_p_TCGA_b122_128_SNP_N_GenomeWideSNP_6_A06_781906	4	61500829	61501270	2	-1.3414
FOXED_p_TCGA_b122_128_SNP_N_GenomeWideSNP_6_A06_781906	4	61503976	61936938	266	-0.1282
FOXED_p_TCGA_b122_128_SNP_N_GenomeWideSNP_6_A06_781906	4	61940935	61941952	2	1.4014
FOXED_p_TCGA_b122_128_SNP_N_GenomeWideSNP_6_A06_781906	4	61945686	64705751	1523	-0.1215
FOXED_p_TCGA_b122_128_SNP_N_GenomeWideSNP_6_A06_781906	4	64705785	64716431	10	0.6115
FOXED_p_TCGA_b122_128_SNP_N_GenomeWideSNP_6_A06_781906	4	64717026	69204400	2836	-0.1309
FOXED_p_TCGA_b122_128_SNP_N_GenomeWideSNP_6_A06_781906	4	69204926	69261064	26	0.4671
FOXED_p_TCGA_b122_128_SNP_N_GenomeWideSNP_6_A06_781906	4	69282205	69334141	14	-0.4173
FOXED_p_TCGA_b122_128_SNP_N_GenomeWideSNP_6_A06_781906	4	69338462	69485979	72	0.7372
FOXED_p_TCGA_b122_128_SNP_N_GenomeWideSNP_6_A06_781906	4	69489335	70162893	352	0.4785
FOXED_p_TCGA_b122_128_SNP_N_GenomeWideSNP_6_A06_781906	4	70165731	91941942	13557	-0.111
FOXED_p_TCGA_b122_128_SNP_N_GenomeWideSNP_6_A06_781906	4	91948753	92076288	94	-0.5188
FOXED_p_TCGA_b122_128_SNP_N_GenomeWideSNP_6_A06_781906	4	92079951	115173700	13759	-0.1191
FOXED_p_TCGA_b122_128_SNP_N_GenomeWideSNP_6_A06_781906	4	115175323	115184252	25	0.7587
FOXED_p_TCGA_b122_128_SNP_N_GenomeWideSNP_6_A06_781906	4	115184266	116166104	610	-0.1025
FOXED_p_TCGA_b122_128_SNP_N_GenomeWideSNP_6_A06_781906	4	116172611	116173269	10	-0.9874
FOXED_p_TCGA_b122_128_SNP_N_GenomeWideSNP_6_A06_781906	4	116175254	155802548	23517	-0.1555
FOXED_p_TCGA_b122_128_SNP_N_GenomeWideSNP_6_A06_781906	4	155803005	155803342	5	0.6235
FOXED_p_TCGA_b122_128_SNP_N_GenomeWideSNP_6_A06_781906	4	155803664	161880303	3926	-0.2851
FOXED_p_TCGA_b122_128_SNP_N_GenomeWideSNP_6_A06_781906	4	161880339	161884908	16	-1.1263
FOXED_p_TCGA_b122_128_SNP_N_GenomeWideSNP_6_A06_781906	4	161884919	172987928	7089	-0.2863
FOXED_p_TCGA_b122_128_SNP_N_GenomeWideSNP_6_A06_781906	4	172989148	172989505	10	0.5985
FOXED_p_TCGA_b122_128_SNP_N_GenomeWideSNP_6_A06_781906	4	172989519	189436915	11168	-0.2944
FOXED_p_TCGA_b122_128_SNP_N_GenomeWideSNP_6_A06_781906	4	189437086	189437410	8	-0.9569
FOXED_p_TCGA_b122_128_SNP_N_GenomeWideSNP_6_A06_781906	4	189439872	190189043	569	-0.2965
FOXED_p_TCGA_b122_128_SNP_N_GenomeWideSNP_6_A06_781906	4	190195118	190199264	4	-2.8285
FOXED_p_TCGA_b122_128_SNP_N_GenomeWideSNP_6_A06_781906	4	190199771	191027923	386	-0.3153
FOXED_p_TCGA_b122_128_SNP_N_GenomeWideSNP_6_A06_781906	5	15532	773082	333	-0.052
FOXED_p_TCGA_b122_128_SNP_N_GenomeWideSNP_6_A06_781906	5	773190	863797	34	-0.4848
FOXED_p_TCGA_b122_128_SNP_N_GenomeWideSNP_6_A06_781906	5	866370	14206922	10808	-3e-04
FOXED_p_TCGA_b122_128_SNP_N_GenomeWideSNP_6_A06_781906	5	14208149	14228213	20	-0.4341
FOXED_p_TCGA_b122_128_SNP_N_GenomeWideSNP_6_A06_781906	5	14230162	21376844	4543	0.017
FOXED_p_TCGA_b122_128_SNP_N_GenomeWideSNP_6_A06_781906	5	21377839	21377853	2	-1.8815
FOXED_p_TCGA_b122_128_SNP_N_GenomeWideSNP_6_A06_781906	5	21386066	46196114	15071	0.0101
FOXED_p_TCGA_b122_128_SNP_N_GenomeWideSNP_6_A06_781906	5	46199434	46199435	2	-2.3508
FOXED_p_TCGA_b122_128_SNP_N_GenomeWideSNP_6_A06_781906	5	46209299	46271108	15	-0.0318
FOXED_p_TCGA_b122_128_SNP_N_GenomeWideSNP_6_A06_781906	5	46271930	46273502	6	1.205
FOXED_p_TCGA_b122_128_SNP_N_GenomeWideSNP_6_A06_781906	5	46278212	57321646	5083	0.0227
FOXED_p_TCGA_b122_128_SNP_N_GenomeWideSNP_6_A06_781906	5	57326027	57333533	32	1.0817
FOXED_p_TCGA_b122_128_SNP_N_GenomeWideSNP_6_A06_781906	5	57338357	97485129	23203	0.0171
FOXED_p_TCGA_b122_128_SNP_N_GenomeWideSNP_6_A06_781906	5	97487008	97487225	4	1.1662
FOXED_p_TCGA_b122_128_SNP_N_GenomeWideSNP_6_A06_781906	5	97492056	100033522	1450	0.0483
FOXED_p_TCGA_b122_128_SNP_N_GenomeWideSNP_6_A06_781906	5	100037235	100041813	2	-1.0366
FOXED_p_TCGA_b122_128_SNP_N_GenomeWideSNP_6_A06_781906	5	100041943	102044766	1229	0.0338
FOXED_p_TCGA_b122_128_SNP_N_GenomeWideSNP_6_A06_781906	5	102047150	102054421	5	0.6378
FOXED_p_TCGA_b122_128_SNP_N_GenomeWideSNP_6_A06_781906	5	102065181	103050975	497	0.0452
FOXED_p_TCGA_b122_128_SNP_N_GenomeWideSNP_6_A06_781906	5	103052128	103851221	497	-0.3232
FOXED_p_TCGA_b122_128_SNP_N_GenomeWideSNP_6_A06_781906	5	103860373	103860604	4	0.8572
FOXED_p_TCGA_b122_128_SNP_N_GenomeWideSNP_6_A06_781906	5	103861049	140751007	23498	-0.3219
FOXED_p_TCGA_b122_128_SNP_N_GenomeWideSNP_6_A06_781906	5	140753245	150177097	6343	0.0441
FOXED_p_TCGA_b122_128_SNP_N_GenomeWideSNP_6_A06_781906	5	150177708	150202205	10	-0.3044
FOXED_p_TCGA_b122_128_SNP_N_GenomeWideSNP_6_A06_781906	5	150205500	150218604	8	-0.9659
FOXED_p_TCGA_b122_128_SNP_N_GenomeWideSNP_6_A06_781906	5	150223387	180374523	20309	0.0295
FOXED_p_TCGA_b122_128_SNP_N_GenomeWideSNP_6_A06_781906	5	180378710	180418103	19	-2.2177
FOXED_p_TCGA_b122_128_SNP_N_GenomeWideSNP_6_A06_781906	5	180433225	180512315	59	-0.0472
FOXED_p_TCGA_b122_128_SNP_N_GenomeWideSNP_6_A06_781906	5	180518765	180527309	4	-0.9482
FOXED_p_TCGA_b122_128_SNP_N_GenomeWideSNP_6_A06_781906	5	180532296	180790320	108	-0.0168
FOXED_p_TCGA_b122_128_SNP_N_GenomeWideSNP_6_A06_781906	6	149661	303017	126	-0.1847
FOXED_p_TCGA_b122_128_SNP_N_GenomeWideSNP_6_A06_781906	6	303121	381149	75	0.3494
FOXED_p_TCGA_b122_128_SNP_N_GenomeWideSNP_6_A06_781906	6	382559	29850380	21577	-0.1254
FOXED_p_TCGA_b122_128_SNP_N_GenomeWideSNP_6_A06_781906	6	29871636	29898897	12	-1.2206
FOXED_p_TCGA_b122_128_SNP_N_GenomeWideSNP_6_A06_781906	6	29899677	31280823	658	-0.0991
FOXED_p_TCGA_b122_128_SNP_N_GenomeWideSNP_6_A06_781906	6	31286276	31296451	11	-1.52
FOXED_p_TCGA_b122_128_SNP_N_GenomeWideSNP_6_A06_781906	6	31309924	31836151	246	-0.1677
FOXED_p_TCGA_b122_128_SNP_N_GenomeWideSNP_6_A06_781906	6	31836827	31930351	21	-0.6739
FOXED_p_TCGA_b122_128_SNP_N_GenomeWideSNP_6_A06_781906	6	31931609	31933161	3	-1.444
FOXED_p_TCGA_b122_128_SNP_N_GenomeWideSNP_6_A06_781906	6	31933518	32431552	234	-0.5027
FOXED_p_TCGA_b122_128_SNP_N_GenomeWideSNP_6_A06_781906	6	32448129	32456683	8	-1.5007
FOXED_p_TCGA_b122_128_SNP_N_GenomeWideSNP_6_A06_781906	6	32456742	33089196	383	-0.5538
FOXED_p_TCGA_b122_128_SNP_N_GenomeWideSNP_6_A06_781906	6	33094869	53931067	13434	-0.1135
FOXED_p_TCGA_b122_128_SNP_N_GenomeWideSNP_6_A06_781906	6	53931084	53931803	7	1.6241
FOXED_p_TCGA_b122_128_SNP_N_GenomeWideSNP_6_A06_781906	6	53931855	65710729	4598	-0.1241
FOXED_p_TCGA_b122_128_SNP_N_GenomeWideSNP_6_A06_781906	6	65711399	65713792	3	-1.1971
FOXED_p_TCGA_b122_128_SNP_N_GenomeWideSNP_6_A06_781906	6	65717384	67038046	898	-0.1184
FOXED_p_TCGA_b122_128_SNP_N_GenomeWideSNP_6_A06_781906	6	67040913	67042897	6	-2.5562
FOXED_p_TCGA_b122_128_SNP_N_GenomeWideSNP_6_A06_781906	6	67043192	77436532	6803	-0.129
FOXED_p_TCGA_b122_128_SNP_N_GenomeWideSNP_6_A06_781906	6	77439868	77452757	21	-0.6191
FOXED_p_TCGA_b122_128_SNP_N_GenomeWideSNP_6_A06_781906	6	77461073	78962874	979	-0.1253
FOXED_p_TCGA_b122_128_SNP_N_GenomeWideSNP_6_A06_781906	6	78962889	79032592	110	0.2787
FOXED_p_TCGA_b122_128_SNP_N_GenomeWideSNP_6_A06_781906	6	79034940	162434230	53661	-0.1239
FOXED_p_TCGA_b122_128_SNP_N_GenomeWideSNP_6_A06_781906	6	162437697	162681105	230	-0.5405
FOXED_p_TCGA_b122_128_SNP_N_GenomeWideSNP_6_A06_781906	6	162681725	171051005	5938	-0.1605
FOXED_p_TCGA_b122_128_SNP_N_GenomeWideSNP_6_A06_781906	7	43355	24035127	17193	0.3756
FOXED_p_TCGA_b122_128_SNP_N_GenomeWideSNP_6_A06_781906	7	24039878	24040383	2	1.8554
FOXED_p_TCGA_b122_128_SNP_N_GenomeWideSNP_6_A06_781906	7	24040817	26132290	1690	0.3682
FOXED_p_TCGA_b122_128_SNP_N_GenomeWideSNP_6_A06_781906	7	26142392	26145413	4	-0.9413
FOXED_p_TCGA_b122_128_SNP_N_GenomeWideSNP_6_A06_781906	7	26147219	33128246	4934	0.3686
FOXED_p_TCGA_b122_128_SNP_N_GenomeWideSNP_6_A06_781906	7	33130687	33185482	34	0.7434
FOXED_p_TCGA_b122_128_SNP_N_GenomeWideSNP_6_A06_781906	7	33189793	38386812	3720	0.366
FOXED_p_TCGA_b122_128_SNP_N_GenomeWideSNP_6_A06_781906	7	38387443	38398047	6	-0.3167
FOXED_p_TCGA_b122_128_SNP_N_GenomeWideSNP_6_A06_781906	7	38400957	53316829	10264	0.4216
FOXED_p_TCGA_b122_128_SNP_N_GenomeWideSNP_6_A06_781906	7	53318387	53318785	2	-1.3764
FOXED_p_TCGA_b122_128_SNP_N_GenomeWideSNP_6_A06_781906	7	53321683	54380373	754	0.404
FOXED_p_TCGA_b122_128_SNP_N_GenomeWideSNP_6_A06_781906	7	54386505	54386517	6	1.2809
FOXED_p_TCGA_b122_128_SNP_N_GenomeWideSNP_6_A06_781906	7	54393488	62365702	2239	0.3923
FOXED_p_TCGA_b122_128_SNP_N_GenomeWideSNP_6_A06_781906	7	62369833	62369834	2	-1.3309
FOXED_p_TCGA_b122_128_SNP_N_GenomeWideSNP_6_A06_781906	7	62385277	91218884	16073	0.4202
FOXED_p_TCGA_b122_128_SNP_N_GenomeWideSNP_6_A06_781906	7	91218963	91219132	2	-1.1934
FOXED_p_TCGA_b122_128_SNP_N_GenomeWideSNP_6_A06_781906	7	91225032	101052486	5426	0.4514
FOXED_p_TCGA_b122_128_SNP_N_GenomeWideSNP_6_A06_781906	7	101059732	101059949	2	-2.4341
FOXED_p_TCGA_b122_128_SNP_N_GenomeWideSNP_6_A06_781906	7	101062911	109441244	5108	0.4562
FOXED_p_TCGA_b122_128_SNP_N_GenomeWideSNP_6_A06_781906	7	109441629	109453910	10	1.0893
FOXED_p_TCGA_b122_128_SNP_N_GenomeWideSNP_6_A06_781906	7	109453982	110191916	520	0.3316
FOXED_p_TCGA_b122_128_SNP_N_GenomeWideSNP_6_A06_781906	7	110192161	110575096	249	0.0888
FOXED_p_TCGA_b122_128_SNP_N_GenomeWideSNP_6_A06_781906	7	110577769	111060785	322	0.4346
FOXED_p_TCGA_b122_128_SNP_N_GenomeWideSNP_6_A06_781906	7	111065292	111077531	13	-0.015
FOXED_p_TCGA_b122_128_SNP_N_GenomeWideSNP_6_A06_781906	7	111077582	126045556	8942	0.4304
FOXED_p_TCGA_b122_128_SNP_N_GenomeWideSNP_6_A06_781906	7	126045651	126046881	16	-0.1405
FOXED_p_TCGA_b122_128_SNP_N_GenomeWideSNP_6_A06_781906	7	126052766	133785211	4706	0.4396
FOXED_p_TCGA_b122_128_SNP_N_GenomeWideSNP_6_A06_781906	7	133785309	133798846	32	-0.4629
FOXED_p_TCGA_b122_128_SNP_N_GenomeWideSNP_6_A06_781906	7	133799154	142474939	5693	0.439
FOXED_p_TCGA_b122_128_SNP_N_GenomeWideSNP_6_A06_781906	7	142476719	142486045	27	-2.3749
FOXED_p_TCGA_b122_128_SNP_N_GenomeWideSNP_6_A06_781906	7	142486115	143977056	860	0.4207
FOXED_p_TCGA_b122_128_SNP_N_GenomeWideSNP_6_A06_781906	7	143977353	144050933	20	0.0255
FOXED_p_TCGA_b122_128_SNP_N_GenomeWideSNP_6_A06_781906	7	144051231	147713993	2413	0.4175
FOXED_p_TCGA_b122_128_SNP_N_GenomeWideSNP_6_A06_781906	7	147714781	147717262	6	-0.7882
FOXED_p_TCGA_b122_128_SNP_N_GenomeWideSNP_6_A06_781906	7	147721591	154389895	4037	0.4361
FOXED_p_TCGA_b122_128_SNP_N_GenomeWideSNP_6_A06_781906	7	154393171	154399613	4	-2.0502
FOXED_p_TCGA_b122_128_SNP_N_GenomeWideSNP_6_A06_781906	7	154400830	157552367	2264	0.4341
FOXED_p_TCGA_b122_128_SNP_N_GenomeWideSNP_6_A06_781906	7	157552609	157552887	4	-0.2815
FOXED_p_TCGA_b122_128_SNP_N_GenomeWideSNP_6_A06_781906	7	157560763	158102815	327	0.3991
FOXED_p_TCGA_b122_128_SNP_N_GenomeWideSNP_6_A06_781906	7	158104335	158132165	12	-0.0157
FOXED_p_TCGA_b122_128_SNP_N_GenomeWideSNP_6_A06_781906	7	158136986	159127004	639	0.4141
FOXED_p_TCGA_b122_128_SNP_N_GenomeWideSNP_6_A06_781906	8	31254	158062	5	0.1713
FOXED_p_TCGA_b122_128_SNP_N_GenomeWideSNP_6_A06_781906	8	161222	2322801	1759	-0.5974
FOXED_p_TCGA_b122_128_SNP_N_GenomeWideSNP_6_A06_781906	8	2330767	2339651	2	1.5593
FOXED_p_TCGA_b122_128_SNP_N_GenomeWideSNP_6_A06_781906	8	2343530	4503347	2896	-0.542
FOXED_p_TCGA_b122_128_SNP_N_GenomeWideSNP_6_A06_781906	8	4504591	4505914	3	-1.7392
FOXED_p_TCGA_b122_128_SNP_N_GenomeWideSNP_6_A06_781906	8	4505928	5553031	1365	-0.5466
FOXED_p_TCGA_b122_128_SNP_N_GenomeWideSNP_6_A06_781906	8	5553067	5553100	2	-2.5796
FOXED_p_TCGA_b122_128_SNP_N_GenomeWideSNP_6_A06_781906	8	5553135	6826762	1691	-0.5516
FOXED_p_TCGA_b122_128_SNP_N_GenomeWideSNP_6_A06_781906	8	6827001	6827165	4	-1.9789
FOXED_p_TCGA_b122_128_SNP_N_GenomeWideSNP_6_A06_781906	8	6827186	7193821	103	-0.5196
FOXED_p_TCGA_b122_128_SNP_N_GenomeWideSNP_6_A06_781906	8	7214611	7238019	24	-0.0939
FOXED_p_TCGA_b122_128_SNP_N_GenomeWideSNP_6_A06_781906	8	7250380	24972187	13984	-0.5389
FOXED_p_TCGA_b122_128_SNP_N_GenomeWideSNP_6_A06_781906	8	24974443	24984250	26	0.229
FOXED_p_TCGA_b122_128_SNP_N_GenomeWideSNP_6_A06_781906	8	24984333	34979465	6769	-0.5383
FOXED_p_TCGA_b122_128_SNP_N_GenomeWideSNP_6_A06_781906	8	34979695	39230659	2273	-0.1431
FOXED_p_TCGA_b122_128_SNP_N_GenomeWideSNP_6_A06_781906	8	39235603	39384124	55	-0.9347
FOXED_p_TCGA_b122_128_SNP_N_GenomeWideSNP_6_A06_781906	8	39384700	40771996	1076	-0.1453
FOXED_p_TCGA_b122_128_SNP_N_GenomeWideSNP_6_A06_781906	8	40777852	40778471	2	-2.2377
FOXED_p_TCGA_b122_128_SNP_N_GenomeWideSNP_6_A06_781906	8	40783680	42643045	1161	-0.1508
FOXED_p_TCGA_b122_128_SNP_N_GenomeWideSNP_6_A06_781906	8	42643861	58117486	6961	0.1697
FOXED_p_TCGA_b122_128_SNP_N_GenomeWideSNP_6_A06_781906	8	58118052	58130025	3	-1.1429
FOXED_p_TCGA_b122_128_SNP_N_GenomeWideSNP_6_A06_781906	8	58132798	83525309	15701	0.1727
FOXED_p_TCGA_b122_128_SNP_N_GenomeWideSNP_6_A06_781906	8	83527095	102618074	11294	0.4168
FOXED_p_TCGA_b122_128_SNP_N_GenomeWideSNP_6_A06_781906	8	102618237	102625712	11	-0.4729
FOXED_p_TCGA_b122_128_SNP_N_GenomeWideSNP_6_A06_781906	8	102629396	112291494	5866	0.4379
FOXED_p_TCGA_b122_128_SNP_N_GenomeWideSNP_6_A06_781906	8	112294279	112295260	10	1.5547
FOXED_p_TCGA_b122_128_SNP_N_GenomeWideSNP_6_A06_781906	8	112300281	115634487	1829	0.4197
FOXED_p_TCGA_b122_128_SNP_N_GenomeWideSNP_6_A06_781906	8	115634554	115641731	34	-0.0256
FOXED_p_TCGA_b122_128_SNP_N_GenomeWideSNP_6_A06_781906	8	115650697	120152010	3113	0.4407
FOXED_p_TCGA_b122_128_SNP_N_GenomeWideSNP_6_A06_781906	8	120154784	120159446	4	-0.8238
FOXED_p_TCGA_b122_128_SNP_N_GenomeWideSNP_6_A06_781906	8	120162854	122762938	1694	0.4564
FOXED_p_TCGA_b122_128_SNP_N_GenomeWideSNP_6_A06_781906	8	122767165	122767388	2	-0.8085
FOXED_p_TCGA_b122_128_SNP_N_GenomeWideSNP_6_A06_781906	8	122769475	140603502	13610	0.4415
FOXED_p_TCGA_b122_128_SNP_N_GenomeWideSNP_6_A06_781906	8	140604336	140604622	3	1.9487
FOXED_p_TCGA_b122_128_SNP_N_GenomeWideSNP_6_A06_781906	8	140604643	144699157	2149	0.4152
FOXED_p_TCGA_b122_128_SNP_N_GenomeWideSNP_6_A06_781906	8	144705157	144705275	3	-0.5919
FOXED_p_TCGA_b122_128_SNP_N_GenomeWideSNP_6_A06_781906	8	144706745	144725063	8	0.095
FOXED_p_TCGA_b122_128_SNP_N_GenomeWideSNP_6_A06_781906	8	144725470	146298155	504	0.3755
FOXED_p_TCGA_b122_128_SNP_N_GenomeWideSNP_6_A06_781906	9	46587	23361805	20475	0.1685
FOXED_p_TCGA_b122_128_SNP_N_GenomeWideSNP_6_A06_781906	9	23363115	23373484	8	1.0465
FOXED_p_TCGA_b122_128_SNP_N_GenomeWideSNP_6_A06_781906	9	23378488	27236644	2810	0.1661
FOXED_p_TCGA_b122_128_SNP_N_GenomeWideSNP_6_A06_781906	9	27248177	27248644	5	-1.2961
FOXED_p_TCGA_b122_128_SNP_N_GenomeWideSNP_6_A06_781906	9	27248727	41846811	8082	0.1774
FOXED_p_TCGA_b122_128_SNP_N_GenomeWideSNP_6_A06_781906	9	41892866	41897112	2	1.32
FOXED_p_TCGA_b122_128_SNP_N_GenomeWideSNP_6_A06_781906	9	41943711	42996076	15	0.0922
FOXED_p_TCGA_b122_128_SNP_N_GenomeWideSNP_6_A06_781906	9	42999522	43151337	10	-0.476
FOXED_p_TCGA_b122_128_SNP_N_GenomeWideSNP_6_A06_781906	9	43166988	43535364	14	0.0452
FOXED_p_TCGA_b122_128_SNP_N_GenomeWideSNP_6_A06_781906	9	43548402	43776918	28	-0.6469
FOXED_p_TCGA_b122_128_SNP_N_GenomeWideSNP_6_A06_781906	9	43780909	44250853	34	0.1334
FOXED_p_TCGA_b122_128_SNP_N_GenomeWideSNP_6_A06_781906	9	44251228	44273241	10	0.9302
FOXED_p_TCGA_b122_128_SNP_N_GenomeWideSNP_6_A06_781906	9	44385979	44469328	7	-0.5036
FOXED_p_TCGA_b122_128_SNP_N_GenomeWideSNP_6_A06_781906	9	44629223	45448944	74	0.1208
FOXED_p_TCGA_b122_128_SNP_N_GenomeWideSNP_6_A06_781906	9	45471390	66584859	72	-0.219
FOXED_p_TCGA_b122_128_SNP_N_GenomeWideSNP_6_A06_781906	9	66665811	69186130	168	0.1217
FOXED_p_TCGA_b122_128_SNP_N_GenomeWideSNP_6_A06_781906	9	69186324	69807016	35	-0.3143
FOXED_p_TCGA_b122_128_SNP_N_GenomeWideSNP_6_A06_781906	9	69810430	79554460	6400	0.1601
FOXED_p_TCGA_b122_128_SNP_N_GenomeWideSNP_6_A06_781906	9	79556881	79559336	4	-1.4064
FOXED_p_TCGA_b122_128_SNP_N_GenomeWideSNP_6_A06_781906	9	79566864	109675354	20839	0.16
FOXED_p_TCGA_b122_128_SNP_N_GenomeWideSNP_6_A06_781906	9	109676273	109676430	2	-1.4567
FOXED_p_TCGA_b122_128_SNP_N_GenomeWideSNP_6_A06_781906	9	109676893	141091394	20882	0.1694
FOXED_p_TCGA_b122_128_SNP_N_GenomeWideSNP_6_A06_781906	10	72759	6411215	5428	-0.131
FOXED_p_TCGA_b122_128_SNP_N_GenomeWideSNP_6_A06_781906	10	6411357	6411481	5	-0.9977
FOXED_p_TCGA_b122_128_SNP_N_GenomeWideSNP_6_A06_781906	10	6418754	27228439	15839	-0.1169
FOXED_p_TCGA_b122_128_SNP_N_GenomeWideSNP_6_A06_781906	10	27228452	27230675	4	-1.0925
FOXED_p_TCGA_b122_128_SNP_N_GenomeWideSNP_6_A06_781906	10	27230737	37455145	7163	-0.1161
FOXED_p_TCGA_b122_128_SNP_N_GenomeWideSNP_6_A06_781906	10	37461148	37467614	2	1.1187
FOXED_p_TCGA_b122_128_SNP_N_GenomeWideSNP_6_A06_781906	10	37479414	48380952	3580	-0.1465
FOXED_p_TCGA_b122_128_SNP_N_GenomeWideSNP_6_A06_781906	10	48381304	48387421	5	-0.5964
FOXED_p_TCGA_b122_128_SNP_N_GenomeWideSNP_6_A06_781906	10	48390041	48902376	241	-0.1306
FOXED_p_TCGA_b122_128_SNP_N_GenomeWideSNP_6_A06_781906	10	48928791	49333790	26	-0.5659
FOXED_p_TCGA_b122_128_SNP_N_GenomeWideSNP_6_A06_781906	10	49363009	49731201	256	-0.1478
FOXED_p_TCGA_b122_128_SNP_N_GenomeWideSNP_6_A06_781906	10	49732975	49732988	2	-1.8536
FOXED_p_TCGA_b122_128_SNP_N_GenomeWideSNP_6_A06_781906	10	49733261	71282472	14804	-0.1276
FOXED_p_TCGA_b122_128_SNP_N_GenomeWideSNP_6_A06_781906	10	71282486	71282842	4	-2.1038
FOXED_p_TCGA_b122_128_SNP_N_GenomeWideSNP_6_A06_781906	10	71291614	88902004	11902	-0.1152
FOXED_p_TCGA_b122_128_SNP_N_GenomeWideSNP_6_A06_781906	10	88907319	88929420	4	-1.0668
FOXED_p_TCGA_b122_128_SNP_N_GenomeWideSNP_6_A06_781906	10	88931513	96768356	5016	-0.1089
FOXED_p_TCGA_b122_128_SNP_N_GenomeWideSNP_6_A06_781906	10	96772412	96777345	3	-1.2527
FOXED_p_TCGA_b122_128_SNP_N_GenomeWideSNP_6_A06_781906	10	96779866	135229141	26713	-0.1135
FOXED_p_TCGA_b122_128_SNP_N_GenomeWideSNP_6_A06_781906	10	135229719	135229868	2	-3.363
FOXED_p_TCGA_b122_128_SNP_N_GenomeWideSNP_6_A06_781906	10	135232654	135506704	151	-0.1563
FOXED_p_TCGA_b122_128_SNP_N_GenomeWideSNP_6_A06_781906	11	198510	4239054	1791	-0.1222
FOXED_p_TCGA_b122_128_SNP_N_GenomeWideSNP_6_A06_781906	11	4250013	4352981	29	-0.8859
FOXED_p_TCGA_b122_128_SNP_N_GenomeWideSNP_6_A06_781906	11	4358809	5778523	1477	-0.1221
FOXED_p_TCGA_b122_128_SNP_N_GenomeWideSNP_6_A06_781906	11	5782925	5809139	41	0.275
FOXED_p_TCGA_b122_128_SNP_N_GenomeWideSNP_6_A06_781906	11	5809338	48598422	30119	-0.1248
FOXED_p_TCGA_b122_128_SNP_N_GenomeWideSNP_6_A06_781906	11	48601434	48602676	2	-1.427
FOXED_p_TCGA_b122_128_SNP_N_GenomeWideSNP_6_A06_781906	11	48606318	55361410	1221	-0.1232
FOXED_p_TCGA_b122_128_SNP_N_GenomeWideSNP_6_A06_781906	11	55361431	55453009	61	0.1341
FOXED_p_TCGA_b122_128_SNP_N_GenomeWideSNP_6_A06_781906	11	55453576	71464076	8378	-0.1143
FOXED_p_TCGA_b122_128_SNP_N_GenomeWideSNP_6_A06_781906	11	71467755	71481663	6	-1.1673
FOXED_p_TCGA_b122_128_SNP_N_GenomeWideSNP_6_A06_781906	11	71482054	74024257	1195	-0.1013
FOXED_p_TCGA_b122_128_SNP_N_GenomeWideSNP_6_A06_781906	11	74025289	74026228	2	-1.4377
FOXED_p_TCGA_b122_128_SNP_N_GenomeWideSNP_6_A06_781906	11	74029530	86301957	8235	-0.1242
FOXED_p_TCGA_b122_128_SNP_N_GenomeWideSNP_6_A06_781906	11	86305661	86305817	3	-1.0511
FOXED_p_TCGA_b122_128_SNP_N_GenomeWideSNP_6_A06_781906	11	86305875	86306054	3	-3.0363
FOXED_p_TCGA_b122_128_SNP_N_GenomeWideSNP_6_A06_781906	11	86315174	127788904	29081	-0.1235
FOXED_p_TCGA_b122_128_SNP_N_GenomeWideSNP_6_A06_781906	11	127790755	127790962	3	-1.6572
FOXED_p_TCGA_b122_128_SNP_N_GenomeWideSNP_6_A06_781906	11	127792290	134944770	5541	-0.1433
FOXED_p_TCGA_b122_128_SNP_N_GenomeWideSNP_6_A06_781906	12	150442	9633870	6210	-0.1239
FOXED_p_TCGA_b122_128_SNP_N_GenomeWideSNP_6_A06_781906	12	9637909	9728292	24	-1.6799
FOXED_p_TCGA_b122_128_SNP_N_GenomeWideSNP_6_A06_781906	12	9734969	11220827	1046	-0.1194
FOXED_p_TCGA_b122_128_SNP_N_GenomeWideSNP_6_A06_781906	12	11222368	11256829	12	0.4539
FOXED_p_TCGA_b122_128_SNP_N_GenomeWideSNP_6_A06_781906	12	11260275	11512492	133	-0.0981
FOXED_p_TCGA_b122_128_SNP_N_GenomeWideSNP_6_A06_781906	12	11512531	11543406	29	-1.026
FOXED_p_TCGA_b122_128_SNP_N_GenomeWideSNP_6_A06_781906	12	11552192	33294587	15431	-0.1132
FOXED_p_TCGA_b122_128_SNP_N_GenomeWideSNP_6_A06_781906	12	33294622	33369315	67	0.1379
FOXED_p_TCGA_b122_128_SNP_N_GenomeWideSNP_6_A06_781906	12	33369682	43499537	4176	-0.1209
FOXED_p_TCGA_b122_128_SNP_N_GenomeWideSNP_6_A06_781906	12	43503454	46514300	1751	-0.5004
FOXED_p_TCGA_b122_128_SNP_N_GenomeWideSNP_6_A06_781906	12	46514396	122122113	48262	-0.1085
FOXED_p_TCGA_b122_128_SNP_N_GenomeWideSNP_6_A06_781906	12	122124617	122130755	3	-0.8395
FOXED_p_TCGA_b122_128_SNP_N_GenomeWideSNP_6_A06_781906	12	122132489	126994227	2905	-0.1071
FOXED_p_TCGA_b122_128_SNP_N_GenomeWideSNP_6_A06_781906	12	126994913	127004590	8	-0.9726
FOXED_p_TCGA_b122_128_SNP_N_GenomeWideSNP_6_A06_781906	12	127007475	129228886	1976	-0.1403
FOXED_p_TCGA_b122_128_SNP_N_GenomeWideSNP_6_A06_781906	12	129230816	129232545	6	-1.6567
FOXED_p_TCGA_b122_128_SNP_N_GenomeWideSNP_6_A06_781906	12	129233988	130000586	707	-0.1192
FOXED_p_TCGA_b122_128_SNP_N_GenomeWideSNP_6_A06_781906	12	130003490	130003594	2	-2.015
FOXED_p_TCGA_b122_128_SNP_N_GenomeWideSNP_6_A06_781906	12	130003770	132120715	1790	-0.1523
FOXED_p_TCGA_b122_128_SNP_N_GenomeWideSNP_6_A06_781906	12	132132584	132133335	13	-0.8942
FOXED_p_TCGA_b122_128_SNP_N_GenomeWideSNP_6_A06_781906	12	132142331	133778189	572	-0.1649
FOXED_p_TCGA_b122_128_SNP_N_GenomeWideSNP_6_A06_781906	13	19026949	38076300	13583	0.4596
FOXED_p_TCGA_b122_128_SNP_N_GenomeWideSNP_6_A06_781906	13	38076671	38084732	8	1.4474
FOXED_p_TCGA_b122_128_SNP_N_GenomeWideSNP_6_A06_781906	13	38084757	53093822	9916	0.4557
FOXED_p_TCGA_b122_128_SNP_N_GenomeWideSNP_6_A06_781906	13	53094799	53105785	4	-0.5009
FOXED_p_TCGA_b122_128_SNP_N_GenomeWideSNP_6_A06_781906	13	53117879	55255619	1372	0.4416
FOXED_p_TCGA_b122_128_SNP_N_GenomeWideSNP_6_A06_781906	13	55256339	55282852	17	0.0919
FOXED_p_TCGA_b122_128_SNP_N_GenomeWideSNP_6_A06_781906	13	55285508	58584790	1694	0.4373
FOXED_p_TCGA_b122_128_SNP_N_GenomeWideSNP_6_A06_781906	13	58590281	58597030	6	-0.5541
FOXED_p_TCGA_b122_128_SNP_N_GenomeWideSNP_6_A06_781906	13	58602052	68197291	5906	0.4431
FOXED_p_TCGA_b122_128_SNP_N_GenomeWideSNP_6_A06_781906	13	68197851	68466883	145	0.0961
FOXED_p_TCGA_b122_128_SNP_N_GenomeWideSNP_6_A06_781906	13	68476489	112553039	30432	0.4495
FOXED_p_TCGA_b122_128_SNP_N_GenomeWideSNP_6_A06_781906	13	112556865	112608850	53	-0.1232
FOXED_p_TCGA_b122_128_SNP_N_GenomeWideSNP_6_A06_781906	13	112611289	115108397	1220	0.4452
FOXED_p_TCGA_b122_128_SNP_N_GenomeWideSNP_6_A06_781906	14	19002124	41610496	13840	-0.1141
FOXED_p_TCGA_b122_128_SNP_N_GenomeWideSNP_6_A06_781906	14	41610690	41676816	23	0.2544
FOXED_p_TCGA_b122_128_SNP_N_GenomeWideSNP_6_A06_781906	14	41688730	61053772	12266	-0.1161
FOXED_p_TCGA_b122_128_SNP_N_GenomeWideSNP_6_A06_781906	14	61054225	61059136	5	-0.8503
FOXED_p_TCGA_b122_128_SNP_N_GenomeWideSNP_6_A06_781906	14	61066218	106538062	29056	-0.1165
FOXED_p_TCGA_b122_128_SNP_N_GenomeWideSNP_6_A06_781906	14	106541753	106561441	12	0.9587
FOXED_p_TCGA_b122_128_SNP_N_GenomeWideSNP_6_A06_781906	14	106567100	106715489	67	-0.0886
FOXED_p_TCGA_b122_128_SNP_N_GenomeWideSNP_6_A06_781906	14	106717356	106740774	13	-0.8168
FOXED_p_TCGA_b122_128_SNP_N_GenomeWideSNP_6_A06_781906	14	106746725	106879831	64	-0.022
FOXED_p_TCGA_b122_128_SNP_N_GenomeWideSNP_6_A06_781906	14	106881352	106939788	58	-0.5867
FOXED_p_TCGA_b122_128_SNP_N_GenomeWideSNP_6_A06_781906	14	106943522	107285437	216	-0.1975
FOXED_p_TCGA_b122_128_SNP_N_GenomeWideSNP_6_A06_781906	15	20016328	20454259	70	-0.0043
FOXED_p_TCGA_b122_128_SNP_N_GenomeWideSNP_6_A06_781906	15	20468564	20627492	74	0.3418
FOXED_p_TCGA_b122_128_SNP_N_GenomeWideSNP_6_A06_781906	15	20646575	53784888	19408	0.0191
FOXED_p_TCGA_b122_128_SNP_N_GenomeWideSNP_6_A06_781906	15	53784991	53790247	7	-0.7304
FOXED_p_TCGA_b122_128_SNP_N_GenomeWideSNP_6_A06_781906	15	53790718	56264133	1722	0.0219
FOXED_p_TCGA_b122_128_SNP_N_GenomeWideSNP_6_A06_781906	15	56266626	56266833	2	-1.2563
FOXED_p_TCGA_b122_128_SNP_N_GenomeWideSNP_6_A06_781906	15	56273446	69329815	8843	0.038
FOXED_p_TCGA_b122_128_SNP_N_GenomeWideSNP_6_A06_781906	15	69331285	69331360	2	1.4832
FOXED_p_TCGA_b122_128_SNP_N_GenomeWideSNP_6_A06_781906	15	69337675	76878362	4251	0.0468
FOXED_p_TCGA_b122_128_SNP_N_GenomeWideSNP_6_A06_781906	15	76891241	76895344	15	0.9439
FOXED_p_TCGA_b122_128_SNP_N_GenomeWideSNP_6_A06_781906	15	76895767	83043161	3670	0.0358
FOXED_p_TCGA_b122_128_SNP_N_GenomeWideSNP_6_A06_781906	15	83046078	83108839	7	-1.3903
FOXED_p_TCGA_b122_128_SNP_N_GenomeWideSNP_6_A06_781906	15	83169549	83551383	247	0.057
FOXED_p_TCGA_b122_128_SNP_N_GenomeWideSNP_6_A06_781906	15	83557883	83558071	3	-1.3046
FOXED_p_TCGA_b122_128_SNP_N_GenomeWideSNP_6_A06_781906	15	83559421	84542885	517	0.0348
FOXED_p_TCGA_b122_128_SNP_N_GenomeWideSNP_6_A06_781906	15	84543250	84543425	3	-1.6596
FOXED_p_TCGA_b122_128_SNP_N_GenomeWideSNP_6_A06_781906	15	84543550	102469040	13255	0.0189
FOXED_p_TCGA_b122_128_SNP_N_GenomeWideSNP_6_A06_781906	16	60777	6415896	3575	-0.1199
FOXED_p_TCGA_b122_128_SNP_N_GenomeWideSNP_6_A06_781906	16	6416633	6417177	3	-1.1321
FOXED_p_TCGA_b122_128_SNP_N_GenomeWideSNP_6_A06_781906	16	6417206	6551089	161	-0.137
FOXED_p_TCGA_b122_128_SNP_N_GenomeWideSNP_6_A06_781906	16	6552165	6632488	105	-0.5597
FOXED_p_TCGA_b122_128_SNP_N_GenomeWideSNP_6_A06_781906	16	6632615	6829251	314	-0.1474
FOXED_p_TCGA_b122_128_SNP_N_GenomeWideSNP_6_A06_781906	16	6833886	6889316	47	-1.2342
FOXED_p_TCGA_b122_128_SNP_N_GenomeWideSNP_6_A06_781906	16	6890529	6969671	103	-0.5727
FOXED_p_TCGA_b122_128_SNP_N_GenomeWideSNP_6_A06_781906	16	6972549	13128258	5599	-0.115
FOXED_p_TCGA_b122_128_SNP_N_GenomeWideSNP_6_A06_781906	16	13128308	13128604	3	-1.6477
FOXED_p_TCGA_b122_128_SNP_N_GenomeWideSNP_6_A06_781906	16	13130274	19944363	3623	-0.1321
FOXED_p_TCGA_b122_128_SNP_N_GenomeWideSNP_6_A06_781906	16	19945650	19965875	28	-0.9904
FOXED_p_TCGA_b122_128_SNP_N_GenomeWideSNP_6_A06_781906	16	19967362	34459709	6994	-0.1162
FOXED_p_TCGA_b122_128_SNP_N_GenomeWideSNP_6_A06_781906	16	34466571	34757071	169	0.3267
FOXED_p_TCGA_b122_128_SNP_N_GenomeWideSNP_6_A06_781906	16	34760967	55796594	6614	-0.1227
FOXED_p_TCGA_b122_128_SNP_N_GenomeWideSNP_6_A06_781906	16	55798222	55798779	3	3.2601
FOXED_p_TCGA_b122_128_SNP_N_GenomeWideSNP_6_A06_781906	16	55804348	55822444	15	0.4911
FOXED_p_TCGA_b122_128_SNP_N_GenomeWideSNP_6_A06_781906	16	55829557	70842097	9053	-0.1113
FOXED_p_TCGA_b122_128_SNP_N_GenomeWideSNP_6_A06_781906	16	70854381	71202489	140	0.3541
FOXED_p_TCGA_b122_128_SNP_N_GenomeWideSNP_6_A06_781906	16	71202797	75278841	2524	-0.1049
FOXED_p_TCGA_b122_128_SNP_N_GenomeWideSNP_6_A06_781906	16	75279838	75280958	5	-0.8768
FOXED_p_TCGA_b122_128_SNP_N_GenomeWideSNP_6_A06_781906	16	75281964	78499470	2878	-0.1255
FOXED_p_TCGA_b122_128_SNP_N_GenomeWideSNP_6_A06_781906	16	78499573	78705877	280	-0.4205
FOXED_p_TCGA_b122_128_SNP_N_GenomeWideSNP_6_A06_781906	16	78706297	78729624	42	-1.1427
FOXED_p_TCGA_b122_128_SNP_N_GenomeWideSNP_6_A06_781906	16	78735338	78875927	191	-0.3685
FOXED_p_TCGA_b122_128_SNP_N_GenomeWideSNP_6_A06_781906	16	78877301	83793995	5467	-0.1253
FOXED_p_TCGA_b122_128_SNP_N_GenomeWideSNP_6_A06_781906	16	83793997	83794006	2	-1.6472
FOXED_p_TCGA_b122_128_SNP_N_GenomeWideSNP_6_A06_781906	16	83794024	90287535	4517	-0.146
FOXED_p_TCGA_b122_128_SNP_N_GenomeWideSNP_6_A06_781906	17	526	18358946	11447	-0.5335
FOXED_p_TCGA_b122_128_SNP_N_GenomeWideSNP_6_A06_781906	17	18358949	18474646	29	0.0827
FOXED_p_TCGA_b122_128_SNP_N_GenomeWideSNP_6_A06_781906	17	18496306	25270411	1548	-0.5099
FOXED_p_TCGA_b122_128_SNP_N_GenomeWideSNP_6_A06_781906	17	25270517	28964077	1730	-0.0869
FOXED_p_TCGA_b122_128_SNP_N_GenomeWideSNP_6_A06_781906	17	28979616	29054355	20	-0.4344
FOXED_p_TCGA_b122_128_SNP_N_GenomeWideSNP_6_A06_781906	17	29055579	39423014	6202	-0.1087
FOXED_p_TCGA_b122_128_SNP_N_GenomeWideSNP_6_A06_781906	17	39423026	39430531	23	0.9309
FOXED_p_TCGA_b122_128_SNP_N_GenomeWideSNP_6_A06_781906	17	39432724	41438590	1111	-0.0896
FOXED_p_TCGA_b122_128_SNP_N_GenomeWideSNP_6_A06_781906	17	41439686	41439921	2	-1.6525
FOXED_p_TCGA_b122_128_SNP_N_GenomeWideSNP_6_A06_781906	17	41443704	44163098	1400	-0.106
FOXED_p_TCGA_b122_128_SNP_N_GenomeWideSNP_6_A06_781906	17	44165803	44546329	141	0.1381
FOXED_p_TCGA_b122_128_SNP_N_GenomeWideSNP_6_A06_781906	17	44546461	45017859	198	-0.1081
FOXED_p_TCGA_b122_128_SNP_N_GenomeWideSNP_6_A06_781906	17	45018463	45960662	424	-0.4632
FOXED_p_TCGA_b122_128_SNP_N_GenomeWideSNP_6_A06_781906	17	45960865	51903167	3611	-0.0941
FOXED_p_TCGA_b122_128_SNP_N_GenomeWideSNP_6_A06_781906	17	51908146	56954133	3541	-0.5199
FOXED_p_TCGA_b122_128_SNP_N_GenomeWideSNP_6_A06_781906	17	56957890	70897779	8447	-0.0961
FOXED_p_TCGA_b122_128_SNP_N_GenomeWideSNP_6_A06_781906	17	70898607	70898609	2	-1.5204
FOXED_p_TCGA_b122_128_SNP_N_GenomeWideSNP_6_A06_781906	17	70900608	73661881	1654	-0.1293
FOXED_p_TCGA_b122_128_SNP_N_GenomeWideSNP_6_A06_781906	17	73662087	81049726	3786	0.1969
FOXED_p_TCGA_b122_128_SNP_N_GenomeWideSNP_6_A06_781906	18	11543	3867155	2727	0.1946
FOXED_p_TCGA_b122_128_SNP_N_GenomeWideSNP_6_A06_781906	18	3867271	3867290	2	-1.1619
FOXED_p_TCGA_b122_128_SNP_N_GenomeWideSNP_6_A06_781906	18	3868775	26187550	12389	0.1867
FOXED_p_TCGA_b122_128_SNP_N_GenomeWideSNP_6_A06_781906	18	26187983	26196658	16	-0.2587
FOXED_p_TCGA_b122_128_SNP_N_GenomeWideSNP_6_A06_781906	18	26196672	47645285	14103	0.1847
FOXED_p_TCGA_b122_128_SNP_N_GenomeWideSNP_6_A06_781906	18	47645604	51267097	2627	-0.1277
FOXED_p_TCGA_b122_128_SNP_N_GenomeWideSNP_6_A06_781906	18	51267142	51267210	3	0.7787
FOXED_p_TCGA_b122_128_SNP_N_GenomeWideSNP_6_A06_781906	18	51267350	60412616	6134	-0.1257
FOXED_p_TCGA_b122_128_SNP_N_GenomeWideSNP_6_A06_781906	18	60413056	63727545	2405	0.1789
FOXED_p_TCGA_b122_128_SNP_N_GenomeWideSNP_6_A06_781906	18	63727599	63728340	10	-0.4713
FOXED_p_TCGA_b122_128_SNP_N_GenomeWideSNP_6_A06_781906	18	63732738	76660693	9732	0.1505
FOXED_p_TCGA_b122_128_SNP_N_GenomeWideSNP_6_A06_781906	18	76662714	76664863	5	-0.5913
FOXED_p_TCGA_b122_128_SNP_N_GenomeWideSNP_6_A06_781906	18	76666449	77405731	389	0.1403
FOXED_p_TCGA_b122_128_SNP_N_GenomeWideSNP_6_A06_781906	18	77406039	77406203	2	-1.9618
FOXED_p_TCGA_b122_128_SNP_N_GenomeWideSNP_6_A06_781906	18	77410607	78015057	314	0.1299
FOXED_p_TCGA_b122_128_SNP_N_GenomeWideSNP_6_A06_781906	19	90910	4416411	1172	-0.085
FOXED_p_TCGA_b122_128_SNP_N_GenomeWideSNP_6_A06_781906	19	4417840	4673381	64	-0.2942
FOXED_p_TCGA_b122_128_SNP_N_GenomeWideSNP_6_A06_781906	19	4673514	35849322	15597	-0.1023
FOXED_p_TCGA_b122_128_SNP_N_GenomeWideSNP_6_A06_781906	19	35849493	35861848	22	-0.9647
FOXED_p_TCGA_b122_128_SNP_N_GenomeWideSNP_6_A06_781906	19	35866744	38407633	1252	-0.0851
FOXED_p_TCGA_b122_128_SNP_N_GenomeWideSNP_6_A06_781906	19	38409589	38418205	5	-0.9393
FOXED_p_TCGA_b122_128_SNP_N_GenomeWideSNP_6_A06_781906	19	38421176	43326077	2492	-0.0859
FOXED_p_TCGA_b122_128_SNP_N_GenomeWideSNP_6_A06_781906	19	43326279	43328006	2	-1.3157
FOXED_p_TCGA_b122_128_SNP_N_GenomeWideSNP_6_A06_781906	19	43332334	43712250	176	-0.1695
FOXED_p_TCGA_b122_128_SNP_N_GenomeWideSNP_6_A06_781906	19	43712598	43756237	19	-1.0197
FOXED_p_TCGA_b122_128_SNP_N_GenomeWideSNP_6_A06_781906	19	43766659	43809947	24	-0.1157
FOXED_p_TCGA_b122_128_SNP_N_GenomeWideSNP_6_A06_781906	19	43811811	43817995	6	-0.8953
FOXED_p_TCGA_b122_128_SNP_N_GenomeWideSNP_6_A06_781906	19	43819404	56273057	6683	-0.1051
FOXED_p_TCGA_b122_128_SNP_N_GenomeWideSNP_6_A06_781906	19	56278050	56286293	7	-1.0939
FOXED_p_TCGA_b122_128_SNP_N_GenomeWideSNP_6_A06_781906	19	56288941	56301236	14	-0.1536
FOXED_p_TCGA_b122_128_SNP_N_GenomeWideSNP_6_A06_781906	19	56302961	56307723	5	-0.5605
FOXED_p_TCGA_b122_128_SNP_N_GenomeWideSNP_6_A06_781906	19	56307810	59097854	1830	-0.1158
FOXED_p_TCGA_b122_128_SNP_N_GenomeWideSNP_6_A06_781906	20	61305	61582	9	-0.0612
FOXED_p_TCGA_b122_128_SNP_N_GenomeWideSNP_6_A06_781906	20	61675	706823	476	0.4103
FOXED_p_TCGA_b122_128_SNP_N_GenomeWideSNP_6_A06_781906	20	707598	707712	2	-2.1781
FOXED_p_TCGA_b122_128_SNP_N_GenomeWideSNP_6_A06_781906	20	711775	1552503	699	0.3989
FOXED_p_TCGA_b122_128_SNP_N_GenomeWideSNP_6_A06_781906	20	1557190	1561667	23	-0.9238
FOXED_p_TCGA_b122_128_SNP_N_GenomeWideSNP_6_A06_781906	20	1567454	1582207	34	-0.3695
FOXED_p_TCGA_b122_128_SNP_N_GenomeWideSNP_6_A06_781906	20	1590257	1593893	5	1.8205
FOXED_p_TCGA_b122_128_SNP_N_GenomeWideSNP_6_A06_781906	20	1597946	22186593	15969	0.4134
FOXED_p_TCGA_b122_128_SNP_N_GenomeWideSNP_6_A06_781906	20	22186604	22186623	2	-1.0717
FOXED_p_TCGA_b122_128_SNP_N_GenomeWideSNP_6_A06_781906	20	22187693	62956153	25308	0.4261
FOXED_p_TCGA_b122_128_SNP_N_GenomeWideSNP_6_A06_781906	21	10736871	11013964	76	-0.6003
FOXED_p_TCGA_b122_128_SNP_N_GenomeWideSNP_6_A06_781906	21	11018107	44968053	22584	-0.1187
FOXED_p_TCGA_b122_128_SNP_N_GenomeWideSNP_6_A06_781906	21	44970873	44972812	2	-3.1888
FOXED_p_TCGA_b122_128_SNP_N_GenomeWideSNP_6_A06_781906	21	44973667	45629368	354	-0.1105
FOXED_p_TCGA_b122_128_SNP_N_GenomeWideSNP_6_A06_781906	21	45630487	45635075	5	-0.9907
FOXED_p_TCGA_b122_128_SNP_N_GenomeWideSNP_6_A06_781906	21	45636404	46430048	430	-0.1389
FOXED_p_TCGA_b122_128_SNP_N_GenomeWideSNP_6_A06_781906	21	46431115	46435610	3	0.7021
FOXED_p_TCGA_b122_128_SNP_N_GenomeWideSNP_6_A06_781906	21	46440839	48096957	973	-0.1793
FOXED_p_TCGA_b122_128_SNP_N_GenomeWideSNP_6_A06_781906	22	16052528	18055605	782	-0.1404
FOXED_p_TCGA_b122_128_SNP_N_GenomeWideSNP_6_A06_781906	22	18058748	18058885	2	1.6568
FOXED_p_TCGA_b122_128_SNP_N_GenomeWideSNP_6_A06_781906	22	18062891	21465672	2068	-0.1817
FOXED_p_TCGA_b122_128_SNP_N_GenomeWideSNP_6_A06_781906	22	21465835	21708030	9	0.3811
FOXED_p_TCGA_b122_128_SNP_N_GenomeWideSNP_6_A06_781906	22	21708108	24344422	1762	-0.1421
FOXED_p_TCGA_b122_128_SNP_N_GenomeWideSNP_6_A06_781906	22	24350529	24412126	31	-0.4782
FOXED_p_TCGA_b122_128_SNP_N_GenomeWideSNP_6_A06_781906	22	24416465	24735513	180	-0.0493
FOXED_p_TCGA_b122_128_SNP_N_GenomeWideSNP_6_A06_781906	22	24745498	24759782	5	-0.6009
FOXED_p_TCGA_b122_128_SNP_N_GenomeWideSNP_6_A06_781906	22	24760126	25081338	157	-0.1076
FOXED_p_TCGA_b122_128_SNP_N_GenomeWideSNP_6_A06_781906	22	25082115	25082534	3	-1.4194
FOXED_p_TCGA_b122_128_SNP_N_GenomeWideSNP_6_A06_781906	22	25087674	42717108	12339	-0.0898
FOXED_p_TCGA_b122_128_SNP_N_GenomeWideSNP_6_A06_781906	22	42717604	42718235	2	-1.753
FOXED_p_TCGA_b122_128_SNP_N_GenomeWideSNP_6_A06_781906	22	42723032	42904606	101	-0.1594
FOXED_p_TCGA_b122_128_SNP_N_GenomeWideSNP_6_A06_781906	22	42907001	42932418	18	0.2896
FOXED_p_TCGA_b122_128_SNP_N_GenomeWideSNP_6_A06_781906	22	42934462	51234455	6115	-0.1152
FOXED_p_TCGA_b122_128_SNP_N_GenomeWideSNP_6_A06_781906	X	168477	7006818	3419	-0.0626
FOXED_p_TCGA_b122_128_SNP_N_GenomeWideSNP_6_A06_781906	X	7013768	7114581	74	-0.623
FOXED_p_TCGA_b122_128_SNP_N_GenomeWideSNP_6_A06_781906	X	7114694	90968512	44283	-0.0476
FOXED_p_TCGA_b122_128_SNP_N_GenomeWideSNP_6_A06_781906	X	90970506	90971740	7	-0.8511
FOXED_p_TCGA_b122_128_SNP_N_GenomeWideSNP_6_A06_781906	X	90971771	114633869	12798	0.0927
FOXED_p_TCGA_b122_128_SNP_N_GenomeWideSNP_6_A06_781906	X	114639044	114640063	2	1.2735
FOXED_p_TCGA_b122_128_SNP_N_GenomeWideSNP_6_A06_781906	X	114640500	115133681	257	0.1221
FOXED_p_TCGA_b122_128_SNP_N_GenomeWideSNP_6_A06_781906	X	115137955	115150638	7	-1.5854
FOXED_p_TCGA_b122_128_SNP_N_GenomeWideSNP_6_A06_781906	X	115156419	122371706	4419	0.1381
FOXED_p_TCGA_b122_128_SNP_N_GenomeWideSNP_6_A06_781906	X	122372784	122373107	2	-1.1245
FOXED_p_TCGA_b122_128_SNP_N_GenomeWideSNP_6_A06_781906	X	122373584	153566608	18760	0.1224
FOXED_p_TCGA_b122_128_SNP_N_GenomeWideSNP_6_A06_781906	X	153566653	153577024	17	-0.3054
FOXED_p_TCGA_b122_128_SNP_N_GenomeWideSNP_6_A06_781906	X	153577037	155182354	602	0.1353
FOXED_p_TCGA_b122_128_SNP_N_GenomeWideSNP_6_A06_781906	Y	2650438	2912181	133	-3.0992
FOXED_p_TCGA_b122_128_SNP_N_GenomeWideSNP_6_A06_781906	Y	2915500	6101425	739	-2.4159
FOXED_p_TCGA_b122_128_SNP_N_GenomeWideSNP_6_A06_781906	Y	6107901	6424299	128	-3.9003
FOXED_p_TCGA_b122_128_SNP_N_GenomeWideSNP_6_A06_781906	Y	6426233	7397635	423	-2.9256
FOXED_p_TCGA_b122_128_SNP_N_GenomeWideSNP_6_A06_781906	Y	7399842	9823373	1222	-3.3095
FOXED_p_TCGA_b122_128_SNP_N_GenomeWideSNP_6_A06_781906	Y	9826040	15590276	933	-3.0155
FOXED_p_TCGA_b122_128_SNP_N_GenomeWideSNP_6_A06_781906	Y	15590342	15594523	3	-7.6439
FOXED_p_TCGA_b122_128_SNP_N_GenomeWideSNP_6_A06_781906	Y	15594889	19571480	2082	-3.1615
FOXED_p_TCGA_b122_128_SNP_N_GenomeWideSNP_6_A06_781906	Y	19574890	21088297	704	-3.8199
FOXED_p_TCGA_b122_128_SNP_N_GenomeWideSNP_6_A06_781906	Y	21088485	24510518	1243	-3.2503
FOXED_p_TCGA_b122_128_SNP_N_GenomeWideSNP_6_A06_781906	Y	24514859	26190025	316	-3.8355
FOXED_p_TCGA_b122_128_SNP_N_GenomeWideSNP_6_A06_781906	Y	26193050	26630929	97	-3.1669
FOXED_p_TCGA_b122_128_SNP_N_GenomeWideSNP_6_A06_781906	Y	26631228	27315972	84	-4.3194
FOXED_p_TCGA_b122_128_SNP_N_GenomeWideSNP_6_A06_781906	Y	27367487	27720551	93	-2.8805
FOXED_p_TCGA_b122_128_SNP_N_GenomeWideSNP_6_A06_781906	Y	27721084	28277692	195	-3.8545
FOXED_p_TCGA_b122_128_SNP_N_GenomeWideSNP_6_A06_781906	Y	28289727	28322019	13	-5.4393
FOXED_p_TCGA_b122_128_SNP_N_GenomeWideSNP_6_A06_781906	Y	28322083	28452016	50	-3.5331
FOXED_p_TCGA_b122_128_SNP_N_GenomeWideSNP_6_A06_781906	Y	28457337	59018259	176	-2.6758
