Sample	Chromosome	Start	End	Num_Probes	Segment_Mean
OWNED_p_TCGA_b102_105_SNP_N_GenomeWideSNP_6_C02_777008	1	61735	98602	17	-0.831
OWNED_p_TCGA_b102_105_SNP_N_GenomeWideSNP_6_C02_777008	1	228706	8202993	4046	0.0312
OWNED_p_TCGA_b102_105_SNP_N_GenomeWideSNP_6_C02_777008	1	8206130	8209130	5	0.862
OWNED_p_TCGA_b102_105_SNP_N_GenomeWideSNP_6_C02_777008	1	8209321	9335745	620	0.053
OWNED_p_TCGA_b102_105_SNP_N_GenomeWideSNP_6_C02_777008	1	9339205	9341890	2	-1.3441
OWNED_p_TCGA_b102_105_SNP_N_GenomeWideSNP_6_C02_777008	1	9343769	16851514	4015	0.0367
OWNED_p_TCGA_b102_105_SNP_N_GenomeWideSNP_6_C02_777008	1	16869363	17005978	46	-0.3329
OWNED_p_TCGA_b102_105_SNP_N_GenomeWideSNP_6_C02_777008	1	17011450	17045761	32	0.321
OWNED_p_TCGA_b102_105_SNP_N_GenomeWideSNP_6_C02_777008	1	17048196	35091674	10343	0.0419
OWNED_p_TCGA_b102_105_SNP_N_GenomeWideSNP_6_C02_777008	1	35102654	35104491	20	-0.6757
OWNED_p_TCGA_b102_105_SNP_N_GenomeWideSNP_6_C02_777008	1	35114268	72768916	23853	0.0486
OWNED_p_TCGA_b102_105_SNP_N_GenomeWideSNP_6_C02_777008	1	72768936	72811148	45	-0.9555
OWNED_p_TCGA_b102_105_SNP_N_GenomeWideSNP_6_C02_777008	1	72811904	106013376	21016	0.0547
OWNED_p_TCGA_b102_105_SNP_N_GenomeWideSNP_6_C02_777008	1	106019205	106022375	17	-1.4777
OWNED_p_TCGA_b102_105_SNP_N_GenomeWideSNP_6_C02_777008	1	106024055	108762012	1957	0.0725
OWNED_p_TCGA_b102_105_SNP_N_GenomeWideSNP_6_C02_777008	1	108762426	108817179	4	0.9415
OWNED_p_TCGA_b102_105_SNP_N_GenomeWideSNP_6_C02_777008	1	108828957	110226378	698	0.0315
OWNED_p_TCGA_b102_105_SNP_N_GenomeWideSNP_6_C02_777008	1	110226487	110240178	24	-0.3386
OWNED_p_TCGA_b102_105_SNP_N_GenomeWideSNP_6_C02_777008	1	110242953	111376220	839	0.0314
OWNED_p_TCGA_b102_105_SNP_N_GenomeWideSNP_6_C02_777008	1	111377368	111388226	39	-0.5296
OWNED_p_TCGA_b102_105_SNP_N_GenomeWideSNP_6_C02_777008	1	111392067	145180842	6522	0.0509
OWNED_p_TCGA_b102_105_SNP_N_GenomeWideSNP_6_C02_777008	1	145181734	145372563	37	-0.3559
OWNED_p_TCGA_b102_105_SNP_N_GenomeWideSNP_6_C02_777008	1	145382124	152555527	2571	0.0389
OWNED_p_TCGA_b102_105_SNP_N_GenomeWideSNP_6_C02_777008	1	152555706	152590750	39	-0.4383
OWNED_p_TCGA_b102_105_SNP_N_GenomeWideSNP_6_C02_777008	1	152590962	196812507	29829	0.0682
OWNED_p_TCGA_b102_105_SNP_N_GenomeWideSNP_6_C02_777008	1	196812530	196815791	2	-2.8838
OWNED_p_TCGA_b102_105_SNP_N_GenomeWideSNP_6_C02_777008	1	196816730	229811169	21862	0.0678
OWNED_p_TCGA_b102_105_SNP_N_GenomeWideSNP_6_C02_777008	1	229816856	229820196	3	-2.4064
OWNED_p_TCGA_b102_105_SNP_N_GenomeWideSNP_6_C02_777008	1	229820456	235019658	4110	0.0691
OWNED_p_TCGA_b102_105_SNP_N_GenomeWideSNP_6_C02_777008	1	235020937	235063870	43	0.4262
OWNED_p_TCGA_b102_105_SNP_N_GenomeWideSNP_6_C02_777008	1	235067219	248725234	9712	0.063
OWNED_p_TCGA_b102_105_SNP_N_GenomeWideSNP_6_C02_777008	1	248736075	248805339	36	-0.6994
OWNED_p_TCGA_b102_105_SNP_N_GenomeWideSNP_6_C02_777008	1	248808557	249224388	144	0.089
OWNED_p_TCGA_b102_105_SNP_N_GenomeWideSNP_6_C02_777008	2	12784	130793856	81181	0.0434
OWNED_p_TCGA_b102_105_SNP_N_GenomeWideSNP_6_C02_777008	2	130793883	130874488	16	-0.4659
OWNED_p_TCGA_b102_105_SNP_N_GenomeWideSNP_6_C02_777008	2	130874876	133008195	705	-0.0033
OWNED_p_TCGA_b102_105_SNP_N_GenomeWideSNP_6_C02_777008	2	133009808	133117260	36	0.5566
OWNED_p_TCGA_b102_105_SNP_N_GenomeWideSNP_6_C02_777008	2	133121946	142182111	5991	0.0437
OWNED_p_TCGA_b102_105_SNP_N_GenomeWideSNP_6_C02_777008	2	142185449	142304097	110	-0.5448
OWNED_p_TCGA_b102_105_SNP_N_GenomeWideSNP_6_C02_777008	2	142305578	146862085	2738	0.0247
OWNED_p_TCGA_b102_105_SNP_N_GenomeWideSNP_6_C02_777008	2	146864404	146866934	24	-1.3872
OWNED_p_TCGA_b102_105_SNP_N_GenomeWideSNP_6_C02_777008	2	146877806	213186549	40025	0.0459
OWNED_p_TCGA_b102_105_SNP_N_GenomeWideSNP_6_C02_777008	2	213187203	213191812	23	-0.6883
OWNED_p_TCGA_b102_105_SNP_N_GenomeWideSNP_6_C02_777008	2	213191825	243089456	19055	0.0377
OWNED_p_TCGA_b102_105_SNP_N_GenomeWideSNP_6_C02_777008	3	60345	11408063	9579	0.0189
OWNED_p_TCGA_b102_105_SNP_N_GenomeWideSNP_6_C02_777008	3	11412604	11417332	6	-0.9354
OWNED_p_TCGA_b102_105_SNP_N_GenomeWideSNP_6_C02_777008	3	11417360	37977417	18070	0.0234
OWNED_p_TCGA_b102_105_SNP_N_GenomeWideSNP_6_C02_777008	3	37982108	37986928	18	-0.7745
OWNED_p_TCGA_b102_105_SNP_N_GenomeWideSNP_6_C02_777008	3	37987106	60379864	13445	0.0097
OWNED_p_TCGA_b102_105_SNP_N_GenomeWideSNP_6_C02_777008	3	60380259	60399848	18	-0.7421
OWNED_p_TCGA_b102_105_SNP_N_GenomeWideSNP_6_C02_777008	3	60400467	60433840	42	-0.3225
OWNED_p_TCGA_b102_105_SNP_N_GenomeWideSNP_6_C02_777008	3	60434122	68746164	6628	0.0261
OWNED_p_TCGA_b102_105_SNP_N_GenomeWideSNP_6_C02_777008	3	68746259	68747413	14	-1.0412
OWNED_p_TCGA_b102_105_SNP_N_GenomeWideSNP_6_C02_777008	3	68748758	128399221	34079	0.0285
OWNED_p_TCGA_b102_105_SNP_N_GenomeWideSNP_6_C02_777008	3	128405171	128412331	7	0.8503
OWNED_p_TCGA_b102_105_SNP_N_GenomeWideSNP_6_C02_777008	3	128414161	129785940	631	-0.003
OWNED_p_TCGA_b102_105_SNP_N_GenomeWideSNP_6_C02_777008	3	129786209	129806236	46	0.3842
OWNED_p_TCGA_b102_105_SNP_N_GenomeWideSNP_6_C02_777008	3	129806924	141646962	7359	0.0309
OWNED_p_TCGA_b102_105_SNP_N_GenomeWideSNP_6_C02_777008	3	141648608	141846834	91	-0.5792
OWNED_p_TCGA_b102_105_SNP_N_GenomeWideSNP_6_C02_777008	3	141850539	162512657	12821	0.037
OWNED_p_TCGA_b102_105_SNP_N_GenomeWideSNP_6_C02_777008	3	162512739	162623881	66	-0.3007
OWNED_p_TCGA_b102_105_SNP_N_GenomeWideSNP_6_C02_777008	3	162623897	162726159	78	0.0116
OWNED_p_TCGA_b102_105_SNP_N_GenomeWideSNP_6_C02_777008	3	162726432	162726677	4	-0.7374
OWNED_p_TCGA_b102_105_SNP_N_GenomeWideSNP_6_C02_777008	3	162729225	173236903	6285	0.0297
OWNED_p_TCGA_b102_105_SNP_N_GenomeWideSNP_6_C02_777008	3	173240635	173300193	25	0.5854
OWNED_p_TCGA_b102_105_SNP_N_GenomeWideSNP_6_C02_777008	3	173300818	176249183	2030	0.0209
OWNED_p_TCGA_b102_105_SNP_N_GenomeWideSNP_6_C02_777008	3	176259184	192880726	10779	0.4544
OWNED_p_TCGA_b102_105_SNP_N_GenomeWideSNP_6_C02_777008	3	192880831	192880842	2	2.6613
OWNED_p_TCGA_b102_105_SNP_N_GenomeWideSNP_6_C02_777008	3	192882404	192882903	8	1.0313
OWNED_p_TCGA_b102_105_SNP_N_GenomeWideSNP_6_C02_777008	3	192886435	197834554	2674	0.4556
OWNED_p_TCGA_b102_105_SNP_N_GenomeWideSNP_6_C02_777008	3	197834570	197896118	32	0.0055
OWNED_p_TCGA_b102_105_SNP_N_GenomeWideSNP_6_C02_777008	4	12281	74983	68	-0.3838
OWNED_p_TCGA_b102_105_SNP_N_GenomeWideSNP_6_C02_777008	4	75023	10210390	5731	-0.0093
OWNED_p_TCGA_b102_105_SNP_N_GenomeWideSNP_6_C02_777008	4	10223416	10235268	35	1.0169
OWNED_p_TCGA_b102_105_SNP_N_GenomeWideSNP_6_C02_777008	4	10236142	10392354	172	0.0037
OWNED_p_TCGA_b102_105_SNP_N_GenomeWideSNP_6_C02_777008	4	10393154	10400668	15	-1.7508
OWNED_p_TCGA_b102_105_SNP_N_GenomeWideSNP_6_C02_777008	4	10402718	18129723	5917	0.0212
OWNED_p_TCGA_b102_105_SNP_N_GenomeWideSNP_6_C02_777008	4	18132618	18133273	2	-1.486
OWNED_p_TCGA_b102_105_SNP_N_GenomeWideSNP_6_C02_777008	4	18135324	64693940	27480	0.0252
OWNED_p_TCGA_b102_105_SNP_N_GenomeWideSNP_6_C02_777008	4	64697469	64707581	21	-0.7514
OWNED_p_TCGA_b102_105_SNP_N_GenomeWideSNP_6_C02_777008	4	64707605	64708258	7	-2.2303
OWNED_p_TCGA_b102_105_SNP_N_GenomeWideSNP_6_C02_777008	4	64716431	70123510	3273	0.0046
OWNED_p_TCGA_b102_105_SNP_N_GenomeWideSNP_6_C02_777008	4	70127644	70231799	53	-1.5845
OWNED_p_TCGA_b102_105_SNP_N_GenomeWideSNP_6_C02_777008	4	70232022	132246092	37456	0.0448
OWNED_p_TCGA_b102_105_SNP_N_GenomeWideSNP_6_C02_777008	4	132246708	141253910	5353	-0.5731
OWNED_p_TCGA_b102_105_SNP_N_GenomeWideSNP_6_C02_777008	4	141254086	141266112	11	-1.2888
OWNED_p_TCGA_b102_105_SNP_N_GenomeWideSNP_6_C02_777008	4	141266244	161880141	12538	-0.5535
OWNED_p_TCGA_b102_105_SNP_N_GenomeWideSNP_6_C02_777008	4	161880197	161884908	18	-1.6434
OWNED_p_TCGA_b102_105_SNP_N_GenomeWideSNP_6_C02_777008	4	161884919	172369346	6664	-0.565
OWNED_p_TCGA_b102_105_SNP_N_GenomeWideSNP_6_C02_777008	4	172374884	172377724	11	0.9941
OWNED_p_TCGA_b102_105_SNP_N_GenomeWideSNP_6_C02_777008	4	172377776	191027923	12491	-0.5787
OWNED_p_TCGA_b102_105_SNP_N_GenomeWideSNP_6_C02_777008	5	15532	21963	4	-0.7819
OWNED_p_TCGA_b102_105_SNP_N_GenomeWideSNP_6_C02_777008	5	24132	7169476	5736	0.0258
OWNED_p_TCGA_b102_105_SNP_N_GenomeWideSNP_6_C02_777008	5	7177338	7189925	26	-0.6912
OWNED_p_TCGA_b102_105_SNP_N_GenomeWideSNP_6_C02_777008	5	7202635	12800889	4448	0.0438
OWNED_p_TCGA_b102_105_SNP_N_GenomeWideSNP_6_C02_777008	5	12815780	12838533	14	-0.8194
OWNED_p_TCGA_b102_105_SNP_N_GenomeWideSNP_6_C02_777008	5	12849201	21376844	5491	0.0521
OWNED_p_TCGA_b102_105_SNP_N_GenomeWideSNP_6_C02_777008	5	21377839	21377853	2	1.2474
OWNED_p_TCGA_b102_105_SNP_N_GenomeWideSNP_6_C02_777008	5	21386066	21449276	45	0.0484
OWNED_p_TCGA_b102_105_SNP_N_GenomeWideSNP_6_C02_777008	5	21451200	21451998	4	0.9989
OWNED_p_TCGA_b102_105_SNP_N_GenomeWideSNP_6_C02_777008	5	21452438	32102731	6581	0.0392
OWNED_p_TCGA_b102_105_SNP_N_GenomeWideSNP_6_C02_777008	5	32107084	32158455	40	0.4699
OWNED_p_TCGA_b102_105_SNP_N_GenomeWideSNP_6_C02_777008	5	32170287	46271930	8396	0.0454
OWNED_p_TCGA_b102_105_SNP_N_GenomeWideSNP_6_C02_777008	5	46272521	46273502	5	-1.7052
OWNED_p_TCGA_b102_105_SNP_N_GenomeWideSNP_6_C02_777008	5	46278212	57321646	5078	0.0451
OWNED_p_TCGA_b102_105_SNP_N_GenomeWideSNP_6_C02_777008	5	57326027	57333533	32	1.1736
OWNED_p_TCGA_b102_105_SNP_N_GenomeWideSNP_6_C02_777008	5	57338357	113327005	33220	0.0434
OWNED_p_TCGA_b102_105_SNP_N_GenomeWideSNP_6_C02_777008	5	113328646	113335389	10	-1.0373
OWNED_p_TCGA_b102_105_SNP_N_GenomeWideSNP_6_C02_777008	5	113336968	150202205	23437	0.0435
OWNED_p_TCGA_b102_105_SNP_N_GenomeWideSNP_6_C02_777008	5	150205500	150218604	8	-0.7188
OWNED_p_TCGA_b102_105_SNP_N_GenomeWideSNP_6_C02_777008	5	150223387	151514171	964	0.0462
OWNED_p_TCGA_b102_105_SNP_N_GenomeWideSNP_6_C02_777008	5	151515386	151518300	13	-0.6959
OWNED_p_TCGA_b102_105_SNP_N_GenomeWideSNP_6_C02_777008	5	151518351	177151104	17481	0.0404
OWNED_p_TCGA_b102_105_SNP_N_GenomeWideSNP_6_C02_777008	5	177157399	177306635	15	-0.5784
OWNED_p_TCGA_b102_105_SNP_N_GenomeWideSNP_6_C02_777008	5	177310337	179615580	1374	0.0188
OWNED_p_TCGA_b102_105_SNP_N_GenomeWideSNP_6_C02_777008	5	179618177	179628421	13	-1.288
OWNED_p_TCGA_b102_105_SNP_N_GenomeWideSNP_6_C02_777008	5	179632676	180098422	247	0.0267
OWNED_p_TCGA_b102_105_SNP_N_GenomeWideSNP_6_C02_777008	5	180100292	180148276	34	0.3382
OWNED_p_TCGA_b102_105_SNP_N_GenomeWideSNP_6_C02_777008	5	180153015	180790320	324	-0.6172
OWNED_p_TCGA_b102_105_SNP_N_GenomeWideSNP_6_C02_777008	6	149661	254283	100	0.0206
OWNED_p_TCGA_b102_105_SNP_N_GenomeWideSNP_6_C02_777008	6	257353	294725	22	0.431
OWNED_p_TCGA_b102_105_SNP_N_GenomeWideSNP_6_C02_777008	6	294837	29843434	21616	0.0449
OWNED_p_TCGA_b102_105_SNP_N_GenomeWideSNP_6_C02_777008	6	29844034	29850380	11	0.7
OWNED_p_TCGA_b102_105_SNP_N_GenomeWideSNP_6_C02_777008	6	29871636	29898897	12	-0.9842
OWNED_p_TCGA_b102_105_SNP_N_GenomeWideSNP_6_C02_777008	6	29899677	32581889	1218	0.0026
OWNED_p_TCGA_b102_105_SNP_N_GenomeWideSNP_6_C02_777008	6	32582203	32605576	13	-0.8168
OWNED_p_TCGA_b102_105_SNP_N_GenomeWideSNP_6_C02_777008	6	32605884	53931067	13740	0.038
OWNED_p_TCGA_b102_105_SNP_N_GenomeWideSNP_6_C02_777008	6	53931084	53931855	8	1.0916
OWNED_p_TCGA_b102_105_SNP_N_GenomeWideSNP_6_C02_777008	6	53935348	74591858	10515	0.0472
OWNED_p_TCGA_b102_105_SNP_N_GenomeWideSNP_6_C02_777008	6	74592225	74601410	10	0.9692
OWNED_p_TCGA_b102_105_SNP_N_GenomeWideSNP_6_C02_777008	6	74603555	77436532	1768	0.0607
OWNED_p_TCGA_b102_105_SNP_N_GenomeWideSNP_6_C02_777008	6	77439868	77452689	20	-0.4413
OWNED_p_TCGA_b102_105_SNP_N_GenomeWideSNP_6_C02_777008	6	77452757	78962889	980	0.0049
OWNED_p_TCGA_b102_105_SNP_N_GenomeWideSNP_6_C02_777008	6	78969065	79045766	119	0.3027
OWNED_p_TCGA_b102_105_SNP_N_GenomeWideSNP_6_C02_777008	6	79045902	162964682	54044	0.0434
OWNED_p_TCGA_b102_105_SNP_N_GenomeWideSNP_6_C02_777008	6	162966532	163277414	190	-0.6865
OWNED_p_TCGA_b102_105_SNP_N_GenomeWideSNP_6_C02_777008	6	163282042	171051005	5493	0.0234
OWNED_p_TCGA_b102_105_SNP_N_GenomeWideSNP_6_C02_777008	7	43355	46623154	32831	0.4673
OWNED_p_TCGA_b102_105_SNP_N_GenomeWideSNP_6_C02_777008	7	46623843	46623876	2	-1.2147
OWNED_p_TCGA_b102_105_SNP_N_GenomeWideSNP_6_C02_777008	7	46626069	48580942	1461	0.4878
OWNED_p_TCGA_b102_105_SNP_N_GenomeWideSNP_6_C02_777008	7	48581852	48600179	9	-0.3882
OWNED_p_TCGA_b102_105_SNP_N_GenomeWideSNP_6_C02_777008	7	48600845	54380373	4253	0.462
OWNED_p_TCGA_b102_105_SNP_N_GenomeWideSNP_6_C02_777008	7	54386505	54386517	6	-1.1444
OWNED_p_TCGA_b102_105_SNP_N_GenomeWideSNP_6_C02_777008	7	54393488	70420438	6295	0.4336
OWNED_p_TCGA_b102_105_SNP_N_GenomeWideSNP_6_C02_777008	7	70423250	70426141	2	-1.7187
OWNED_p_TCGA_b102_105_SNP_N_GenomeWideSNP_6_C02_777008	7	70428243	76143625	2184	0.442
OWNED_p_TCGA_b102_105_SNP_N_GenomeWideSNP_6_C02_777008	7	76143782	76161297	8	-0.3673
OWNED_p_TCGA_b102_105_SNP_N_GenomeWideSNP_6_C02_777008	7	76161308	141759994	40311	0.4504
OWNED_p_TCGA_b102_105_SNP_N_GenomeWideSNP_6_C02_777008	7	141760830	141786850	29	0.9595
OWNED_p_TCGA_b102_105_SNP_N_GenomeWideSNP_6_C02_777008	7	141787130	142474939	468	0.4654
OWNED_p_TCGA_b102_105_SNP_N_GenomeWideSNP_6_C02_777008	7	142476719	142479495	5	1.3856
OWNED_p_TCGA_b102_105_SNP_N_GenomeWideSNP_6_C02_777008	7	142479531	142485699	17	0.7132
OWNED_p_TCGA_b102_105_SNP_N_GenomeWideSNP_6_C02_777008	7	142485771	142486045	5	1.4067
OWNED_p_TCGA_b102_105_SNP_N_GenomeWideSNP_6_C02_777008	7	142486115	143909445	842	0.4537
OWNED_p_TCGA_b102_105_SNP_N_GenomeWideSNP_6_C02_777008	7	143911624	143992829	21	0.9318
OWNED_p_TCGA_b102_105_SNP_N_GenomeWideSNP_6_C02_777008	7	144002397	146222177	1338	0.4566
OWNED_p_TCGA_b102_105_SNP_N_GenomeWideSNP_6_C02_777008	7	146222283	146222865	2	2.085
OWNED_p_TCGA_b102_105_SNP_N_GenomeWideSNP_6_C02_777008	7	146226431	150287177	2532	0.4606
OWNED_p_TCGA_b102_105_SNP_N_GenomeWideSNP_6_C02_777008	7	150288831	150313416	13	-0.1622
OWNED_p_TCGA_b102_105_SNP_N_GenomeWideSNP_6_C02_777008	7	150314686	159127004	5823	0.4654
OWNED_p_TCGA_b102_105_SNP_N_GenomeWideSNP_6_C02_777008	8	31254	2296982	1720	-0.6851
OWNED_p_TCGA_b102_105_SNP_N_GenomeWideSNP_6_C02_777008	8	2297074	2297223	2	-5.7001
OWNED_p_TCGA_b102_105_SNP_N_GenomeWideSNP_6_C02_777008	8	2297291	6406572	5486	-0.6545
OWNED_p_TCGA_b102_105_SNP_N_GenomeWideSNP_6_C02_777008	8	6406695	6409312	2	-3.0943
OWNED_p_TCGA_b102_105_SNP_N_GenomeWideSNP_6_C02_777008	8	6409682	12198254	4038	-0.6738
OWNED_p_TCGA_b102_105_SNP_N_GenomeWideSNP_6_C02_777008	8	12216009	12247486	40	-1.3301
OWNED_p_TCGA_b102_105_SNP_N_GenomeWideSNP_6_C02_777008	8	12260927	24974577	10425	-0.6232
OWNED_p_TCGA_b102_105_SNP_N_GenomeWideSNP_6_C02_777008	8	24975500	24984223	21	-1.8063
OWNED_p_TCGA_b102_105_SNP_N_GenomeWideSNP_6_C02_777008	8	24984250	39230659	8999	-0.6194
OWNED_p_TCGA_b102_105_SNP_N_GenomeWideSNP_6_C02_777008	8	39235603	39324474	33	-1.1253
OWNED_p_TCGA_b102_105_SNP_N_GenomeWideSNP_6_C02_777008	8	39332971	43786802	2605	-0.618
OWNED_p_TCGA_b102_105_SNP_N_GenomeWideSNP_6_C02_777008	8	43824048	68542735	12938	0.0422
OWNED_p_TCGA_b102_105_SNP_N_GenomeWideSNP_6_C02_777008	8	68542751	68548400	17	-0.4604
OWNED_p_TCGA_b102_105_SNP_N_GenomeWideSNP_6_C02_777008	8	68548491	68862578	263	0.0324
OWNED_p_TCGA_b102_105_SNP_N_GenomeWideSNP_6_C02_777008	8	68863901	68865282	2	-2.0104
OWNED_p_TCGA_b102_105_SNP_N_GenomeWideSNP_6_C02_777008	8	68870827	72314986	2178	0.0272
OWNED_p_TCGA_b102_105_SNP_N_GenomeWideSNP_6_C02_777008	8	72324232	72324886	2	-1.5108
OWNED_p_TCGA_b102_105_SNP_N_GenomeWideSNP_6_C02_777008	8	72326920	108693822	21991	0.0412
OWNED_p_TCGA_b102_105_SNP_N_GenomeWideSNP_6_C02_777008	8	108700827	144295782	24324	0.4634
OWNED_p_TCGA_b102_105_SNP_N_GenomeWideSNP_6_C02_777008	8	144299106	144310617	16	-0.0327
OWNED_p_TCGA_b102_105_SNP_N_GenomeWideSNP_6_C02_777008	8	144314377	146298155	633	0.4042
OWNED_p_TCGA_b102_105_SNP_N_GenomeWideSNP_6_C02_777008	9	46587	22492889	19865	0.0524
OWNED_p_TCGA_b102_105_SNP_N_GenomeWideSNP_6_C02_777008	9	22501913	22502699	2	-3.3077
OWNED_p_TCGA_b102_105_SNP_N_GenomeWideSNP_6_C02_777008	9	22509340	23361805	579	0.058
OWNED_p_TCGA_b102_105_SNP_N_GenomeWideSNP_6_C02_777008	9	23363115	23373484	8	-1.71
OWNED_p_TCGA_b102_105_SNP_N_GenomeWideSNP_6_C02_777008	9	23378488	44446136	10999	0.0455
OWNED_p_TCGA_b102_105_SNP_N_GenomeWideSNP_6_C02_777008	9	44469328	44855737	38	0.5339
OWNED_p_TCGA_b102_105_SNP_N_GenomeWideSNP_6_C02_777008	9	44866028	84518653	10293	0.0464
OWNED_p_TCGA_b102_105_SNP_N_GenomeWideSNP_6_C02_777008	9	84521381	84521498	2	-2.0585
OWNED_p_TCGA_b102_105_SNP_N_GenomeWideSNP_6_C02_777008	9	84521603	88062639	2563	0.0585
OWNED_p_TCGA_b102_105_SNP_N_GenomeWideSNP_6_C02_777008	9	88073146	90514115	1755	0.4464
OWNED_p_TCGA_b102_105_SNP_N_GenomeWideSNP_6_C02_777008	9	90522594	90554219	3	-0.7206
OWNED_p_TCGA_b102_105_SNP_N_GenomeWideSNP_6_C02_777008	9	90557957	106566497	10615	0.4525
OWNED_p_TCGA_b102_105_SNP_N_GenomeWideSNP_6_C02_777008	9	106568696	106569290	2	-1.5098
OWNED_p_TCGA_b102_105_SNP_N_GenomeWideSNP_6_C02_777008	9	106570702	117758148	8552	0.4748
OWNED_p_TCGA_b102_105_SNP_N_GenomeWideSNP_6_C02_777008	9	117758660	117825085	60	0.0181
OWNED_p_TCGA_b102_105_SNP_N_GenomeWideSNP_6_C02_777008	9	117829449	141091394	14534	0.4665
OWNED_p_TCGA_b102_105_SNP_N_GenomeWideSNP_6_C02_777008	10	72759	24375263	19221	0.0458
OWNED_p_TCGA_b102_105_SNP_N_GenomeWideSNP_6_C02_777008	10	24377674	24378054	11	0.9071
OWNED_p_TCGA_b102_105_SNP_N_GenomeWideSNP_6_C02_777008	10	24378908	43734919	10606	0.0518
OWNED_p_TCGA_b102_105_SNP_N_GenomeWideSNP_6_C02_777008	10	43734948	43740067	4	-0.9078
OWNED_p_TCGA_b102_105_SNP_N_GenomeWideSNP_6_C02_777008	10	43742928	46312487	1696	0.045
OWNED_p_TCGA_b102_105_SNP_N_GenomeWideSNP_6_C02_777008	10	46485761	46511281	4	1.1077
OWNED_p_TCGA_b102_105_SNP_N_GenomeWideSNP_6_C02_777008	10	46527677	47589210	209	-0.0558
OWNED_p_TCGA_b102_105_SNP_N_GenomeWideSNP_6_C02_777008	10	47592268	47596804	6	-0.6888
OWNED_p_TCGA_b102_105_SNP_N_GenomeWideSNP_6_C02_777008	10	47596842	47771030	159	0.0072
OWNED_p_TCGA_b102_105_SNP_N_GenomeWideSNP_6_C02_777008	10	47897394	47948060	4	-1.4404
OWNED_p_TCGA_b102_105_SNP_N_GenomeWideSNP_6_C02_777008	10	47960476	48902376	295	-0.0027
OWNED_p_TCGA_b102_105_SNP_N_GenomeWideSNP_6_C02_777008	10	48928791	48934756	2	-1.4647
OWNED_p_TCGA_b102_105_SNP_N_GenomeWideSNP_6_C02_777008	10	48947018	57180153	5413	0.0401
OWNED_p_TCGA_b102_105_SNP_N_GenomeWideSNP_6_C02_777008	10	57180241	57180317	3	-1.3011
OWNED_p_TCGA_b102_105_SNP_N_GenomeWideSNP_6_C02_777008	10	57180321	65744891	6009	0.0562
OWNED_p_TCGA_b102_105_SNP_N_GenomeWideSNP_6_C02_777008	10	65745216	65770893	21	0.4869
OWNED_p_TCGA_b102_105_SNP_N_GenomeWideSNP_6_C02_777008	10	65771002	135506704	47321	0.0411
OWNED_p_TCGA_b102_105_SNP_N_GenomeWideSNP_6_C02_777008	11	198510	5787405	3298	0.0282
OWNED_p_TCGA_b102_105_SNP_N_GenomeWideSNP_6_C02_777008	11	5788080	5809139	32	-2.2043
OWNED_p_TCGA_b102_105_SNP_N_GenomeWideSNP_6_C02_777008	11	5809338	18949072	9417	0.0447
OWNED_p_TCGA_b102_105_SNP_N_GenomeWideSNP_6_C02_777008	11	18949109	18961352	45	-0.258
OWNED_p_TCGA_b102_105_SNP_N_GenomeWideSNP_6_C02_777008	11	18961384	49713707	21058	0.0441
OWNED_p_TCGA_b102_105_SNP_N_GenomeWideSNP_6_C02_777008	11	49713740	49757767	18	-0.6281
OWNED_p_TCGA_b102_105_SNP_N_GenomeWideSNP_6_C02_777008	11	49758273	51126742	374	-0.0196
OWNED_p_TCGA_b102_105_SNP_N_GenomeWideSNP_6_C02_777008	11	51127104	51195051	10	-0.8955
OWNED_p_TCGA_b102_105_SNP_N_GenomeWideSNP_6_C02_777008	11	51205141	55374048	378	-0.0072
OWNED_p_TCGA_b102_105_SNP_N_GenomeWideSNP_6_C02_777008	11	55374188	55453009	57	0.2882
OWNED_p_TCGA_b102_105_SNP_N_GenomeWideSNP_6_C02_777008	11	55453576	79967504	13290	0.0356
OWNED_p_TCGA_b102_105_SNP_N_GenomeWideSNP_6_C02_777008	11	79967513	79967564	3	-1.9316
OWNED_p_TCGA_b102_105_SNP_N_GenomeWideSNP_6_C02_777008	11	79967686	81497907	1314	0.0407
OWNED_p_TCGA_b102_105_SNP_N_GenomeWideSNP_6_C02_777008	11	81498805	81517158	12	-0.4327
OWNED_p_TCGA_b102_105_SNP_N_GenomeWideSNP_6_C02_777008	11	81522632	98105459	11233	0.0457
OWNED_p_TCGA_b102_105_SNP_N_GenomeWideSNP_6_C02_777008	11	98107317	98132693	18	-0.492
OWNED_p_TCGA_b102_105_SNP_N_GenomeWideSNP_6_C02_777008	11	98134495	103339246	3877	0.0368
OWNED_p_TCGA_b102_105_SNP_N_GenomeWideSNP_6_C02_777008	11	103340325	103380312	24	0.5731
OWNED_p_TCGA_b102_105_SNP_N_GenomeWideSNP_6_C02_777008	11	103385248	134601012	22309	0.0385
OWNED_p_TCGA_b102_105_SNP_N_GenomeWideSNP_6_C02_777008	11	134601791	134603992	4	-1.0347
OWNED_p_TCGA_b102_105_SNP_N_GenomeWideSNP_6_C02_777008	11	134607871	134944770	281	-0.0175
OWNED_p_TCGA_b102_105_SNP_N_GenomeWideSNP_6_C02_777008	12	150442	8334897	5541	0.0281
OWNED_p_TCGA_b102_105_SNP_N_GenomeWideSNP_6_C02_777008	12	8343961	8575334	88	-0.1758
OWNED_p_TCGA_b102_105_SNP_N_GenomeWideSNP_6_C02_777008	12	8576466	10571475	1223	0.0331
OWNED_p_TCGA_b102_105_SNP_N_GenomeWideSNP_6_C02_777008	12	10573000	10595806	8	-0.528
OWNED_p_TCGA_b102_105_SNP_N_GenomeWideSNP_6_C02_777008	12	10596720	11511577	548	0.0583
OWNED_p_TCGA_b102_105_SNP_N_GenomeWideSNP_6_C02_777008	12	11511578	11543406	31	0.5943
OWNED_p_TCGA_b102_105_SNP_N_GenomeWideSNP_6_C02_777008	12	11552192	11599564	40	-0.055
OWNED_p_TCGA_b102_105_SNP_N_GenomeWideSNP_6_C02_777008	12	11600552	11601181	2	-4.1552
OWNED_p_TCGA_b102_105_SNP_N_GenomeWideSNP_6_C02_777008	12	11601330	32330415	14681	0.0448
OWNED_p_TCGA_b102_105_SNP_N_GenomeWideSNP_6_C02_777008	12	32331195	32331669	2	-1.2702
OWNED_p_TCGA_b102_105_SNP_N_GenomeWideSNP_6_C02_777008	12	32334492	33301520	683	0.0541
OWNED_p_TCGA_b102_105_SNP_N_GenomeWideSNP_6_C02_777008	12	33301534	33307374	24	-0.3556
OWNED_p_TCGA_b102_105_SNP_N_GenomeWideSNP_6_C02_777008	12	33308360	44263923	4653	0.0273
OWNED_p_TCGA_b102_105_SNP_N_GenomeWideSNP_6_C02_777008	12	44271951	44712075	269	-0.6071
OWNED_p_TCGA_b102_105_SNP_N_GenomeWideSNP_6_C02_777008	12	44719581	45904438	695	0.0435
OWNED_p_TCGA_b102_105_SNP_N_GenomeWideSNP_6_C02_777008	12	45905840	45909537	3	-1.3488
OWNED_p_TCGA_b102_105_SNP_N_GenomeWideSNP_6_C02_777008	12	45913292	63932963	10645	0.0333
OWNED_p_TCGA_b102_105_SNP_N_GenomeWideSNP_6_C02_777008	12	63939724	64120642	62	-0.6644
OWNED_p_TCGA_b102_105_SNP_N_GenomeWideSNP_6_C02_777008	12	64127893	97875495	21695	0.0396
OWNED_p_TCGA_b102_105_SNP_N_GenomeWideSNP_6_C02_777008	12	97875669	97875693	2	-1.9475
OWNED_p_TCGA_b102_105_SNP_N_GenomeWideSNP_6_C02_777008	12	97875708	98950490	807	0.0349
OWNED_p_TCGA_b102_105_SNP_N_GenomeWideSNP_6_C02_777008	12	98956245	98957988	2	-2.2632
OWNED_p_TCGA_b102_105_SNP_N_GenomeWideSNP_6_C02_777008	12	98962082	132108149	22691	0.0306
OWNED_p_TCGA_b102_105_SNP_N_GenomeWideSNP_6_C02_777008	12	132115005	132142963	26	-0.377
OWNED_p_TCGA_b102_105_SNP_N_GenomeWideSNP_6_C02_777008	12	132142995	133778189	566	0.0155
OWNED_p_TCGA_b102_105_SNP_N_GenomeWideSNP_6_C02_777008	13	19026949	19369310	80	0.3653
OWNED_p_TCGA_b102_105_SNP_N_GenomeWideSNP_6_C02_777008	13	19369436	19369592	3	-0.748
OWNED_p_TCGA_b102_105_SNP_N_GenomeWideSNP_6_C02_777008	13	19395638	19455957	48	0.2234
OWNED_p_TCGA_b102_105_SNP_N_GenomeWideSNP_6_C02_777008	13	19460340	24630915	3543	0.4884
OWNED_p_TCGA_b102_105_SNP_N_GenomeWideSNP_6_C02_777008	13	24632140	24633050	4	-0.9157
OWNED_p_TCGA_b102_105_SNP_N_GenomeWideSNP_6_C02_777008	13	24635254	25029083	359	0.5007
OWNED_p_TCGA_b102_105_SNP_N_GenomeWideSNP_6_C02_777008	13	25029295	25029574	9	-0.1181
OWNED_p_TCGA_b102_105_SNP_N_GenomeWideSNP_6_C02_777008	13	25030211	27433796	1725	0.4999
OWNED_p_TCGA_b102_105_SNP_N_GenomeWideSNP_6_C02_777008	13	27438846	27631628	206	0.8368
OWNED_p_TCGA_b102_105_SNP_N_GenomeWideSNP_6_C02_777008	13	27632373	38071135	7572	0.4832
OWNED_p_TCGA_b102_105_SNP_N_GenomeWideSNP_6_C02_777008	13	38072036	38084757	16	1.1105
OWNED_p_TCGA_b102_105_SNP_N_GenomeWideSNP_6_C02_777008	13	38088330	39052811	700	0.475
OWNED_p_TCGA_b102_105_SNP_N_GenomeWideSNP_6_C02_777008	13	39057572	39058056	2	-1.0222
OWNED_p_TCGA_b102_105_SNP_N_GenomeWideSNP_6_C02_777008	13	39065057	53094799	9203	0.4897
OWNED_p_TCGA_b102_105_SNP_N_GenomeWideSNP_6_C02_777008	13	53097984	53105785	3	-0.8346
OWNED_p_TCGA_b102_105_SNP_N_GenomeWideSNP_6_C02_777008	13	53117879	72476988	11647	0.4532
OWNED_p_TCGA_b102_105_SNP_N_GenomeWideSNP_6_C02_777008	13	72477555	72480556	4	-1.3895
OWNED_p_TCGA_b102_105_SNP_N_GenomeWideSNP_6_C02_777008	13	72480605	97508888	16285	0.4718
OWNED_p_TCGA_b102_105_SNP_N_GenomeWideSNP_6_C02_777008	13	97510384	97510398	2	-0.7445
OWNED_p_TCGA_b102_105_SNP_N_GenomeWideSNP_6_C02_777008	13	97510629	108684837	8573	0.4893
OWNED_p_TCGA_b102_105_SNP_N_GenomeWideSNP_6_C02_777008	13	108686772	108688705	3	-0.9675
OWNED_p_TCGA_b102_105_SNP_N_GenomeWideSNP_6_C02_777008	13	108693657	114820990	4129	0.4964
OWNED_p_TCGA_b102_105_SNP_N_GenomeWideSNP_6_C02_777008	13	114821176	114837707	10	-0.0787
OWNED_p_TCGA_b102_105_SNP_N_GenomeWideSNP_6_C02_777008	13	114837726	115108397	126	0.4658
OWNED_p_TCGA_b102_105_SNP_N_GenomeWideSNP_6_C02_777008	14	19002124	19464193	37	-0.327
OWNED_p_TCGA_b102_105_SNP_N_GenomeWideSNP_6_C02_777008	14	19469520	26783913	4488	-0.6133
OWNED_p_TCGA_b102_105_SNP_N_GenomeWideSNP_6_C02_777008	14	26783914	26783918	5	0.659
OWNED_p_TCGA_b102_105_SNP_N_GenomeWideSNP_6_C02_777008	14	26784913	69194607	26497	-0.5843
OWNED_p_TCGA_b102_105_SNP_N_GenomeWideSNP_6_C02_777008	14	69194761	69195110	2	-3.6381
OWNED_p_TCGA_b102_105_SNP_N_GenomeWideSNP_6_C02_777008	14	69195667	72438562	1981	-0.6046
OWNED_p_TCGA_b102_105_SNP_N_GenomeWideSNP_6_C02_777008	14	72449491	72449517	2	-4.2971
OWNED_p_TCGA_b102_105_SNP_N_GenomeWideSNP_6_C02_777008	14	72449568	92654804	13282	-0.6168
OWNED_p_TCGA_b102_105_SNP_N_GenomeWideSNP_6_C02_777008	14	92654912	92656568	2	-3.2854
OWNED_p_TCGA_b102_105_SNP_N_GenomeWideSNP_6_C02_777008	14	92656788	99340813	5094	-0.6691
OWNED_p_TCGA_b102_105_SNP_N_GenomeWideSNP_6_C02_777008	14	99341298	99349617	3	-2.9048
OWNED_p_TCGA_b102_105_SNP_N_GenomeWideSNP_6_C02_777008	14	99352961	106547507	3496	-0.644
OWNED_p_TCGA_b102_105_SNP_N_GenomeWideSNP_6_C02_777008	14	106548213	106561441	8	-1.561
OWNED_p_TCGA_b102_105_SNP_N_GenomeWideSNP_6_C02_777008	14	106567100	106611565	25	-0.4638
OWNED_p_TCGA_b102_105_SNP_N_GenomeWideSNP_6_C02_777008	14	106613162	106625970	6	-1.2316
OWNED_p_TCGA_b102_105_SNP_N_GenomeWideSNP_6_C02_777008	14	106629130	106872062	111	-0.508
OWNED_p_TCGA_b102_105_SNP_N_GenomeWideSNP_6_C02_777008	14	106874361	106918108	52	-1.2395
OWNED_p_TCGA_b102_105_SNP_N_GenomeWideSNP_6_C02_777008	14	106918649	107285437	223	-0.637
OWNED_p_TCGA_b102_105_SNP_N_GenomeWideSNP_6_C02_777008	15	20016328	20203961	47	-0.55
OWNED_p_TCGA_b102_105_SNP_N_GenomeWideSNP_6_C02_777008	15	20206939	20556430	36	-0.206
OWNED_p_TCGA_b102_105_SNP_N_GenomeWideSNP_6_C02_777008	15	20569951	20578304	13	0.179
OWNED_p_TCGA_b102_105_SNP_N_GenomeWideSNP_6_C02_777008	15	20578366	20581564	9	-0.2978
OWNED_p_TCGA_b102_105_SNP_N_GenomeWideSNP_6_C02_777008	15	20585988	20646575	40	0.1442
OWNED_p_TCGA_b102_105_SNP_N_GenomeWideSNP_6_C02_777008	15	20646685	21201536	134	-0.1501
OWNED_p_TCGA_b102_105_SNP_N_GenomeWideSNP_6_C02_777008	15	21210772	21258787	5	-0.8625
OWNED_p_TCGA_b102_105_SNP_N_GenomeWideSNP_6_C02_777008	15	21269018	21953711	20	-0.0687
OWNED_p_TCGA_b102_105_SNP_N_GenomeWideSNP_6_C02_777008	15	22042518	22291024	8	-0.4566
OWNED_p_TCGA_b102_105_SNP_N_GenomeWideSNP_6_C02_777008	15	22293227	22681076	112	0.0556
OWNED_p_TCGA_b102_105_SNP_N_GenomeWideSNP_6_C02_777008	15	22681250	50396866	16884	-0.6027
OWNED_p_TCGA_b102_105_SNP_N_GenomeWideSNP_6_C02_777008	15	50399595	50400660	5	-3.4854
OWNED_p_TCGA_b102_105_SNP_N_GenomeWideSNP_6_C02_777008	15	50404519	55137068	3170	-0.5873
OWNED_p_TCGA_b102_105_SNP_N_GenomeWideSNP_6_C02_777008	15	55137170	55137206	2	-4.5367
OWNED_p_TCGA_b102_105_SNP_N_GenomeWideSNP_6_C02_777008	15	55137606	76891511	13697	-0.6156
OWNED_p_TCGA_b102_105_SNP_N_GenomeWideSNP_6_C02_777008	15	76891627	76892225	9	-2.1615
OWNED_p_TCGA_b102_105_SNP_N_GenomeWideSNP_6_C02_777008	15	76895064	102469040	17601	-0.6224
OWNED_p_TCGA_b102_105_SNP_N_GenomeWideSNP_6_C02_777008	16	60777	6243929	3373	0.0271
OWNED_p_TCGA_b102_105_SNP_N_GenomeWideSNP_6_C02_777008	16	6247402	6408154	188	-0.7562
OWNED_p_TCGA_b102_105_SNP_N_GenomeWideSNP_6_C02_777008	16	6413744	6538986	153	0.0456
OWNED_p_TCGA_b102_105_SNP_N_GenomeWideSNP_6_C02_777008	16	6547044	6998154	597	-0.6869
OWNED_p_TCGA_b102_105_SNP_N_GenomeWideSNP_6_C02_777008	16	6999203	7093811	113	0.01
OWNED_p_TCGA_b102_105_SNP_N_GenomeWideSNP_6_C02_777008	16	7094622	7227122	185	-0.6907
OWNED_p_TCGA_b102_105_SNP_N_GenomeWideSNP_6_C02_777008	16	7227265	12648859	4804	0.0572
OWNED_p_TCGA_b102_105_SNP_N_GenomeWideSNP_6_C02_777008	16	12648978	12648995	2	1.6368
OWNED_p_TCGA_b102_105_SNP_N_GenomeWideSNP_6_C02_777008	16	12650247	21389970	5028	0.0369
OWNED_p_TCGA_b102_105_SNP_N_GenomeWideSNP_6_C02_777008	16	21412403	21591340	23	-0.4729
OWNED_p_TCGA_b102_105_SNP_N_GenomeWideSNP_6_C02_777008	16	21593455	22431370	363	-6e-04
OWNED_p_TCGA_b102_105_SNP_N_GenomeWideSNP_6_C02_777008	16	22441974	22710742	75	-0.3857
OWNED_p_TCGA_b102_105_SNP_N_GenomeWideSNP_6_C02_777008	16	22712979	34466571	5623	0.0552
OWNED_p_TCGA_b102_105_SNP_N_GenomeWideSNP_6_C02_777008	16	34470704	34757071	168	0.3955
OWNED_p_TCGA_b102_105_SNP_N_GenomeWideSNP_6_C02_777008	16	34760967	55796594	6609	0.0643
OWNED_p_TCGA_b102_105_SNP_N_GenomeWideSNP_6_C02_777008	16	55798222	55798779	3	1.4001
OWNED_p_TCGA_b102_105_SNP_N_GenomeWideSNP_6_C02_777008	16	55804348	87361393	23804	0.0536
OWNED_p_TCGA_b102_105_SNP_N_GenomeWideSNP_6_C02_777008	16	87361831	87361864	2	-1.5263
OWNED_p_TCGA_b102_105_SNP_N_GenomeWideSNP_6_C02_777008	16	87364378	90287535	1266	-0.02
OWNED_p_TCGA_b102_105_SNP_N_GenomeWideSNP_6_C02_777008	17	526	4535385	2422	-0.6487
OWNED_p_TCGA_b102_105_SNP_N_GenomeWideSNP_6_C02_777008	17	4536832	4544551	10	-2.6415
OWNED_p_TCGA_b102_105_SNP_N_GenomeWideSNP_6_C02_777008	17	4547179	18319862	8947	-0.6336
OWNED_p_TCGA_b102_105_SNP_N_GenomeWideSNP_6_C02_777008	17	18355392	18453437	26	-1.6151
OWNED_p_TCGA_b102_105_SNP_N_GenomeWideSNP_6_C02_777008	17	18459272	22235650	1541	-0.6066
OWNED_p_TCGA_b102_105_SNP_N_GenomeWideSNP_6_C02_777008	17	25270411	34430413	5357	-0.0077
OWNED_p_TCGA_b102_105_SNP_N_GenomeWideSNP_6_C02_777008	17	34430450	34485091	42	0.3641
OWNED_p_TCGA_b102_105_SNP_N_GenomeWideSNP_6_C02_777008	17	34528125	36820699	1184	-0.0186
OWNED_p_TCGA_b102_105_SNP_N_GenomeWideSNP_6_C02_777008	17	36821045	39297637	1281	0.3915
OWNED_p_TCGA_b102_105_SNP_N_GenomeWideSNP_6_C02_777008	17	39297715	39421708	78	-0.0486
OWNED_p_TCGA_b102_105_SNP_N_GenomeWideSNP_6_C02_777008	17	39423014	39430450	23	0.7328
OWNED_p_TCGA_b102_105_SNP_N_GenomeWideSNP_6_C02_777008	17	39430531	44177458	2525	-0.0224
OWNED_p_TCGA_b102_105_SNP_N_GenomeWideSNP_6_C02_777008	17	44180954	44752300	161	-0.4081
OWNED_p_TCGA_b102_105_SNP_N_GenomeWideSNP_6_C02_777008	17	44764994	56212100	7352	9e-04
OWNED_p_TCGA_b102_105_SNP_N_GenomeWideSNP_6_C02_777008	17	56212782	56214094	3	-0.9219
OWNED_p_TCGA_b102_105_SNP_N_GenomeWideSNP_6_C02_777008	17	56217398	56431549	130	0.0104
OWNED_p_TCGA_b102_105_SNP_N_GenomeWideSNP_6_C02_777008	17	56437508	56505496	39	-0.2749
OWNED_p_TCGA_b102_105_SNP_N_GenomeWideSNP_6_C02_777008	17	56508056	81049726	14068	-0.007
OWNED_p_TCGA_b102_105_SNP_N_GenomeWideSNP_6_C02_777008	18	11543	58160899	36320	-0.5975
OWNED_p_TCGA_b102_105_SNP_N_GenomeWideSNP_6_C02_777008	18	58161685	58162916	3	-3.9353
OWNED_p_TCGA_b102_105_SNP_N_GenomeWideSNP_6_C02_777008	18	58163189	59504161	891	-0.5875
OWNED_p_TCGA_b102_105_SNP_N_GenomeWideSNP_6_C02_777008	18	59504342	59509286	6	-1.775
OWNED_p_TCGA_b102_105_SNP_N_GenomeWideSNP_6_C02_777008	18	59509813	62910607	2383	-0.5943
OWNED_p_TCGA_b102_105_SNP_N_GenomeWideSNP_6_C02_777008	18	62913449	62930145	9	-2.0261
OWNED_p_TCGA_b102_105_SNP_N_GenomeWideSNP_6_C02_777008	18	62931087	78015057	10956	-0.6151
OWNED_p_TCGA_b102_105_SNP_N_GenomeWideSNP_6_C02_777008	19	90910	7300055	2498	0.0166
OWNED_p_TCGA_b102_105_SNP_N_GenomeWideSNP_6_C02_777008	19	7304492	7344986	6	0.7565
OWNED_p_TCGA_b102_105_SNP_N_GenomeWideSNP_6_C02_777008	19	7397015	20469758	6421	0.0286
OWNED_p_TCGA_b102_105_SNP_N_GenomeWideSNP_6_C02_777008	19	20473553	20489861	17	-0.5032
OWNED_p_TCGA_b102_105_SNP_N_GenomeWideSNP_6_C02_777008	19	20490028	20598443	30	0.1471
OWNED_p_TCGA_b102_105_SNP_N_GenomeWideSNP_6_C02_777008	19	20598549	20720881	69	-0.6531
OWNED_p_TCGA_b102_105_SNP_N_GenomeWideSNP_6_C02_777008	19	20721234	52142352	15892	0.0295
OWNED_p_TCGA_b102_105_SNP_N_GenomeWideSNP_6_C02_777008	19	52142615	52157437	17	-0.5711
OWNED_p_TCGA_b102_105_SNP_N_GenomeWideSNP_6_C02_777008	19	52157552	59097854	4370	0.0122
OWNED_p_TCGA_b102_105_SNP_N_GenomeWideSNP_6_C02_777008	20	61305	61306	2	0.2509
OWNED_p_TCGA_b102_105_SNP_N_GenomeWideSNP_6_C02_777008	20	61307	1552503	1177	-0.6588
OWNED_p_TCGA_b102_105_SNP_N_GenomeWideSNP_6_C02_777008	20	1557190	1582207	57	-0.2578
OWNED_p_TCGA_b102_105_SNP_N_GenomeWideSNP_6_C02_777008	20	1590257	14782520	9888	-0.6201
OWNED_p_TCGA_b102_105_SNP_N_GenomeWideSNP_6_C02_777008	20	14782742	14991447	210	-1.1462
OWNED_p_TCGA_b102_105_SNP_N_GenomeWideSNP_6_C02_777008	20	14995343	19540477	3959	-0.638
OWNED_p_TCGA_b102_105_SNP_N_GenomeWideSNP_6_C02_777008	20	19553792	24224380	3533	0.733
OWNED_p_TCGA_b102_105_SNP_N_GenomeWideSNP_6_C02_777008	20	24226353	26069758	1042	0.4088
OWNED_p_TCGA_b102_105_SNP_N_GenomeWideSNP_6_C02_777008	20	26072582	26239367	85	0.0782
OWNED_p_TCGA_b102_105_SNP_N_GenomeWideSNP_6_C02_777008	20	26239964	26305579	24	0.2957
OWNED_p_TCGA_b102_105_SNP_N_GenomeWideSNP_6_C02_777008	20	29420352	32791520	1554	0.7354
OWNED_p_TCGA_b102_105_SNP_N_GenomeWideSNP_6_C02_777008	20	32798515	32979101	66	1.3295
OWNED_p_TCGA_b102_105_SNP_N_GenomeWideSNP_6_C02_777008	20	32982318	34213005	581	0.7265
OWNED_p_TCGA_b102_105_SNP_N_GenomeWideSNP_6_C02_777008	20	34224037	40359519	3791	0.9898
OWNED_p_TCGA_b102_105_SNP_N_GenomeWideSNP_6_C02_777008	20	40360023	40360027	5	0.0348
OWNED_p_TCGA_b102_105_SNP_N_GenomeWideSNP_6_C02_777008	20	40360784	40464822	75	1.0201
OWNED_p_TCGA_b102_105_SNP_N_GenomeWideSNP_6_C02_777008	20	40468622	40564818	87	0.7264
OWNED_p_TCGA_b102_105_SNP_N_GenomeWideSNP_6_C02_777008	20	40565705	40565725	2	-0.5202
OWNED_p_TCGA_b102_105_SNP_N_GenomeWideSNP_6_C02_777008	20	40566626	42092197	1362	0.724
OWNED_p_TCGA_b102_105_SNP_N_GenomeWideSNP_6_C02_777008	20	42092574	49162241	4824	1.1606
OWNED_p_TCGA_b102_105_SNP_N_GenomeWideSNP_6_C02_777008	20	49162495	49162542	3	-0.0822
OWNED_p_TCGA_b102_105_SNP_N_GenomeWideSNP_6_C02_777008	20	49162577	50445821	931	1.1017
OWNED_p_TCGA_b102_105_SNP_N_GenomeWideSNP_6_C02_777008	20	50447762	50447800	2	-1.1133
OWNED_p_TCGA_b102_105_SNP_N_GenomeWideSNP_6_C02_777008	20	50449225	51707780	908	1.0292
OWNED_p_TCGA_b102_105_SNP_N_GenomeWideSNP_6_C02_777008	20	51707932	53305317	1326	0.751
OWNED_p_TCGA_b102_105_SNP_N_GenomeWideSNP_6_C02_777008	20	53305453	53757761	397	0.4347
OWNED_p_TCGA_b102_105_SNP_N_GenomeWideSNP_6_C02_777008	20	53761978	56029507	1841	1.0527
OWNED_p_TCGA_b102_105_SNP_N_GenomeWideSNP_6_C02_777008	20	56029604	58953725	2348	0.7449
OWNED_p_TCGA_b102_105_SNP_N_GenomeWideSNP_6_C02_777008	20	58958670	59004987	31	0.39
OWNED_p_TCGA_b102_105_SNP_N_GenomeWideSNP_6_C02_777008	20	59005072	59437810	366	0.7378
OWNED_p_TCGA_b102_105_SNP_N_GenomeWideSNP_6_C02_777008	20	59441596	60975899	1148	1.0009
OWNED_p_TCGA_b102_105_SNP_N_GenomeWideSNP_6_C02_777008	20	60980408	62956153	772	0.6866
OWNED_p_TCGA_b102_105_SNP_N_GenomeWideSNP_6_C02_777008	21	10736871	14436791	129	0.1555
OWNED_p_TCGA_b102_105_SNP_N_GenomeWideSNP_6_C02_777008	21	14446712	14549965	19	-0.627
OWNED_p_TCGA_b102_105_SNP_N_GenomeWideSNP_6_C02_777008	21	14560710	24695869	7123	0.0535
OWNED_p_TCGA_b102_105_SNP_N_GenomeWideSNP_6_C02_777008	21	24699085	24960819	193	0.4547
OWNED_p_TCGA_b102_105_SNP_N_GenomeWideSNP_6_C02_777008	21	24961424	48096957	16925	0.0487
OWNED_p_TCGA_b102_105_SNP_N_GenomeWideSNP_6_C02_777008	22	16052528	16248706	36	-0.484
OWNED_p_TCGA_b102_105_SNP_N_GenomeWideSNP_6_C02_777008	22	16281201	16444877	24	-1.0217
OWNED_p_TCGA_b102_105_SNP_N_GenomeWideSNP_6_C02_777008	22	16477054	16493661	10	-0.374
OWNED_p_TCGA_b102_105_SNP_N_GenomeWideSNP_6_C02_777008	22	16493666	21840595	2814	-0.0044
OWNED_p_TCGA_b102_105_SNP_N_GenomeWideSNP_6_C02_777008	22	21840674	21845355	9	-0.9027
OWNED_p_TCGA_b102_105_SNP_N_GenomeWideSNP_6_C02_777008	22	21917153	25682780	2570	0.0151
OWNED_p_TCGA_b102_105_SNP_N_GenomeWideSNP_6_C02_777008	22	25684408	25685837	3	1.0551
OWNED_p_TCGA_b102_105_SNP_N_GenomeWideSNP_6_C02_777008	22	25689073	51234455	18062	0.039
OWNED_p_TCGA_b102_105_SNP_N_GenomeWideSNP_6_C02_777008	X	168477	32983945	20555	0.0368
OWNED_p_TCGA_b102_105_SNP_N_GenomeWideSNP_6_C02_777008	X	32987454	32988258	3	-1.7741
OWNED_p_TCGA_b102_105_SNP_N_GenomeWideSNP_6_C02_777008	X	32990039	42773394	5826	0.0366
OWNED_p_TCGA_b102_105_SNP_N_GenomeWideSNP_6_C02_777008	X	42773981	42792591	10	-0.6166
OWNED_p_TCGA_b102_105_SNP_N_GenomeWideSNP_6_C02_777008	X	42794560	155182354	58062	0.0163
OWNED_p_TCGA_b102_105_SNP_N_GenomeWideSNP_6_C02_777008	Y	2650438	2911223	132	-2.5631
OWNED_p_TCGA_b102_105_SNP_N_GenomeWideSNP_6_C02_777008	Y	2912181	5949944	676	-1.9576
OWNED_p_TCGA_b102_105_SNP_N_GenomeWideSNP_6_C02_777008	Y	5950884	5965169	3	-5.6215
OWNED_p_TCGA_b102_105_SNP_N_GenomeWideSNP_6_C02_777008	Y	5965533	6101425	60	-2.1545
OWNED_p_TCGA_b102_105_SNP_N_GenomeWideSNP_6_C02_777008	Y	6107901	6281935	78	-3.5004
OWNED_p_TCGA_b102_105_SNP_N_GenomeWideSNP_6_C02_777008	Y	6282097	15590276	2629	-2.5817
OWNED_p_TCGA_b102_105_SNP_N_GenomeWideSNP_6_C02_777008	Y	15590342	15594523	3	-7.561
OWNED_p_TCGA_b102_105_SNP_N_GenomeWideSNP_6_C02_777008	Y	15594889	19571480	2082	-2.5988
OWNED_p_TCGA_b102_105_SNP_N_GenomeWideSNP_6_C02_777008	Y	19574890	21024613	672	-3.1205
OWNED_p_TCGA_b102_105_SNP_N_GenomeWideSNP_6_C02_777008	Y	21025062	23653771	1010	-2.6463
OWNED_p_TCGA_b102_105_SNP_N_GenomeWideSNP_6_C02_777008	Y	23683731	23690350	2	-8.5621
OWNED_p_TCGA_b102_105_SNP_N_GenomeWideSNP_6_C02_777008	Y	23715701	24510518	263	-2.7632
OWNED_p_TCGA_b102_105_SNP_N_GenomeWideSNP_6_C02_777008	Y	24514859	27315972	497	-3.1571
OWNED_p_TCGA_b102_105_SNP_N_GenomeWideSNP_6_C02_777008	Y	27367487	27720551	93	-2.541
OWNED_p_TCGA_b102_105_SNP_N_GenomeWideSNP_6_C02_777008	Y	27721084	28272116	194	-3.1428
OWNED_p_TCGA_b102_105_SNP_N_GenomeWideSNP_6_C02_777008	Y	28277692	28322019	14	-4.4934
OWNED_p_TCGA_b102_105_SNP_N_GenomeWideSNP_6_C02_777008	Y	28322083	28423938	43	-3.0232
OWNED_p_TCGA_b102_105_SNP_N_GenomeWideSNP_6_C02_777008	Y	28438116	59018259	183	-2.2951
