Sample	Chromosome	Start	End	Num_Probes	Segment_Mean
HELVE_p_TCGA_b139_154_155_SNP_N_GenomeWideSNP_6_A06_808664	1	61735	20397240	11079	-0.6068
HELVE_p_TCGA_b139_154_155_SNP_N_GenomeWideSNP_6_A06_808664	1	20397977	20399643	3	-2.71
HELVE_p_TCGA_b139_154_155_SNP_N_GenomeWideSNP_6_A06_808664	1	20400238	25571269	3036	-0.6016
HELVE_p_TCGA_b139_154_155_SNP_N_GenomeWideSNP_6_A06_808664	1	25574471	25661501	36	-0.1233
HELVE_p_TCGA_b139_154_155_SNP_N_GenomeWideSNP_6_A06_808664	1	25662005	36754030	5711	-0.5916
HELVE_p_TCGA_b139_154_155_SNP_N_GenomeWideSNP_6_A06_808664	1	36754467	36754522	2	-2.5964
HELVE_p_TCGA_b139_154_155_SNP_N_GenomeWideSNP_6_A06_808664	1	36754542	72750353	23069	-0.6191
HELVE_p_TCGA_b139_154_155_SNP_N_GenomeWideSNP_6_A06_808664	1	72756113	72763370	9	-2.0505
HELVE_p_TCGA_b139_154_155_SNP_N_GenomeWideSNP_6_A06_808664	1	72768418	72811076	46	0.5825
HELVE_p_TCGA_b139_154_155_SNP_N_GenomeWideSNP_6_A06_808664	1	72811133	84313454	7456	-0.6444
HELVE_p_TCGA_b139_154_155_SNP_N_GenomeWideSNP_6_A06_808664	1	84317007	84319013	3	-2.5853
HELVE_p_TCGA_b139_154_155_SNP_N_GenomeWideSNP_6_A06_808664	1	84319436	144029156	23408	-0.639
HELVE_p_TCGA_b139_154_155_SNP_N_GenomeWideSNP_6_A06_808664	1	144034097	145372550	258	-0.0737
HELVE_p_TCGA_b139_154_155_SNP_N_GenomeWideSNP_6_A06_808664	1	145372563	149209156	1024	0.3304
HELVE_p_TCGA_b139_154_155_SNP_N_GenomeWideSNP_6_A06_808664	1	149209322	149835113	138	-0.0159
HELVE_p_TCGA_b139_154_155_SNP_N_GenomeWideSNP_6_A06_808664	1	149835339	152555527	1418	0.3211
HELVE_p_TCGA_b139_154_155_SNP_N_GenomeWideSNP_6_A06_808664	1	152555706	152590494	36	-1.38
HELVE_p_TCGA_b139_154_155_SNP_N_GenomeWideSNP_6_A06_808664	1	152590565	169216937	11548	0.3239
HELVE_p_TCGA_b139_154_155_SNP_N_GenomeWideSNP_6_A06_808664	1	169233974	169238745	6	1.339
HELVE_p_TCGA_b139_154_155_SNP_N_GenomeWideSNP_6_A06_808664	1	169241766	176044230	4418	0.3133
HELVE_p_TCGA_b139_154_155_SNP_N_GenomeWideSNP_6_A06_808664	1	176045319	176045656	3	-0.8566
HELVE_p_TCGA_b139_154_155_SNP_N_GenomeWideSNP_6_A06_808664	1	176048943	189390228	8856	0.3124
HELVE_p_TCGA_b139_154_155_SNP_N_GenomeWideSNP_6_A06_808664	1	189390485	189391614	2	-1.4043
HELVE_p_TCGA_b139_154_155_SNP_N_GenomeWideSNP_6_A06_808664	1	189393522	243179580	37191	0.3127
HELVE_p_TCGA_b139_154_155_SNP_N_GenomeWideSNP_6_A06_808664	1	243183304	243258063	10	-0.2818
HELVE_p_TCGA_b139_154_155_SNP_N_GenomeWideSNP_6_A06_808664	1	243268406	248753364	3585	0.3237
HELVE_p_TCGA_b139_154_155_SNP_N_GenomeWideSNP_6_A06_808664	1	248753427	248797213	28	0.7069
HELVE_p_TCGA_b139_154_155_SNP_N_GenomeWideSNP_6_A06_808664	1	248805339	249224388	145	0.3089
HELVE_p_TCGA_b139_154_155_SNP_N_GenomeWideSNP_6_A06_808664	2	12784	34520473	24015	0.2819
HELVE_p_TCGA_b139_154_155_SNP_N_GenomeWideSNP_6_A06_808664	2	34523978	34525580	2	-1.6146
HELVE_p_TCGA_b139_154_155_SNP_N_GenomeWideSNP_6_A06_808664	2	34525967	34691069	95	0.241
HELVE_p_TCGA_b139_154_155_SNP_N_GenomeWideSNP_6_A06_808664	2	34699315	34737057	46	-0.0849
HELVE_p_TCGA_b139_154_155_SNP_N_GenomeWideSNP_6_A06_808664	2	34737163	35960148	872	0.3202
HELVE_p_TCGA_b139_154_155_SNP_N_GenomeWideSNP_6_A06_808664	2	35965115	35987947	12	-0.2991
HELVE_p_TCGA_b139_154_155_SNP_N_GenomeWideSNP_6_A06_808664	2	35997473	52754480	12163	0.2946
HELVE_p_TCGA_b139_154_155_SNP_N_GenomeWideSNP_6_A06_808664	2	52754500	52781542	38	-0.4276
HELVE_p_TCGA_b139_154_155_SNP_N_GenomeWideSNP_6_A06_808664	2	52787949	82279895	19269	0.2926
HELVE_p_TCGA_b139_154_155_SNP_N_GenomeWideSNP_6_A06_808664	2	82280450	82281002	2	-1.7901
HELVE_p_TCGA_b139_154_155_SNP_N_GenomeWideSNP_6_A06_808664	2	82281129	86489846	2426	0.2806
HELVE_p_TCGA_b139_154_155_SNP_N_GenomeWideSNP_6_A06_808664	2	86493173	86493183	2	-1.0159
HELVE_p_TCGA_b139_154_155_SNP_N_GenomeWideSNP_6_A06_808664	2	86493223	87821184	479	0.2267
HELVE_p_TCGA_b139_154_155_SNP_N_GenomeWideSNP_6_A06_808664	2	87822183	87827978	2	-1.8259
HELVE_p_TCGA_b139_154_155_SNP_N_GenomeWideSNP_6_A06_808664	2	87839297	97854159	1861	0.2335
HELVE_p_TCGA_b139_154_155_SNP_N_GenomeWideSNP_6_A06_808664	2	97857927	97877173	16	-0.378
HELVE_p_TCGA_b139_154_155_SNP_N_GenomeWideSNP_6_A06_808664	2	97886334	98151043	27	0.3172
HELVE_p_TCGA_b139_154_155_SNP_N_GenomeWideSNP_6_A06_808664	2	98151534	98161710	5	1.1381
HELVE_p_TCGA_b139_154_155_SNP_N_GenomeWideSNP_6_A06_808664	2	98162189	109688972	7293	0.2779
HELVE_p_TCGA_b139_154_155_SNP_N_GenomeWideSNP_6_A06_808664	2	109692425	109695116	3	-0.8986
HELVE_p_TCGA_b139_154_155_SNP_N_GenomeWideSNP_6_A06_808664	2	109695410	208354955	59248	0.2703
HELVE_p_TCGA_b139_154_155_SNP_N_GenomeWideSNP_6_A06_808664	2	208355178	208359336	16	-2.4443
HELVE_p_TCGA_b139_154_155_SNP_N_GenomeWideSNP_6_A06_808664	2	208359476	216056176	4887	0.2567
HELVE_p_TCGA_b139_154_155_SNP_N_GenomeWideSNP_6_A06_808664	2	216058867	216063487	5	-0.9289
HELVE_p_TCGA_b139_154_155_SNP_N_GenomeWideSNP_6_A06_808664	2	216064151	243089456	17251	0.2762
HELVE_p_TCGA_b139_154_155_SNP_N_GenomeWideSNP_6_A06_808664	3	60345	98944458	63807	-0.0485
HELVE_p_TCGA_b139_154_155_SNP_N_GenomeWideSNP_6_A06_808664	3	98944476	98949056	26	-0.608
HELVE_p_TCGA_b139_154_155_SNP_N_GenomeWideSNP_6_A06_808664	3	98949069	162512657	39097	-0.0613
HELVE_p_TCGA_b139_154_155_SNP_N_GenomeWideSNP_6_A06_808664	3	162512739	162540009	19	0.1757
HELVE_p_TCGA_b139_154_155_SNP_N_GenomeWideSNP_6_A06_808664	3	162540473	162540490	2	-1.9243
HELVE_p_TCGA_b139_154_155_SNP_N_GenomeWideSNP_6_A06_808664	3	162545716	162625995	48	0.4212
HELVE_p_TCGA_b139_154_155_SNP_N_GenomeWideSNP_6_A06_808664	3	162626572	197896118	21914	-0.0681
HELVE_p_TCGA_b139_154_155_SNP_N_GenomeWideSNP_6_A06_808664	4	12281	65978	57	-0.4264
HELVE_p_TCGA_b139_154_155_SNP_N_GenomeWideSNP_6_A06_808664	4	66719	10210294	5746	-0.0506
HELVE_p_TCGA_b139_154_155_SNP_N_GenomeWideSNP_6_A06_808664	4	10210390	10234266	32	0.3463
HELVE_p_TCGA_b139_154_155_SNP_N_GenomeWideSNP_6_A06_808664	4	10234608	12587408	1963	-0.0594
HELVE_p_TCGA_b139_154_155_SNP_N_GenomeWideSNP_6_A06_808664	4	12587454	12606923	14	-0.7891
HELVE_p_TCGA_b139_154_155_SNP_N_GenomeWideSNP_6_A06_808664	4	12607164	34765595	15006	-0.0725
HELVE_p_TCGA_b139_154_155_SNP_N_GenomeWideSNP_6_A06_808664	4	34765697	34779054	11	-0.4179
HELVE_p_TCGA_b139_154_155_SNP_N_GenomeWideSNP_6_A06_808664	4	34786500	34824725	38	-1.7654
HELVE_p_TCGA_b139_154_155_SNP_N_GenomeWideSNP_6_A06_808664	4	34829872	69220383	19459	-0.0759
HELVE_p_TCGA_b139_154_155_SNP_N_GenomeWideSNP_6_A06_808664	4	69226848	69288142	15	0.5437
HELVE_p_TCGA_b139_154_155_SNP_N_GenomeWideSNP_6_A06_808664	4	69294799	69413943	36	-0.0223
HELVE_p_TCGA_b139_154_155_SNP_N_GenomeWideSNP_6_A06_808664	4	69420023	69480937	38	-0.4073
HELVE_p_TCGA_b139_154_155_SNP_N_GenomeWideSNP_6_A06_808664	4	69481722	89905180	12591	-0.0602
HELVE_p_TCGA_b139_154_155_SNP_N_GenomeWideSNP_6_A06_808664	4	89905472	89905808	2	-1.6892
HELVE_p_TCGA_b139_154_155_SNP_N_GenomeWideSNP_6_A06_808664	4	89906708	108051500	10702	-0.0734
HELVE_p_TCGA_b139_154_155_SNP_N_GenomeWideSNP_6_A06_808664	4	108065751	108066385	8	-0.8291
HELVE_p_TCGA_b139_154_155_SNP_N_GenomeWideSNP_6_A06_808664	4	108066735	108071628	13	-0.1927
HELVE_p_TCGA_b139_154_155_SNP_N_GenomeWideSNP_6_A06_808664	4	108071888	108073808	6	-0.9706
HELVE_p_TCGA_b139_154_155_SNP_N_GenomeWideSNP_6_A06_808664	4	108075267	145311138	22445	-0.0747
HELVE_p_TCGA_b139_154_155_SNP_N_GenomeWideSNP_6_A06_808664	4	145318718	145320000	2	-1.8068
HELVE_p_TCGA_b139_154_155_SNP_N_GenomeWideSNP_6_A06_808664	4	145326410	149486629	2392	-0.0854
HELVE_p_TCGA_b139_154_155_SNP_N_GenomeWideSNP_6_A06_808664	4	149493193	149493502	3	-1.3831
HELVE_p_TCGA_b139_154_155_SNP_N_GenomeWideSNP_6_A06_808664	4	149494154	161873906	7633	-0.0808
HELVE_p_TCGA_b139_154_155_SNP_N_GenomeWideSNP_6_A06_808664	4	161873912	161881208	17	-0.674
HELVE_p_TCGA_b139_154_155_SNP_N_GenomeWideSNP_6_A06_808664	4	161881337	172987928	7087	-0.0926
HELVE_p_TCGA_b139_154_155_SNP_N_GenomeWideSNP_6_A06_808664	4	172989148	172989533	12	0.7755
HELVE_p_TCGA_b139_154_155_SNP_N_GenomeWideSNP_6_A06_808664	4	172995979	191027923	12115	-0.0689
HELVE_p_TCGA_b139_154_155_SNP_N_GenomeWideSNP_6_A06_808664	5	15532	742689	327	-0.1089
HELVE_p_TCGA_b139_154_155_SNP_N_GenomeWideSNP_6_A06_808664	5	761016	852566	39	-0.9414
HELVE_p_TCGA_b139_154_155_SNP_N_GenomeWideSNP_6_A06_808664	5	863797	46271108	30426	-0.0687
HELVE_p_TCGA_b139_154_155_SNP_N_GenomeWideSNP_6_A06_808664	5	46271930	46273502	6	-1.659
HELVE_p_TCGA_b139_154_155_SNP_N_GenomeWideSNP_6_A06_808664	5	46313347	103849700	31977	-0.0701
HELVE_p_TCGA_b139_154_155_SNP_N_GenomeWideSNP_6_A06_808664	5	103851221	103860604	5	-1.2608
HELVE_p_TCGA_b139_154_155_SNP_N_GenomeWideSNP_6_A06_808664	5	103861049	180790320	50318	-0.0653
HELVE_p_TCGA_b139_154_155_SNP_N_GenomeWideSNP_6_A06_808664	6	149661	1699092	1382	-0.0669
HELVE_p_TCGA_b139_154_155_SNP_N_GenomeWideSNP_6_A06_808664	6	1701626	1704150	8	-0.9487
HELVE_p_TCGA_b139_154_155_SNP_N_GenomeWideSNP_6_A06_808664	6	1705317	29837072	20347	-0.0627
HELVE_p_TCGA_b139_154_155_SNP_N_GenomeWideSNP_6_A06_808664	6	29837187	29849267	16	0.5733
HELVE_p_TCGA_b139_154_155_SNP_N_GenomeWideSNP_6_A06_808664	6	29850196	29899677	17	-0.3311
HELVE_p_TCGA_b139_154_155_SNP_N_GenomeWideSNP_6_A06_808664	6	29901564	31287222	660	0.0376
HELVE_p_TCGA_b139_154_155_SNP_N_GenomeWideSNP_6_A06_808664	6	31287501	31309924	7	1.1772
HELVE_p_TCGA_b139_154_155_SNP_N_GenomeWideSNP_6_A06_808664	6	31317347	46837009	9624	-0.0277
HELVE_p_TCGA_b139_154_155_SNP_N_GenomeWideSNP_6_A06_808664	6	46840359	46868113	38	0.3712
HELVE_p_TCGA_b139_154_155_SNP_N_GenomeWideSNP_6_A06_808664	6	46868763	69684958	12023	-0.0743
HELVE_p_TCGA_b139_154_155_SNP_N_GenomeWideSNP_6_A06_808664	6	69686629	69691368	5	-1.0633
HELVE_p_TCGA_b139_154_155_SNP_N_GenomeWideSNP_6_A06_808664	6	69697406	77016900	4626	-0.0634
HELVE_p_TCGA_b139_154_155_SNP_N_GenomeWideSNP_6_A06_808664	6	77016911	77016926	2	1.5155
HELVE_p_TCGA_b139_154_155_SNP_N_GenomeWideSNP_6_A06_808664	6	77016993	77337483	220	-0.0432
HELVE_p_TCGA_b139_154_155_SNP_N_GenomeWideSNP_6_A06_808664	6	77352064	77376806	20	-0.6183
HELVE_p_TCGA_b139_154_155_SNP_N_GenomeWideSNP_6_A06_808664	6	77380541	78972776	1071	-0.0614
HELVE_p_TCGA_b139_154_155_SNP_N_GenomeWideSNP_6_A06_808664	6	78972796	79027770	92	0.2192
HELVE_p_TCGA_b139_154_155_SNP_N_GenomeWideSNP_6_A06_808664	6	79032317	81276112	1433	-0.0411
HELVE_p_TCGA_b139_154_155_SNP_N_GenomeWideSNP_6_A06_808664	6	81277985	81284759	9	-0.7989
HELVE_p_TCGA_b139_154_155_SNP_N_GenomeWideSNP_6_A06_808664	6	81284958	81289534	27	-2.7494
HELVE_p_TCGA_b139_154_155_SNP_N_GenomeWideSNP_6_A06_808664	6	81294341	103734829	14017	-0.0656
HELVE_p_TCGA_b139_154_155_SNP_N_GenomeWideSNP_6_A06_808664	6	103737976	103762061	46	-0.7722
HELVE_p_TCGA_b139_154_155_SNP_N_GenomeWideSNP_6_A06_808664	6	103765470	154960882	33026	-0.0668
HELVE_p_TCGA_b139_154_155_SNP_N_GenomeWideSNP_6_A06_808664	6	154963666	154966267	4	-1.2887
HELVE_p_TCGA_b139_154_155_SNP_N_GenomeWideSNP_6_A06_808664	6	154971932	170919495	11203	-0.058
HELVE_p_TCGA_b139_154_155_SNP_N_GenomeWideSNP_6_A06_808664	6	170982327	171051005	4	-0.9414
HELVE_p_TCGA_b139_154_155_SNP_N_GenomeWideSNP_6_A06_808664	7	43355	22434780	16102	0.3319
HELVE_p_TCGA_b139_154_155_SNP_N_GenomeWideSNP_6_A06_808664	7	22435472	22436487	2	-2.0034
HELVE_p_TCGA_b139_154_155_SNP_N_GenomeWideSNP_6_A06_808664	7	22438754	70420438	28769	0.3188
HELVE_p_TCGA_b139_154_155_SNP_N_GenomeWideSNP_6_A06_808664	7	70423250	70426141	2	-2.1296
HELVE_p_TCGA_b139_154_155_SNP_N_GenomeWideSNP_6_A06_808664	7	70428243	72455684	1213	0.3089
HELVE_p_TCGA_b139_154_155_SNP_N_GenomeWideSNP_6_A06_808664	7	72455743	72458513	3	-1.7632
HELVE_p_TCGA_b139_154_155_SNP_N_GenomeWideSNP_6_A06_808664	7	72458587	109427705	21279	0.31
HELVE_p_TCGA_b139_154_155_SNP_N_GenomeWideSNP_6_A06_808664	7	109427850	109453982	44	-0.1727
HELVE_p_TCGA_b139_154_155_SNP_N_GenomeWideSNP_6_A06_808664	7	109454229	119055697	5826	0.3118
HELVE_p_TCGA_b139_154_155_SNP_N_GenomeWideSNP_6_A06_808664	7	119061216	142474939	14650	-0.0822
HELVE_p_TCGA_b139_154_155_SNP_N_GenomeWideSNP_6_A06_808664	7	142476719	142486345	29	-2.0714
HELVE_p_TCGA_b139_154_155_SNP_N_GenomeWideSNP_6_A06_808664	7	142486495	143904279	838	-0.0708
HELVE_p_TCGA_b139_154_155_SNP_N_GenomeWideSNP_6_A06_808664	7	143909235	143909445	3	-1.5589
HELVE_p_TCGA_b139_154_155_SNP_N_GenomeWideSNP_6_A06_808664	7	143911624	145638499	1014	-0.0883
HELVE_p_TCGA_b139_154_155_SNP_N_GenomeWideSNP_6_A06_808664	7	145640137	155464029	6394	0.3214
HELVE_p_TCGA_b139_154_155_SNP_N_GenomeWideSNP_6_A06_808664	7	155465863	155469636	3	1.7144
HELVE_p_TCGA_b139_154_155_SNP_N_GenomeWideSNP_6_A06_808664	7	155475736	157933150	1587	0.3271
HELVE_p_TCGA_b139_154_155_SNP_N_GenomeWideSNP_6_A06_808664	7	157935613	157942120	3	-0.8998
HELVE_p_TCGA_b139_154_155_SNP_N_GenomeWideSNP_6_A06_808664	7	157942899	159127004	736	0.3224
HELVE_p_TCGA_b139_154_155_SNP_N_GenomeWideSNP_6_A06_808664	8	31254	593041	327	0.3314
HELVE_p_TCGA_b139_154_155_SNP_N_GenomeWideSNP_6_A06_808664	8	594944	595875	8	1.1138
HELVE_p_TCGA_b139_154_155_SNP_N_GenomeWideSNP_6_A06_808664	8	595892	595908	2	3.7339
HELVE_p_TCGA_b139_154_155_SNP_N_GenomeWideSNP_6_A06_808664	8	601043	2247688	1313	0.3165
HELVE_p_TCGA_b139_154_155_SNP_N_GenomeWideSNP_6_A06_808664	8	2247827	2259358	13	-0.6252
HELVE_p_TCGA_b139_154_155_SNP_N_GenomeWideSNP_6_A06_808664	8	2270328	7186646	6169	0.3436
HELVE_p_TCGA_b139_154_155_SNP_N_GenomeWideSNP_6_A06_808664	8	7193821	7238019	25	-0.3885
HELVE_p_TCGA_b139_154_155_SNP_N_GenomeWideSNP_6_A06_808664	8	7250380	7776153	125	0.2471
HELVE_p_TCGA_b139_154_155_SNP_N_GenomeWideSNP_6_A06_808664	8	7776343	7799390	24	-0.191
HELVE_p_TCGA_b139_154_155_SNP_N_GenomeWideSNP_6_A06_808664	8	7809891	12198254	3303	0.3466
HELVE_p_TCGA_b139_154_155_SNP_N_GenomeWideSNP_6_A06_808664	8	12216009	12353730	71	-0.344
HELVE_p_TCGA_b139_154_155_SNP_N_GenomeWideSNP_6_A06_808664	8	12353761	18849508	5893	0.3022
HELVE_p_TCGA_b139_154_155_SNP_N_GenomeWideSNP_6_A06_808664	8	18851539	18866148	29	-0.2253
HELVE_p_TCGA_b139_154_155_SNP_N_GenomeWideSNP_6_A06_808664	8	18866227	39230659	13601	0.3148
HELVE_p_TCGA_b139_154_155_SNP_N_GenomeWideSNP_6_A06_808664	8	39235603	39386965	59	0.9598
HELVE_p_TCGA_b139_154_155_SNP_N_GenomeWideSNP_6_A06_808664	8	39388299	40771996	1075	0.3163
HELVE_p_TCGA_b139_154_155_SNP_N_GenomeWideSNP_6_A06_808664	8	40777852	40778471	2	-1.5055
HELVE_p_TCGA_b139_154_155_SNP_N_GenomeWideSNP_6_A06_808664	8	40783680	115635120	42820	0.2898
HELVE_p_TCGA_b139_154_155_SNP_N_GenomeWideSNP_6_A06_808664	8	115635228	115640722	12	-0.2969
HELVE_p_TCGA_b139_154_155_SNP_N_GenomeWideSNP_6_A06_808664	8	115640777	146298155	21084	0.3087
HELVE_p_TCGA_b139_154_155_SNP_N_GenomeWideSNP_6_A06_808664	9	46587	5079156	5249	-0.0348
HELVE_p_TCGA_b139_154_155_SNP_N_GenomeWideSNP_6_A06_808664	9	5081416	5083017	13	-1.0434
HELVE_p_TCGA_b139_154_155_SNP_N_GenomeWideSNP_6_A06_808664	9	5084226	25658015	16870	-0.0436
HELVE_p_TCGA_b139_154_155_SNP_N_GenomeWideSNP_6_A06_808664	9	25661654	25672341	12	-0.9444
HELVE_p_TCGA_b139_154_155_SNP_N_GenomeWideSNP_6_A06_808664	9	25675730	29958816	3282	-0.0399
HELVE_p_TCGA_b139_154_155_SNP_N_GenomeWideSNP_6_A06_808664	9	29959517	29959547	2	-2.1857
HELVE_p_TCGA_b139_154_155_SNP_N_GenomeWideSNP_6_A06_808664	9	29959613	76758064	10626	-0.0663
HELVE_p_TCGA_b139_154_155_SNP_N_GenomeWideSNP_6_A06_808664	9	76758411	76764649	3	-1.3625
HELVE_p_TCGA_b139_154_155_SNP_N_GenomeWideSNP_6_A06_808664	9	76767514	79769394	2345	-0.0519
HELVE_p_TCGA_b139_154_155_SNP_N_GenomeWideSNP_6_A06_808664	9	79770398	79786214	32	0.5299
HELVE_p_TCGA_b139_154_155_SNP_N_GenomeWideSNP_6_A06_808664	9	79786241	118855990	27717	-0.0459
HELVE_p_TCGA_b139_154_155_SNP_N_GenomeWideSNP_6_A06_808664	9	118856520	118863933	10	0.6968
HELVE_p_TCGA_b139_154_155_SNP_N_GenomeWideSNP_6_A06_808664	9	118864076	141091394	13752	-0.0274
HELVE_p_TCGA_b139_154_155_SNP_N_GenomeWideSNP_6_A06_808664	10	72759	19318280	15768	-0.04
HELVE_p_TCGA_b139_154_155_SNP_N_GenomeWideSNP_6_A06_808664	10	19319711	19344822	26	-0.8589
HELVE_p_TCGA_b139_154_155_SNP_N_GenomeWideSNP_6_A06_808664	10	19347070	24375263	3448	-0.0548
HELVE_p_TCGA_b139_154_155_SNP_N_GenomeWideSNP_6_A06_808664	10	24377674	24377682	7	0.9158
HELVE_p_TCGA_b139_154_155_SNP_N_GenomeWideSNP_6_A06_808664	10	24377918	47055654	12412	-0.0461
HELVE_p_TCGA_b139_154_155_SNP_N_GenomeWideSNP_6_A06_808664	10	47055711	47059821	23	0.4855
HELVE_p_TCGA_b139_154_155_SNP_N_GenomeWideSNP_6_A06_808664	10	47062311	55832500	5038	-0.043
HELVE_p_TCGA_b139_154_155_SNP_N_GenomeWideSNP_6_A06_808664	10	55832855	70944653	10352	-0.6354
HELVE_p_TCGA_b139_154_155_SNP_N_GenomeWideSNP_6_A06_808664	10	70947838	70952182	5	-2.3671
HELVE_p_TCGA_b139_154_155_SNP_N_GenomeWideSNP_6_A06_808664	10	70955901	131479430	41294	-0.6387
HELVE_p_TCGA_b139_154_155_SNP_N_GenomeWideSNP_6_A06_808664	10	131479680	131499315	18	-1.5432
HELVE_p_TCGA_b139_154_155_SNP_N_GenomeWideSNP_6_A06_808664	10	131500940	131525049	29	-3.1123
HELVE_p_TCGA_b139_154_155_SNP_N_GenomeWideSNP_6_A06_808664	10	131527035	135506704	2556	-0.6642
HELVE_p_TCGA_b139_154_155_SNP_N_GenomeWideSNP_6_A06_808664	11	198510	4968117	2475	-0.0444
HELVE_p_TCGA_b139_154_155_SNP_N_GenomeWideSNP_6_A06_808664	11	4968510	4973763	21	0.5783
HELVE_p_TCGA_b139_154_155_SNP_N_GenomeWideSNP_6_A06_808664	11	4973863	125075301	77033	-0.0585
HELVE_p_TCGA_b139_154_155_SNP_N_GenomeWideSNP_6_A06_808664	11	125075321	125083704	29	-0.8175
HELVE_p_TCGA_b139_154_155_SNP_N_GenomeWideSNP_6_A06_808664	11	125088270	125088327	2	0.4816
HELVE_p_TCGA_b139_154_155_SNP_N_GenomeWideSNP_6_A06_808664	11	125088336	134944770	7550	-0.0523
HELVE_p_TCGA_b139_154_155_SNP_N_GenomeWideSNP_6_A06_808664	12	150442	9456821	6121	-0.0499
HELVE_p_TCGA_b139_154_155_SNP_N_GenomeWideSNP_6_A06_808664	12	9460534	9467809	3	-2.3345
HELVE_p_TCGA_b139_154_155_SNP_N_GenomeWideSNP_6_A06_808664	12	9472365	9630556	80	-0.0412
HELVE_p_TCGA_b139_154_155_SNP_N_GenomeWideSNP_6_A06_808664	12	9633870	9713674	22	0.6805
HELVE_p_TCGA_b139_154_155_SNP_N_GenomeWideSNP_6_A06_808664	12	9714954	11504091	1190	-0.0545
HELVE_p_TCGA_b139_154_155_SNP_N_GenomeWideSNP_6_A06_808664	12	11511577	11543386	31	1.0322
HELVE_p_TCGA_b139_154_155_SNP_N_GenomeWideSNP_6_A06_808664	12	11543406	31906672	14400	-0.0637
HELVE_p_TCGA_b139_154_155_SNP_N_GenomeWideSNP_6_A06_808664	12	31907274	31909908	2	-7.2119
HELVE_p_TCGA_b139_154_155_SNP_N_GenomeWideSNP_6_A06_808664	12	31917220	45904438	6667	-0.0555
HELVE_p_TCGA_b139_154_155_SNP_N_GenomeWideSNP_6_A06_808664	12	45905840	45909537	3	-1.6582
HELVE_p_TCGA_b139_154_155_SNP_N_GenomeWideSNP_6_A06_808664	12	45913292	48725042	1719	-0.0659
HELVE_p_TCGA_b139_154_155_SNP_N_GenomeWideSNP_6_A06_808664	12	48725239	48730314	6	-0.9092
HELVE_p_TCGA_b139_154_155_SNP_N_GenomeWideSNP_6_A06_808664	12	48730385	133778189	54796	-0.0624
HELVE_p_TCGA_b139_154_155_SNP_N_GenomeWideSNP_6_A06_808664	13	19026949	38071135	13559	0.3124
HELVE_p_TCGA_b139_154_155_SNP_N_GenomeWideSNP_6_A06_808664	13	38072036	38084757	16	1.1033
HELVE_p_TCGA_b139_154_155_SNP_N_GenomeWideSNP_6_A06_808664	13	38088330	39052811	701	0.303
HELVE_p_TCGA_b139_154_155_SNP_N_GenomeWideSNP_6_A06_808664	13	39057572	39058056	2	-1.8417
HELVE_p_TCGA_b139_154_155_SNP_N_GenomeWideSNP_6_A06_808664	13	39065057	52930251	9156	0.321
HELVE_p_TCGA_b139_154_155_SNP_N_GenomeWideSNP_6_A06_808664	13	52931908	52937924	3	-1.2546
HELVE_p_TCGA_b139_154_155_SNP_N_GenomeWideSNP_6_A06_808664	13	52940751	57758270	2678	0.3147
HELVE_p_TCGA_b139_154_155_SNP_N_GenomeWideSNP_6_A06_808664	13	57758289	57778380	33	-0.5174
HELVE_p_TCGA_b139_154_155_SNP_N_GenomeWideSNP_6_A06_808664	13	57789714	63288936	3251	0.2981
HELVE_p_TCGA_b139_154_155_SNP_N_GenomeWideSNP_6_A06_808664	13	63295314	72804900	6029	0.6007
HELVE_p_TCGA_b139_154_155_SNP_N_GenomeWideSNP_6_A06_808664	13	72808482	72810336	3	-1.404
HELVE_p_TCGA_b139_154_155_SNP_N_GenomeWideSNP_6_A06_808664	13	72813062	99235122	17227	0.5848
HELVE_p_TCGA_b139_154_155_SNP_N_GenomeWideSNP_6_A06_808664	13	99236873	99238169	4	-1.0423
HELVE_p_TCGA_b139_154_155_SNP_N_GenomeWideSNP_6_A06_808664	13	99247626	104220591	3699	0.5984
HELVE_p_TCGA_b139_154_155_SNP_N_GenomeWideSNP_6_A06_808664	13	104220984	104220996	2	-0.8732
HELVE_p_TCGA_b139_154_155_SNP_N_GenomeWideSNP_6_A06_808664	13	104221874	115086044	7908	0.6156
HELVE_p_TCGA_b139_154_155_SNP_N_GenomeWideSNP_6_A06_808664	13	115086674	115108397	11	0.2645
HELVE_p_TCGA_b139_154_155_SNP_N_GenomeWideSNP_6_A06_808664	14	19002124	19191718	19	-0.5517
HELVE_p_TCGA_b139_154_155_SNP_N_GenomeWideSNP_6_A06_808664	14	19273625	22393521	1529	-0.0287
HELVE_p_TCGA_b139_154_155_SNP_N_GenomeWideSNP_6_A06_808664	14	22393545	22393993	5	-0.5666
HELVE_p_TCGA_b139_154_155_SNP_N_GenomeWideSNP_6_A06_808664	14	22394144	22570907	143	0.1519
HELVE_p_TCGA_b139_154_155_SNP_N_GenomeWideSNP_6_A06_808664	14	22570931	22572503	2	-1.486
HELVE_p_TCGA_b139_154_155_SNP_N_GenomeWideSNP_6_A06_808664	14	22572818	41610496	12134	-0.0516
HELVE_p_TCGA_b139_154_155_SNP_N_GenomeWideSNP_6_A06_808664	14	41610690	41657249	13	-0.7191
HELVE_p_TCGA_b139_154_155_SNP_N_GenomeWideSNP_6_A06_808664	14	41657349	59804999	11566	-0.0728
HELVE_p_TCGA_b139_154_155_SNP_N_GenomeWideSNP_6_A06_808664	14	59810194	59813768	3	-1.4064
HELVE_p_TCGA_b139_154_155_SNP_N_GenomeWideSNP_6_A06_808664	14	59813931	61055940	694	-0.1059
HELVE_p_TCGA_b139_154_155_SNP_N_GenomeWideSNP_6_A06_808664	14	61058142	61066815	5	-1.0598
HELVE_p_TCGA_b139_154_155_SNP_N_GenomeWideSNP_6_A06_808664	14	61067277	62387527	798	-0.0858
HELVE_p_TCGA_b139_154_155_SNP_N_GenomeWideSNP_6_A06_808664	14	62389356	62392701	2	-2.6093
HELVE_p_TCGA_b139_154_155_SNP_N_GenomeWideSNP_6_A06_808664	14	62393223	68418213	3706	-0.0702
HELVE_p_TCGA_b139_154_155_SNP_N_GenomeWideSNP_6_A06_808664	14	68422474	68423199	2	-1.921
HELVE_p_TCGA_b139_154_155_SNP_N_GenomeWideSNP_6_A06_808664	14	68432947	70018047	1066	-0.0488
HELVE_p_TCGA_b139_154_155_SNP_N_GenomeWideSNP_6_A06_808664	14	70018368	70022467	8	-2.4611
HELVE_p_TCGA_b139_154_155_SNP_N_GenomeWideSNP_6_A06_808664	14	70022713	74006707	2627	-0.0661
HELVE_p_TCGA_b139_154_155_SNP_N_GenomeWideSNP_6_A06_808664	14	74006851	74020979	7	-1.6312
HELVE_p_TCGA_b139_154_155_SNP_N_GenomeWideSNP_6_A06_808664	14	74029900	86284754	8167	-0.0691
HELVE_p_TCGA_b139_154_155_SNP_N_GenomeWideSNP_6_A06_808664	14	86286312	86301689	12	-1.003
HELVE_p_TCGA_b139_154_155_SNP_N_GenomeWideSNP_6_A06_808664	14	86303284	106279388	12539	-0.0496
HELVE_p_TCGA_b139_154_155_SNP_N_GenomeWideSNP_6_A06_808664	14	106279444	106282207	3	-1.2999
HELVE_p_TCGA_b139_154_155_SNP_N_GenomeWideSNP_6_A06_808664	14	106282511	106328269	21	-0.067
HELVE_p_TCGA_b139_154_155_SNP_N_GenomeWideSNP_6_A06_808664	14	106328284	106342317	8	-0.8749
HELVE_p_TCGA_b139_154_155_SNP_N_GenomeWideSNP_6_A06_808664	14	106342792	106534144	62	-0.1099
HELVE_p_TCGA_b139_154_155_SNP_N_GenomeWideSNP_6_A06_808664	14	106535295	106561441	14	-1.7556
HELVE_p_TCGA_b139_154_155_SNP_N_GenomeWideSNP_6_A06_808664	14	106567100	107285437	418	-0.0521
HELVE_p_TCGA_b139_154_155_SNP_N_GenomeWideSNP_6_A06_808664	15	20016328	20944058	187	-0.2255
HELVE_p_TCGA_b139_154_155_SNP_N_GenomeWideSNP_6_A06_808664	15	20949989	22311811	129	-0.5683
HELVE_p_TCGA_b139_154_155_SNP_N_GenomeWideSNP_6_A06_808664	15	22317512	53784991	19208	-0.0491
HELVE_p_TCGA_b139_154_155_SNP_N_GenomeWideSNP_6_A06_808664	15	53785039	53785279	5	-1.6525
HELVE_p_TCGA_b139_154_155_SNP_N_GenomeWideSNP_6_A06_808664	15	53790247	85480702	19694	-0.0302
HELVE_p_TCGA_b139_154_155_SNP_N_GenomeWideSNP_6_A06_808664	15	85481814	85507649	14	-0.5234
HELVE_p_TCGA_b139_154_155_SNP_N_GenomeWideSNP_6_A06_808664	15	85510352	85779578	160	-0.0813
HELVE_p_TCGA_b139_154_155_SNP_N_GenomeWideSNP_6_A06_808664	15	85779580	85829800	15	-0.5448
HELVE_p_TCGA_b139_154_155_SNP_N_GenomeWideSNP_6_A06_808664	15	85831038	86508959	517	-0.0237
HELVE_p_TCGA_b139_154_155_SNP_N_GenomeWideSNP_6_A06_808664	15	86511894	86521837	8	-0.9653
HELVE_p_TCGA_b139_154_155_SNP_N_GenomeWideSNP_6_A06_808664	15	86522213	87818042	1141	-0.0492
HELVE_p_TCGA_b139_154_155_SNP_N_GenomeWideSNP_6_A06_808664	15	87818875	87869808	40	-0.8903
HELVE_p_TCGA_b139_154_155_SNP_N_GenomeWideSNP_6_A06_808664	15	87870501	102469040	10925	-0.0414
HELVE_p_TCGA_b139_154_155_SNP_N_GenomeWideSNP_6_A06_808664	16	60777	6606329	3813	-0.0278
HELVE_p_TCGA_b139_154_155_SNP_N_GenomeWideSNP_6_A06_808664	16	6606346	6626159	22	-0.5869
HELVE_p_TCGA_b139_154_155_SNP_N_GenomeWideSNP_6_A06_808664	16	6626499	6724106	141	0.1004
HELVE_p_TCGA_b139_154_155_SNP_N_GenomeWideSNP_6_A06_808664	16	6729673	6792419	109	-0.692
HELVE_p_TCGA_b139_154_155_SNP_N_GenomeWideSNP_6_A06_808664	16	6793650	19944363	9438	-0.0232
HELVE_p_TCGA_b139_154_155_SNP_N_GenomeWideSNP_6_A06_808664	16	19945650	19967362	29	-0.7441
HELVE_p_TCGA_b139_154_155_SNP_N_GenomeWideSNP_6_A06_808664	16	19970254	21379451	904	-0.0344
HELVE_p_TCGA_b139_154_155_SNP_N_GenomeWideSNP_6_A06_808664	16	21389970	21593634	26	-0.9372
HELVE_p_TCGA_b139_154_155_SNP_N_GenomeWideSNP_6_A06_808664	16	21596313	22442020	364	-0.0608
HELVE_p_TCGA_b139_154_155_SNP_N_GenomeWideSNP_6_A06_808664	16	22557932	22703862	69	-1.0889
HELVE_p_TCGA_b139_154_155_SNP_N_GenomeWideSNP_6_A06_808664	16	22710742	34567212	5682	-0.0334
HELVE_p_TCGA_b139_154_155_SNP_N_GenomeWideSNP_6_A06_808664	16	34575707	34656684	52	0.4528
HELVE_p_TCGA_b139_154_155_SNP_N_GenomeWideSNP_6_A06_808664	16	34656925	51064083	2878	-0.0394
HELVE_p_TCGA_b139_154_155_SNP_N_GenomeWideSNP_6_A06_808664	16	51064172	51064572	2	1.3367
HELVE_p_TCGA_b139_154_155_SNP_N_GenomeWideSNP_6_A06_808664	16	51066965	55798222	3793	-0.0297
HELVE_p_TCGA_b139_154_155_SNP_N_GenomeWideSNP_6_A06_808664	16	55798762	55798779	2	2.4228
HELVE_p_TCGA_b139_154_155_SNP_N_GenomeWideSNP_6_A06_808664	16	55804348	90287535	25098	-0.0309
HELVE_p_TCGA_b139_154_155_SNP_N_GenomeWideSNP_6_A06_808664	17	526	18355392	11445	-0.0235
HELVE_p_TCGA_b139_154_155_SNP_N_GenomeWideSNP_6_A06_808664	17	18358946	18459272	26	-1.2089
HELVE_p_TCGA_b139_154_155_SNP_N_GenomeWideSNP_6_A06_808664	17	18464586	21374412	1242	-0.0315
HELVE_p_TCGA_b139_154_155_SNP_N_GenomeWideSNP_6_A06_808664	17	21374579	21375826	2	-1.6737
HELVE_p_TCGA_b139_154_155_SNP_N_GenomeWideSNP_6_A06_808664	17	21376687	33029731	4832	-0.0214
HELVE_p_TCGA_b139_154_155_SNP_N_GenomeWideSNP_6_A06_808664	17	33029774	33029798	2	-1.7279
HELVE_p_TCGA_b139_154_155_SNP_N_GenomeWideSNP_6_A06_808664	17	33031082	39421708	3417	-0.0266
HELVE_p_TCGA_b139_154_155_SNP_N_GenomeWideSNP_6_A06_808664	17	39423014	39430450	23	1.0147
HELVE_p_TCGA_b139_154_155_SNP_N_GenomeWideSNP_6_A06_808664	17	39430531	44191778	2534	-0.0208
HELVE_p_TCGA_b139_154_155_SNP_N_GenomeWideSNP_6_A06_808664	17	44195363	44213712	17	-0.6172
HELVE_p_TCGA_b139_154_155_SNP_N_GenomeWideSNP_6_A06_808664	17	44214166	81049726	21755	-0.0345
HELVE_p_TCGA_b139_154_155_SNP_N_GenomeWideSNP_6_A06_808664	18	11543	48133	2	-0.7348
HELVE_p_TCGA_b139_154_155_SNP_N_GenomeWideSNP_6_A06_808664	18	58202	15401763	10445	-0.0357
HELVE_p_TCGA_b139_154_155_SNP_N_GenomeWideSNP_6_A06_808664	18	15402408	47462328	18565	-0.6405
HELVE_p_TCGA_b139_154_155_SNP_N_GenomeWideSNP_6_A06_808664	18	47462657	47475917	10	-1.6416
HELVE_p_TCGA_b139_154_155_SNP_N_GenomeWideSNP_6_A06_808664	18	47476950	63906866	11447	-0.6444
HELVE_p_TCGA_b139_154_155_SNP_N_GenomeWideSNP_6_A06_808664	18	63907434	63911361	9	-2.143
HELVE_p_TCGA_b139_154_155_SNP_N_GenomeWideSNP_6_A06_808664	18	63911589	78015057	10258	-0.6444
HELVE_p_TCGA_b139_154_155_SNP_N_GenomeWideSNP_6_A06_808664	19	90910	35658728	16644	-0.0389
HELVE_p_TCGA_b139_154_155_SNP_N_GenomeWideSNP_6_A06_808664	19	35663774	35664043	6	-1.0201
HELVE_p_TCGA_b139_154_155_SNP_N_GenomeWideSNP_6_A06_808664	19	35666047	41352737	2986	-0.027
HELVE_p_TCGA_b139_154_155_SNP_N_GenomeWideSNP_6_A06_808664	19	41357000	41392155	32	-0.656
HELVE_p_TCGA_b139_154_155_SNP_N_GenomeWideSNP_6_A06_808664	19	41392654	59097854	9677	-0.0275
HELVE_p_TCGA_b139_154_155_SNP_N_GenomeWideSNP_6_A06_808664	20	61305	1552503	1186	0.3455
HELVE_p_TCGA_b139_154_155_SNP_N_GenomeWideSNP_6_A06_808664	20	1557190	1560999	21	-0.5117
HELVE_p_TCGA_b139_154_155_SNP_N_GenomeWideSNP_6_A06_808664	20	1561580	1593849	40	1.2356
HELVE_p_TCGA_b139_154_155_SNP_N_GenomeWideSNP_6_A06_808664	20	1593893	29479840	18823	0.3299
HELVE_p_TCGA_b139_154_155_SNP_N_GenomeWideSNP_6_A06_808664	20	29489597	62956153	22429	0.8182
HELVE_p_TCGA_b139_154_155_SNP_N_GenomeWideSNP_6_A06_808664	21	10736871	48096957	24387	-0.0873
HELVE_p_TCGA_b139_154_155_SNP_N_GenomeWideSNP_6_A06_808664	22	16052528	24330218	4614	-0.0816
HELVE_p_TCGA_b139_154_155_SNP_N_GenomeWideSNP_6_A06_808664	22	24330269	24331967	2	-2.7337
HELVE_p_TCGA_b139_154_155_SNP_N_GenomeWideSNP_6_A06_808664	22	24332625	24337949	4	-0.3277
HELVE_p_TCGA_b139_154_155_SNP_N_GenomeWideSNP_6_A06_808664	22	24344422	24401529	21	0.5397
HELVE_p_TCGA_b139_154_155_SNP_N_GenomeWideSNP_6_A06_808664	22	24402321	24416465	12	-0.2806
HELVE_p_TCGA_b139_154_155_SNP_N_GenomeWideSNP_6_A06_808664	22	24416550	25076598	327	-0.0443
HELVE_p_TCGA_b139_154_155_SNP_N_GenomeWideSNP_6_A06_808664	22	25078706	25081338	13	-0.457
HELVE_p_TCGA_b139_154_155_SNP_N_GenomeWideSNP_6_A06_808664	22	25082115	25082534	3	-1.6494
HELVE_p_TCGA_b139_154_155_SNP_N_GenomeWideSNP_6_A06_808664	22	25087674	25922347	761	-0.0636
HELVE_p_TCGA_b139_154_155_SNP_N_GenomeWideSNP_6_A06_808664	22	25922548	25925017	2	-1.9511
HELVE_p_TCGA_b139_154_155_SNP_N_GenomeWideSNP_6_A06_808664	22	25925078	39290920	9709	-0.0453
HELVE_p_TCGA_b139_154_155_SNP_N_GenomeWideSNP_6_A06_808664	22	39295255	39296904	3	-2.1601
HELVE_p_TCGA_b139_154_155_SNP_N_GenomeWideSNP_6_A06_808664	22	39299114	51234455	8090	-0.0421
HELVE_p_TCGA_b139_154_155_SNP_N_GenomeWideSNP_6_A06_808664	X	168477	8258405	4301	0.0247
HELVE_p_TCGA_b139_154_155_SNP_N_GenomeWideSNP_6_A06_808664	X	8264456	8264613	2	-5.924
HELVE_p_TCGA_b139_154_155_SNP_N_GenomeWideSNP_6_A06_808664	X	8268941	120650295	59637	0.0015
HELVE_p_TCGA_b139_154_155_SNP_N_GenomeWideSNP_6_A06_808664	X	120650564	120652880	2	-4.3726
HELVE_p_TCGA_b139_154_155_SNP_N_GenomeWideSNP_6_A06_808664	X	120660024	127315946	3972	4e-04
HELVE_p_TCGA_b139_154_155_SNP_N_GenomeWideSNP_6_A06_808664	X	127320752	127375217	16	-2.6416
HELVE_p_TCGA_b139_154_155_SNP_N_GenomeWideSNP_6_A06_808664	X	127384396	155182354	16355	0.0033
HELVE_p_TCGA_b139_154_155_SNP_N_GenomeWideSNP_6_A06_808664	Y	2650438	7454037	1457	-0.4182
HELVE_p_TCGA_b139_154_155_SNP_N_GenomeWideSNP_6_A06_808664	Y	7454617	7472116	16	0.3457
HELVE_p_TCGA_b139_154_155_SNP_N_GenomeWideSNP_6_A06_808664	Y	7472222	24783791	6195	-0.3802
HELVE_p_TCGA_b139_154_155_SNP_N_GenomeWideSNP_6_A06_808664	Y	24872143	25106855	27	0.8101
HELVE_p_TCGA_b139_154_155_SNP_N_GenomeWideSNP_6_A06_808664	Y	25159666	25748219	61	-1.103
HELVE_p_TCGA_b139_154_155_SNP_N_GenomeWideSNP_6_A06_808664	Y	25782121	28321752	651	0.3475
HELVE_p_TCGA_b139_154_155_SNP_N_GenomeWideSNP_6_A06_808664	Y	28322019	28344493	3	-0.2649
HELVE_p_TCGA_b139_154_155_SNP_N_GenomeWideSNP_6_A06_808664	Y	28344503	28457337	49	-1.1473
HELVE_p_TCGA_b139_154_155_SNP_N_GenomeWideSNP_6_A06_808664	Y	28458648	59018259	175	-0.4725
