Sample	Chromosome	Start	End	Num_Probes	Segment_Mean
OWNED_p_TCGA_b102_105_SNP_N_GenomeWideSNP_6_C04_777060	1	61735	5129226	2075	-0.137
OWNED_p_TCGA_b102_105_SNP_N_GenomeWideSNP_6_C04_777060	1	5134631	5137666	3	-2.414
OWNED_p_TCGA_b102_105_SNP_N_GenomeWideSNP_6_C04_777060	1	5139736	17114634	6696	-0.0845
OWNED_p_TCGA_b102_105_SNP_N_GenomeWideSNP_6_C04_777060	1	17114712	17286210	73	-0.6551
OWNED_p_TCGA_b102_105_SNP_N_GenomeWideSNP_6_C04_777060	1	17286319	58003804	23626	-0.1008
OWNED_p_TCGA_b102_105_SNP_N_GenomeWideSNP_6_C04_777060	1	58004745	58004793	2	-2.3492
OWNED_p_TCGA_b102_105_SNP_N_GenomeWideSNP_6_C04_777060	1	58005178	70997442	9265	-0.1294
OWNED_p_TCGA_b102_105_SNP_N_GenomeWideSNP_6_C04_777060	1	70997811	70999657	6	-1.5246
OWNED_p_TCGA_b102_105_SNP_N_GenomeWideSNP_6_C04_777060	1	71000598	72773413	1139	-0.1803
OWNED_p_TCGA_b102_105_SNP_N_GenomeWideSNP_6_C04_777060	1	72773429	72775134	2	-2.2374
OWNED_p_TCGA_b102_105_SNP_N_GenomeWideSNP_6_C04_777060	1	72779080	106019205	21008	-0.1516
OWNED_p_TCGA_b102_105_SNP_N_GenomeWideSNP_6_C04_777060	1	106019236	106022375	16	-1.65
OWNED_p_TCGA_b102_105_SNP_N_GenomeWideSNP_6_C04_777060	1	106024055	108729759	1936	-0.1518
OWNED_p_TCGA_b102_105_SNP_N_GenomeWideSNP_6_C04_777060	1	108734235	108737496	3	-2.015
OWNED_p_TCGA_b102_105_SNP_N_GenomeWideSNP_6_C04_777060	1	108739104	112688311	2690	-0.1365
OWNED_p_TCGA_b102_105_SNP_N_GenomeWideSNP_6_C04_777060	1	112690211	112697376	27	0.3058
OWNED_p_TCGA_b102_105_SNP_N_GenomeWideSNP_6_C04_777060	1	112697390	149242663	6463	-0.1402
OWNED_p_TCGA_b102_105_SNP_N_GenomeWideSNP_6_C04_777060	1	149242725	149254329	20	0.4057
OWNED_p_TCGA_b102_105_SNP_N_GenomeWideSNP_6_C04_777060	1	149254920	152762285	1738	-0.1255
OWNED_p_TCGA_b102_105_SNP_N_GenomeWideSNP_6_C04_777060	1	152762394	152768700	30	0.4085
OWNED_p_TCGA_b102_105_SNP_N_GenomeWideSNP_6_C04_777060	1	152773905	166452575	9189	-0.1304
OWNED_p_TCGA_b102_105_SNP_N_GenomeWideSNP_6_C04_777060	1	166456387	166456476	2	-3.5112
OWNED_p_TCGA_b102_105_SNP_N_GenomeWideSNP_6_C04_777060	1	166456633	249224388	56184	-0.1444
OWNED_p_TCGA_b102_105_SNP_N_GenomeWideSNP_6_C04_777060	2	12784	15703	2	-0.625
OWNED_p_TCGA_b102_105_SNP_N_GenomeWideSNP_6_C04_777060	2	16411	34685280	24066	0.2501
OWNED_p_TCGA_b102_105_SNP_N_GenomeWideSNP_6_C04_777060	2	34691069	34737057	47	-1.0016
OWNED_p_TCGA_b102_105_SNP_N_GenomeWideSNP_6_C04_777060	2	34737163	52754881	13024	0.2408
OWNED_p_TCGA_b102_105_SNP_N_GenomeWideSNP_6_C04_777060	2	52758753	52781542	33	0.8627
OWNED_p_TCGA_b102_105_SNP_N_GenomeWideSNP_6_C04_777060	2	52787949	55322895	1966	0.2464
OWNED_p_TCGA_b102_105_SNP_N_GenomeWideSNP_6_C04_777060	2	55324288	55325221	12	-1.4548
OWNED_p_TCGA_b102_105_SNP_N_GenomeWideSNP_6_C04_777060	2	55325331	55326133	3	-3.427
OWNED_p_TCGA_b102_105_SNP_N_GenomeWideSNP_6_C04_777060	2	55327091	55330328	22	-1.3076
OWNED_p_TCGA_b102_105_SNP_N_GenomeWideSNP_6_C04_777060	2	55330331	87123751	19973	0.2383
OWNED_p_TCGA_b102_105_SNP_N_GenomeWideSNP_6_C04_777060	2	87124134	87278884	10	-0.4912
OWNED_p_TCGA_b102_105_SNP_N_GenomeWideSNP_6_C04_777060	2	87287601	87994641	198	0.0909
OWNED_p_TCGA_b102_105_SNP_N_GenomeWideSNP_6_C04_777060	2	87996372	88052330	4	-0.5456
OWNED_p_TCGA_b102_105_SNP_N_GenomeWideSNP_6_C04_777060	2	88134764	98025647	1865	0.2266
OWNED_p_TCGA_b102_105_SNP_N_GenomeWideSNP_6_C04_777060	2	98063372	98166878	13	-0.3788
OWNED_p_TCGA_b102_105_SNP_N_GenomeWideSNP_6_C04_777060	2	98168606	106384498	5144	0.2534
OWNED_p_TCGA_b102_105_SNP_N_GenomeWideSNP_6_C04_777060	2	106384517	106386865	2	1.959
OWNED_p_TCGA_b102_105_SNP_N_GenomeWideSNP_6_C04_777060	2	106388912	106874722	425	0.273
OWNED_p_TCGA_b102_105_SNP_N_GenomeWideSNP_6_C04_777060	2	106880095	106885357	12	-1.1185
OWNED_p_TCGA_b102_105_SNP_N_GenomeWideSNP_6_C04_777060	2	106887255	130241617	13953	0.2421
OWNED_p_TCGA_b102_105_SNP_N_GenomeWideSNP_6_C04_777060	2	130242530	130246343	4	-1.6665
OWNED_p_TCGA_b102_105_SNP_N_GenomeWideSNP_6_C04_777060	2	130246833	132943235	1085	0.2003
OWNED_p_TCGA_b102_105_SNP_N_GenomeWideSNP_6_C04_777060	2	132950083	133103441	34	0.6176
OWNED_p_TCGA_b102_105_SNP_N_GenomeWideSNP_6_C04_777060	2	133108026	146864583	8848	0.2126
OWNED_p_TCGA_b102_105_SNP_N_GenomeWideSNP_6_C04_777060	2	146865079	146866934	19	-1.1107
OWNED_p_TCGA_b102_105_SNP_N_GenomeWideSNP_6_C04_777060	2	146877806	175386176	17369	0.234
OWNED_p_TCGA_b102_105_SNP_N_GenomeWideSNP_6_C04_777060	2	175386673	175386861	2	-1.2096
OWNED_p_TCGA_b102_105_SNP_N_GenomeWideSNP_6_C04_777060	2	175391691	184794400	5910	0.2331
OWNED_p_TCGA_b102_105_SNP_N_GenomeWideSNP_6_C04_777060	2	184794514	184802441	16	-1.3783
OWNED_p_TCGA_b102_105_SNP_N_GenomeWideSNP_6_C04_777060	2	184808589	213369618	16866	0.2325
OWNED_p_TCGA_b102_105_SNP_N_GenomeWideSNP_6_C04_777060	2	213370362	213370702	2	-1.9479
OWNED_p_TCGA_b102_105_SNP_N_GenomeWideSNP_6_C04_777060	2	213372988	221447084	5159	0.2426
OWNED_p_TCGA_b102_105_SNP_N_GenomeWideSNP_6_C04_777060	2	221447143	221447556	2	-1.5697
OWNED_p_TCGA_b102_105_SNP_N_GenomeWideSNP_6_C04_777060	2	221447590	224169311	1856	0.2501
OWNED_p_TCGA_b102_105_SNP_N_GenomeWideSNP_6_C04_777060	2	224174377	243089456	11876	-0.1622
OWNED_p_TCGA_b102_105_SNP_N_GenomeWideSNP_6_C04_777060	3	60345	10257620	8676	-0.1463
OWNED_p_TCGA_b102_105_SNP_N_GenomeWideSNP_6_C04_777060	3	10258192	10258579	2	-2.2383
OWNED_p_TCGA_b102_105_SNP_N_GenomeWideSNP_6_C04_777060	3	10258897	16239063	4228	-0.105
OWNED_p_TCGA_b102_105_SNP_N_GenomeWideSNP_6_C04_777060	3	16240556	16241179	6	-2.0515
OWNED_p_TCGA_b102_105_SNP_N_GenomeWideSNP_6_C04_777060	3	16241325	37977417	14697	-0.1358
OWNED_p_TCGA_b102_105_SNP_N_GenomeWideSNP_6_C04_777060	3	37982108	37986928	18	-0.9409
OWNED_p_TCGA_b102_105_SNP_N_GenomeWideSNP_6_C04_777060	3	37987106	47478509	5839	-0.1116
OWNED_p_TCGA_b102_105_SNP_N_GenomeWideSNP_6_C04_777060	3	47491822	47492720	2	-1.8544
OWNED_p_TCGA_b102_105_SNP_N_GenomeWideSNP_6_C04_777060	3	47497214	75421170	19136	-0.1215
OWNED_p_TCGA_b102_105_SNP_N_GenomeWideSNP_6_C04_777060	3	75427107	75568549	60	-0.7641
OWNED_p_TCGA_b102_105_SNP_N_GenomeWideSNP_6_C04_777060	3	75572549	86211943	5900	-0.1572
OWNED_p_TCGA_b102_105_SNP_N_GenomeWideSNP_6_C04_777060	3	86214275	129766586	23889	0.443
OWNED_p_TCGA_b102_105_SNP_N_GenomeWideSNP_6_C04_777060	3	129775858	129806236	50	-0.4074
OWNED_p_TCGA_b102_105_SNP_N_GenomeWideSNP_6_C04_777060	3	129806924	137033060	4501	0.4547
OWNED_p_TCGA_b102_105_SNP_N_GenomeWideSNP_6_C04_777060	3	137033260	137033263	3	-1.2153
OWNED_p_TCGA_b102_105_SNP_N_GenomeWideSNP_6_C04_777060	3	137033422	162123366	15492	0.4403
OWNED_p_TCGA_b102_105_SNP_N_GenomeWideSNP_6_C04_777060	3	162137600	162142705	14	-0.4607
OWNED_p_TCGA_b102_105_SNP_N_GenomeWideSNP_6_C04_777060	3	162144248	192877902	19518	0.4389
OWNED_p_TCGA_b102_105_SNP_N_GenomeWideSNP_6_C04_777060	3	192877962	192882903	19	1.9686
OWNED_p_TCGA_b102_105_SNP_N_GenomeWideSNP_6_C04_777060	3	192886435	195456048	1521	0.4955
OWNED_p_TCGA_b102_105_SNP_N_GenomeWideSNP_6_C04_777060	3	195456889	195474763	11	1.2183
OWNED_p_TCGA_b102_105_SNP_N_GenomeWideSNP_6_C04_777060	3	195478694	197845216	1154	0.4475
OWNED_p_TCGA_b102_105_SNP_N_GenomeWideSNP_6_C04_777060	3	197845571	197896118	19	-0.0282
OWNED_p_TCGA_b102_105_SNP_N_GenomeWideSNP_6_C04_777060	4	12281	10210390	5768	-0.1127
OWNED_p_TCGA_b102_105_SNP_N_GenomeWideSNP_6_C04_777060	4	10223416	10231498	28	-1.2227
OWNED_p_TCGA_b102_105_SNP_N_GenomeWideSNP_6_C04_777060	4	10234214	34778975	16958	-0.1457
OWNED_p_TCGA_b102_105_SNP_N_GenomeWideSNP_6_C04_777060	4	34779004	34816071	35	0.2202
OWNED_p_TCGA_b102_105_SNP_N_GenomeWideSNP_6_C04_777060	4	34818480	63667834	15989	-0.1438
OWNED_p_TCGA_b102_105_SNP_N_GenomeWideSNP_6_C04_777060	4	63669936	63671662	8	-1.4449
OWNED_p_TCGA_b102_105_SNP_N_GenomeWideSNP_6_C04_777060	4	63679630	69261064	3441	-0.1494
OWNED_p_TCGA_b102_105_SNP_N_GenomeWideSNP_6_C04_777060	4	69282205	69506334	88	0.3169
OWNED_p_TCGA_b102_105_SNP_N_GenomeWideSNP_6_C04_777060	4	69521409	91051637	13316	-0.1246
OWNED_p_TCGA_b102_105_SNP_N_GenomeWideSNP_6_C04_777060	4	91057794	91155780	48	-0.6971
OWNED_p_TCGA_b102_105_SNP_N_GenomeWideSNP_6_C04_777060	4	91156917	152791637	36423	-0.1492
OWNED_p_TCGA_b102_105_SNP_N_GenomeWideSNP_6_C04_777060	4	152791654	152792567	10	-1.4204
OWNED_p_TCGA_b102_105_SNP_N_GenomeWideSNP_6_C04_777060	4	152792891	156956632	2787	-0.1437
OWNED_p_TCGA_b102_105_SNP_N_GenomeWideSNP_6_C04_777060	4	156967975	156974697	17	-0.7476
OWNED_p_TCGA_b102_105_SNP_N_GenomeWideSNP_6_C04_777060	4	156977628	191027923	22247	-0.1493
OWNED_p_TCGA_b102_105_SNP_N_GenomeWideSNP_6_C04_777060	5	15532	685504	305	-0.1123
OWNED_p_TCGA_b102_105_SNP_N_GenomeWideSNP_6_C04_777060	5	685748	817992	46	-0.7289
OWNED_p_TCGA_b102_105_SNP_N_GenomeWideSNP_6_C04_777060	5	818541	17500826	13003	-0.1465
OWNED_p_TCGA_b102_105_SNP_N_GenomeWideSNP_6_C04_777060	5	17501965	17502872	2	-0.8787
OWNED_p_TCGA_b102_105_SNP_N_GenomeWideSNP_6_C04_777060	5	17503652	17503951	2	-2.9785
OWNED_p_TCGA_b102_105_SNP_N_GenomeWideSNP_6_C04_777060	5	17504177	52402048	19077	-0.1548
OWNED_p_TCGA_b102_105_SNP_N_GenomeWideSNP_6_C04_777060	5	52404519	52405282	2	-3.196
OWNED_p_TCGA_b102_105_SNP_N_GenomeWideSNP_6_C04_777060	5	52409439	152316458	61431	-0.1531
OWNED_p_TCGA_b102_105_SNP_N_GenomeWideSNP_6_C04_777060	5	152317232	152325590	10	-1.1002
OWNED_p_TCGA_b102_105_SNP_N_GenomeWideSNP_6_C04_777060	5	152326018	175460087	16211	-0.1375
OWNED_p_TCGA_b102_105_SNP_N_GenomeWideSNP_6_C04_777060	5	175465689	175469507	2	-1.8443
OWNED_p_TCGA_b102_105_SNP_N_GenomeWideSNP_6_C04_777060	5	175470324	180374523	2528	-0.119
OWNED_p_TCGA_b102_105_SNP_N_GenomeWideSNP_6_C04_777060	5	180378710	180418103	19	-1.2658
OWNED_p_TCGA_b102_105_SNP_N_GenomeWideSNP_6_C04_777060	5	180433225	180790320	169	-0.2426
OWNED_p_TCGA_b102_105_SNP_N_GenomeWideSNP_6_C04_777060	6	149661	3033627	2421	-0.1196
OWNED_p_TCGA_b102_105_SNP_N_GenomeWideSNP_6_C04_777060	6	3033805	11878158	6841	-0.823
OWNED_p_TCGA_b102_105_SNP_N_GenomeWideSNP_6_C04_777060	6	11878244	29876959	12319	-0.1328
OWNED_p_TCGA_b102_105_SNP_N_GenomeWideSNP_6_C04_777060	6	29881026	29898897	7	-1.9565
OWNED_p_TCGA_b102_105_SNP_N_GenomeWideSNP_6_C04_777060	6	29899677	31286276	649	-0.137
OWNED_p_TCGA_b102_105_SNP_N_GenomeWideSNP_6_C04_777060	6	31286305	31295406	6	1.9564
OWNED_p_TCGA_b102_105_SNP_N_GenomeWideSNP_6_C04_777060	6	31295953	32578082	549	-0.1611
OWNED_p_TCGA_b102_105_SNP_N_GenomeWideSNP_6_C04_777060	6	32578970	32604372	17	-0.6976
OWNED_p_TCGA_b102_105_SNP_N_GenomeWideSNP_6_C04_777060	6	32605576	57349214	15751	-0.1271
OWNED_p_TCGA_b102_105_SNP_N_GenomeWideSNP_6_C04_777060	6	57349839	57396222	21	-0.6745
OWNED_p_TCGA_b102_105_SNP_N_GenomeWideSNP_6_C04_777060	6	57400691	78971697	11220	-0.1503
OWNED_p_TCGA_b102_105_SNP_N_GenomeWideSNP_6_C04_777060	6	78971712	79041809	115	0.172
OWNED_p_TCGA_b102_105_SNP_N_GenomeWideSNP_6_C04_777060	6	79045766	94486578	9897	-0.1411
OWNED_p_TCGA_b102_105_SNP_N_GenomeWideSNP_6_C04_777060	6	94487095	94773351	179	-0.7793
OWNED_p_TCGA_b102_105_SNP_N_GenomeWideSNP_6_C04_777060	6	94775437	169783751	48828	-0.1426
OWNED_p_TCGA_b102_105_SNP_N_GenomeWideSNP_6_C04_777060	6	169789010	169789993	3	-2.1451
OWNED_p_TCGA_b102_105_SNP_N_GenomeWideSNP_6_C04_777060	6	169790050	171051005	699	-0.1296
OWNED_p_TCGA_b102_105_SNP_N_GenomeWideSNP_6_C04_777060	7	43355	81400	34	0.7008
OWNED_p_TCGA_b102_105_SNP_N_GenomeWideSNP_6_C04_777060	7	83656	9075294	5294	0.2766
OWNED_p_TCGA_b102_105_SNP_N_GenomeWideSNP_6_C04_777060	7	9075309	9075919	4	0.7895
OWNED_p_TCGA_b102_105_SNP_N_GenomeWideSNP_6_C04_777060	7	9076060	22434780	10748	0.2408
OWNED_p_TCGA_b102_105_SNP_N_GenomeWideSNP_6_C04_777060	7	22435472	22436487	2	-2.6928
OWNED_p_TCGA_b102_105_SNP_N_GenomeWideSNP_6_C04_777060	7	22438754	53458290	21794	0.2591
OWNED_p_TCGA_b102_105_SNP_N_GenomeWideSNP_6_C04_777060	7	53458853	53590747	71	-0.7812
OWNED_p_TCGA_b102_105_SNP_N_GenomeWideSNP_6_C04_777060	7	53593511	54380373	581	0.2051
OWNED_p_TCGA_b102_105_SNP_N_GenomeWideSNP_6_C04_777060	7	54386505	54386517	6	-1.2865
OWNED_p_TCGA_b102_105_SNP_N_GenomeWideSNP_6_C04_777060	7	54393488	70420438	6292	0.2518
OWNED_p_TCGA_b102_105_SNP_N_GenomeWideSNP_6_C04_777060	7	70423250	70426141	2	-1.596
OWNED_p_TCGA_b102_105_SNP_N_GenomeWideSNP_6_C04_777060	7	70428243	126045556	32541	0.2692
OWNED_p_TCGA_b102_105_SNP_N_GenomeWideSNP_6_C04_777060	7	126045651	126046881	16	-0.8712
OWNED_p_TCGA_b102_105_SNP_N_GenomeWideSNP_6_C04_777060	7	126052766	159127004	21008	0.2904
OWNED_p_TCGA_b102_105_SNP_N_GenomeWideSNP_6_C04_777060	8	31254	3577990	3065	-0.8411
OWNED_p_TCGA_b102_105_SNP_N_GenomeWideSNP_6_C04_777060	8	3578032	3578304	2	-7.2119
OWNED_p_TCGA_b102_105_SNP_N_GenomeWideSNP_6_C04_777060	8	3578650	9070829	5768	-0.8183
OWNED_p_TCGA_b102_105_SNP_N_GenomeWideSNP_6_C04_777060	8	9070973	9072729	3	-7.5792
OWNED_p_TCGA_b102_105_SNP_N_GenomeWideSNP_6_C04_777060	8	9072933	13554291	3327	-0.8392
OWNED_p_TCGA_b102_105_SNP_N_GenomeWideSNP_6_C04_777060	8	13556400	13572288	15	-2.0358
OWNED_p_TCGA_b102_105_SNP_N_GenomeWideSNP_6_C04_777060	8	13572597	15944079	2234	-0.8132
OWNED_p_TCGA_b102_105_SNP_N_GenomeWideSNP_6_C04_777060	8	15944307	16021468	74	-3.7936
OWNED_p_TCGA_b102_105_SNP_N_GenomeWideSNP_6_C04_777060	8	16024223	28219244	9467	-0.7827
OWNED_p_TCGA_b102_105_SNP_N_GenomeWideSNP_6_C04_777060	8	28219309	28227144	3	-4.9067
OWNED_p_TCGA_b102_105_SNP_N_GenomeWideSNP_6_C04_777060	8	28227332	35174828	4248	-0.7868
OWNED_p_TCGA_b102_105_SNP_N_GenomeWideSNP_6_C04_777060	8	35177899	36052573	459	0.7057
OWNED_p_TCGA_b102_105_SNP_N_GenomeWideSNP_6_C04_777060	8	36059233	36059320	3	-0.8599
OWNED_p_TCGA_b102_105_SNP_N_GenomeWideSNP_6_C04_777060	8	36059833	36383681	178	0.714
OWNED_p_TCGA_b102_105_SNP_N_GenomeWideSNP_6_C04_777060	8	36386454	36760272	194	-0.7229
OWNED_p_TCGA_b102_105_SNP_N_GenomeWideSNP_6_C04_777060	8	36760400	39230659	1337	0.7559
OWNED_p_TCGA_b102_105_SNP_N_GenomeWideSNP_6_C04_777060	8	39235603	39386965	58	1.5048
OWNED_p_TCGA_b102_105_SNP_N_GenomeWideSNP_6_C04_777060	8	39388299	46863535	2590	0.7363
OWNED_p_TCGA_b102_105_SNP_N_GenomeWideSNP_6_C04_777060	8	46912027	46912314	2	-1.3051
OWNED_p_TCGA_b102_105_SNP_N_GenomeWideSNP_6_C04_777060	8	46919273	72212365	15310	0.7018
OWNED_p_TCGA_b102_105_SNP_N_GenomeWideSNP_6_C04_777060	8	72215311	72216599	9	-0.4074
OWNED_p_TCGA_b102_105_SNP_N_GenomeWideSNP_6_C04_777060	8	72219863	79174499	4441	0.6972
OWNED_p_TCGA_b102_105_SNP_N_GenomeWideSNP_6_C04_777060	8	79178614	79185324	5	-0.9593
OWNED_p_TCGA_b102_105_SNP_N_GenomeWideSNP_6_C04_777060	8	79188614	112291494	19665	0.7001
OWNED_p_TCGA_b102_105_SNP_N_GenomeWideSNP_6_C04_777060	8	112294279	112295260	10	1.816
OWNED_p_TCGA_b102_105_SNP_N_GenomeWideSNP_6_C04_777060	8	112300281	146298155	22925	0.7235
OWNED_p_TCGA_b102_105_SNP_N_GenomeWideSNP_6_C04_777060	9	46587	721075	708	-0.1547
OWNED_p_TCGA_b102_105_SNP_N_GenomeWideSNP_6_C04_777060	9	721717	739588	15	0.5684
OWNED_p_TCGA_b102_105_SNP_N_GenomeWideSNP_6_C04_777060	9	739812	24500840	20484	-0.1447
OWNED_p_TCGA_b102_105_SNP_N_GenomeWideSNP_6_C04_777060	9	24503816	24517682	19	-1.7779
OWNED_p_TCGA_b102_105_SNP_N_GenomeWideSNP_6_C04_777060	9	24519684	43315974	10064	-0.1434
OWNED_p_TCGA_b102_105_SNP_N_GenomeWideSNP_6_C04_777060	9	43472537	44145352	42	-0.8988
OWNED_p_TCGA_b102_105_SNP_N_GenomeWideSNP_6_C04_777060	9	44155888	69178886	357	-0.0733
OWNED_p_TCGA_b102_105_SNP_N_GenomeWideSNP_6_C04_777060	9	69178901	69831357	48	-0.5262
OWNED_p_TCGA_b102_105_SNP_N_GenomeWideSNP_6_C04_777060	9	69831983	140234409	47509	-0.127
OWNED_p_TCGA_b102_105_SNP_N_GenomeWideSNP_6_C04_777060	9	140250818	140255833	8	0.8533
OWNED_p_TCGA_b102_105_SNP_N_GenomeWideSNP_6_C04_777060	9	140273003	141091394	412	-0.1005
OWNED_p_TCGA_b102_105_SNP_N_GenomeWideSNP_6_C04_777060	10	72759	24375263	19178	-0.1424
OWNED_p_TCGA_b102_105_SNP_N_GenomeWideSNP_6_C04_777060	10	24377674	24378054	11	-1.4211
OWNED_p_TCGA_b102_105_SNP_N_GenomeWideSNP_6_C04_777060	10	24378908	31246510	5031	-0.1471
OWNED_p_TCGA_b102_105_SNP_N_GenomeWideSNP_6_C04_777060	10	31251334	31251738	10	-1.7259
OWNED_p_TCGA_b102_105_SNP_N_GenomeWideSNP_6_C04_777060	10	31251779	46691480	7241	-0.1431
OWNED_p_TCGA_b102_105_SNP_N_GenomeWideSNP_6_C04_777060	10	46917315	46932195	4	-2.5612
OWNED_p_TCGA_b102_105_SNP_N_GenomeWideSNP_6_C04_777060	10	46943377	47592268	197	-0.2
OWNED_p_TCGA_b102_105_SNP_N_GenomeWideSNP_6_C04_777060	10	47592472	47596804	5	-1.8946
OWNED_p_TCGA_b102_105_SNP_N_GenomeWideSNP_6_C04_777060	10	47596842	85030890	24649	-0.1441
OWNED_p_TCGA_b102_105_SNP_N_GenomeWideSNP_6_C04_777060	10	85032258	85032386	2	-3.1777
OWNED_p_TCGA_b102_105_SNP_N_GenomeWideSNP_6_C04_777060	10	85033965	120031074	23133	-0.1361
OWNED_p_TCGA_b102_105_SNP_N_GenomeWideSNP_6_C04_777060	10	120031952	120032416	2	-2.1905
OWNED_p_TCGA_b102_105_SNP_N_GenomeWideSNP_6_C04_777060	10	120034243	132515601	9517	-0.1334
OWNED_p_TCGA_b102_105_SNP_N_GenomeWideSNP_6_C04_777060	10	132515935	132552446	36	-0.7532
OWNED_p_TCGA_b102_105_SNP_N_GenomeWideSNP_6_C04_777060	10	132556381	135506704	1751	-0.1896
OWNED_p_TCGA_b102_105_SNP_N_GenomeWideSNP_6_C04_777060	11	198510	5787405	3292	-0.125
OWNED_p_TCGA_b102_105_SNP_N_GenomeWideSNP_6_C04_777060	11	5788080	5809139	32	-2.1783
OWNED_p_TCGA_b102_105_SNP_N_GenomeWideSNP_6_C04_777060	11	5809338	15237116	6924	-0.1093
OWNED_p_TCGA_b102_105_SNP_N_GenomeWideSNP_6_C04_777060	11	15237241	15237493	2	-2.2526
OWNED_p_TCGA_b102_105_SNP_N_GenomeWideSNP_6_C04_777060	11	15238209	74071072	33927	-0.1421
OWNED_p_TCGA_b102_105_SNP_N_GenomeWideSNP_6_C04_777060	11	74077158	74098783	23	-0.6807
OWNED_p_TCGA_b102_105_SNP_N_GenomeWideSNP_6_C04_777060	11	74114801	79966832	3654	-0.1232
OWNED_p_TCGA_b102_105_SNP_N_GenomeWideSNP_6_C04_777060	11	79967182	79967564	6	-1.6232
OWNED_p_TCGA_b102_105_SNP_N_GenomeWideSNP_6_C04_777060	11	79967686	124085046	30758	-0.1434
OWNED_p_TCGA_b102_105_SNP_N_GenomeWideSNP_6_C04_777060	11	124085462	124096055	13	-0.7022
OWNED_p_TCGA_b102_105_SNP_N_GenomeWideSNP_6_C04_777060	11	124102798	134944770	8230	-0.1491
OWNED_p_TCGA_b102_105_SNP_N_GenomeWideSNP_6_C04_777060	12	150442	9460534	6121	0.5153
OWNED_p_TCGA_b102_105_SNP_N_GenomeWideSNP_6_C04_777060	12	9461228	9467809	2	-1.6672
OWNED_p_TCGA_b102_105_SNP_N_GenomeWideSNP_6_C04_777060	12	9472365	9630556	81	0.441
OWNED_p_TCGA_b102_105_SNP_N_GenomeWideSNP_6_C04_777060	12	9633870	9728292	25	1.3644
OWNED_p_TCGA_b102_105_SNP_N_GenomeWideSNP_6_C04_777060	12	9734969	10580460	635	0.4497
OWNED_p_TCGA_b102_105_SNP_N_GenomeWideSNP_6_C04_777060	12	10583367	10595806	5	-0.3905
OWNED_p_TCGA_b102_105_SNP_N_GenomeWideSNP_6_C04_777060	12	10596720	19058618	5730	0.4902
OWNED_p_TCGA_b102_105_SNP_N_GenomeWideSNP_6_C04_777060	12	19058834	30239267	7965	0.8733
OWNED_p_TCGA_b102_105_SNP_N_GenomeWideSNP_6_C04_777060	12	30239314	30243575	18	-0.0969
OWNED_p_TCGA_b102_105_SNP_N_GenomeWideSNP_6_C04_777060	12	30243590	34317844	2935	0.8983
OWNED_p_TCGA_b102_105_SNP_N_GenomeWideSNP_6_C04_777060	12	34320518	45899825	4986	0.4256
OWNED_p_TCGA_b102_105_SNP_N_GenomeWideSNP_6_C04_777060	12	45904438	45909537	4	-1.8197
OWNED_p_TCGA_b102_105_SNP_N_GenomeWideSNP_6_C04_777060	12	45913292	59978203	8131	0.3053
OWNED_p_TCGA_b102_105_SNP_N_GenomeWideSNP_6_C04_777060	12	59979037	63305683	2070	-0.1823
OWNED_p_TCGA_b102_105_SNP_N_GenomeWideSNP_6_C04_777060	12	63306735	63640869	255	0.2778
OWNED_p_TCGA_b102_105_SNP_N_GenomeWideSNP_6_C04_777060	12	63641590	76393460	8185	-0.1525
OWNED_p_TCGA_b102_105_SNP_N_GenomeWideSNP_6_C04_777060	12	76395625	76397105	2	-2.0867
OWNED_p_TCGA_b102_105_SNP_N_GenomeWideSNP_6_C04_777060	12	76397196	76466230	46	-0.1742
OWNED_p_TCGA_b102_105_SNP_N_GenomeWideSNP_6_C04_777060	12	76466623	76856533	209	0.2868
OWNED_p_TCGA_b102_105_SNP_N_GenomeWideSNP_6_C04_777060	12	76859939	77112010	140	0.5735
OWNED_p_TCGA_b102_105_SNP_N_GenomeWideSNP_6_C04_777060	12	77112627	84163187	4567	0.2346
OWNED_p_TCGA_b102_105_SNP_N_GenomeWideSNP_6_C04_777060	12	84163290	84163348	2	-1.1839
OWNED_p_TCGA_b102_105_SNP_N_GenomeWideSNP_6_C04_777060	12	84165241	91550024	4326	0.2376
OWNED_p_TCGA_b102_105_SNP_N_GenomeWideSNP_6_C04_777060	12	91552454	133778189	28433	-0.1429
OWNED_p_TCGA_b102_105_SNP_N_GenomeWideSNP_6_C04_777060	13	19026949	38070370	13543	0.7068
OWNED_p_TCGA_b102_105_SNP_N_GenomeWideSNP_6_C04_777060	13	38071135	38084757	17	1.3889
OWNED_p_TCGA_b102_105_SNP_N_GenomeWideSNP_6_C04_777060	13	38088330	89435868	32580	0.6655
OWNED_p_TCGA_b102_105_SNP_N_GenomeWideSNP_6_C04_777060	13	89439397	89443490	3	1.9675
OWNED_p_TCGA_b102_105_SNP_N_GenomeWideSNP_6_C04_777060	13	89444144	115108397	18107	0.7053
OWNED_p_TCGA_b102_105_SNP_N_GenomeWideSNP_6_C04_777060	14	19002124	20422583	188	-0.4475
OWNED_p_TCGA_b102_105_SNP_N_GenomeWideSNP_6_C04_777060	14	20423372	106541753	54773	-0.1285
OWNED_p_TCGA_b102_105_SNP_N_GenomeWideSNP_6_C04_777060	14	106542277	106567100	12	0.8235
OWNED_p_TCGA_b102_105_SNP_N_GenomeWideSNP_6_C04_777060	14	106569463	106796228	104	-0.1258
OWNED_p_TCGA_b102_105_SNP_N_GenomeWideSNP_6_C04_777060	14	106796697	106821736	9	-0.7742
OWNED_p_TCGA_b102_105_SNP_N_GenomeWideSNP_6_C04_777060	14	106825916	106882342	32	-0.1413
OWNED_p_TCGA_b102_105_SNP_N_GenomeWideSNP_6_C04_777060	14	106889379	106914651	43	0.2516
OWNED_p_TCGA_b102_105_SNP_N_GenomeWideSNP_6_C04_777060	14	106918048	107285437	228	-0.1493
OWNED_p_TCGA_b102_105_SNP_N_GenomeWideSNP_6_C04_777060	15	20016328	20412026	64	-0.1375
OWNED_p_TCGA_b102_105_SNP_N_GenomeWideSNP_6_C04_777060	15	20412478	22587474	356	-0.5615
OWNED_p_TCGA_b102_105_SNP_N_GenomeWideSNP_6_C04_777060	15	22673399	22873206	88	0.9126
OWNED_p_TCGA_b102_105_SNP_N_GenomeWideSNP_6_C04_777060	15	22874386	23487546	229	-0.1049
OWNED_p_TCGA_b102_105_SNP_N_GenomeWideSNP_6_C04_777060	15	23641514	23872206	162	1.0136
OWNED_p_TCGA_b102_105_SNP_N_GenomeWideSNP_6_C04_777060	15	23877411	24397392	397	-0.145
OWNED_p_TCGA_b102_105_SNP_N_GenomeWideSNP_6_C04_777060	15	24397562	24398731	3	-2.632
OWNED_p_TCGA_b102_105_SNP_N_GenomeWideSNP_6_C04_777060	15	24398927	30545030	3818	-0.1832
OWNED_p_TCGA_b102_105_SNP_N_GenomeWideSNP_6_C04_777060	15	30545493	30562770	7	-1.0699
OWNED_p_TCGA_b102_105_SNP_N_GenomeWideSNP_6_C04_777060	15	30566902	55136950	15381	-0.1355
OWNED_p_TCGA_b102_105_SNP_N_GenomeWideSNP_6_C04_777060	15	55137068	55137206	3	-2.2388
OWNED_p_TCGA_b102_105_SNP_N_GenomeWideSNP_6_C04_777060	15	55137606	76891241	13723	-0.1261
OWNED_p_TCGA_b102_105_SNP_N_GenomeWideSNP_6_C04_777060	15	76891511	76895775	21	0.5461
OWNED_p_TCGA_b102_105_SNP_N_GenomeWideSNP_6_C04_777060	15	76902179	102469040	17623	-0.1473
OWNED_p_TCGA_b102_105_SNP_N_GenomeWideSNP_6_C04_777060	16	60777	5845200	2919	0.2917
OWNED_p_TCGA_b102_105_SNP_N_GenomeWideSNP_6_C04_777060	16	5849969	6165126	362	-0.1664
OWNED_p_TCGA_b102_105_SNP_N_GenomeWideSNP_6_C04_777060	16	6166684	14718980	7800	0.2569
OWNED_p_TCGA_b102_105_SNP_N_GenomeWideSNP_6_C04_777060	16	14744986	14835067	15	0.7696
OWNED_p_TCGA_b102_105_SNP_N_GenomeWideSNP_6_C04_777060	16	14888595	69127351	24512	0.2643
OWNED_p_TCGA_b102_105_SNP_N_GenomeWideSNP_6_C04_777060	16	69131964	77741580	5478	-0.1048
OWNED_p_TCGA_b102_105_SNP_N_GenomeWideSNP_6_C04_777060	16	77742082	77742146	2	-4.0742
OWNED_p_TCGA_b102_105_SNP_N_GenomeWideSNP_6_C04_777060	16	77742174	84455961	7331	-0.136
OWNED_p_TCGA_b102_105_SNP_N_GenomeWideSNP_6_C04_777060	16	84456705	90287535	3909	0.2917
OWNED_p_TCGA_b102_105_SNP_N_GenomeWideSNP_6_C04_777060	17	526	807695	408	-0.1953
OWNED_p_TCGA_b102_105_SNP_N_GenomeWideSNP_6_C04_777060	17	808411	808736	2	-2.3898
OWNED_p_TCGA_b102_105_SNP_N_GenomeWideSNP_6_C04_777060	17	811091	5587103	2538	-0.1112
OWNED_p_TCGA_b102_105_SNP_N_GenomeWideSNP_6_C04_777060	17	5588174	5592164	5	-1.5935
OWNED_p_TCGA_b102_105_SNP_N_GenomeWideSNP_6_C04_777060	17	5598568	15512133	7045	-0.1263
OWNED_p_TCGA_b102_105_SNP_N_GenomeWideSNP_6_C04_777060	17	15513066	15546790	5	-1.6309
OWNED_p_TCGA_b102_105_SNP_N_GenomeWideSNP_6_C04_777060	17	15554278	16846208	538	-0.0986
OWNED_p_TCGA_b102_105_SNP_N_GenomeWideSNP_6_C04_777060	17	16847113	16848750	2	-2.6561
OWNED_p_TCGA_b102_105_SNP_N_GenomeWideSNP_6_C04_777060	17	16848920	17619575	476	-0.0899
OWNED_p_TCGA_b102_105_SNP_N_GenomeWideSNP_6_C04_777060	17	17622136	17632008	9	-0.7624
OWNED_p_TCGA_b102_105_SNP_N_GenomeWideSNP_6_C04_777060	17	17637950	18319862	373	-0.1002
OWNED_p_TCGA_b102_105_SNP_N_GenomeWideSNP_6_C04_777060	17	18355392	18459272	27	-1.226
OWNED_p_TCGA_b102_105_SNP_N_GenomeWideSNP_6_C04_777060	17	18464586	34447127	6905	-0.1258
OWNED_p_TCGA_b102_105_SNP_N_GenomeWideSNP_6_C04_777060	17	34447402	34461489	15	-0.7901
OWNED_p_TCGA_b102_105_SNP_N_GenomeWideSNP_6_C04_777060	17	34461869	39423090	2558	-0.0972
OWNED_p_TCGA_b102_105_SNP_N_GenomeWideSNP_6_C04_777060	17	39423103	39429949	14	0.9598
OWNED_p_TCGA_b102_105_SNP_N_GenomeWideSNP_6_C04_777060	17	39430157	39430450	4	2.6466
OWNED_p_TCGA_b102_105_SNP_N_GenomeWideSNP_6_C04_777060	17	39430531	44157597	2506	-0.0857
OWNED_p_TCGA_b102_105_SNP_N_GenomeWideSNP_6_C04_777060	17	44161867	44364170	130	0.3638
OWNED_p_TCGA_b102_105_SNP_N_GenomeWideSNP_6_C04_777060	17	44394412	81049726	21587	-0.1134
OWNED_p_TCGA_b102_105_SNP_N_GenomeWideSNP_6_C04_777060	18	11543	4046539	2837	-0.7692
OWNED_p_TCGA_b102_105_SNP_N_GenomeWideSNP_6_C04_777060	18	4046575	4046979	4	-4.1656
OWNED_p_TCGA_b102_105_SNP_N_GenomeWideSNP_6_C04_777060	18	4047074	5964811	1337	-0.761
OWNED_p_TCGA_b102_105_SNP_N_GenomeWideSNP_6_C04_777060	18	5965397	5978507	21	-1.7937
OWNED_p_TCGA_b102_105_SNP_N_GenomeWideSNP_6_C04_777060	18	5980877	13182539	5046	-0.7958
OWNED_p_TCGA_b102_105_SNP_N_GenomeWideSNP_6_C04_777060	18	13183317	13184795	2	-5.8808
OWNED_p_TCGA_b102_105_SNP_N_GenomeWideSNP_6_C04_777060	18	13185652	45976708	18375	-0.7454
OWNED_p_TCGA_b102_105_SNP_N_GenomeWideSNP_6_C04_777060	18	45977075	45979867	2	-5.7001
OWNED_p_TCGA_b102_105_SNP_N_GenomeWideSNP_6_C04_777060	18	45979900	78015057	22344	-0.777
OWNED_p_TCGA_b102_105_SNP_N_GenomeWideSNP_6_C04_777060	19	90910	5506659	1584	-0.0902
OWNED_p_TCGA_b102_105_SNP_N_GenomeWideSNP_6_C04_777060	19	5510239	5510580	2	-1.9927
OWNED_p_TCGA_b102_105_SNP_N_GenomeWideSNP_6_C04_777060	19	5510653	19860495	6941	-0.0795
OWNED_p_TCGA_b102_105_SNP_N_GenomeWideSNP_6_C04_777060	19	19861682	19863631	2	-2.2431
OWNED_p_TCGA_b102_105_SNP_N_GenomeWideSNP_6_C04_777060	19	19869344	20594676	414	-0.159
OWNED_p_TCGA_b102_105_SNP_N_GenomeWideSNP_6_C04_777060	19	20596206	20716389	69	-0.6796
OWNED_p_TCGA_b102_105_SNP_N_GenomeWideSNP_6_C04_777060	19	20720881	43713377	11684	-0.1097
OWNED_p_TCGA_b102_105_SNP_N_GenomeWideSNP_6_C04_777060	19	43713734	43766659	17	-0.632
OWNED_p_TCGA_b102_105_SNP_N_GenomeWideSNP_6_C04_777060	19	43767012	59097854	8539	-0.0954
OWNED_p_TCGA_b102_105_SNP_N_GenomeWideSNP_6_C04_777060	20	61305	1560787	1196	-0.1431
OWNED_p_TCGA_b102_105_SNP_N_GenomeWideSNP_6_C04_777060	20	1560802	1593893	45	1.1418
OWNED_p_TCGA_b102_105_SNP_N_GenomeWideSNP_6_C04_777060	20	1597946	14739323	9853	-0.1596
OWNED_p_TCGA_b102_105_SNP_N_GenomeWideSNP_6_C04_777060	20	14739573	14921065	203	-0.7359
OWNED_p_TCGA_b102_105_SNP_N_GenomeWideSNP_6_C04_777060	20	14921234	15283418	280	-2.482
OWNED_p_TCGA_b102_105_SNP_N_GenomeWideSNP_6_C04_777060	20	15283421	15404650	121	-0.6637
OWNED_p_TCGA_b102_105_SNP_N_GenomeWideSNP_6_C04_777060	20	15405321	19642681	3687	-0.1523
OWNED_p_TCGA_b102_105_SNP_N_GenomeWideSNP_6_C04_777060	20	19645569	19709665	51	1.3481
OWNED_p_TCGA_b102_105_SNP_N_GenomeWideSNP_6_C04_777060	20	19711365	40359519	10535	0.9701
OWNED_p_TCGA_b102_105_SNP_N_GenomeWideSNP_6_C04_777060	20	40360023	40360027	5	-0.1908
OWNED_p_TCGA_b102_105_SNP_N_GenomeWideSNP_6_C04_777060	20	40360784	50226813	7118	0.9629
OWNED_p_TCGA_b102_105_SNP_N_GenomeWideSNP_6_C04_777060	20	50227227	50228092	6	-0.0999
OWNED_p_TCGA_b102_105_SNP_N_GenomeWideSNP_6_C04_777060	20	50230076	62915568	9293	1.1163
OWNED_p_TCGA_b102_105_SNP_N_GenomeWideSNP_6_C04_777060	20	62916068	62956153	6	0.2373
OWNED_p_TCGA_b102_105_SNP_N_GenomeWideSNP_6_C04_777060	21	10736871	44716398	22408	-0.1325
OWNED_p_TCGA_b102_105_SNP_N_GenomeWideSNP_6_C04_777060	21	44717003	44726980	3	-2.0641
OWNED_p_TCGA_b102_105_SNP_N_GenomeWideSNP_6_C04_777060	21	44729333	48096957	1914	-0.1416
OWNED_p_TCGA_b102_105_SNP_N_GenomeWideSNP_6_C04_777060	22	16052528	24283098	4564	-0.1364
OWNED_p_TCGA_b102_105_SNP_N_GenomeWideSNP_6_C04_777060	22	24284782	24332933	27	-0.6808
OWNED_p_TCGA_b102_105_SNP_N_GenomeWideSNP_6_C04_777060	22	24337307	51234455	18874	-0.0913
OWNED_p_TCGA_b102_105_SNP_N_GenomeWideSNP_6_C04_777060	X	168477	2822253	190	-0.3268
OWNED_p_TCGA_b102_105_SNP_N_GenomeWideSNP_6_C04_777060	X	2822601	2823658	2	1.3243
OWNED_p_TCGA_b102_105_SNP_N_GenomeWideSNP_6_C04_777060	X	2823683	150292898	81837	0.0206
OWNED_p_TCGA_b102_105_SNP_N_GenomeWideSNP_6_C04_777060	X	150293934	150295459	2	-1.8448
OWNED_p_TCGA_b102_105_SNP_N_GenomeWideSNP_6_C04_777060	X	150296555	155182354	2426	0.1336
OWNED_p_TCGA_b102_105_SNP_N_GenomeWideSNP_6_C04_777060	Y	2650438	2912181	133	-2.2866
OWNED_p_TCGA_b102_105_SNP_N_GenomeWideSNP_6_C04_777060	Y	2915500	6117910	741	-1.7571
OWNED_p_TCGA_b102_105_SNP_N_GenomeWideSNP_6_C04_777060	Y	6120432	6296423	80	-3.3427
OWNED_p_TCGA_b102_105_SNP_N_GenomeWideSNP_6_C04_777060	Y	6299046	19570632	4702	-2.4054
OWNED_p_TCGA_b102_105_SNP_N_GenomeWideSNP_6_C04_777060	Y	19571480	21024613	673	-3.0036
OWNED_p_TCGA_b102_105_SNP_N_GenomeWideSNP_6_C04_777060	Y	21025062	24510518	1274	-2.476
OWNED_p_TCGA_b102_105_SNP_N_GenomeWideSNP_6_C04_777060	Y	24514859	28423938	841	-2.9657
OWNED_p_TCGA_b102_105_SNP_N_GenomeWideSNP_6_C04_777060	Y	28438116	59018259	182	-2.1342
