Sample	Chromosome	Start	End	Num_Probes	Segment_Mean
HELVE_p_TCGA_b139_154_155_SNP_N_GenomeWideSNP_6_B05_808636	1	61735	98588	16	-0.5213
HELVE_p_TCGA_b139_154_155_SNP_N_GenomeWideSNP_6_B05_808636	1	98602	990417	79	-0.0197
HELVE_p_TCGA_b139_154_155_SNP_N_GenomeWideSNP_6_B05_808636	1	990517	12839576	6402	-0.477
HELVE_p_TCGA_b139_154_155_SNP_N_GenomeWideSNP_6_B05_808636	1	12841928	13384168	56	-1.0694
HELVE_p_TCGA_b139_154_155_SNP_N_GenomeWideSNP_6_B05_808636	1	13384254	25583341	7551	-0.4602
HELVE_p_TCGA_b139_154_155_SNP_N_GenomeWideSNP_6_B05_808636	1	25593128	25645658	23	-0.9963
HELVE_p_TCGA_b139_154_155_SNP_N_GenomeWideSNP_6_B05_808636	1	25646184	31262005	2820	-0.4536
HELVE_p_TCGA_b139_154_155_SNP_N_GenomeWideSNP_6_B05_808636	1	31262837	72763370	26011	0.0403
HELVE_p_TCGA_b139_154_155_SNP_N_GenomeWideSNP_6_B05_808636	1	72768418	72811133	47	0.6402
HELVE_p_TCGA_b139_154_155_SNP_N_GenomeWideSNP_6_B05_808636	1	72811148	104159384	20079	0.0389
HELVE_p_TCGA_b139_154_155_SNP_N_GenomeWideSNP_6_B05_808636	1	104163499	104259444	23	0.7561
HELVE_p_TCGA_b139_154_155_SNP_N_GenomeWideSNP_6_B05_808636	1	104260032	106019205	924	0.0345
HELVE_p_TCGA_b139_154_155_SNP_N_GenomeWideSNP_6_B05_808636	1	106019236	106022375	16	-1.6517
HELVE_p_TCGA_b139_154_155_SNP_N_GenomeWideSNP_6_B05_808636	1	106024055	110232974	2672	0.0361
HELVE_p_TCGA_b139_154_155_SNP_N_GenomeWideSNP_6_B05_808636	1	110233037	110236947	13	0.7292
HELVE_p_TCGA_b139_154_155_SNP_N_GenomeWideSNP_6_B05_808636	1	110239522	149208896	8463	0.0424
HELVE_p_TCGA_b139_154_155_SNP_N_GenomeWideSNP_6_B05_808636	1	149209156	149254920	28	0.3765
HELVE_p_TCGA_b139_154_155_SNP_N_GenomeWideSNP_6_B05_808636	1	149256691	174796405	16634	0.0384
HELVE_p_TCGA_b139_154_155_SNP_N_GenomeWideSNP_6_B05_808636	1	174796556	174801840	16	-0.5015
HELVE_p_TCGA_b139_154_155_SNP_N_GenomeWideSNP_6_B05_808636	1	174801854	196711067	14654	0.0334
HELVE_p_TCGA_b139_154_155_SNP_N_GenomeWideSNP_6_B05_808636	1	196711187	196802002	95	0.4223
HELVE_p_TCGA_b139_154_155_SNP_N_GenomeWideSNP_6_B05_808636	1	196802072	238506666	28499	0.0375
HELVE_p_TCGA_b139_154_155_SNP_N_GenomeWideSNP_6_B05_808636	1	238508989	238509373	2	-1.3084
HELVE_p_TCGA_b139_154_155_SNP_N_GenomeWideSNP_6_B05_808636	1	238512614	243048740	3576	0.0284
HELVE_p_TCGA_b139_154_155_SNP_N_GenomeWideSNP_6_B05_808636	1	243049874	243054702	3	-1.2575
HELVE_p_TCGA_b139_154_155_SNP_N_GenomeWideSNP_6_B05_808636	1	243055542	249224388	3848	0.0355
HELVE_p_TCGA_b139_154_155_SNP_N_GenomeWideSNP_6_B05_808636	2	12784	4216452	2994	-0.0119
HELVE_p_TCGA_b139_154_155_SNP_N_GenomeWideSNP_6_B05_808636	2	4216469	4222539	28	0.446
HELVE_p_TCGA_b139_154_155_SNP_N_GenomeWideSNP_6_B05_808636	2	4222649	40332851	25174	0.0026
HELVE_p_TCGA_b139_154_155_SNP_N_GenomeWideSNP_6_B05_808636	2	40335410	40335459	2	-1.3187
HELVE_p_TCGA_b139_154_155_SNP_N_GenomeWideSNP_6_B05_808636	2	40335876	52754468	8984	0.009
HELVE_p_TCGA_b139_154_155_SNP_N_GenomeWideSNP_6_B05_808636	2	52754480	52781542	39	0.6881
HELVE_p_TCGA_b139_154_155_SNP_N_GenomeWideSNP_6_B05_808636	2	52787949	77898110	16264	0.0035
HELVE_p_TCGA_b139_154_155_SNP_N_GenomeWideSNP_6_B05_808636	2	77900422	77916762	3	-1.7913
HELVE_p_TCGA_b139_154_155_SNP_N_GenomeWideSNP_6_B05_808636	2	77917059	89548845	6588	0.006
HELVE_p_TCGA_b139_154_155_SNP_N_GenomeWideSNP_6_B05_808636	2	89551189	91686706	195	0.4706
HELVE_p_TCGA_b139_154_155_SNP_N_GenomeWideSNP_6_B05_808636	2	91704736	97873036	992	0.0198
HELVE_p_TCGA_b139_154_155_SNP_N_GenomeWideSNP_6_B05_808636	2	97873321	97877173	7	-0.6408
HELVE_p_TCGA_b139_154_155_SNP_N_GenomeWideSNP_6_B05_808636	2	97886334	98118212	24	0.0034
HELVE_p_TCGA_b139_154_155_SNP_N_GenomeWideSNP_6_B05_808636	2	98140747	98161710	8	0.76
HELVE_p_TCGA_b139_154_155_SNP_N_GenomeWideSNP_6_B05_808636	2	98162189	106874722	5573	0.0023
HELVE_p_TCGA_b139_154_155_SNP_N_GenomeWideSNP_6_B05_808636	2	106880095	106887408	14	-0.6278
HELVE_p_TCGA_b139_154_155_SNP_N_GenomeWideSNP_6_B05_808636	2	106887870	107211045	130	-0.0086
HELVE_p_TCGA_b139_154_155_SNP_N_GenomeWideSNP_6_B05_808636	2	107211681	107214192	2	-2.4358
HELVE_p_TCGA_b139_154_155_SNP_N_GenomeWideSNP_6_B05_808636	2	107214400	115080639	4135	0.006
HELVE_p_TCGA_b139_154_155_SNP_N_GenomeWideSNP_6_B05_808636	2	115081435	115145300	38	-0.8422
HELVE_p_TCGA_b139_154_155_SNP_N_GenomeWideSNP_6_B05_808636	2	115149901	213181322	59683	0.0066
HELVE_p_TCGA_b139_154_155_SNP_N_GenomeWideSNP_6_B05_808636	2	213186549	213191825	25	-0.8201
HELVE_p_TCGA_b139_154_155_SNP_N_GenomeWideSNP_6_B05_808636	2	213192126	242486064	18868	0
HELVE_p_TCGA_b139_154_155_SNP_N_GenomeWideSNP_6_B05_808636	2	242486224	242486812	5	-1.1432
HELVE_p_TCGA_b139_154_155_SNP_N_GenomeWideSNP_6_B05_808636	2	242495392	243089456	194	0.038
HELVE_p_TCGA_b139_154_155_SNP_N_GenomeWideSNP_6_B05_808636	3	60345	28809786	21501	0.1176
HELVE_p_TCGA_b139_154_155_SNP_N_GenomeWideSNP_6_B05_808636	3	28810441	28816108	7	-0.7856
HELVE_p_TCGA_b139_154_155_SNP_N_GenomeWideSNP_6_B05_808636	3	28816843	47399911	12010	0.1262
HELVE_p_TCGA_b139_154_155_SNP_N_GenomeWideSNP_6_B05_808636	3	47400331	47405451	3	-1.0952
HELVE_p_TCGA_b139_154_155_SNP_N_GenomeWideSNP_6_B05_808636	3	47409212	59970997	7141	0.1243
HELVE_p_TCGA_b139_154_155_SNP_N_GenomeWideSNP_6_B05_808636	3	59971777	59986297	31	-1.0432
HELVE_p_TCGA_b139_154_155_SNP_N_GenomeWideSNP_6_B05_808636	3	59988905	60012350	40	0.171
HELVE_p_TCGA_b139_154_155_SNP_N_GenomeWideSNP_6_B05_808636	3	60013045	60067878	94	-0.4022
HELVE_p_TCGA_b139_154_155_SNP_N_GenomeWideSNP_6_B05_808636	3	60071959	89405117	19690	0.1199
HELVE_p_TCGA_b139_154_155_SNP_N_GenomeWideSNP_6_B05_808636	3	89405754	89419381	39	-0.5011
HELVE_p_TCGA_b139_154_155_SNP_N_GenomeWideSNP_6_B05_808636	3	89419921	97909125	2644	0.1262
HELVE_p_TCGA_b139_154_155_SNP_N_GenomeWideSNP_6_B05_808636	3	97913425	97914817	2	-1.1465
HELVE_p_TCGA_b139_154_155_SNP_N_GenomeWideSNP_6_B05_808636	3	97915948	98937784	595	0.1317
HELVE_p_TCGA_b139_154_155_SNP_N_GenomeWideSNP_6_B05_808636	3	98944458	98949292	34	-0.3551
HELVE_p_TCGA_b139_154_155_SNP_N_GenomeWideSNP_6_B05_808636	3	98949301	140542539	25538	0.1175
HELVE_p_TCGA_b139_154_155_SNP_N_GenomeWideSNP_6_B05_808636	3	140545701	140546984	2	1.4578
HELVE_p_TCGA_b139_154_155_SNP_N_GenomeWideSNP_6_B05_808636	3	140560618	143285118	1634	0.1247
HELVE_p_TCGA_b139_154_155_SNP_N_GenomeWideSNP_6_B05_808636	3	143285765	143285974	5	0.9377
HELVE_p_TCGA_b139_154_155_SNP_N_GenomeWideSNP_6_B05_808636	3	143286801	148962963	3537	0.1259
HELVE_p_TCGA_b139_154_155_SNP_N_GenomeWideSNP_6_B05_808636	3	148962976	148966575	22	-0.6759
HELVE_p_TCGA_b139_154_155_SNP_N_GenomeWideSNP_6_B05_808636	3	148966687	162521623	8355	0.118
HELVE_p_TCGA_b139_154_155_SNP_N_GenomeWideSNP_6_B05_808636	3	162524858	162540490	11	-1.0315
HELVE_p_TCGA_b139_154_155_SNP_N_GenomeWideSNP_6_B05_808636	3	162545716	162587669	23	-0.229
HELVE_p_TCGA_b139_154_155_SNP_N_GenomeWideSNP_6_B05_808636	3	162592123	175080611	7686	0.1278
HELVE_p_TCGA_b139_154_155_SNP_N_GenomeWideSNP_6_B05_808636	3	175080747	175081226	4	-0.7346
HELVE_p_TCGA_b139_154_155_SNP_N_GenomeWideSNP_6_B05_808636	3	175081325	187595294	7690	0.121
HELVE_p_TCGA_b139_154_155_SNP_N_GenomeWideSNP_6_B05_808636	3	187595378	187595740	3	1.3363
HELVE_p_TCGA_b139_154_155_SNP_N_GenomeWideSNP_6_B05_808636	3	187595760	189360754	1322	0.1257
HELVE_p_TCGA_b139_154_155_SNP_N_GenomeWideSNP_6_B05_808636	3	189363678	189364638	11	-0.6106
HELVE_p_TCGA_b139_154_155_SNP_N_GenomeWideSNP_6_B05_808636	3	189370988	191119137	1237	0.1155
HELVE_p_TCGA_b139_154_155_SNP_N_GenomeWideSNP_6_B05_808636	3	191119818	191124018	3	-1.8976
HELVE_p_TCGA_b139_154_155_SNP_N_GenomeWideSNP_6_B05_808636	3	191124077	192877902	1256	0.1237
HELVE_p_TCGA_b139_154_155_SNP_N_GenomeWideSNP_6_B05_808636	3	192877962	192882903	19	-0.8384
HELVE_p_TCGA_b139_154_155_SNP_N_GenomeWideSNP_6_B05_808636	3	192886435	193966561	731	0.1278
HELVE_p_TCGA_b139_154_155_SNP_N_GenomeWideSNP_6_B05_808636	3	193967428	193968817	3	-1.1712
HELVE_p_TCGA_b139_154_155_SNP_N_GenomeWideSNP_6_B05_808636	3	193970649	195285898	753	0.1338
HELVE_p_TCGA_b139_154_155_SNP_N_GenomeWideSNP_6_B05_808636	3	195383142	195442582	24	-0.3587
HELVE_p_TCGA_b139_154_155_SNP_N_GenomeWideSNP_6_B05_808636	3	195446597	197896118	1195	0.1262
HELVE_p_TCGA_b139_154_155_SNP_N_GenomeWideSNP_6_B05_808636	4	12281	3885808	1644	0.0118
HELVE_p_TCGA_b139_154_155_SNP_N_GenomeWideSNP_6_B05_808636	4	3897744	3900852	2	-1.3908
HELVE_p_TCGA_b139_154_155_SNP_N_GenomeWideSNP_6_B05_808636	4	3903714	4119686	60	-0.0457
HELVE_p_TCGA_b139_154_155_SNP_N_GenomeWideSNP_6_B05_808636	4	4122828	4152760	6	-0.9687
HELVE_p_TCGA_b139_154_155_SNP_N_GenomeWideSNP_6_B05_808636	4	4160063	8225681	3184	0.0167
HELVE_p_TCGA_b139_154_155_SNP_N_GenomeWideSNP_6_B05_808636	4	8226488	8234381	7	-0.8697
HELVE_p_TCGA_b139_154_155_SNP_N_GenomeWideSNP_6_B05_808636	4	8234767	10210390	897	-0.0055
HELVE_p_TCGA_b139_154_155_SNP_N_GenomeWideSNP_6_B05_808636	4	10214160	10235268	36	1.1369
HELVE_p_TCGA_b139_154_155_SNP_N_GenomeWideSNP_6_B05_808636	4	10236142	10390715	171	-0.0094
HELVE_p_TCGA_b139_154_155_SNP_N_GenomeWideSNP_6_B05_808636	4	10392354	10400668	16	-1.9527
HELVE_p_TCGA_b139_154_155_SNP_N_GenomeWideSNP_6_B05_808636	4	10402718	40700573	20723	0.0139
HELVE_p_TCGA_b139_154_155_SNP_N_GenomeWideSNP_6_B05_808636	4	40704011	40704192	3	-1.4372
HELVE_p_TCGA_b139_154_155_SNP_N_GenomeWideSNP_6_B05_808636	4	40704687	49309854	5097	0.0212
HELVE_p_TCGA_b139_154_155_SNP_N_GenomeWideSNP_6_B05_808636	4	49503166	49584109	6	0.802
HELVE_p_TCGA_b139_154_155_SNP_N_GenomeWideSNP_6_B05_808636	4	49589148	64690878	7580	0.0167
HELVE_p_TCGA_b139_154_155_SNP_N_GenomeWideSNP_6_B05_808636	4	64691407	64717026	35	0.4316
HELVE_p_TCGA_b139_154_155_SNP_N_GenomeWideSNP_6_B05_808636	4	64718043	70123510	3272	0.0167
HELVE_p_TCGA_b139_154_155_SNP_N_GenomeWideSNP_6_B05_808636	4	70127644	70232022	55	-0.4342
HELVE_p_TCGA_b139_154_155_SNP_N_GenomeWideSNP_6_B05_808636	4	70232124	115173700	27355	0.0209
HELVE_p_TCGA_b139_154_155_SNP_N_GenomeWideSNP_6_B05_808636	4	115175323	115184266	26	0.7552
HELVE_p_TCGA_b139_154_155_SNP_N_GenomeWideSNP_6_B05_808636	4	115184310	116165868	606	0.0297
HELVE_p_TCGA_b139_154_155_SNP_N_GenomeWideSNP_6_B05_808636	4	116166104	116180370	27	-0.3169
HELVE_p_TCGA_b139_154_155_SNP_N_GenomeWideSNP_6_B05_808636	4	116180555	122274654	3711	0.0133
HELVE_p_TCGA_b139_154_155_SNP_N_GenomeWideSNP_6_B05_808636	4	122281973	122291131	30	-0.7721
HELVE_p_TCGA_b139_154_155_SNP_N_GenomeWideSNP_6_B05_808636	4	122291522	159578995	22185	0.0203
HELVE_p_TCGA_b139_154_155_SNP_N_GenomeWideSNP_6_B05_808636	4	159579639	159616711	13	0.5274
HELVE_p_TCGA_b139_154_155_SNP_N_GenomeWideSNP_6_B05_808636	4	159617019	161062985	840	0.0215
HELVE_p_TCGA_b139_154_155_SNP_N_GenomeWideSNP_6_B05_808636	4	161063094	161067027	8	0.4305
HELVE_p_TCGA_b139_154_155_SNP_N_GenomeWideSNP_6_B05_808636	4	161067090	161874000	606	0.036
HELVE_p_TCGA_b139_154_155_SNP_N_GenomeWideSNP_6_B05_808636	4	161880018	161884977	25	-0.3765
HELVE_p_TCGA_b139_154_155_SNP_N_GenomeWideSNP_6_B05_808636	4	161885009	172369346	6670	0.0227
HELVE_p_TCGA_b139_154_155_SNP_N_GenomeWideSNP_6_B05_808636	4	172374884	172377776	12	0.887
HELVE_p_TCGA_b139_154_155_SNP_N_GenomeWideSNP_6_B05_808636	4	172380371	187877415	10495	0.0175
HELVE_p_TCGA_b139_154_155_SNP_N_GenomeWideSNP_6_B05_808636	4	187877469	187896226	16	0.4775
HELVE_p_TCGA_b139_154_155_SNP_N_GenomeWideSNP_6_B05_808636	4	187896240	190189043	1615	0.0307
HELVE_p_TCGA_b139_154_155_SNP_N_GenomeWideSNP_6_B05_808636	4	190195118	190199264	4	-2.3906
HELVE_p_TCGA_b139_154_155_SNP_N_GenomeWideSNP_6_B05_808636	4	190199771	191027923	386	-0.0232
HELVE_p_TCGA_b139_154_155_SNP_N_GenomeWideSNP_6_B05_808636	5	15532	742689	327	-0.036
HELVE_p_TCGA_b139_154_155_SNP_N_GenomeWideSNP_6_B05_808636	5	761016	833628	38	-0.7997
HELVE_p_TCGA_b139_154_155_SNP_N_GenomeWideSNP_6_B05_808636	5	852566	12785262	9840	-0.0049
HELVE_p_TCGA_b139_154_155_SNP_N_GenomeWideSNP_6_B05_808636	5	12790869	12826650	15	0.7609
HELVE_p_TCGA_b139_154_155_SNP_N_GenomeWideSNP_6_B05_808636	5	12833857	15718492	1977	0.0196
HELVE_p_TCGA_b139_154_155_SNP_N_GenomeWideSNP_6_B05_808636	5	15719222	15720597	11	-0.8385
HELVE_p_TCGA_b139_154_155_SNP_N_GenomeWideSNP_6_B05_808636	5	15723346	21449276	3553	0.014
HELVE_p_TCGA_b139_154_155_SNP_N_GenomeWideSNP_6_B05_808636	5	21451200	21451998	4	0.812
HELVE_p_TCGA_b139_154_155_SNP_N_GenomeWideSNP_6_B05_808636	5	21452438	24778106	1914	0.0046
HELVE_p_TCGA_b139_154_155_SNP_N_GenomeWideSNP_6_B05_808636	5	24778376	24781828	15	-0.7751
HELVE_p_TCGA_b139_154_155_SNP_N_GenomeWideSNP_6_B05_808636	5	24786926	46271108	13085	0.0122
HELVE_p_TCGA_b139_154_155_SNP_N_GenomeWideSNP_6_B05_808636	5	46271930	46273502	6	-2.0997
HELVE_p_TCGA_b139_154_155_SNP_N_GenomeWideSNP_6_B05_808636	5	46278212	150202205	61797	0.009
HELVE_p_TCGA_b139_154_155_SNP_N_GenomeWideSNP_6_B05_808636	5	150205500	150218604	8	-2.666
HELVE_p_TCGA_b139_154_155_SNP_N_GenomeWideSNP_6_B05_808636	5	150223387	155475105	3633	-0.0019
HELVE_p_TCGA_b139_154_155_SNP_N_GenomeWideSNP_6_B05_808636	5	155476772	155482729	14	-0.5194
HELVE_p_TCGA_b139_154_155_SNP_N_GenomeWideSNP_6_B05_808636	5	155495250	175373508	14071	0.0043
HELVE_p_TCGA_b139_154_155_SNP_N_GenomeWideSNP_6_B05_808636	5	175387546	175426693	8	0.6815
HELVE_p_TCGA_b139_154_155_SNP_N_GenomeWideSNP_6_B05_808636	5	175431575	180374523	2551	-0.008
HELVE_p_TCGA_b139_154_155_SNP_N_GenomeWideSNP_6_B05_808636	5	180378710	180442920	24	-0.4001
HELVE_p_TCGA_b139_154_155_SNP_N_GenomeWideSNP_6_B05_808636	5	180445221	180790320	166	-0.0494
HELVE_p_TCGA_b139_154_155_SNP_N_GenomeWideSNP_6_B05_808636	6	149661	23057637	17722	-0.0115
HELVE_p_TCGA_b139_154_155_SNP_N_GenomeWideSNP_6_B05_808636	6	23060991	23060999	3	-1.2396
HELVE_p_TCGA_b139_154_155_SNP_N_GenomeWideSNP_6_B05_808636	6	23064254	32624591	5273	-0.0297
HELVE_p_TCGA_b139_154_155_SNP_N_GenomeWideSNP_6_B05_808636	6	32625095	32626618	4	-1.4025
HELVE_p_TCGA_b139_154_155_SNP_N_GenomeWideSNP_6_B05_808636	6	32650612	45975798	8488	-0.0062
HELVE_p_TCGA_b139_154_155_SNP_N_GenomeWideSNP_6_B05_808636	6	45978143	45978236	3	-1.1616
HELVE_p_TCGA_b139_154_155_SNP_N_GenomeWideSNP_6_B05_808636	6	45980557	48931729	1926	0.0169
HELVE_p_TCGA_b139_154_155_SNP_N_GenomeWideSNP_6_B05_808636	6	48933070	48935200	4	-1.0127
HELVE_p_TCGA_b139_154_155_SNP_N_GenomeWideSNP_6_B05_808636	6	48946563	77439868	15613	5e-04
HELVE_p_TCGA_b139_154_155_SNP_N_GenomeWideSNP_6_B05_808636	6	77440048	77446199	11	0.5732
HELVE_p_TCGA_b139_154_155_SNP_N_GenomeWideSNP_6_B05_808636	6	77449569	77467931	11	0.2528
HELVE_p_TCGA_b139_154_155_SNP_N_GenomeWideSNP_6_B05_808636	6	77468466	78949821	962	-0.0032
HELVE_p_TCGA_b139_154_155_SNP_N_GenomeWideSNP_6_B05_808636	6	78950227	79032592	123	0.3241
HELVE_p_TCGA_b139_154_155_SNP_N_GenomeWideSNP_6_B05_808636	6	79034940	103734825	15478	-0.0029
HELVE_p_TCGA_b139_154_155_SNP_N_GenomeWideSNP_6_B05_808636	6	103734829	103751338	20	0.3919
HELVE_p_TCGA_b139_154_155_SNP_N_GenomeWideSNP_6_B05_808636	6	103751564	121779126	11078	-0.0072
HELVE_p_TCGA_b139_154_155_SNP_N_GenomeWideSNP_6_B05_808636	6	121779646	121780762	2	-1.3995
HELVE_p_TCGA_b139_154_155_SNP_N_GenomeWideSNP_6_B05_808636	6	121782813	128635666	4173	-0.0084
HELVE_p_TCGA_b139_154_155_SNP_N_GenomeWideSNP_6_B05_808636	6	128636403	128699437	27	-0.6835
HELVE_p_TCGA_b139_154_155_SNP_N_GenomeWideSNP_6_B05_808636	6	128711090	140128887	7848	7e-04
HELVE_p_TCGA_b139_154_155_SNP_N_GenomeWideSNP_6_B05_808636	6	140130181	140135907	5	-0.8193
HELVE_p_TCGA_b139_154_155_SNP_N_GenomeWideSNP_6_B05_808636	6	140138778	171051005	21109	-0.0135
HELVE_p_TCGA_b139_154_155_SNP_N_GenomeWideSNP_6_B05_808636	7	43355	39548398	28414	0.0476
HELVE_p_TCGA_b139_154_155_SNP_N_GenomeWideSNP_6_B05_808636	7	39549989	39556958	9	-0.8433
HELVE_p_TCGA_b139_154_155_SNP_N_GenomeWideSNP_6_B05_808636	7	39558774	46248090	4129	0.0352
HELVE_p_TCGA_b139_154_155_SNP_N_GenomeWideSNP_6_B05_808636	7	46251401	46251416	2	-1.153
HELVE_p_TCGA_b139_154_155_SNP_N_GenomeWideSNP_6_B05_808636	7	46251743	64594065	9136	0.0409
HELVE_p_TCGA_b139_154_155_SNP_N_GenomeWideSNP_6_B05_808636	7	64594341	64595698	5	-1.0473
HELVE_p_TCGA_b139_154_155_SNP_N_GenomeWideSNP_6_B05_808636	7	64637128	76153348	5347	0.0375
HELVE_p_TCGA_b139_154_155_SNP_N_GenomeWideSNP_6_B05_808636	7	76153363	76179714	6	-0.6502
HELVE_p_TCGA_b139_154_155_SNP_N_GenomeWideSNP_6_B05_808636	7	76197430	97401932	13661	0.0481
HELVE_p_TCGA_b139_154_155_SNP_N_GenomeWideSNP_6_B05_808636	7	97401959	97402288	6	-0.7435
HELVE_p_TCGA_b139_154_155_SNP_N_GenomeWideSNP_6_B05_808636	7	97402475	109441212	6660	0.0458
HELVE_p_TCGA_b139_154_155_SNP_N_GenomeWideSNP_6_B05_808636	7	109441244	109453910	11	0.6293
HELVE_p_TCGA_b139_154_155_SNP_N_GenomeWideSNP_6_B05_808636	7	109453982	126044974	10032	0.0504
HELVE_p_TCGA_b139_154_155_SNP_N_GenomeWideSNP_6_B05_808636	7	126045482	126046615	12	-0.9025
HELVE_p_TCGA_b139_154_155_SNP_N_GenomeWideSNP_6_B05_808636	7	126046876	133785177	4704	0.034
HELVE_p_TCGA_b139_154_155_SNP_N_GenomeWideSNP_6_B05_808636	7	133785195	133799197	37	-0.2793
HELVE_p_TCGA_b139_154_155_SNP_N_GenomeWideSNP_6_B05_808636	7	133806244	142474939	5690	0.0432
HELVE_p_TCGA_b139_154_155_SNP_N_GenomeWideSNP_6_B05_808636	7	142476719	142486345	29	-0.3293
HELVE_p_TCGA_b139_154_155_SNP_N_GenomeWideSNP_6_B05_808636	7	142486495	159127004	10575	0.0355
HELVE_p_TCGA_b139_154_155_SNP_N_GenomeWideSNP_6_B05_808636	8	31254	594973	329	-0.0054
HELVE_p_TCGA_b139_154_155_SNP_N_GenomeWideSNP_6_B05_808636	8	595220	595875	6	0.6695
HELVE_p_TCGA_b139_154_155_SNP_N_GenomeWideSNP_6_B05_808636	8	595892	595908	2	2.8321
HELVE_p_TCGA_b139_154_155_SNP_N_GenomeWideSNP_6_B05_808636	8	601043	5553031	5693	0.0154
HELVE_p_TCGA_b139_154_155_SNP_N_GenomeWideSNP_6_B05_808636	8	5553067	5553100	2	-1.8622
HELVE_p_TCGA_b139_154_155_SNP_N_GenomeWideSNP_6_B05_808636	8	5553135	6825742	1684	0.0044
HELVE_p_TCGA_b139_154_155_SNP_N_GenomeWideSNP_6_B05_808636	8	6825852	6880062	25	-0.4697
HELVE_p_TCGA_b139_154_155_SNP_N_GenomeWideSNP_6_B05_808636	8	6882393	7214611	90	-0.0607
HELVE_p_TCGA_b139_154_155_SNP_N_GenomeWideSNP_6_B05_808636	8	7214668	7787962	169	0.2626
HELVE_p_TCGA_b139_154_155_SNP_N_GenomeWideSNP_6_B05_808636	8	7798758	18849508	9267	0.0232
HELVE_p_TCGA_b139_154_155_SNP_N_GenomeWideSNP_6_B05_808636	8	18851539	18858821	28	-0.9318
HELVE_p_TCGA_b139_154_155_SNP_N_GenomeWideSNP_6_B05_808636	8	18866148	24974522	4544	0.026
HELVE_p_TCGA_b139_154_155_SNP_N_GenomeWideSNP_6_B05_808636	8	24974577	24984250	23	0.8045
HELVE_p_TCGA_b139_154_155_SNP_N_GenomeWideSNP_6_B05_808636	8	24984333	47039940	11725	0.028
HELVE_p_TCGA_b139_154_155_SNP_N_GenomeWideSNP_6_B05_808636	8	47046132	47050234	5	-0.9768
HELVE_p_TCGA_b139_154_155_SNP_N_GenomeWideSNP_6_B05_808636	8	47050692	68453664	12819	0.0159
HELVE_p_TCGA_b139_154_155_SNP_N_GenomeWideSNP_6_B05_808636	8	68458109	68465680	8	-0.5493
HELVE_p_TCGA_b139_154_155_SNP_N_GenomeWideSNP_6_B05_808636	8	68466992	72212365	2435	0.0261
HELVE_p_TCGA_b139_154_155_SNP_N_GenomeWideSNP_6_B05_808636	8	72215311	72216599	9	-1.931
HELVE_p_TCGA_b139_154_155_SNP_N_GenomeWideSNP_6_B05_808636	8	72219863	112288556	24125	0.0181
HELVE_p_TCGA_b139_154_155_SNP_N_GenomeWideSNP_6_B05_808636	8	112291352	112295260	12	0.4437
HELVE_p_TCGA_b139_154_155_SNP_N_GenomeWideSNP_6_B05_808636	8	112300281	144568459	22370	0.0145
HELVE_p_TCGA_b139_154_155_SNP_N_GenomeWideSNP_6_B05_808636	8	144572758	144573123	2	-1.1815
HELVE_p_TCGA_b139_154_155_SNP_N_GenomeWideSNP_6_B05_808636	8	144573455	146298155	555	-0.0077
HELVE_p_TCGA_b139_154_155_SNP_N_GenomeWideSNP_6_B05_808636	9	46587	39778631	31273	0.0274
HELVE_p_TCGA_b139_154_155_SNP_N_GenomeWideSNP_6_B05_808636	9	39810645	40592906	15	-0.5341
HELVE_p_TCGA_b139_154_155_SNP_N_GenomeWideSNP_6_B05_808636	9	40611923	41952516	51	0.0932
HELVE_p_TCGA_b139_154_155_SNP_N_GenomeWideSNP_6_B05_808636	9	41972506	41985187	3	-1.5717
HELVE_p_TCGA_b139_154_155_SNP_N_GenomeWideSNP_6_B05_808636	9	42023107	43187967	23	0.035
HELVE_p_TCGA_b139_154_155_SNP_N_GenomeWideSNP_6_B05_808636	9	43187967	43535364	11	-0.6187
HELVE_p_TCGA_b139_154_155_SNP_N_GenomeWideSNP_6_B05_808636	9	43548402	43583463	3	0.2863
HELVE_p_TCGA_b139_154_155_SNP_N_GenomeWideSNP_6_B05_808636	9	43602726	43800186	28	-1.247
HELVE_p_TCGA_b139_154_155_SNP_N_GenomeWideSNP_6_B05_808636	9	44114872	44795730	74	0.12
HELVE_p_TCGA_b139_154_155_SNP_N_GenomeWideSNP_6_B05_808636	9	44805088	44875942	14	0.7188
HELVE_p_TCGA_b139_154_155_SNP_N_GenomeWideSNP_6_B05_808636	9	44888127	46113402	66	-0.0065
HELVE_p_TCGA_b139_154_155_SNP_N_GenomeWideSNP_6_B05_808636	9	46136080	65630946	29	0.459
HELVE_p_TCGA_b139_154_155_SNP_N_GenomeWideSNP_6_B05_808636	9	65672607	115862518	32291	0.0189
HELVE_p_TCGA_b139_154_155_SNP_N_GenomeWideSNP_6_B05_808636	9	115863427	115990459	123	0.4751
HELVE_p_TCGA_b139_154_155_SNP_N_GenomeWideSNP_6_B05_808636	9	115993227	140993462	15810	0.0188
HELVE_p_TCGA_b139_154_155_SNP_N_GenomeWideSNP_6_B05_808636	9	140994213	141004491	11	0.5511
HELVE_p_TCGA_b139_154_155_SNP_N_GenomeWideSNP_6_B05_808636	9	141004916	141005126	5	-0.2845
HELVE_p_TCGA_b139_154_155_SNP_N_GenomeWideSNP_6_B05_808636	9	141005294	141018423	30	0.3434
HELVE_p_TCGA_b139_154_155_SNP_N_GenomeWideSNP_6_B05_808636	9	141018493	141032943	9	0.9325
HELVE_p_TCGA_b139_154_155_SNP_N_GenomeWideSNP_6_B05_808636	9	141033148	141091394	12	0.4609
HELVE_p_TCGA_b139_154_155_SNP_N_GenomeWideSNP_6_B05_808636	10	72759	6660480	5675	9e-04
HELVE_p_TCGA_b139_154_155_SNP_N_GenomeWideSNP_6_B05_808636	10	6660545	6660612	2	1.3752
HELVE_p_TCGA_b139_154_155_SNP_N_GenomeWideSNP_6_B05_808636	10	6663200	24375263	13557	0.0123
HELVE_p_TCGA_b139_154_155_SNP_N_GenomeWideSNP_6_B05_808636	10	24377674	24378054	11	-1.9086
HELVE_p_TCGA_b139_154_155_SNP_N_GenomeWideSNP_6_B05_808636	10	24378908	47067426	12429	0.0134
HELVE_p_TCGA_b139_154_155_SNP_N_GenomeWideSNP_6_B05_808636	10	47067481	47948060	264	0.385
HELVE_p_TCGA_b139_154_155_SNP_N_GenomeWideSNP_6_B05_808636	10	47960476	48771950	290	-0.032
HELVE_p_TCGA_b139_154_155_SNP_N_GenomeWideSNP_6_B05_808636	10	48837810	49082219	14	0.5503
HELVE_p_TCGA_b139_154_155_SNP_N_GenomeWideSNP_6_B05_808636	10	49082570	51830360	1458	-4e-04
HELVE_p_TCGA_b139_154_155_SNP_N_GenomeWideSNP_6_B05_808636	10	51840984	51891920	4	-1.5339
HELVE_p_TCGA_b139_154_155_SNP_N_GenomeWideSNP_6_B05_808636	10	51903768	61365482	6992	0.0202
HELVE_p_TCGA_b139_154_155_SNP_N_GenomeWideSNP_6_B05_808636	10	61365803	61366305	5	-0.9215
HELVE_p_TCGA_b139_154_155_SNP_N_GenomeWideSNP_6_B05_808636	10	61366344	67306079	4018	0.0171
HELVE_p_TCGA_b139_154_155_SNP_N_GenomeWideSNP_6_B05_808636	10	67306158	67314446	30	0.3669
HELVE_p_TCGA_b139_154_155_SNP_N_GenomeWideSNP_6_B05_808636	10	67322795	87880218	13892	0.0153
HELVE_p_TCGA_b139_154_155_SNP_N_GenomeWideSNP_6_B05_808636	10	87882513	87897272	16	-0.8792
HELVE_p_TCGA_b139_154_155_SNP_N_GenomeWideSNP_6_B05_808636	10	87898954	100847579	8264	0.0196
HELVE_p_TCGA_b139_154_155_SNP_N_GenomeWideSNP_6_B05_808636	10	100848886	100874192	13	0.4381
HELVE_p_TCGA_b139_154_155_SNP_N_GenomeWideSNP_6_B05_808636	10	100880533	135506704	24112	0.011
HELVE_p_TCGA_b139_154_155_SNP_N_GenomeWideSNP_6_B05_808636	11	198510	368246	83	-0.084
HELVE_p_TCGA_b139_154_155_SNP_N_GenomeWideSNP_6_B05_808636	11	371265	456012	22	-0.3895
HELVE_p_TCGA_b139_154_155_SNP_N_GenomeWideSNP_6_B05_808636	11	456120	5783112	3191	8e-04
HELVE_p_TCGA_b139_154_155_SNP_N_GenomeWideSNP_6_B05_808636	11	5783395	5809139	36	0.4178
HELVE_p_TCGA_b139_154_155_SNP_N_GenomeWideSNP_6_B05_808636	11	5809338	18940856	9414	-0.0039
HELVE_p_TCGA_b139_154_155_SNP_N_GenomeWideSNP_6_B05_808636	11	18940870	18961314	44	0.4032
HELVE_p_TCGA_b139_154_155_SNP_N_GenomeWideSNP_6_B05_808636	11	18961329	50769317	21454	-0.0047
HELVE_p_TCGA_b139_154_155_SNP_N_GenomeWideSNP_6_B05_808636	11	51096372	51176743	7	-0.5672
HELVE_p_TCGA_b139_154_155_SNP_N_GenomeWideSNP_6_B05_808636	11	51183575	51183906	3	-1.6309
HELVE_p_TCGA_b139_154_155_SNP_N_GenomeWideSNP_6_B05_808636	11	51192870	55376280	386	0.0364
HELVE_p_TCGA_b139_154_155_SNP_N_GenomeWideSNP_6_B05_808636	11	55376498	55442318	40	0.6337
HELVE_p_TCGA_b139_154_155_SNP_N_GenomeWideSNP_6_B05_808636	11	55444211	55445294	4	-0.2627
HELVE_p_TCGA_b139_154_155_SNP_N_GenomeWideSNP_6_B05_808636	11	55445945	55453009	7	0.8449
HELVE_p_TCGA_b139_154_155_SNP_N_GenomeWideSNP_6_B05_808636	11	55453576	69587583	7287	-0.0037
HELVE_p_TCGA_b139_154_155_SNP_N_GenomeWideSNP_6_B05_808636	11	69592814	69593176	2	-1.2843
HELVE_p_TCGA_b139_154_155_SNP_N_GenomeWideSNP_6_B05_808636	11	69594005	72147875	1374	0.0033
HELVE_p_TCGA_b139_154_155_SNP_N_GenomeWideSNP_6_B05_808636	11	72154236	72159264	6	-1.0132
HELVE_p_TCGA_b139_154_155_SNP_N_GenomeWideSNP_6_B05_808636	11	72165127	81497907	5939	-0.0032
HELVE_p_TCGA_b139_154_155_SNP_N_GenomeWideSNP_6_B05_808636	11	81498805	81517158	12	-0.5628
HELVE_p_TCGA_b139_154_155_SNP_N_GenomeWideSNP_6_B05_808636	11	81522632	81662203	116	0.0094
HELVE_p_TCGA_b139_154_155_SNP_N_GenomeWideSNP_6_B05_808636	11	81662646	81662659	2	-2.0139
HELVE_p_TCGA_b139_154_155_SNP_N_GenomeWideSNP_6_B05_808636	11	81663024	134944770	37648	-0.0059
HELVE_p_TCGA_b139_154_155_SNP_N_GenomeWideSNP_6_B05_808636	12	150442	11214145	7265	0.0091
HELVE_p_TCGA_b139_154_155_SNP_N_GenomeWideSNP_6_B05_808636	12	11215372	11226913	9	0.3601
HELVE_p_TCGA_b139_154_155_SNP_N_GenomeWideSNP_6_B05_808636	12	11231455	11241532	6	0.814
HELVE_p_TCGA_b139_154_155_SNP_N_GenomeWideSNP_6_B05_808636	12	11251874	11280315	13	0.2407
HELVE_p_TCGA_b139_154_155_SNP_N_GenomeWideSNP_6_B05_808636	12	11283190	15599838	3187	0.0242
HELVE_p_TCGA_b139_154_155_SNP_N_GenomeWideSNP_6_B05_808636	12	15603024	15625402	27	-0.7061
HELVE_p_TCGA_b139_154_155_SNP_N_GenomeWideSNP_6_B05_808636	12	15630863	22239298	4215	0.0262
HELVE_p_TCGA_b139_154_155_SNP_N_GenomeWideSNP_6_B05_808636	12	22243515	22243561	2	-1.7344
HELVE_p_TCGA_b139_154_155_SNP_N_GenomeWideSNP_6_B05_808636	12	22243661	33294660	8138	0.0204
HELVE_p_TCGA_b139_154_155_SNP_N_GenomeWideSNP_6_B05_808636	12	33301406	33306965	25	-0.4897
HELVE_p_TCGA_b139_154_155_SNP_N_GenomeWideSNP_6_B05_808636	12	33307078	90483350	32906	0.0179
HELVE_p_TCGA_b139_154_155_SNP_N_GenomeWideSNP_6_B05_808636	12	90491669	90492074	7	-1.864
HELVE_p_TCGA_b139_154_155_SNP_N_GenomeWideSNP_6_B05_808636	12	90493557	129459533	26323	0.0161
HELVE_p_TCGA_b139_154_155_SNP_N_GenomeWideSNP_6_B05_808636	12	129459628	129461337	4	-1.0896
HELVE_p_TCGA_b139_154_155_SNP_N_GenomeWideSNP_6_B05_808636	12	129461931	133778189	2905	-0.0101
HELVE_p_TCGA_b139_154_155_SNP_N_GenomeWideSNP_6_B05_808636	13	19026949	20121459	566	0.0514
HELVE_p_TCGA_b139_154_155_SNP_N_GenomeWideSNP_6_B05_808636	13	20123895	20123910	2	1.4465
HELVE_p_TCGA_b139_154_155_SNP_N_GenomeWideSNP_6_B05_808636	13	20124501	20820781	339	0.0934
HELVE_p_TCGA_b139_154_155_SNP_N_GenomeWideSNP_6_B05_808636	13	20827251	20827940	2	-3.3064
HELVE_p_TCGA_b139_154_155_SNP_N_GenomeWideSNP_6_B05_808636	13	20832547	21888573	699	0.0685
HELVE_p_TCGA_b139_154_155_SNP_N_GenomeWideSNP_6_B05_808636	13	21893949	21898168	10	-0.5244
HELVE_p_TCGA_b139_154_155_SNP_N_GenomeWideSNP_6_B05_808636	13	21904824	58590281	24942	0.078
HELVE_p_TCGA_b139_154_155_SNP_N_GenomeWideSNP_6_B05_808636	13	58591079	58597030	5	-0.9375
HELVE_p_TCGA_b139_154_155_SNP_N_GenomeWideSNP_6_B05_808636	13	58602052	72476988	8570	0.0833
HELVE_p_TCGA_b139_154_155_SNP_N_GenomeWideSNP_6_B05_808636	13	72477555	72480556	4	-1.4215
HELVE_p_TCGA_b139_154_155_SNP_N_GenomeWideSNP_6_B05_808636	13	72480605	80978175	5980	0.0799
HELVE_p_TCGA_b139_154_155_SNP_N_GenomeWideSNP_6_B05_808636	13	80989195	81039881	31	0.5138
HELVE_p_TCGA_b139_154_155_SNP_N_GenomeWideSNP_6_B05_808636	13	81040041	83787963	1684	0.0726
HELVE_p_TCGA_b139_154_155_SNP_N_GenomeWideSNP_6_B05_808636	13	83788033	83792193	11	-0.4888
HELVE_p_TCGA_b139_154_155_SNP_N_GenomeWideSNP_6_B05_808636	13	83792214	115108397	21411	0.0777
HELVE_p_TCGA_b139_154_155_SNP_N_GenomeWideSNP_6_B05_808636	14	19002124	40608928	13101	0.0289
HELVE_p_TCGA_b139_154_155_SNP_N_GenomeWideSNP_6_B05_808636	14	40613922	40616919	2	-2.466
HELVE_p_TCGA_b139_154_155_SNP_N_GenomeWideSNP_6_B05_808636	14	40618165	70013979	18581	0.0223
HELVE_p_TCGA_b139_154_155_SNP_N_GenomeWideSNP_6_B05_808636	14	70018047	70022467	9	-0.7096
HELVE_p_TCGA_b139_154_155_SNP_N_GenomeWideSNP_6_B05_808636	14	70022713	106054897	23292	0.0164
HELVE_p_TCGA_b139_154_155_SNP_N_GenomeWideSNP_6_B05_808636	14	106078690	106194477	17	-0.4579
HELVE_p_TCGA_b139_154_155_SNP_N_GenomeWideSNP_6_B05_808636	14	106194763	106460902	106	0.024
HELVE_p_TCGA_b139_154_155_SNP_N_GenomeWideSNP_6_B05_808636	14	106479675	106479941	2	1.7109
HELVE_p_TCGA_b139_154_155_SNP_N_GenomeWideSNP_6_B05_808636	14	106482128	106538062	25	0.0078
HELVE_p_TCGA_b139_154_155_SNP_N_GenomeWideSNP_6_B05_808636	14	106541753	106561441	12	-1.9561
HELVE_p_TCGA_b139_154_155_SNP_N_GenomeWideSNP_6_B05_808636	14	106567100	106715489	67	0.0465
HELVE_p_TCGA_b139_154_155_SNP_N_GenomeWideSNP_6_B05_808636	14	106717356	106727469	8	0.7329
HELVE_p_TCGA_b139_154_155_SNP_N_GenomeWideSNP_6_B05_808636	14	106728162	106751284	10	0.1146
HELVE_p_TCGA_b139_154_155_SNP_N_GenomeWideSNP_6_B05_808636	14	106753859	106753867	3	1.7373
HELVE_p_TCGA_b139_154_155_SNP_N_GenomeWideSNP_6_B05_808636	14	106754003	106863526	50	0.0038
HELVE_p_TCGA_b139_154_155_SNP_N_GenomeWideSNP_6_B05_808636	14	106864722	106958242	72	0.3193
HELVE_p_TCGA_b139_154_155_SNP_N_GenomeWideSNP_6_B05_808636	14	106959642	107285437	208	-0.0087
HELVE_p_TCGA_b139_154_155_SNP_N_GenomeWideSNP_6_B05_808636	15	20016328	20194738	46	-0.0136
HELVE_p_TCGA_b139_154_155_SNP_N_GenomeWideSNP_6_B05_808636	15	20203961	20586942	70	-0.3916
HELVE_p_TCGA_b139_154_155_SNP_N_GenomeWideSNP_6_B05_808636	15	20586957	23282811	614	0.0159
HELVE_p_TCGA_b139_154_155_SNP_N_GenomeWideSNP_6_B05_808636	15	23288349	23641514	12	-0.6799
HELVE_p_TCGA_b139_154_155_SNP_N_GenomeWideSNP_6_B05_808636	15	23644045	24468420	599	0.04
HELVE_p_TCGA_b139_154_155_SNP_N_GenomeWideSNP_6_B05_808636	15	24468460	24504157	20	-0.4894
HELVE_p_TCGA_b139_154_155_SNP_N_GenomeWideSNP_6_B05_808636	15	24508708	26560192	1442	0.0171
HELVE_p_TCGA_b139_154_155_SNP_N_GenomeWideSNP_6_B05_808636	15	26562152	26563156	2	-3.3293
HELVE_p_TCGA_b139_154_155_SNP_N_GenomeWideSNP_6_B05_808636	15	26563588	30545030	2330	0.0085
HELVE_p_TCGA_b139_154_155_SNP_N_GenomeWideSNP_6_B05_808636	15	30545493	30589797	15	-0.4962
HELVE_p_TCGA_b139_154_155_SNP_N_GenomeWideSNP_6_B05_808636	15	30590054	82306197	32662	0.0264
HELVE_p_TCGA_b139_154_155_SNP_N_GenomeWideSNP_6_B05_808636	15	82306385	83367348	326	-0.3875
HELVE_p_TCGA_b139_154_155_SNP_N_GenomeWideSNP_6_B05_808636	15	83370092	102469040	13887	0.0157
HELVE_p_TCGA_b139_154_155_SNP_N_GenomeWideSNP_6_B05_808636	16	60777	1073552	390	-0.0511
HELVE_p_TCGA_b139_154_155_SNP_N_GenomeWideSNP_6_B05_808636	16	1078763	1088797	2	-1.284
HELVE_p_TCGA_b139_154_155_SNP_N_GenomeWideSNP_6_B05_808636	16	1089949	1253529	25	0.0016
HELVE_p_TCGA_b139_154_155_SNP_N_GenomeWideSNP_6_B05_808636	16	1254369	1273291	3	-0.7317
HELVE_p_TCGA_b139_154_155_SNP_N_GenomeWideSNP_6_B05_808636	16	1273803	1529705	52	0.0541
HELVE_p_TCGA_b139_154_155_SNP_N_GenomeWideSNP_6_B05_808636	16	1537839	1542687	4	-0.7944
HELVE_p_TCGA_b139_154_155_SNP_N_GenomeWideSNP_6_B05_808636	16	1542736	5785134	2372	-0.0071
HELVE_p_TCGA_b139_154_155_SNP_N_GenomeWideSNP_6_B05_808636	16	5785307	6083622	324	-0.5424
HELVE_p_TCGA_b139_154_155_SNP_N_GenomeWideSNP_6_B05_808636	16	6085403	6731058	801	-0.0153
HELVE_p_TCGA_b139_154_155_SNP_N_GenomeWideSNP_6_B05_808636	16	6733300	6781830	82	-1.1466
HELVE_p_TCGA_b139_154_155_SNP_N_GenomeWideSNP_6_B05_808636	16	6782279	55796594	23247	-0.0098
HELVE_p_TCGA_b139_154_155_SNP_N_GenomeWideSNP_6_B05_808636	16	55798222	55798779	3	1.8426
HELVE_p_TCGA_b139_154_155_SNP_N_GenomeWideSNP_6_B05_808636	16	55804348	76798472	12828	5e-04
HELVE_p_TCGA_b139_154_155_SNP_N_GenomeWideSNP_6_B05_808636	16	76798509	76806428	3	-1.7107
HELVE_p_TCGA_b139_154_155_SNP_N_GenomeWideSNP_6_B05_808636	16	76808552	90287535	12259	-0.0236
HELVE_p_TCGA_b139_154_155_SNP_N_GenomeWideSNP_6_B05_808636	17	526	18319862	11436	0.0045
HELVE_p_TCGA_b139_154_155_SNP_N_GenomeWideSNP_6_B05_808636	17	18355392	18453437	26	-1.3891
HELVE_p_TCGA_b139_154_155_SNP_N_GenomeWideSNP_6_B05_808636	17	18459272	39421708	9489	0.0111
HELVE_p_TCGA_b139_154_155_SNP_N_GenomeWideSNP_6_B05_808636	17	39423014	39430450	23	0.9486
HELVE_p_TCGA_b139_154_155_SNP_N_GenomeWideSNP_6_B05_808636	17	39430531	44408662	2638	0.0066
HELVE_p_TCGA_b139_154_155_SNP_N_GenomeWideSNP_6_B05_808636	17	44408674	44784652	45	0.3779
HELVE_p_TCGA_b139_154_155_SNP_N_GenomeWideSNP_6_B05_808636	17	44784678	78628863	20640	0.0143
HELVE_p_TCGA_b139_154_155_SNP_N_GenomeWideSNP_6_B05_808636	17	78629793	78634179	2	1.4096
HELVE_p_TCGA_b139_154_155_SNP_N_GenomeWideSNP_6_B05_808636	17	78634300	81049726	963	0.003
HELVE_p_TCGA_b139_154_155_SNP_N_GenomeWideSNP_6_B05_808636	18	11543	14718153	10204	-0.4367
HELVE_p_TCGA_b139_154_155_SNP_N_GenomeWideSNP_6_B05_808636	18	14726146	15158341	173	-0.7589
HELVE_p_TCGA_b139_154_155_SNP_N_GenomeWideSNP_6_B05_808636	18	15170292	38257860	12393	-0.408
HELVE_p_TCGA_b139_154_155_SNP_N_GenomeWideSNP_6_B05_808636	18	38257874	38265389	35	0.0658
HELVE_p_TCGA_b139_154_155_SNP_N_GenomeWideSNP_6_B05_808636	18	38268024	63908092	17626	-0.4203
HELVE_p_TCGA_b139_154_155_SNP_N_GenomeWideSNP_6_B05_808636	18	63908561	63911589	7	-1.8272
HELVE_p_TCGA_b139_154_155_SNP_N_GenomeWideSNP_6_B05_808636	18	63911876	78015057	10234	-0.4339
HELVE_p_TCGA_b139_154_155_SNP_N_GenomeWideSNP_6_B05_808636	19	90910	9273800	3407	0.01
HELVE_p_TCGA_b139_154_155_SNP_N_GenomeWideSNP_6_B05_808636	19	9274672	9278121	5	-2.5122
HELVE_p_TCGA_b139_154_155_SNP_N_GenomeWideSNP_6_B05_808636	19	9284760	12692001	1657	0.0301
HELVE_p_TCGA_b139_154_155_SNP_N_GenomeWideSNP_6_B05_808636	19	12697366	12698102	2	-1.5087
HELVE_p_TCGA_b139_154_155_SNP_N_GenomeWideSNP_6_B05_808636	19	12700523	35849322	11738	0.0193
HELVE_p_TCGA_b139_154_155_SNP_N_GenomeWideSNP_6_B05_808636	19	35849493	35861848	22	-0.6716
HELVE_p_TCGA_b139_154_155_SNP_N_GenomeWideSNP_6_B05_808636	19	35866744	59097854	12501	0.0133
HELVE_p_TCGA_b139_154_155_SNP_N_GenomeWideSNP_6_B05_808636	20	61305	1560999	1207	0.3469
HELVE_p_TCGA_b139_154_155_SNP_N_GenomeWideSNP_6_B05_808636	20	1561580	1590257	37	2.2018
HELVE_p_TCGA_b139_154_155_SNP_N_GenomeWideSNP_6_B05_808636	20	1590455	59570371	39457	0.3559
HELVE_p_TCGA_b139_154_155_SNP_N_GenomeWideSNP_6_B05_808636	20	59570634	59590201	46	0.7857
HELVE_p_TCGA_b139_154_155_SNP_N_GenomeWideSNP_6_B05_808636	20	59590484	62956153	1748	0.3416
HELVE_p_TCGA_b139_154_155_SNP_N_GenomeWideSNP_6_B05_808636	21	10736871	11173694	111	0.272
HELVE_p_TCGA_b139_154_155_SNP_N_GenomeWideSNP_6_B05_808636	21	11173793	14766174	140	0.013
HELVE_p_TCGA_b139_154_155_SNP_N_GenomeWideSNP_6_B05_808636	21	14767569	14769540	2	-1.4365
HELVE_p_TCGA_b139_154_155_SNP_N_GenomeWideSNP_6_B05_808636	21	14769586	23651134	6205	-0.0027
HELVE_p_TCGA_b139_154_155_SNP_N_GenomeWideSNP_6_B05_808636	21	23655900	23664658	9	-0.7029
HELVE_p_TCGA_b139_154_155_SNP_N_GenomeWideSNP_6_B05_808636	21	23666999	48096957	17921	-0.004
HELVE_p_TCGA_b139_154_155_SNP_N_GenomeWideSNP_6_B05_808636	22	16052528	18644701	1208	-0.0078
HELVE_p_TCGA_b139_154_155_SNP_N_GenomeWideSNP_6_B05_808636	22	18648880	18673357	6	-0.199
HELVE_p_TCGA_b139_154_155_SNP_N_GenomeWideSNP_6_B05_808636	22	18732919	18770527	5	-0.8643
HELVE_p_TCGA_b139_154_155_SNP_N_GenomeWideSNP_6_B05_808636	22	18781546	19874430	652	-0.0675
HELVE_p_TCGA_b139_154_155_SNP_N_GenomeWideSNP_6_B05_808636	22	19875422	19879020	2	-1.4778
HELVE_p_TCGA_b139_154_155_SNP_N_GenomeWideSNP_6_B05_808636	22	19879938	49066899	20269	-0.0056
HELVE_p_TCGA_b139_154_155_SNP_N_GenomeWideSNP_6_B05_808636	22	49067053	49076870	6	-1.0718
HELVE_p_TCGA_b139_154_155_SNP_N_GenomeWideSNP_6_B05_808636	22	49077142	49268700	167	0.0046
HELVE_p_TCGA_b139_154_155_SNP_N_GenomeWideSNP_6_B05_808636	22	49269923	49270542	2	-2.3688
HELVE_p_TCGA_b139_154_155_SNP_N_GenomeWideSNP_6_B05_808636	22	49273291	51234455	1234	-0.087
HELVE_p_TCGA_b139_154_155_SNP_N_GenomeWideSNP_6_B05_808636	X	168477	34121530	21362	0.0158
HELVE_p_TCGA_b139_154_155_SNP_N_GenomeWideSNP_6_B05_808636	X	34121544	34133919	21	0.4056
HELVE_p_TCGA_b139_154_155_SNP_N_GenomeWideSNP_6_B05_808636	X	34134074	38583819	2677	0.0266
HELVE_p_TCGA_b139_154_155_SNP_N_GenomeWideSNP_6_B05_808636	X	38586159	38586188	2	-1.5481
HELVE_p_TCGA_b139_154_155_SNP_N_GenomeWideSNP_6_B05_808636	X	38591633	76349873	16025	0.0164
HELVE_p_TCGA_b139_154_155_SNP_N_GenomeWideSNP_6_B05_808636	X	76353650	76523952	18	-0.6929
HELVE_p_TCGA_b139_154_155_SNP_N_GenomeWideSNP_6_B05_808636	X	76545159	103320020	14259	0.022
HELVE_p_TCGA_b139_154_155_SNP_N_GenomeWideSNP_6_B05_808636	X	103323927	103335334	11	-0.4899
HELVE_p_TCGA_b139_154_155_SNP_N_GenomeWideSNP_6_B05_808636	X	103335751	144622195	23863	0.014
HELVE_p_TCGA_b139_154_155_SNP_N_GenomeWideSNP_6_B05_808636	X	144622598	144628064	3	-1.0472
HELVE_p_TCGA_b139_154_155_SNP_N_GenomeWideSNP_6_B05_808636	X	144628827	155182354	6228	0.0058
HELVE_p_TCGA_b139_154_155_SNP_N_GenomeWideSNP_6_B05_808636	Y	2650438	5949944	808	-2.2089
HELVE_p_TCGA_b139_154_155_SNP_N_GenomeWideSNP_6_B05_808636	Y	5950884	6409541	186	-3.1129
HELVE_p_TCGA_b139_154_155_SNP_N_GenomeWideSNP_6_B05_808636	Y	6410097	7395687	428	-2.5478
HELVE_p_TCGA_b139_154_155_SNP_N_GenomeWideSNP_6_B05_808636	Y	7397635	9759564	1205	-2.9208
HELVE_p_TCGA_b139_154_155_SNP_N_GenomeWideSNP_6_B05_808636	Y	9774614	15590276	951	-2.632
HELVE_p_TCGA_b139_154_155_SNP_N_GenomeWideSNP_6_B05_808636	Y	15590342	15594523	3	-7.6439
HELVE_p_TCGA_b139_154_155_SNP_N_GenomeWideSNP_6_B05_808636	Y	15594889	19574890	2082	-2.7156
HELVE_p_TCGA_b139_154_155_SNP_N_GenomeWideSNP_6_B05_808636	Y	19576544	21088297	703	-3.2608
HELVE_p_TCGA_b139_154_155_SNP_N_GenomeWideSNP_6_B05_808636	Y	21088485	23859163	1053	-2.7421
HELVE_p_TCGA_b139_154_155_SNP_N_GenomeWideSNP_6_B05_808636	Y	23859468	28423938	1031	-3.1505
HELVE_p_TCGA_b139_154_155_SNP_N_GenomeWideSNP_6_B05_808636	Y	28438116	59018259	183	-2.4357
