Sample	Chromosome	Start	End	Num_Probes	Segment_Mean
SERVO_p_TCGA_157_158_159_SNP_N_GenomeWideSNP_6_A06_831392	1	61735	82315	10	-0.7916
SERVO_p_TCGA_157_158_159_SNP_N_GenomeWideSNP_6_A06_831392	1	82650	25583341	14145	-0.0885
SERVO_p_TCGA_157_158_159_SNP_N_GenomeWideSNP_6_A06_831392	1	25593128	25604466	11	-1.002
SERVO_p_TCGA_157_158_159_SNP_N_GenomeWideSNP_6_A06_831392	1	25605058	25611452	3	-3.6919
SERVO_p_TCGA_157_158_159_SNP_N_GenomeWideSNP_6_A06_831392	1	25616296	25645658	9	-0.7495
SERVO_p_TCGA_157_158_159_SNP_N_GenomeWideSNP_6_A06_831392	1	25646184	45973928	11064	-0.0864
SERVO_p_TCGA_157_158_159_SNP_N_GenomeWideSNP_6_A06_831392	1	45974126	72768916	17763	-0.3935
SERVO_p_TCGA_157_158_159_SNP_N_GenomeWideSNP_6_A06_831392	1	72768936	72816755	48	-0.9989
SERVO_p_TCGA_157_158_159_SNP_N_GenomeWideSNP_6_A06_831392	1	72817021	104159384	20059	-0.3883
SERVO_p_TCGA_157_158_159_SNP_N_GenomeWideSNP_6_A06_831392	1	104163499	104259444	23	-1.1787
SERVO_p_TCGA_157_158_159_SNP_N_GenomeWideSNP_6_A06_831392	1	104260032	108766355	2904	-0.3661
SERVO_p_TCGA_157_158_159_SNP_N_GenomeWideSNP_6_A06_831392	1	108769302	108817179	2	-2.1966
SERVO_p_TCGA_157_158_159_SNP_N_GenomeWideSNP_6_A06_831392	1	108828957	110227515	702	-0.3573
SERVO_p_TCGA_157_158_159_SNP_N_GenomeWideSNP_6_A06_831392	1	110232974	110240178	17	1.1422
SERVO_p_TCGA_157_158_159_SNP_N_GenomeWideSNP_6_A06_831392	1	110242953	110429022	130	-0.4224
SERVO_p_TCGA_157_158_159_SNP_N_GenomeWideSNP_6_A06_831392	1	110429114	110431020	2	-1.9231
SERVO_p_TCGA_157_158_159_SNP_N_GenomeWideSNP_6_A06_831392	1	110431422	112696273	1823	-0.402
SERVO_p_TCGA_157_158_159_SNP_N_GenomeWideSNP_6_A06_831392	1	112696308	112697213	18	0.2698
SERVO_p_TCGA_157_158_159_SNP_N_GenomeWideSNP_6_A06_831392	1	112697241	118929584	3964	-0.3894
SERVO_p_TCGA_157_158_159_SNP_N_GenomeWideSNP_6_A06_831392	1	118932325	152761923	4273	0.059
SERVO_p_TCGA_157_158_159_SNP_N_GenomeWideSNP_6_A06_831392	1	152761939	152778443	39	0.4958
SERVO_p_TCGA_157_158_159_SNP_N_GenomeWideSNP_6_A06_831392	1	152778526	169216937	11324	0.151
SERVO_p_TCGA_157_158_159_SNP_N_GenomeWideSNP_6_A06_831392	1	169233974	169241766	7	0.9204
SERVO_p_TCGA_157_158_159_SNP_N_GenomeWideSNP_6_A06_831392	1	169242401	195938400	17710	0.153
SERVO_p_TCGA_157_158_159_SNP_N_GenomeWideSNP_6_A06_831392	1	195939912	195949631	10	-0.4086
SERVO_p_TCGA_157_158_159_SNP_N_GenomeWideSNP_6_A06_831392	1	195950757	196812507	574	0.162
SERVO_p_TCGA_157_158_159_SNP_N_GenomeWideSNP_6_A06_831392	1	196812530	196815791	2	3.0638
SERVO_p_TCGA_157_158_159_SNP_N_GenomeWideSNP_6_A06_831392	1	196816730	249224388	35929	0.1474
SERVO_p_TCGA_157_158_159_SNP_N_GenomeWideSNP_6_A06_831392	2	12784	34691069	24110	0.1049
SERVO_p_TCGA_157_158_159_SNP_N_GenomeWideSNP_6_A06_831392	2	34699315	34737057	46	0.6056
SERVO_p_TCGA_157_158_159_SNP_N_GenomeWideSNP_6_A06_831392	2	34737163	35975973	877	0.1245
SERVO_p_TCGA_157_158_159_SNP_N_GenomeWideSNP_6_A06_831392	2	35977790	35986716	4	1.1337
SERVO_p_TCGA_157_158_159_SNP_N_GenomeWideSNP_6_A06_831392	2	35986908	55329528	14193	0.1155
SERVO_p_TCGA_157_158_159_SNP_N_GenomeWideSNP_6_A06_831392	2	55329541	55329701	2	-1.3097
SERVO_p_TCGA_157_158_159_SNP_N_GenomeWideSNP_6_A06_831392	2	55329719	76844466	13557	0.1089
SERVO_p_TCGA_157_158_159_SNP_N_GenomeWideSNP_6_A06_831392	2	76845173	76845426	5	-0.8445
SERVO_p_TCGA_157_158_159_SNP_N_GenomeWideSNP_6_A06_831392	2	76847586	86937687	6370	0.1203
SERVO_p_TCGA_157_158_159_SNP_N_GenomeWideSNP_6_A06_831392	2	86953070	86953854	2	-1.9572
SERVO_p_TCGA_157_158_159_SNP_N_GenomeWideSNP_6_A06_831392	2	86970406	97579395	1983	0.0676
SERVO_p_TCGA_157_158_159_SNP_N_GenomeWideSNP_6_A06_831392	2	97580766	99337309	795	-0.4624
SERVO_p_TCGA_157_158_159_SNP_N_GenomeWideSNP_6_A06_831392	2	99337650	106874649	4946	0.1125
SERVO_p_TCGA_157_158_159_SNP_N_GenomeWideSNP_6_A06_831392	2	106874722	106885357	13	-0.3939
SERVO_p_TCGA_157_158_159_SNP_N_GenomeWideSNP_6_A06_831392	2	106887255	126442223	11501	0.1094
SERVO_p_TCGA_157_158_159_SNP_N_GenomeWideSNP_6_A06_831392	2	126451651	126451913	2	-2.0815
SERVO_p_TCGA_157_158_159_SNP_N_GenomeWideSNP_6_A06_831392	2	126451932	130909061	2857	0.1077
SERVO_p_TCGA_157_158_159_SNP_N_GenomeWideSNP_6_A06_831392	2	130916872	131017523	30	0.4571
SERVO_p_TCGA_157_158_159_SNP_N_GenomeWideSNP_6_A06_831392	2	131021245	132146674	339	0.068
SERVO_p_TCGA_157_158_159_SNP_N_GenomeWideSNP_6_A06_831392	2	132148050	132279325	86	-0.582
SERVO_p_TCGA_157_158_159_SNP_N_GenomeWideSNP_6_A06_831392	2	132280836	133049342	253	0.0517
SERVO_p_TCGA_157_158_159_SNP_N_GenomeWideSNP_6_A06_831392	2	133051972	133117260	26	0.4831
SERVO_p_TCGA_157_158_159_SNP_N_GenomeWideSNP_6_A06_831392	2	133121946	146864429	8842	0.1029
SERVO_p_TCGA_157_158_159_SNP_N_GenomeWideSNP_6_A06_831392	2	146864443	146878410	25	0.6315
SERVO_p_TCGA_157_158_159_SNP_N_GenomeWideSNP_6_A06_831392	2	146878442	151031451	2258	0.1035
SERVO_p_TCGA_157_158_159_SNP_N_GenomeWideSNP_6_A06_831392	2	151031534	151037732	4	-1.0892
SERVO_p_TCGA_157_158_159_SNP_N_GenomeWideSNP_6_A06_831392	2	151039208	153278908	1594	0.1168
SERVO_p_TCGA_157_158_159_SNP_N_GenomeWideSNP_6_A06_831392	2	153279726	153527834	187	-0.4721
SERVO_p_TCGA_157_158_159_SNP_N_GenomeWideSNP_6_A06_831392	2	153537080	243089456	55087	0.1112
SERVO_p_TCGA_157_158_159_SNP_N_GenomeWideSNP_6_A06_831392	3	60345	218663	154	-0.0574
SERVO_p_TCGA_157_158_159_SNP_N_GenomeWideSNP_6_A06_831392	3	219132	232800	7	-1.0405
SERVO_p_TCGA_157_158_159_SNP_N_GenomeWideSNP_6_A06_831392	3	234877	68724692	47677	-0.0813
SERVO_p_TCGA_157_158_159_SNP_N_GenomeWideSNP_6_A06_831392	3	68725751	68747413	17	0.8641
SERVO_p_TCGA_157_158_159_SNP_N_GenomeWideSNP_6_A06_831392	3	68748758	75421170	4874	-0.0767
SERVO_p_TCGA_157_158_159_SNP_N_GenomeWideSNP_6_A06_831392	3	75427107	75639507	75	-0.9593
SERVO_p_TCGA_157_158_159_SNP_N_GenomeWideSNP_6_A06_831392	3	75645384	95456106	9140	-0.0703
SERVO_p_TCGA_157_158_159_SNP_N_GenomeWideSNP_6_A06_831392	3	95466880	95468110	2	-2.2326
SERVO_p_TCGA_157_158_159_SNP_N_GenomeWideSNP_6_A06_831392	3	95468680	98944458	1855	-0.0866
SERVO_p_TCGA_157_158_159_SNP_N_GenomeWideSNP_6_A06_831392	3	98944476	98949056	26	-0.7901
SERVO_p_TCGA_157_158_159_SNP_N_GenomeWideSNP_6_A06_831392	3	98949069	129757833	18752	-0.025
SERVO_p_TCGA_157_158_159_SNP_N_GenomeWideSNP_6_A06_831392	3	129758218	129806052	55	0.4491
SERVO_p_TCGA_157_158_159_SNP_N_GenomeWideSNP_6_A06_831392	3	129806236	136189504	4095	0.1469
SERVO_p_TCGA_157_158_159_SNP_N_GenomeWideSNP_6_A06_831392	3	136191274	136437411	87	-0.1156
SERVO_p_TCGA_157_158_159_SNP_N_GenomeWideSNP_6_A06_831392	3	136444052	137736521	723	0.1457
SERVO_p_TCGA_157_158_159_SNP_N_GenomeWideSNP_6_A06_831392	3	137740747	137882752	92	-0.1387
SERVO_p_TCGA_157_158_159_SNP_N_GenomeWideSNP_6_A06_831392	3	137883857	145694371	4968	0.1588
SERVO_p_TCGA_157_158_159_SNP_N_GenomeWideSNP_6_A06_831392	3	145695146	162567671	10346	-0.386
SERVO_p_TCGA_157_158_159_SNP_N_GenomeWideSNP_6_A06_831392	3	162567726	175496866	7987	0.0601
SERVO_p_TCGA_157_158_159_SNP_N_GenomeWideSNP_6_A06_831392	3	175499167	190345518	9482	-0.3911
SERVO_p_TCGA_157_158_159_SNP_N_GenomeWideSNP_6_A06_831392	3	190346218	190346525	2	1.1681
SERVO_p_TCGA_157_158_159_SNP_N_GenomeWideSNP_6_A06_831392	3	190349480	192878593	1744	-0.3856
SERVO_p_TCGA_157_158_159_SNP_N_GenomeWideSNP_6_A06_831392	3	192878821	192880473	3	1.2782
SERVO_p_TCGA_157_158_159_SNP_N_GenomeWideSNP_6_A06_831392	3	192880587	192887751	27	-0.0657
SERVO_p_TCGA_157_158_159_SNP_N_GenomeWideSNP_6_A06_831392	3	192887766	194252737	887	-0.3948
SERVO_p_TCGA_157_158_159_SNP_N_GenomeWideSNP_6_A06_831392	3	194253260	194255178	4	-1.5444
SERVO_p_TCGA_157_158_159_SNP_N_GenomeWideSNP_6_A06_831392	3	194256036	195285664	577	-0.3924
SERVO_p_TCGA_157_158_159_SNP_N_GenomeWideSNP_6_A06_831392	3	195285898	195478861	49	-0.772
SERVO_p_TCGA_157_158_159_SNP_N_GenomeWideSNP_6_A06_831392	3	195479748	197834148	1136	-0.3912
SERVO_p_TCGA_157_158_159_SNP_N_GenomeWideSNP_6_A06_831392	3	197834346	197835005	8	0.3478
SERVO_p_TCGA_157_158_159_SNP_N_GenomeWideSNP_6_A06_831392	3	197835438	197895985	25	-0.3699
SERVO_p_TCGA_157_158_159_SNP_N_GenomeWideSNP_6_A06_831392	3	197896002	197896118	3	0.6183
SERVO_p_TCGA_157_158_159_SNP_N_GenomeWideSNP_6_A06_831392	4	12281	65978	57	-0.6469
SERVO_p_TCGA_157_158_159_SNP_N_GenomeWideSNP_6_A06_831392	4	66719	4110230	1647	-0.0935
SERVO_p_TCGA_157_158_159_SNP_N_GenomeWideSNP_6_A06_831392	4	4113921	4166983	12	-0.75
SERVO_p_TCGA_157_158_159_SNP_N_GenomeWideSNP_6_A06_831392	4	4166997	10210390	4082	-0.1126
SERVO_p_TCGA_157_158_159_SNP_N_GenomeWideSNP_6_A06_831392	4	10223416	10231498	28	2.4819
SERVO_p_TCGA_157_158_159_SNP_N_GenomeWideSNP_6_A06_831392	4	10234214	10235268	7	0.9232
SERVO_p_TCGA_157_158_159_SNP_N_GenomeWideSNP_6_A06_831392	4	10236142	34778975	16981	-0.086
SERVO_p_TCGA_157_158_159_SNP_N_GenomeWideSNP_6_A06_831392	4	34779004	34824725	42	-0.6219
SERVO_p_TCGA_157_158_159_SNP_N_GenomeWideSNP_6_A06_831392	4	34829872	40700573	3886	-0.0803
SERVO_p_TCGA_157_158_159_SNP_N_GenomeWideSNP_6_A06_831392	4	40704011	40704192	3	-1.4659
SERVO_p_TCGA_157_158_159_SNP_N_GenomeWideSNP_6_A06_831392	4	40704687	64692979	12689	-0.0838
SERVO_p_TCGA_157_158_159_SNP_N_GenomeWideSNP_6_A06_831392	4	64693940	64705785	21	-0.5946
SERVO_p_TCGA_157_158_159_SNP_N_GenomeWideSNP_6_A06_831392	4	64707581	64708258	8	-2.03
SERVO_p_TCGA_157_158_159_SNP_N_GenomeWideSNP_6_A06_831392	4	64716431	69372003	2880	-0.0906
SERVO_p_TCGA_157_158_159_SNP_N_GenomeWideSNP_6_A06_831392	4	69374941	69485979	64	-1.1693
SERVO_p_TCGA_157_158_159_SNP_N_GenomeWideSNP_6_A06_831392	4	69489335	122281973	32107	-0.0854
SERVO_p_TCGA_157_158_159_SNP_N_GenomeWideSNP_6_A06_831392	4	122282468	122291131	29	-0.7165
SERVO_p_TCGA_157_158_159_SNP_N_GenomeWideSNP_6_A06_831392	4	122291522	130387304	4580	-0.0867
SERVO_p_TCGA_157_158_159_SNP_N_GenomeWideSNP_6_A06_831392	4	130388095	130389740	2	-1.5322
SERVO_p_TCGA_157_158_159_SNP_N_GenomeWideSNP_6_A06_831392	4	130390365	155309176	14833	-0.0902
SERVO_p_TCGA_157_158_159_SNP_N_GenomeWideSNP_6_A06_831392	4	155311596	155315485	7	-0.8565
SERVO_p_TCGA_157_158_159_SNP_N_GenomeWideSNP_6_A06_831392	4	155318412	157733140	1684	-0.0777
SERVO_p_TCGA_157_158_159_SNP_N_GenomeWideSNP_6_A06_831392	4	157733990	157735107	3	-1.5204
SERVO_p_TCGA_157_158_159_SNP_N_GenomeWideSNP_6_A06_831392	4	157736535	172987857	9646	-0.0837
SERVO_p_TCGA_157_158_159_SNP_N_GenomeWideSNP_6_A06_831392	4	172987928	172989533	13	-1.0186
SERVO_p_TCGA_157_158_159_SNP_N_GenomeWideSNP_6_A06_831392	4	172995979	191027923	12115	-0.0935
SERVO_p_TCGA_157_158_159_SNP_N_GenomeWideSNP_6_A06_831392	5	15532	818755	352	-0.4462
SERVO_p_TCGA_157_158_159_SNP_N_GenomeWideSNP_6_A06_831392	5	819815	852566	12	-1.78
SERVO_p_TCGA_157_158_159_SNP_N_GenomeWideSNP_6_A06_831392	5	863797	12791720	9843	-0.4291
SERVO_p_TCGA_157_158_159_SNP_N_GenomeWideSNP_6_A06_831392	5	12800889	12820076	10	0.3505
SERVO_p_TCGA_157_158_159_SNP_N_GenomeWideSNP_6_A06_831392	5	12824411	46271108	20549	-0.4007
SERVO_p_TCGA_157_158_159_SNP_N_GenomeWideSNP_6_A06_831392	5	46271930	46273502	6	-1.8575
SERVO_p_TCGA_157_158_159_SNP_N_GenomeWideSNP_6_A06_831392	5	46278212	105445572	32968	-0.4017
SERVO_p_TCGA_157_158_159_SNP_N_GenomeWideSNP_6_A06_831392	5	105450606	180374523	49097	-0.1083
SERVO_p_TCGA_157_158_159_SNP_N_GenomeWideSNP_6_A06_831392	5	180378710	180418103	19	-1.0633
SERVO_p_TCGA_157_158_159_SNP_N_GenomeWideSNP_6_A06_831392	5	180433225	180692983	165	-0.0881
SERVO_p_TCGA_157_158_159_SNP_N_GenomeWideSNP_6_A06_831392	5	180694888	180790320	6	-0.4111
SERVO_p_TCGA_157_158_159_SNP_N_GenomeWideSNP_6_A06_831392	6	149661	2702064	2125	-0.1025
SERVO_p_TCGA_157_158_159_SNP_N_GenomeWideSNP_6_A06_831392	6	2702121	2702135	2	-1.7442
SERVO_p_TCGA_157_158_159_SNP_N_GenomeWideSNP_6_A06_831392	6	2704434	31286305	20290	-0.0928
SERVO_p_TCGA_157_158_159_SNP_N_GenomeWideSNP_6_A06_831392	6	31286531	31296451	9	1.8006
SERVO_p_TCGA_157_158_159_SNP_N_GenomeWideSNP_6_A06_831392	6	31309924	32452929	509	-0.0243
SERVO_p_TCGA_157_158_159_SNP_N_GenomeWideSNP_6_A06_831392	6	32454275	32573771	33	1.061
SERVO_p_TCGA_157_158_159_SNP_N_GenomeWideSNP_6_A06_831392	6	32574014	32650612	35	0.3581
SERVO_p_TCGA_157_158_159_SNP_N_GenomeWideSNP_6_A06_831392	6	32654640	52624598	12746	-0.0942
SERVO_p_TCGA_157_158_159_SNP_N_GenomeWideSNP_6_A06_831392	6	52625050	52626269	3	-1.7694
SERVO_p_TCGA_157_158_159_SNP_N_GenomeWideSNP_6_A06_831392	6	52626572	67008262	6448	-0.0875
SERVO_p_TCGA_157_158_159_SNP_N_GenomeWideSNP_6_A06_831392	6	67008286	67048629	56	-0.8883
SERVO_p_TCGA_157_158_159_SNP_N_GenomeWideSNP_6_A06_831392	6	67049406	78969065	7778	-0.0856
SERVO_p_TCGA_157_158_159_SNP_N_GenomeWideSNP_6_A06_831392	6	78969105	79025996	93	-0.4272
SERVO_p_TCGA_157_158_159_SNP_N_GenomeWideSNP_6_A06_831392	6	79026144	100095692	13334	-0.0952
SERVO_p_TCGA_157_158_159_SNP_N_GenomeWideSNP_6_A06_831392	6	100097302	100101336	4	-1.2317
SERVO_p_TCGA_157_158_159_SNP_N_GenomeWideSNP_6_A06_831392	6	100101344	134266268	21285	-0.0957
SERVO_p_TCGA_157_158_159_SNP_N_GenomeWideSNP_6_A06_831392	6	134269071	134269632	2	-1.8891
SERVO_p_TCGA_157_158_159_SNP_N_GenomeWideSNP_6_A06_831392	6	134272072	170919495	25147	-0.0984
SERVO_p_TCGA_157_158_159_SNP_N_GenomeWideSNP_6_A06_831392	6	170982327	171051005	4	-1.1179
SERVO_p_TCGA_157_158_159_SNP_N_GenomeWideSNP_6_A06_831392	7	43355	54373148	38557	0.5019
SERVO_p_TCGA_157_158_159_SNP_N_GenomeWideSNP_6_A06_831392	7	54380196	54386517	8	-0.6004
SERVO_p_TCGA_157_158_159_SNP_N_GenomeWideSNP_6_A06_831392	7	54393488	56423816	1410	0.4772
SERVO_p_TCGA_157_158_159_SNP_N_GenomeWideSNP_6_A06_831392	7	56424739	63110343	1036	-0.152
SERVO_p_TCGA_157_158_159_SNP_N_GenomeWideSNP_6_A06_831392	7	63110385	63112016	5	-1.1889
SERVO_p_TCGA_157_158_159_SNP_N_GenomeWideSNP_6_A06_831392	7	63112265	70420438	3843	-0.0948
SERVO_p_TCGA_157_158_159_SNP_N_GenomeWideSNP_6_A06_831392	7	70423250	70426141	2	-2.1073
SERVO_p_TCGA_157_158_159_SNP_N_GenomeWideSNP_6_A06_831392	7	70428243	109441212	22512	-0.0856
SERVO_p_TCGA_157_158_159_SNP_N_GenomeWideSNP_6_A06_831392	7	109441244	109453910	11	-1.8265
SERVO_p_TCGA_157_158_159_SNP_N_GenomeWideSNP_6_A06_831392	7	109453982	133785211	14753	-0.0864
SERVO_p_TCGA_157_158_159_SNP_N_GenomeWideSNP_6_A06_831392	7	133785309	133798558	32	0.4297
SERVO_p_TCGA_157_158_159_SNP_N_GenomeWideSNP_6_A06_831392	7	133798846	141759994	5193	-0.0856
SERVO_p_TCGA_157_158_159_SNP_N_GenomeWideSNP_6_A06_831392	7	141760830	141799117	50	-0.5997
SERVO_p_TCGA_157_158_159_SNP_N_GenomeWideSNP_6_A06_831392	7	141799160	142474939	447	-0.0823
SERVO_p_TCGA_157_158_159_SNP_N_GenomeWideSNP_6_A06_831392	7	142476719	142486345	29	-1.602
SERVO_p_TCGA_157_158_159_SNP_N_GenomeWideSNP_6_A06_831392	7	142486495	158069717	9890	-0.0979
SERVO_p_TCGA_157_158_159_SNP_N_GenomeWideSNP_6_A06_831392	7	158070371	158115862	30	0.3005
SERVO_p_TCGA_157_158_159_SNP_N_GenomeWideSNP_6_A06_831392	7	158116391	158948951	531	-0.1294
SERVO_p_TCGA_157_158_159_SNP_N_GenomeWideSNP_6_A06_831392	7	158949365	158954514	2	-2.0217
SERVO_p_TCGA_157_158_159_SNP_N_GenomeWideSNP_6_A06_831392	7	158955239	159127004	112	-0.1391
SERVO_p_TCGA_157_158_159_SNP_N_GenomeWideSNP_6_A06_831392	8	31254	1115647	671	-0.3121
SERVO_p_TCGA_157_158_159_SNP_N_GenomeWideSNP_6_A06_831392	8	1117827	1360558	199	-0.84
SERVO_p_TCGA_157_158_159_SNP_N_GenomeWideSNP_6_A06_831392	8	1360578	2010761	532	-0.4363
SERVO_p_TCGA_157_158_159_SNP_N_GenomeWideSNP_6_A06_831392	8	2011010	2837160	869	-0.1097
SERVO_p_TCGA_157_158_159_SNP_N_GenomeWideSNP_6_A06_831392	8	2839035	2976060	124	-0.4414
SERVO_p_TCGA_157_158_159_SNP_N_GenomeWideSNP_6_A06_831392	8	2978078	3215923	250	-0.1002
SERVO_p_TCGA_157_158_159_SNP_N_GenomeWideSNP_6_A06_831392	8	3216010	4421539	1890	-0.3929
SERVO_p_TCGA_157_158_159_SNP_N_GenomeWideSNP_6_A06_831392	8	4425035	4896943	679	-0.1046
SERVO_p_TCGA_157_158_159_SNP_N_GenomeWideSNP_6_A06_831392	8	4900089	5580973	860	-0.3984
SERVO_p_TCGA_157_158_159_SNP_N_GenomeWideSNP_6_A06_831392	8	5581382	5607630	49	-0.1058
SERVO_p_TCGA_157_158_159_SNP_N_GenomeWideSNP_6_A06_831392	8	5607876	5732843	135	-0.4227
SERVO_p_TCGA_157_158_159_SNP_N_GenomeWideSNP_6_A06_831392	8	5735187	5789376	67	-0.9086
SERVO_p_TCGA_157_158_159_SNP_N_GenomeWideSNP_6_A06_831392	8	5790102	6273444	727	-0.3915
SERVO_p_TCGA_157_158_159_SNP_N_GenomeWideSNP_6_A06_831392	8	6273642	6753715	544	-0.0863
SERVO_p_TCGA_157_158_159_SNP_N_GenomeWideSNP_6_A06_831392	8	6754919	8070303	470	-0.3762
SERVO_p_TCGA_157_158_159_SNP_N_GenomeWideSNP_6_A06_831392	8	8072303	8205234	124	-0.9221
SERVO_p_TCGA_157_158_159_SNP_N_GenomeWideSNP_6_A06_831392	8	8207311	9041102	754	-0.4083
SERVO_p_TCGA_157_158_159_SNP_N_GenomeWideSNP_6_A06_831392	8	9046242	9501900	455	-0.0945
SERVO_p_TCGA_157_158_159_SNP_N_GenomeWideSNP_6_A06_831392	8	9501958	9993478	346	-0.4083
SERVO_p_TCGA_157_158_159_SNP_N_GenomeWideSNP_6_A06_831392	8	9996705	10558748	501	-0.0926
SERVO_p_TCGA_157_158_159_SNP_N_GenomeWideSNP_6_A06_831392	8	10559419	10938260	329	-0.4352
SERVO_p_TCGA_157_158_159_SNP_N_GenomeWideSNP_6_A06_831392	8	10938355	10939273	2	-1.7826
SERVO_p_TCGA_157_158_159_SNP_N_GenomeWideSNP_6_A06_831392	8	10939304	11050409	81	-0.4888
SERVO_p_TCGA_157_158_159_SNP_N_GenomeWideSNP_6_A06_831392	8	11051011	11711059	506	-0.1387
SERVO_p_TCGA_157_158_159_SNP_N_GenomeWideSNP_6_A06_831392	8	11711420	11851156	106	-0.4226
SERVO_p_TCGA_157_158_159_SNP_N_GenomeWideSNP_6_A06_831392	8	11855755	12420090	123	-0.1364
SERVO_p_TCGA_157_158_159_SNP_N_GenomeWideSNP_6_A06_831392	8	12420155	12824893	274	-0.4401
SERVO_p_TCGA_157_158_159_SNP_N_GenomeWideSNP_6_A06_831392	8	12826036	12883671	94	-0.1012
SERVO_p_TCGA_157_158_159_SNP_N_GenomeWideSNP_6_A06_831392	8	12890974	13226588	302	-0.4315
SERVO_p_TCGA_157_158_159_SNP_N_GenomeWideSNP_6_A06_831392	8	13226681	14276726	1060	-0.8329
SERVO_p_TCGA_157_158_159_SNP_N_GenomeWideSNP_6_A06_831392	8	14277111	16274661	1827	-0.4023
SERVO_p_TCGA_157_158_159_SNP_N_GenomeWideSNP_6_A06_831392	8	16278695	17025769	586	-0.8061
SERVO_p_TCGA_157_158_159_SNP_N_GenomeWideSNP_6_A06_831392	8	17026234	17442215	404	-0.3913
SERVO_p_TCGA_157_158_159_SNP_N_GenomeWideSNP_6_A06_831392	8	17442597	18265154	779	-0.0904
SERVO_p_TCGA_157_158_159_SNP_N_GenomeWideSNP_6_A06_831392	8	18266157	18271185	4	-1.7519
SERVO_p_TCGA_157_158_159_SNP_N_GenomeWideSNP_6_A06_831392	8	18271387	19421261	1069	-0.0968
SERVO_p_TCGA_157_158_159_SNP_N_GenomeWideSNP_6_A06_831392	8	19427464	19429049	3	-1.2954
SERVO_p_TCGA_157_158_159_SNP_N_GenomeWideSNP_6_A06_831392	8	19429572	19493786	44	-0.0474
SERVO_p_TCGA_157_158_159_SNP_N_GenomeWideSNP_6_A06_831392	8	19494185	19646706	151	-0.4278
SERVO_p_TCGA_157_158_159_SNP_N_GenomeWideSNP_6_A06_831392	8	19647864	20613337	843	-0.1045
SERVO_p_TCGA_157_158_159_SNP_N_GenomeWideSNP_6_A06_831392	8	20613676	20827119	177	-0.452
SERVO_p_TCGA_157_158_159_SNP_N_GenomeWideSNP_6_A06_831392	8	20828423	20886454	49	-0.1338
SERVO_p_TCGA_157_158_159_SNP_N_GenomeWideSNP_6_A06_831392	8	20888597	20917865	19	-0.5182
SERVO_p_TCGA_157_158_159_SNP_N_GenomeWideSNP_6_A06_831392	8	20919038	21034690	102	-0.1287
SERVO_p_TCGA_157_158_159_SNP_N_GenomeWideSNP_6_A06_831392	8	21035954	21335246	298	-0.411
SERVO_p_TCGA_157_158_159_SNP_N_GenomeWideSNP_6_A06_831392	8	21337027	22310052	538	-0.1579
SERVO_p_TCGA_157_158_159_SNP_N_GenomeWideSNP_6_A06_831392	8	22310957	22555069	127	-0.4625
SERVO_p_TCGA_157_158_159_SNP_N_GenomeWideSNP_6_A06_831392	8	22555582	22901266	236	-0.1274
SERVO_p_TCGA_157_158_159_SNP_N_GenomeWideSNP_6_A06_831392	8	22901568	24410561	982	-0.4094
SERVO_p_TCGA_157_158_159_SNP_N_GenomeWideSNP_6_A06_831392	8	24411466	25400988	774	-0.8038
SERVO_p_TCGA_157_158_159_SNP_N_GenomeWideSNP_6_A06_831392	8	25406955	26605660	972	-0.4015
SERVO_p_TCGA_157_158_159_SNP_N_GenomeWideSNP_6_A06_831392	8	26607630	30003405	2327	-0.1107
SERVO_p_TCGA_157_158_159_SNP_N_GenomeWideSNP_6_A06_831392	8	30004493	30558648	328	-0.4066
SERVO_p_TCGA_157_158_159_SNP_N_GenomeWideSNP_6_A06_831392	8	30560589	31089691	320	-0.0688
SERVO_p_TCGA_157_158_159_SNP_N_GenomeWideSNP_6_A06_831392	8	31095539	31544898	272	-0.4207
SERVO_p_TCGA_157_158_159_SNP_N_GenomeWideSNP_6_A06_831392	8	31550347	32412359	701	-0.1007
SERVO_p_TCGA_157_158_159_SNP_N_GenomeWideSNP_6_A06_831392	8	32415622	32683965	228	-0.4106
SERVO_p_TCGA_157_158_159_SNP_N_GenomeWideSNP_6_A06_831392	8	32684025	32688203	5	0.6191
SERVO_p_TCGA_157_158_159_SNP_N_GenomeWideSNP_6_A06_831392	8	32688413	32941598	152	-0.4448
SERVO_p_TCGA_157_158_159_SNP_N_GenomeWideSNP_6_A06_831392	8	32943524	33028319	60	-0.1423
SERVO_p_TCGA_157_158_159_SNP_N_GenomeWideSNP_6_A06_831392	8	33028374	33212712	109	-0.3977
SERVO_p_TCGA_157_158_159_SNP_N_GenomeWideSNP_6_A06_831392	8	33223566	33451130	124	-0.0236
SERVO_p_TCGA_157_158_159_SNP_N_GenomeWideSNP_6_A06_831392	8	33454957	33807012	169	-0.8347
SERVO_p_TCGA_157_158_159_SNP_N_GenomeWideSNP_6_A06_831392	8	33807625	33856102	22	-1.5232
SERVO_p_TCGA_157_158_159_SNP_N_GenomeWideSNP_6_A06_831392	8	33856664	34730045	518	-0.8233
SERVO_p_TCGA_157_158_159_SNP_N_GenomeWideSNP_6_A06_831392	8	34730437	35785282	579	-1.6391
SERVO_p_TCGA_157_158_159_SNP_N_GenomeWideSNP_6_A06_831392	8	35797646	36335253	267	-0.8116
SERVO_p_TCGA_157_158_159_SNP_N_GenomeWideSNP_6_A06_831392	8	36339997	38318180	1103	-0.4093
SERVO_p_TCGA_157_158_159_SNP_N_GenomeWideSNP_6_A06_831392	8	38318214	38399843	65	-0.1421
SERVO_p_TCGA_157_158_159_SNP_N_GenomeWideSNP_6_A06_831392	8	38402151	38407126	3	-1.2722
SERVO_p_TCGA_157_158_159_SNP_N_GenomeWideSNP_6_A06_831392	8	38408406	38805698	193	-0.3842
SERVO_p_TCGA_157_158_159_SNP_N_GenomeWideSNP_6_A06_831392	8	38807395	39230659	198	-0.8598
SERVO_p_TCGA_157_158_159_SNP_N_GenomeWideSNP_6_A06_831392	8	39235603	39386965	58	-1.6389
SERVO_p_TCGA_157_158_159_SNP_N_GenomeWideSNP_6_A06_831392	8	39388299	39834819	271	-0.7861
SERVO_p_TCGA_157_158_159_SNP_N_GenomeWideSNP_6_A06_831392	8	39834885	39916347	79	-0.4918
SERVO_p_TCGA_157_158_159_SNP_N_GenomeWideSNP_6_A06_831392	8	39918981	40171900	202	-0.847
SERVO_p_TCGA_157_158_159_SNP_N_GenomeWideSNP_6_A06_831392	8	40173349	40300459	155	-0.3931
SERVO_p_TCGA_157_158_159_SNP_N_GenomeWideSNP_6_A06_831392	8	40302590	40329035	31	-0.1273
SERVO_p_TCGA_157_158_159_SNP_N_GenomeWideSNP_6_A06_831392	8	40330979	40333893	7	-0.5106
SERVO_p_TCGA_157_158_159_SNP_N_GenomeWideSNP_6_A06_831392	8	40337569	40394240	59	-0.0887
SERVO_p_TCGA_157_158_159_SNP_N_GenomeWideSNP_6_A06_831392	8	40399721	40591746	143	-0.404
SERVO_p_TCGA_157_158_159_SNP_N_GenomeWideSNP_6_A06_831392	8	40591969	40881329	193	-0.1069
SERVO_p_TCGA_157_158_159_SNP_N_GenomeWideSNP_6_A06_831392	8	40881755	46912314	1450	0.9084
SERVO_p_TCGA_157_158_159_SNP_N_GenomeWideSNP_6_A06_831392	8	46919273	51026583	1990	1.3208
SERVO_p_TCGA_157_158_159_SNP_N_GenomeWideSNP_6_A06_831392	8	51027297	51040032	30	0.992
SERVO_p_TCGA_157_158_159_SNP_N_GenomeWideSNP_6_A06_831392	8	51040135	57917944	4459	1.354
SERVO_p_TCGA_157_158_159_SNP_N_GenomeWideSNP_6_A06_831392	8	57919479	57937851	8	0.5476
SERVO_p_TCGA_157_158_159_SNP_N_GenomeWideSNP_6_A06_831392	8	57938541	57961595	15	1.4074
SERVO_p_TCGA_157_158_159_SNP_N_GenomeWideSNP_6_A06_831392	8	57964238	57968778	4	0.2909
SERVO_p_TCGA_157_158_159_SNP_N_GenomeWideSNP_6_A06_831392	8	57971234	70206603	7603	1.3422
SERVO_p_TCGA_157_158_159_SNP_N_GenomeWideSNP_6_A06_831392	8	70207597	70208252	4	0.2894
SERVO_p_TCGA_157_158_159_SNP_N_GenomeWideSNP_6_A06_831392	8	70208266	70952739	505	1.3549
SERVO_p_TCGA_157_158_159_SNP_N_GenomeWideSNP_6_A06_831392	8	70953927	70954834	7	0.1083
SERVO_p_TCGA_157_158_159_SNP_N_GenomeWideSNP_6_A06_831392	8	70961161	70961514	7	1.0752
SERVO_p_TCGA_157_158_159_SNP_N_GenomeWideSNP_6_A06_831392	8	70963098	70963372	3	0.2183
SERVO_p_TCGA_157_158_159_SNP_N_GenomeWideSNP_6_A06_831392	8	70963432	93019652	13015	1.3379
SERVO_p_TCGA_157_158_159_SNP_N_GenomeWideSNP_6_A06_831392	8	93019961	93020129	4	0.2352
SERVO_p_TCGA_157_158_159_SNP_N_GenomeWideSNP_6_A06_831392	8	93020588	95560052	1525	1.2963
SERVO_p_TCGA_157_158_159_SNP_N_GenomeWideSNP_6_A06_831392	8	95560081	95570545	13	0.6695
SERVO_p_TCGA_157_158_159_SNP_N_GenomeWideSNP_6_A06_831392	8	95576350	138822323	28935	1.2797
SERVO_p_TCGA_157_158_159_SNP_N_GenomeWideSNP_6_A06_831392	8	138823734	138863357	29	0.5905
SERVO_p_TCGA_157_158_159_SNP_N_GenomeWideSNP_6_A06_831392	8	138869719	144309792	3579	1.2644
SERVO_p_TCGA_157_158_159_SNP_N_GenomeWideSNP_6_A06_831392	8	144309825	144310617	8	0.2271
SERVO_p_TCGA_157_158_159_SNP_N_GenomeWideSNP_6_A06_831392	8	144314377	144699157	119	1.2965
SERVO_p_TCGA_157_158_159_SNP_N_GenomeWideSNP_6_A06_831392	8	144705157	144707021	8	-1.8621
SERVO_p_TCGA_157_158_159_SNP_N_GenomeWideSNP_6_A06_831392	8	144707808	146298155	505	1.2462
SERVO_p_TCGA_157_158_159_SNP_N_GenomeWideSNP_6_A06_831392	9	46587	5079156	5248	-0.0782
SERVO_p_TCGA_157_158_159_SNP_N_GenomeWideSNP_6_A06_831392	9	5081416	5084226	14	-0.6843
SERVO_p_TCGA_157_158_159_SNP_N_GenomeWideSNP_6_A06_831392	9	5084325	10403105	4715	-0.0725
SERVO_p_TCGA_157_158_159_SNP_N_GenomeWideSNP_6_A06_831392	9	10404138	10404986	2	1.5737
SERVO_p_TCGA_157_158_159_SNP_N_GenomeWideSNP_6_A06_831392	9	10407943	22492889	9888	-0.0735
SERVO_p_TCGA_157_158_159_SNP_N_GenomeWideSNP_6_A06_831392	9	22501913	22502699	2	-2.6752
SERVO_p_TCGA_157_158_159_SNP_N_GenomeWideSNP_6_A06_831392	9	22509340	141091394	60027	-0.0973
SERVO_p_TCGA_157_158_159_SNP_N_GenomeWideSNP_6_A06_831392	10	72759	24372305	19223	-0.1147
SERVO_p_TCGA_157_158_159_SNP_N_GenomeWideSNP_6_A06_831392	10	24372757	24378908	14	0.7588
SERVO_p_TCGA_157_158_159_SNP_N_GenomeWideSNP_6_A06_831392	10	24378951	67308709	25478	-0.123
SERVO_p_TCGA_157_158_159_SNP_N_GenomeWideSNP_6_A06_831392	10	67308737	67314430	20	-1.4567
SERVO_p_TCGA_157_158_159_SNP_N_GenomeWideSNP_6_A06_831392	10	67314446	92459927	16965	-0.123
SERVO_p_TCGA_157_158_159_SNP_N_GenomeWideSNP_6_A06_831392	10	92462715	92463291	4	-1.5247
SERVO_p_TCGA_157_158_159_SNP_N_GenomeWideSNP_6_A06_831392	10	92471580	135506704	29322	-0.126
SERVO_p_TCGA_157_158_159_SNP_N_GenomeWideSNP_6_A06_831392	11	198510	24446368	17180	-0.089
SERVO_p_TCGA_157_158_159_SNP_N_GenomeWideSNP_6_A06_831392	11	24447892	24450257	4	-1.0972
SERVO_p_TCGA_157_158_159_SNP_N_GenomeWideSNP_6_A06_831392	11	24455176	25529987	812	0.1381
SERVO_p_TCGA_157_158_159_SNP_N_GenomeWideSNP_6_A06_831392	11	25530719	25531545	2	-1.3941
SERVO_p_TCGA_157_158_159_SNP_N_GenomeWideSNP_6_A06_831392	11	25531583	25654935	101	0.1039
SERVO_p_TCGA_157_158_159_SNP_N_GenomeWideSNP_6_A06_831392	11	25655213	25660676	2	-3.0149
SERVO_p_TCGA_157_158_159_SNP_N_GenomeWideSNP_6_A06_831392	11	25662734	49708375	15759	0.1337
SERVO_p_TCGA_157_158_159_SNP_N_GenomeWideSNP_6_A06_831392	11	49710861	49757767	20	-0.5495
SERVO_p_TCGA_157_158_159_SNP_N_GenomeWideSNP_6_A06_831392	11	49758273	134944770	53212	0.1274
SERVO_p_TCGA_157_158_159_SNP_N_GenomeWideSNP_6_A06_831392	12	150442	9619168	6190	0.139
SERVO_p_TCGA_157_158_159_SNP_N_GenomeWideSNP_6_A06_831392	12	9619705	9728292	32	-0.2745
SERVO_p_TCGA_157_158_159_SNP_N_GenomeWideSNP_6_A06_831392	12	9734969	29334049	13692	0.1443
SERVO_p_TCGA_157_158_159_SNP_N_GenomeWideSNP_6_A06_831392	12	29334128	29334138	2	-1.7069
SERVO_p_TCGA_157_158_159_SNP_N_GenomeWideSNP_6_A06_831392	12	29334152	33294660	2943	0.1416
SERVO_p_TCGA_157_158_159_SNP_N_GenomeWideSNP_6_A06_831392	12	33301406	33307374	27	-2.0302
SERVO_p_TCGA_157_158_159_SNP_N_GenomeWideSNP_6_A06_831392	12	33308360	86880778	30847	0.1355
SERVO_p_TCGA_157_158_159_SNP_N_GenomeWideSNP_6_A06_831392	12	86881828	86881955	2	-1.6875
SERVO_p_TCGA_157_158_159_SNP_N_GenomeWideSNP_6_A06_831392	12	86890015	90483350	2054	0.1406
SERVO_p_TCGA_157_158_159_SNP_N_GenomeWideSNP_6_A06_831392	12	90491669	90491687	2	-2.0768
SERVO_p_TCGA_157_158_159_SNP_N_GenomeWideSNP_6_A06_831392	12	90491816	90492074	5	-0.5971
SERVO_p_TCGA_157_158_159_SNP_N_GenomeWideSNP_6_A06_831392	12	90493557	99791814	6452	0.1401
SERVO_p_TCGA_157_158_159_SNP_N_GenomeWideSNP_6_A06_831392	12	99795293	99798062	24	-0.4375
SERVO_p_TCGA_157_158_159_SNP_N_GenomeWideSNP_6_A06_831392	12	99798152	133778189	22756	0.1352
SERVO_p_TCGA_157_158_159_SNP_N_GenomeWideSNP_6_A06_831392	13	19026949	52930251	23423	-0.068
SERVO_p_TCGA_157_158_159_SNP_N_GenomeWideSNP_6_A06_831392	13	52931908	52937924	3	-1.4551
SERVO_p_TCGA_157_158_159_SNP_N_GenomeWideSNP_6_A06_831392	13	52940751	64224205	6511	-0.0514
SERVO_p_TCGA_157_158_159_SNP_N_GenomeWideSNP_6_A06_831392	13	64224792	64236692	9	-1.1202
SERVO_p_TCGA_157_158_159_SNP_N_GenomeWideSNP_6_A06_831392	13	64239563	66692569	1477	-0.0701
SERVO_p_TCGA_157_158_159_SNP_N_GenomeWideSNP_6_A06_831392	13	66696659	68292599	1077	-0.371
SERVO_p_TCGA_157_158_159_SNP_N_GenomeWideSNP_6_A06_831392	13	68293280	113671397	31180	-0.0645
SERVO_p_TCGA_157_158_159_SNP_N_GenomeWideSNP_6_A06_831392	13	113673945	113674576	2	-1.7462
SERVO_p_TCGA_157_158_159_SNP_N_GenomeWideSNP_6_A06_831392	13	113674735	115108397	576	-0.0956
SERVO_p_TCGA_157_158_159_SNP_N_GenomeWideSNP_6_A06_831392	14	19002124	19693231	49	-0.1668
SERVO_p_TCGA_157_158_159_SNP_N_GenomeWideSNP_6_A06_831392	14	19693249	19706758	3	-1.294
SERVO_p_TCGA_157_158_159_SNP_N_GenomeWideSNP_6_A06_831392	14	19731410	20550347	230	-6e-04
SERVO_p_TCGA_157_158_159_SNP_N_GenomeWideSNP_6_A06_831392	14	20550540	20555196	3	-0.9475
SERVO_p_TCGA_157_158_159_SNP_N_GenomeWideSNP_6_A06_831392	14	20557267	22393148	1261	0.1602
SERVO_p_TCGA_157_158_159_SNP_N_GenomeWideSNP_6_A06_831392	14	22393359	22393545	3	-1.2679
SERVO_p_TCGA_157_158_159_SNP_N_GenomeWideSNP_6_A06_831392	14	22393599	40608928	11555	0.1545
SERVO_p_TCGA_157_158_159_SNP_N_GenomeWideSNP_6_A06_831392	14	40613922	40616919	2	-2.701
SERVO_p_TCGA_157_158_159_SNP_N_GenomeWideSNP_6_A06_831392	14	40618165	107285437	42458	0.1466
SERVO_p_TCGA_157_158_159_SNP_N_GenomeWideSNP_6_A06_831392	15	20016328	20879843	175	-0.4375
SERVO_p_TCGA_157_158_159_SNP_N_GenomeWideSNP_6_A06_831392	15	20886833	21929862	126	-0.8213
SERVO_p_TCGA_157_158_159_SNP_N_GenomeWideSNP_6_A06_831392	15	21930553	76891511	34018	-0.3737
SERVO_p_TCGA_157_158_159_SNP_N_GenomeWideSNP_6_A06_831392	15	76891627	76895775	20	0.3853
SERVO_p_TCGA_157_158_159_SNP_N_GenomeWideSNP_6_A06_831392	15	76902179	102469040	17668	-0.3815
SERVO_p_TCGA_157_158_159_SNP_N_GenomeWideSNP_6_A06_831392	16	60777	19945650	13521	-0.084
SERVO_p_TCGA_157_158_159_SNP_N_GenomeWideSNP_6_A06_831392	16	19945808	19965875	27	-0.9353
SERVO_p_TCGA_157_158_159_SNP_N_GenomeWideSNP_6_A06_831392	16	19967362	70139542	22547	-0.0804
SERVO_p_TCGA_157_158_159_SNP_N_GenomeWideSNP_6_A06_831392	16	70151527	70198356	15	-0.7298
SERVO_p_TCGA_157_158_159_SNP_N_GenomeWideSNP_6_A06_831392	16	70198396	90287535	16293	-0.0827
SERVO_p_TCGA_157_158_159_SNP_N_GenomeWideSNP_6_A06_831392	17	526	44204373	23526	-0.0732
SERVO_p_TCGA_157_158_159_SNP_N_GenomeWideSNP_6_A06_831392	17	44208144	44764994	143	-0.3988
SERVO_p_TCGA_157_158_159_SNP_N_GenomeWideSNP_6_A06_831392	17	44784652	54164935	5821	-0.0722
SERVO_p_TCGA_157_158_159_SNP_N_GenomeWideSNP_6_A06_831392	17	54165029	54166295	2	1.3669
SERVO_p_TCGA_157_158_159_SNP_N_GenomeWideSNP_6_A06_831392	17	54166337	81049726	15779	-0.0774
SERVO_p_TCGA_157_158_159_SNP_N_GenomeWideSNP_6_A06_831392	18	11543	5965669	4237	-0.3781
SERVO_p_TCGA_157_158_159_SNP_N_GenomeWideSNP_6_A06_831392	18	5966158	5968319	8	-1.3748
SERVO_p_TCGA_157_158_159_SNP_N_GenomeWideSNP_6_A06_831392	18	5969292	61956231	34874	-0.3798
SERVO_p_TCGA_157_158_159_SNP_N_GenomeWideSNP_6_A06_831392	18	61959167	62068178	88	-0.9249
SERVO_p_TCGA_157_158_159_SNP_N_GenomeWideSNP_6_A06_831392	18	62069382	67207852	3740	-0.3619
SERVO_p_TCGA_157_158_159_SNP_N_GenomeWideSNP_6_A06_831392	18	67208392	67210642	4	-1.7089
SERVO_p_TCGA_157_158_159_SNP_N_GenomeWideSNP_6_A06_831392	18	67213601	78015057	7806	-0.3857
SERVO_p_TCGA_157_158_159_SNP_N_GenomeWideSNP_6_A06_831392	19	90910	12525200	4974	-0.3631
SERVO_p_TCGA_157_158_159_SNP_N_GenomeWideSNP_6_A06_831392	19	12526590	12527184	2	-1.9492
SERVO_p_TCGA_157_158_159_SNP_N_GenomeWideSNP_6_A06_831392	19	12527864	15515118	1472	-0.3522
SERVO_p_TCGA_157_158_159_SNP_N_GenomeWideSNP_6_A06_831392	19	15516996	41357000	13170	0.2546
SERVO_p_TCGA_157_158_159_SNP_N_GenomeWideSNP_6_A06_831392	19	41360143	41380946	30	-0.4004
SERVO_p_TCGA_157_158_159_SNP_N_GenomeWideSNP_6_A06_831392	19	41392155	55312612	7355	0.323
SERVO_p_TCGA_157_158_159_SNP_N_GenomeWideSNP_6_A06_831392	19	55313000	55313817	2	-1.4129
SERVO_p_TCGA_157_158_159_SNP_N_GenomeWideSNP_6_A06_831392	19	55314287	59097854	2320	0.3368
SERVO_p_TCGA_157_158_159_SNP_N_GenomeWideSNP_6_A06_831392	20	61305	1560999	1207	0.8129
SERVO_p_TCGA_157_158_159_SNP_N_GenomeWideSNP_6_A06_831392	20	1561580	1590455	38	-0.0465
SERVO_p_TCGA_157_158_159_SNP_N_GenomeWideSNP_6_A06_831392	20	1590534	1593893	3	-1.5953
SERVO_p_TCGA_157_158_159_SNP_N_GenomeWideSNP_6_A06_831392	20	1597946	26305579	18810	0.8165
SERVO_p_TCGA_157_158_159_SNP_N_GenomeWideSNP_6_A06_831392	20	29420352	29493853	20	-0.7016
SERVO_p_TCGA_157_158_159_SNP_N_GenomeWideSNP_6_A06_831392	20	29498271	29635466	37	0.4359
SERVO_p_TCGA_157_158_159_SNP_N_GenomeWideSNP_6_A06_831392	20	29641265	48448280	11846	0.7951
SERVO_p_TCGA_157_158_159_SNP_N_GenomeWideSNP_6_A06_831392	20	48452549	48455900	5	-1.1065
SERVO_p_TCGA_157_158_159_SNP_N_GenomeWideSNP_6_A06_831392	20	48459362	54298335	4469	0.819
SERVO_p_TCGA_157_158_159_SNP_N_GenomeWideSNP_6_A06_831392	20	54300596	54300746	2	-0.6059
SERVO_p_TCGA_157_158_159_SNP_N_GenomeWideSNP_6_A06_831392	20	54301882	62956153	6059	0.8021
SERVO_p_TCGA_157_158_159_SNP_N_GenomeWideSNP_6_A06_831392	21	10736871	10933220	30	0.0705
SERVO_p_TCGA_157_158_159_SNP_N_GenomeWideSNP_6_A06_831392	21	10934086	14414137	94	-0.2171
SERVO_p_TCGA_157_158_159_SNP_N_GenomeWideSNP_6_A06_831392	21	14415664	19388413	3087	0.1465
SERVO_p_TCGA_157_158_159_SNP_N_GenomeWideSNP_6_A06_831392	21	19389675	19437353	38	0.4866
SERVO_p_TCGA_157_158_159_SNP_N_GenomeWideSNP_6_A06_831392	21	19438152	47689734	20873	0.1336
SERVO_p_TCGA_157_158_159_SNP_N_GenomeWideSNP_6_A06_831392	21	47690949	47815039	53	-0.8821
SERVO_p_TCGA_157_158_159_SNP_N_GenomeWideSNP_6_A06_831392	21	47817295	48096957	222	0.1205
SERVO_p_TCGA_157_158_159_SNP_N_GenomeWideSNP_6_A06_831392	22	16052528	23262981	3916	0.1165
SERVO_p_TCGA_157_158_159_SNP_N_GenomeWideSNP_6_A06_831392	22	23263242	23263257	2	-1.6272
SERVO_p_TCGA_157_158_159_SNP_N_GenomeWideSNP_6_A06_831392	22	23263274	24344422	701	0.1373
SERVO_p_TCGA_157_158_159_SNP_N_GenomeWideSNP_6_A06_831392	22	24350529	24396814	19	-0.3093
SERVO_p_TCGA_157_158_159_SNP_N_GenomeWideSNP_6_A06_831392	22	24401529	25081338	353	0.1218
SERVO_p_TCGA_157_158_159_SNP_N_GenomeWideSNP_6_A06_831392	22	25082115	25087674	4	-1.0916
SERVO_p_TCGA_157_158_159_SNP_N_GenomeWideSNP_6_A06_831392	22	25087688	39371829	10532	-0.0691
SERVO_p_TCGA_157_158_159_SNP_N_GenomeWideSNP_6_A06_831392	22	39371842	39413328	24	0.3056
SERVO_p_TCGA_157_158_159_SNP_N_GenomeWideSNP_6_A06_831392	22	39419853	44489394	2954	-0.0905
SERVO_p_TCGA_157_158_159_SNP_N_GenomeWideSNP_6_A06_831392	22	44489896	44490686	3	-1.591
SERVO_p_TCGA_157_158_159_SNP_N_GenomeWideSNP_6_A06_831392	22	44493727	51234455	5051	-0.1036
SERVO_p_TCGA_157_158_159_SNP_N_GenomeWideSNP_6_A06_831392	X	168477	155182354	84517	0.0182
SERVO_p_TCGA_157_158_159_SNP_N_GenomeWideSNP_6_A06_831392	Y	2650438	2985595	152	-2.442
SERVO_p_TCGA_157_158_159_SNP_N_GenomeWideSNP_6_A06_831392	Y	2985939	5944602	652	-2.1499
SERVO_p_TCGA_157_158_159_SNP_N_GenomeWideSNP_6_A06_831392	Y	5944603	6117910	72	-2.545
SERVO_p_TCGA_157_158_159_SNP_N_GenomeWideSNP_6_A06_831392	Y	6120432	6296423	80	-3.3792
SERVO_p_TCGA_157_158_159_SNP_N_GenomeWideSNP_6_A06_831392	Y	6299046	7311786	428	-2.3778
SERVO_p_TCGA_157_158_159_SNP_N_GenomeWideSNP_6_A06_831392	Y	7316344	9759564	1242	-2.621
SERVO_p_TCGA_157_158_159_SNP_N_GenomeWideSNP_6_A06_831392	Y	9774614	14801663	595	-2.3486
SERVO_p_TCGA_157_158_159_SNP_N_GenomeWideSNP_6_A06_831392	Y	14804077	14806006	3	-6.3038
SERVO_p_TCGA_157_158_159_SNP_N_GenomeWideSNP_6_A06_831392	Y	14809887	15024621	99	-2.5321
SERVO_p_TCGA_157_158_159_SNP_N_GenomeWideSNP_6_A06_831392	Y	15026424	15030817	5	-5.1698
SERVO_p_TCGA_157_158_159_SNP_N_GenomeWideSNP_6_A06_831392	Y	15032288	15590276	249	-2.4169
SERVO_p_TCGA_157_158_159_SNP_N_GenomeWideSNP_6_A06_831392	Y	15590342	15594523	3	-7.4645
SERVO_p_TCGA_157_158_159_SNP_N_GenomeWideSNP_6_A06_831392	Y	15594889	18242314	1415	-2.5294
SERVO_p_TCGA_157_158_159_SNP_N_GenomeWideSNP_6_A06_831392	Y	18244999	18529489	117	-2.9435
SERVO_p_TCGA_157_158_159_SNP_N_GenomeWideSNP_6_A06_831392	Y	18533335	19570632	549	-2.6237
SERVO_p_TCGA_157_158_159_SNP_N_GenomeWideSNP_6_A06_831392	Y	19571480	20970746	650	-3.0216
SERVO_p_TCGA_157_158_159_SNP_N_GenomeWideSNP_6_A06_831392	Y	20971498	20972173	2	-6.6296
SERVO_p_TCGA_157_158_159_SNP_N_GenomeWideSNP_6_A06_831392	Y	20972409	21024613	21	-3.1857
SERVO_p_TCGA_157_158_159_SNP_N_GenomeWideSNP_6_A06_831392	Y	21025062	24510518	1275	-2.5739
SERVO_p_TCGA_157_158_159_SNP_N_GenomeWideSNP_6_A06_831392	Y	24514859	26630929	413	-2.9413
SERVO_p_TCGA_157_158_159_SNP_N_GenomeWideSNP_6_A06_831392	Y	26631228	26825375	38	-3.9516
SERVO_p_TCGA_157_158_159_SNP_N_GenomeWideSNP_6_A06_831392	Y	26921276	28277692	334	-2.9216
SERVO_p_TCGA_157_158_159_SNP_N_GenomeWideSNP_6_A06_831392	Y	28289727	28322019	13	-4.4889
SERVO_p_TCGA_157_158_159_SNP_N_GenomeWideSNP_6_A06_831392	Y	28322083	28457337	51	-3.0256
SERVO_p_TCGA_157_158_159_SNP_N_GenomeWideSNP_6_A06_831392	Y	28458648	59018259	175	-2.3422
