Sample	Chromosome	Start	End	Num_Probes	Segment_Mean
SERVO_p_TCGA_157_158_159_SNP_N_GenomeWideSNP_6_E01_831480	1	61735	62937	6	-0.9349
SERVO_p_TCGA_157_158_159_SNP_N_GenomeWideSNP_6_E01_831480	1	72704	742293	35	0.2773
SERVO_p_TCGA_157_158_159_SNP_N_GenomeWideSNP_6_E01_831480	1	745913	17190004	8785	-0.0131
SERVO_p_TCGA_157_158_159_SNP_N_GenomeWideSNP_6_E01_831480	1	17190862	17261797	59	-0.2431
SERVO_p_TCGA_157_158_159_SNP_N_GenomeWideSNP_6_E01_831480	1	17261888	25583341	5273	-0.0165
SERVO_p_TCGA_157_158_159_SNP_N_GenomeWideSNP_6_E01_831480	1	25593128	25662212	31	-1.103
SERVO_p_TCGA_157_158_159_SNP_N_GenomeWideSNP_6_E01_831480	1	25663310	55090200	16020	-0.0074
SERVO_p_TCGA_157_158_159_SNP_N_GenomeWideSNP_6_E01_831480	1	55093291	55094389	2	-1.5782
SERVO_p_TCGA_157_158_159_SNP_N_GenomeWideSNP_6_E01_831480	1	55096450	72768916	12803	0.0045
SERVO_p_TCGA_157_158_159_SNP_N_GenomeWideSNP_6_E01_831480	1	72768936	72812440	47	-1.0827
SERVO_p_TCGA_157_158_159_SNP_N_GenomeWideSNP_6_E01_831480	1	72816755	85718363	8432	0.0075
SERVO_p_TCGA_157_158_159_SNP_N_GenomeWideSNP_6_E01_831480	1	85727218	85727228	2	1.1923
SERVO_p_TCGA_157_158_159_SNP_N_GenomeWideSNP_6_E01_831480	1	85727949	90550699	3184	0.0043
SERVO_p_TCGA_157_158_159_SNP_N_GenomeWideSNP_6_E01_831480	1	90551132	90559217	7	-0.5881
SERVO_p_TCGA_157_158_159_SNP_N_GenomeWideSNP_6_E01_831480	1	90559683	92152320	1074	0.0136
SERVO_p_TCGA_157_158_159_SNP_N_GenomeWideSNP_6_E01_831480	1	92152470	92157158	4	-0.908
SERVO_p_TCGA_157_158_159_SNP_N_GenomeWideSNP_6_E01_831480	1	92157808	106019236	8316	0.0063
SERVO_p_TCGA_157_158_159_SNP_N_GenomeWideSNP_6_E01_831480	1	106019310	106022360	14	0.6884
SERVO_p_TCGA_157_158_159_SNP_N_GenomeWideSNP_6_E01_831480	1	106022375	149024808	11040	0.0126
SERVO_p_TCGA_157_158_159_SNP_N_GenomeWideSNP_6_E01_831480	1	149036524	149242663	111	-0.4987
SERVO_p_TCGA_157_158_159_SNP_N_GenomeWideSNP_6_E01_831480	1	149242725	152555527	1544	0.0055
SERVO_p_TCGA_157_158_159_SNP_N_GenomeWideSNP_6_E01_831480	1	152555706	152586594	35	1.0233
SERVO_p_TCGA_157_158_159_SNP_N_GenomeWideSNP_6_E01_831480	1	152590494	152761939	172	0.004
SERVO_p_TCGA_157_158_159_SNP_N_GenomeWideSNP_6_E01_831480	1	152761955	152778443	38	0.5353
SERVO_p_TCGA_157_158_159_SNP_N_GenomeWideSNP_6_E01_831480	1	152778526	169216937	11325	-0.0018
SERVO_p_TCGA_157_158_159_SNP_N_GenomeWideSNP_6_E01_831480	1	169233974	169238745	6	-3.8814
SERVO_p_TCGA_157_158_159_SNP_N_GenomeWideSNP_6_E01_831480	1	169241766	210071062	27104	0.0059
SERVO_p_TCGA_157_158_159_SNP_N_GenomeWideSNP_6_E01_831480	1	210081613	210086552	4	-1.0711
SERVO_p_TCGA_157_158_159_SNP_N_GenomeWideSNP_6_E01_831480	1	210093494	243044281	23241	0.0053
SERVO_p_TCGA_157_158_159_SNP_N_GenomeWideSNP_6_E01_831480	1	243044307	243064142	54	0.2918
SERVO_p_TCGA_157_158_159_SNP_N_GenomeWideSNP_6_E01_831480	1	243065369	249224388	3801	0.0151
SERVO_p_TCGA_157_158_159_SNP_N_GenomeWideSNP_6_E01_831480	2	12784	3201417	2250	-0.0042
SERVO_p_TCGA_157_158_159_SNP_N_GenomeWideSNP_6_E01_831480	2	3202997	3203745	2	1.3685
SERVO_p_TCGA_157_158_159_SNP_N_GenomeWideSNP_6_E01_831480	2	3203852	18189265	11332	-0.0015
SERVO_p_TCGA_157_158_159_SNP_N_GenomeWideSNP_6_E01_831480	2	18189420	18190063	2	-1.6666
SERVO_p_TCGA_157_158_159_SNP_N_GenomeWideSNP_6_E01_831480	2	18191402	34691069	10517	0.0019
SERVO_p_TCGA_157_158_159_SNP_N_GenomeWideSNP_6_E01_831480	2	34699315	34737057	46	0.5458
SERVO_p_TCGA_157_158_159_SNP_N_GenomeWideSNP_6_E01_831480	2	34737163	35960148	873	-0.0027
SERVO_p_TCGA_157_158_159_SNP_N_GenomeWideSNP_6_E01_831480	2	35965115	35987947	12	0.5027
SERVO_p_TCGA_157_158_159_SNP_N_GenomeWideSNP_6_E01_831480	2	35997473	36332223	271	-0.0097
SERVO_p_TCGA_157_158_159_SNP_N_GenomeWideSNP_6_E01_831480	2	36332258	36336619	10	0.7705
SERVO_p_TCGA_157_158_159_SNP_N_GenomeWideSNP_6_E01_831480	2	36336740	66497635	20825	0.0058
SERVO_p_TCGA_157_158_159_SNP_N_GenomeWideSNP_6_E01_831480	2	66497698	66618154	87	0.3504
SERVO_p_TCGA_157_158_159_SNP_N_GenomeWideSNP_6_E01_831480	2	66624376	91727980	14045	0.0084
SERVO_p_TCGA_157_158_159_SNP_N_GenomeWideSNP_6_E01_831480	2	91760827	91790974	28	-0.2285
SERVO_p_TCGA_157_158_159_SNP_N_GenomeWideSNP_6_E01_831480	2	91791126	98025647	988	0.0259
SERVO_p_TCGA_157_158_159_SNP_N_GenomeWideSNP_6_E01_831480	2	98063372	98161710	11	0.7347
SERVO_p_TCGA_157_158_159_SNP_N_GenomeWideSNP_6_E01_831480	2	98162189	129638502	19032	0.0033
SERVO_p_TCGA_157_158_159_SNP_N_GenomeWideSNP_6_E01_831480	2	129638774	129640297	12	-0.5926
SERVO_p_TCGA_157_158_159_SNP_N_GenomeWideSNP_6_E01_831480	2	129640315	130241617	505	-0.019
SERVO_p_TCGA_157_158_159_SNP_N_GenomeWideSNP_6_E01_831480	2	130242500	130255110	7	-1.0381
SERVO_p_TCGA_157_158_159_SNP_N_GenomeWideSNP_6_E01_831480	2	130255181	132714344	1013	-0.0143
SERVO_p_TCGA_157_158_159_SNP_N_GenomeWideSNP_6_E01_831480	2	132719550	133123699	113	0.2298
SERVO_p_TCGA_157_158_159_SNP_N_GenomeWideSNP_6_E01_831480	2	133129166	137982148	3366	0.0015
SERVO_p_TCGA_157_158_159_SNP_N_GenomeWideSNP_6_E01_831480	2	137983647	137984261	5	-0.8559
SERVO_p_TCGA_157_158_159_SNP_N_GenomeWideSNP_6_E01_831480	2	137985285	146864443	5468	0.0028
SERVO_p_TCGA_157_158_159_SNP_N_GenomeWideSNP_6_E01_831480	2	146864457	146866934	21	-1.7018
SERVO_p_TCGA_157_158_159_SNP_N_GenomeWideSNP_6_E01_831480	2	146877806	184084153	22851	0.016
SERVO_p_TCGA_157_158_159_SNP_N_GenomeWideSNP_6_E01_831480	2	184085453	184089145	9	-1.1299
SERVO_p_TCGA_157_158_159_SNP_N_GenomeWideSNP_6_E01_831480	2	184089724	194687745	6019	0.0197
SERVO_p_TCGA_157_158_159_SNP_N_GenomeWideSNP_6_E01_831480	2	194690304	194693798	2	1.426
SERVO_p_TCGA_157_158_159_SNP_N_GenomeWideSNP_6_E01_831480	2	194702314	243089456	30241	0.0083
SERVO_p_TCGA_157_158_159_SNP_N_GenomeWideSNP_6_E01_831480	3	60345	224602	157	-0.0367
SERVO_p_TCGA_157_158_159_SNP_N_GenomeWideSNP_6_E01_831480	3	230022	232800	4	-1.0564
SERVO_p_TCGA_157_158_159_SNP_N_GenomeWideSNP_6_E01_831480	3	234877	65199250	45228	0.007
SERVO_p_TCGA_157_158_159_SNP_N_GenomeWideSNP_6_E01_831480	3	65199265	65210154	23	0.4305
SERVO_p_TCGA_157_158_159_SNP_N_GenomeWideSNP_6_E01_831480	3	65210299	68725751	2423	0.0122
SERVO_p_TCGA_157_158_159_SNP_N_GenomeWideSNP_6_E01_831480	3	68732028	68747243	12	0.8178
SERVO_p_TCGA_157_158_159_SNP_N_GenomeWideSNP_6_E01_831480	3	68747289	71554391	2128	-0.0038
SERVO_p_TCGA_157_158_159_SNP_N_GenomeWideSNP_6_E01_831480	3	71555047	71569084	12	0.4273
SERVO_p_TCGA_157_158_159_SNP_N_GenomeWideSNP_6_E01_831480	3	71569313	75568549	2799	0.0173
SERVO_p_TCGA_157_158_159_SNP_N_GenomeWideSNP_6_E01_831480	3	75572549	75586805	6	-1.3491
SERVO_p_TCGA_157_158_159_SNP_N_GenomeWideSNP_6_E01_831480	3	75595181	129761124	29785	0.0097
SERVO_p_TCGA_157_158_159_SNP_N_GenomeWideSNP_6_E01_831480	3	129762859	129806236	53	0.5441
SERVO_p_TCGA_157_158_159_SNP_N_GenomeWideSNP_6_E01_831480	3	129806924	143285800	8377	0.0054
SERVO_p_TCGA_157_158_159_SNP_N_GenomeWideSNP_6_E01_831480	3	143285818	143285974	3	1.1033
SERVO_p_TCGA_157_158_159_SNP_N_GenomeWideSNP_6_E01_831480	3	143286801	148962976	3540	0.0141
SERVO_p_TCGA_157_158_159_SNP_N_GenomeWideSNP_6_E01_831480	3	148963395	148968121	25	-0.7065
SERVO_p_TCGA_157_158_159_SNP_N_GenomeWideSNP_6_E01_831480	3	148971080	192607750	27390	0.0145
SERVO_p_TCGA_157_158_159_SNP_N_GenomeWideSNP_6_E01_831480	3	192607973	192608551	6	0.9481
SERVO_p_TCGA_157_158_159_SNP_N_GenomeWideSNP_6_E01_831480	3	192608598	192880473	198	0.0181
SERVO_p_TCGA_157_158_159_SNP_N_GenomeWideSNP_6_E01_831480	3	192880587	192882903	12	-1.0011
SERVO_p_TCGA_157_158_159_SNP_N_GenomeWideSNP_6_E01_831480	3	192886435	195285664	1484	0.0012
SERVO_p_TCGA_157_158_159_SNP_N_GenomeWideSNP_6_E01_831480	3	195285898	195474763	48	-0.4632
SERVO_p_TCGA_157_158_159_SNP_N_GenomeWideSNP_6_E01_831480	3	195478694	197896118	1173	0.0198
SERVO_p_TCGA_157_158_159_SNP_N_GenomeWideSNP_6_E01_831480	4	12281	9456977	5246	-0.0079
SERVO_p_TCGA_157_158_159_SNP_N_GenomeWideSNP_6_E01_831480	4	9461230	9464972	3	1.9033
SERVO_p_TCGA_157_158_159_SNP_N_GenomeWideSNP_6_E01_831480	4	9470734	9479345	6	0.6942
SERVO_p_TCGA_157_158_159_SNP_N_GenomeWideSNP_6_E01_831480	4	9486087	10210390	544	0.0196
SERVO_p_TCGA_157_158_159_SNP_N_GenomeWideSNP_6_E01_831480	4	10223416	10230797	22	-0.644
SERVO_p_TCGA_157_158_159_SNP_N_GenomeWideSNP_6_E01_831480	4	10230812	10386973	181	0.0167
SERVO_p_TCGA_157_158_159_SNP_N_GenomeWideSNP_6_E01_831480	4	10390122	10402718	19	0.4401
SERVO_p_TCGA_157_158_159_SNP_N_GenomeWideSNP_6_E01_831480	4	10402746	34779004	16799	0.005
SERVO_p_TCGA_157_158_159_SNP_N_GenomeWideSNP_6_E01_831480	4	34779025	34829872	42	0.4112
SERVO_p_TCGA_157_158_159_SNP_N_GenomeWideSNP_6_E01_831480	4	34829913	49510399	8986	0.0126
SERVO_p_TCGA_157_158_159_SNP_N_GenomeWideSNP_6_E01_831480	4	49511202	49658223	15	0.4777
SERVO_p_TCGA_157_158_159_SNP_N_GenomeWideSNP_6_E01_831480	4	49658612	58810453	4177	0.0024
SERVO_p_TCGA_157_158_159_SNP_N_GenomeWideSNP_6_E01_831480	4	58810492	58814981	6	0.6887
SERVO_p_TCGA_157_158_159_SNP_N_GenomeWideSNP_6_E01_831480	4	58816763	63667834	2831	0.0046
SERVO_p_TCGA_157_158_159_SNP_N_GenomeWideSNP_6_E01_831480	4	63669936	63679630	9	-0.5759
SERVO_p_TCGA_157_158_159_SNP_N_GenomeWideSNP_6_E01_831480	4	63684502	64693940	553	0.0229
SERVO_p_TCGA_157_158_159_SNP_N_GenomeWideSNP_6_E01_831480	4	64697469	64708258	29	0.3699
SERVO_p_TCGA_157_158_159_SNP_N_GenomeWideSNP_6_E01_831480	4	64716431	69367142	2877	0.0022
SERVO_p_TCGA_157_158_159_SNP_N_GenomeWideSNP_6_E01_831480	4	69372003	69489335	66	0.626
SERVO_p_TCGA_157_158_159_SNP_N_GenomeWideSNP_6_E01_831480	4	69505115	70127644	327	0.0062
SERVO_p_TCGA_157_158_159_SNP_N_GenomeWideSNP_6_E01_831480	4	70127652	70224850	47	-0.4647
SERVO_p_TCGA_157_158_159_SNP_N_GenomeWideSNP_6_E01_831480	4	70226899	172369346	62107	0.017
SERVO_p_TCGA_157_158_159_SNP_N_GenomeWideSNP_6_E01_831480	4	172374884	172377724	11	0.932
SERVO_p_TCGA_157_158_159_SNP_N_GenomeWideSNP_6_E01_831480	4	172377776	172987596	392	0.0198
SERVO_p_TCGA_157_158_159_SNP_N_GenomeWideSNP_6_E01_831480	4	172987639	172989224	9	0.4674
SERVO_p_TCGA_157_158_159_SNP_N_GenomeWideSNP_6_E01_831480	4	172989300	172989533	9	0.9243
SERVO_p_TCGA_157_158_159_SNP_N_GenomeWideSNP_6_E01_831480	4	172995979	189221230	10932	0.0092
SERVO_p_TCGA_157_158_159_SNP_N_GenomeWideSNP_6_E01_831480	4	189221258	189221375	3	-1.3667
SERVO_p_TCGA_157_158_159_SNP_N_GenomeWideSNP_6_E01_831480	4	189221424	191027923	1177	0.0193
SERVO_p_TCGA_157_158_159_SNP_N_GenomeWideSNP_6_E01_831480	5	15532	742689	326	0.0163
SERVO_p_TCGA_157_158_159_SNP_N_GenomeWideSNP_6_E01_831480	5	761016	833628	38	0.4484
SERVO_p_TCGA_157_158_159_SNP_N_GenomeWideSNP_6_E01_831480	5	852566	46191398	30402	0.001
SERVO_p_TCGA_157_158_159_SNP_N_GenomeWideSNP_6_E01_831480	5	46191884	49573142	76	0.2795
SERVO_p_TCGA_157_158_159_SNP_N_GenomeWideSNP_6_E01_831480	5	49574614	57321646	5025	-0.0041
SERVO_p_TCGA_157_158_159_SNP_N_GenomeWideSNP_6_E01_831480	5	57326027	57333533	32	-0.3472
SERVO_p_TCGA_157_158_159_SNP_N_GenomeWideSNP_6_E01_831480	5	57338357	101191969	25360	0.0145
SERVO_p_TCGA_157_158_159_SNP_N_GenomeWideSNP_6_E01_831480	5	101191985	101205162	15	0.5197
SERVO_p_TCGA_157_158_159_SNP_N_GenomeWideSNP_6_E01_831480	5	101205924	103851221	1489	0.0285
SERVO_p_TCGA_157_158_159_SNP_N_GenomeWideSNP_6_E01_831480	5	103860373	103860604	4	-1.2216
SERVO_p_TCGA_157_158_159_SNP_N_GenomeWideSNP_6_E01_831480	5	103861049	105401152	986	0.0224
SERVO_p_TCGA_157_158_159_SNP_N_GenomeWideSNP_6_E01_831480	5	105402335	115321833	6771	-0.5102
SERVO_p_TCGA_157_158_159_SNP_N_GenomeWideSNP_6_E01_831480	5	115322822	115382704	53	-0.839
SERVO_p_TCGA_157_158_159_SNP_N_GenomeWideSNP_6_E01_831480	5	115384143	118961374	2615	-0.5044
SERVO_p_TCGA_157_158_159_SNP_N_GenomeWideSNP_6_E01_831480	5	118961621	118964509	3	-2.4581
SERVO_p_TCGA_157_158_159_SNP_N_GenomeWideSNP_6_E01_831480	5	118964513	121426122	1589	-0.5014
SERVO_p_TCGA_157_158_159_SNP_N_GenomeWideSNP_6_E01_831480	5	121426675	121426691	2	-2.8617
SERVO_p_TCGA_157_158_159_SNP_N_GenomeWideSNP_6_E01_831480	5	121426712	124362448	1900	-0.5147
SERVO_p_TCGA_157_158_159_SNP_N_GenomeWideSNP_6_E01_831480	5	124365921	124365967	2	-2.7968
SERVO_p_TCGA_157_158_159_SNP_N_GenomeWideSNP_6_E01_831480	5	124366395	125336392	738	-0.5007
SERVO_p_TCGA_157_158_159_SNP_N_GenomeWideSNP_6_E01_831480	5	125338051	125356973	13	-1.0199
SERVO_p_TCGA_157_158_159_SNP_N_GenomeWideSNP_6_E01_831480	5	125357755	129799451	2635	-0.4964
SERVO_p_TCGA_157_158_159_SNP_N_GenomeWideSNP_6_E01_831480	5	129806641	180378710	32776	0.0048
SERVO_p_TCGA_157_158_159_SNP_N_GenomeWideSNP_6_E01_831480	5	180378888	180418103	18	0.4858
SERVO_p_TCGA_157_158_159_SNP_N_GenomeWideSNP_6_E01_831480	5	180433225	180790320	169	-0.0041
SERVO_p_TCGA_157_158_159_SNP_N_GenomeWideSNP_6_E01_831480	6	149661	294474	122	0.0348
SERVO_p_TCGA_157_158_159_SNP_N_GenomeWideSNP_6_E01_831480	6	294725	380821	79	-0.3442
SERVO_p_TCGA_157_158_159_SNP_N_GenomeWideSNP_6_E01_831480	6	381149	22905317	17411	-0.002
SERVO_p_TCGA_157_158_159_SNP_N_GenomeWideSNP_6_E01_831480	6	22905353	22905803	2	-2.1148
SERVO_p_TCGA_157_158_159_SNP_N_GenomeWideSNP_6_E01_831480	6	22905832	26728640	2651	-0.0087
SERVO_p_TCGA_157_158_159_SNP_N_GenomeWideSNP_6_E01_831480	6	26728859	26861038	60	0.301
SERVO_p_TCGA_157_158_159_SNP_N_GenomeWideSNP_6_E01_831480	6	26896974	29837072	1405	-0.0025
SERVO_p_TCGA_157_158_159_SNP_N_GenomeWideSNP_6_E01_831480	6	29837187	29937262	59	0.2574
SERVO_p_TCGA_157_158_159_SNP_N_GenomeWideSNP_6_E01_831480	6	29937311	31021161	448	0.0092
SERVO_p_TCGA_157_158_159_SNP_N_GenomeWideSNP_6_E01_831480	6	31021504	31022158	3	-1.297
SERVO_p_TCGA_157_158_159_SNP_N_GenomeWideSNP_6_E01_831480	6	31022195	31206979	119	-0.0524
SERVO_p_TCGA_157_158_159_SNP_N_GenomeWideSNP_6_E01_831480	6	31208340	31262869	32	0.2782
SERVO_p_TCGA_157_158_159_SNP_N_GenomeWideSNP_6_E01_831480	6	31263216	31286305	28	-0.1235
SERVO_p_TCGA_157_158_159_SNP_N_GenomeWideSNP_6_E01_831480	6	31286531	31296451	9	1.2453
SERVO_p_TCGA_157_158_159_SNP_N_GenomeWideSNP_6_E01_831480	6	31309924	40364325	5545	0.006
SERVO_p_TCGA_157_158_159_SNP_N_GenomeWideSNP_6_E01_831480	6	40365601	40369293	6	-1.0176
SERVO_p_TCGA_157_158_159_SNP_N_GenomeWideSNP_6_E01_831480	6	40370499	62098282	11418	0.0111
SERVO_p_TCGA_157_158_159_SNP_N_GenomeWideSNP_6_E01_831480	6	62101283	62241902	36	0.4336
SERVO_p_TCGA_157_158_159_SNP_N_GenomeWideSNP_6_E01_831480	6	62242118	77436532	9605	0.0165
SERVO_p_TCGA_157_158_159_SNP_N_GenomeWideSNP_6_E01_831480	6	77439868	77452673	19	-0.5004
SERVO_p_TCGA_157_158_159_SNP_N_GenomeWideSNP_6_E01_831480	6	77452689	77468623	7	0.3017
SERVO_p_TCGA_157_158_159_SNP_N_GenomeWideSNP_6_E01_831480	6	77468638	78858281	889	0.0256
SERVO_p_TCGA_157_158_159_SNP_N_GenomeWideSNP_6_E01_831480	6	78859421	78868542	9	-0.4176
SERVO_p_TCGA_157_158_159_SNP_N_GenomeWideSNP_6_E01_831480	6	78868908	170919495	59930	0.0092
SERVO_p_TCGA_157_158_159_SNP_N_GenomeWideSNP_6_E01_831480	6	170982327	171051005	4	-0.7915
SERVO_p_TCGA_157_158_159_SNP_N_GenomeWideSNP_6_E01_831480	7	43355	15431632	10410	0.0089
SERVO_p_TCGA_157_158_159_SNP_N_GenomeWideSNP_6_E01_831480	7	15431670	15433289	2	-1.5694
SERVO_p_TCGA_157_158_159_SNP_N_GenomeWideSNP_6_E01_831480	7	15434065	22434780	5684	0.0206
SERVO_p_TCGA_157_158_159_SNP_N_GenomeWideSNP_6_E01_831480	7	22435472	22436487	2	1.3605
SERVO_p_TCGA_157_158_159_SNP_N_GenomeWideSNP_6_E01_831480	7	22438754	31312470	6411	0.0107
SERVO_p_TCGA_157_158_159_SNP_N_GenomeWideSNP_6_E01_831480	7	31312819	31318608	2	-1.3458
SERVO_p_TCGA_157_158_159_SNP_N_GenomeWideSNP_6_E01_831480	7	31319352	39540037	5897	0.0074
SERVO_p_TCGA_157_158_159_SNP_N_GenomeWideSNP_6_E01_831480	7	39540140	39549989	7	0.5541
SERVO_p_TCGA_157_158_159_SNP_N_GenomeWideSNP_6_E01_831480	7	39553810	41914937	1476	-0.0136
SERVO_p_TCGA_157_158_159_SNP_N_GenomeWideSNP_6_E01_831480	7	41915184	41915225	2	1.1632
SERVO_p_TCGA_157_158_159_SNP_N_GenomeWideSNP_6_E01_831480	7	41915576	43620294	1213	-0.0066
SERVO_p_TCGA_157_158_159_SNP_N_GenomeWideSNP_6_E01_831480	7	43628168	43631128	3	-1.1623
SERVO_p_TCGA_157_158_159_SNP_N_GenomeWideSNP_6_E01_831480	7	43631368	76542080	16187	0.0088
SERVO_p_TCGA_157_158_159_SNP_N_GenomeWideSNP_6_E01_831480	7	76549358	76607295	15	-0.3754
SERVO_p_TCGA_157_158_159_SNP_N_GenomeWideSNP_6_E01_831480	7	76709612	97395471	13397	0.0158
SERVO_p_TCGA_157_158_159_SNP_N_GenomeWideSNP_6_E01_831480	7	97395506	97395509	2	1.2496
SERVO_p_TCGA_157_158_159_SNP_N_GenomeWideSNP_6_E01_831480	7	97401932	97402227	6	-0.7536
SERVO_p_TCGA_157_158_159_SNP_N_GenomeWideSNP_6_E01_831480	7	97402288	97417610	23	-0.0709
SERVO_p_TCGA_157_158_159_SNP_N_GenomeWideSNP_6_E01_831480	7	97420649	97420652	3	1.2315
SERVO_p_TCGA_157_158_159_SNP_N_GenomeWideSNP_6_E01_831480	7	97421090	102102164	2027	-0.0052
SERVO_p_TCGA_157_158_159_SNP_N_GenomeWideSNP_6_E01_831480	7	102235712	102288215	5	-1.2534
SERVO_p_TCGA_157_158_159_SNP_N_GenomeWideSNP_6_E01_831480	7	102316719	109437757	4586	0.0185
SERVO_p_TCGA_157_158_159_SNP_N_GenomeWideSNP_6_E01_831480	7	109437772	109441212	10	0.994
SERVO_p_TCGA_157_158_159_SNP_N_GenomeWideSNP_6_E01_831480	7	109441244	141770532	20004	0.0125
SERVO_p_TCGA_157_158_159_SNP_N_GenomeWideSNP_6_E01_831480	7	141770627	141787628	22	-0.3628
SERVO_p_TCGA_157_158_159_SNP_N_GenomeWideSNP_6_E01_831480	7	141787646	142474939	461	0.0796
SERVO_p_TCGA_157_158_159_SNP_N_GenomeWideSNP_6_E01_831480	7	142476719	142486345	29	0.7433
SERVO_p_TCGA_157_158_159_SNP_N_GenomeWideSNP_6_E01_831480	7	142486495	142822210	238	-0.0021
SERVO_p_TCGA_157_158_159_SNP_N_GenomeWideSNP_6_E01_831480	7	142827954	142883589	28	-0.9682
SERVO_p_TCGA_157_158_159_SNP_N_GenomeWideSNP_6_E01_831480	7	142886637	143873952	570	0.0251
SERVO_p_TCGA_157_158_159_SNP_N_GenomeWideSNP_6_E01_831480	7	143896252	144066947	44	0.8741
SERVO_p_TCGA_157_158_159_SNP_N_GenomeWideSNP_6_E01_831480	7	144074929	159127004	9689	3e-04
SERVO_p_TCGA_157_158_159_SNP_N_GenomeWideSNP_6_E01_831480	8	31254	2247827	1651	-0.014
SERVO_p_TCGA_157_158_159_SNP_N_GenomeWideSNP_6_E01_831480	8	2254638	2259223	10	-0.644
SERVO_p_TCGA_157_158_159_SNP_N_GenomeWideSNP_6_E01_831480	8	2259329	2701934	462	0.0225
SERVO_p_TCGA_157_158_159_SNP_N_GenomeWideSNP_6_E01_831480	8	2703533	2703899	7	-1.0277
SERVO_p_TCGA_157_158_159_SNP_N_GenomeWideSNP_6_E01_831480	8	2707171	3906162	1513	-0.0158
SERVO_p_TCGA_157_158_159_SNP_N_GenomeWideSNP_6_E01_831480	8	3906209	3910096	7	-0.8866
SERVO_p_TCGA_157_158_159_SNP_N_GenomeWideSNP_6_E01_831480	8	3910545	12198254	7656	0.0047
SERVO_p_TCGA_157_158_159_SNP_N_GenomeWideSNP_6_E01_831480	8	12216009	12247486	40	0.4661
SERVO_p_TCGA_157_158_159_SNP_N_GenomeWideSNP_6_E01_831480	8	12260927	24972187	10483	-0.0016
SERVO_p_TCGA_157_158_159_SNP_N_GenomeWideSNP_6_E01_831480	8	24974443	24984250	26	0.6076
SERVO_p_TCGA_157_158_159_SNP_N_GenomeWideSNP_6_E01_831480	8	24984333	32678715	5445	-0.0066
SERVO_p_TCGA_157_158_159_SNP_N_GenomeWideSNP_6_E01_831480	8	32678866	32700505	26	0.3034
SERVO_p_TCGA_157_158_159_SNP_N_GenomeWideSNP_6_E01_831480	8	32700545	40183799	4210	-8e-04
SERVO_p_TCGA_157_158_159_SNP_N_GenomeWideSNP_6_E01_831480	8	40183805	40194429	34	-0.6915
SERVO_p_TCGA_157_158_159_SNP_N_GenomeWideSNP_6_E01_831480	8	40194456	112294646	41414	0.0045
SERVO_p_TCGA_157_158_159_SNP_N_GenomeWideSNP_6_E01_831480	8	112294670	112295260	6	-2.169
SERVO_p_TCGA_157_158_159_SNP_N_GenomeWideSNP_6_E01_831480	8	112300281	115634487	1828	0.0036
SERVO_p_TCGA_157_158_159_SNP_N_GenomeWideSNP_6_E01_831480	8	115634554	115650697	35	0.3716
SERVO_p_TCGA_157_158_159_SNP_N_GenomeWideSNP_6_E01_831480	8	115650787	146298155	21053	-0.002
SERVO_p_TCGA_157_158_159_SNP_N_GenomeWideSNP_6_E01_831480	9	46587	5079156	5249	0.0076
SERVO_p_TCGA_157_158_159_SNP_N_GenomeWideSNP_6_E01_831480	9	5081416	5081766	8	0.7904
SERVO_p_TCGA_157_158_159_SNP_N_GenomeWideSNP_6_E01_831480	9	5081852	5106023	22	-0.0294
SERVO_p_TCGA_157_158_159_SNP_N_GenomeWideSNP_6_E01_831480	9	5106680	5106800	6	0.9508
SERVO_p_TCGA_157_158_159_SNP_N_GenomeWideSNP_6_E01_831480	9	5108574	5110240	20	-0.0288
SERVO_p_TCGA_157_158_159_SNP_N_GenomeWideSNP_6_E01_831480	9	5114773	5116016	6	0.7136
SERVO_p_TCGA_157_158_159_SNP_N_GenomeWideSNP_6_E01_831480	9	5116616	6695986	1077	0.0199
SERVO_p_TCGA_157_158_159_SNP_N_GenomeWideSNP_6_E01_831480	9	6701145	6708357	7	-0.9826
SERVO_p_TCGA_157_158_159_SNP_N_GenomeWideSNP_6_E01_831480	9	6712314	10403105	3581	0.017
SERVO_p_TCGA_157_158_159_SNP_N_GenomeWideSNP_6_E01_831480	9	10404138	10414810	13	0.5631
SERVO_p_TCGA_157_158_159_SNP_N_GenomeWideSNP_6_E01_831480	9	10416434	23361805	10459	0.0101
SERVO_p_TCGA_157_158_159_SNP_N_GenomeWideSNP_6_E01_831480	9	23363115	23373484	8	-2.0844
SERVO_p_TCGA_157_158_159_SNP_N_GenomeWideSNP_6_E01_831480	9	23378488	41943711	10889	0.0021
SERVO_p_TCGA_157_158_159_SNP_N_GenomeWideSNP_6_E01_831480	9	41952516	41985187	4	1.0538
SERVO_p_TCGA_157_158_159_SNP_N_GenomeWideSNP_6_E01_831480	9	42023107	44446136	112	0.0327
SERVO_p_TCGA_157_158_159_SNP_N_GenomeWideSNP_6_E01_831480	9	44469328	44781860	23	-0.6737
SERVO_p_TCGA_157_158_159_SNP_N_GenomeWideSNP_6_E01_831480	9	44788837	141091394	48404	6e-04
SERVO_p_TCGA_157_158_159_SNP_N_GenomeWideSNP_6_E01_831480	10	72759	46691159	31549	-0.0027
SERVO_p_TCGA_157_158_159_SNP_N_GenomeWideSNP_6_E01_831480	10	46691480	46932195	5	-0.953
SERVO_p_TCGA_157_158_159_SNP_N_GenomeWideSNP_6_E01_831480	10	46943377	51822399	2132	0.0053
SERVO_p_TCGA_157_158_159_SNP_N_GenomeWideSNP_6_E01_831480	10	51830360	51857219	3	-1.4521
SERVO_p_TCGA_157_158_159_SNP_N_GenomeWideSNP_6_E01_831480	10	51867234	67308030	11022	0.0139
SERVO_p_TCGA_157_158_159_SNP_N_GenomeWideSNP_6_E01_831480	10	67308591	67322795	24	0.6115
SERVO_p_TCGA_157_158_159_SNP_N_GenomeWideSNP_6_E01_831480	10	67322926	67341472	17	-0.04
SERVO_p_TCGA_157_158_159_SNP_N_GenomeWideSNP_6_E01_831480	10	67341553	67345248	11	0.4316
SERVO_p_TCGA_157_158_159_SNP_N_GenomeWideSNP_6_E01_831480	10	67345288	81347813	9214	0.0025
SERVO_p_TCGA_157_158_159_SNP_N_GenomeWideSNP_6_E01_831480	10	81347842	81596869	36	0.3268
SERVO_p_TCGA_157_158_159_SNP_N_GenomeWideSNP_6_E01_831480	10	81597053	82878159	858	-0.0079
SERVO_p_TCGA_157_158_159_SNP_N_GenomeWideSNP_6_E01_831480	10	82881330	82889783	10	-1.2576
SERVO_p_TCGA_157_158_159_SNP_N_GenomeWideSNP_6_E01_831480	10	82894469	123443013	27565	0.0046
SERVO_p_TCGA_157_158_159_SNP_N_GenomeWideSNP_6_E01_831480	10	123451808	123459523	14	0.4875
SERVO_p_TCGA_157_158_159_SNP_N_GenomeWideSNP_6_E01_831480	10	123460078	135234192	8425	-0.0114
SERVO_p_TCGA_157_158_159_SNP_N_GenomeWideSNP_6_E01_831480	10	135242873	135387867	112	0.5956
SERVO_p_TCGA_157_158_159_SNP_N_GenomeWideSNP_6_E01_831480	10	135387875	135506704	34	0.1155
SERVO_p_TCGA_157_158_159_SNP_N_GenomeWideSNP_6_E01_831480	11	198510	217140	9	0.1804
SERVO_p_TCGA_157_158_159_SNP_N_GenomeWideSNP_6_E01_831480	11	218011	227063	5	-0.8459
SERVO_p_TCGA_157_158_159_SNP_N_GenomeWideSNP_6_E01_831480	11	230368	4967061	2455	0.0039
SERVO_p_TCGA_157_158_159_SNP_N_GenomeWideSNP_6_E01_831480	11	4967103	4976907	49	0.5762
SERVO_p_TCGA_157_158_159_SNP_N_GenomeWideSNP_6_E01_831480	11	4977011	5783923	783	-0.0206
SERVO_p_TCGA_157_158_159_SNP_N_GenomeWideSNP_6_E01_831480	11	5787405	5816186	37	0.3883
SERVO_p_TCGA_157_158_159_SNP_N_GenomeWideSNP_6_E01_831480	11	5816232	18925963	9400	-0.0022
SERVO_p_TCGA_157_158_159_SNP_N_GenomeWideSNP_6_E01_831480	11	18926092	18971413	80	0.2882
SERVO_p_TCGA_157_158_159_SNP_N_GenomeWideSNP_6_E01_831480	11	18971622	24772158	4611	-0.0011
SERVO_p_TCGA_157_158_159_SNP_N_GenomeWideSNP_6_E01_831480	11	24772667	24775302	5	-0.7952
SERVO_p_TCGA_157_158_159_SNP_N_GenomeWideSNP_6_E01_831480	11	24776900	33915001	6121	0.0058
SERVO_p_TCGA_157_158_159_SNP_N_GenomeWideSNP_6_E01_831480	11	33915891	33917017	2	-1.3647
SERVO_p_TCGA_157_158_159_SNP_N_GenomeWideSNP_6_E01_831480	11	33917349	55870505	11456	0.0087
SERVO_p_TCGA_157_158_159_SNP_N_GenomeWideSNP_6_E01_831480	11	55872090	55886219	11	-0.8737
SERVO_p_TCGA_157_158_159_SNP_N_GenomeWideSNP_6_E01_831480	11	55887530	88483732	19042	-0.0016
SERVO_p_TCGA_157_158_159_SNP_N_GenomeWideSNP_6_E01_831480	11	88486639	88490906	5	-0.9649
SERVO_p_TCGA_157_158_159_SNP_N_GenomeWideSNP_6_E01_831480	11	88495950	107781379	13453	0.0086
SERVO_p_TCGA_157_158_159_SNP_N_GenomeWideSNP_6_E01_831480	11	107784507	107785098	2	-3.4672
SERVO_p_TCGA_157_158_159_SNP_N_GenomeWideSNP_6_E01_831480	11	107787713	134944770	19553	-0.0079
SERVO_p_TCGA_157_158_159_SNP_N_GenomeWideSNP_6_E01_831480	12	150442	7971424	5367	-0.0016
SERVO_p_TCGA_157_158_159_SNP_N_GenomeWideSNP_6_E01_831480	12	7974003	8123900	62	0.5011
SERVO_p_TCGA_157_158_159_SNP_N_GenomeWideSNP_6_E01_831480	12	8130958	8558813	190	0.0197
SERVO_p_TCGA_157_158_159_SNP_N_GenomeWideSNP_6_E01_831480	12	8559105	8584672	18	0.5865
SERVO_p_TCGA_157_158_159_SNP_N_GenomeWideSNP_6_E01_831480	12	8594894	11231455	1634	-0.0089
SERVO_p_TCGA_157_158_159_SNP_N_GenomeWideSNP_6_E01_831480	12	11232918	11241532	5	-1.4563
SERVO_p_TCGA_157_158_159_SNP_N_GenomeWideSNP_6_E01_831480	12	11251874	11526289	154	0.0972
SERVO_p_TCGA_157_158_159_SNP_N_GenomeWideSNP_6_E01_831480	12	11536113	11541029	8	0.7628
SERVO_p_TCGA_157_158_159_SNP_N_GenomeWideSNP_6_E01_831480	12	11543386	33302013	15427	0.0121
SERVO_p_TCGA_157_158_159_SNP_N_GenomeWideSNP_6_E01_831480	12	33302201	33304583	13	0.4816
SERVO_p_TCGA_157_158_159_SNP_N_GenomeWideSNP_6_E01_831480	12	33306754	34444802	697	0.0263
SERVO_p_TCGA_157_158_159_SNP_N_GenomeWideSNP_6_E01_831480	12	34447919	34480252	21	-0.4695
SERVO_p_TCGA_157_158_159_SNP_N_GenomeWideSNP_6_E01_831480	12	34481536	133778189	61418	0.0093
SERVO_p_TCGA_157_158_159_SNP_N_GenomeWideSNP_6_E01_831480	13	19026949	28174634	6347	0.0014
SERVO_p_TCGA_157_158_159_SNP_N_GenomeWideSNP_6_E01_831480	13	28176427	28177866	4	-0.9784
SERVO_p_TCGA_157_158_159_SNP_N_GenomeWideSNP_6_E01_831480	13	28182397	34187640	4513	-0.0021
SERVO_p_TCGA_157_158_159_SNP_N_GenomeWideSNP_6_E01_831480	13	34188263	34193376	5	-0.9487
SERVO_p_TCGA_157_158_159_SNP_N_GenomeWideSNP_6_E01_831480	13	34197304	38070044	2678	0.0113
SERVO_p_TCGA_157_158_159_SNP_N_GenomeWideSNP_6_E01_831480	13	38070370	38088387	21	-0.5047
SERVO_p_TCGA_157_158_159_SNP_N_GenomeWideSNP_6_E01_831480	13	38088609	57751096	12538	0.0067
SERVO_p_TCGA_157_158_159_SNP_N_GenomeWideSNP_6_E01_831480	13	57758270	57778380	34	-1.7993
SERVO_p_TCGA_157_158_159_SNP_N_GenomeWideSNP_6_E01_831480	13	57789714	115108397	38118	0.0072
SERVO_p_TCGA_157_158_159_SNP_N_GenomeWideSNP_6_E01_831480	14	19002124	19689317	48	0.3256
SERVO_p_TCGA_157_158_159_SNP_N_GenomeWideSNP_6_E01_831480	14	19693231	19697885	3	1.5789
SERVO_p_TCGA_157_158_159_SNP_N_GenomeWideSNP_6_E01_831480	14	19706758	20420239	137	0.2829
SERVO_p_TCGA_157_158_159_SNP_N_GenomeWideSNP_6_E01_831480	14	20422583	24444829	2736	0.0168
SERVO_p_TCGA_157_158_159_SNP_N_GenomeWideSNP_6_E01_831480	14	24444978	24453143	8	0.5881
SERVO_p_TCGA_157_158_159_SNP_N_GenomeWideSNP_6_E01_831480	14	24453694	24479387	12	0.0413
SERVO_p_TCGA_157_158_159_SNP_N_GenomeWideSNP_6_E01_831480	14	24479394	24489165	13	0.6187
SERVO_p_TCGA_157_158_159_SNP_N_GenomeWideSNP_6_E01_831480	14	24489182	26779642	1601	0.0132
SERVO_p_TCGA_157_158_159_SNP_N_GenomeWideSNP_6_E01_831480	14	26783903	26783918	8	0.9375
SERVO_p_TCGA_157_158_159_SNP_N_GenomeWideSNP_6_E01_831480	14	26784913	106889379	50721	0.0029
SERVO_p_TCGA_157_158_159_SNP_N_GenomeWideSNP_6_E01_831480	14	106890808	106918649	48	0.3492
SERVO_p_TCGA_157_158_159_SNP_N_GenomeWideSNP_6_E01_831480	14	106922531	107285437	223	0.0353
SERVO_p_TCGA_157_158_159_SNP_N_GenomeWideSNP_6_E01_831480	15	20016328	20416237	66	0.1639
SERVO_p_TCGA_157_158_159_SNP_N_GenomeWideSNP_6_E01_831480	15	20422378	20578421	32	-0.4395
SERVO_p_TCGA_157_158_159_SNP_N_GenomeWideSNP_6_E01_831480	15	20581451	20581564	7	1.1152
SERVO_p_TCGA_157_158_159_SNP_N_GenomeWideSNP_6_E01_831480	15	20585988	22587474	317	-0.3744
SERVO_p_TCGA_157_158_159_SNP_N_GenomeWideSNP_6_E01_831480	15	22673399	24674887	1008	0.0153
SERVO_p_TCGA_157_158_159_SNP_N_GenomeWideSNP_6_E01_831480	15	24675133	24727231	40	-0.4211
SERVO_p_TCGA_157_158_159_SNP_N_GenomeWideSNP_6_E01_831480	15	24730995	34671124	6341	-0.008
SERVO_p_TCGA_157_158_159_SNP_N_GenomeWideSNP_6_E01_831480	15	34671312	34722802	12	0.5141
SERVO_p_TCGA_157_158_159_SNP_N_GenomeWideSNP_6_E01_831480	15	34723432	76891511	26515	-6e-04
SERVO_p_TCGA_157_158_159_SNP_N_GenomeWideSNP_6_E01_831480	15	76891627	76895775	20	-1.4205
SERVO_p_TCGA_157_158_159_SNP_N_GenomeWideSNP_6_E01_831480	15	76902179	86761347	5768	-0.0035
SERVO_p_TCGA_157_158_159_SNP_N_GenomeWideSNP_6_E01_831480	15	86764487	86768827	8	-1.0316
SERVO_p_TCGA_157_158_159_SNP_N_GenomeWideSNP_6_E01_831480	15	86769743	102469040	11902	-0.007
SERVO_p_TCGA_157_158_159_SNP_N_GenomeWideSNP_6_E01_831480	16	60777	201389	91	0.1125
SERVO_p_TCGA_157_158_159_SNP_N_GenomeWideSNP_6_E01_831480	16	204944	205678	6	-1.0302
SERVO_p_TCGA_157_158_159_SNP_N_GenomeWideSNP_6_E01_831480	16	221057	3211320	1009	-0.0048
SERVO_p_TCGA_157_158_159_SNP_N_GenomeWideSNP_6_E01_831480	16	3214686	3230888	13	0.5806
SERVO_p_TCGA_157_158_159_SNP_N_GenomeWideSNP_6_E01_831480	16	3237581	6065482	2037	-0.0204
SERVO_p_TCGA_157_158_159_SNP_N_GenomeWideSNP_6_E01_831480	16	6065848	6509671	541	-0.5458
SERVO_p_TCGA_157_158_159_SNP_N_GenomeWideSNP_6_E01_831480	16	6512138	18314233	9107	-0.0028
SERVO_p_TCGA_157_158_159_SNP_N_GenomeWideSNP_6_E01_831480	16	18354757	18551587	4	1.0443
SERVO_p_TCGA_157_158_159_SNP_N_GenomeWideSNP_6_E01_831480	16	18556720	22680069	2090	0.0118
SERVO_p_TCGA_157_158_159_SNP_N_GenomeWideSNP_6_E01_831480	16	22680186	22710742	19	-0.4793
SERVO_p_TCGA_157_158_159_SNP_N_GenomeWideSNP_6_E01_831480	16	22712979	34516919	5643	-0.0092
SERVO_p_TCGA_157_158_159_SNP_N_GenomeWideSNP_6_E01_831480	16	34516924	34516926	3	1.1048
SERVO_p_TCGA_157_158_159_SNP_N_GenomeWideSNP_6_E01_831480	16	34517306	55035688	6042	-0.0086
SERVO_p_TCGA_157_158_159_SNP_N_GenomeWideSNP_6_E01_831480	16	55035959	55038199	3	-1.6
SERVO_p_TCGA_157_158_159_SNP_N_GenomeWideSNP_6_E01_831480	16	55038993	55796594	702	-0.0199
SERVO_p_TCGA_157_158_159_SNP_N_GenomeWideSNP_6_E01_831480	16	55798222	55798779	3	1.7387
SERVO_p_TCGA_157_158_159_SNP_N_GenomeWideSNP_6_E01_831480	16	55804348	90287535	25081	-0.0118
SERVO_p_TCGA_157_158_159_SNP_N_GenomeWideSNP_6_E01_831480	17	526	21367904	12700	-0.0053
SERVO_p_TCGA_157_158_159_SNP_N_GenomeWideSNP_6_E01_831480	17	21368364	21369629	3	-1.3378
SERVO_p_TCGA_157_158_159_SNP_N_GenomeWideSNP_6_E01_831480	17	21371532	44254494	10869	-0.0015
SERVO_p_TCGA_157_158_159_SNP_N_GenomeWideSNP_6_E01_831480	17	44262950	44364170	46	0.3129
SERVO_p_TCGA_157_158_159_SNP_N_GenomeWideSNP_6_E01_831480	17	44394412	81049726	21645	-0.0064
SERVO_p_TCGA_157_158_159_SNP_N_GenomeWideSNP_6_E01_831480	18	11543	478887	312	0.0156
SERVO_p_TCGA_157_158_159_SNP_N_GenomeWideSNP_6_E01_831480	18	479816	481341	2	-1.246
SERVO_p_TCGA_157_158_159_SNP_N_GenomeWideSNP_6_E01_831480	18	483753	2521740	1495	-0.0039
SERVO_p_TCGA_157_158_159_SNP_N_GenomeWideSNP_6_E01_831480	18	2525442	3265304	489	-0.5229
SERVO_p_TCGA_157_158_159_SNP_N_GenomeWideSNP_6_E01_831480	18	3267400	3268535	2	-1.9073
SERVO_p_TCGA_157_158_159_SNP_N_GenomeWideSNP_6_E01_831480	18	3268658	3497895	142	-0.5557
SERVO_p_TCGA_157_158_159_SNP_N_GenomeWideSNP_6_E01_831480	18	3501685	4072948	457	0.0058
SERVO_p_TCGA_157_158_159_SNP_N_GenomeWideSNP_6_E01_831480	18	4077059	7855868	2756	-0.5258
SERVO_p_TCGA_157_158_159_SNP_N_GenomeWideSNP_6_E01_831480	18	7856335	14694205	4559	-0.0121
SERVO_p_TCGA_157_158_159_SNP_N_GenomeWideSNP_6_E01_831480	18	14701387	14735031	17	0.4329
SERVO_p_TCGA_157_158_159_SNP_N_GenomeWideSNP_6_E01_831480	18	14736746	38260480	12588	0.0049
SERVO_p_TCGA_157_158_159_SNP_N_GenomeWideSNP_6_E01_831480	18	38260490	38265389	14	-1.9161
SERVO_p_TCGA_157_158_159_SNP_N_GenomeWideSNP_6_E01_831480	18	38268024	48394357	6913	-0.002
SERVO_p_TCGA_157_158_159_SNP_N_GenomeWideSNP_6_E01_831480	18	48394459	48502636	55	-0.4674
SERVO_p_TCGA_157_158_159_SNP_N_GenomeWideSNP_6_E01_831480	18	48504743	48573256	85	0.0408
SERVO_p_TCGA_157_158_159_SNP_N_GenomeWideSNP_6_E01_831480	18	48579317	48929023	267	-0.4718
SERVO_p_TCGA_157_158_159_SNP_N_GenomeWideSNP_6_E01_831480	18	48930961	49735182	539	-9e-04
SERVO_p_TCGA_157_158_159_SNP_N_GenomeWideSNP_6_E01_831480	18	49738240	50224370	390	-0.5586
SERVO_p_TCGA_157_158_159_SNP_N_GenomeWideSNP_6_E01_831480	18	50224898	50225998	4	-1.6068
SERVO_p_TCGA_157_158_159_SNP_N_GenomeWideSNP_6_E01_831480	18	50226167	51745397	1024	-0.5064
SERVO_p_TCGA_157_158_159_SNP_N_GenomeWideSNP_6_E01_831480	18	51749412	61539905	6678	0.0073
SERVO_p_TCGA_157_158_159_SNP_N_GenomeWideSNP_6_E01_831480	18	61543947	62110966	445	-0.5114
SERVO_p_TCGA_157_158_159_SNP_N_GenomeWideSNP_6_E01_831480	18	62117266	62127649	4	0.3733
SERVO_p_TCGA_157_158_159_SNP_N_GenomeWideSNP_6_E01_831480	18	62128077	62223376	57	-0.5564
SERVO_p_TCGA_157_158_159_SNP_N_GenomeWideSNP_6_E01_831480	18	62223923	62274320	30	-0.1842
SERVO_p_TCGA_157_158_159_SNP_N_GenomeWideSNP_6_E01_831480	18	62275423	63200045	617	-0.5112
SERVO_p_TCGA_157_158_159_SNP_N_GenomeWideSNP_6_E01_831480	18	63200065	63204323	15	0.2257
SERVO_p_TCGA_157_158_159_SNP_N_GenomeWideSNP_6_E01_831480	18	63204419	63544365	239	-0.5179
SERVO_p_TCGA_157_158_159_SNP_N_GenomeWideSNP_6_E01_831480	18	63546551	63767140	188	0.0484
SERVO_p_TCGA_157_158_159_SNP_N_GenomeWideSNP_6_E01_831480	18	63767288	63767922	2	-2.3317
SERVO_p_TCGA_157_158_159_SNP_N_GenomeWideSNP_6_E01_831480	18	63775595	78015057	10375	-0.0042
SERVO_p_TCGA_157_158_159_SNP_N_GenomeWideSNP_6_E01_831480	19	90910	9273800	3406	-0.0162
SERVO_p_TCGA_157_158_159_SNP_N_GenomeWideSNP_6_E01_831480	19	9274672	9278121	5	-0.8366
SERVO_p_TCGA_157_158_159_SNP_N_GenomeWideSNP_6_E01_831480	19	9284760	12692001	1656	-0.0083
SERVO_p_TCGA_157_158_159_SNP_N_GenomeWideSNP_6_E01_831480	19	12697366	12698102	2	-1.1706
SERVO_p_TCGA_157_158_159_SNP_N_GenomeWideSNP_6_E01_831480	19	12700523	20060120	3611	-0.0055
SERVO_p_TCGA_157_158_159_SNP_N_GenomeWideSNP_6_E01_831480	19	20061086	20062430	3	0.9219
SERVO_p_TCGA_157_158_159_SNP_N_GenomeWideSNP_6_E01_831480	19	20063006	30212661	4210	-0.0058
SERVO_p_TCGA_157_158_159_SNP_N_GenomeWideSNP_6_E01_831480	19	30215361	30216975	2	-1.5581
SERVO_p_TCGA_157_158_159_SNP_N_GenomeWideSNP_6_E01_831480	19	30217150	41360172	6728	-0.0186
SERVO_p_TCGA_157_158_159_SNP_N_GenomeWideSNP_6_E01_831480	19	41360370	41370847	19	-0.7365
SERVO_p_TCGA_157_158_159_SNP_N_GenomeWideSNP_6_E01_831480	19	41370945	58940514	9626	-0.0107
SERVO_p_TCGA_157_158_159_SNP_N_GenomeWideSNP_6_E01_831480	19	58943408	58944375	2	-3.2627
SERVO_p_TCGA_157_158_159_SNP_N_GenomeWideSNP_6_E01_831480	19	58946056	59097854	52	-0.0993
SERVO_p_TCGA_157_158_159_SNP_N_GenomeWideSNP_6_E01_831480	20	61305	1560562	1202	0.3399
SERVO_p_TCGA_157_158_159_SNP_N_GenomeWideSNP_6_E01_831480	20	1560787	1590455	43	0.0276
SERVO_p_TCGA_157_158_159_SNP_N_GenomeWideSNP_6_E01_831480	20	1590534	1593893	3	-1.4291
SERVO_p_TCGA_157_158_159_SNP_N_GenomeWideSNP_6_E01_831480	20	1597946	12889747	8720	0.3517
SERVO_p_TCGA_157_158_159_SNP_N_GenomeWideSNP_6_E01_831480	20	12889863	12889864	2	1.6429
SERVO_p_TCGA_157_158_159_SNP_N_GenomeWideSNP_6_E01_831480	20	12890043	48782534	22138	0.3405
SERVO_p_TCGA_157_158_159_SNP_N_GenomeWideSNP_6_E01_831480	20	48791719	48792793	2	-0.8759
SERVO_p_TCGA_157_158_159_SNP_N_GenomeWideSNP_6_E01_831480	20	48794917	62956153	10384	0.3387
SERVO_p_TCGA_157_158_159_SNP_N_GenomeWideSNP_6_E01_831480	21	10736871	28980788	10633	0.0103
SERVO_p_TCGA_157_158_159_SNP_N_GenomeWideSNP_6_E01_831480	21	28990250	28995173	5	-0.8612
SERVO_p_TCGA_157_158_159_SNP_N_GenomeWideSNP_6_E01_831480	21	28998563	48096957	13751	-0.011
SERVO_p_TCGA_157_158_159_SNP_N_GenomeWideSNP_6_E01_831480	22	16052528	18055605	783	0.0157
SERVO_p_TCGA_157_158_159_SNP_N_GenomeWideSNP_6_E01_831480	22	18058748	18062891	3	1.5158
SERVO_p_TCGA_157_158_159_SNP_N_GenomeWideSNP_6_E01_831480	22	18062987	24321137	3820	0.0364
SERVO_p_TCGA_157_158_159_SNP_N_GenomeWideSNP_6_E01_831480	22	24321273	24402321	32	0.4249
SERVO_p_TCGA_157_158_159_SNP_N_GenomeWideSNP_6_E01_831480	22	24402442	25081270	351	0.0179
SERVO_p_TCGA_157_158_159_SNP_N_GenomeWideSNP_6_E01_831480	22	25081338	25082534	4	-1.0289
SERVO_p_TCGA_157_158_159_SNP_N_GenomeWideSNP_6_E01_831480	22	25087674	51234455	18563	-0.0147
SERVO_p_TCGA_157_158_159_SNP_N_GenomeWideSNP_6_E01_831480	X	168477	4921701	1689	-0.0101
SERVO_p_TCGA_157_158_159_SNP_N_GenomeWideSNP_6_E01_831480	X	4921915	4922943	3	-1.8588
SERVO_p_TCGA_157_158_159_SNP_N_GenomeWideSNP_6_E01_831480	X	4926528	22360866	11662	0.0101
SERVO_p_TCGA_157_158_159_SNP_N_GenomeWideSNP_6_E01_831480	X	22360946	22361211	2	-3.4194
SERVO_p_TCGA_157_158_159_SNP_N_GenomeWideSNP_6_E01_831480	X	22361609	32983945	7187	0.0022
SERVO_p_TCGA_157_158_159_SNP_N_GenomeWideSNP_6_E01_831480	X	32987454	32988258	3	-2.1357
SERVO_p_TCGA_157_158_159_SNP_N_GenomeWideSNP_6_E01_831480	X	32990039	34509205	1083	-0.0528
SERVO_p_TCGA_157_158_159_SNP_N_GenomeWideSNP_6_E01_831480	X	34509448	34512645	3	1.2753
SERVO_p_TCGA_157_158_159_SNP_N_GenomeWideSNP_6_E01_831480	X	34512723	34586849	43	-0.0514
SERVO_p_TCGA_157_158_159_SNP_N_GenomeWideSNP_6_E01_831480	X	34589601	34589900	2	2.2144
SERVO_p_TCGA_157_158_159_SNP_N_GenomeWideSNP_6_E01_831480	X	34595722	86649982	23821	-0.0166
SERVO_p_TCGA_157_158_159_SNP_N_GenomeWideSNP_6_E01_831480	X	86656667	86657496	2	-2.7297
SERVO_p_TCGA_157_158_159_SNP_N_GenomeWideSNP_6_E01_831480	X	86658693	154496659	38712	-0.0091
SERVO_p_TCGA_157_158_159_SNP_N_GenomeWideSNP_6_E01_831480	X	154497242	154504905	7	-0.7168
SERVO_p_TCGA_157_158_159_SNP_N_GenomeWideSNP_6_E01_831480	X	154506007	155182354	180	-0.0947
SERVO_p_TCGA_157_158_159_SNP_N_GenomeWideSNP_6_E01_831480	Y	2650438	59018259	8632	-0.8722
