Sample	Chromosome	Start	End	Num_Probes	Segment_Mean
FOXED_p_TCGA_b122_128_SNP_N_GenomeWideSNP_6_C11_781924	1	61735	16149915	8422	-0.0814
FOXED_p_TCGA_b122_128_SNP_N_GenomeWideSNP_6_C11_781924	1	16153497	16155010	10	0.4614
FOXED_p_TCGA_b122_128_SNP_N_GenomeWideSNP_6_C11_781924	1	16165661	17005978	346	-0.0488
FOXED_p_TCGA_b122_128_SNP_N_GenomeWideSNP_6_C11_781924	1	17011450	17056457	36	0.4553
FOXED_p_TCGA_b122_128_SNP_N_GenomeWideSNP_6_C11_781924	1	17076467	17182437	22	-0.1818
FOXED_p_TCGA_b122_128_SNP_N_GenomeWideSNP_6_C11_781924	1	17190004	17262247	63	0.4454
FOXED_p_TCGA_b122_128_SNP_N_GenomeWideSNP_6_C11_781924	1	17276241	72768916	34172	-0.0499
FOXED_p_TCGA_b122_128_SNP_N_GenomeWideSNP_6_C11_781924	1	72768936	72811148	45	0.9608
FOXED_p_TCGA_b122_128_SNP_N_GenomeWideSNP_6_C11_781924	1	72811904	79105229	3960	-0.0564
FOXED_p_TCGA_b122_128_SNP_N_GenomeWideSNP_6_C11_781924	1	79106899	79107327	3	-0.9707
FOXED_p_TCGA_b122_128_SNP_N_GenomeWideSNP_6_C11_781924	1	79111862	79727234	391	-0.0622
FOXED_p_TCGA_b122_128_SNP_N_GenomeWideSNP_6_C11_781924	1	79742193	79744293	2	1.1518
FOXED_p_TCGA_b122_128_SNP_N_GenomeWideSNP_6_C11_781924	1	79744972	104116349	15725	-0.0447
FOXED_p_TCGA_b122_128_SNP_N_GenomeWideSNP_6_C11_781924	1	104119105	104268222	47	-0.5365
FOXED_p_TCGA_b122_128_SNP_N_GenomeWideSNP_6_C11_781924	1	104303403	106019205	921	-0.0617
FOXED_p_TCGA_b122_128_SNP_N_GenomeWideSNP_6_C11_781924	1	106019236	106022375	16	-2.2934
FOXED_p_TCGA_b122_128_SNP_N_GenomeWideSNP_6_C11_781924	1	106024055	110227515	2672	-0.0441
FOXED_p_TCGA_b122_128_SNP_N_GenomeWideSNP_6_C11_781924	1	110232974	110240178	17	-0.6622
FOXED_p_TCGA_b122_128_SNP_N_GenomeWideSNP_6_C11_781924	1	110242953	111377368	842	-0.0575
FOXED_p_TCGA_b122_128_SNP_N_GenomeWideSNP_6_C11_781924	1	111377565	111383954	35	-0.5424
FOXED_p_TCGA_b122_128_SNP_N_GenomeWideSNP_6_C11_781924	1	111383972	112690326	1081	-0.0709
FOXED_p_TCGA_b122_128_SNP_N_GenomeWideSNP_6_C11_781924	1	112695965	112697390	25	0.4182
FOXED_p_TCGA_b122_128_SNP_N_GenomeWideSNP_6_C11_781924	1	112705956	152555706	8045	-0.0491
FOXED_p_TCGA_b122_128_SNP_N_GenomeWideSNP_6_C11_781924	1	152555767	152586540	32	-1.7441
FOXED_p_TCGA_b122_128_SNP_N_GenomeWideSNP_6_C11_781924	1	152586576	152759678	173	-0.0652
FOXED_p_TCGA_b122_128_SNP_N_GenomeWideSNP_6_C11_781924	1	152761923	152768700	37	0.4145
FOXED_p_TCGA_b122_128_SNP_N_GenomeWideSNP_6_C11_781924	1	152773905	169216937	11351	-0.0547
FOXED_p_TCGA_b122_128_SNP_N_GenomeWideSNP_6_C11_781924	1	169233974	169241766	7	0.9502
FOXED_p_TCGA_b122_128_SNP_N_GenomeWideSNP_6_C11_781924	1	169242401	171978840	1907	-0.029
FOXED_p_TCGA_b122_128_SNP_N_GenomeWideSNP_6_C11_781924	1	171980635	172508726	367	-1.0381
FOXED_p_TCGA_b122_128_SNP_N_GenomeWideSNP_6_C11_781924	1	172510148	196732086	15941	-0.0422
FOXED_p_TCGA_b122_128_SNP_N_GenomeWideSNP_6_C11_781924	1	196738623	196815791	92	0.2941
FOXED_p_TCGA_b122_128_SNP_N_GenomeWideSNP_6_C11_781924	1	196816730	210071062	8825	-0.0492
FOXED_p_TCGA_b122_128_SNP_N_GenomeWideSNP_6_C11_781924	1	210081613	210083984	3	1.0197
FOXED_p_TCGA_b122_128_SNP_N_GenomeWideSNP_6_C11_781924	1	210086552	229811169	13068	-0.0477
FOXED_p_TCGA_b122_128_SNP_N_GenomeWideSNP_6_C11_781924	1	229816856	229820130	2	-1.417
FOXED_p_TCGA_b122_128_SNP_N_GenomeWideSNP_6_C11_781924	1	229820196	248753427	13899	-0.0578
FOXED_p_TCGA_b122_128_SNP_N_GenomeWideSNP_6_C11_781924	1	248753594	248790025	21	0.2779
FOXED_p_TCGA_b122_128_SNP_N_GenomeWideSNP_6_C11_781924	1	248790288	249224388	151	-0.094
FOXED_p_TCGA_b122_128_SNP_N_GenomeWideSNP_6_C11_781924	2	12784	6400019	4837	-0.0962
FOXED_p_TCGA_b122_128_SNP_N_GenomeWideSNP_6_C11_781924	2	6401909	6402160	2	-2.1923
FOXED_p_TCGA_b122_128_SNP_N_GenomeWideSNP_6_C11_781924	2	6402296	14703694	6215	-0.0534
FOXED_p_TCGA_b122_128_SNP_N_GenomeWideSNP_6_C11_781924	2	14704949	14710092	12	-4.2863
FOXED_p_TCGA_b122_128_SNP_N_GenomeWideSNP_6_C11_781924	2	14710364	34691069	13056	-0.0565
FOXED_p_TCGA_b122_128_SNP_N_GenomeWideSNP_6_C11_781924	2	34699315	34737057	46	0.5869
FOXED_p_TCGA_b122_128_SNP_N_GenomeWideSNP_6_C11_781924	2	34737163	35967385	876	-0.0969
FOXED_p_TCGA_b122_128_SNP_N_GenomeWideSNP_6_C11_781924	2	35968036	35987916	8	-0.8952
FOXED_p_TCGA_b122_128_SNP_N_GenomeWideSNP_6_C11_781924	2	35987947	41238235	3947	-0.0541
FOXED_p_TCGA_b122_128_SNP_N_GenomeWideSNP_6_C11_781924	2	41238443	41245887	23	-1.3213
FOXED_p_TCGA_b122_128_SNP_N_GenomeWideSNP_6_C11_781924	2	41251233	52754468	8198	-0.0547
FOXED_p_TCGA_b122_128_SNP_N_GenomeWideSNP_6_C11_781924	2	52754480	52781542	39	-2.1032
FOXED_p_TCGA_b122_128_SNP_N_GenomeWideSNP_6_C11_781924	2	52787949	98118212	24100	-0.061
FOXED_p_TCGA_b122_128_SNP_N_GenomeWideSNP_6_C11_781924	2	98140747	98162189	9	0.7674
FOXED_p_TCGA_b122_128_SNP_N_GenomeWideSNP_6_C11_781924	2	98166878	106880095	5581	-0.0612
FOXED_p_TCGA_b122_128_SNP_N_GenomeWideSNP_6_C11_781924	2	106880713	106887255	12	0.4956
FOXED_p_TCGA_b122_128_SNP_N_GenomeWideSNP_6_C11_781924	2	106887408	108206128	844	-0.0382
FOXED_p_TCGA_b122_128_SNP_N_GenomeWideSNP_6_C11_781924	2	108209995	108230816	9	-0.8333
FOXED_p_TCGA_b122_128_SNP_N_GenomeWideSNP_6_C11_781924	2	108231084	133034717	14228	-0.0637
FOXED_p_TCGA_b122_128_SNP_N_GenomeWideSNP_6_C11_781924	2	133038340	133117260	31	0.6598
FOXED_p_TCGA_b122_128_SNP_N_GenomeWideSNP_6_C11_781924	2	133121946	146864429	8850	-0.0676
FOXED_p_TCGA_b122_128_SNP_N_GenomeWideSNP_6_C11_781924	2	146864443	146866934	22	-1.2638
FOXED_p_TCGA_b122_128_SNP_N_GenomeWideSNP_6_C11_781924	2	146877806	159661485	7630	-0.04
FOXED_p_TCGA_b122_128_SNP_N_GenomeWideSNP_6_C11_781924	2	159662522	159662798	2	-1.7382
FOXED_p_TCGA_b122_128_SNP_N_GenomeWideSNP_6_C11_781924	2	159664703	162276981	1699	-0.0331
FOXED_p_TCGA_b122_128_SNP_N_GenomeWideSNP_6_C11_781924	2	162277301	162278238	2	-1.8841
FOXED_p_TCGA_b122_128_SNP_N_GenomeWideSNP_6_C11_781924	2	162278659	199452811	22290	-0.0295
FOXED_p_TCGA_b122_128_SNP_N_GenomeWideSNP_6_C11_781924	2	199456782	199456785	2	-2.0978
FOXED_p_TCGA_b122_128_SNP_N_GenomeWideSNP_6_C11_781924	2	199457084	206112444	3933	-0.0331
FOXED_p_TCGA_b122_128_SNP_N_GenomeWideSNP_6_C11_781924	2	206115788	206115893	2	-3.7759
FOXED_p_TCGA_b122_128_SNP_N_GenomeWideSNP_6_C11_781924	2	206116090	208350191	1445	-0.0358
FOXED_p_TCGA_b122_128_SNP_N_GenomeWideSNP_6_C11_781924	2	208350247	208350262	2	-1.4273
FOXED_p_TCGA_b122_128_SNP_N_GenomeWideSNP_6_C11_781924	2	208350319	208355696	8	-0.0945
FOXED_p_TCGA_b122_128_SNP_N_GenomeWideSNP_6_C11_781924	2	208355718	208359336	12	0.5096
FOXED_p_TCGA_b122_128_SNP_N_GenomeWideSNP_6_C11_781924	2	208359476	223849610	10002	-0.0511
FOXED_p_TCGA_b122_128_SNP_N_GenomeWideSNP_6_C11_781924	2	223852353	223854254	2	-2.5841
FOXED_p_TCGA_b122_128_SNP_N_GenomeWideSNP_6_C11_781924	2	223856980	243089456	12149	-0.0574
FOXED_p_TCGA_b122_128_SNP_N_GenomeWideSNP_6_C11_781924	3	60345	1364796	1117	-0.4872
FOXED_p_TCGA_b122_128_SNP_N_GenomeWideSNP_6_C11_781924	3	1365070	1365485	2	-2.095
FOXED_p_TCGA_b122_128_SNP_N_GenomeWideSNP_6_C11_781924	3	1365541	60263928	39938	-0.4518
FOXED_p_TCGA_b122_128_SNP_N_GenomeWideSNP_6_C11_781924	3	60264266	60290014	21	-1.0425
FOXED_p_TCGA_b122_128_SNP_N_GenomeWideSNP_6_C11_781924	3	60292056	60338006	51	-0.4822
FOXED_p_TCGA_b122_128_SNP_N_GenomeWideSNP_6_C11_781924	3	60340452	60441771	104	-1.2019
FOXED_p_TCGA_b122_128_SNP_N_GenomeWideSNP_6_C11_781924	3	60445253	60647490	238	-0.5328
FOXED_p_TCGA_b122_128_SNP_N_GenomeWideSNP_6_C11_781924	3	60647540	60654169	3	-1.7025
FOXED_p_TCGA_b122_128_SNP_N_GenomeWideSNP_6_C11_781924	3	60655202	61052642	414	-0.4953
FOXED_p_TCGA_b122_128_SNP_N_GenomeWideSNP_6_C11_781924	3	61052918	61118797	59	-0.015
FOXED_p_TCGA_b122_128_SNP_N_GenomeWideSNP_6_C11_781924	3	61119923	61206993	77	-0.9933
FOXED_p_TCGA_b122_128_SNP_N_GenomeWideSNP_6_C11_781924	3	61207077	65185849	3364	-0.0112
FOXED_p_TCGA_b122_128_SNP_N_GenomeWideSNP_6_C11_781924	3	65188453	65199702	32	-1.0999
FOXED_p_TCGA_b122_128_SNP_N_GenomeWideSNP_6_C11_781924	3	65199867	65206944	13	-0.3034
FOXED_p_TCGA_b122_128_SNP_N_GenomeWideSNP_6_C11_781924	3	65207331	65210452	9	-1.3725
FOXED_p_TCGA_b122_128_SNP_N_GenomeWideSNP_6_C11_781924	3	65216349	68746164	2424	-0.0248
FOXED_p_TCGA_b122_128_SNP_N_GenomeWideSNP_6_C11_781924	3	68746259	68747413	14	-1.1744
FOXED_p_TCGA_b122_128_SNP_N_GenomeWideSNP_6_C11_781924	3	68748758	75568549	4938	-0.0335
FOXED_p_TCGA_b122_128_SNP_N_GenomeWideSNP_6_C11_781924	3	75572549	75586805	6	0.7016
FOXED_p_TCGA_b122_128_SNP_N_GenomeWideSNP_6_C11_781924	3	75595181	125436237	27332	-0.0369
FOXED_p_TCGA_b122_128_SNP_N_GenomeWideSNP_6_C11_781924	3	125443608	125458762	10	0.8985
FOXED_p_TCGA_b122_128_SNP_N_GenomeWideSNP_6_C11_781924	3	125462329	129785940	2479	-0.057
FOXED_p_TCGA_b122_128_SNP_N_GenomeWideSNP_6_C11_781924	3	129786209	129806236	46	-1.2271
FOXED_p_TCGA_b122_128_SNP_N_GenomeWideSNP_6_C11_781924	3	129806924	162513092	20307	-0.0418
FOXED_p_TCGA_b122_128_SNP_N_GenomeWideSNP_6_C11_781924	3	162513149	162625995	67	-1.6995
FOXED_p_TCGA_b122_128_SNP_N_GenomeWideSNP_6_C11_781924	3	162626572	162626603	2	0.4445
FOXED_p_TCGA_b122_128_SNP_N_GenomeWideSNP_6_C11_781924	3	162628614	167659756	2806	-0.0511
FOXED_p_TCGA_b122_128_SNP_N_GenomeWideSNP_6_C11_781924	3	167660757	167661136	2	0.9793
FOXED_p_TCGA_b122_128_SNP_N_GenomeWideSNP_6_C11_781924	3	167665917	168730180	637	0.0082
FOXED_p_TCGA_b122_128_SNP_N_GenomeWideSNP_6_C11_781924	3	168733402	168738628	2	-1.8504
FOXED_p_TCGA_b122_128_SNP_N_GenomeWideSNP_6_C11_781924	3	168739827	186048685	10738	-0.0429
FOXED_p_TCGA_b122_128_SNP_N_GenomeWideSNP_6_C11_781924	3	186052295	186056554	3	-1.5912
FOXED_p_TCGA_b122_128_SNP_N_GenomeWideSNP_6_C11_781924	3	186056580	195422289	6533	-0.0305
FOXED_p_TCGA_b122_128_SNP_N_GenomeWideSNP_6_C11_781924	3	195422291	195474763	39	0.5656
FOXED_p_TCGA_b122_128_SNP_N_GenomeWideSNP_6_C11_781924	3	195478694	197896118	1174	-0.067
FOXED_p_TCGA_b122_128_SNP_N_GenomeWideSNP_6_C11_781924	4	12281	9456977	5250	-0.08
FOXED_p_TCGA_b122_128_SNP_N_GenomeWideSNP_6_C11_781924	4	9461230	9479345	9	0.962
FOXED_p_TCGA_b122_128_SNP_N_GenomeWideSNP_6_C11_781924	4	9486087	9859897	164	-0.0509
FOXED_p_TCGA_b122_128_SNP_N_GenomeWideSNP_6_C11_781924	4	9859901	9864227	3	-1.2904
FOXED_p_TCGA_b122_128_SNP_N_GenomeWideSNP_6_C11_781924	4	9865042	10210390	379	-0.0365
FOXED_p_TCGA_b122_128_SNP_N_GenomeWideSNP_6_C11_781924	4	10223416	10235268	35	0.7608
FOXED_p_TCGA_b122_128_SNP_N_GenomeWideSNP_6_C11_781924	4	10236142	10390715	171	-0.0438
FOXED_p_TCGA_b122_128_SNP_N_GenomeWideSNP_6_C11_781924	4	10392354	10402718	17	-0.8598
FOXED_p_TCGA_b122_128_SNP_N_GenomeWideSNP_6_C11_781924	4	10402746	34779054	16815	-0.0573
FOXED_p_TCGA_b122_128_SNP_N_GenomeWideSNP_6_C11_781924	4	34786500	34824725	38	0.4828
FOXED_p_TCGA_b122_128_SNP_N_GenomeWideSNP_6_C11_781924	4	34829872	57498669	12186	-0.0535
FOXED_p_TCGA_b122_128_SNP_N_GenomeWideSNP_6_C11_781924	4	57499266	57503928	2	-3.4544
FOXED_p_TCGA_b122_128_SNP_N_GenomeWideSNP_6_C11_781924	4	57506571	60320033	1893	-0.0772
FOXED_p_TCGA_b122_128_SNP_N_GenomeWideSNP_6_C11_781924	4	60324949	60331535	6	0.5996
FOXED_p_TCGA_b122_128_SNP_N_GenomeWideSNP_6_C11_781924	4	60335125	64697609	2522	-0.0838
FOXED_p_TCGA_b122_128_SNP_N_GenomeWideSNP_6_C11_781924	4	64697733	64708258	25	0.3002
FOXED_p_TCGA_b122_128_SNP_N_GenomeWideSNP_6_C11_781924	4	64716431	69261064	2863	-0.0629
FOXED_p_TCGA_b122_128_SNP_N_GenomeWideSNP_6_C11_781924	4	69282205	69288142	5	0.8544
FOXED_p_TCGA_b122_128_SNP_N_GenomeWideSNP_6_C11_781924	4	69294799	69360489	14	-0.219
FOXED_p_TCGA_b122_128_SNP_N_GenomeWideSNP_6_C11_781924	4	69367142	69521409	71	0.4371
FOXED_p_TCGA_b122_128_SNP_N_GenomeWideSNP_6_C11_781924	4	69528959	86815663	10714	-0.0342
FOXED_p_TCGA_b122_128_SNP_N_GenomeWideSNP_6_C11_781924	4	86817718	86817837	2	-1.2202
FOXED_p_TCGA_b122_128_SNP_N_GenomeWideSNP_6_C11_781924	4	86818384	90427208	2269	-0.0448
FOXED_p_TCGA_b122_128_SNP_N_GenomeWideSNP_6_C11_781924	4	90427876	90428494	5	-1.0801
FOXED_p_TCGA_b122_128_SNP_N_GenomeWideSNP_6_C11_781924	4	90429792	108051500	10310	-0.0424
FOXED_p_TCGA_b122_128_SNP_N_GenomeWideSNP_6_C11_781924	4	108065751	108076533	38	-0.8628
FOXED_p_TCGA_b122_128_SNP_N_GenomeWideSNP_6_C11_781924	4	108077434	115173700	4416	-0.0437
FOXED_p_TCGA_b122_128_SNP_N_GenomeWideSNP_6_C11_781924	4	115175323	115182175	23	0.6677
FOXED_p_TCGA_b122_128_SNP_N_GenomeWideSNP_6_C11_781924	4	115184229	122281973	4355	-0.0438
FOXED_p_TCGA_b122_128_SNP_N_GenomeWideSNP_6_C11_781924	4	122282468	122291131	29	-0.6439
FOXED_p_TCGA_b122_128_SNP_N_GenomeWideSNP_6_C11_781924	4	122291522	126572106	2464	-0.0366
FOXED_p_TCGA_b122_128_SNP_N_GenomeWideSNP_6_C11_781924	4	126572267	126572470	2	-1.1799
FOXED_p_TCGA_b122_128_SNP_N_GenomeWideSNP_6_C11_781924	4	126574034	138092239	6419	-0.0681
FOXED_p_TCGA_b122_128_SNP_N_GenomeWideSNP_6_C11_781924	4	138092420	138093064	12	-1.2986
FOXED_p_TCGA_b122_128_SNP_N_GenomeWideSNP_6_C11_781924	4	138093401	152181467	8569	-0.0407
FOXED_p_TCGA_b122_128_SNP_N_GenomeWideSNP_6_C11_781924	4	152186362	152189532	5	-1.1137
FOXED_p_TCGA_b122_128_SNP_N_GenomeWideSNP_6_C11_781924	4	152192808	156888072	3068	-0.0437
FOXED_p_TCGA_b122_128_SNP_N_GenomeWideSNP_6_C11_781924	4	156888089	156888519	5	-1.077
FOXED_p_TCGA_b122_128_SNP_N_GenomeWideSNP_6_C11_781924	4	156890261	156956632	52	-0.0507
FOXED_p_TCGA_b122_128_SNP_N_GenomeWideSNP_6_C11_781924	4	156967975	156973205	16	-0.9125
FOXED_p_TCGA_b122_128_SNP_N_GenomeWideSNP_6_C11_781924	4	156974697	163936185	4456	-0.0477
FOXED_p_TCGA_b122_128_SNP_N_GenomeWideSNP_6_C11_781924	4	163936973	163951410	6	0.6426
FOXED_p_TCGA_b122_128_SNP_N_GenomeWideSNP_6_C11_781924	4	163953743	191027923	17863	-0.0693
FOXED_p_TCGA_b122_128_SNP_N_GenomeWideSNP_6_C11_781924	5	15532	21376844	15736	-0.0694
FOXED_p_TCGA_b122_128_SNP_N_GenomeWideSNP_6_C11_781924	5	21377839	21377853	2	-1.5564
FOXED_p_TCGA_b122_128_SNP_N_GenomeWideSNP_6_C11_781924	5	21386066	52450881	16861	-0.0569
FOXED_p_TCGA_b122_128_SNP_N_GenomeWideSNP_6_C11_781924	5	52452763	52453866	4	-1.737
FOXED_p_TCGA_b122_128_SNP_N_GenomeWideSNP_6_C11_781924	5	52458164	57321646	3311	-0.0578
FOXED_p_TCGA_b122_128_SNP_N_GenomeWideSNP_6_C11_781924	5	57326027	57333533	32	1.9565
FOXED_p_TCGA_b122_128_SNP_N_GenomeWideSNP_6_C11_781924	5	57338357	59710033	1718	-0.0451
FOXED_p_TCGA_b122_128_SNP_N_GenomeWideSNP_6_C11_781924	5	59717744	59772497	32	0.6986
FOXED_p_TCGA_b122_128_SNP_N_GenomeWideSNP_6_C11_781924	5	59773479	68846303	5557	-0.0333
FOXED_p_TCGA_b122_128_SNP_N_GenomeWideSNP_6_C11_781924	5	68867294	69074977	2	1.3441
FOXED_p_TCGA_b122_128_SNP_N_GenomeWideSNP_6_C11_781924	5	69074991	175373508	67195	-0.0499
FOXED_p_TCGA_b122_128_SNP_N_GenomeWideSNP_6_C11_781924	5	175387546	175420896	7	0.9615
FOXED_p_TCGA_b122_128_SNP_N_GenomeWideSNP_6_C11_781924	5	175426693	178107690	1187	-0.0893
FOXED_p_TCGA_b122_128_SNP_N_GenomeWideSNP_6_C11_781924	5	178107822	178118855	5	0.6235
FOXED_p_TCGA_b122_128_SNP_N_GenomeWideSNP_6_C11_781924	5	178119758	180374523	1361	-0.0894
FOXED_p_TCGA_b122_128_SNP_N_GenomeWideSNP_6_C11_781924	5	180378710	180418103	19	-0.6908
FOXED_p_TCGA_b122_128_SNP_N_GenomeWideSNP_6_C11_781924	5	180433225	180790320	171	-0.1434
FOXED_p_TCGA_b122_128_SNP_N_GenomeWideSNP_6_C11_781924	6	149661	29837072	21757	0.2444
FOXED_p_TCGA_b122_128_SNP_N_GenomeWideSNP_6_C11_781924	6	29837187	29874642	22	-0.8942
FOXED_p_TCGA_b122_128_SNP_N_GenomeWideSNP_6_C11_781924	6	29874709	29954364	47	0.0292
FOXED_p_TCGA_b122_128_SNP_N_GenomeWideSNP_6_C11_781924	6	29959824	29971006	16	-0.6133
FOXED_p_TCGA_b122_128_SNP_N_GenomeWideSNP_6_C11_781924	6	29971077	31277686	604	0.2238
FOXED_p_TCGA_b122_128_SNP_N_GenomeWideSNP_6_C11_781924	6	31280823	31296451	12	-1.1125
FOXED_p_TCGA_b122_128_SNP_N_GenomeWideSNP_6_C11_781924	6	31309924	32624304	571	0.2174
FOXED_p_TCGA_b122_128_SNP_N_GenomeWideSNP_6_C11_781924	6	32624591	32626618	5	-0.6219
FOXED_p_TCGA_b122_128_SNP_N_GenomeWideSNP_6_C11_781924	6	32650612	53931151	13749	0.25
FOXED_p_TCGA_b122_128_SNP_N_GenomeWideSNP_6_C11_781924	6	53931230	53931803	5	-0.5666
FOXED_p_TCGA_b122_128_SNP_N_GenomeWideSNP_6_C11_781924	6	53931855	62113482	2665	0.2708
FOXED_p_TCGA_b122_128_SNP_N_GenomeWideSNP_6_C11_781924	6	62118683	62123362	2	-1.6917
FOXED_p_TCGA_b122_128_SNP_N_GenomeWideSNP_6_C11_781924	6	62206268	67038046	2834	0.2467
FOXED_p_TCGA_b122_128_SNP_N_GenomeWideSNP_6_C11_781924	6	67040913	67043192	7	-1.5012
FOXED_p_TCGA_b122_128_SNP_N_GenomeWideSNP_6_C11_781924	6	67043235	74591858	5022	0.2347
FOXED_p_TCGA_b122_128_SNP_N_GenomeWideSNP_6_C11_781924	6	74592225	74601410	10	1.0781
FOXED_p_TCGA_b122_128_SNP_N_GenomeWideSNP_6_C11_781924	6	74603555	76153450	991	0.2483
FOXED_p_TCGA_b122_128_SNP_N_GenomeWideSNP_6_C11_781924	6	76155724	76160725	7	-2.4354
FOXED_p_TCGA_b122_128_SNP_N_GenomeWideSNP_6_C11_781924	6	76165524	77014948	474	0.2618
FOXED_p_TCGA_b122_128_SNP_N_GenomeWideSNP_6_C11_781924	6	77016900	77016926	3	1.1476
FOXED_p_TCGA_b122_128_SNP_N_GenomeWideSNP_6_C11_781924	6	77016993	78962889	1297	0.2498
FOXED_p_TCGA_b122_128_SNP_N_GenomeWideSNP_6_C11_781924	6	78969065	79035185	111	-1.5384
FOXED_p_TCGA_b122_128_SNP_N_GenomeWideSNP_6_C11_781924	6	79039234	93807359	9473	0.2475
FOXED_p_TCGA_b122_128_SNP_N_GenomeWideSNP_6_C11_781924	6	93811908	93812283	3	-1.8417
FOXED_p_TCGA_b122_128_SNP_N_GenomeWideSNP_6_C11_781924	6	93825617	103734829	6025	0.2422
FOXED_p_TCGA_b122_128_SNP_N_GenomeWideSNP_6_C11_781924	6	103737976	103762061	46	0.8029
FOXED_p_TCGA_b122_128_SNP_N_GenomeWideSNP_6_C11_781924	6	103765470	114221955	6681	0.2549
FOXED_p_TCGA_b122_128_SNP_N_GenomeWideSNP_6_C11_781924	6	114224841	114225016	2	-1.6429
FOXED_p_TCGA_b122_128_SNP_N_GenomeWideSNP_6_C11_781924	6	114225811	141969997	17390	0.2577
FOXED_p_TCGA_b122_128_SNP_N_GenomeWideSNP_6_C11_781924	6	141971702	141971907	2	-0.9492
FOXED_p_TCGA_b122_128_SNP_N_GenomeWideSNP_6_C11_781924	6	141972649	165298816	16252	0.2427
FOXED_p_TCGA_b122_128_SNP_N_GenomeWideSNP_6_C11_781924	6	165299302	165309456	2	-1.4456
FOXED_p_TCGA_b122_128_SNP_N_GenomeWideSNP_6_C11_781924	6	165309528	171051005	3947	0.2439
FOXED_p_TCGA_b122_128_SNP_N_GenomeWideSNP_6_C11_781924	7	43355	4156647	2083	0.2105
FOXED_p_TCGA_b122_128_SNP_N_GenomeWideSNP_6_C11_781924	7	4158354	4158553	2	-2.9712
FOXED_p_TCGA_b122_128_SNP_N_GenomeWideSNP_6_C11_781924	7	4161371	22434780	14028	0.2557
FOXED_p_TCGA_b122_128_SNP_N_GenomeWideSNP_6_C11_781924	7	22435472	22436487	2	-3.0606
FOXED_p_TCGA_b122_128_SNP_N_GenomeWideSNP_6_C11_781924	7	22438754	26132290	2768	0.265
FOXED_p_TCGA_b122_128_SNP_N_GenomeWideSNP_6_C11_781924	7	26142392	26145413	4	-1.9965
FOXED_p_TCGA_b122_128_SNP_N_GenomeWideSNP_6_C11_781924	7	26147219	53203856	18832	0.2496
FOXED_p_TCGA_b122_128_SNP_N_GenomeWideSNP_6_C11_781924	7	53204000	53205864	8	-1.7968
FOXED_p_TCGA_b122_128_SNP_N_GenomeWideSNP_6_C11_781924	7	53208066	54380373	870	0.2206
FOXED_p_TCGA_b122_128_SNP_N_GenomeWideSNP_6_C11_781924	7	54386505	54386517	6	-1.3566
FOXED_p_TCGA_b122_128_SNP_N_GenomeWideSNP_6_C11_781924	7	54393488	66629240	3890	0.1977
FOXED_p_TCGA_b122_128_SNP_N_GenomeWideSNP_6_C11_781924	7	66629329	66669065	16	-0.5383
FOXED_p_TCGA_b122_128_SNP_N_GenomeWideSNP_6_C11_781924	7	66672116	100965601	19799	0.2372
FOXED_p_TCGA_b122_128_SNP_N_GenomeWideSNP_6_C11_781924	7	100967098	101135398	75	1.1642
FOXED_p_TCGA_b122_128_SNP_N_GenomeWideSNP_6_C11_781924	7	101137314	105157540	2217	0.2405
FOXED_p_TCGA_b122_128_SNP_N_GenomeWideSNP_6_C11_781924	7	105158056	105166520	4	-1.0725
FOXED_p_TCGA_b122_128_SNP_N_GenomeWideSNP_6_C11_781924	7	105166776	109440923	2845	0.2553
FOXED_p_TCGA_b122_128_SNP_N_GenomeWideSNP_6_C11_781924	7	109441212	109453910	12	0.8495
FOXED_p_TCGA_b122_128_SNP_N_GenomeWideSNP_6_C11_781924	7	109453982	126044974	10042	0.2603
FOXED_p_TCGA_b122_128_SNP_N_GenomeWideSNP_6_C11_781924	7	126045482	126046615	12	-1.037
FOXED_p_TCGA_b122_128_SNP_N_GenomeWideSNP_6_C11_781924	7	126046876	133785177	4710	0.24
FOXED_p_TCGA_b122_128_SNP_N_GenomeWideSNP_6_C11_781924	7	133785195	133790443	24	0.6735
FOXED_p_TCGA_b122_128_SNP_N_GenomeWideSNP_6_C11_781924	7	133795634	141770260	5218	0.2403
FOXED_p_TCGA_b122_128_SNP_N_GenomeWideSNP_6_C11_781924	7	141770369	141770532	3	-0.6404
FOXED_p_TCGA_b122_128_SNP_N_GenomeWideSNP_6_C11_781924	7	141770627	142476719	484	0.2821
FOXED_p_TCGA_b122_128_SNP_N_GenomeWideSNP_6_C11_781924	7	142476764	142479722	7	-2.1467
FOXED_p_TCGA_b122_128_SNP_N_GenomeWideSNP_6_C11_781924	7	142479807	142485699	14	-0.7864
FOXED_p_TCGA_b122_128_SNP_N_GenomeWideSNP_6_C11_781924	7	142485771	142486045	5	-1.6461
FOXED_p_TCGA_b122_128_SNP_N_GenomeWideSNP_6_C11_781924	7	142486115	143710209	696	0.2409
FOXED_p_TCGA_b122_128_SNP_N_GenomeWideSNP_6_C11_781924	7	143710621	143711151	4	0.8476
FOXED_p_TCGA_b122_128_SNP_N_GenomeWideSNP_6_C11_781924	7	143711169	143904279	140	0.2676
FOXED_p_TCGA_b122_128_SNP_N_GenomeWideSNP_6_C11_781924	7	143909235	143909445	3	-2.0341
FOXED_p_TCGA_b122_128_SNP_N_GenomeWideSNP_6_C11_781924	7	143911624	153147638	5624	0.2426
FOXED_p_TCGA_b122_128_SNP_N_GenomeWideSNP_6_C11_781924	7	153147645	153147712	2	-1.5357
FOXED_p_TCGA_b122_128_SNP_N_GenomeWideSNP_6_C11_781924	7	153147715	154389895	866	0.2071
FOXED_p_TCGA_b122_128_SNP_N_GenomeWideSNP_6_C11_781924	7	154393171	154399613	4	1.2498
FOXED_p_TCGA_b122_128_SNP_N_GenomeWideSNP_6_C11_781924	7	154400830	155464029	918	0.2348
FOXED_p_TCGA_b122_128_SNP_N_GenomeWideSNP_6_C11_781924	7	155465863	155466938	2	1.6631
FOXED_p_TCGA_b122_128_SNP_N_GenomeWideSNP_6_C11_781924	7	155469636	156385674	691	0.2688
FOXED_p_TCGA_b122_128_SNP_N_GenomeWideSNP_6_C11_781924	7	156391790	156394179	4	-2.2544
FOXED_p_TCGA_b122_128_SNP_N_GenomeWideSNP_6_C11_781924	7	156394908	157730492	760	0.2454
FOXED_p_TCGA_b122_128_SNP_N_GenomeWideSNP_6_C11_781924	7	157732404	157803711	66	1.0977
FOXED_p_TCGA_b122_128_SNP_N_GenomeWideSNP_6_C11_781924	7	157809781	159127004	806	0.229
FOXED_p_TCGA_b122_128_SNP_N_GenomeWideSNP_6_C11_781924	8	31254	3784187	3440	-0.0981
FOXED_p_TCGA_b122_128_SNP_N_GenomeWideSNP_6_C11_781924	8	3787083	3790106	23	-0.8626
FOXED_p_TCGA_b122_128_SNP_N_GenomeWideSNP_6_C11_781924	8	3791218	6840297	4276	-0.1027
FOXED_p_TCGA_b122_128_SNP_N_GenomeWideSNP_6_C11_781924	8	6858815	6876142	4	0.8307
FOXED_p_TCGA_b122_128_SNP_N_GenomeWideSNP_6_C11_781924	8	6878188	7744064	229	-0.0483
FOXED_p_TCGA_b122_128_SNP_N_GenomeWideSNP_6_C11_781924	8	7745979	7747699	4	0.8808
FOXED_p_TCGA_b122_128_SNP_N_GenomeWideSNP_6_C11_781924	8	7752048	8054344	98	0.012
FOXED_p_TCGA_b122_128_SNP_N_GenomeWideSNP_6_C11_781924	8	8055260	8072303	3	-1.564
FOXED_p_TCGA_b122_128_SNP_N_GenomeWideSNP_6_C11_781924	8	8087144	12001123	3232	-0.0765
FOXED_p_TCGA_b122_128_SNP_N_GenomeWideSNP_6_C11_781924	8	12034307	12247486	49	0.5384
FOXED_p_TCGA_b122_128_SNP_N_GenomeWideSNP_6_C11_781924	8	12260927	16262235	3598	-0.081
FOXED_p_TCGA_b122_128_SNP_N_GenomeWideSNP_6_C11_781924	8	16262247	16274251	23	-0.5702
FOXED_p_TCGA_b122_128_SNP_N_GenomeWideSNP_6_C11_781924	8	16274409	18265154	1778	-0.0386
FOXED_p_TCGA_b122_128_SNP_N_GenomeWideSNP_6_C11_781924	8	18266157	18271185	4	-1.9087
FOXED_p_TCGA_b122_128_SNP_N_GenomeWideSNP_6_C11_781924	8	18271387	24974476	5096	-0.0616
FOXED_p_TCGA_b122_128_SNP_N_GenomeWideSNP_6_C11_781924	8	24974522	24984333	25	-0.5444
FOXED_p_TCGA_b122_128_SNP_N_GenomeWideSNP_6_C11_781924	8	24991104	39230659	9046	-0.0662
FOXED_p_TCGA_b122_128_SNP_N_GenomeWideSNP_6_C11_781924	8	39235603	39386965	59	-0.3972
FOXED_p_TCGA_b122_128_SNP_N_GenomeWideSNP_6_C11_781924	8	39388299	52367014	5411	-0.0807
FOXED_p_TCGA_b122_128_SNP_N_GenomeWideSNP_6_C11_781924	8	52367473	52367744	2	-1.227
FOXED_p_TCGA_b122_128_SNP_N_GenomeWideSNP_6_C11_781924	8	52368151	62379588	6701	-0.0617
FOXED_p_TCGA_b122_128_SNP_N_GenomeWideSNP_6_C11_781924	8	62381604	62387267	10	0.6354
FOXED_p_TCGA_b122_128_SNP_N_GenomeWideSNP_6_C11_781924	8	62401994	139683792	49399	-0.0575
FOXED_p_TCGA_b122_128_SNP_N_GenomeWideSNP_6_C11_781924	8	139684139	139685036	3	-0.9923
FOXED_p_TCGA_b122_128_SNP_N_GenomeWideSNP_6_C11_781924	8	139686273	140604336	845	-0.0757
FOXED_p_TCGA_b122_128_SNP_N_GenomeWideSNP_6_C11_781924	8	140604391	140605202	4	1.071
FOXED_p_TCGA_b122_128_SNP_N_GenomeWideSNP_6_C11_781924	8	140605715	144699157	2147	-0.11
FOXED_p_TCGA_b122_128_SNP_N_GenomeWideSNP_6_C11_781924	8	144705157	144707808	9	-0.9276
FOXED_p_TCGA_b122_128_SNP_N_GenomeWideSNP_6_C11_781924	8	144718989	146298155	506	-0.0909
FOXED_p_TCGA_b122_128_SNP_N_GenomeWideSNP_6_C11_781924	9	46587	28044704	24036	-0.0472
FOXED_p_TCGA_b122_128_SNP_N_GenomeWideSNP_6_C11_781924	9	28047588	28050691	5	-1.9131
FOXED_p_TCGA_b122_128_SNP_N_GenomeWideSNP_6_C11_781924	9	28055603	41692317	7333	-0.0625
FOXED_p_TCGA_b122_128_SNP_N_GenomeWideSNP_6_C11_781924	9	41692510	43072777	27	0.4541
FOXED_p_TCGA_b122_128_SNP_N_GenomeWideSNP_6_C11_781924	9	43084322	44241817	78	-0.0992
FOXED_p_TCGA_b122_128_SNP_N_GenomeWideSNP_6_C11_781924	9	44243434	69978022	432	0.2747
FOXED_p_TCGA_b122_128_SNP_N_GenomeWideSNP_6_C11_781924	9	70940595	70943830	2	-0.7135
FOXED_p_TCGA_b122_128_SNP_N_GenomeWideSNP_6_C11_781924	9	70950028	72808962	1518	-0.0409
FOXED_p_TCGA_b122_128_SNP_N_GenomeWideSNP_6_C11_781924	9	72810986	72812754	2	-1.7595
FOXED_p_TCGA_b122_128_SNP_N_GenomeWideSNP_6_C11_781924	9	72813681	140796679	46347	-0.0525
FOXED_p_TCGA_b122_128_SNP_N_GenomeWideSNP_6_C11_781924	9	140801664	140857198	21	0.5117
FOXED_p_TCGA_b122_128_SNP_N_GenomeWideSNP_6_C11_781924	9	140857785	141018694	151	0.2293
FOXED_p_TCGA_b122_128_SNP_N_GenomeWideSNP_6_C11_781924	9	141025318	141032943	6	-1.0877
FOXED_p_TCGA_b122_128_SNP_N_GenomeWideSNP_6_C11_781924	9	141033148	141091394	12	0.2132
FOXED_p_TCGA_b122_128_SNP_N_GenomeWideSNP_6_C11_781924	10	72759	18121033	14904	-0.0691
FOXED_p_TCGA_b122_128_SNP_N_GenomeWideSNP_6_C11_781924	10	18128247	18199813	8	0.582
FOXED_p_TCGA_b122_128_SNP_N_GenomeWideSNP_6_C11_781924	10	18223647	24377675	4346	-0.048
FOXED_p_TCGA_b122_128_SNP_N_GenomeWideSNP_6_C11_781924	10	24377676	24378054	9	-1.9264
FOXED_p_TCGA_b122_128_SNP_N_GenomeWideSNP_6_C11_781924	10	24378908	31246510	5047	-0.063
FOXED_p_TCGA_b122_128_SNP_N_GenomeWideSNP_6_C11_781924	10	31251334	31251738	10	-0.9096
FOXED_p_TCGA_b122_128_SNP_N_GenomeWideSNP_6_C11_781924	10	31251779	53044555	10193	-0.0609
FOXED_p_TCGA_b122_128_SNP_N_GenomeWideSNP_6_C11_781924	10	53048158	53319767	257	-0.4688
FOXED_p_TCGA_b122_128_SNP_N_GenomeWideSNP_6_C11_781924	10	53320182	61358267	5961	-0.061
FOXED_p_TCGA_b122_128_SNP_N_GenomeWideSNP_6_C11_781924	10	61364115	61365264	8	-1.7917
FOXED_p_TCGA_b122_128_SNP_N_GenomeWideSNP_6_C11_781924	10	61365482	67308017	4033	-0.044
FOXED_p_TCGA_b122_128_SNP_N_GenomeWideSNP_6_C11_781924	10	67308030	67314430	23	-0.4854
FOXED_p_TCGA_b122_128_SNP_N_GenomeWideSNP_6_C11_781924	10	67314446	68125672	651	-0.0671
FOXED_p_TCGA_b122_128_SNP_N_GenomeWideSNP_6_C11_781924	10	68125781	68126695	3	-1.0254
FOXED_p_TCGA_b122_128_SNP_N_GenomeWideSNP_6_C11_781924	10	68128645	135506704	45694	-0.0564
FOXED_p_TCGA_b122_128_SNP_N_GenomeWideSNP_6_C11_781924	11	198510	4732101	2237	-0.0738
FOXED_p_TCGA_b122_128_SNP_N_GenomeWideSNP_6_C11_781924	11	4732148	4732163	2	-1.1976
FOXED_p_TCGA_b122_128_SNP_N_GenomeWideSNP_6_C11_781924	11	4732246	5221233	489	-0.0279
FOXED_p_TCGA_b122_128_SNP_N_GenomeWideSNP_6_C11_781924	11	5222379	5224361	2	-1.5515
FOXED_p_TCGA_b122_128_SNP_N_GenomeWideSNP_6_C11_781924	11	5225505	5783923	576	-0.0694
FOXED_p_TCGA_b122_128_SNP_N_GenomeWideSNP_6_C11_781924	11	5787405	5809139	33	0.2454
FOXED_p_TCGA_b122_128_SNP_N_GenomeWideSNP_6_C11_781924	11	5809338	6107790	241	-0.0627
FOXED_p_TCGA_b122_128_SNP_N_GenomeWideSNP_6_C11_781924	11	6108269	6122094	8	0.4713
FOXED_p_TCGA_b122_128_SNP_N_GenomeWideSNP_6_C11_781924	11	6122503	7813460	1259	-0.0538
FOXED_p_TCGA_b122_128_SNP_N_GenomeWideSNP_6_C11_781924	11	7814176	7837009	6	-0.8609
FOXED_p_TCGA_b122_128_SNP_N_GenomeWideSNP_6_C11_781924	11	7841291	55376498	29842	-0.0493
FOXED_p_TCGA_b122_128_SNP_N_GenomeWideSNP_6_C11_781924	11	55376511	55447237	45	-0.3179
FOXED_p_TCGA_b122_128_SNP_N_GenomeWideSNP_6_C11_781924	11	55447332	87485071	18651	-0.0616
FOXED_p_TCGA_b122_128_SNP_N_GenomeWideSNP_6_C11_781924	11	87485348	87875222	275	0.2695
FOXED_p_TCGA_b122_128_SNP_N_GenomeWideSNP_6_C11_781924	11	87878740	124983982	25866	-0.062
FOXED_p_TCGA_b122_128_SNP_N_GenomeWideSNP_6_C11_781924	11	124985904	124985999	2	-1.4431
FOXED_p_TCGA_b122_128_SNP_N_GenomeWideSNP_6_C11_781924	11	124986092	134944770	7662	-0.0686
FOXED_p_TCGA_b122_128_SNP_N_GenomeWideSNP_6_C11_781924	12	150442	9546466	6186	0.2132
FOXED_p_TCGA_b122_128_SNP_N_GenomeWideSNP_6_C11_781924	12	9547440	9575676	2	-1.1987
FOXED_p_TCGA_b122_128_SNP_N_GenomeWideSNP_6_C11_781924	12	9576487	9630556	20	0.1171
FOXED_p_TCGA_b122_128_SNP_N_GenomeWideSNP_6_C11_781924	12	9633870	9728292	25	-0.6559
FOXED_p_TCGA_b122_128_SNP_N_GenomeWideSNP_6_C11_781924	12	9734969	10580460	635	0.1798
FOXED_p_TCGA_b122_128_SNP_N_GenomeWideSNP_6_C11_781924	12	10583367	10595806	5	-0.7454
FOXED_p_TCGA_b122_128_SNP_N_GenomeWideSNP_6_C11_781924	12	10596720	11220827	405	0.2047
FOXED_p_TCGA_b122_128_SNP_N_GenomeWideSNP_6_C11_781924	12	11222368	11241532	10	-1.1709
FOXED_p_TCGA_b122_128_SNP_N_GenomeWideSNP_6_C11_781924	12	11251874	19893158	5894	0.2352
FOXED_p_TCGA_b122_128_SNP_N_GenomeWideSNP_6_C11_781924	12	19893674	19893946	2	-1.1156
FOXED_p_TCGA_b122_128_SNP_N_GenomeWideSNP_6_C11_781924	12	19894464	30243933	7432	0.2298
FOXED_p_TCGA_b122_128_SNP_N_GenomeWideSNP_6_C11_781924	12	30243950	30243985	2	-1.2136
FOXED_p_TCGA_b122_128_SNP_N_GenomeWideSNP_6_C11_781924	12	30244034	33294660	2268	0.2194
FOXED_p_TCGA_b122_128_SNP_N_GenomeWideSNP_6_C11_781924	12	33301406	33307078	26	0.6016
FOXED_p_TCGA_b122_128_SNP_N_GenomeWideSNP_6_C11_781924	12	33307374	37987726	847	0.1996
FOXED_p_TCGA_b122_128_SNP_N_GenomeWideSNP_6_C11_781924	12	38012567	38014018	2	-1.5087
FOXED_p_TCGA_b122_128_SNP_N_GenomeWideSNP_6_C11_781924	12	38034358	45899825	4781	0.2164
FOXED_p_TCGA_b122_128_SNP_N_GenomeWideSNP_6_C11_781924	12	45904438	45909537	4	-1.4152
FOXED_p_TCGA_b122_128_SNP_N_GenomeWideSNP_6_C11_781924	12	45913292	49020129	1885	0.2282
FOXED_p_TCGA_b122_128_SNP_N_GenomeWideSNP_6_C11_781924	12	49021493	49022402	2	-1.0781
FOXED_p_TCGA_b122_128_SNP_N_GenomeWideSNP_6_C11_781924	12	49022976	125486750	48354	0.2193
FOXED_p_TCGA_b122_128_SNP_N_GenomeWideSNP_6_C11_781924	12	125486797	125486837	2	-1.5248
FOXED_p_TCGA_b122_128_SNP_N_GenomeWideSNP_6_C11_781924	12	125489393	131773966	5418	0.1932
FOXED_p_TCGA_b122_128_SNP_N_GenomeWideSNP_6_C11_781924	12	131775298	131775308	2	-1.291
FOXED_p_TCGA_b122_128_SNP_N_GenomeWideSNP_6_C11_781924	12	131775631	132120715	327	0.2059
FOXED_p_TCGA_b122_128_SNP_N_GenomeWideSNP_6_C11_781924	12	132132584	132133335	13	-1.9323
FOXED_p_TCGA_b122_128_SNP_N_GenomeWideSNP_6_C11_781924	12	132142331	133778189	572	0.1847
FOXED_p_TCGA_b122_128_SNP_N_GenomeWideSNP_6_C11_781924	13	19026949	23629210	2898	0.4413
FOXED_p_TCGA_b122_128_SNP_N_GenomeWideSNP_6_C11_781924	13	23632678	23638195	13	-0.0506
FOXED_p_TCGA_b122_128_SNP_N_GenomeWideSNP_6_C11_781924	13	23638210	39052811	11380	0.4684
FOXED_p_TCGA_b122_128_SNP_N_GenomeWideSNP_6_C11_781924	13	39057572	39058056	2	-0.9447
FOXED_p_TCGA_b122_128_SNP_N_GenomeWideSNP_6_C11_781924	13	39065057	47506973	5845	0.48
FOXED_p_TCGA_b122_128_SNP_N_GenomeWideSNP_6_C11_781924	13	47511470	47512546	2	1.5103
FOXED_p_TCGA_b122_128_SNP_N_GenomeWideSNP_6_C11_781924	13	47517452	49531551	1490	0.4621
FOXED_p_TCGA_b122_128_SNP_N_GenomeWideSNP_6_C11_781924	13	49533715	49536504	2	-3.6198
FOXED_p_TCGA_b122_128_SNP_N_GenomeWideSNP_6_C11_781924	13	49537705	52824280	1803	0.4657
FOXED_p_TCGA_b122_128_SNP_N_GenomeWideSNP_6_C11_781924	13	52839504	52862507	4	-0.2584
FOXED_p_TCGA_b122_128_SNP_N_GenomeWideSNP_6_C11_781924	13	52867721	104285457	33086	0.4651
FOXED_p_TCGA_b122_128_SNP_N_GenomeWideSNP_6_C11_781924	13	104285642	104287703	4	-0.4935
FOXED_p_TCGA_b122_128_SNP_N_GenomeWideSNP_6_C11_781924	13	104292537	115108397	7828	0.4782
FOXED_p_TCGA_b122_128_SNP_N_GenomeWideSNP_6_C11_781924	14	19002124	67806798	30268	0.1681
FOXED_p_TCGA_b122_128_SNP_N_GenomeWideSNP_6_C11_781924	14	67810783	68703929	529	0.6137
FOXED_p_TCGA_b122_128_SNP_N_GenomeWideSNP_6_C11_781924	14	68710068	74001123	3562	0.1613
FOXED_p_TCGA_b122_128_SNP_N_GenomeWideSNP_6_C11_781924	14	74006707	74029900	9	-1.2515
FOXED_p_TCGA_b122_128_SNP_N_GenomeWideSNP_6_C11_781924	14	74029915	84448242	6931	0.154
FOXED_p_TCGA_b122_128_SNP_N_GenomeWideSNP_6_C11_781924	14	84452459	84457134	8	-0.5057
FOXED_p_TCGA_b122_128_SNP_N_GenomeWideSNP_6_C11_781924	14	84459400	106783044	14005	0.1623
FOXED_p_TCGA_b122_128_SNP_N_GenomeWideSNP_6_C11_781924	14	106796025	106802053	7	-1.264
FOXED_p_TCGA_b122_128_SNP_N_GenomeWideSNP_6_C11_781924	14	106815943	106900730	52	0.0638
FOXED_p_TCGA_b122_128_SNP_N_GenomeWideSNP_6_C11_781924	14	106900750	106943834	42	0.4273
FOXED_p_TCGA_b122_128_SNP_N_GenomeWideSNP_6_C11_781924	14	106948568	107285437	214	0.1568
FOXED_p_TCGA_b122_128_SNP_N_GenomeWideSNP_6_C11_781924	15	20016328	20203961	47	0.025
FOXED_p_TCGA_b122_128_SNP_N_GenomeWideSNP_6_C11_781924	15	20206939	20581564	58	0.3955
FOXED_p_TCGA_b122_128_SNP_N_GenomeWideSNP_6_C11_781924	15	20585988	20843562	54	0.6791
FOXED_p_TCGA_b122_128_SNP_N_GenomeWideSNP_6_C11_781924	15	20847933	22042753	147	0.1955
FOXED_p_TCGA_b122_128_SNP_N_GenomeWideSNP_6_C11_781924	15	22263557	22673399	117	0.5435
FOXED_p_TCGA_b122_128_SNP_N_GenomeWideSNP_6_C11_781924	15	22681076	47513253	15107	-0.0777
FOXED_p_TCGA_b122_128_SNP_N_GenomeWideSNP_6_C11_781924	15	47518807	47519545	5	-1.2074
FOXED_p_TCGA_b122_128_SNP_N_GenomeWideSNP_6_C11_781924	15	47519554	78402258	19583	-0.0698
FOXED_p_TCGA_b122_128_SNP_N_GenomeWideSNP_6_C11_781924	15	78403292	78405512	4	-1.0778
FOXED_p_TCGA_b122_128_SNP_N_GenomeWideSNP_6_C11_781924	15	78405617	97817858	13530	-0.0794
FOXED_p_TCGA_b122_128_SNP_N_GenomeWideSNP_6_C11_781924	15	97817899	97832187	9	-1.4084
FOXED_p_TCGA_b122_128_SNP_N_GenomeWideSNP_6_C11_781924	15	97833649	102400037	3419	-0.0895
FOXED_p_TCGA_b122_128_SNP_N_GenomeWideSNP_6_C11_781924	15	102405136	102469040	13	0.4698
FOXED_p_TCGA_b122_128_SNP_N_GenomeWideSNP_6_C11_781924	16	60777	6188571	3325	0.2129
FOXED_p_TCGA_b122_128_SNP_N_GenomeWideSNP_6_C11_781924	16	6190098	6566664	434	-0.2015
FOXED_p_TCGA_b122_128_SNP_N_GenomeWideSNP_6_C11_781924	16	6566696	6644064	107	-0.6959
FOXED_p_TCGA_b122_128_SNP_N_GenomeWideSNP_6_C11_781924	16	6644324	6692596	76	-1.1583
FOXED_p_TCGA_b122_128_SNP_N_GenomeWideSNP_6_C11_781924	16	6692980	6911210	295	-0.5567
FOXED_p_TCGA_b122_128_SNP_N_GenomeWideSNP_6_C11_781924	16	6911441	6969671	68	-1.1195
FOXED_p_TCGA_b122_128_SNP_N_GenomeWideSNP_6_C11_781924	16	6972549	7138505	180	-0.561
FOXED_p_TCGA_b122_128_SNP_N_GenomeWideSNP_6_C11_781924	16	7138653	7717205	775	-0.1149
FOXED_p_TCGA_b122_128_SNP_N_GenomeWideSNP_6_C11_781924	16	7717328	16377662	6531	0.2448
FOXED_p_TCGA_b122_128_SNP_N_GenomeWideSNP_6_C11_781924	16	16513091	16667918	22	0.8799
FOXED_p_TCGA_b122_128_SNP_N_GenomeWideSNP_6_C11_781924	16	16668523	18378855	1004	0.2177
FOXED_p_TCGA_b122_128_SNP_N_GenomeWideSNP_6_C11_781924	16	18429385	18779778	34	0.6994
FOXED_p_TCGA_b122_128_SNP_N_GenomeWideSNP_6_C11_781924	16	18779956	19945808	684	0.2385
FOXED_p_TCGA_b122_128_SNP_N_GenomeWideSNP_6_C11_781924	16	19945899	19967362	27	-0.5176
FOXED_p_TCGA_b122_128_SNP_N_GenomeWideSNP_6_C11_781924	16	19970254	34567198	7048	0.2193
FOXED_p_TCGA_b122_128_SNP_N_GenomeWideSNP_6_C11_781924	16	34567212	34657066	56	0.6284
FOXED_p_TCGA_b122_128_SNP_N_GenomeWideSNP_6_C11_781924	16	34663450	74405191	17910	0.2398
FOXED_p_TCGA_b122_128_SNP_N_GenomeWideSNP_6_C11_781924	16	74407012	74456601	5	-0.5607
FOXED_p_TCGA_b122_128_SNP_N_GenomeWideSNP_6_C11_781924	16	74465396	75536272	625	0.2226
FOXED_p_TCGA_b122_128_SNP_N_GenomeWideSNP_6_C11_781924	16	75539408	75575998	21	0.7536
FOXED_p_TCGA_b122_128_SNP_N_GenomeWideSNP_6_C11_781924	16	75580117	78371608	2565	0.2396
FOXED_p_TCGA_b122_128_SNP_N_GenomeWideSNP_6_C11_781924	16	78372440	78381263	14	-2.9323
FOXED_p_TCGA_b122_128_SNP_N_GenomeWideSNP_6_C11_781924	16	78383140	78384765	3	-0.6667
FOXED_p_TCGA_b122_128_SNP_N_GenomeWideSNP_6_C11_781924	16	78385001	79860357	1823	0.2137
FOXED_p_TCGA_b122_128_SNP_N_GenomeWideSNP_6_C11_781924	16	79860514	79861054	2	-1.2007
FOXED_p_TCGA_b122_128_SNP_N_GenomeWideSNP_6_C11_781924	16	79867193	90287535	8822	0.2402
FOXED_p_TCGA_b122_128_SNP_N_GenomeWideSNP_6_C11_781924	17	526	1299432	623	0.3246
FOXED_p_TCGA_b122_128_SNP_N_GenomeWideSNP_6_C11_781924	17	1305016	18358946	10825	-0.147
FOXED_p_TCGA_b122_128_SNP_N_GenomeWideSNP_6_C11_781924	17	18358949	18459272	25	-1.4981
FOXED_p_TCGA_b122_128_SNP_N_GenomeWideSNP_6_C11_781924	17	18464586	20920488	1042	-0.1358
FOXED_p_TCGA_b122_128_SNP_N_GenomeWideSNP_6_C11_781924	17	20923147	20923538	3	-2.6331
FOXED_p_TCGA_b122_128_SNP_N_GenomeWideSNP_6_C11_781924	17	20923750	39421708	8461	-0.1325
FOXED_p_TCGA_b122_128_SNP_N_GenomeWideSNP_6_C11_781924	17	39423014	39430531	24	0.5329
FOXED_p_TCGA_b122_128_SNP_N_GenomeWideSNP_6_C11_781924	17	39432724	44364170	2638	-0.142
FOXED_p_TCGA_b122_128_SNP_N_GenomeWideSNP_6_C11_781924	17	44394412	44752300	48	0.3236
FOXED_p_TCGA_b122_128_SNP_N_GenomeWideSNP_6_C11_781924	17	44764994	55687489	7015	-0.119
FOXED_p_TCGA_b122_128_SNP_N_GenomeWideSNP_6_C11_781924	17	55688333	55688993	2	-1.4138
FOXED_p_TCGA_b122_128_SNP_N_GenomeWideSNP_6_C11_781924	17	55691993	58599356	1478	-0.1394
FOXED_p_TCGA_b122_128_SNP_N_GenomeWideSNP_6_C11_781924	17	58604461	58838995	101	-0.4815
FOXED_p_TCGA_b122_128_SNP_N_GenomeWideSNP_6_C11_781924	17	58843167	60118438	678	-0.1285
FOXED_p_TCGA_b122_128_SNP_N_GenomeWideSNP_6_C11_781924	17	60122324	60695995	247	-0.4151
FOXED_p_TCGA_b122_128_SNP_N_GenomeWideSNP_6_C11_781924	17	60707398	75173516	9113	-0.1146
FOXED_p_TCGA_b122_128_SNP_N_GenomeWideSNP_6_C11_781924	17	75174296	75174736	2	-1.369
FOXED_p_TCGA_b122_128_SNP_N_GenomeWideSNP_6_C11_781924	17	75175257	75446004	188	-0.1698
FOXED_p_TCGA_b122_128_SNP_N_GenomeWideSNP_6_C11_781924	17	75448158	75508893	20	-0.5368
FOXED_p_TCGA_b122_128_SNP_N_GenomeWideSNP_6_C11_781924	17	75508937	75839026	238	-0.1367
FOXED_p_TCGA_b122_128_SNP_N_GenomeWideSNP_6_C11_781924	17	75839333	76132692	150	-0.4942
FOXED_p_TCGA_b122_128_SNP_N_GenomeWideSNP_6_C11_781924	17	76147820	76230011	43	-0.158
FOXED_p_TCGA_b122_128_SNP_N_GenomeWideSNP_6_C11_781924	17	76230688	77802119	881	0.1261
FOXED_p_TCGA_b122_128_SNP_N_GenomeWideSNP_6_C11_781924	17	77819820	78023722	129	-0.5335
FOXED_p_TCGA_b122_128_SNP_N_GenomeWideSNP_6_C11_781924	17	78026895	79152075	630	-0.1542
FOXED_p_TCGA_b122_128_SNP_N_GenomeWideSNP_6_C11_781924	17	79155017	79244903	30	-0.5391
FOXED_p_TCGA_b122_128_SNP_N_GenomeWideSNP_6_C11_781924	17	79245452	80571505	433	-0.1631
FOXED_p_TCGA_b122_128_SNP_N_GenomeWideSNP_6_C11_781924	17	80571695	80571933	2	1.0565
FOXED_p_TCGA_b122_128_SNP_N_GenomeWideSNP_6_C11_781924	17	80572628	81049726	252	-0.1364
FOXED_p_TCGA_b122_128_SNP_N_GenomeWideSNP_6_C11_781924	18	11543	100949	12	-1.7154
FOXED_p_TCGA_b122_128_SNP_N_GenomeWideSNP_6_C11_781924	18	117231	15102421	10376	-0.4649
FOXED_p_TCGA_b122_128_SNP_N_GenomeWideSNP_6_C11_781924	18	15102756	18571522	76	-0.2123
FOXED_p_TCGA_b122_128_SNP_N_GenomeWideSNP_6_C11_781924	18	18572428	24365844	3450	-0.4483
FOXED_p_TCGA_b122_128_SNP_N_GenomeWideSNP_6_C11_781924	18	24365863	24366145	4	-1.9333
FOXED_p_TCGA_b122_128_SNP_N_GenomeWideSNP_6_C11_781924	18	24366379	33776189	5882	-0.4329
FOXED_p_TCGA_b122_128_SNP_N_GenomeWideSNP_6_C11_781924	18	33776800	33777230	2	-1.5112
FOXED_p_TCGA_b122_128_SNP_N_GenomeWideSNP_6_C11_781924	18	33777267	33974396	145	-0.4677
FOXED_p_TCGA_b122_128_SNP_N_GenomeWideSNP_6_C11_781924	18	33974567	34040657	90	-0.0426
FOXED_p_TCGA_b122_128_SNP_N_GenomeWideSNP_6_C11_781924	18	34046177	59509155	17362	-0.4489
FOXED_p_TCGA_b122_128_SNP_N_GenomeWideSNP_6_C11_781924	18	59509180	59509286	2	-1.9829
FOXED_p_TCGA_b122_128_SNP_N_GenomeWideSNP_6_C11_781924	18	59509813	63767140	3035	-0.4509
FOXED_p_TCGA_b122_128_SNP_N_GenomeWideSNP_6_C11_781924	18	63767288	63767922	2	-2.1142
FOXED_p_TCGA_b122_128_SNP_N_GenomeWideSNP_6_C11_781924	18	63775595	74880600	8358	-0.4629
FOXED_p_TCGA_b122_128_SNP_N_GenomeWideSNP_6_C11_781924	18	74881376	74882378	3	-2.1134
FOXED_p_TCGA_b122_128_SNP_N_GenomeWideSNP_6_C11_781924	18	74882564	78014136	2020	-0.4806
FOXED_p_TCGA_b122_128_SNP_N_GenomeWideSNP_6_C11_781924	18	78014320	78015057	3	-1.1755
FOXED_p_TCGA_b122_128_SNP_N_GenomeWideSNP_6_C11_781924	19	90910	53517082	25931	0.1781
FOXED_p_TCGA_b122_128_SNP_N_GenomeWideSNP_6_C11_781924	19	53518514	53546855	21	0.6593
FOXED_p_TCGA_b122_128_SNP_N_GenomeWideSNP_6_C11_781924	19	53547361	56282070	1565	0.1778
FOXED_p_TCGA_b122_128_SNP_N_GenomeWideSNP_6_C11_781924	19	56282369	56283067	4	-0.7496
FOXED_p_TCGA_b122_128_SNP_N_GenomeWideSNP_6_C11_781924	19	56286293	58940514	1796	0.1632
FOXED_p_TCGA_b122_128_SNP_N_GenomeWideSNP_6_C11_781924	19	58943408	58946056	3	-0.7336
FOXED_p_TCGA_b122_128_SNP_N_GenomeWideSNP_6_C11_781924	19	58946160	59097854	51	0.1489
FOXED_p_TCGA_b122_128_SNP_N_GenomeWideSNP_6_C11_781924	20	61305	7392739	5587	-0.4754
FOXED_p_TCGA_b122_128_SNP_N_GenomeWideSNP_6_C11_781924	20	7400986	7406737	2	-2.2126
FOXED_p_TCGA_b122_128_SNP_N_GenomeWideSNP_6_C11_781924	20	7406908	14864232	5678	-0.4469
FOXED_p_TCGA_b122_128_SNP_N_GenomeWideSNP_6_C11_781924	20	14865156	15122654	249	-2.0756
FOXED_p_TCGA_b122_128_SNP_N_GenomeWideSNP_6_C11_781924	20	15123360	20441221	4641	-0.4612
FOXED_p_TCGA_b122_128_SNP_N_GenomeWideSNP_6_C11_781924	20	20443344	20445380	3	0.9604
FOXED_p_TCGA_b122_128_SNP_N_GenomeWideSNP_6_C11_781924	20	20447694	21535020	659	1.7804
FOXED_p_TCGA_b122_128_SNP_N_GenomeWideSNP_6_C11_781924	20	21537762	35657751	6078	1.1027
FOXED_p_TCGA_b122_128_SNP_N_GenomeWideSNP_6_C11_781924	20	35661945	35722830	119	0.7441
FOXED_p_TCGA_b122_128_SNP_N_GenomeWideSNP_6_C11_781924	20	35726402	40359519	3048	1.1107
FOXED_p_TCGA_b122_128_SNP_N_GenomeWideSNP_6_C11_781924	20	40360023	40360027	5	0.1437
FOXED_p_TCGA_b122_128_SNP_N_GenomeWideSNP_6_C11_781924	20	40360784	41263421	836	1.0942
FOXED_p_TCGA_b122_128_SNP_N_GenomeWideSNP_6_C11_781924	20	41265308	41268362	8	0.4518
FOXED_p_TCGA_b122_128_SNP_N_GenomeWideSNP_6_C11_781924	20	41268486	44176576	2018	1.1069
FOXED_p_TCGA_b122_128_SNP_N_GenomeWideSNP_6_C11_781924	20	44177108	44178139	6	-0.4159
FOXED_p_TCGA_b122_128_SNP_N_GenomeWideSNP_6_C11_781924	20	44178179	60548170	12597	1.1085
FOXED_p_TCGA_b122_128_SNP_N_GenomeWideSNP_6_C11_781924	20	60559028	60559084	3	-0.0729
FOXED_p_TCGA_b122_128_SNP_N_GenomeWideSNP_6_C11_781924	20	60567750	62916068	973	1.1048
FOXED_p_TCGA_b122_128_SNP_N_GenomeWideSNP_6_C11_781924	20	62954695	62956153	5	-0.5753
FOXED_p_TCGA_b122_128_SNP_N_GenomeWideSNP_6_C11_781924	21	10736871	14594235	162	0.03
FOXED_p_TCGA_b122_128_SNP_N_GenomeWideSNP_6_C11_781924	21	14595264	48096957	24249	-0.4671
FOXED_p_TCGA_b122_128_SNP_N_GenomeWideSNP_6_C11_781924	22	16052528	18055605	782	-0.1422
FOXED_p_TCGA_b122_128_SNP_N_GenomeWideSNP_6_C11_781924	22	18058748	18058885	2	1.6975
FOXED_p_TCGA_b122_128_SNP_N_GenomeWideSNP_6_C11_781924	22	18062891	22468619	2516	-0.1572
FOXED_p_TCGA_b122_128_SNP_N_GenomeWideSNP_6_C11_781924	22	22473918	22474613	6	-2.9291
FOXED_p_TCGA_b122_128_SNP_N_GenomeWideSNP_6_C11_781924	22	22481498	24314006	1304	-0.1446
FOXED_p_TCGA_b122_128_SNP_N_GenomeWideSNP_6_C11_781924	22	24315049	24332933	10	-1.0571
FOXED_p_TCGA_b122_128_SNP_N_GenomeWideSNP_6_C11_781924	22	24337307	24396814	22	0.3846
FOXED_p_TCGA_b122_128_SNP_N_GenomeWideSNP_6_C11_781924	22	24401529	25081338	354	-0.1078
FOXED_p_TCGA_b122_128_SNP_N_GenomeWideSNP_6_C11_781924	22	25082115	25082534	3	-1.0798
FOXED_p_TCGA_b122_128_SNP_N_GenomeWideSNP_6_C11_781924	22	25087674	34173406	6920	-0.1306
FOXED_p_TCGA_b122_128_SNP_N_GenomeWideSNP_6_C11_781924	22	34174947	34174985	4	-1.0163
FOXED_p_TCGA_b122_128_SNP_N_GenomeWideSNP_6_C11_781924	22	34181422	39290920	3554	-0.141
FOXED_p_TCGA_b122_128_SNP_N_GenomeWideSNP_6_C11_781924	22	39295255	39296904	3	-3.3242
FOXED_p_TCGA_b122_128_SNP_N_GenomeWideSNP_6_C11_781924	22	39299114	42897282	1958	-0.1469
FOXED_p_TCGA_b122_128_SNP_N_GenomeWideSNP_6_C11_781924	22	42899440	42924478	14	0.3465
FOXED_p_TCGA_b122_128_SNP_N_GenomeWideSNP_6_C11_781924	22	42924522	42934462	7	0.6278
FOXED_p_TCGA_b122_128_SNP_N_GenomeWideSNP_6_C11_781924	22	42942962	49067426	4703	-0.1561
FOXED_p_TCGA_b122_128_SNP_N_GenomeWideSNP_6_C11_781924	22	49067525	49076870	4	-1.1662
FOXED_p_TCGA_b122_128_SNP_N_GenomeWideSNP_6_C11_781924	22	49077142	51234455	1406	-0.1985
FOXED_p_TCGA_b122_128_SNP_N_GenomeWideSNP_6_C11_781924	X	168477	62470452	33848	0.029
FOXED_p_TCGA_b122_128_SNP_N_GenomeWideSNP_6_C11_781924	X	62470853	62505868	20	0.7477
FOXED_p_TCGA_b122_128_SNP_N_GenomeWideSNP_6_C11_781924	X	62517002	76349873	6304	0.0188
FOXED_p_TCGA_b122_128_SNP_N_GenomeWideSNP_6_C11_781924	X	76353650	76545159	19	-0.5587
FOXED_p_TCGA_b122_128_SNP_N_GenomeWideSNP_6_C11_781924	X	76546512	89699899	7057	0.0093
FOXED_p_TCGA_b122_128_SNP_N_GenomeWideSNP_6_C11_781924	X	89700649	89703356	2	-1.637
FOXED_p_TCGA_b122_128_SNP_N_GenomeWideSNP_6_C11_781924	X	89703920	103253775	7162	0.0169
FOXED_p_TCGA_b122_128_SNP_N_GenomeWideSNP_6_C11_781924	X	103257989	103305358	59	0.6976
FOXED_p_TCGA_b122_128_SNP_N_GenomeWideSNP_6_C11_781924	X	103311747	115133681	6369	0.0269
FOXED_p_TCGA_b122_128_SNP_N_GenomeWideSNP_6_C11_781924	X	115137955	115150638	7	-1.6179
FOXED_p_TCGA_b122_128_SNP_N_GenomeWideSNP_6_C11_781924	X	115156419	135509418	11697	0.0275
FOXED_p_TCGA_b122_128_SNP_N_GenomeWideSNP_6_C11_781924	X	135510295	135511176	2	-1.4586
FOXED_p_TCGA_b122_128_SNP_N_GenomeWideSNP_6_C11_781924	X	135514053	141469912	3742	0.0011
FOXED_p_TCGA_b122_128_SNP_N_GenomeWideSNP_6_C11_781924	X	141469976	141470296	5	0.759
FOXED_p_TCGA_b122_128_SNP_N_GenomeWideSNP_6_C11_781924	X	141470790	155182354	8356	0.003
FOXED_p_TCGA_b122_128_SNP_N_GenomeWideSNP_6_C11_781924	Y	2650438	6101425	871	-2.346
FOXED_p_TCGA_b122_128_SNP_N_GenomeWideSNP_6_C11_781924	Y	6107901	6424299	128	-3.6681
FOXED_p_TCGA_b122_128_SNP_N_GenomeWideSNP_6_C11_781924	Y	6426233	7399842	425	-2.7503
FOXED_p_TCGA_b122_128_SNP_N_GenomeWideSNP_6_C11_781924	Y	7400746	9823373	1221	-3.1108
FOXED_p_TCGA_b122_128_SNP_N_GenomeWideSNP_6_C11_781924	Y	9826040	15024621	679	-2.7859
FOXED_p_TCGA_b122_128_SNP_N_GenomeWideSNP_6_C11_781924	Y	15026424	15030817	5	-6.3465
FOXED_p_TCGA_b122_128_SNP_N_GenomeWideSNP_6_C11_781924	Y	15032288	15590276	249	-2.9454
FOXED_p_TCGA_b122_128_SNP_N_GenomeWideSNP_6_C11_781924	Y	15590342	15594523	3	-7.6439
FOXED_p_TCGA_b122_128_SNP_N_GenomeWideSNP_6_C11_781924	Y	15594889	19570632	2081	-2.9839
FOXED_p_TCGA_b122_128_SNP_N_GenomeWideSNP_6_C11_781924	Y	19571480	21088297	705	-3.6004
FOXED_p_TCGA_b122_128_SNP_N_GenomeWideSNP_6_C11_781924	Y	21088485	23653771	978	-3.035
FOXED_p_TCGA_b122_128_SNP_N_GenomeWideSNP_6_C11_781924	Y	23683731	23690350	2	-8.8048
FOXED_p_TCGA_b122_128_SNP_N_GenomeWideSNP_6_C11_781924	Y	23715701	24510518	263	-3.1489
FOXED_p_TCGA_b122_128_SNP_N_GenomeWideSNP_6_C11_781924	Y	24514859	24964952	81	-3.9334
FOXED_p_TCGA_b122_128_SNP_N_GenomeWideSNP_6_C11_781924	Y	24979518	25976129	145	-3.3492
FOXED_p_TCGA_b122_128_SNP_N_GenomeWideSNP_6_C11_781924	Y	25977694	26190025	90	-3.992
FOXED_p_TCGA_b122_128_SNP_N_GenomeWideSNP_6_C11_781924	Y	26193050	26630929	97	-3.0717
FOXED_p_TCGA_b122_128_SNP_N_GenomeWideSNP_6_C11_781924	Y	26631228	27436702	86	-4.2436
FOXED_p_TCGA_b122_128_SNP_N_GenomeWideSNP_6_C11_781924	Y	27444915	27720551	91	-2.8505
FOXED_p_TCGA_b122_128_SNP_N_GenomeWideSNP_6_C11_781924	Y	27721084	28452016	258	-3.6664
FOXED_p_TCGA_b122_128_SNP_N_GenomeWideSNP_6_C11_781924	Y	28457337	59018259	176	-2.5706
