Sample	Chromosome	Start	End	Num_Probes	Segment_Mean
USAGE_p_TCGA_132_133_136_SNP_N_GenomeWideSNP_6_E09_787452	1	61735	712545	36	-0.0552
USAGE_p_TCGA_132_133_136_SNP_N_GenomeWideSNP_6_E09_787452	1	718663	4734076	1697	-0.4886
USAGE_p_TCGA_132_133_136_SNP_N_GenomeWideSNP_6_E09_787452	1	4734514	4735056	2	-3.4903
USAGE_p_TCGA_132_133_136_SNP_N_GenomeWideSNP_6_E09_787452	1	4735908	13384264	4845	-0.4363
USAGE_p_TCGA_132_133_136_SNP_N_GenomeWideSNP_6_E09_787452	1	13384383	13763960	36	-0.0763
USAGE_p_TCGA_132_133_136_SNP_N_GenomeWideSNP_6_E09_787452	1	13776072	17190004	2207	-0.4172
USAGE_p_TCGA_132_133_136_SNP_N_GenomeWideSNP_6_E09_787452	1	17190862	17262232	61	-0.9139
USAGE_p_TCGA_132_133_136_SNP_N_GenomeWideSNP_6_E09_787452	1	17262247	30382007	7394	-0.4187
USAGE_p_TCGA_132_133_136_SNP_N_GenomeWideSNP_6_E09_787452	1	30382557	30384611	2	-2.1318
USAGE_p_TCGA_132_133_136_SNP_N_GenomeWideSNP_6_E09_787452	1	30384652	61510619	18911	-0.405
USAGE_p_TCGA_132_133_136_SNP_N_GenomeWideSNP_6_E09_787452	1	61518439	61571392	25	-0.9024
USAGE_p_TCGA_132_133_136_SNP_N_GenomeWideSNP_6_E09_787452	1	61578159	72759524	7797	-0.3621
USAGE_p_TCGA_132_133_136_SNP_N_GenomeWideSNP_6_E09_787452	1	72760856	72811148	51	0.0296
USAGE_p_TCGA_132_133_136_SNP_N_GenomeWideSNP_6_E09_787452	1	72811904	97748085	16190	-0.3711
USAGE_p_TCGA_132_133_136_SNP_N_GenomeWideSNP_6_E09_787452	1	97748352	110233053	7530	-0.1163
USAGE_p_TCGA_132_133_136_SNP_N_GenomeWideSNP_6_E09_787452	1	110233118	110242953	15	0.9592
USAGE_p_TCGA_132_133_136_SNP_N_GenomeWideSNP_6_E09_787452	1	110244998	112690326	1955	-0.1364
USAGE_p_TCGA_132_133_136_SNP_N_GenomeWideSNP_6_E09_787452	1	112695965	112697390	25	0.4595
USAGE_p_TCGA_132_133_136_SNP_N_GenomeWideSNP_6_E09_787452	1	112705956	121447136	5186	-0.102
USAGE_p_TCGA_132_133_136_SNP_N_GenomeWideSNP_6_E09_787452	1	121482979	147929336	1139	0.5291
USAGE_p_TCGA_132_133_136_SNP_N_GenomeWideSNP_6_E09_787452	1	148513790	149024808	56	0.2774
USAGE_p_TCGA_132_133_136_SNP_N_GenomeWideSNP_6_E09_787452	1	149036524	149202878	82	-0.6232
USAGE_p_TCGA_132_133_136_SNP_N_GenomeWideSNP_6_E09_787452	1	149203331	149645033	94	-0.2748
USAGE_p_TCGA_132_133_136_SNP_N_GenomeWideSNP_6_E09_787452	1	149659890	149739073	19	0.2052
USAGE_p_TCGA_132_133_136_SNP_N_GenomeWideSNP_6_E09_787452	1	149748542	149778729	6	0.8456
USAGE_p_TCGA_132_133_136_SNP_N_GenomeWideSNP_6_E09_787452	1	149789022	152756410	1663	0.5218
USAGE_p_TCGA_132_133_136_SNP_N_GenomeWideSNP_6_E09_787452	1	152756538	152768700	42	0.866
USAGE_p_TCGA_132_133_136_SNP_N_GenomeWideSNP_6_E09_787452	1	152773905	159630243	4126	0.5056
USAGE_p_TCGA_132_133_136_SNP_N_GenomeWideSNP_6_E09_787452	1	159635021	159925431	211	0.9704
USAGE_p_TCGA_132_133_136_SNP_N_GenomeWideSNP_6_E09_787452	1	159927798	161508875	945	0.4847
USAGE_p_TCGA_132_133_136_SNP_N_GenomeWideSNP_6_E09_787452	1	161517939	161618820	26	0.7642
USAGE_p_TCGA_132_133_136_SNP_N_GenomeWideSNP_6_E09_787452	1	161618859	161638201	20	1.1736
USAGE_p_TCGA_132_133_136_SNP_N_GenomeWideSNP_6_E09_787452	1	161638480	174796405	9552	0.5482
USAGE_p_TCGA_132_133_136_SNP_N_GenomeWideSNP_6_E09_787452	1	174796556	174801840	16	0.0737
USAGE_p_TCGA_132_133_136_SNP_N_GenomeWideSNP_6_E09_787452	1	174801854	174887326	49	0.447
USAGE_p_TCGA_132_133_136_SNP_N_GenomeWideSNP_6_E09_787452	1	174890043	174966164	42	0.2243
USAGE_p_TCGA_132_133_136_SNP_N_GenomeWideSNP_6_E09_787452	1	174966431	196714873	14581	0.5676
USAGE_p_TCGA_132_133_136_SNP_N_GenomeWideSNP_6_E09_787452	1	196727850	196732086	4	1.3374
USAGE_p_TCGA_132_133_136_SNP_N_GenomeWideSNP_6_E09_787452	1	196738623	196758109	32	0.3205
USAGE_p_TCGA_132_133_136_SNP_N_GenomeWideSNP_6_E09_787452	1	196758120	196801337	48	0.6116
USAGE_p_TCGA_132_133_136_SNP_N_GenomeWideSNP_6_E09_787452	1	196801428	196816730	13	0.1258
USAGE_p_TCGA_132_133_136_SNP_N_GenomeWideSNP_6_E09_787452	1	196823317	208841012	7818	0.6686
USAGE_p_TCGA_132_133_136_SNP_N_GenomeWideSNP_6_E09_787452	1	208842485	218149466	6672	0.2563
USAGE_p_TCGA_132_133_136_SNP_N_GenomeWideSNP_6_E09_787452	1	218149483	218149498	2	-0.7843
USAGE_p_TCGA_132_133_136_SNP_N_GenomeWideSNP_6_E09_787452	1	218152351	218180409	15	0.1921
USAGE_p_TCGA_132_133_136_SNP_N_GenomeWideSNP_6_E09_787452	1	218180530	218182257	4	-0.4725
USAGE_p_TCGA_132_133_136_SNP_N_GenomeWideSNP_6_E09_787452	1	218193515	221588015	2318	0.2244
USAGE_p_TCGA_132_133_136_SNP_N_GenomeWideSNP_6_E09_787452	1	221590000	222926121	899	0.6469
USAGE_p_TCGA_132_133_136_SNP_N_GenomeWideSNP_6_E09_787452	1	222931672	235280575	8418	0.2533
USAGE_p_TCGA_132_133_136_SNP_N_GenomeWideSNP_6_E09_787452	1	235287752	235287802	2	-1.1785
USAGE_p_TCGA_132_133_136_SNP_N_GenomeWideSNP_6_E09_787452	1	235299384	240391740	3879	0.266
USAGE_p_TCGA_132_133_136_SNP_N_GenomeWideSNP_6_E09_787452	1	240394015	240394139	6	-1.0384
USAGE_p_TCGA_132_133_136_SNP_N_GenomeWideSNP_6_E09_787452	1	240396105	249224388	5936	0.2339
USAGE_p_TCGA_132_133_136_SNP_N_GenomeWideSNP_6_E09_787452	2	12784	3277794	2323	0.2086
USAGE_p_TCGA_132_133_136_SNP_N_GenomeWideSNP_6_E09_787452	2	3278151	3637541	164	-0.0287
USAGE_p_TCGA_132_133_136_SNP_N_GenomeWideSNP_6_E09_787452	2	3640980	4917809	1144	0.2658
USAGE_p_TCGA_132_133_136_SNP_N_GenomeWideSNP_6_E09_787452	2	4917897	4918142	7	-0.3371
USAGE_p_TCGA_132_133_136_SNP_N_GenomeWideSNP_6_E09_787452	2	4923866	6360617	1144	0.2349
USAGE_p_TCGA_132_133_136_SNP_N_GenomeWideSNP_6_E09_787452	2	6361101	6405061	58	-0.3955
USAGE_p_TCGA_132_133_136_SNP_N_GenomeWideSNP_6_E09_787452	2	6406740	9948475	2735	0.2561
USAGE_p_TCGA_132_133_136_SNP_N_GenomeWideSNP_6_E09_787452	2	9949576	9950371	3	-1.141
USAGE_p_TCGA_132_133_136_SNP_N_GenomeWideSNP_6_E09_787452	2	9953949	38954419	19793	0.2924
USAGE_p_TCGA_132_133_136_SNP_N_GenomeWideSNP_6_E09_787452	2	38954495	38968187	7	1.1246
USAGE_p_TCGA_132_133_136_SNP_N_GenomeWideSNP_6_E09_787452	2	38968497	42445808	2657	0.3075
USAGE_p_TCGA_132_133_136_SNP_N_GenomeWideSNP_6_E09_787452	2	42447357	42452613	6	-0.4445
USAGE_p_TCGA_132_133_136_SNP_N_GenomeWideSNP_6_E09_787452	2	42454185	44361101	1232	0.3113
USAGE_p_TCGA_132_133_136_SNP_N_GenomeWideSNP_6_E09_787452	2	44365780	44377762	8	0.7399
USAGE_p_TCGA_132_133_136_SNP_N_GenomeWideSNP_6_E09_787452	2	44378394	52764255	5957	0.2911
USAGE_p_TCGA_132_133_136_SNP_N_GenomeWideSNP_6_E09_787452	2	52764475	52781275	13	0.7482
USAGE_p_TCGA_132_133_136_SNP_N_GenomeWideSNP_6_E09_787452	2	52781295	85089414	20896	0.288
USAGE_p_TCGA_132_133_136_SNP_N_GenomeWideSNP_6_E09_787452	2	85091910	85139015	23	0.6259
USAGE_p_TCGA_132_133_136_SNP_N_GenomeWideSNP_6_E09_787452	2	85141618	86307128	670	0.2785
USAGE_p_TCGA_132_133_136_SNP_N_GenomeWideSNP_6_E09_787452	2	86307624	86317641	6	0.8615
USAGE_p_TCGA_132_133_136_SNP_N_GenomeWideSNP_6_E09_787452	2	86321093	86519676	147	0.2963
USAGE_p_TCGA_132_133_136_SNP_N_GenomeWideSNP_6_E09_787452	2	86523440	90274766	1324	-0.363
USAGE_p_TCGA_132_133_136_SNP_N_GenomeWideSNP_6_E09_787452	2	90301264	96127903	398	0.269
USAGE_p_TCGA_132_133_136_SNP_N_GenomeWideSNP_6_E09_787452	2	96148805	96159083	7	-0.4676
USAGE_p_TCGA_132_133_136_SNP_N_GenomeWideSNP_6_E09_787452	2	96159816	97873036	604	0.34
USAGE_p_TCGA_132_133_136_SNP_N_GenomeWideSNP_6_E09_787452	2	97873321	97886334	8	-0.2109
USAGE_p_TCGA_132_133_136_SNP_N_GenomeWideSNP_6_E09_787452	2	97898583	98025647	20	0.3582
USAGE_p_TCGA_132_133_136_SNP_N_GenomeWideSNP_6_E09_787452	2	98063372	105451873	4489	0.6493
USAGE_p_TCGA_132_133_136_SNP_N_GenomeWideSNP_6_E09_787452	2	105458002	106840321	1071	1.0364
USAGE_p_TCGA_132_133_136_SNP_N_GenomeWideSNP_6_E09_787452	2	106843016	106874722	33	0.7565
USAGE_p_TCGA_132_133_136_SNP_N_GenomeWideSNP_6_E09_787452	2	106880095	106885357	12	-0.1629
USAGE_p_TCGA_132_133_136_SNP_N_GenomeWideSNP_6_E09_787452	2	106887255	107106505	76	0.9905
USAGE_p_TCGA_132_133_136_SNP_N_GenomeWideSNP_6_E09_787452	2	107107799	107631726	382	0.6572
USAGE_p_TCGA_132_133_136_SNP_N_GenomeWideSNP_6_E09_787452	2	107640822	110321456	1596	0.057
USAGE_p_TCGA_132_133_136_SNP_N_GenomeWideSNP_6_E09_787452	2	110321947	110477250	59	0.6574
USAGE_p_TCGA_132_133_136_SNP_N_GenomeWideSNP_6_E09_787452	2	110501512	128975142	10910	0.0359
USAGE_p_TCGA_132_133_136_SNP_N_GenomeWideSNP_6_E09_787452	2	128978113	128979158	2	-0.8468
USAGE_p_TCGA_132_133_136_SNP_N_GenomeWideSNP_6_E09_787452	2	128986759	133038729	2058	-0.0073
USAGE_p_TCGA_132_133_136_SNP_N_GenomeWideSNP_6_E09_787452	2	133046772	133136760	40	0.3953
USAGE_p_TCGA_132_133_136_SNP_N_GenomeWideSNP_6_E09_787452	2	133140598	146865369	8850	0.0172
USAGE_p_TCGA_132_133_136_SNP_N_GenomeWideSNP_6_E09_787452	2	146865747	146866934	13	1.1021
USAGE_p_TCGA_132_133_136_SNP_N_GenomeWideSNP_6_E09_787452	2	146877806	190001129	26236	0.2556
USAGE_p_TCGA_132_133_136_SNP_N_GenomeWideSNP_6_E09_787452	2	190003161	190704198	423	0.7654
USAGE_p_TCGA_132_133_136_SNP_N_GenomeWideSNP_6_E09_787452	2	190708073	190944165	125	0.3195
USAGE_p_TCGA_132_133_136_SNP_N_GenomeWideSNP_6_E09_787452	2	190946600	190946886	2	1.3894
USAGE_p_TCGA_132_133_136_SNP_N_GenomeWideSNP_6_E09_787452	2	190948115	208350039	10216	0.2647
USAGE_p_TCGA_132_133_136_SNP_N_GenomeWideSNP_6_E09_787452	2	208350191	208360222	30	0.6081
USAGE_p_TCGA_132_133_136_SNP_N_GenomeWideSNP_6_E09_787452	2	208360268	208898544	284	0.2536
USAGE_p_TCGA_132_133_136_SNP_N_GenomeWideSNP_6_E09_787452	2	208901194	208901249	2	1.5638
USAGE_p_TCGA_132_133_136_SNP_N_GenomeWideSNP_6_E09_787452	2	208903820	215711631	4394	0.232
USAGE_p_TCGA_132_133_136_SNP_N_GenomeWideSNP_6_E09_787452	2	215715707	215716232	3	-0.7373
USAGE_p_TCGA_132_133_136_SNP_N_GenomeWideSNP_6_E09_787452	2	215718901	236416658	13477	0.2414
USAGE_p_TCGA_132_133_136_SNP_N_GenomeWideSNP_6_E09_787452	2	236416960	236577361	113	-0.152
USAGE_p_TCGA_132_133_136_SNP_N_GenomeWideSNP_6_E09_787452	2	236577952	241453792	3168	0.1828
USAGE_p_TCGA_132_133_136_SNP_N_GenomeWideSNP_6_E09_787452	2	241453879	241454195	4	0.886
USAGE_p_TCGA_132_133_136_SNP_N_GenomeWideSNP_6_E09_787452	2	241456233	243089456	706	0.1816
USAGE_p_TCGA_132_133_136_SNP_N_GenomeWideSNP_6_E09_787452	3	60345	62608	2	-0.1832
USAGE_p_TCGA_132_133_136_SNP_N_GenomeWideSNP_6_E09_787452	3	66023	2968640	2553	0.2876
USAGE_p_TCGA_132_133_136_SNP_N_GenomeWideSNP_6_E09_787452	3	2969059	2973039	5	-0.9761
USAGE_p_TCGA_132_133_136_SNP_N_GenomeWideSNP_6_E09_787452	3	2975082	26611649	17508	0.3289
USAGE_p_TCGA_132_133_136_SNP_N_GenomeWideSNP_6_E09_787452	3	26611667	26611885	4	-2.1971
USAGE_p_TCGA_132_133_136_SNP_N_GenomeWideSNP_6_E09_787452	3	26611898	26614984	15	-0.1228
USAGE_p_TCGA_132_133_136_SNP_N_GenomeWideSNP_6_E09_787452	3	26614985	37970318	7601	0.3776
USAGE_p_TCGA_132_133_136_SNP_N_GenomeWideSNP_6_E09_787452	3	37971090	37977417	7	-0.0986
USAGE_p_TCGA_132_133_136_SNP_N_GenomeWideSNP_6_E09_787452	3	37982108	37986928	18	-3.1271
USAGE_p_TCGA_132_133_136_SNP_N_GenomeWideSNP_6_E09_787452	3	37987106	71111542	21991	0.3553
USAGE_p_TCGA_132_133_136_SNP_N_GenomeWideSNP_6_E09_787452	3	71112250	71220660	77	0.0398
USAGE_p_TCGA_132_133_136_SNP_N_GenomeWideSNP_6_E09_787452	3	71223846	75568549	3045	0.3484
USAGE_p_TCGA_132_133_136_SNP_N_GenomeWideSNP_6_E09_787452	3	75572549	75596246	8	1.1002
USAGE_p_TCGA_132_133_136_SNP_N_GenomeWideSNP_6_E09_787452	3	75608639	78288270	1512	0.3531
USAGE_p_TCGA_132_133_136_SNP_N_GenomeWideSNP_6_E09_787452	3	78288555	95456106	7643	0.0931
USAGE_p_TCGA_132_133_136_SNP_N_GenomeWideSNP_6_E09_787452	3	95466880	95468110	2	-2.59
USAGE_p_TCGA_132_133_136_SNP_N_GenomeWideSNP_6_E09_787452	3	95468680	98944632	1862	0.0734
USAGE_p_TCGA_132_133_136_SNP_N_GenomeWideSNP_6_E09_787452	3	98944763	98949308	29	-0.6811
USAGE_p_TCGA_132_133_136_SNP_N_GenomeWideSNP_6_E09_787452	3	98949314	162524858	39120	0.101
USAGE_p_TCGA_132_133_136_SNP_N_GenomeWideSNP_6_E09_787452	3	162528630	162540490	10	-1.1079
USAGE_p_TCGA_132_133_136_SNP_N_GenomeWideSNP_6_E09_787452	3	162545716	162626572	49	-0.192
USAGE_p_TCGA_132_133_136_SNP_N_GenomeWideSNP_6_E09_787452	3	162626603	168791080	3487	0.1045
USAGE_p_TCGA_132_133_136_SNP_N_GenomeWideSNP_6_E09_787452	3	168797063	168952037	105	-0.2568
USAGE_p_TCGA_132_133_136_SNP_N_GenomeWideSNP_6_E09_787452	3	168955231	168966115	10	-0.9425
USAGE_p_TCGA_132_133_136_SNP_N_GenomeWideSNP_6_E09_787452	3	168967323	168977039	14	-0.338
USAGE_p_TCGA_132_133_136_SNP_N_GenomeWideSNP_6_E09_787452	3	168978855	191119818	14327	0.1102
USAGE_p_TCGA_132_133_136_SNP_N_GenomeWideSNP_6_E09_787452	3	191123499	191124018	2	-1.6171
USAGE_p_TCGA_132_133_136_SNP_N_GenomeWideSNP_6_E09_787452	3	191124077	192850845	1224	0.0874
USAGE_p_TCGA_132_133_136_SNP_N_GenomeWideSNP_6_E09_787452	3	192850865	192850904	2	-1.1823
USAGE_p_TCGA_132_133_136_SNP_N_GenomeWideSNP_6_E09_787452	3	192851363	192878045	34	0.0628
USAGE_p_TCGA_132_133_136_SNP_N_GenomeWideSNP_6_E09_787452	3	192878195	192882903	17	-1.0927
USAGE_p_TCGA_132_133_136_SNP_N_GenomeWideSNP_6_E09_787452	3	192886435	195455956	1522	0.1172
USAGE_p_TCGA_132_133_136_SNP_N_GenomeWideSNP_6_E09_787452	3	195456048	195474763	12	0.9939
USAGE_p_TCGA_132_133_136_SNP_N_GenomeWideSNP_6_E09_787452	3	195478694	197896118	1174	0.0926
USAGE_p_TCGA_132_133_136_SNP_N_GenomeWideSNP_6_E09_787452	4	12281	68821	59	0.0095
USAGE_p_TCGA_132_133_136_SNP_N_GenomeWideSNP_6_E09_787452	4	68911	6533061	3618	-0.4552
USAGE_p_TCGA_132_133_136_SNP_N_GenomeWideSNP_6_E09_787452	4	6535545	6544954	11	-1.3644
USAGE_p_TCGA_132_133_136_SNP_N_GenomeWideSNP_6_E09_787452	4	6547901	9456977	1553	-0.4564
USAGE_p_TCGA_132_133_136_SNP_N_GenomeWideSNP_6_E09_787452	4	9461230	9479345	9	0.7455
USAGE_p_TCGA_132_133_136_SNP_N_GenomeWideSNP_6_E09_787452	4	9486087	9858426	162	-0.3837
USAGE_p_TCGA_132_133_136_SNP_N_GenomeWideSNP_6_E09_787452	4	9859763	9864227	5	-1.3475
USAGE_p_TCGA_132_133_136_SNP_N_GenomeWideSNP_6_E09_787452	4	9865042	10223416	379	-0.4458
USAGE_p_TCGA_132_133_136_SNP_N_GenomeWideSNP_6_E09_787452	4	10223628	10235268	34	-1.5899
USAGE_p_TCGA_132_133_136_SNP_N_GenomeWideSNP_6_E09_787452	4	10236142	70123510	36912	-0.3822
USAGE_p_TCGA_132_133_136_SNP_N_GenomeWideSNP_6_E09_787452	4	70127644	70231799	54	-1.9062
USAGE_p_TCGA_132_133_136_SNP_N_GenomeWideSNP_6_E09_787452	4	70232022	104475534	20876	-0.3442
USAGE_p_TCGA_132_133_136_SNP_N_GenomeWideSNP_6_E09_787452	4	104485003	104503936	20	-1.1012
USAGE_p_TCGA_132_133_136_SNP_N_GenomeWideSNP_6_E09_787452	4	104506178	144717452	24175	-0.3517
USAGE_p_TCGA_132_133_136_SNP_N_GenomeWideSNP_6_E09_787452	4	144717706	144740879	22	-0.0447
USAGE_p_TCGA_132_133_136_SNP_N_GenomeWideSNP_6_E09_787452	4	144741057	144803370	26	-0.2654
USAGE_p_TCGA_132_133_136_SNP_N_GenomeWideSNP_6_E09_787452	4	144803576	144920317	59	0.1425
USAGE_p_TCGA_132_133_136_SNP_N_GenomeWideSNP_6_E09_787452	4	144920574	161871883	10251	-0.3506
USAGE_p_TCGA_132_133_136_SNP_N_GenomeWideSNP_6_E09_787452	4	161873606	161884908	31	0.0145
USAGE_p_TCGA_132_133_136_SNP_N_GenomeWideSNP_6_E09_787452	4	161884919	166552614	3055	-0.3908
USAGE_p_TCGA_132_133_136_SNP_N_GenomeWideSNP_6_E09_787452	4	166552698	166553356	2	-2.5056
USAGE_p_TCGA_132_133_136_SNP_N_GenomeWideSNP_6_E09_787452	4	166553395	172369346	3617	-0.354
USAGE_p_TCGA_132_133_136_SNP_N_GenomeWideSNP_6_E09_787452	4	172374884	172377710	10	1.933
USAGE_p_TCGA_132_133_136_SNP_N_GenomeWideSNP_6_E09_787452	4	172377724	173422522	640	-0.3832
USAGE_p_TCGA_132_133_136_SNP_N_GenomeWideSNP_6_E09_787452	4	173424947	173428643	7	0.8592
USAGE_p_TCGA_132_133_136_SNP_N_GenomeWideSNP_6_E09_787452	4	173441132	189871007	11252	-0.4015
USAGE_p_TCGA_132_133_136_SNP_N_GenomeWideSNP_6_E09_787452	4	189872329	189872793	2	-3.1484
USAGE_p_TCGA_132_133_136_SNP_N_GenomeWideSNP_6_E09_787452	4	189872850	191027923	632	-0.4766
USAGE_p_TCGA_132_133_136_SNP_N_GenomeWideSNP_6_E09_787452	5	15532	685748	307	0.1091
USAGE_p_TCGA_132_133_136_SNP_N_GenomeWideSNP_6_E09_787452	5	698371	833628	58	0.6434
USAGE_p_TCGA_132_133_136_SNP_N_GenomeWideSNP_6_E09_787452	5	852566	12800889	9863	0.0823
USAGE_p_TCGA_132_133_136_SNP_N_GenomeWideSNP_6_E09_787452	5	12815780	12826650	11	-0.9612
USAGE_p_TCGA_132_133_136_SNP_N_GenomeWideSNP_6_E09_787452	5	12833857	14155705	869	0.1219
USAGE_p_TCGA_132_133_136_SNP_N_GenomeWideSNP_6_E09_787452	5	14156018	14233096	91	-0.8863
USAGE_p_TCGA_132_133_136_SNP_N_GenomeWideSNP_6_E09_787452	5	14237794	46191884	19603	0.1171
USAGE_p_TCGA_132_133_136_SNP_N_GenomeWideSNP_6_E09_787452	5	46195883	46199435	4	-1.025
USAGE_p_TCGA_132_133_136_SNP_N_GenomeWideSNP_6_E09_787452	5	46209299	46251306	13	0.1032
USAGE_p_TCGA_132_133_136_SNP_N_GenomeWideSNP_6_E09_787452	5	46271008	46273502	8	1.0165
USAGE_p_TCGA_132_133_136_SNP_N_GenomeWideSNP_6_E09_787452	5	46278212	53173005	2213	0.1322
USAGE_p_TCGA_132_133_136_SNP_N_GenomeWideSNP_6_E09_787452	5	53176232	57321646	2852	-0.9216
USAGE_p_TCGA_132_133_136_SNP_N_GenomeWideSNP_6_E09_787452	5	57326027	57333533	32	-0.211
USAGE_p_TCGA_132_133_136_SNP_N_GenomeWideSNP_6_E09_787452	5	57338357	68829347	7273	-0.8967
USAGE_p_TCGA_132_133_136_SNP_N_GenomeWideSNP_6_E09_787452	5	68846303	70306659	20	-0.2322
USAGE_p_TCGA_132_133_136_SNP_N_GenomeWideSNP_6_E09_787452	5	70306728	76615206	3983	-0.9253
USAGE_p_TCGA_132_133_136_SNP_N_GenomeWideSNP_6_E09_787452	5	76615206	76617943	5	-3.1918
USAGE_p_TCGA_132_133_136_SNP_N_GenomeWideSNP_6_E09_787452	5	76619934	79550690	1809	-0.9293
USAGE_p_TCGA_132_133_136_SNP_N_GenomeWideSNP_6_E09_787452	5	79556060	86579618	4082	0.0909
USAGE_p_TCGA_132_133_136_SNP_N_GenomeWideSNP_6_E09_787452	5	86585350	86586494	3	-0.7741
USAGE_p_TCGA_132_133_136_SNP_N_GenomeWideSNP_6_E09_787452	5	86593710	98102303	6319	0.1023
USAGE_p_TCGA_132_133_136_SNP_N_GenomeWideSNP_6_E09_787452	5	98107141	98753247	357	0.7195
USAGE_p_TCGA_132_133_136_SNP_N_GenomeWideSNP_6_E09_787452	5	98753411	103851221	2963	0.0976
USAGE_p_TCGA_132_133_136_SNP_N_GenomeWideSNP_6_E09_787452	5	103860373	103860604	4	-0.9846
USAGE_p_TCGA_132_133_136_SNP_N_GenomeWideSNP_6_E09_787452	5	103861049	116390646	8708	0.0677
USAGE_p_TCGA_132_133_136_SNP_N_GenomeWideSNP_6_E09_787452	5	116393319	116393510	2	-1.0682
USAGE_p_TCGA_132_133_136_SNP_N_GenomeWideSNP_6_E09_787452	5	116394096	144955554	17604	0.0984
USAGE_p_TCGA_132_133_136_SNP_N_GenomeWideSNP_6_E09_787452	5	144956328	144960666	6	-0.9257
USAGE_p_TCGA_132_133_136_SNP_N_GenomeWideSNP_6_E09_787452	5	144965099	151514171	4495	0.0939
USAGE_p_TCGA_132_133_136_SNP_N_GenomeWideSNP_6_E09_787452	5	151515386	151518351	14	-0.792
USAGE_p_TCGA_132_133_136_SNP_N_GenomeWideSNP_6_E09_787452	5	151520271	155475105	2662	0.0705
USAGE_p_TCGA_132_133_136_SNP_N_GenomeWideSNP_6_E09_787452	5	155476772	155482729	14	-0.6412
USAGE_p_TCGA_132_133_136_SNP_N_GenomeWideSNP_6_E09_787452	5	155495250	165766327	6822	0.0855
USAGE_p_TCGA_132_133_136_SNP_N_GenomeWideSNP_6_E09_787452	5	165767374	165779913	18	-1.4025
USAGE_p_TCGA_132_133_136_SNP_N_GenomeWideSNP_6_E09_787452	5	165780371	177198449	7994	0.0705
USAGE_p_TCGA_132_133_136_SNP_N_GenomeWideSNP_6_E09_787452	5	177227551	177228579	2	2.7788
USAGE_p_TCGA_132_133_136_SNP_N_GenomeWideSNP_6_E09_787452	5	177232605	177377648	16	0.4818
USAGE_p_TCGA_132_133_136_SNP_N_GenomeWideSNP_6_E09_787452	5	177379490	180790320	1987	0.0295
USAGE_p_TCGA_132_133_136_SNP_N_GenomeWideSNP_6_E09_787452	6	149661	157084	8	0.024
USAGE_p_TCGA_132_133_136_SNP_N_GenomeWideSNP_6_E09_787452	6	157371	19230671	14946	0.3933
USAGE_p_TCGA_132_133_136_SNP_N_GenomeWideSNP_6_E09_787452	6	19234773	19235087	2	-1.033
USAGE_p_TCGA_132_133_136_SNP_N_GenomeWideSNP_6_E09_787452	6	19236028	23057637	2793	0.4057
USAGE_p_TCGA_132_133_136_SNP_N_GenomeWideSNP_6_E09_787452	6	23060991	23068426	8	-0.3296
USAGE_p_TCGA_132_133_136_SNP_N_GenomeWideSNP_6_E09_787452	6	23074155	29836741	4001	0.3704
USAGE_p_TCGA_132_133_136_SNP_N_GenomeWideSNP_6_E09_787452	6	29837072	29837524	7	-0.3733
USAGE_p_TCGA_132_133_136_SNP_N_GenomeWideSNP_6_E09_787452	6	29840951	29843434	3	0.5245
USAGE_p_TCGA_132_133_136_SNP_N_GenomeWideSNP_6_E09_787452	6	29844034	29850196	8	-1.1511
USAGE_p_TCGA_132_133_136_SNP_N_GenomeWideSNP_6_E09_787452	6	29850274	29918587	35	0.4114
USAGE_p_TCGA_132_133_136_SNP_N_GenomeWideSNP_6_E09_787452	6	29921074	29921127	2	2.155
USAGE_p_TCGA_132_133_136_SNP_N_GenomeWideSNP_6_E09_787452	6	29921223	31280823	634	0.3771
USAGE_p_TCGA_132_133_136_SNP_N_GenomeWideSNP_6_E09_787452	6	31286276	31295953	8	-1.0825
USAGE_p_TCGA_132_133_136_SNP_N_GenomeWideSNP_6_E09_787452	6	31295987	32622194	573	0.3999
USAGE_p_TCGA_132_133_136_SNP_N_GenomeWideSNP_6_E09_787452	6	32624304	32626618	6	-0.7804
USAGE_p_TCGA_132_133_136_SNP_N_GenomeWideSNP_6_E09_787452	6	32650612	32685550	35	0.3565
USAGE_p_TCGA_132_133_136_SNP_N_GenomeWideSNP_6_E09_787452	6	32685865	32700848	17	0.804
USAGE_p_TCGA_132_133_136_SNP_N_GenomeWideSNP_6_E09_787452	6	32703021	34402763	1001	0.3474
USAGE_p_TCGA_132_133_136_SNP_N_GenomeWideSNP_6_E09_787452	6	34403115	34403234	2	-1.4522
USAGE_p_TCGA_132_133_136_SNP_N_GenomeWideSNP_6_E09_787452	6	34411520	53931275	12695	0.4003
USAGE_p_TCGA_132_133_136_SNP_N_GenomeWideSNP_6_E09_787452	6	53931380	53931855	4	-1.6807
USAGE_p_TCGA_132_133_136_SNP_N_GenomeWideSNP_6_E09_787452	6	53935348	57308995	2015	0.4549
USAGE_p_TCGA_132_133_136_SNP_N_GenomeWideSNP_6_E09_787452	6	57309659	58140300	313	0.0671
USAGE_p_TCGA_132_133_136_SNP_N_GenomeWideSNP_6_E09_787452	6	58140442	58741497	244	0.3779
USAGE_p_TCGA_132_133_136_SNP_N_GenomeWideSNP_6_E09_787452	6	58742442	74591858	7952	0.0683
USAGE_p_TCGA_132_133_136_SNP_N_GenomeWideSNP_6_E09_787452	6	74592225	74601410	10	1.0121
USAGE_p_TCGA_132_133_136_SNP_N_GenomeWideSNP_6_E09_787452	6	74603555	77016900	1473	0.0878
USAGE_p_TCGA_132_133_136_SNP_N_GenomeWideSNP_6_E09_787452	6	77016911	77016926	2	1.3138
USAGE_p_TCGA_132_133_136_SNP_N_GenomeWideSNP_6_E09_787452	6	77016993	77436159	295	0.0913
USAGE_p_TCGA_132_133_136_SNP_N_GenomeWideSNP_6_E09_787452	6	77436532	77467931	24	-0.3663
USAGE_p_TCGA_132_133_136_SNP_N_GenomeWideSNP_6_E09_787452	6	77468466	78969065	979	0.0585
USAGE_p_TCGA_132_133_136_SNP_N_GenomeWideSNP_6_E09_787452	6	78969105	79035185	112	0.3904
USAGE_p_TCGA_132_133_136_SNP_N_GenomeWideSNP_6_E09_787452	6	79039234	103734829	15494	0.0704
USAGE_p_TCGA_132_133_136_SNP_N_GenomeWideSNP_6_E09_787452	6	103737976	103762061	46	0.622
USAGE_p_TCGA_132_133_136_SNP_N_GenomeWideSNP_6_E09_787452	6	103765470	141815136	23988	0.0805
USAGE_p_TCGA_132_133_136_SNP_N_GenomeWideSNP_6_E09_787452	6	141816664	141857651	28	-0.4995
USAGE_p_TCGA_132_133_136_SNP_N_GenomeWideSNP_6_E09_787452	6	141861645	171051005	20256	0.0528
USAGE_p_TCGA_132_133_136_SNP_N_GenomeWideSNP_6_E09_787452	7	43355	20268584	14429	0.4375
USAGE_p_TCGA_132_133_136_SNP_N_GenomeWideSNP_6_E09_787452	7	20271988	20274504	5	-0.1741
USAGE_p_TCGA_132_133_136_SNP_N_GenomeWideSNP_6_E09_787452	7	20276994	39077397	13669	0.3982
USAGE_p_TCGA_132_133_136_SNP_N_GenomeWideSNP_6_E09_787452	7	39077405	39079600	3	-1.2557
USAGE_p_TCGA_132_133_136_SNP_N_GenomeWideSNP_6_E09_787452	7	39081494	54386505	10483	0.3897
USAGE_p_TCGA_132_133_136_SNP_N_GenomeWideSNP_6_E09_787452	7	54386509	54386517	5	1.2658
USAGE_p_TCGA_132_133_136_SNP_N_GenomeWideSNP_6_E09_787452	7	54393488	56966670	1629	0.3725
USAGE_p_TCGA_132_133_136_SNP_N_GenomeWideSNP_6_E09_787452	7	56967029	57084132	6	-0.4533
USAGE_p_TCGA_132_133_136_SNP_N_GenomeWideSNP_6_E09_787452	7	57116468	70420438	4665	0.0564
USAGE_p_TCGA_132_133_136_SNP_N_GenomeWideSNP_6_E09_787452	7	70423250	70426141	2	-1.7169
USAGE_p_TCGA_132_133_136_SNP_N_GenomeWideSNP_6_E09_787452	7	70428243	71047259	436	0.0309
USAGE_p_TCGA_132_133_136_SNP_N_GenomeWideSNP_6_E09_787452	7	71052041	71307634	178	0.3599
USAGE_p_TCGA_132_133_136_SNP_N_GenomeWideSNP_6_E09_787452	7	71314063	73232434	779	0.0469
USAGE_p_TCGA_132_133_136_SNP_N_GenomeWideSNP_6_E09_787452	7	73240941	73267584	14	0.5625
USAGE_p_TCGA_132_133_136_SNP_N_GenomeWideSNP_6_E09_787452	7	73269937	97609419	14583	0.0839
USAGE_p_TCGA_132_133_136_SNP_N_GenomeWideSNP_6_E09_787452	7	97611341	97612048	3	-1.902
USAGE_p_TCGA_132_133_136_SNP_N_GenomeWideSNP_6_E09_787452	7	97613771	100325189	1177	0.0469
USAGE_p_TCGA_132_133_136_SNP_N_GenomeWideSNP_6_E09_787452	7	100329244	100332842	3	-1.3439
USAGE_p_TCGA_132_133_136_SNP_N_GenomeWideSNP_6_E09_787452	7	100351005	102102164	764	0.0238
USAGE_p_TCGA_132_133_136_SNP_N_GenomeWideSNP_6_E09_787452	7	102235712	102317109	8	0.86
USAGE_p_TCGA_132_133_136_SNP_N_GenomeWideSNP_6_E09_787452	7	102335787	104644403	1510	0.0906
USAGE_p_TCGA_132_133_136_SNP_N_GenomeWideSNP_6_E09_787452	7	104659913	104773378	65	-0.1821
USAGE_p_TCGA_132_133_136_SNP_N_GenomeWideSNP_6_E09_787452	7	104779538	105153242	174	0.0735
USAGE_p_TCGA_132_133_136_SNP_N_GenomeWideSNP_6_E09_787452	7	105153512	105166520	6	-0.6449
USAGE_p_TCGA_132_133_136_SNP_N_GenomeWideSNP_6_E09_787452	7	105166776	109437092	2823	0.0808
USAGE_p_TCGA_132_133_136_SNP_N_GenomeWideSNP_6_E09_787452	7	109437093	109437099	5	0.8323
USAGE_p_TCGA_132_133_136_SNP_N_GenomeWideSNP_6_E09_787452	7	109437100	118608516	5634	0.0857
USAGE_p_TCGA_132_133_136_SNP_N_GenomeWideSNP_6_E09_787452	7	118610099	118610533	2	1.3439
USAGE_p_TCGA_132_133_136_SNP_N_GenomeWideSNP_6_E09_787452	7	118610558	141770260	14402	0.0565
USAGE_p_TCGA_132_133_136_SNP_N_GenomeWideSNP_6_E09_787452	7	141770369	141787899	27	-0.4555
USAGE_p_TCGA_132_133_136_SNP_N_GenomeWideSNP_6_E09_787452	7	141787973	142168798	258	0.0622
USAGE_p_TCGA_132_133_136_SNP_N_GenomeWideSNP_6_E09_787452	7	142171965	142173839	3	-0.7173
USAGE_p_TCGA_132_133_136_SNP_N_GenomeWideSNP_6_E09_787452	7	142174154	142474939	197	0.1239
USAGE_p_TCGA_132_133_136_SNP_N_GenomeWideSNP_6_E09_787452	7	142476719	142486345	29	0.8621
USAGE_p_TCGA_132_133_136_SNP_N_GenomeWideSNP_6_E09_787452	7	142486495	143873952	835	0.0443
USAGE_p_TCGA_132_133_136_SNP_N_GenomeWideSNP_6_E09_787452	7	143896252	144066947	44	-0.4697
USAGE_p_TCGA_132_133_136_SNP_N_GenomeWideSNP_6_E09_787452	7	144074929	157983353	8984	0.0358
USAGE_p_TCGA_132_133_136_SNP_N_GenomeWideSNP_6_E09_787452	7	157984240	158117595	73	-0.579
USAGE_p_TCGA_132_133_136_SNP_N_GenomeWideSNP_6_E09_787452	7	158128588	159127004	640	0.0427
USAGE_p_TCGA_132_133_136_SNP_N_GenomeWideSNP_6_E09_787452	8	31254	158062	5	-0.1351
USAGE_p_TCGA_132_133_136_SNP_N_GenomeWideSNP_6_E09_787452	8	162672	550166	285	-1.2388
USAGE_p_TCGA_132_133_136_SNP_N_GenomeWideSNP_6_E09_787452	8	550170	551687	3	-6.2034
USAGE_p_TCGA_132_133_136_SNP_N_GenomeWideSNP_6_E09_787452	8	551795	3393650	2527	-1.2098
USAGE_p_TCGA_132_133_136_SNP_N_GenomeWideSNP_6_E09_787452	8	3393739	3403501	10	-2.8135
USAGE_p_TCGA_132_133_136_SNP_N_GenomeWideSNP_6_E09_787452	8	3405578	5424431	2949	-1.1771
USAGE_p_TCGA_132_133_136_SNP_N_GenomeWideSNP_6_E09_787452	8	5424474	5426256	6	-4.2624
USAGE_p_TCGA_132_133_136_SNP_N_GenomeWideSNP_6_E09_787452	8	5426269	6817024	1826	-1.2168
USAGE_p_TCGA_132_133_136_SNP_N_GenomeWideSNP_6_E09_787452	8	6817183	7225368	148	-0.8876
USAGE_p_TCGA_132_133_136_SNP_N_GenomeWideSNP_6_E09_787452	8	7226303	7798851	152	-1.5724
USAGE_p_TCGA_132_133_136_SNP_N_GenomeWideSNP_6_E09_787452	8	7799390	8093182	72	-0.6452
USAGE_p_TCGA_132_133_136_SNP_N_GenomeWideSNP_6_E09_787452	8	8094763	9048104	875	-1.0946
USAGE_p_TCGA_132_133_136_SNP_N_GenomeWideSNP_6_E09_787452	8	9053914	9067827	48	-0.8223
USAGE_p_TCGA_132_133_136_SNP_N_GenomeWideSNP_6_E09_787452	8	9067942	11843758	2248	-1.2355
USAGE_p_TCGA_132_133_136_SNP_N_GenomeWideSNP_6_E09_787452	8	11845123	12588185	184	-0.7673
USAGE_p_TCGA_132_133_136_SNP_N_GenomeWideSNP_6_E09_787452	8	12588283	39230659	19252	-1.1141
USAGE_p_TCGA_132_133_136_SNP_N_GenomeWideSNP_6_E09_787452	8	39235603	39395857	66	-0.27
USAGE_p_TCGA_132_133_136_SNP_N_GenomeWideSNP_6_E09_787452	8	39397015	40933426	1152	-1.1006
USAGE_p_TCGA_132_133_136_SNP_N_GenomeWideSNP_6_E09_787452	8	40933986	41275971	214	1.275
USAGE_p_TCGA_132_133_136_SNP_N_GenomeWideSNP_6_E09_787452	8	41276230	42292887	695	0.6007
USAGE_p_TCGA_132_133_136_SNP_N_GenomeWideSNP_6_E09_787452	8	42292952	42425399	52	0.0761
USAGE_p_TCGA_132_133_136_SNP_N_GenomeWideSNP_6_E09_787452	8	42429147	42448985	13	0.5993
USAGE_p_TCGA_132_133_136_SNP_N_GenomeWideSNP_6_E09_787452	8	42451526	58115275	7054	0.0474
USAGE_p_TCGA_132_133_136_SNP_N_GenomeWideSNP_6_E09_787452	8	58116550	58130025	5	-1.4286
USAGE_p_TCGA_132_133_136_SNP_N_GenomeWideSNP_6_E09_787452	8	58132798	60041978	1414	0.008
USAGE_p_TCGA_132_133_136_SNP_N_GenomeWideSNP_6_E09_787452	8	60042010	60043130	5	-0.7562
USAGE_p_TCGA_132_133_136_SNP_N_GenomeWideSNP_6_E09_787452	8	60047852	71606023	6937	0.0567
USAGE_p_TCGA_132_133_136_SNP_N_GenomeWideSNP_6_E09_787452	8	71607196	71614675	2	-0.8377
USAGE_p_TCGA_132_133_136_SNP_N_GenomeWideSNP_6_E09_787452	8	71616982	95557552	14214	0.0644
USAGE_p_TCGA_132_133_136_SNP_N_GenomeWideSNP_6_E09_787452	8	95557602	95557992	6	1.2547
USAGE_p_TCGA_132_133_136_SNP_N_GenomeWideSNP_6_E09_787452	8	95558115	98516782	2066	0.0456
USAGE_p_TCGA_132_133_136_SNP_N_GenomeWideSNP_6_E09_787452	8	98523181	98524688	2	-0.8468
USAGE_p_TCGA_132_133_136_SNP_N_GenomeWideSNP_6_E09_787452	8	98524830	107470320	5325	0.0577
USAGE_p_TCGA_132_133_136_SNP_N_GenomeWideSNP_6_E09_787452	8	107470480	107470946	2	-1.1232
USAGE_p_TCGA_132_133_136_SNP_N_GenomeWideSNP_6_E09_787452	8	107472728	112294466	2897	0.059
USAGE_p_TCGA_132_133_136_SNP_N_GenomeWideSNP_6_E09_787452	8	112294646	112295260	7	-0.6851
USAGE_p_TCGA_132_133_136_SNP_N_GenomeWideSNP_6_E09_787452	8	112300281	117698177	3142	0.0388
USAGE_p_TCGA_132_133_136_SNP_N_GenomeWideSNP_6_E09_787452	8	117706218	117873811	107	-0.3844
USAGE_p_TCGA_132_133_136_SNP_N_GenomeWideSNP_6_E09_787452	8	117881681	126065755	5678	0.0815
USAGE_p_TCGA_132_133_136_SNP_N_GenomeWideSNP_6_E09_787452	8	126066317	126070284	2	-1.5411
USAGE_p_TCGA_132_133_136_SNP_N_GenomeWideSNP_6_E09_787452	8	126070365	128844462	2035	0.0648
USAGE_p_TCGA_132_133_136_SNP_N_GenomeWideSNP_6_E09_787452	8	128844721	128856908	8	-1.1547
USAGE_p_TCGA_132_133_136_SNP_N_GenomeWideSNP_6_E09_787452	8	128858552	137677896	6795	0.0211
USAGE_p_TCGA_132_133_136_SNP_N_GenomeWideSNP_6_E09_787452	8	137681619	137862195	174	-0.6476
USAGE_p_TCGA_132_133_136_SNP_N_GenomeWideSNP_6_E09_787452	8	137862416	140602616	2339	0.0303
USAGE_p_TCGA_132_133_136_SNP_N_GenomeWideSNP_6_E09_787452	8	140603502	140605715	7	0.713
USAGE_p_TCGA_132_133_136_SNP_N_GenomeWideSNP_6_E09_787452	8	140607031	141916614	791	0.0325
USAGE_p_TCGA_132_133_136_SNP_N_GenomeWideSNP_6_E09_787452	8	141916932	141962642	21	0.3601
USAGE_p_TCGA_132_133_136_SNP_N_GenomeWideSNP_6_E09_787452	8	141966711	142859608	534	-0.0312
USAGE_p_TCGA_132_133_136_SNP_N_GenomeWideSNP_6_E09_787452	8	142860128	145063665	902	0.2931
USAGE_p_TCGA_132_133_136_SNP_N_GenomeWideSNP_6_E09_787452	8	145067873	145178055	44	0.7325
USAGE_p_TCGA_132_133_136_SNP_N_GenomeWideSNP_6_E09_787452	8	145210093	145647743	87	0.3557
USAGE_p_TCGA_132_133_136_SNP_N_GenomeWideSNP_6_E09_787452	8	145653006	145683143	14	0.0301
USAGE_p_TCGA_132_133_136_SNP_N_GenomeWideSNP_6_E09_787452	8	145683512	146298155	267	0.3595
USAGE_p_TCGA_132_133_136_SNP_N_GenomeWideSNP_6_E09_787452	9	46587	672786	657	0.4026
USAGE_p_TCGA_132_133_136_SNP_N_GenomeWideSNP_6_E09_787452	9	672895	673512	5	-0.9414
USAGE_p_TCGA_132_133_136_SNP_N_GenomeWideSNP_6_E09_787452	9	676055	678837	16	0.2321
USAGE_p_TCGA_132_133_136_SNP_N_GenomeWideSNP_6_E09_787452	9	678845	678852	2	-1.5473
USAGE_p_TCGA_132_133_136_SNP_N_GenomeWideSNP_6_E09_787452	9	685819	5079156	4577	0.3821
USAGE_p_TCGA_132_133_136_SNP_N_GenomeWideSNP_6_E09_787452	9	5081416	5081953	10	-0.1375
USAGE_p_TCGA_132_133_136_SNP_N_GenomeWideSNP_6_E09_787452	9	5082995	5302634	174	0.3621
USAGE_p_TCGA_132_133_136_SNP_N_GenomeWideSNP_6_E09_787452	9	5302749	5337707	14	1.0447
USAGE_p_TCGA_132_133_136_SNP_N_GenomeWideSNP_6_E09_787452	9	5340984	16911091	9897	0.4203
USAGE_p_TCGA_132_133_136_SNP_N_GenomeWideSNP_6_E09_787452	9	16911777	16911835	3	-0.3821
USAGE_p_TCGA_132_133_136_SNP_N_GenomeWideSNP_6_E09_787452	9	16911849	22492889	4541	0.4299
USAGE_p_TCGA_132_133_136_SNP_N_GenomeWideSNP_6_E09_787452	9	22501913	22502699	2	1.7177
USAGE_p_TCGA_132_133_136_SNP_N_GenomeWideSNP_6_E09_787452	9	22509340	23084319	393	0.4139
USAGE_p_TCGA_132_133_136_SNP_N_GenomeWideSNP_6_E09_787452	9	23084545	23092415	5	-0.2918
USAGE_p_TCGA_132_133_136_SNP_N_GenomeWideSNP_6_E09_787452	9	23093297	23361805	183	0.402
USAGE_p_TCGA_132_133_136_SNP_N_GenomeWideSNP_6_E09_787452	9	23363115	23373484	8	-2.4421
USAGE_p_TCGA_132_133_136_SNP_N_GenomeWideSNP_6_E09_787452	9	23378488	27152308	2704	0.3981
USAGE_p_TCGA_132_133_136_SNP_N_GenomeWideSNP_6_E09_787452	9	27152682	27185101	36	0.6877
USAGE_p_TCGA_132_133_136_SNP_N_GenomeWideSNP_6_E09_787452	9	27187216	44629223	8276	0.3789
USAGE_p_TCGA_132_133_136_SNP_N_GenomeWideSNP_6_E09_787452	9	44727859	44837527	34	0.8905
USAGE_p_TCGA_132_133_136_SNP_N_GenomeWideSNP_6_E09_787452	9	44840918	69615628	305	0.2406
USAGE_p_TCGA_132_133_136_SNP_N_GenomeWideSNP_6_E09_787452	9	69630339	69966492	61	0.5086
USAGE_p_TCGA_132_133_136_SNP_N_GenomeWideSNP_6_E09_787452	9	69966833	69977840	7	0.8473
USAGE_p_TCGA_132_133_136_SNP_N_GenomeWideSNP_6_E09_787452	9	69977957	104880686	23729	0.392
USAGE_p_TCGA_132_133_136_SNP_N_GenomeWideSNP_6_E09_787452	9	104880945	104882213	3	-0.9922
USAGE_p_TCGA_132_133_136_SNP_N_GenomeWideSNP_6_E09_787452	9	104882287	113137400	6366	0.4065
USAGE_p_TCGA_132_133_136_SNP_N_GenomeWideSNP_6_E09_787452	9	113138459	113138477	2	-0.8835
USAGE_p_TCGA_132_133_136_SNP_N_GenomeWideSNP_6_E09_787452	9	113138512	115777153	1902	0.4115
USAGE_p_TCGA_132_133_136_SNP_N_GenomeWideSNP_6_E09_787452	9	115778270	115781317	5	-0.6248
USAGE_p_TCGA_132_133_136_SNP_N_GenomeWideSNP_6_E09_787452	9	115787041	138211368	14942	0.3675
USAGE_p_TCGA_132_133_136_SNP_N_GenomeWideSNP_6_E09_787452	9	138214105	138216412	3	1.433
USAGE_p_TCGA_132_133_136_SNP_N_GenomeWideSNP_6_E09_787452	9	138217797	141091394	1114	0.3501
USAGE_p_TCGA_132_133_136_SNP_N_GenomeWideSNP_6_E09_787452	10	72759	4287070	3582	-0.2843
USAGE_p_TCGA_132_133_136_SNP_N_GenomeWideSNP_6_E09_787452	10	4290814	4291016	4	0.863
USAGE_p_TCGA_132_133_136_SNP_N_GenomeWideSNP_6_E09_787452	10	4294071	6210312	1634	-0.2274
USAGE_p_TCGA_132_133_136_SNP_N_GenomeWideSNP_6_E09_787452	10	6210357	6211708	3	-2.1555
USAGE_p_TCGA_132_133_136_SNP_N_GenomeWideSNP_6_E09_787452	10	6211878	18173963	9670	-0.2887
USAGE_p_TCGA_132_133_136_SNP_N_GenomeWideSNP_6_E09_787452	10	18185123	18199813	3	-1.8017
USAGE_p_TCGA_132_133_136_SNP_N_GenomeWideSNP_6_E09_787452	10	18223647	24377674	4342	-0.2609
USAGE_p_TCGA_132_133_136_SNP_N_GenomeWideSNP_6_E09_787452	10	24377675	24378054	10	-2.0291
USAGE_p_TCGA_132_133_136_SNP_N_GenomeWideSNP_6_E09_787452	10	24378908	24696684	261	-0.2386
USAGE_p_TCGA_132_133_136_SNP_N_GenomeWideSNP_6_E09_787452	10	24697999	24698015	2	-1.4831
USAGE_p_TCGA_132_133_136_SNP_N_GenomeWideSNP_6_E09_787452	10	24700447	30282715	4064	-0.2565
USAGE_p_TCGA_132_133_136_SNP_N_GenomeWideSNP_6_E09_787452	10	30285671	30285705	2	-1.5536
USAGE_p_TCGA_132_133_136_SNP_N_GenomeWideSNP_6_E09_787452	10	30285827	32940392	1781	-0.2603
USAGE_p_TCGA_132_133_136_SNP_N_GenomeWideSNP_6_E09_787452	10	32940978	32972629	61	0.0417
USAGE_p_TCGA_132_133_136_SNP_N_GenomeWideSNP_6_E09_787452	10	32974700	36479909	2353	-0.2573
USAGE_p_TCGA_132_133_136_SNP_N_GenomeWideSNP_6_E09_787452	10	36481589	36481844	3	-1.4301
USAGE_p_TCGA_132_133_136_SNP_N_GenomeWideSNP_6_E09_787452	10	36484061	42639555	1429	-0.2457
USAGE_p_TCGA_132_133_136_SNP_N_GenomeWideSNP_6_E09_787452	10	42650389	42652785	2	-1.9105
USAGE_p_TCGA_132_133_136_SNP_N_GenomeWideSNP_6_E09_787452	10	42654802	45325481	1838	-0.2198
USAGE_p_TCGA_132_133_136_SNP_N_GenomeWideSNP_6_E09_787452	10	45326072	45329965	4	-1.0052
USAGE_p_TCGA_132_133_136_SNP_N_GenomeWideSNP_6_E09_787452	10	45330020	49082219	1201	-0.0295
USAGE_p_TCGA_132_133_136_SNP_N_GenomeWideSNP_6_E09_787452	10	49082570	49270978	7	-1.447
USAGE_p_TCGA_132_133_136_SNP_N_GenomeWideSNP_6_E09_787452	10	49287591	49731201	265	-0.232
USAGE_p_TCGA_132_133_136_SNP_N_GenomeWideSNP_6_E09_787452	10	49732975	49732988	2	-2.0147
USAGE_p_TCGA_132_133_136_SNP_N_GenomeWideSNP_6_E09_787452	10	49733261	51000594	1041	-0.2319
USAGE_p_TCGA_132_133_136_SNP_N_GenomeWideSNP_6_E09_787452	10	51004136	51010898	5	-1.2749
USAGE_p_TCGA_132_133_136_SNP_N_GenomeWideSNP_6_E09_787452	10	51015042	51840984	141	-0.0845
USAGE_p_TCGA_132_133_136_SNP_N_GenomeWideSNP_6_E09_787452	10	51857219	51903768	4	0.756
USAGE_p_TCGA_132_133_136_SNP_N_GenomeWideSNP_6_E09_787452	10	51910598	81293615	20275	-0.3497
USAGE_p_TCGA_132_133_136_SNP_N_GenomeWideSNP_6_E09_787452	10	81336695	81674879	60	-0.0999
USAGE_p_TCGA_132_133_136_SNP_N_GenomeWideSNP_6_E09_787452	10	81683837	84942224	2406	-0.3727
USAGE_p_TCGA_132_133_136_SNP_N_GenomeWideSNP_6_E09_787452	10	84947146	84947722	4	-5.4864
USAGE_p_TCGA_132_133_136_SNP_N_GenomeWideSNP_6_E09_787452	10	84947883	90942967	4151	-0.3182
USAGE_p_TCGA_132_133_136_SNP_N_GenomeWideSNP_6_E09_787452	10	90943096	90947909	8	-2.1078
USAGE_p_TCGA_132_133_136_SNP_N_GenomeWideSNP_6_E09_787452	10	90947968	116704966	16788	-0.3483
USAGE_p_TCGA_132_133_136_SNP_N_GenomeWideSNP_6_E09_787452	10	116704984	116705129	2	-1.7779
USAGE_p_TCGA_132_133_136_SNP_N_GenomeWideSNP_6_E09_787452	10	116707884	135506704	13621	-0.3787
USAGE_p_TCGA_132_133_136_SNP_N_GenomeWideSNP_6_E09_787452	11	198510	4968117	2478	0.0168
USAGE_p_TCGA_132_133_136_SNP_N_GenomeWideSNP_6_E09_787452	11	4968510	4976865	39	0.4741
USAGE_p_TCGA_132_133_136_SNP_N_GenomeWideSNP_6_E09_787452	11	4976878	5200668	191	0.0713
USAGE_p_TCGA_132_133_136_SNP_N_GenomeWideSNP_6_E09_787452	11	5201897	5208499	6	0.9086
USAGE_p_TCGA_132_133_136_SNP_N_GenomeWideSNP_6_E09_787452	11	5209370	5783682	587	0.0392
USAGE_p_TCGA_132_133_136_SNP_N_GenomeWideSNP_6_E09_787452	11	5783923	5809139	34	-0.7946
USAGE_p_TCGA_132_133_136_SNP_N_GenomeWideSNP_6_E09_787452	11	5809338	15673659	7259	0.0665
USAGE_p_TCGA_132_133_136_SNP_N_GenomeWideSNP_6_E09_787452	11	15674187	15681214	3	-0.754
USAGE_p_TCGA_132_133_136_SNP_N_GenomeWideSNP_6_E09_787452	11	15682835	30641221	10862	0.0577
USAGE_p_TCGA_132_133_136_SNP_N_GenomeWideSNP_6_E09_787452	11	30644424	30644628	2	-1.5529
USAGE_p_TCGA_132_133_136_SNP_N_GenomeWideSNP_6_E09_787452	11	30645880	42813151	8575	0.0472
USAGE_p_TCGA_132_133_136_SNP_N_GenomeWideSNP_6_E09_787452	11	42816486	42818039	2	1.2693
USAGE_p_TCGA_132_133_136_SNP_N_GenomeWideSNP_6_E09_787452	11	42820603	50520259	4225	0.032
USAGE_p_TCGA_132_133_136_SNP_N_GenomeWideSNP_6_E09_787452	11	50523890	51337089	80	0.3634
USAGE_p_TCGA_132_133_136_SNP_N_GenomeWideSNP_6_E09_787452	11	51337161	51357245	5	-0.4351
USAGE_p_TCGA_132_133_136_SNP_N_GenomeWideSNP_6_E09_787452	11	51375310	51564427	88	0.3404
USAGE_p_TCGA_132_133_136_SNP_N_GenomeWideSNP_6_E09_787452	11	54701645	54758291	4	-0.732
USAGE_p_TCGA_132_133_136_SNP_N_GenomeWideSNP_6_E09_787452	11	54773893	55363340	235	0.3255
USAGE_p_TCGA_132_133_136_SNP_N_GenomeWideSNP_6_E09_787452	11	55374032	55453009	59	-1.5283
USAGE_p_TCGA_132_133_136_SNP_N_GenomeWideSNP_6_E09_787452	11	55453576	79967513	13305	0.3365
USAGE_p_TCGA_132_133_136_SNP_N_GenomeWideSNP_6_E09_787452	11	79967548	79967564	2	-2.3412
USAGE_p_TCGA_132_133_136_SNP_N_GenomeWideSNP_6_E09_787452	11	79967686	86301957	4509	0.3653
USAGE_p_TCGA_132_133_136_SNP_N_GenomeWideSNP_6_E09_787452	11	86305661	86306054	6	-0.4049
USAGE_p_TCGA_132_133_136_SNP_N_GenomeWideSNP_6_E09_787452	11	86315174	99464500	9065	0.3458
USAGE_p_TCGA_132_133_136_SNP_N_GenomeWideSNP_6_E09_787452	11	99465123	99465168	2	1.4648
USAGE_p_TCGA_132_133_136_SNP_N_GenomeWideSNP_6_E09_787452	11	99466202	107230719	5589	0.3553
USAGE_p_TCGA_132_133_136_SNP_N_GenomeWideSNP_6_E09_787452	11	107238656	107238931	6	-0.3413
USAGE_p_TCGA_132_133_136_SNP_N_GenomeWideSNP_6_E09_787452	11	107239128	107784507	388	0.3404
USAGE_p_TCGA_132_133_136_SNP_N_GenomeWideSNP_6_E09_787452	11	107785098	107787713	2	-1.7126
USAGE_p_TCGA_132_133_136_SNP_N_GenomeWideSNP_6_E09_787452	11	107789770	112023827	2627	0.3571
USAGE_p_TCGA_132_133_136_SNP_N_GenomeWideSNP_6_E09_787452	11	112026619	131181387	13973	-0.0236
USAGE_p_TCGA_132_133_136_SNP_N_GenomeWideSNP_6_E09_787452	11	131181804	131189000	2	-0.8136
USAGE_p_TCGA_132_133_136_SNP_N_GenomeWideSNP_6_E09_787452	11	131190246	134601791	2688	-0.1596
USAGE_p_TCGA_132_133_136_SNP_N_GenomeWideSNP_6_E09_787452	11	134602280	134603992	3	-1.5337
USAGE_p_TCGA_132_133_136_SNP_N_GenomeWideSNP_6_E09_787452	11	134607871	134794191	185	-0.199
USAGE_p_TCGA_132_133_136_SNP_N_GenomeWideSNP_6_E09_787452	11	134794869	134944770	97	-0.7005
USAGE_p_TCGA_132_133_136_SNP_N_GenomeWideSNP_6_E09_787452	12	150442	450323	176	-0.0658
USAGE_p_TCGA_132_133_136_SNP_N_GenomeWideSNP_6_E09_787452	12	458215	864074	238	-1.2053
USAGE_p_TCGA_132_133_136_SNP_N_GenomeWideSNP_6_E09_787452	12	865736	9630556	5793	-0.0255
USAGE_p_TCGA_132_133_136_SNP_N_GenomeWideSNP_6_E09_787452	12	9633870	9713674	22	-1.3997
USAGE_p_TCGA_132_133_136_SNP_N_GenomeWideSNP_6_E09_787452	12	9714954	11504091	1191	-0.0017
USAGE_p_TCGA_132_133_136_SNP_N_GenomeWideSNP_6_E09_787452	12	11511577	11543406	32	0.9352
USAGE_p_TCGA_132_133_136_SNP_N_GenomeWideSNP_6_E09_787452	12	11552192	24116444	8551	0.042
USAGE_p_TCGA_132_133_136_SNP_N_GenomeWideSNP_6_E09_787452	12	24118956	24119285	2	-1.5098
USAGE_p_TCGA_132_133_136_SNP_N_GenomeWideSNP_6_E09_787452	12	24123088	29717496	4204	0.0109
USAGE_p_TCGA_132_133_136_SNP_N_GenomeWideSNP_6_E09_787452	12	29719186	29725237	9	-1.2211
USAGE_p_TCGA_132_133_136_SNP_N_GenomeWideSNP_6_E09_787452	12	29726284	33294660	2667	0.0196
USAGE_p_TCGA_132_133_136_SNP_N_GenomeWideSNP_6_E09_787452	12	33301406	33307078	26	0.3345
USAGE_p_TCGA_132_133_136_SNP_N_GenomeWideSNP_6_E09_787452	12	33307374	34230332	578	0.0487
USAGE_p_TCGA_132_133_136_SNP_N_GenomeWideSNP_6_E09_787452	12	34230484	34231523	5	-0.7882
USAGE_p_TCGA_132_133_136_SNP_N_GenomeWideSNP_6_E09_787452	12	34239991	45899504	5042	0.0413
USAGE_p_TCGA_132_133_136_SNP_N_GenomeWideSNP_6_E09_787452	12	45899825	45909537	5	1.0905
USAGE_p_TCGA_132_133_136_SNP_N_GenomeWideSNP_6_E09_787452	12	45913292	60259045	8352	0.0499
USAGE_p_TCGA_132_133_136_SNP_N_GenomeWideSNP_6_E09_787452	12	60259938	62293811	1209	-0.2509
USAGE_p_TCGA_132_133_136_SNP_N_GenomeWideSNP_6_E09_787452	12	62294415	62294869	2	-1.665
USAGE_p_TCGA_132_133_136_SNP_N_GenomeWideSNP_6_E09_787452	12	62300997	74440694	7847	-0.3171
USAGE_p_TCGA_132_133_136_SNP_N_GenomeWideSNP_6_E09_787452	12	74444238	77852290	2171	-0.9609
USAGE_p_TCGA_132_133_136_SNP_N_GenomeWideSNP_6_E09_787452	12	77855421	104694753	17311	-0.3227
USAGE_p_TCGA_132_133_136_SNP_N_GenomeWideSNP_6_E09_787452	12	104697102	104697314	2	-1.7848
USAGE_p_TCGA_132_133_136_SNP_N_GenomeWideSNP_6_E09_787452	12	104698203	107909625	2364	-0.2991
USAGE_p_TCGA_132_133_136_SNP_N_GenomeWideSNP_6_E09_787452	12	107912662	133778189	17290	0.0354
USAGE_p_TCGA_132_133_136_SNP_N_GenomeWideSNP_6_E09_787452	13	19026949	21896035	1612	0.3602
USAGE_p_TCGA_132_133_136_SNP_N_GenomeWideSNP_6_E09_787452	13	21896319	21896499	2	1.6117
USAGE_p_TCGA_132_133_136_SNP_N_GenomeWideSNP_6_E09_787452	13	21896756	23626684	1279	0.3731
USAGE_p_TCGA_132_133_136_SNP_N_GenomeWideSNP_6_E09_787452	13	23629150	23639900	24	0.0525
USAGE_p_TCGA_132_133_136_SNP_N_GenomeWideSNP_6_E09_787452	13	23640863	25509384	1470	0.4
USAGE_p_TCGA_132_133_136_SNP_N_GenomeWideSNP_6_E09_787452	13	25509506	25516817	8	-0.1903
USAGE_p_TCGA_132_133_136_SNP_N_GenomeWideSNP_6_E09_787452	13	25521899	27485633	1435	0.3823
USAGE_p_TCGA_132_133_136_SNP_N_GenomeWideSNP_6_E09_787452	13	27487267	27564279	88	0.9107
USAGE_p_TCGA_132_133_136_SNP_N_GenomeWideSNP_6_E09_787452	13	27565562	32532071	3725	0.3644
USAGE_p_TCGA_132_133_136_SNP_N_GenomeWideSNP_6_E09_787452	13	32532121	32538423	19	-0.3479
USAGE_p_TCGA_132_133_136_SNP_N_GenomeWideSNP_6_E09_787452	13	32540047	39052811	4623	0.3721
USAGE_p_TCGA_132_133_136_SNP_N_GenomeWideSNP_6_E09_787452	13	39057572	39058056	2	1.4245
USAGE_p_TCGA_132_133_136_SNP_N_GenomeWideSNP_6_E09_787452	13	39065057	57703349	11830	0.3767
USAGE_p_TCGA_132_133_136_SNP_N_GenomeWideSNP_6_E09_787452	13	57703974	57758389	19	0.0145
USAGE_p_TCGA_132_133_136_SNP_N_GenomeWideSNP_6_E09_787452	13	57758626	60145369	1477	0.3709
USAGE_p_TCGA_132_133_136_SNP_N_GenomeWideSNP_6_E09_787452	13	60145526	60145642	2	1.347
USAGE_p_TCGA_132_133_136_SNP_N_GenomeWideSNP_6_E09_787452	13	60149102	67172779	4171	0.3602
USAGE_p_TCGA_132_133_136_SNP_N_GenomeWideSNP_6_E09_787452	13	67176219	67177783	2	-1.0168
USAGE_p_TCGA_132_133_136_SNP_N_GenomeWideSNP_6_E09_787452	13	67178344	72476988	3384	0.3727
USAGE_p_TCGA_132_133_136_SNP_N_GenomeWideSNP_6_E09_787452	13	72477555	72480556	4	-2.7711
USAGE_p_TCGA_132_133_136_SNP_N_GenomeWideSNP_6_E09_787452	13	72480605	111723194	27379	0.3877
USAGE_p_TCGA_132_133_136_SNP_N_GenomeWideSNP_6_E09_787452	13	111724124	111724532	2	-1.4204
USAGE_p_TCGA_132_133_136_SNP_N_GenomeWideSNP_6_E09_787452	13	111724545	115108397	1783	0.3465
USAGE_p_TCGA_132_133_136_SNP_N_GenomeWideSNP_6_E09_787452	14	19002124	19422533	29	0.1239
USAGE_p_TCGA_132_133_136_SNP_N_GenomeWideSNP_6_E09_787452	14	19432799	19469520	9	-0.776
USAGE_p_TCGA_132_133_136_SNP_N_GenomeWideSNP_6_E09_787452	14	19541714	19620051	8	0.0331
USAGE_p_TCGA_132_133_136_SNP_N_GenomeWideSNP_6_E09_787452	14	19660853	20200409	38	0.5906
USAGE_p_TCGA_132_133_136_SNP_N_GenomeWideSNP_6_E09_787452	14	20201117	20423372	106	1.1838
USAGE_p_TCGA_132_133_136_SNP_N_GenomeWideSNP_6_E09_787452	14	20424926	20550540	93	-0.3517
USAGE_p_TCGA_132_133_136_SNP_N_GenomeWideSNP_6_E09_787452	14	20553284	20555196	2	0.8982
USAGE_p_TCGA_132_133_136_SNP_N_GenomeWideSNP_6_E09_787452	14	20557267	27400435	4633	-0.3637
USAGE_p_TCGA_132_133_136_SNP_N_GenomeWideSNP_6_E09_787452	14	27403992	27404781	3	-1.5336
USAGE_p_TCGA_132_133_136_SNP_N_GenomeWideSNP_6_E09_787452	14	27406001	31882208	2505	-0.348
USAGE_p_TCGA_132_133_136_SNP_N_GenomeWideSNP_6_E09_787452	14	31887557	32050277	89	0.453
USAGE_p_TCGA_132_133_136_SNP_N_GenomeWideSNP_6_E09_787452	14	32052571	56803643	15848	-0.3802
USAGE_p_TCGA_132_133_136_SNP_N_GenomeWideSNP_6_E09_787452	14	56803675	56805439	3	-1.5614
USAGE_p_TCGA_132_133_136_SNP_N_GenomeWideSNP_6_E09_787452	14	56805901	63326784	4208	-0.3975
USAGE_p_TCGA_132_133_136_SNP_N_GenomeWideSNP_6_E09_787452	14	63328525	63328809	2	-2.1809
USAGE_p_TCGA_132_133_136_SNP_N_GenomeWideSNP_6_E09_787452	14	63332083	67036031	2337	-0.3772
USAGE_p_TCGA_132_133_136_SNP_N_GenomeWideSNP_6_E09_787452	14	67040699	67041440	2	-1.7074
USAGE_p_TCGA_132_133_136_SNP_N_GenomeWideSNP_6_E09_787452	14	67041635	68736654	869	-0.3635
USAGE_p_TCGA_132_133_136_SNP_N_GenomeWideSNP_6_E09_787452	14	68742609	68745884	3	-1.5531
USAGE_p_TCGA_132_133_136_SNP_N_GenomeWideSNP_6_E09_787452	14	68747868	68820853	65	-3.4679
USAGE_p_TCGA_132_133_136_SNP_N_GenomeWideSNP_6_E09_787452	14	68824414	73995774	3470	-0.4094
USAGE_p_TCGA_132_133_136_SNP_N_GenomeWideSNP_6_E09_787452	14	74001123	74020979	9	0.6897
USAGE_p_TCGA_132_133_136_SNP_N_GenomeWideSNP_6_E09_787452	14	74029900	81645017	5037	-0.4143
USAGE_p_TCGA_132_133_136_SNP_N_GenomeWideSNP_6_E09_787452	14	81647878	81763789	64	-1.0647
USAGE_p_TCGA_132_133_136_SNP_N_GenomeWideSNP_6_E09_787452	14	81765127	106777343	15816	-0.4314
USAGE_p_TCGA_132_133_136_SNP_N_GenomeWideSNP_6_E09_787452	14	106783044	106821736	12	0.896
USAGE_p_TCGA_132_133_136_SNP_N_GenomeWideSNP_6_E09_787452	14	106825916	106900555	46	-0.3043
USAGE_p_TCGA_132_133_136_SNP_N_GenomeWideSNP_6_E09_787452	14	106900648	106901247	6	0.3942
USAGE_p_TCGA_132_133_136_SNP_N_GenomeWideSNP_6_E09_787452	14	106903043	106918649	29	-0.1723
USAGE_p_TCGA_132_133_136_SNP_N_GenomeWideSNP_6_E09_787452	14	106922531	107144078	120	-0.3965
USAGE_p_TCGA_132_133_136_SNP_N_GenomeWideSNP_6_E09_787452	14	107144400	107187776	40	0.009
USAGE_p_TCGA_132_133_136_SNP_N_GenomeWideSNP_6_E09_787452	14	107187813	107285437	62	-0.4466
USAGE_p_TCGA_132_133_136_SNP_N_GenomeWideSNP_6_E09_787452	15	20016328	20143409	27	-0.1136
USAGE_p_TCGA_132_133_136_SNP_N_GenomeWideSNP_6_E09_787452	15	20143651	20206939	21	-0.5689
USAGE_p_TCGA_132_133_136_SNP_N_GenomeWideSNP_6_E09_787452	15	20216955	20262236	5	-1.9314
USAGE_p_TCGA_132_133_136_SNP_N_GenomeWideSNP_6_E09_787452	15	20264286	20578304	43	-0.4027
USAGE_p_TCGA_132_133_136_SNP_N_GenomeWideSNP_6_E09_787452	15	20578366	20586957	21	0.2305
USAGE_p_TCGA_132_133_136_SNP_N_GenomeWideSNP_6_E09_787452	15	20590027	25426951	1810	-0.3617
USAGE_p_TCGA_132_133_136_SNP_N_GenomeWideSNP_6_E09_787452	15	25427208	25436068	8	-1.1308
USAGE_p_TCGA_132_133_136_SNP_N_GenomeWideSNP_6_E09_787452	15	25436179	26345695	712	-0.4565
USAGE_p_TCGA_132_133_136_SNP_N_GenomeWideSNP_6_E09_787452	15	26348599	28915460	1584	0.0198
USAGE_p_TCGA_132_133_136_SNP_N_GenomeWideSNP_6_E09_787452	15	28915536	28962131	33	-0.3503
USAGE_p_TCGA_132_133_136_SNP_N_GenomeWideSNP_6_E09_787452	15	28962262	30545529	870	0.018
USAGE_p_TCGA_132_133_136_SNP_N_GenomeWideSNP_6_E09_787452	15	30545725	30561567	4	-0.9424
USAGE_p_TCGA_132_133_136_SNP_N_GenomeWideSNP_6_E09_787452	15	30562770	32859858	1182	0.0867
USAGE_p_TCGA_132_133_136_SNP_N_GenomeWideSNP_6_E09_787452	15	32876831	32876984	2	1.4725
USAGE_p_TCGA_132_133_136_SNP_N_GenomeWideSNP_6_E09_787452	15	32902983	56783225	15236	0.0845
USAGE_p_TCGA_132_133_136_SNP_N_GenomeWideSNP_6_E09_787452	15	56785982	56789647	10	-0.2738
USAGE_p_TCGA_132_133_136_SNP_N_GenomeWideSNP_6_E09_787452	15	56790703	56800977	25	-1.2641
USAGE_p_TCGA_132_133_136_SNP_N_GenomeWideSNP_6_E09_787452	15	56801623	56967024	82	0.1016
USAGE_p_TCGA_132_133_136_SNP_N_GenomeWideSNP_6_E09_787452	15	56968121	57259603	124	-0.2295
USAGE_p_TCGA_132_133_136_SNP_N_GenomeWideSNP_6_E09_787452	15	57260455	58484167	960	0.1161
USAGE_p_TCGA_132_133_136_SNP_N_GenomeWideSNP_6_E09_787452	15	58492054	58495828	2	-2.0105
USAGE_p_TCGA_132_133_136_SNP_N_GenomeWideSNP_6_E09_787452	15	58495970	58507064	8	-5.1706
USAGE_p_TCGA_132_133_136_SNP_N_GenomeWideSNP_6_E09_787452	15	58511103	65814102	5036	0.0886
USAGE_p_TCGA_132_133_136_SNP_N_GenomeWideSNP_6_E09_787452	15	65816942	65818387	3	-2.0508
USAGE_p_TCGA_132_133_136_SNP_N_GenomeWideSNP_6_E09_787452	15	65822534	67369110	1046	0.0495
USAGE_p_TCGA_132_133_136_SNP_N_GenomeWideSNP_6_E09_787452	15	67370368	67460757	87	-3.8208
USAGE_p_TCGA_132_133_136_SNP_N_GenomeWideSNP_6_E09_787452	15	67461160	67461311	2	1.073
USAGE_p_TCGA_132_133_136_SNP_N_GenomeWideSNP_6_E09_787452	15	67463391	70452945	1931	0.0496
USAGE_p_TCGA_132_133_136_SNP_N_GenomeWideSNP_6_E09_787452	15	70456903	70462952	5	-0.5758
USAGE_p_TCGA_132_133_136_SNP_N_GenomeWideSNP_6_E09_787452	15	70471263	76891511	3476	0.0605
USAGE_p_TCGA_132_133_136_SNP_N_GenomeWideSNP_6_E09_787452	15	76891627	76895775	20	-1.7381
USAGE_p_TCGA_132_133_136_SNP_N_GenomeWideSNP_6_E09_787452	15	76902179	81988356	3267	0.0601
USAGE_p_TCGA_132_133_136_SNP_N_GenomeWideSNP_6_E09_787452	15	81988466	82119960	82	-0.3118
USAGE_p_TCGA_132_133_136_SNP_N_GenomeWideSNP_6_E09_787452	15	82126008	86572728	2277	0.0686
USAGE_p_TCGA_132_133_136_SNP_N_GenomeWideSNP_6_E09_787452	15	86572964	86573175	2	-1.8783
USAGE_p_TCGA_132_133_136_SNP_N_GenomeWideSNP_6_E09_787452	15	86575561	95789802	7142	0.0618
USAGE_p_TCGA_132_133_136_SNP_N_GenomeWideSNP_6_E09_787452	15	95790072	95790263	2	-1.3676
USAGE_p_TCGA_132_133_136_SNP_N_GenomeWideSNP_6_E09_787452	15	95790487	97808409	1475	0.0251
USAGE_p_TCGA_132_133_136_SNP_N_GenomeWideSNP_6_E09_787452	15	97817792	97832187	11	-2.1899
USAGE_p_TCGA_132_133_136_SNP_N_GenomeWideSNP_6_E09_787452	15	97833649	102429125	3426	0.0593
USAGE_p_TCGA_132_133_136_SNP_N_GenomeWideSNP_6_E09_787452	15	102435009	102469040	5	1.056
USAGE_p_TCGA_132_133_136_SNP_N_GenomeWideSNP_6_E09_787452	16	60777	5452943	2439	0.1115
USAGE_p_TCGA_132_133_136_SNP_N_GenomeWideSNP_6_E09_787452	16	5454454	6272049	963	-0.4452
USAGE_p_TCGA_132_133_136_SNP_N_GenomeWideSNP_6_E09_787452	16	6275459	6377255	125	0.4069
USAGE_p_TCGA_132_133_136_SNP_N_GenomeWideSNP_6_E09_787452	16	6377499	6428381	74	-0.2933
USAGE_p_TCGA_132_133_136_SNP_N_GenomeWideSNP_6_E09_787452	16	6430369	6654810	290	0.1477
USAGE_p_TCGA_132_133_136_SNP_N_GenomeWideSNP_6_E09_787452	16	6654900	6776662	161	-0.5402
USAGE_p_TCGA_132_133_136_SNP_N_GenomeWideSNP_6_E09_787452	16	6776967	6797836	43	0.1198
USAGE_p_TCGA_132_133_136_SNP_N_GenomeWideSNP_6_E09_787452	16	6797914	6802435	18	0.5836
USAGE_p_TCGA_132_133_136_SNP_N_GenomeWideSNP_6_E09_787452	16	6805913	6808030	7	-0.0212
USAGE_p_TCGA_132_133_136_SNP_N_GenomeWideSNP_6_E09_787452	16	6808157	6812831	12	0.3845
USAGE_p_TCGA_132_133_136_SNP_N_GenomeWideSNP_6_E09_787452	16	6812938	6841005	36	0.0719
USAGE_p_TCGA_132_133_136_SNP_N_GenomeWideSNP_6_E09_787452	16	6844992	6896128	45	-0.8715
USAGE_p_TCGA_132_133_136_SNP_N_GenomeWideSNP_6_E09_787452	16	6896342	6965041	86	-3.9227
USAGE_p_TCGA_132_133_136_SNP_N_GenomeWideSNP_6_E09_787452	16	6965298	7005334	36	-0.9597
USAGE_p_TCGA_132_133_136_SNP_N_GenomeWideSNP_6_E09_787452	16	7006010	29230331	14806	0.1326
USAGE_p_TCGA_132_133_136_SNP_N_GenomeWideSNP_6_E09_787452	16	29232677	29250915	5	-1.2046
USAGE_p_TCGA_132_133_136_SNP_N_GenomeWideSNP_6_E09_787452	16	29251112	33543987	1162	0.1411
USAGE_p_TCGA_132_133_136_SNP_N_GenomeWideSNP_6_E09_787452	16	33548815	33625308	34	0.6465
USAGE_p_TCGA_132_133_136_SNP_N_GenomeWideSNP_6_E09_787452	16	33627826	48854310	1620	-0.0273
USAGE_p_TCGA_132_133_136_SNP_N_GenomeWideSNP_6_E09_787452	16	48858977	48951091	80	-1.1946
USAGE_p_TCGA_132_133_136_SNP_N_GenomeWideSNP_6_E09_787452	16	48955060	68377848	13210	-0.018
USAGE_p_TCGA_132_133_136_SNP_N_GenomeWideSNP_6_E09_787452	16	68379860	69094293	396	0.6053
USAGE_p_TCGA_132_133_136_SNP_N_GenomeWideSNP_6_E09_787452	16	69095183	70139542	471	0.0203
USAGE_p_TCGA_132_133_136_SNP_N_GenomeWideSNP_6_E09_787452	16	70151527	70197767	13	0.6261
USAGE_p_TCGA_132_133_136_SNP_N_GenomeWideSNP_6_E09_787452	16	70198330	70854381	273	-0.016
USAGE_p_TCGA_132_133_136_SNP_N_GenomeWideSNP_6_E09_787452	16	70855202	71202489	139	0.3456
USAGE_p_TCGA_132_133_136_SNP_N_GenomeWideSNP_6_E09_787452	16	71202797	90287535	15897	-0.0321
USAGE_p_TCGA_132_133_136_SNP_N_GenomeWideSNP_6_E09_787452	17	526	716850	359	-0.4498
USAGE_p_TCGA_132_133_136_SNP_N_GenomeWideSNP_6_E09_787452	17	719452	728102	2	-2.4517
USAGE_p_TCGA_132_133_136_SNP_N_GenomeWideSNP_6_E09_787452	17	732073	16654301	10147	-0.4277
USAGE_p_TCGA_132_133_136_SNP_N_GenomeWideSNP_6_E09_787452	17	16657331	16735532	11	-1.676
USAGE_p_TCGA_132_133_136_SNP_N_GenomeWideSNP_6_E09_787452	17	16738160	18358946	923	-0.456
USAGE_p_TCGA_132_133_136_SNP_N_GenomeWideSNP_6_E09_787452	17	18358949	18465221	27	0.6555
USAGE_p_TCGA_132_133_136_SNP_N_GenomeWideSNP_6_E09_787452	17	18469197	19307462	272	-0.4553
USAGE_p_TCGA_132_133_136_SNP_N_GenomeWideSNP_6_E09_787452	17	19310065	19455196	75	-2.2725
USAGE_p_TCGA_132_133_136_SNP_N_GenomeWideSNP_6_E09_787452	17	19455277	19459562	6	-6.2884
USAGE_p_TCGA_132_133_136_SNP_N_GenomeWideSNP_6_E09_787452	17	19462185	19607925	105	-2.3688
USAGE_p_TCGA_132_133_136_SNP_N_GenomeWideSNP_6_E09_787452	17	19612496	19651902	27	-4.9614
USAGE_p_TCGA_132_133_136_SNP_N_GenomeWideSNP_6_E09_787452	17	19651937	20221328	302	-2.3556
USAGE_p_TCGA_132_133_136_SNP_N_GenomeWideSNP_6_E09_787452	17	20222124	20665039	114	-1.274
USAGE_p_TCGA_132_133_136_SNP_N_GenomeWideSNP_6_E09_787452	17	20665467	20782075	55	-2.3102
USAGE_p_TCGA_132_133_136_SNP_N_GenomeWideSNP_6_E09_787452	17	20782357	21439414	313	-3.0006
USAGE_p_TCGA_132_133_136_SNP_N_GenomeWideSNP_6_E09_787452	17	21442435	22219568	264	-2.1193
USAGE_p_TCGA_132_133_136_SNP_N_GenomeWideSNP_6_E09_787452	17	22227075	25330609	28	0.0254
USAGE_p_TCGA_132_133_136_SNP_N_GenomeWideSNP_6_E09_787452	17	25332216	26009683	365	0.6713
USAGE_p_TCGA_132_133_136_SNP_N_GenomeWideSNP_6_E09_787452	17	26010392	26201218	122	0.4715
USAGE_p_TCGA_132_133_136_SNP_N_GenomeWideSNP_6_E09_787452	17	26203825	35139076	5177	0.0549
USAGE_p_TCGA_132_133_136_SNP_N_GenomeWideSNP_6_E09_787452	17	35139621	35146671	15	-1.5341
USAGE_p_TCGA_132_133_136_SNP_N_GenomeWideSNP_6_E09_787452	17	35147345	35584258	285	0.0054
USAGE_p_TCGA_132_133_136_SNP_N_GenomeWideSNP_6_E09_787452	17	35588925	36086689	304	-1.0338
USAGE_p_TCGA_132_133_136_SNP_N_GenomeWideSNP_6_E09_787452	17	36093805	37848603	746	0.0114
USAGE_p_TCGA_132_133_136_SNP_N_GenomeWideSNP_6_E09_787452	17	37850710	37851870	9	-0.5014
USAGE_p_TCGA_132_133_136_SNP_N_GenomeWideSNP_6_E09_787452	17	37851919	39423103	905	0.0285
USAGE_p_TCGA_132_133_136_SNP_N_GenomeWideSNP_6_E09_787452	17	39423153	39429918	12	-0.5431
USAGE_p_TCGA_132_133_136_SNP_N_GenomeWideSNP_6_E09_787452	17	39429949	44279411	2614	0.0186
USAGE_p_TCGA_132_133_136_SNP_N_GenomeWideSNP_6_E09_787452	17	44280188	44394420	33	0.3382
USAGE_p_TCGA_132_133_136_SNP_N_GenomeWideSNP_6_E09_787452	17	44401067	44764994	46	1.2984
USAGE_p_TCGA_132_133_136_SNP_N_GenomeWideSNP_6_E09_787452	17	44784652	52610035	4588	0.3626
USAGE_p_TCGA_132_133_136_SNP_N_GenomeWideSNP_6_E09_787452	17	52617324	52641698	19	0.0119
USAGE_p_TCGA_132_133_136_SNP_N_GenomeWideSNP_6_E09_787452	17	52645216	55687489	2408	0.3825
USAGE_p_TCGA_132_133_136_SNP_N_GenomeWideSNP_6_E09_787452	17	55688333	55688993	2	-1.5326
USAGE_p_TCGA_132_133_136_SNP_N_GenomeWideSNP_6_E09_787452	17	55691993	55820940	108	0.3332
USAGE_p_TCGA_132_133_136_SNP_N_GenomeWideSNP_6_E09_787452	17	55824949	55825388	4	-0.6079
USAGE_p_TCGA_132_133_136_SNP_N_GenomeWideSNP_6_E09_787452	17	55825470	66789834	5906	0.3523
USAGE_p_TCGA_132_133_136_SNP_N_GenomeWideSNP_6_E09_787452	17	66789988	67885266	686	0.07
USAGE_p_TCGA_132_133_136_SNP_N_GenomeWideSNP_6_E09_787452	17	67885483	67891926	3	-1.153
USAGE_p_TCGA_132_133_136_SNP_N_GenomeWideSNP_6_E09_787452	17	67892018	70506839	2118	0.0996
USAGE_p_TCGA_132_133_136_SNP_N_GenomeWideSNP_6_E09_787452	17	70507163	70507929	3	-0.6487
USAGE_p_TCGA_132_133_136_SNP_N_GenomeWideSNP_6_E09_787452	17	70512073	81049726	5782	0.0191
USAGE_p_TCGA_132_133_136_SNP_N_GenomeWideSNP_6_E09_787452	18	11543	24365828	13906	-0.4022
USAGE_p_TCGA_132_133_136_SNP_N_GenomeWideSNP_6_E09_787452	18	24365844	24366145	5	-1.7872
USAGE_p_TCGA_132_133_136_SNP_N_GenomeWideSNP_6_E09_787452	18	24366379	44538219	13049	-0.3884
USAGE_p_TCGA_132_133_136_SNP_N_GenomeWideSNP_6_E09_787452	18	44539235	48506562	2843	-0.915
USAGE_p_TCGA_132_133_136_SNP_N_GenomeWideSNP_6_E09_787452	18	48511621	48551769	24	-3.1545
USAGE_p_TCGA_132_133_136_SNP_N_GenomeWideSNP_6_E09_787452	18	48552453	48573256	58	-1.4492
USAGE_p_TCGA_132_133_136_SNP_N_GenomeWideSNP_6_E09_787452	18	48579317	71544747	16226	-0.8995
USAGE_p_TCGA_132_133_136_SNP_N_GenomeWideSNP_6_E09_787452	18	71545228	71545304	2	-4.0742
USAGE_p_TCGA_132_133_136_SNP_N_GenomeWideSNP_6_E09_787452	18	71546218	72112287	486	-1.0227
USAGE_p_TCGA_132_133_136_SNP_N_GenomeWideSNP_6_E09_787452	18	72112616	72113730	4	-3.7852
USAGE_p_TCGA_132_133_136_SNP_N_GenomeWideSNP_6_E09_787452	18	72115547	76163690	3030	-0.9929
USAGE_p_TCGA_132_133_136_SNP_N_GenomeWideSNP_6_E09_787452	18	76165831	76168821	3	-3.0151
USAGE_p_TCGA_132_133_136_SNP_N_GenomeWideSNP_6_E09_787452	18	76168940	78015057	1015	-0.9902
USAGE_p_TCGA_132_133_136_SNP_N_GenomeWideSNP_6_E09_787452	19	90910	114299	3	0.2013
USAGE_p_TCGA_132_133_136_SNP_N_GenomeWideSNP_6_E09_787452	19	232496	21814919	9670	-0.3297
USAGE_p_TCGA_132_133_136_SNP_N_GenomeWideSNP_6_E09_787452	19	21815640	21820111	3	-1.5933
USAGE_p_TCGA_132_133_136_SNP_N_GenomeWideSNP_6_E09_787452	19	21821537	24596750	1579	-0.3006
USAGE_p_TCGA_132_133_136_SNP_N_GenomeWideSNP_6_E09_787452	19	27747993	29971565	1477	0.0913
USAGE_p_TCGA_132_133_136_SNP_N_GenomeWideSNP_6_E09_787452	19	29973368	30034212	57	2.9254
USAGE_p_TCGA_132_133_136_SNP_N_GenomeWideSNP_6_E09_787452	19	30036024	30306820	195	3.2332
USAGE_p_TCGA_132_133_136_SNP_N_GenomeWideSNP_6_E09_787452	19	30307098	30308416	12	4.0786
USAGE_p_TCGA_132_133_136_SNP_N_GenomeWideSNP_6_E09_787452	19	30308468	30528530	143	3.2299
USAGE_p_TCGA_132_133_136_SNP_N_GenomeWideSNP_6_E09_787452	19	30529932	32828138	1717	2.9192
USAGE_p_TCGA_132_133_136_SNP_N_GenomeWideSNP_6_E09_787452	19	32828993	33065265	149	2.5556
USAGE_p_TCGA_132_133_136_SNP_N_GenomeWideSNP_6_E09_787452	19	33066560	35139536	1321	1.2812
USAGE_p_TCGA_132_133_136_SNP_N_GenomeWideSNP_6_E09_787452	19	35144143	36758897	950	0.9904
USAGE_p_TCGA_132_133_136_SNP_N_GenomeWideSNP_6_E09_787452	19	36805705	36807300	3	-0.332
USAGE_p_TCGA_132_133_136_SNP_N_GenomeWideSNP_6_E09_787452	19	36825248	36853440	31	0.9285
USAGE_p_TCGA_132_133_136_SNP_N_GenomeWideSNP_6_E09_787452	19	36853492	36862588	15	0.5284
USAGE_p_TCGA_132_133_136_SNP_N_GenomeWideSNP_6_E09_787452	19	36866258	37100810	137	0.9846
USAGE_p_TCGA_132_133_136_SNP_N_GenomeWideSNP_6_E09_787452	19	37113264	37836394	352	1.3262
USAGE_p_TCGA_132_133_136_SNP_N_GenomeWideSNP_6_E09_787452	19	37839352	39363863	798	1.6929
USAGE_p_TCGA_132_133_136_SNP_N_GenomeWideSNP_6_E09_787452	19	39364572	41680385	1243	2.4339
USAGE_p_TCGA_132_133_136_SNP_N_GenomeWideSNP_6_E09_787452	19	41689147	59097854	9479	-0.4296
USAGE_p_TCGA_132_133_136_SNP_N_GenomeWideSNP_6_E09_787452	20	61305	61312	7	0.1141
USAGE_p_TCGA_132_133_136_SNP_N_GenomeWideSNP_6_E09_787452	20	61548	1557976	1185	0.8188
USAGE_p_TCGA_132_133_136_SNP_N_GenomeWideSNP_6_E09_787452	20	1558363	1599061	61	1.268
USAGE_p_TCGA_132_133_136_SNP_N_GenomeWideSNP_6_E09_787452	20	1599078	14565721	9773	0.8299
USAGE_p_TCGA_132_133_136_SNP_N_GenomeWideSNP_6_E09_787452	20	14569186	14695181	91	0.604
USAGE_p_TCGA_132_133_136_SNP_N_GenomeWideSNP_6_E09_787452	20	14695379	14756023	36	0.2401
USAGE_p_TCGA_132_133_136_SNP_N_GenomeWideSNP_6_E09_787452	20	14756166	14974695	231	0.6873
USAGE_p_TCGA_132_133_136_SNP_N_GenomeWideSNP_6_E09_787452	20	14982577	15136730	146	-0.6426
USAGE_p_TCGA_132_133_136_SNP_N_GenomeWideSNP_6_E09_787452	20	15137117	26305491	8540	0.8994
USAGE_p_TCGA_132_133_136_SNP_N_GenomeWideSNP_6_E09_787452	20	26305579	29505893	24	-0.1798
USAGE_p_TCGA_132_133_136_SNP_N_GenomeWideSNP_6_E09_787452	20	29527893	29835049	41	0.6715
USAGE_p_TCGA_132_133_136_SNP_N_GenomeWideSNP_6_E09_787452	20	29835471	31011937	547	1.197
USAGE_p_TCGA_132_133_136_SNP_N_GenomeWideSNP_6_E09_787452	20	31013487	38032487	3789	0.5796
USAGE_p_TCGA_132_133_136_SNP_N_GenomeWideSNP_6_E09_787452	20	38034463	38042046	4	-0.3607
USAGE_p_TCGA_132_133_136_SNP_N_GenomeWideSNP_6_E09_787452	20	38046128	41370963	2558	0.6028
USAGE_p_TCGA_132_133_136_SNP_N_GenomeWideSNP_6_E09_787452	20	41371668	41371864	3	-0.5063
USAGE_p_TCGA_132_133_136_SNP_N_GenomeWideSNP_6_E09_787452	20	41371926	52644797	7986	0.618
USAGE_p_TCGA_132_133_136_SNP_N_GenomeWideSNP_6_E09_787452	20	52644868	52658561	37	0.0995
USAGE_p_TCGA_132_133_136_SNP_N_GenomeWideSNP_6_E09_787452	20	52658593	60545587	6485	0.592
USAGE_p_TCGA_132_133_136_SNP_N_GenomeWideSNP_6_E09_787452	20	60548170	60570548	9	-0.0998
USAGE_p_TCGA_132_133_136_SNP_N_GenomeWideSNP_6_E09_787452	20	60572663	62956153	973	0.5677
USAGE_p_TCGA_132_133_136_SNP_N_GenomeWideSNP_6_E09_787452	21	10736871	11041910	82	0.1827
USAGE_p_TCGA_132_133_136_SNP_N_GenomeWideSNP_6_E09_787452	21	11042846	11157989	25	-0.2745
USAGE_p_TCGA_132_133_136_SNP_N_GenomeWideSNP_6_E09_787452	21	11158289	15006471	241	0.054
USAGE_p_TCGA_132_133_136_SNP_N_GenomeWideSNP_6_E09_787452	21	15006889	15050296	13	-0.4748
USAGE_p_TCGA_132_133_136_SNP_N_GenomeWideSNP_6_E09_787452	21	15056196	15222872	94	-0.0113
USAGE_p_TCGA_132_133_136_SNP_N_GenomeWideSNP_6_E09_787452	21	15255428	15255799	2	-2.1181
USAGE_p_TCGA_132_133_136_SNP_N_GenomeWideSNP_6_E09_787452	21	15285453	16068458	497	0.0641
USAGE_p_TCGA_132_133_136_SNP_N_GenomeWideSNP_6_E09_787452	21	16073136	28054302	8834	-0.3747
USAGE_p_TCGA_132_133_136_SNP_N_GenomeWideSNP_6_E09_787452	21	28057452	28058892	5	-1.7565
USAGE_p_TCGA_132_133_136_SNP_N_GenomeWideSNP_6_E09_787452	21	28059017	43182319	11576	-0.3878
USAGE_p_TCGA_132_133_136_SNP_N_GenomeWideSNP_6_E09_787452	21	43182805	43184486	2	-2.2545
USAGE_p_TCGA_132_133_136_SNP_N_GenomeWideSNP_6_E09_787452	21	43185345	48096957	3021	-0.4659
USAGE_p_TCGA_132_133_136_SNP_N_GenomeWideSNP_6_E09_787452	22	16052528	17495551	375	0.028
USAGE_p_TCGA_132_133_136_SNP_N_GenomeWideSNP_6_E09_787452	22	17499034	17499508	2	2.0913
USAGE_p_TCGA_132_133_136_SNP_N_GenomeWideSNP_6_E09_787452	22	17499890	21595178	2481	0.0492
USAGE_p_TCGA_132_133_136_SNP_N_GenomeWideSNP_6_E09_787452	22	21607084	21840595	35	-0.1785
USAGE_p_TCGA_132_133_136_SNP_N_GenomeWideSNP_6_E09_787452	22	21840674	21917153	10	-0.6394
USAGE_p_TCGA_132_133_136_SNP_N_GenomeWideSNP_6_E09_787452	22	21917323	28011046	4973	0.0564
USAGE_p_TCGA_132_133_136_SNP_N_GenomeWideSNP_6_E09_787452	22	28011067	28034554	25	0.4641
USAGE_p_TCGA_132_133_136_SNP_N_GenomeWideSNP_6_E09_787452	22	28035040	29870258	1093	0.0715
USAGE_p_TCGA_132_133_136_SNP_N_GenomeWideSNP_6_E09_787452	22	29870312	29870375	3	1.4264
USAGE_p_TCGA_132_133_136_SNP_N_GenomeWideSNP_6_E09_787452	22	29881701	41193404	7425	0.0716
USAGE_p_TCGA_132_133_136_SNP_N_GenomeWideSNP_6_E09_787452	22	41201153	47339759	4119	-0.3969
USAGE_p_TCGA_132_133_136_SNP_N_GenomeWideSNP_6_E09_787452	22	47341245	49355036	1844	0.023
USAGE_p_TCGA_132_133_136_SNP_N_GenomeWideSNP_6_E09_787452	22	49358965	51222515	1168	-0.4548
USAGE_p_TCGA_132_133_136_SNP_N_GenomeWideSNP_6_E09_787452	22	51223995	51234455	3	0.3672
USAGE_p_TCGA_132_133_136_SNP_N_GenomeWideSNP_6_E09_787452	X	168477	16473224	10156	-0.1022
USAGE_p_TCGA_132_133_136_SNP_N_GenomeWideSNP_6_E09_787452	X	16473479	16477085	8	0.3575
USAGE_p_TCGA_132_133_136_SNP_N_GenomeWideSNP_6_E09_787452	X	16477100	16554568	68	-0.0716
USAGE_p_TCGA_132_133_136_SNP_N_GenomeWideSNP_6_E09_787452	X	16557589	16589760	17	-0.7029
USAGE_p_TCGA_132_133_136_SNP_N_GenomeWideSNP_6_E09_787452	X	16591879	16618365	42	-0.0941
USAGE_p_TCGA_132_133_136_SNP_N_GenomeWideSNP_6_E09_787452	X	16619296	16971791	176	-0.5471
USAGE_p_TCGA_132_133_136_SNP_N_GenomeWideSNP_6_E09_787452	X	16972552	17185594	110	-0.1287
USAGE_p_TCGA_132_133_136_SNP_N_GenomeWideSNP_6_E09_787452	X	17186660	17186843	6	-0.7093
USAGE_p_TCGA_132_133_136_SNP_N_GenomeWideSNP_6_E09_787452	X	17186913	19013281	947	-0.149
USAGE_p_TCGA_132_133_136_SNP_N_GenomeWideSNP_6_E09_787452	X	19016791	21478658	1240	0.7192
USAGE_p_TCGA_132_133_136_SNP_N_GenomeWideSNP_6_E09_787452	X	21487339	32983945	7838	0.2535
USAGE_p_TCGA_132_133_136_SNP_N_GenomeWideSNP_6_E09_787452	X	32987454	32987615	2	-1.7129
USAGE_p_TCGA_132_133_136_SNP_N_GenomeWideSNP_6_E09_787452	X	32988258	50721010	9837	0.2305
USAGE_p_TCGA_132_133_136_SNP_N_GenomeWideSNP_6_E09_787452	X	50723870	54939893	1535	-0.1477
USAGE_p_TCGA_132_133_136_SNP_N_GenomeWideSNP_6_E09_787452	X	54942733	63608906	2286	0.2152
USAGE_p_TCGA_132_133_136_SNP_N_GenomeWideSNP_6_E09_787452	X	63614678	76335490	5900	-0.1409
USAGE_p_TCGA_132_133_136_SNP_N_GenomeWideSNP_6_E09_787452	X	76349873	76546512	21	-0.7904
USAGE_p_TCGA_132_133_136_SNP_N_GenomeWideSNP_6_E09_787452	X	76547479	107110289	16177	-0.1205
USAGE_p_TCGA_132_133_136_SNP_N_GenomeWideSNP_6_E09_787452	X	107111142	107112032	2	-1.6678
USAGE_p_TCGA_132_133_136_SNP_N_GenomeWideSNP_6_E09_787452	X	107116812	132511543	14627	-0.1401
USAGE_p_TCGA_132_133_136_SNP_N_GenomeWideSNP_6_E09_787452	X	132516949	134438803	904	0.2052
USAGE_p_TCGA_132_133_136_SNP_N_GenomeWideSNP_6_E09_787452	X	134438872	134442080	3	-0.7272
USAGE_p_TCGA_132_133_136_SNP_N_GenomeWideSNP_6_E09_787452	X	134445785	143626006	5788	0.1857
USAGE_p_TCGA_132_133_136_SNP_N_GenomeWideSNP_6_E09_787452	X	143626060	143638124	6	-0.6131
USAGE_p_TCGA_132_133_136_SNP_N_GenomeWideSNP_6_E09_787452	X	143641234	148798773	3647	0.1868
USAGE_p_TCGA_132_133_136_SNP_N_GenomeWideSNP_6_E09_787452	X	148798861	148885435	18	0.5606
USAGE_p_TCGA_132_133_136_SNP_N_GenomeWideSNP_6_E09_787452	X	148886557	154385156	3030	0.184
USAGE_p_TCGA_132_133_136_SNP_N_GenomeWideSNP_6_E09_787452	X	154392382	154418294	11	-0.6519
USAGE_p_TCGA_132_133_136_SNP_N_GenomeWideSNP_6_E09_787452	X	154432253	155182354	231	0.2354
USAGE_p_TCGA_132_133_136_SNP_N_GenomeWideSNP_6_E09_787452	Y	2650438	6101425	872	-2.3927
USAGE_p_TCGA_132_133_136_SNP_N_GenomeWideSNP_6_E09_787452	Y	6107901	6296423	85	-3.9128
USAGE_p_TCGA_132_133_136_SNP_N_GenomeWideSNP_6_E09_787452	Y	6299046	19571480	4707	-2.9593
USAGE_p_TCGA_132_133_136_SNP_N_GenomeWideSNP_6_E09_787452	Y	19574890	21088297	704	-3.5086
USAGE_p_TCGA_132_133_136_SNP_N_GenomeWideSNP_6_E09_787452	Y	21088485	23653771	978	-3.0039
USAGE_p_TCGA_132_133_136_SNP_N_GenomeWideSNP_6_E09_787452	Y	23683731	23690350	2	-8.4011
USAGE_p_TCGA_132_133_136_SNP_N_GenomeWideSNP_6_E09_787452	Y	23715701	27274970	758	-3.4126
USAGE_p_TCGA_132_133_136_SNP_N_GenomeWideSNP_6_E09_787452	Y	27298371	27717920	92	-2.7614
USAGE_p_TCGA_132_133_136_SNP_N_GenomeWideSNP_6_E09_787452	Y	27718192	28272116	197	-3.5288
USAGE_p_TCGA_132_133_136_SNP_N_GenomeWideSNP_6_E09_787452	Y	28277692	28321752	13	-5.0095
USAGE_p_TCGA_132_133_136_SNP_N_GenomeWideSNP_6_E09_787452	Y	28322019	28452016	51	-3.2156
USAGE_p_TCGA_132_133_136_SNP_N_GenomeWideSNP_6_E09_787452	Y	28457337	59018259	176	-2.4805
