Sample	Chromosome	Start	End	Num_Probes	Segment_Mean
FOXED_p_TCGA_b122_128_SNP_N_GenomeWideSNP_6_B02_781746	1	61735	228706	18	-0.7223
FOXED_p_TCGA_b122_128_SNP_N_GenomeWideSNP_6_B02_781746	1	228729	2167149	393	-0.1386
FOXED_p_TCGA_b122_128_SNP_N_GenomeWideSNP_6_B02_781746	1	2173638	2176317	2	1.2219
FOXED_p_TCGA_b122_128_SNP_N_GenomeWideSNP_6_B02_781746	1	2179285	17076467	8398	-0.0648
FOXED_p_TCGA_b122_128_SNP_N_GenomeWideSNP_6_B02_781746	1	17082412	17225225	35	-0.4464
FOXED_p_TCGA_b122_128_SNP_N_GenomeWideSNP_6_B02_781746	1	17225367	17235698	5	0.2566
FOXED_p_TCGA_b122_128_SNP_N_GenomeWideSNP_6_B02_781746	1	17235852	17283075	48	-0.528
FOXED_p_TCGA_b122_128_SNP_N_GenomeWideSNP_6_B02_781746	1	17284920	35091674	10266	-0.0591
FOXED_p_TCGA_b122_128_SNP_N_GenomeWideSNP_6_B02_781746	1	35102654	35103033	5	-1.4379
FOXED_p_TCGA_b122_128_SNP_N_GenomeWideSNP_6_B02_781746	1	35103036	35103827	6	-0.3555
FOXED_p_TCGA_b122_128_SNP_N_GenomeWideSNP_6_B02_781746	1	35103864	35104491	9	-1.2888
FOXED_p_TCGA_b122_128_SNP_N_GenomeWideSNP_6_B02_781746	1	35114268	72750353	23866	-0.0702
FOXED_p_TCGA_b122_128_SNP_N_GenomeWideSNP_6_B02_781746	1	72756113	72763370	9	-1.5878
FOXED_p_TCGA_b122_128_SNP_N_GenomeWideSNP_6_B02_781746	1	72768418	72811148	48	0.3696
FOXED_p_TCGA_b122_128_SNP_N_GenomeWideSNP_6_B02_781746	1	72811904	79319800	4087	-0.1909
FOXED_p_TCGA_b122_128_SNP_N_GenomeWideSNP_6_B02_781746	1	79320311	79555327	137	-1.4565
FOXED_p_TCGA_b122_128_SNP_N_GenomeWideSNP_6_B02_781746	1	79555605	104221647	15875	-0.0955
FOXED_p_TCGA_b122_128_SNP_N_GenomeWideSNP_6_B02_781746	1	104221812	104260032	18	-0.5452
FOXED_p_TCGA_b122_128_SNP_N_GenomeWideSNP_6_B02_781746	1	104260239	106019205	924	-0.1215
FOXED_p_TCGA_b122_128_SNP_N_GenomeWideSNP_6_B02_781746	1	106019236	106021853	12	-0.8581
FOXED_p_TCGA_b122_128_SNP_N_GenomeWideSNP_6_B02_781746	1	106022090	110227515	2676	-0.0817
FOXED_p_TCGA_b122_128_SNP_N_GenomeWideSNP_6_B02_781746	1	110232974	110240178	17	-0.9265
FOXED_p_TCGA_b122_128_SNP_N_GenomeWideSNP_6_B02_781746	1	110242953	112695965	1959	-0.0804
FOXED_p_TCGA_b122_128_SNP_N_GenomeWideSNP_6_B02_781746	1	112696087	112697390	24	-1.5341
FOXED_p_TCGA_b122_128_SNP_N_GenomeWideSNP_6_B02_781746	1	112705956	152555176	8039	-0.0835
FOXED_p_TCGA_b122_128_SNP_N_GenomeWideSNP_6_B02_781746	1	152555527	152586594	36	1.2061
FOXED_p_TCGA_b122_128_SNP_N_GenomeWideSNP_6_B02_781746	1	152590494	164821782	8042	-0.0745
FOXED_p_TCGA_b122_128_SNP_N_GenomeWideSNP_6_B02_781746	1	164823199	164825007	2	-1.5779
FOXED_p_TCGA_b122_128_SNP_N_GenomeWideSNP_6_B02_781746	1	164826754	179161702	10002	-0.0778
FOXED_p_TCGA_b122_128_SNP_N_GenomeWideSNP_6_B02_781746	1	179161751	179170217	10	0.5825
FOXED_p_TCGA_b122_128_SNP_N_GenomeWideSNP_6_B02_781746	1	179172956	196714873	11722	-0.1077
FOXED_p_TCGA_b122_128_SNP_N_GenomeWideSNP_6_B02_781746	1	196727850	196909645	162	-0.7872
FOXED_p_TCGA_b122_128_SNP_N_GenomeWideSNP_6_B02_781746	1	196913797	217709890	14157	-0.0895
FOXED_p_TCGA_b122_128_SNP_N_GenomeWideSNP_6_B02_781746	1	217710533	217710560	2	-1.6725
FOXED_p_TCGA_b122_128_SNP_N_GenomeWideSNP_6_B02_781746	1	217719563	227426072	6290	-0.0946
FOXED_p_TCGA_b122_128_SNP_N_GenomeWideSNP_6_B02_781746	1	227426205	227426406	2	-2.6328
FOXED_p_TCGA_b122_128_SNP_N_GenomeWideSNP_6_B02_781746	1	227429178	229811169	1380	-0.0914
FOXED_p_TCGA_b122_128_SNP_N_GenomeWideSNP_6_B02_781746	1	229816856	229820456	4	-1.0639
FOXED_p_TCGA_b122_128_SNP_N_GenomeWideSNP_6_B02_781746	1	229820485	232707216	2217	-0.0857
FOXED_p_TCGA_b122_128_SNP_N_GenomeWideSNP_6_B02_781746	1	232708196	232708400	2	-1.6285
FOXED_p_TCGA_b122_128_SNP_N_GenomeWideSNP_6_B02_781746	1	232709329	249224388	11846	-0.1042
FOXED_p_TCGA_b122_128_SNP_N_GenomeWideSNP_6_B02_781746	2	12784	98154265	61371	0.1806
FOXED_p_TCGA_b122_128_SNP_N_GenomeWideSNP_6_B02_781746	2	98157272	98162189	4	-1.4011
FOXED_p_TCGA_b122_128_SNP_N_GenomeWideSNP_6_B02_781746	2	98166878	106874497	5580	0.1846
FOXED_p_TCGA_b122_128_SNP_N_GenomeWideSNP_6_B02_781746	2	106874649	106887870	17	-0.2335
FOXED_p_TCGA_b122_128_SNP_N_GenomeWideSNP_6_B02_781746	2	106887928	117588586	5792	0.1752
FOXED_p_TCGA_b122_128_SNP_N_GenomeWideSNP_6_B02_781746	2	117589767	117589853	2	-1.3203
FOXED_p_TCGA_b122_128_SNP_N_GenomeWideSNP_6_B02_781746	2	117591245	129629941	7663	0.1628
FOXED_p_TCGA_b122_128_SNP_N_GenomeWideSNP_6_B02_781746	2	129637021	129640297	17	-0.4167
FOXED_p_TCGA_b122_128_SNP_N_GenomeWideSNP_6_B02_781746	2	129640315	133038729	1609	0.1406
FOXED_p_TCGA_b122_128_SNP_N_GenomeWideSNP_6_B02_781746	2	133046772	133117260	29	0.6844
FOXED_p_TCGA_b122_128_SNP_N_GenomeWideSNP_6_B02_781746	2	133121946	154889809	13769	0.1536
FOXED_p_TCGA_b122_128_SNP_N_GenomeWideSNP_6_B02_781746	2	154895975	154896482	2	-2.1413
FOXED_p_TCGA_b122_128_SNP_N_GenomeWideSNP_6_B02_781746	2	154900223	159958620	2909	0.1624
FOXED_p_TCGA_b122_128_SNP_N_GenomeWideSNP_6_B02_781746	2	159960343	159960973	2	1.3111
FOXED_p_TCGA_b122_128_SNP_N_GenomeWideSNP_6_B02_781746	2	159963287	164636852	2802	0.1746
FOXED_p_TCGA_b122_128_SNP_N_GenomeWideSNP_6_B02_781746	2	164643488	164645126	5	-1.0064
FOXED_p_TCGA_b122_128_SNP_N_GenomeWideSNP_6_B02_781746	2	164646642	184794400	12709	0.1804
FOXED_p_TCGA_b122_128_SNP_N_GenomeWideSNP_6_B02_781746	2	184794514	184802441	16	-0.6657
FOXED_p_TCGA_b122_128_SNP_N_GenomeWideSNP_6_B02_781746	2	184808589	208355338	13688	0.1767
FOXED_p_TCGA_b122_128_SNP_N_GenomeWideSNP_6_B02_781746	2	208355696	208359560	16	0.6918
FOXED_p_TCGA_b122_128_SNP_N_GenomeWideSNP_6_B02_781746	2	208359796	243089456	22153	0.1716
FOXED_p_TCGA_b122_128_SNP_N_GenomeWideSNP_6_B02_781746	3	60345	6317359	5583	-0.5596
FOXED_p_TCGA_b122_128_SNP_N_GenomeWideSNP_6_B02_781746	3	6319263	6339013	23	-0.1198
FOXED_p_TCGA_b122_128_SNP_N_GenomeWideSNP_6_B02_781746	3	6339935	6651128	241	-0.537
FOXED_p_TCGA_b122_128_SNP_N_GenomeWideSNP_6_B02_781746	3	6651211	6653332	22	-1.1542
FOXED_p_TCGA_b122_128_SNP_N_GenomeWideSNP_6_B02_781746	3	6655078	12086597	4205	-0.544
FOXED_p_TCGA_b122_128_SNP_N_GenomeWideSNP_6_B02_781746	3	12090734	12631014	342	-1.2701
FOXED_p_TCGA_b122_128_SNP_N_GenomeWideSNP_6_B02_781746	3	12631094	24973255	8260	-0.552
FOXED_p_TCGA_b122_128_SNP_N_GenomeWideSNP_6_B02_781746	3	24977639	36448067	8022	-0.0768
FOXED_p_TCGA_b122_128_SNP_N_GenomeWideSNP_6_B02_781746	3	36451990	36452364	2	-1.8781
FOXED_p_TCGA_b122_128_SNP_N_GenomeWideSNP_6_B02_781746	3	36453239	38397097	1239	-0.0723
FOXED_p_TCGA_b122_128_SNP_N_GenomeWideSNP_6_B02_781746	3	38401677	38634213	166	0.3018
FOXED_p_TCGA_b122_128_SNP_N_GenomeWideSNP_6_B02_781746	3	38637114	38983756	260	-0.043
FOXED_p_TCGA_b122_128_SNP_N_GenomeWideSNP_6_B02_781746	3	38987541	46818240	4904	0.2749
FOXED_p_TCGA_b122_128_SNP_N_GenomeWideSNP_6_B02_781746	3	46831837	46831976	3	1.2242
FOXED_p_TCGA_b122_128_SNP_N_GenomeWideSNP_6_B02_781746	3	46832011	47130444	146	0.2805
FOXED_p_TCGA_b122_128_SNP_N_GenomeWideSNP_6_B02_781746	3	47133692	68724692	14444	-0.0712
FOXED_p_TCGA_b122_128_SNP_N_GenomeWideSNP_6_B02_781746	3	68725751	68747413	17	0.5696
FOXED_p_TCGA_b122_128_SNP_N_GenomeWideSNP_6_B02_781746	3	68748758	98944476	15961	-0.1072
FOXED_p_TCGA_b122_128_SNP_N_GenomeWideSNP_6_B02_781746	3	98944511	98949308	34	0.2825
FOXED_p_TCGA_b122_128_SNP_N_GenomeWideSNP_6_B02_781746	3	98949314	122780319	14556	-0.0974
FOXED_p_TCGA_b122_128_SNP_N_GenomeWideSNP_6_B02_781746	3	122780413	125436237	1719	0.2707
FOXED_p_TCGA_b122_128_SNP_N_GenomeWideSNP_6_B02_781746	3	125443608	125458762	10	0.7491
FOXED_p_TCGA_b122_128_SNP_N_GenomeWideSNP_6_B02_781746	3	125462329	137033060	7038	0.2559
FOXED_p_TCGA_b122_128_SNP_N_GenomeWideSNP_6_B02_781746	3	137033260	137033263	3	-0.6836
FOXED_p_TCGA_b122_128_SNP_N_GenomeWideSNP_6_B02_781746	3	137033422	162512739	15791	0.2376
FOXED_p_TCGA_b122_128_SNP_N_GenomeWideSNP_6_B02_781746	3	162513092	162581373	39	0.6674
FOXED_p_TCGA_b122_128_SNP_N_GenomeWideSNP_6_B02_781746	3	162581468	183407665	12689	0.2313
FOXED_p_TCGA_b122_128_SNP_N_GenomeWideSNP_6_B02_781746	3	183414027	183919950	244	-0.133
FOXED_p_TCGA_b122_128_SNP_N_GenomeWideSNP_6_B02_781746	3	183920141	197896118	9029	0.2463
FOXED_p_TCGA_b122_128_SNP_N_GenomeWideSNP_6_B02_781746	4	12281	8226488	4897	-0.1103
FOXED_p_TCGA_b122_128_SNP_N_GenomeWideSNP_6_B02_781746	4	8227639	8227825	3	-1.6882
FOXED_p_TCGA_b122_128_SNP_N_GenomeWideSNP_6_B02_781746	4	8228434	10210294	901	-0.1086
FOXED_p_TCGA_b122_128_SNP_N_GenomeWideSNP_6_B02_781746	4	10210390	10234266	31	0.7831
FOXED_p_TCGA_b122_128_SNP_N_GenomeWideSNP_6_B02_781746	4	10234608	10390715	176	-0.0748
FOXED_p_TCGA_b122_128_SNP_N_GenomeWideSNP_6_B02_781746	4	10392354	10400668	16	-0.9432
FOXED_p_TCGA_b122_128_SNP_N_GenomeWideSNP_6_B02_781746	4	10402718	24598488	10325	-0.1031
FOXED_p_TCGA_b122_128_SNP_N_GenomeWideSNP_6_B02_781746	4	24601559	24601563	2	-1.5255
FOXED_p_TCGA_b122_128_SNP_N_GenomeWideSNP_6_B02_781746	4	24605273	34779004	6482	-0.1544
FOXED_p_TCGA_b122_128_SNP_N_GenomeWideSNP_6_B02_781746	4	34779025	34824183	40	-0.7048
FOXED_p_TCGA_b122_128_SNP_N_GenomeWideSNP_6_B02_781746	4	34824725	44976135	6621	-0.1189
FOXED_p_TCGA_b122_128_SNP_N_GenomeWideSNP_6_B02_781746	4	44976295	44979599	2	-1.94
FOXED_p_TCGA_b122_128_SNP_N_GenomeWideSNP_6_B02_781746	4	44979887	55501728	4228	-0.1055
FOXED_p_TCGA_b122_128_SNP_N_GenomeWideSNP_6_B02_781746	4	55501921	55505360	2	-1.297
FOXED_p_TCGA_b122_128_SNP_N_GenomeWideSNP_6_B02_781746	4	55505933	69374941	8661	-0.124
FOXED_p_TCGA_b122_128_SNP_N_GenomeWideSNP_6_B02_781746	4	69374955	69528959	69	0.3415
FOXED_p_TCGA_b122_128_SNP_N_GenomeWideSNP_6_B02_781746	4	69536788	70123510	323	-0.069
FOXED_p_TCGA_b122_128_SNP_N_GenomeWideSNP_6_B02_781746	4	70127644	70232022	55	-0.8152
FOXED_p_TCGA_b122_128_SNP_N_GenomeWideSNP_6_B02_781746	4	70232124	116166104	28011	-0.0946
FOXED_p_TCGA_b122_128_SNP_N_GenomeWideSNP_6_B02_781746	4	116172611	116173269	10	-0.8476
FOXED_p_TCGA_b122_128_SNP_N_GenomeWideSNP_6_B02_781746	4	116175254	118206052	1210	-0.138
FOXED_p_TCGA_b122_128_SNP_N_GenomeWideSNP_6_B02_781746	4	118214970	118215079	2	-1.8065
FOXED_p_TCGA_b122_128_SNP_N_GenomeWideSNP_6_B02_781746	4	118227898	139611745	12568	-0.1202
FOXED_p_TCGA_b122_128_SNP_N_GenomeWideSNP_6_B02_781746	4	139617246	139619334	2	-1.1169
FOXED_p_TCGA_b122_128_SNP_N_GenomeWideSNP_6_B02_781746	4	139619389	140598330	619	-0.0909
FOXED_p_TCGA_b122_128_SNP_N_GenomeWideSNP_6_B02_781746	4	140599053	140600437	4	-1.0712
FOXED_p_TCGA_b122_128_SNP_N_GenomeWideSNP_6_B02_781746	4	140601791	149486629	5389	-0.0866
FOXED_p_TCGA_b122_128_SNP_N_GenomeWideSNP_6_B02_781746	4	149493193	149493212	2	-2.3179
FOXED_p_TCGA_b122_128_SNP_N_GenomeWideSNP_6_B02_781746	4	149494154	172369346	14342	-0.1022
FOXED_p_TCGA_b122_128_SNP_N_GenomeWideSNP_6_B02_781746	4	172374884	172377776	12	0.9867
FOXED_p_TCGA_b122_128_SNP_N_GenomeWideSNP_6_B02_781746	4	172380371	173422522	639	-0.118
FOXED_p_TCGA_b122_128_SNP_N_GenomeWideSNP_6_B02_781746	4	173424947	173428643	7	0.6938
FOXED_p_TCGA_b122_128_SNP_N_GenomeWideSNP_6_B02_781746	4	173441132	189221258	10715	-0.1234
FOXED_p_TCGA_b122_128_SNP_N_GenomeWideSNP_6_B02_781746	4	189221360	189221424	3	1.8221
FOXED_p_TCGA_b122_128_SNP_N_GenomeWideSNP_6_B02_781746	4	189221439	191027923	1177	-0.1299
FOXED_p_TCGA_b122_128_SNP_N_GenomeWideSNP_6_B02_781746	5	15532	15719350	12222	0.1885
FOXED_p_TCGA_b122_128_SNP_N_GenomeWideSNP_6_B02_781746	5	15720075	15723485	11	-0.4691
FOXED_p_TCGA_b122_128_SNP_N_GenomeWideSNP_6_B02_781746	5	15729327	21449276	3553	0.1723
FOXED_p_TCGA_b122_128_SNP_N_GenomeWideSNP_6_B02_781746	5	21451200	21451998	4	1.0002
FOXED_p_TCGA_b122_128_SNP_N_GenomeWideSNP_6_B02_781746	5	21452438	46271930	15038	0.1817
FOXED_p_TCGA_b122_128_SNP_N_GenomeWideSNP_6_B02_781746	5	46272521	46273502	5	-1.8979
FOXED_p_TCGA_b122_128_SNP_N_GenomeWideSNP_6_B02_781746	5	46278212	57321646	5083	0.1996
FOXED_p_TCGA_b122_128_SNP_N_GenomeWideSNP_6_B02_781746	5	57326027	57333533	32	-0.5423
FOXED_p_TCGA_b122_128_SNP_N_GenomeWideSNP_6_B02_781746	5	57338357	68829347	7304	0.1958
FOXED_p_TCGA_b122_128_SNP_N_GenomeWideSNP_6_B02_781746	5	68846303	70254906	19	-0.2027
FOXED_p_TCGA_b122_128_SNP_N_GenomeWideSNP_6_B02_781746	5	70306659	70391185	7	1.1174
FOXED_p_TCGA_b122_128_SNP_N_GenomeWideSNP_6_B02_781746	5	70391253	117386617	28971	0.1723
FOXED_p_TCGA_b122_128_SNP_N_GenomeWideSNP_6_B02_781746	5	117388422	117388963	10	-1.4145
FOXED_p_TCGA_b122_128_SNP_N_GenomeWideSNP_6_B02_781746	5	117404340	151514171	21404	0.2014
FOXED_p_TCGA_b122_128_SNP_N_GenomeWideSNP_6_B02_781746	5	151515386	151520271	15	-0.4549
FOXED_p_TCGA_b122_128_SNP_N_GenomeWideSNP_6_B02_781746	5	151520422	155476998	2664	0.2104
FOXED_p_TCGA_b122_128_SNP_N_GenomeWideSNP_6_B02_781746	5	155478762	155495250	12	-0.3281
FOXED_p_TCGA_b122_128_SNP_N_GenomeWideSNP_6_B02_781746	5	155495253	177132443	14829	0.1992
FOXED_p_TCGA_b122_128_SNP_N_GenomeWideSNP_6_B02_781746	5	177133658	177392898	40	-0.0922
FOXED_p_TCGA_b122_128_SNP_N_GenomeWideSNP_6_B02_781746	5	177394036	180378710	1789	0.2104
FOXED_p_TCGA_b122_128_SNP_N_GenomeWideSNP_6_B02_781746	5	180378888	180433225	19	-0.1622
FOXED_p_TCGA_b122_128_SNP_N_GenomeWideSNP_6_B02_781746	5	180433264	180790320	170	0.178
FOXED_p_TCGA_b122_128_SNP_N_GenomeWideSNP_6_B02_781746	6	149661	6026211	4863	-0.0384
FOXED_p_TCGA_b122_128_SNP_N_GenomeWideSNP_6_B02_781746	6	6033931	6034436	3	-1.2566
FOXED_p_TCGA_b122_128_SNP_N_GenomeWideSNP_6_B02_781746	6	6037045	29837072	16896	-0.0427
FOXED_p_TCGA_b122_128_SNP_N_GenomeWideSNP_6_B02_781746	6	29837187	29874642	22	0.5987
FOXED_p_TCGA_b122_128_SNP_N_GenomeWideSNP_6_B02_781746	6	29874709	30285121	204	-0.0538
FOXED_p_TCGA_b122_128_SNP_N_GenomeWideSNP_6_B02_781746	6	30285405	30299245	3	-1.1042
FOXED_p_TCGA_b122_128_SNP_N_GenomeWideSNP_6_B02_781746	6	30301600	31280823	459	-0.0163
FOXED_p_TCGA_b122_128_SNP_N_GenomeWideSNP_6_B02_781746	6	31286276	31296451	11	0.8314
FOXED_p_TCGA_b122_128_SNP_N_GenomeWideSNP_6_B02_781746	6	31309924	48930865	11001	-0.0313
FOXED_p_TCGA_b122_128_SNP_N_GenomeWideSNP_6_B02_781746	6	48931729	48934975	3	-1.9001
FOXED_p_TCGA_b122_128_SNP_N_GenomeWideSNP_6_B02_781746	6	48935079	65710729	7928	-0.0523
FOXED_p_TCGA_b122_128_SNP_N_GenomeWideSNP_6_B02_781746	6	65711399	65717384	4	-1.0927
FOXED_p_TCGA_b122_128_SNP_N_GenomeWideSNP_6_B02_781746	6	65731566	74592225	5927	-0.0686
FOXED_p_TCGA_b122_128_SNP_N_GenomeWideSNP_6_B02_781746	6	74592457	74597341	8	-2.7854
FOXED_p_TCGA_b122_128_SNP_N_GenomeWideSNP_6_B02_781746	6	74601410	77439868	1773	-0.0522
FOXED_p_TCGA_b122_128_SNP_N_GenomeWideSNP_6_B02_781746	6	77440048	77452673	18	0.3752
FOXED_p_TCGA_b122_128_SNP_N_GenomeWideSNP_6_B02_781746	6	77452689	78962889	982	-0.0806
FOXED_p_TCGA_b122_128_SNP_N_GenomeWideSNP_6_B02_781746	6	78969065	79027770	107	0.3688
FOXED_p_TCGA_b122_128_SNP_N_GenomeWideSNP_6_B02_781746	6	79032317	103734174	15501	-0.056
FOXED_p_TCGA_b122_128_SNP_N_GenomeWideSNP_6_B02_781746	6	103734645	103762061	51	0.4664
FOXED_p_TCGA_b122_128_SNP_N_GenomeWideSNP_6_B02_781746	6	103765470	171051005	44273	-0.0487
FOXED_p_TCGA_b122_128_SNP_N_GenomeWideSNP_6_B02_781746	7	43355	148300	90	0.6196
FOXED_p_TCGA_b122_128_SNP_N_GenomeWideSNP_6_B02_781746	7	155066	161517	12	-0.5032
FOXED_p_TCGA_b122_128_SNP_N_GenomeWideSNP_6_B02_781746	7	162145	4674458	2420	0.7066
FOXED_p_TCGA_b122_128_SNP_N_GenomeWideSNP_6_B02_781746	7	4683776	4683874	3	-0.5921
FOXED_p_TCGA_b122_128_SNP_N_GenomeWideSNP_6_B02_781746	7	4685128	54380373	36077	0.6975
FOXED_p_TCGA_b122_128_SNP_N_GenomeWideSNP_6_B02_781746	7	54386505	54386517	6	-1.0691
FOXED_p_TCGA_b122_128_SNP_N_GenomeWideSNP_6_B02_781746	7	54393488	54684099	201	0.7139
FOXED_p_TCGA_b122_128_SNP_N_GenomeWideSNP_6_B02_781746	7	54688844	54689416	3	-0.151
FOXED_p_TCGA_b122_128_SNP_N_GenomeWideSNP_6_B02_781746	7	54693856	76143893	8289	0.6045
FOXED_p_TCGA_b122_128_SNP_N_GenomeWideSNP_6_B02_781746	7	76153348	76161308	5	-0.5569
FOXED_p_TCGA_b122_128_SNP_N_GenomeWideSNP_6_B02_781746	7	76161422	76327899	82	0.3173
FOXED_p_TCGA_b122_128_SNP_N_GenomeWideSNP_6_B02_781746	7	76328083	76432717	42	0.5607
FOXED_p_TCGA_b122_128_SNP_N_GenomeWideSNP_6_B02_781746	7	76432962	76438532	6	-0.1317
FOXED_p_TCGA_b122_128_SNP_N_GenomeWideSNP_6_B02_781746	7	76438611	76504541	72	0.5641
FOXED_p_TCGA_b122_128_SNP_N_GenomeWideSNP_6_B02_781746	7	76504575	76514426	26	0.252
FOXED_p_TCGA_b122_128_SNP_N_GenomeWideSNP_6_B02_781746	7	76515213	86932765	6825	0.5785
FOXED_p_TCGA_b122_128_SNP_N_GenomeWideSNP_6_B02_781746	7	86940803	86948227	4	-1.1804
FOXED_p_TCGA_b122_128_SNP_N_GenomeWideSNP_6_B02_781746	7	86951809	105158056	10448	0.5954
FOXED_p_TCGA_b122_128_SNP_N_GenomeWideSNP_6_B02_781746	7	105160424	105166520	3	-0.4669
FOXED_p_TCGA_b122_128_SNP_N_GenomeWideSNP_6_B02_781746	7	105166776	109440919	2841	0.6008
FOXED_p_TCGA_b122_128_SNP_N_GenomeWideSNP_6_B02_781746	7	109440920	109441212	5	-0.3136
FOXED_p_TCGA_b122_128_SNP_N_GenomeWideSNP_6_B02_781746	7	109441244	133785177	14777	0.5909
FOXED_p_TCGA_b122_128_SNP_N_GenomeWideSNP_6_B02_781746	7	133785195	133795634	25	0.964
FOXED_p_TCGA_b122_128_SNP_N_GenomeWideSNP_6_B02_781746	7	133795665	142474939	5702	0.5989
FOXED_p_TCGA_b122_128_SNP_N_GenomeWideSNP_6_B02_781746	7	142476719	142486045	27	-2.2129
FOXED_p_TCGA_b122_128_SNP_N_GenomeWideSNP_6_B02_781746	7	142486115	142486345	2	-0.6224
FOXED_p_TCGA_b122_128_SNP_N_GenomeWideSNP_6_B02_781746	7	142486495	143227096	473	0.5884
FOXED_p_TCGA_b122_128_SNP_N_GenomeWideSNP_6_B02_781746	7	143227117	143398042	24	0.0423
FOXED_p_TCGA_b122_128_SNP_N_GenomeWideSNP_6_B02_781746	7	143398060	143408430	3	-0.5171
FOXED_p_TCGA_b122_128_SNP_N_GenomeWideSNP_6_B02_781746	7	143425378	143444216	18	0.5592
FOXED_p_TCGA_b122_128_SNP_N_GenomeWideSNP_6_B02_781746	7	143444531	143568059	50	-0.0962
FOXED_p_TCGA_b122_128_SNP_N_GenomeWideSNP_6_B02_781746	7	143572166	143688463	80	0.6202
FOXED_p_TCGA_b122_128_SNP_N_GenomeWideSNP_6_B02_781746	7	143688547	143690565	6	0.0837
FOXED_p_TCGA_b122_128_SNP_N_GenomeWideSNP_6_B02_781746	7	143690645	143709699	37	0.5846
FOXED_p_TCGA_b122_128_SNP_N_GenomeWideSNP_6_B02_781746	7	143710096	143711151	7	1.1439
FOXED_p_TCGA_b122_128_SNP_N_GenomeWideSNP_6_B02_781746	7	143711169	144003667	166	0.5894
FOXED_p_TCGA_b122_128_SNP_N_GenomeWideSNP_6_B02_781746	7	144003746	144009564	3	-0.7377
FOXED_p_TCGA_b122_128_SNP_N_GenomeWideSNP_6_B02_781746	7	144014189	154389895	6467	0.5838
FOXED_p_TCGA_b122_128_SNP_N_GenomeWideSNP_6_B02_781746	7	154393171	154399613	4	1.5421
FOXED_p_TCGA_b122_128_SNP_N_GenomeWideSNP_6_B02_781746	7	154400830	155464029	918	0.5866
FOXED_p_TCGA_b122_128_SNP_N_GenomeWideSNP_6_B02_781746	7	155465863	155466938	2	1.9683
FOXED_p_TCGA_b122_128_SNP_N_GenomeWideSNP_6_B02_781746	7	155469636	159127004	2327	0.595
FOXED_p_TCGA_b122_128_SNP_N_GenomeWideSNP_6_B02_781746	8	31254	18265154	16756	0.0056
FOXED_p_TCGA_b122_128_SNP_N_GenomeWideSNP_6_B02_781746	8	18266157	18271185	4	-1.9606
FOXED_p_TCGA_b122_128_SNP_N_GenomeWideSNP_6_B02_781746	8	18271387	60324169	25016	0.0443
FOXED_p_TCGA_b122_128_SNP_N_GenomeWideSNP_6_B02_781746	8	60326457	60329133	6	-0.8437
FOXED_p_TCGA_b122_128_SNP_N_GenomeWideSNP_6_B02_781746	8	60332808	146298155	54237	0.0567
FOXED_p_TCGA_b122_128_SNP_N_GenomeWideSNP_6_B02_781746	9	46587	23363115	20455	-0.4225
FOXED_p_TCGA_b122_128_SNP_N_GenomeWideSNP_6_B02_781746	9	23363933	23373484	7	-2.8377
FOXED_p_TCGA_b122_128_SNP_N_GenomeWideSNP_6_B02_781746	9	23378488	41978375	10880	-0.443
FOXED_p_TCGA_b122_128_SNP_N_GenomeWideSNP_6_B02_781746	9	41985187	42135708	7	-1.4212
FOXED_p_TCGA_b122_128_SNP_N_GenomeWideSNP_6_B02_781746	9	42136026	43151337	14	-0.6408
FOXED_p_TCGA_b122_128_SNP_N_GenomeWideSNP_6_B02_781746	9	43166988	68183981	284	-0.3182
FOXED_p_TCGA_b122_128_SNP_N_GenomeWideSNP_6_B02_781746	9	68186051	68188547	8	1.3158
FOXED_p_TCGA_b122_128_SNP_N_GenomeWideSNP_6_B02_781746	9	68209916	68823235	82	-0.4659
FOXED_p_TCGA_b122_128_SNP_N_GenomeWideSNP_6_B02_781746	9	68828677	69923647	97	-1.0489
FOXED_p_TCGA_b122_128_SNP_N_GenomeWideSNP_6_B02_781746	9	69923863	106566497	24881	-0.5252
FOXED_p_TCGA_b122_128_SNP_N_GenomeWideSNP_6_B02_781746	9	106568696	106569290	2	-3.9607
FOXED_p_TCGA_b122_128_SNP_N_GenomeWideSNP_6_B02_781746	9	106570702	137781941	21706	-0.5226
FOXED_p_TCGA_b122_128_SNP_N_GenomeWideSNP_6_B02_781746	9	137782277	137784868	2	-2.0613
FOXED_p_TCGA_b122_128_SNP_N_GenomeWideSNP_6_B02_781746	9	137786803	141091394	1422	-0.5568
FOXED_p_TCGA_b122_128_SNP_N_GenomeWideSNP_6_B02_781746	10	72759	17927554	14894	-0.1596
FOXED_p_TCGA_b122_128_SNP_N_GenomeWideSNP_6_B02_781746	10	17938208	17949857	2	1.6527
FOXED_p_TCGA_b122_128_SNP_N_GenomeWideSNP_6_B02_781746	10	17971816	18185123	14	-0.1867
FOXED_p_TCGA_b122_128_SNP_N_GenomeWideSNP_6_B02_781746	10	18196769	18199813	2	-2.171
FOXED_p_TCGA_b122_128_SNP_N_GenomeWideSNP_6_B02_781746	10	18223647	31251334	9400	-0.1617
FOXED_p_TCGA_b122_128_SNP_N_GenomeWideSNP_6_B02_781746	10	31251348	31251726	8	-1.0577
FOXED_p_TCGA_b122_128_SNP_N_GenomeWideSNP_6_B02_781746	10	31251738	45208225	6658	-0.1545
FOXED_p_TCGA_b122_128_SNP_N_GenomeWideSNP_6_B02_781746	10	45210690	45357798	115	0.5074
FOXED_p_TCGA_b122_128_SNP_N_GenomeWideSNP_6_B02_781746	10	45366907	47771030	868	-0.2214
FOXED_p_TCGA_b122_128_SNP_N_GenomeWideSNP_6_B02_781746	10	47897394	47913401	3	-2.659
FOXED_p_TCGA_b122_128_SNP_N_GenomeWideSNP_6_B02_781746	10	47948060	48771950	291	-0.1762
FOXED_p_TCGA_b122_128_SNP_N_GenomeWideSNP_6_B02_781746	10	48837810	48840627	2	2.0777
FOXED_p_TCGA_b122_128_SNP_N_GenomeWideSNP_6_B02_781746	10	48883402	51822399	1474	-0.1888
FOXED_p_TCGA_b122_128_SNP_N_GenomeWideSNP_6_B02_781746	10	51830360	51867234	4	0.6977
FOXED_p_TCGA_b122_128_SNP_N_GenomeWideSNP_6_B02_781746	10	51891920	114206121	41949	-0.1776
FOXED_p_TCGA_b122_128_SNP_N_GenomeWideSNP_6_B02_781746	10	114207480	115242506	710	-0.6318
FOXED_p_TCGA_b122_128_SNP_N_GenomeWideSNP_6_B02_781746	10	115242531	127067490	8677	-0.1735
FOXED_p_TCGA_b122_128_SNP_N_GenomeWideSNP_6_B02_781746	10	127068633	127072943	2	-2.0223
FOXED_p_TCGA_b122_128_SNP_N_GenomeWideSNP_6_B02_781746	10	127074060	135506704	6041	-0.1951
FOXED_p_TCGA_b122_128_SNP_N_GenomeWideSNP_6_B02_781746	11	198510	5794692	3319	0.1652
FOXED_p_TCGA_b122_128_SNP_N_GenomeWideSNP_6_B02_781746	11	5794708	5809461	22	0.577
FOXED_p_TCGA_b122_128_SNP_N_GenomeWideSNP_6_B02_781746	11	5812360	18940856	9430	0.1771
FOXED_p_TCGA_b122_128_SNP_N_GenomeWideSNP_6_B02_781746	11	18940870	18951931	18	0.507
FOXED_p_TCGA_b122_128_SNP_N_GenomeWideSNP_6_B02_781746	11	18952192	18953004	8	1.0186
FOXED_p_TCGA_b122_128_SNP_N_GenomeWideSNP_6_B02_781746	11	18953022	18961352	21	0.4658
FOXED_p_TCGA_b122_128_SNP_N_GenomeWideSNP_6_B02_781746	11	18961384	28751437	7427	0.1523
FOXED_p_TCGA_b122_128_SNP_N_GenomeWideSNP_6_B02_781746	11	28751565	39451496	7438	-0.1435
FOXED_p_TCGA_b122_128_SNP_N_GenomeWideSNP_6_B02_781746	11	39453189	42807044	2362	0.13
FOXED_p_TCGA_b122_128_SNP_N_GenomeWideSNP_6_B02_781746	11	42813151	42818039	3	-0.689
FOXED_p_TCGA_b122_128_SNP_N_GenomeWideSNP_6_B02_781746	11	42820603	49156846	3606	0.1636
FOXED_p_TCGA_b122_128_SNP_N_GenomeWideSNP_6_B02_781746	11	49161521	50131425	466	-0.1375
FOXED_p_TCGA_b122_128_SNP_N_GenomeWideSNP_6_B02_781746	11	50133374	107230719	33104	0.1524
FOXED_p_TCGA_b122_128_SNP_N_GenomeWideSNP_6_B02_781746	11	107238656	107238931	6	-1.7389
FOXED_p_TCGA_b122_128_SNP_N_GenomeWideSNP_6_B02_781746	11	107239128	121367921	9672	0.1566
FOXED_p_TCGA_b122_128_SNP_N_GenomeWideSNP_6_B02_781746	11	121367975	133073151	8890	-0.1654
FOXED_p_TCGA_b122_128_SNP_N_GenomeWideSNP_6_B02_781746	11	133074172	134944770	1397	0.1192
FOXED_p_TCGA_b122_128_SNP_N_GenomeWideSNP_6_B02_781746	12	150442	8556693	5620	-0.1262
FOXED_p_TCGA_b122_128_SNP_N_GenomeWideSNP_6_B02_781746	12	8558488	8580943	20	0.7511
FOXED_p_TCGA_b122_128_SNP_N_GenomeWideSNP_6_B02_781746	12	8581141	9630556	566	-0.1908
FOXED_p_TCGA_b122_128_SNP_N_GenomeWideSNP_6_B02_781746	12	9633870	9728292	25	0.3459
FOXED_p_TCGA_b122_128_SNP_N_GenomeWideSNP_6_B02_781746	12	9734969	11219423	1044	-0.1433
FOXED_p_TCGA_b122_128_SNP_N_GenomeWideSNP_6_B02_781746	12	11220724	11241532	12	0.528
FOXED_p_TCGA_b122_128_SNP_N_GenomeWideSNP_6_B02_781746	12	11251874	11504091	131	-0.1247
FOXED_p_TCGA_b122_128_SNP_N_GenomeWideSNP_6_B02_781746	12	11511577	11543406	32	-0.7337
FOXED_p_TCGA_b122_128_SNP_N_GenomeWideSNP_6_B02_781746	12	11552192	28695510	11965	-0.1545
FOXED_p_TCGA_b122_128_SNP_N_GenomeWideSNP_6_B02_781746	12	28697266	28745330	52	0.4883
FOXED_p_TCGA_b122_128_SNP_N_GenomeWideSNP_6_B02_781746	12	28750428	33294622	3411	-0.1578
FOXED_p_TCGA_b122_128_SNP_N_GenomeWideSNP_6_B02_781746	12	33294644	33307374	29	0.237
FOXED_p_TCGA_b122_128_SNP_N_GenomeWideSNP_6_B02_781746	12	33308360	33386757	46	-0.1219
FOXED_p_TCGA_b122_128_SNP_N_GenomeWideSNP_6_B02_781746	12	33388829	33395418	5	-1.3449
FOXED_p_TCGA_b122_128_SNP_N_GenomeWideSNP_6_B02_781746	12	33399053	133778189	62145	-0.165
FOXED_p_TCGA_b122_128_SNP_N_GenomeWideSNP_6_B02_781746	13	19026949	20409931	697	0.7924
FOXED_p_TCGA_b122_128_SNP_N_GenomeWideSNP_6_B02_781746	13	20410556	20446859	13	1.4124
FOXED_p_TCGA_b122_128_SNP_N_GenomeWideSNP_6_B02_781746	13	20449891	20820781	198	0.8615
FOXED_p_TCGA_b122_128_SNP_N_GenomeWideSNP_6_B02_781746	13	20827251	20827940	2	-3.4255
FOXED_p_TCGA_b122_128_SNP_N_GenomeWideSNP_6_B02_781746	13	20832547	20892398	41	0.9032
FOXED_p_TCGA_b122_128_SNP_N_GenomeWideSNP_6_B02_781746	13	20892604	20893431	3	-0.3231
FOXED_p_TCGA_b122_128_SNP_N_GenomeWideSNP_6_B02_781746	13	20894352	23629187	1944	0.8576
FOXED_p_TCGA_b122_128_SNP_N_GenomeWideSNP_6_B02_781746	13	23629210	23633515	13	-0.2461
FOXED_p_TCGA_b122_128_SNP_N_GenomeWideSNP_6_B02_781746	13	23638195	25029295	1135	0.8681
FOXED_p_TCGA_b122_128_SNP_N_GenomeWideSNP_6_B02_781746	13	25029373	25030211	9	0.2539
FOXED_p_TCGA_b122_128_SNP_N_GenomeWideSNP_6_B02_781746	13	25030447	25035607	3	1.094
FOXED_p_TCGA_b122_128_SNP_N_GenomeWideSNP_6_B02_781746	13	25039590	25039598	3	-0.8372
FOXED_p_TCGA_b122_128_SNP_N_GenomeWideSNP_6_B02_781746	13	25039678	33534282	6315	0.8597
FOXED_p_TCGA_b122_128_SNP_N_GenomeWideSNP_6_B02_781746	13	33536160	33536407	3	-0.2573
FOXED_p_TCGA_b122_128_SNP_N_GenomeWideSNP_6_B02_781746	13	33537299	38071135	3196	0.8288
FOXED_p_TCGA_b122_128_SNP_N_GenomeWideSNP_6_B02_781746	13	38072036	38084757	16	1.7841
FOXED_p_TCGA_b122_128_SNP_N_GenomeWideSNP_6_B02_781746	13	38088330	53094799	9918	0.8662
FOXED_p_TCGA_b122_128_SNP_N_GenomeWideSNP_6_B02_781746	13	53097984	53105785	3	-1.7674
FOXED_p_TCGA_b122_128_SNP_N_GenomeWideSNP_6_B02_781746	13	53117879	69249481	9575	0.8084
FOXED_p_TCGA_b122_128_SNP_N_GenomeWideSNP_6_B02_781746	13	69250779	69251649	7	0.0125
FOXED_p_TCGA_b122_128_SNP_N_GenomeWideSNP_6_B02_781746	13	69251980	72476988	2090	0.8246
FOXED_p_TCGA_b122_128_SNP_N_GenomeWideSNP_6_B02_781746	13	72477555	72480556	4	1.9442
FOXED_p_TCGA_b122_128_SNP_N_GenomeWideSNP_6_B02_781746	13	72480605	83164534	7288	0.8529
FOXED_p_TCGA_b122_128_SNP_N_GenomeWideSNP_6_B02_781746	13	83168967	83170678	2	-1.0366
FOXED_p_TCGA_b122_128_SNP_N_GenomeWideSNP_6_B02_781746	13	83172655	111723194	20095	0.8399
FOXED_p_TCGA_b122_128_SNP_N_GenomeWideSNP_6_B02_781746	13	111724124	111724532	2	-1.1146
FOXED_p_TCGA_b122_128_SNP_N_GenomeWideSNP_6_B02_781746	13	111724545	115108397	1783	0.8788
FOXED_p_TCGA_b122_128_SNP_N_GenomeWideSNP_6_B02_781746	14	19002124	19801755	61	-0.5498
FOXED_p_TCGA_b122_128_SNP_N_GenomeWideSNP_6_B02_781746	14	19802541	20389721	106	-0.9715
FOXED_p_TCGA_b122_128_SNP_N_GenomeWideSNP_6_B02_781746	14	20390554	23245432	2097	-0.4763
FOXED_p_TCGA_b122_128_SNP_N_GenomeWideSNP_6_B02_781746	14	23245674	23249327	3	-1.8961
FOXED_p_TCGA_b122_128_SNP_N_GenomeWideSNP_6_B02_781746	14	23249539	26138346	1821	-0.5391
FOXED_p_TCGA_b122_128_SNP_N_GenomeWideSNP_6_B02_781746	14	26141027	26143777	2	-2.669
FOXED_p_TCGA_b122_128_SNP_N_GenomeWideSNP_6_B02_781746	14	26145407	42986577	10591	-0.5356
FOXED_p_TCGA_b122_128_SNP_N_GenomeWideSNP_6_B02_781746	14	42987505	42992311	2	-2.3435
FOXED_p_TCGA_b122_128_SNP_N_GenomeWideSNP_6_B02_781746	14	42992434	74006707	19626	-0.5309
FOXED_p_TCGA_b122_128_SNP_N_GenomeWideSNP_6_B02_781746	14	74006851	74020979	7	-2.0675
FOXED_p_TCGA_b122_128_SNP_N_GenomeWideSNP_6_B02_781746	14	74029900	106526966	20795	-0.5359
FOXED_p_TCGA_b122_128_SNP_N_GenomeWideSNP_6_B02_781746	14	106530364	106542277	7	-0.0292
FOXED_p_TCGA_b122_128_SNP_N_GenomeWideSNP_6_B02_781746	14	106547314	106569463	12	0.3907
FOXED_p_TCGA_b122_128_SNP_N_GenomeWideSNP_6_B02_781746	14	106574118	106715489	65	-0.4433
FOXED_p_TCGA_b122_128_SNP_N_GenomeWideSNP_6_B02_781746	14	106717356	106746958	15	-0.9765
FOXED_p_TCGA_b122_128_SNP_N_GenomeWideSNP_6_B02_781746	14	106747099	106931365	117	-0.2819
FOXED_p_TCGA_b122_128_SNP_N_GenomeWideSNP_6_B02_781746	14	106934284	107285437	219	-0.5488
FOXED_p_TCGA_b122_128_SNP_N_GenomeWideSNP_6_B02_781746	15	20016328	20412026	64	-0.3785
FOXED_p_TCGA_b122_128_SNP_N_GenomeWideSNP_6_B02_781746	15	20412478	22673399	358	-0.8945
FOXED_p_TCGA_b122_128_SNP_N_GenomeWideSNP_6_B02_781746	15	22681076	24669745	1004	-0.5377
FOXED_p_TCGA_b122_128_SNP_N_GenomeWideSNP_6_B02_781746	15	24674751	24718173	39	-1.638
FOXED_p_TCGA_b122_128_SNP_N_GenomeWideSNP_6_B02_781746	15	24718596	76891511	32870	-0.5122
FOXED_p_TCGA_b122_128_SNP_N_GenomeWideSNP_6_B02_781746	15	76891627	76895079	11	-1.5915
FOXED_p_TCGA_b122_128_SNP_N_GenomeWideSNP_6_B02_781746	15	76895198	102469040	17668	-0.5222
FOXED_p_TCGA_b122_128_SNP_N_GenomeWideSNP_6_B02_781746	16	60777	5665456	2706	0.1679
FOXED_p_TCGA_b122_128_SNP_N_GenomeWideSNP_6_B02_781746	16	5667393	5667482	2	-1.0159
FOXED_p_TCGA_b122_128_SNP_N_GenomeWideSNP_6_B02_781746	16	5669598	6694146	1239	0.1694
FOXED_p_TCGA_b122_128_SNP_N_GenomeWideSNP_6_B02_781746	16	6697125	6789941	133	-0.5712
FOXED_p_TCGA_b122_128_SNP_N_GenomeWideSNP_6_B02_781746	16	6790182	6844992	89	-0.0848
FOXED_p_TCGA_b122_128_SNP_N_GenomeWideSNP_6_B02_781746	16	6846092	6864349	10	-0.7338
FOXED_p_TCGA_b122_128_SNP_N_GenomeWideSNP_6_B02_781746	16	6864819	6876855	19	-1.6582
FOXED_p_TCGA_b122_128_SNP_N_GenomeWideSNP_6_B02_781746	16	6882474	6894475	12	-0.5482
FOXED_p_TCGA_b122_128_SNP_N_GenomeWideSNP_6_B02_781746	16	6894619	6909388	24	-0.9815
FOXED_p_TCGA_b122_128_SNP_N_GenomeWideSNP_6_B02_781746	16	6909571	7039421	137	-0.5912
FOXED_p_TCGA_b122_128_SNP_N_GenomeWideSNP_6_B02_781746	16	7039598	7144324	121	-0.1712
FOXED_p_TCGA_b122_128_SNP_N_GenomeWideSNP_6_B02_781746	16	7145567	55795214	22843	0.2236
FOXED_p_TCGA_b122_128_SNP_N_GenomeWideSNP_6_B02_781746	16	55796389	55822444	22	-0.4026
FOXED_p_TCGA_b122_128_SNP_N_GenomeWideSNP_6_B02_781746	16	55829557	69977409	8733	0.2184
FOXED_p_TCGA_b122_128_SNP_N_GenomeWideSNP_6_B02_781746	16	69977435	70028693	4	-0.7627
FOXED_p_TCGA_b122_128_SNP_N_GenomeWideSNP_6_B02_781746	16	70029902	81000132	8783	0.2414
FOXED_p_TCGA_b122_128_SNP_N_GenomeWideSNP_6_B02_781746	16	81000571	81005402	6	-0.5402
FOXED_p_TCGA_b122_128_SNP_N_GenomeWideSNP_6_B02_781746	16	81006758	90287535	7576	0.2424
FOXED_p_TCGA_b122_128_SNP_N_GenomeWideSNP_6_B02_781746	17	526	18935523	11631	-0.5373
FOXED_p_TCGA_b122_128_SNP_N_GenomeWideSNP_6_B02_781746	17	18950867	19130231	14	0.2817
FOXED_p_TCGA_b122_128_SNP_N_GenomeWideSNP_6_B02_781746	17	19149286	22235650	1361	-0.5271
FOXED_p_TCGA_b122_128_SNP_N_GenomeWideSNP_6_B02_781746	17	25270411	81049726	32291	0.2368
FOXED_p_TCGA_b122_128_SNP_N_GenomeWideSNP_6_B02_781746	18	11543	26043003	14989	-0.5421
FOXED_p_TCGA_b122_128_SNP_N_GenomeWideSNP_6_B02_781746	18	26046076	26089647	20	-1.3068
FOXED_p_TCGA_b122_128_SNP_N_GenomeWideSNP_6_B02_781746	18	26092639	31581301	3514	-0.5276
FOXED_p_TCGA_b122_128_SNP_N_GenomeWideSNP_6_B02_781746	18	31582513	31583072	4	-2.475
FOXED_p_TCGA_b122_128_SNP_N_GenomeWideSNP_6_B02_781746	18	31584967	72139662	28172	-0.5391
FOXED_p_TCGA_b122_128_SNP_N_GenomeWideSNP_6_B02_781746	18	72140107	72141796	3	-2.3469
FOXED_p_TCGA_b122_128_SNP_N_GenomeWideSNP_6_B02_781746	18	72142012	78015057	4066	-0.5839
FOXED_p_TCGA_b122_128_SNP_N_GenomeWideSNP_6_B02_781746	19	90910	59097854	29367	0.2186
FOXED_p_TCGA_b122_128_SNP_N_GenomeWideSNP_6_B02_781746	20	61305	9006453	6891	-0.5468
FOXED_p_TCGA_b122_128_SNP_N_GenomeWideSNP_6_B02_781746	20	9007214	10303448	1051	0.0052
FOXED_p_TCGA_b122_128_SNP_N_GenomeWideSNP_6_B02_781746	20	10304541	11863500	1189	-0.5345
FOXED_p_TCGA_b122_128_SNP_N_GenomeWideSNP_6_B02_781746	20	11864142	11912890	25	-0.0272
FOXED_p_TCGA_b122_128_SNP_N_GenomeWideSNP_6_B02_781746	20	11913605	11920831	5	-0.6719
FOXED_p_TCGA_b122_128_SNP_N_GenomeWideSNP_6_B02_781746	20	11920858	12930262	837	-0.0128
FOXED_p_TCGA_b122_128_SNP_N_GenomeWideSNP_6_B02_781746	20	12934582	13304816	332	-0.5375
FOXED_p_TCGA_b122_128_SNP_N_GenomeWideSNP_6_B02_781746	20	13306325	13416915	79	1.0436
FOXED_p_TCGA_b122_128_SNP_N_GenomeWideSNP_6_B02_781746	20	13420788	13434078	7	-0.7125
FOXED_p_TCGA_b122_128_SNP_N_GenomeWideSNP_6_B02_781746	20	13435157	14788767	760	1.0396
FOXED_p_TCGA_b122_128_SNP_N_GenomeWideSNP_6_B02_781746	20	14792812	14792838	3	-0.3098
FOXED_p_TCGA_b122_128_SNP_N_GenomeWideSNP_6_B02_781746	20	14793415	15296031	458	0.9609
FOXED_p_TCGA_b122_128_SNP_N_GenomeWideSNP_6_B02_781746	20	15299308	15756446	455	0.6719
FOXED_p_TCGA_b122_128_SNP_N_GenomeWideSNP_6_B02_781746	20	15758053	16543096	763	1.0847
FOXED_p_TCGA_b122_128_SNP_N_GenomeWideSNP_6_B02_781746	20	16547367	16937913	389	-0.5479
FOXED_p_TCGA_b122_128_SNP_N_GenomeWideSNP_6_B02_781746	20	16943330	20639117	3020	1.038
FOXED_p_TCGA_b122_128_SNP_N_GenomeWideSNP_6_B02_781746	20	20646115	20655466	5	-0.5525
FOXED_p_TCGA_b122_128_SNP_N_GenomeWideSNP_6_B02_781746	20	20656587	22918621	1574	0.0118
FOXED_p_TCGA_b122_128_SNP_N_GenomeWideSNP_6_B02_781746	20	22919502	22967948	35	0.712
FOXED_p_TCGA_b122_128_SNP_N_GenomeWideSNP_6_B02_781746	20	22974778	23079985	88	0.0248
FOXED_p_TCGA_b122_128_SNP_N_GenomeWideSNP_6_B02_781746	20	23080273	25153450	1608	0.6719
FOXED_p_TCGA_b122_128_SNP_N_GenomeWideSNP_6_B02_781746	20	25154112	26305491	483	1.1068
FOXED_p_TCGA_b122_128_SNP_N_GenomeWideSNP_6_B02_781746	20	26305579	29648981	60	0.7345
FOXED_p_TCGA_b122_128_SNP_N_GenomeWideSNP_6_B02_781746	20	29648997	31806629	1038	1.0714
FOXED_p_TCGA_b122_128_SNP_N_GenomeWideSNP_6_B02_781746	20	31810167	31817604	8	-0.5027
FOXED_p_TCGA_b122_128_SNP_N_GenomeWideSNP_6_B02_781746	20	31820760	40359519	4897	1.0376
FOXED_p_TCGA_b122_128_SNP_N_GenomeWideSNP_6_B02_781746	20	40360023	40360027	5	0.192
FOXED_p_TCGA_b122_128_SNP_N_GenomeWideSNP_6_B02_781746	20	40360784	40361605	4	0.8494
FOXED_p_TCGA_b122_128_SNP_N_GenomeWideSNP_6_B02_781746	20	40361817	40374619	10	1.131
FOXED_p_TCGA_b122_128_SNP_N_GenomeWideSNP_6_B02_781746	20	40378791	40381378	3	0.666
FOXED_p_TCGA_b122_128_SNP_N_GenomeWideSNP_6_B02_781746	20	40381444	41791170	1308	1.0666
FOXED_p_TCGA_b122_128_SNP_N_GenomeWideSNP_6_B02_781746	20	41791260	41791282	2	-0.6121
FOXED_p_TCGA_b122_128_SNP_N_GenomeWideSNP_6_B02_781746	20	41792568	62956153	15120	1.0483
FOXED_p_TCGA_b122_128_SNP_N_GenomeWideSNP_6_B02_781746	21	10736871	11013964	77	0.4589
FOXED_p_TCGA_b122_128_SNP_N_GenomeWideSNP_6_B02_781746	21	11018107	14785382	188	-0.078
FOXED_p_TCGA_b122_128_SNP_N_GenomeWideSNP_6_B02_781746	21	14785633	14803011	14	-0.7073
FOXED_p_TCGA_b122_128_SNP_N_GenomeWideSNP_6_B02_781746	21	14811458	48096957	24145	-0.1115
FOXED_p_TCGA_b122_128_SNP_N_GenomeWideSNP_6_B02_781746	22	16052528	16492713	72	-0.6603
FOXED_p_TCGA_b122_128_SNP_N_GenomeWideSNP_6_B02_781746	22	16493159	24285809	4518	-0.1497
FOXED_p_TCGA_b122_128_SNP_N_GenomeWideSNP_6_B02_781746	22	24288367	24394015	47	0.1998
FOXED_p_TCGA_b122_128_SNP_N_GenomeWideSNP_6_B02_781746	22	24396814	25081338	355	-0.1571
FOXED_p_TCGA_b122_128_SNP_N_GenomeWideSNP_6_B02_781746	22	25082115	25082534	3	-1.4659
FOXED_p_TCGA_b122_128_SNP_N_GenomeWideSNP_6_B02_781746	22	25087674	42897282	12435	-0.1179
FOXED_p_TCGA_b122_128_SNP_N_GenomeWideSNP_6_B02_781746	22	42899440	42950491	24	-0.4913
FOXED_p_TCGA_b122_128_SNP_N_GenomeWideSNP_6_B02_781746	22	42955431	47377246	3123	-0.1167
FOXED_p_TCGA_b122_128_SNP_N_GenomeWideSNP_6_B02_781746	22	47383271	47393167	15	-1.0713
FOXED_p_TCGA_b122_128_SNP_N_GenomeWideSNP_6_B02_781746	22	47393235	48316272	812	-0.1464
FOXED_p_TCGA_b122_128_SNP_N_GenomeWideSNP_6_B02_781746	22	48316650	48317103	2	-1.8722
FOXED_p_TCGA_b122_128_SNP_N_GenomeWideSNP_6_B02_781746	22	48317690	51234455	2154	-0.1774
FOXED_p_TCGA_b122_128_SNP_N_GenomeWideSNP_6_B02_781746	X	168477	99178210	52299	0.0192
FOXED_p_TCGA_b122_128_SNP_N_GenomeWideSNP_6_B02_781746	X	99183944	100047127	499	-0.2221
FOXED_p_TCGA_b122_128_SNP_N_GenomeWideSNP_6_B02_781746	X	100047266	134880074	19383	0.0351
FOXED_p_TCGA_b122_128_SNP_N_GenomeWideSNP_6_B02_781746	X	134891648	134899840	11	-0.5114
FOXED_p_TCGA_b122_128_SNP_N_GenomeWideSNP_6_B02_781746	X	134903652	155182354	12451	0.0049
FOXED_p_TCGA_b122_128_SNP_N_GenomeWideSNP_6_B02_781746	Y	2650438	6101425	871	-2.4003
FOXED_p_TCGA_b122_128_SNP_N_GenomeWideSNP_6_B02_781746	Y	6107901	6438630	132	-3.7217
FOXED_p_TCGA_b122_128_SNP_N_GenomeWideSNP_6_B02_781746	Y	6438960	19571480	4660	-2.9889
FOXED_p_TCGA_b122_128_SNP_N_GenomeWideSNP_6_B02_781746	Y	19574890	20970746	649	-3.5884
FOXED_p_TCGA_b122_128_SNP_N_GenomeWideSNP_6_B02_781746	Y	20971498	20972173	2	-8.3048
FOXED_p_TCGA_b122_128_SNP_N_GenomeWideSNP_6_B02_781746	Y	20972409	21088297	53	-3.6442
FOXED_p_TCGA_b122_128_SNP_N_GenomeWideSNP_6_B02_781746	Y	21088485	23653771	978	-3.0362
FOXED_p_TCGA_b122_128_SNP_N_GenomeWideSNP_6_B02_781746	Y	23683731	23690350	2	-8.9658
FOXED_p_TCGA_b122_128_SNP_N_GenomeWideSNP_6_B02_781746	Y	23715701	23781918	42	-3.3658
FOXED_p_TCGA_b122_128_SNP_N_GenomeWideSNP_6_B02_781746	Y	23782662	23859163	31	-2.1991
FOXED_p_TCGA_b122_128_SNP_N_GenomeWideSNP_6_B02_781746	Y	23859468	26631228	604	-3.4661
FOXED_p_TCGA_b122_128_SNP_N_GenomeWideSNP_6_B02_781746	Y	26631371	26928589	40	-4.5829
FOXED_p_TCGA_b122_128_SNP_N_GenomeWideSNP_6_B02_781746	Y	26947771	28517125	420	-3.4759
FOXED_p_TCGA_b122_128_SNP_N_GenomeWideSNP_6_B02_781746	Y	28519607	59018259	150	-2.4656
