Sample	Chromosome	Start	End	Num_Probes	Segment_Mean
DLP_REDO_FROM_PRION_B07	1	61735	11981530	6064	-0.1931
DLP_REDO_FROM_PRION_B07	1	11991515	11993010	3	-1.6148
DLP_REDO_FROM_PRION_B07	1	12003702	12354307	190	-0.1794
DLP_REDO_FROM_PRION_B07	1	12355487	12355503	2	-1.7992
DLP_REDO_FROM_PRION_B07	1	12357088	22496703	6086	-0.1784
DLP_REDO_FROM_PRION_B07	1	22501716	22509206	9	-1.094
DLP_REDO_FROM_PRION_B07	1	22514236	64837281	25243	-0.1742
DLP_REDO_FROM_PRION_B07	1	64842727	64848168	3	-1.395
DLP_REDO_FROM_PRION_B07	1	64851545	72750353	5442	-0.182
DLP_REDO_FROM_PRION_B07	1	72756113	72763370	9	-4.0685
DLP_REDO_FROM_PRION_B07	1	72768418	72811148	48	0.7711
DLP_REDO_FROM_PRION_B07	1	72811904	106019236	21039	-0.1975
DLP_REDO_FROM_PRION_B07	1	106019310	106022375	15	-0.8847
DLP_REDO_FROM_PRION_B07	1	106024055	110224427	2658	-0.1776
DLP_REDO_FROM_PRION_B07	1	110225642	110242953	31	0.7407
DLP_REDO_FROM_PRION_B07	1	110244998	111377368	841	-0.2025
DLP_REDO_FROM_PRION_B07	1	111377565	111388226	38	-1.2098
DLP_REDO_FROM_PRION_B07	1	111392067	152555767	9150	-0.1755
DLP_REDO_FROM_PRION_B07	1	152555795	152590494	34	0.176
DLP_REDO_FROM_PRION_B07	1	152590565	157625919	2848	-0.1863
DLP_REDO_FROM_PRION_B07	1	157626145	157626153	2	-1.839
DLP_REDO_FROM_PRION_B07	1	157628355	167764835	7583	-0.1728
DLP_REDO_FROM_PRION_B07	1	167766183	167766919	4	-1.5328
DLP_REDO_FROM_PRION_B07	1	167768513	177762167	6610	-0.1741
DLP_REDO_FROM_PRION_B07	1	177766616	177766694	2	-1.603
DLP_REDO_FROM_PRION_B07	1	177769932	179323738	1131	-0.1676
DLP_REDO_FROM_PRION_B07	1	179330528	179333315	4	-1.787
DLP_REDO_FROM_PRION_B07	1	179339206	191825854	8292	-0.2013
DLP_REDO_FROM_PRION_B07	1	191829069	191867711	12	-1.8331
DLP_REDO_FROM_PRION_B07	1	191871216	194448234	1821	-0.1948
DLP_REDO_FROM_PRION_B07	1	194451411	194455018	2	1.242
DLP_REDO_FROM_PRION_B07	1	194457016	196711067	1450	-0.2044
DLP_REDO_FROM_PRION_B07	1	196711187	196823317	101	0.1172
DLP_REDO_FROM_PRION_B07	1	196823613	214637808	11925	-0.1821
DLP_REDO_FROM_PRION_B07	1	214638436	214639253	3	-1.4365
DLP_REDO_FROM_PRION_B07	1	214641240	249224388	24028	-0.1899
DLP_REDO_FROM_PRION_B07	2	12784	4650351	3382	0.0585
DLP_REDO_FROM_PRION_B07	2	4651792	4653262	4	-1.7457
DLP_REDO_FROM_PRION_B07	2	4654488	23465144	13904	0.0789
DLP_REDO_FROM_PRION_B07	2	23466866	23473557	7	-0.9703
DLP_REDO_FROM_PRION_B07	2	23475786	133038729	64747	0.0863
DLP_REDO_FROM_PRION_B07	2	133046772	133123699	32	0.6346
DLP_REDO_FROM_PRION_B07	2	133129166	146861446	8848	0.0727
DLP_REDO_FROM_PRION_B07	2	146862085	146878475	31	-0.3372
DLP_REDO_FROM_PRION_B07	2	146878532	151030802	2259	0.0884
DLP_REDO_FROM_PRION_B07	2	151031451	151037732	5	-1.0038
DLP_REDO_FROM_PRION_B07	2	151039208	185244063	21396	0.0897
DLP_REDO_FROM_PRION_B07	2	185257053	185264829	15	-0.6782
DLP_REDO_FROM_PRION_B07	2	185264965	185273001	16	0.1118
DLP_REDO_FROM_PRION_B07	2	185273128	185277398	5	-0.7633
DLP_REDO_FROM_PRION_B07	2	185282038	188548077	1730	0.0767
DLP_REDO_FROM_PRION_B07	2	188548310	188549040	2	-1.4968
DLP_REDO_FROM_PRION_B07	2	188550898	189118923	327	0.0584
DLP_REDO_FROM_PRION_B07	2	189119928	189126930	4	-0.9767
DLP_REDO_FROM_PRION_B07	2	189129058	189567787	188	0.0933
DLP_REDO_FROM_PRION_B07	2	189567956	189581417	28	-0.716
DLP_REDO_FROM_PRION_B07	2	189581433	208350191	11030	0.0855
DLP_REDO_FROM_PRION_B07	2	208350247	208350262	2	-1.3588
DLP_REDO_FROM_PRION_B07	2	208350319	214974689	4209	0.0714
DLP_REDO_FROM_PRION_B07	2	214978127	214982080	2	-1.4183
DLP_REDO_FROM_PRION_B07	2	214984609	218257449	2281	0.0876
DLP_REDO_FROM_PRION_B07	2	218257643	218258530	2	-1.7716
DLP_REDO_FROM_PRION_B07	2	218259653	234645563	10272	0.0783
DLP_REDO_FROM_PRION_B07	2	234650604	234657983	8	-1.0668
DLP_REDO_FROM_PRION_B07	2	234661934	235659913	849	0.0803
DLP_REDO_FROM_PRION_B07	2	235660352	235660357	2	-1.5273
DLP_REDO_FROM_PRION_B07	2	235660873	243089456	4544	0.0736
DLP_REDO_FROM_PRION_B07	3	60345	2325653	2004	0.0875
DLP_REDO_FROM_PRION_B07	3	2332779	2333850	3	-1.2711
DLP_REDO_FROM_PRION_B07	3	2334663	16239063	10944	0.0959
DLP_REDO_FROM_PRION_B07	3	16240556	16241179	6	-4.0981
DLP_REDO_FROM_PRION_B07	3	16241325	46793377	20313	0.0869
DLP_REDO_FROM_PRION_B07	3	46801817	46847616	38	-0.609
DLP_REDO_FROM_PRION_B07	3	46849179	60930138	8478	0.0788
DLP_REDO_FROM_PRION_B07	3	60931940	61212774	267	-0.5811
DLP_REDO_FROM_PRION_B07	3	61216321	68732028	5836	0.1085
DLP_REDO_FROM_PRION_B07	3	68746164	68747413	15	1.0927
DLP_REDO_FROM_PRION_B07	3	68748758	75568549	4941	0.09
DLP_REDO_FROM_PRION_B07	3	75572549	75586805	6	-1.7106
DLP_REDO_FROM_PRION_B07	3	75595181	98937784	11015	0.0744
DLP_REDO_FROM_PRION_B07	3	98944458	98949314	37	-0.7904
DLP_REDO_FROM_PRION_B07	3	98949421	103640274	2642	0.0947
DLP_REDO_FROM_PRION_B07	3	103641882	103642313	2	-1.6095
DLP_REDO_FROM_PRION_B07	3	103643520	114655782	6844	0.0872
DLP_REDO_FROM_PRION_B07	3	114660592	114660944	6	-0.8078
DLP_REDO_FROM_PRION_B07	3	114668950	129785940	9268	0.0864
DLP_REDO_FROM_PRION_B07	3	129786209	129798735	40	-0.342
DLP_REDO_FROM_PRION_B07	3	129798781	131336333	890	0.0702
DLP_REDO_FROM_PRION_B07	3	131336483	131336498	2	-1.505
DLP_REDO_FROM_PRION_B07	3	131338265	154337035	14467	0.0877
DLP_REDO_FROM_PRION_B07	3	154345995	154348388	2	-1.9299
DLP_REDO_FROM_PRION_B07	3	154349810	162512739	4941	0.0773
DLP_REDO_FROM_PRION_B07	3	162513092	162625995	68	0.8683
DLP_REDO_FROM_PRION_B07	3	162626572	169348944	3914	0.0752
DLP_REDO_FROM_PRION_B07	3	169349862	169350604	2	1.4551
DLP_REDO_FROM_PRION_B07	3	169352458	189090451	12564	0.0763
DLP_REDO_FROM_PRION_B07	3	189094308	189097947	4	-1.28
DLP_REDO_FROM_PRION_B07	3	189098727	189360754	212	0.0754
DLP_REDO_FROM_PRION_B07	3	189363678	189364638	11	-0.9405
DLP_REDO_FROM_PRION_B07	3	189370988	192569796	2266	0.033
DLP_REDO_FROM_PRION_B07	3	192571029	194034535	1015	-0.6727
DLP_REDO_FROM_PRION_B07	3	194058589	195285898	721	0.0333
DLP_REDO_FROM_PRION_B07	3	195383142	195464866	44	0.3832
DLP_REDO_FROM_PRION_B07	3	195473796	197306512	899	0.024
DLP_REDO_FROM_PRION_B07	3	197307445	197314448	12	-1.0013
DLP_REDO_FROM_PRION_B07	3	197314822	197896118	265	0.0685
DLP_REDO_FROM_PRION_B07	4	12281	3689265	1559	0.0466
DLP_REDO_FROM_PRION_B07	4	3689400	3692434	3	-1.8955
DLP_REDO_FROM_PRION_B07	4	3694350	9456977	3685	0.0451
DLP_REDO_FROM_PRION_B07	4	9461230	9479345	9	1.0792
DLP_REDO_FROM_PRION_B07	4	9486087	10210390	546	0.0672
DLP_REDO_FROM_PRION_B07	4	10214160	10230797	23	1.5122
DLP_REDO_FROM_PRION_B07	4	10230812	10235268	13	0.8798
DLP_REDO_FROM_PRION_B07	4	10236142	20555720	7586	0.0546
DLP_REDO_FROM_PRION_B07	4	20556711	20563942	40	-2.186
DLP_REDO_FROM_PRION_B07	4	20568566	33376583	8580	0.0396
DLP_REDO_FROM_PRION_B07	4	33379136	33386186	11	-2.5516
DLP_REDO_FROM_PRION_B07	4	33388353	37804045	2912	0.0597
DLP_REDO_FROM_PRION_B07	4	37806100	37806106	2	-3.2477
DLP_REDO_FROM_PRION_B07	4	37806327	69372003	17394	0.0427
DLP_REDO_FROM_PRION_B07	4	69374941	69489335	66	-1.4594
DLP_REDO_FROM_PRION_B07	4	69505115	77423073	4740	0.0717
DLP_REDO_FROM_PRION_B07	4	77424006	77424258	4	-5.3792
DLP_REDO_FROM_PRION_B07	4	77427827	89749631	7766	0.0645
DLP_REDO_FROM_PRION_B07	4	89754177	89756389	2	-1.7736
DLP_REDO_FROM_PRION_B07	4	89759045	92470003	1708	0.0608
DLP_REDO_FROM_PRION_B07	4	92473314	92478321	6	-3.3029
DLP_REDO_FROM_PRION_B07	4	92481361	105717996	7730	0.0395
DLP_REDO_FROM_PRION_B07	4	105720130	105779464	33	-3.9433
DLP_REDO_FROM_PRION_B07	4	105779618	115173700	5749	0.0517
DLP_REDO_FROM_PRION_B07	4	115175323	115182175	23	0.7003
DLP_REDO_FROM_PRION_B07	4	115184229	125459405	6116	0.0567
DLP_REDO_FROM_PRION_B07	4	125460351	125462935	3	-1.7304
DLP_REDO_FROM_PRION_B07	4	125463025	161874000	21937	0.0345
DLP_REDO_FROM_PRION_B07	4	161880018	161884908	21	-1.9205
DLP_REDO_FROM_PRION_B07	4	161884919	165532375	2363	0.0104
DLP_REDO_FROM_PRION_B07	4	165535658	165541450	6	-1.0165
DLP_REDO_FROM_PRION_B07	4	165541767	165757098	188	0.0165
DLP_REDO_FROM_PRION_B07	4	165758874	165760852	2	-2.9354
DLP_REDO_FROM_PRION_B07	4	165761391	171687319	3680	0.0217
DLP_REDO_FROM_PRION_B07	4	171689684	171689818	2	-1.9816
DLP_REDO_FROM_PRION_B07	4	171692801	172369346	435	0.0126
DLP_REDO_FROM_PRION_B07	4	172374884	172377288	7	-1.5472
DLP_REDO_FROM_PRION_B07	4	172377444	172987928	401	-0.0052
DLP_REDO_FROM_PRION_B07	4	172989148	172989533	12	-1.7683
DLP_REDO_FROM_PRION_B07	4	172995979	178883280	3566	0.0159
DLP_REDO_FROM_PRION_B07	4	178890181	178892549	13	-2.6929
DLP_REDO_FROM_PRION_B07	4	178895907	184797188	4290	0.004
DLP_REDO_FROM_PRION_B07	4	184799960	184799985	2	-1.8508
DLP_REDO_FROM_PRION_B07	4	184805900	189221258	3080	0.041
DLP_REDO_FROM_PRION_B07	4	189221360	189221375	2	-2.5084
DLP_REDO_FROM_PRION_B07	4	189221424	191027923	1177	-0.0399
DLP_REDO_FROM_PRION_B07	5	15532	685748	307	0.0726
DLP_REDO_FROM_PRION_B07	5	698371	823770	53	0.9546
DLP_REDO_FROM_PRION_B07	5	824066	18603722	13724	0.078
DLP_REDO_FROM_PRION_B07	5	18604267	18666822	37	0.6767
DLP_REDO_FROM_PRION_B07	5	18675760	21376844	1618	0.0487
DLP_REDO_FROM_PRION_B07	5	21377839	21377853	2	-2.4907
DLP_REDO_FROM_PRION_B07	5	21386066	21449276	45	0.0386
DLP_REDO_FROM_PRION_B07	5	21451200	21452438	5	-3.0975
DLP_REDO_FROM_PRION_B07	5	21452496	26553868	2999	0.0504
DLP_REDO_FROM_PRION_B07	5	26555788	26556588	4	-0.9897
DLP_REDO_FROM_PRION_B07	5	26560056	28215737	942	0.0611
DLP_REDO_FROM_PRION_B07	5	28218887	28221645	3	-3.4961
DLP_REDO_FROM_PRION_B07	5	28222685	46251306	11084	0.0808
DLP_REDO_FROM_PRION_B07	5	46271008	46313347	10	1.1356
DLP_REDO_FROM_PRION_B07	5	46313502	57956826	5556	0.0811
DLP_REDO_FROM_PRION_B07	5	57956843	57959132	23	-0.8998
DLP_REDO_FROM_PRION_B07	5	57959692	60400493	1582	0.0968
DLP_REDO_FROM_PRION_B07	5	60401222	60403384	4	-1.0757
DLP_REDO_FROM_PRION_B07	5	60407227	70254898	5263	0.0887
DLP_REDO_FROM_PRION_B07	5	70254900	70391253	13	0.8842
DLP_REDO_FROM_PRION_B07	5	70654072	96796456	15462	0.0758
DLP_REDO_FROM_PRION_B07	5	96798571	96798615	2	-1.9275
DLP_REDO_FROM_PRION_B07	5	96800263	103981005	4213	0.0652
DLP_REDO_FROM_PRION_B07	5	103982006	103982025	2	-2.686
DLP_REDO_FROM_PRION_B07	5	103985453	150202205	29700	0.0732
DLP_REDO_FROM_PRION_B07	5	150205500	150218604	8	-3.3563
DLP_REDO_FROM_PRION_B07	5	150223387	152231526	1445	0.0721
DLP_REDO_FROM_PRION_B07	5	152234772	155577341	2263	-0.6828
DLP_REDO_FROM_PRION_B07	5	155580443	155590284	8	-5.4923
DLP_REDO_FROM_PRION_B07	5	155597454	176483852	14478	-0.6885
DLP_REDO_FROM_PRION_B07	5	176484407	177166140	268	0.0577
DLP_REDO_FROM_PRION_B07	5	177167963	177227551	4	0.6863
DLP_REDO_FROM_PRION_B07	5	177228579	177259415	4	-1.5035
DLP_REDO_FROM_PRION_B07	5	177260330	178107822	443	0.0428
DLP_REDO_FROM_PRION_B07	5	178109975	178113163	3	-2.0841
DLP_REDO_FROM_PRION_B07	5	178118855	180790320	1552	0.0684
DLP_REDO_FROM_PRION_B07	6	149661	254283	101	0.0188
DLP_REDO_FROM_PRION_B07	6	257353	380821	99	0.3239
DLP_REDO_FROM_PRION_B07	6	381149	26342969	19849	0.0671
DLP_REDO_FROM_PRION_B07	6	26345141	26349032	3	-1.2089
DLP_REDO_FROM_PRION_B07	6	26353063	29837072	1701	0.0429
DLP_REDO_FROM_PRION_B07	6	29837187	29901576	37	0.5585
DLP_REDO_FROM_PRION_B07	6	29908469	31280823	651	0.0545
DLP_REDO_FROM_PRION_B07	6	31286276	31287501	6	-2.9194
DLP_REDO_FROM_PRION_B07	6	31295406	53931084	14333	0.0698
DLP_REDO_FROM_PRION_B07	6	53931151	53931855	7	1.1646
DLP_REDO_FROM_PRION_B07	6	53935348	65336942	4357	0.0673
DLP_REDO_FROM_PRION_B07	6	65347544	65348992	2	-3.0964
DLP_REDO_FROM_PRION_B07	6	65350776	67038046	1140	0.0486
DLP_REDO_FROM_PRION_B07	6	67040913	67042746	4	-1.1166
DLP_REDO_FROM_PRION_B07	6	67042761	70013104	2061	0.0299
DLP_REDO_FROM_PRION_B07	6	70015004	70018250	4	-1.2666
DLP_REDO_FROM_PRION_B07	6	70019595	78971781	5744	0.0684
DLP_REDO_FROM_PRION_B07	6	78971802	79035185	107	0.4602
DLP_REDO_FROM_PRION_B07	6	79039234	153957370	47851	0.06
DLP_REDO_FROM_PRION_B07	6	153960786	153961419	2	-3.613
DLP_REDO_FROM_PRION_B07	6	153961899	171051005	11966	0.0524
DLP_REDO_FROM_PRION_B07	7	43355	3696854	1716	0.064
DLP_REDO_FROM_PRION_B07	7	3696883	3705824	13	-0.5711
DLP_REDO_FROM_PRION_B07	7	3706857	27328210	17874	0.0856
DLP_REDO_FROM_PRION_B07	7	27328347	27335561	7	-1.0877
DLP_REDO_FROM_PRION_B07	7	27335766	42266602	10602	0.094
DLP_REDO_FROM_PRION_B07	7	42267336	42267571	2	-1.255
DLP_REDO_FROM_PRION_B07	7	42270322	54380373	8380	0.0831
DLP_REDO_FROM_PRION_B07	7	54386505	54386517	6	1.0504
DLP_REDO_FROM_PRION_B07	7	54393488	56761500	1573	0.0746
DLP_REDO_FROM_PRION_B07	7	56762113	56768007	2	-2.3627
DLP_REDO_FROM_PRION_B07	7	56768814	64568852	1564	0.0559
DLP_REDO_FROM_PRION_B07	7	64594065	64595698	6	-1.3578
DLP_REDO_FROM_PRION_B07	7	64637128	88192839	13081	0.0699
DLP_REDO_FROM_PRION_B07	7	88195589	88195765	2	1.4909
DLP_REDO_FROM_PRION_B07	7	88196455	109433777	12595	0.0876
DLP_REDO_FROM_PRION_B07	7	109433785	109453982	38	0.4829
DLP_REDO_FROM_PRION_B07	7	109454229	109653218	134	0.044
DLP_REDO_FROM_PRION_B07	7	109654213	109681156	7	-0.4639
DLP_REDO_FROM_PRION_B07	7	109685969	110389707	510	0.0915
DLP_REDO_FROM_PRION_B07	7	110390179	110493495	69	-1.0752
DLP_REDO_FROM_PRION_B07	7	110495002	133785177	14043	0.0857
DLP_REDO_FROM_PRION_B07	7	133785195	133795634	26	-2.6509
DLP_REDO_FROM_PRION_B07	7	133795665	133799197	11	-0.4303
DLP_REDO_FROM_PRION_B07	7	133806244	142474939	5693	0.083
DLP_REDO_FROM_PRION_B07	7	142476719	142485699	22	-0.2642
DLP_REDO_FROM_PRION_B07	7	142485771	142485985	4	-1.2189
DLP_REDO_FROM_PRION_B07	7	142486045	143873952	839	0.0662
DLP_REDO_FROM_PRION_B07	7	143896252	144066947	44	-0.7675
DLP_REDO_FROM_PRION_B07	7	144074929	149013890	3208	0.0678
DLP_REDO_FROM_PRION_B07	7	149015369	149015443	2	-1.5143
DLP_REDO_FROM_PRION_B07	7	149015915	149639171	322	0.0769
DLP_REDO_FROM_PRION_B07	7	149639866	149639912	2	-1.6138
DLP_REDO_FROM_PRION_B07	7	149642019	159127004	6168	0.076
DLP_REDO_FROM_PRION_B07	8	31254	595220	330	0.0403
DLP_REDO_FROM_PRION_B07	8	595443	595875	5	0.9696
DLP_REDO_FROM_PRION_B07	8	595892	595908	2	4.1935
DLP_REDO_FROM_PRION_B07	8	601043	1362374	550	0.0562
DLP_REDO_FROM_PRION_B07	8	1362389	1362862	5	-0.8018
DLP_REDO_FROM_PRION_B07	8	1363214	1367068	11	-0.0411
DLP_REDO_FROM_PRION_B07	8	1367362	1367708	5	-0.6366
DLP_REDO_FROM_PRION_B07	8	1368016	2322801	858	0.0724
DLP_REDO_FROM_PRION_B07	8	2330767	2339651	2	1.5311
DLP_REDO_FROM_PRION_B07	8	2343530	2703675	359	0.0478
DLP_REDO_FROM_PRION_B07	8	2703817	2703899	2	-2.1076
DLP_REDO_FROM_PRION_B07	8	2707171	2759570	63	0.0542
DLP_REDO_FROM_PRION_B07	8	2759792	2760225	5	-1.1771
DLP_REDO_FROM_PRION_B07	8	2762297	4761250	2840	0.0532
DLP_REDO_FROM_PRION_B07	8	4761390	4761500	3	-1.2579
DLP_REDO_FROM_PRION_B07	8	4761619	7186646	2794	0.0572
DLP_REDO_FROM_PRION_B07	8	7193821	7799390	174	0.4067
DLP_REDO_FROM_PRION_B07	8	7809891	12234251	3316	0.0876
DLP_REDO_FROM_PRION_B07	8	12234298	12241505	12	0.8011
DLP_REDO_FROM_PRION_B07	8	12241813	13599051	1107	0.1073
DLP_REDO_FROM_PRION_B07	8	13599101	13600270	19	-0.8673
DLP_REDO_FROM_PRION_B07	8	13600310	13612174	31	-0.2239
DLP_REDO_FROM_PRION_B07	8	13614717	13651722	46	-0.861
DLP_REDO_FROM_PRION_B07	8	13653184	18007268	4014	0.0753
DLP_REDO_FROM_PRION_B07	8	18009360	18009555	3	-1.2688
DLP_REDO_FROM_PRION_B07	8	18012504	24972187	5294	0.0845
DLP_REDO_FROM_PRION_B07	8	24974443	24984250	26	-0.7618
DLP_REDO_FROM_PRION_B07	8	24984333	39230325	9044	0.0969
DLP_REDO_FROM_PRION_B07	8	39230659	39386965	60	0.4246
DLP_REDO_FROM_PRION_B07	8	39388299	70206603	16715	0.0802
DLP_REDO_FROM_PRION_B07	8	70207597	70208266	5	1.0412
DLP_REDO_FROM_PRION_B07	8	70208291	72212365	1206	0.0762
DLP_REDO_FROM_PRION_B07	8	72215311	72216599	9	-0.5979
DLP_REDO_FROM_PRION_B07	8	72219863	100594104	17012	0.08
DLP_REDO_FROM_PRION_B07	8	100598350	100650223	35	-0.6612
DLP_REDO_FROM_PRION_B07	8	100653264	112291494	7097	0.0809
DLP_REDO_FROM_PRION_B07	8	112294279	112295245	9	-2.322
DLP_REDO_FROM_PRION_B07	8	112295260	120152010	4978	0.0724
DLP_REDO_FROM_PRION_B07	8	120154784	120159446	4	-0.9815
DLP_REDO_FROM_PRION_B07	8	120162854	123059831	1891	0.0964
DLP_REDO_FROM_PRION_B07	8	123059879	123060846	9	-0.9831
DLP_REDO_FROM_PRION_B07	8	123061062	143130738	14940	0.0865
DLP_REDO_FROM_PRION_B07	8	143136640	143141969	5	-2.1468
DLP_REDO_FROM_PRION_B07	8	143145505	146298155	1128	0.0622
DLP_REDO_FROM_PRION_B07	9	46587	6399538	6161	0.0791
DLP_REDO_FROM_PRION_B07	9	6399588	6401361	4	-1.1742
DLP_REDO_FROM_PRION_B07	9	6402856	6936215	403	0.0608
DLP_REDO_FROM_PRION_B07	9	6938013	6939798	3	-1.7956
DLP_REDO_FROM_PRION_B07	9	6940375	44241817	24899	0.0867
DLP_REDO_FROM_PRION_B07	9	44243434	44629223	21	-0.4272
DLP_REDO_FROM_PRION_B07	9	44727859	44837527	34	0.6169
DLP_REDO_FROM_PRION_B07	9	44840918	46388030	83	0.199
DLP_REDO_FROM_PRION_B07	9	46388197	46390711	3	-1.2861
DLP_REDO_FROM_PRION_B07	9	46390759	78027450	5287	0.1017
DLP_REDO_FROM_PRION_B07	9	78027655	78029203	3	-1.2299
DLP_REDO_FROM_PRION_B07	9	78034653	86513271	6244	0.0816
DLP_REDO_FROM_PRION_B07	9	86514455	86517540	6	0.8989
DLP_REDO_FROM_PRION_B07	9	86518278	88438003	1441	0.0803
DLP_REDO_FROM_PRION_B07	9	88441829	88442078	2	-2.229
DLP_REDO_FROM_PRION_B07	9	88445706	90522594	1566	0.0465
DLP_REDO_FROM_PRION_B07	9	90554151	90554219	2	-1.6129
DLP_REDO_FROM_PRION_B07	9	90557957	106566497	10624	0.0859
DLP_REDO_FROM_PRION_B07	9	106568696	106569290	2	-3.8219
DLP_REDO_FROM_PRION_B07	9	106570702	128938791	16604	0.1076
DLP_REDO_FROM_PRION_B07	9	128944285	128976702	33	-0.3425
DLP_REDO_FROM_PRION_B07	9	128979500	138211368	5426	0.0769
DLP_REDO_FROM_PRION_B07	9	138214105	138215622	2	-1.4281
DLP_REDO_FROM_PRION_B07	9	138216412	140252947	700	0.0707
DLP_REDO_FROM_PRION_B07	9	140255642	140255833	3	1.0472
DLP_REDO_FROM_PRION_B07	9	140273003	141091394	412	0.0944
DLP_REDO_FROM_PRION_B07	10	72809	26207699	20572	0.0634
DLP_REDO_FROM_PRION_B07	10	26209429	26210833	4	-1.189
DLP_REDO_FROM_PRION_B07	10	26212094	36960717	7560	0.0619
DLP_REDO_FROM_PRION_B07	10	36964639	36964768	3	-1.1009
DLP_REDO_FROM_PRION_B07	10	36965240	46506788	3450	0.0446
DLP_REDO_FROM_PRION_B07	10	46507746	46511281	2	1.6302
DLP_REDO_FROM_PRION_B07	10	46527677	47419711	182	0.0245
DLP_REDO_FROM_PRION_B07	10	47541189	47703613	184	0.609
DLP_REDO_FROM_PRION_B07	10	47704605	51891920	1783	0.029
DLP_REDO_FROM_PRION_B07	10	51903768	51910598	2	2.8216
DLP_REDO_FROM_PRION_B07	10	51937979	58512855	4867	0.0515
DLP_REDO_FROM_PRION_B07	10	58516375	58526837	41	-0.7616
DLP_REDO_FROM_PRION_B07	10	58532752	67341553	6168	0.0788
DLP_REDO_FROM_PRION_B07	10	67343454	67343955	8	-0.8014
DLP_REDO_FROM_PRION_B07	10	67344767	107056279	25715	0.0701
DLP_REDO_FROM_PRION_B07	10	107057038	107059170	3	-2.2261
DLP_REDO_FROM_PRION_B07	10	107062476	112011484	3566	0.0504
DLP_REDO_FROM_PRION_B07	10	112012252	112013274	2	-1.3277
DLP_REDO_FROM_PRION_B07	10	112015851	121065079	6346	0.0839
DLP_REDO_FROM_PRION_B07	10	121065385	121066534	6	-1.1478
DLP_REDO_FROM_PRION_B07	10	121068198	124577596	2910	0.0859
DLP_REDO_FROM_PRION_B07	10	124577757	124577881	2	-1.9871
DLP_REDO_FROM_PRION_B07	10	124579335	135506704	7755	0.0521
DLP_REDO_FROM_PRION_B07	11	198510	2119570	685	0.0595
DLP_REDO_FROM_PRION_B07	11	2128186	2223360	28	0.5215
DLP_REDO_FROM_PRION_B07	11	2228585	3908522	848	0.0728
DLP_REDO_FROM_PRION_B07	11	3908718	3908738	2	-1.1956
DLP_REDO_FROM_PRION_B07	11	3911045	4726618	639	0.075
DLP_REDO_FROM_PRION_B07	11	4726757	4726891	3	-1.1189
DLP_REDO_FROM_PRION_B07	11	4729134	4968117	271	0.0417
DLP_REDO_FROM_PRION_B07	11	4968510	4976814	38	0.5765
DLP_REDO_FROM_PRION_B07	11	4976865	5787405	789	0.0397
DLP_REDO_FROM_PRION_B07	11	5788080	5809139	32	-0.7313
DLP_REDO_FROM_PRION_B07	11	5809338	6117976	247	0.0749
DLP_REDO_FROM_PRION_B07	11	6120647	6122094	2	1.3279
DLP_REDO_FROM_PRION_B07	11	6122503	10222785	2789	0.0652
DLP_REDO_FROM_PRION_B07	11	10225436	10227570	5	-1.1847
DLP_REDO_FROM_PRION_B07	11	10228728	31393294	15544	0.0601
DLP_REDO_FROM_PRION_B07	11	31394268	31397080	2	-2.4498
DLP_REDO_FROM_PRION_B07	11	31398207	40420379	6410	0.0613
DLP_REDO_FROM_PRION_B07	11	40420479	40421427	2	-1.4389
DLP_REDO_FROM_PRION_B07	11	40423106	48629434	5131	0.0582
DLP_REDO_FROM_PRION_B07	11	48630165	48630190	2	-1.4258
DLP_REDO_FROM_PRION_B07	11	48632979	49076600	143	0.0239
DLP_REDO_FROM_PRION_B07	11	49078871	49103690	12	-0.8637
DLP_REDO_FROM_PRION_B07	11	49109565	134944770	53556	0.0569
DLP_REDO_FROM_PRION_B07	12	150442	9630556	6208	0.0969
DLP_REDO_FROM_PRION_B07	12	9633870	9728292	25	1.0691
DLP_REDO_FROM_PRION_B07	12	9734969	10580460	635	0.0789
DLP_REDO_FROM_PRION_B07	12	10583367	10587320	3	-0.993
DLP_REDO_FROM_PRION_B07	12	10588525	11504091	549	0.0643
DLP_REDO_FROM_PRION_B07	12	11511577	11543406	32	0.6456
DLP_REDO_FROM_PRION_B07	12	11552192	21144302	6540	0.0999
DLP_REDO_FROM_PRION_B07	12	21144431	21144506	3	-2.3393
DLP_REDO_FROM_PRION_B07	12	21144542	31906672	7871	0.0845
DLP_REDO_FROM_PRION_B07	12	31907274	31908357	3	-1.451
DLP_REDO_FROM_PRION_B07	12	31917220	34208356	1610	0.0683
DLP_REDO_FROM_PRION_B07	12	34208418	34217500	7	-0.8077
DLP_REDO_FROM_PRION_B07	12	34217682	63919989	15717	0.0772
DLP_REDO_FROM_PRION_B07	12	63920585	63939724	5	-0.9183
DLP_REDO_FROM_PRION_B07	12	63939740	75179421	7208	0.0849
DLP_REDO_FROM_PRION_B07	12	75185912	75186314	3	-1.2291
DLP_REDO_FROM_PRION_B07	12	75187700	99791814	15891	0.0819
DLP_REDO_FROM_PRION_B07	12	99795293	99798720	30	-1.8767
DLP_REDO_FROM_PRION_B07	12	99798734	133778189	22777	0.085
DLP_REDO_FROM_PRION_B07	13	19026949	19096936	7	0.3851
DLP_REDO_FROM_PRION_B07	13	19102179	22575446	2085	0.7525
DLP_REDO_FROM_PRION_B07	13	22583308	23530219	722	0.3602
DLP_REDO_FROM_PRION_B07	13	23533372	24661833	918	0.8695
DLP_REDO_FROM_PRION_B07	13	24664802	24665142	2	-1.5731
DLP_REDO_FROM_PRION_B07	13	24668398	25035607	324	0.8166
DLP_REDO_FROM_PRION_B07	13	25039590	25039598	3	-0.8674
DLP_REDO_FROM_PRION_B07	13	25039678	34188263	6824	0.7378
DLP_REDO_FROM_PRION_B07	13	34192789	34193376	4	-0.7911
DLP_REDO_FROM_PRION_B07	13	34197304	34582910	319	0.7436
DLP_REDO_FROM_PRION_B07	13	34585733	34654207	48	0.3336
DLP_REDO_FROM_PRION_B07	13	34656572	34742419	75	0.7535
DLP_REDO_FROM_PRION_B07	13	34743508	38075904	2244	0.3573
DLP_REDO_FROM_PRION_B07	13	38075965	38084757	13	-0.3928
DLP_REDO_FROM_PRION_B07	13	38088330	57751096	12549	0.3623
DLP_REDO_FROM_PRION_B07	13	57758270	57778380	34	-2.1288
DLP_REDO_FROM_PRION_B07	13	57789714	74686283	10652	0.3521
DLP_REDO_FROM_PRION_B07	13	74688497	74688840	3	-0.775
DLP_REDO_FROM_PRION_B07	13	74693545	81032579	4372	0.3665
DLP_REDO_FROM_PRION_B07	13	81035735	81044605	7	-0.4388
DLP_REDO_FROM_PRION_B07	13	81047440	115108397	23142	0.3622
DLP_REDO_FROM_PRION_B07	14	19002124	19422533	29	-0.3586
DLP_REDO_FROM_PRION_B07	14	19432799	20422583	159	-1.0886
DLP_REDO_FROM_PRION_B07	14	20423372	23095002	1979	-0.6288
DLP_REDO_FROM_PRION_B07	14	23095546	23099130	4	-6.1521
DLP_REDO_FROM_PRION_B07	14	23099209	40608928	10910	-0.6615
DLP_REDO_FROM_PRION_B07	14	40613922	40619089	4	-2.2011
DLP_REDO_FROM_PRION_B07	14	40619422	44857243	2677	-0.6883
DLP_REDO_FROM_PRION_B07	14	44859935	44860398	2	-2.4377
DLP_REDO_FROM_PRION_B07	14	44861644	52352912	4484	-0.6763
DLP_REDO_FROM_PRION_B07	14	52352950	52355387	3	-2.5354
DLP_REDO_FROM_PRION_B07	14	52356490	70018047	11386	-0.6653
DLP_REDO_FROM_PRION_B07	14	70018368	70022467	8	-2.438
DLP_REDO_FROM_PRION_B07	14	70022713	106715489	23492	-0.6768
DLP_REDO_FROM_PRION_B07	14	106717356	106747099	16	-1.0537
DLP_REDO_FROM_PRION_B07	14	106750880	107285437	335	-0.5852
DLP_REDO_FROM_PRION_B07	15	20016328	20231906	50	-0.4038
DLP_REDO_FROM_PRION_B07	15	20246372	22673399	372	-1.532
DLP_REDO_FROM_PRION_B07	15	22681076	60724254	23908	-0.6557
DLP_REDO_FROM_PRION_B07	15	60727161	62985202	1872	0.1031
DLP_REDO_FROM_PRION_B07	15	62989775	62989849	2	-1.4453
DLP_REDO_FROM_PRION_B07	15	62990409	68712816	3465	0.0969
DLP_REDO_FROM_PRION_B07	15	68713065	68714700	2	-1.2876
DLP_REDO_FROM_PRION_B07	15	68714740	76891511	4651	0.093
DLP_REDO_FROM_PRION_B07	15	76891627	76902179	21	0.8207
DLP_REDO_FROM_PRION_B07	15	76902194	92717972	10165	0.0833
DLP_REDO_FROM_PRION_B07	15	92718146	92719555	6	-1.0657
DLP_REDO_FROM_PRION_B07	15	92719832	100532794	6011	0.0908
DLP_REDO_FROM_PRION_B07	15	100533218	100533343	2	-2.4677
DLP_REDO_FROM_PRION_B07	15	100534346	102435009	1491	0.0786
DLP_REDO_FROM_PRION_B07	15	102440922	102469040	4	-1.1687
DLP_REDO_FROM_PRION_B07	16	60777	6763793	4034	0.0698
DLP_REDO_FROM_PRION_B07	16	6766824	7073999	375	-0.7597
DLP_REDO_FROM_PRION_B07	16	7074091	11274605	4023	0.1079
DLP_REDO_FROM_PRION_B07	16	11277118	11279084	2	-1.2681
DLP_REDO_FROM_PRION_B07	16	11279777	17916410	4152	0.0896
DLP_REDO_FROM_PRION_B07	16	17919457	17920303	3	-1.3843
DLP_REDO_FROM_PRION_B07	16	17920503	21412403	1875	0.1061
DLP_REDO_FROM_PRION_B07	16	21515074	21591340	22	-0.2795
DLP_REDO_FROM_PRION_B07	16	21593455	22442020	366	0.1465
DLP_REDO_FROM_PRION_B07	16	22557932	22710742	73	-0.3096
DLP_REDO_FROM_PRION_B07	16	22712979	32158862	5175	0.0929
DLP_REDO_FROM_PRION_B07	16	32177180	32303489	19	-0.6529
DLP_REDO_FROM_PRION_B07	16	32307220	78767816	22179	0.0937
DLP_REDO_FROM_PRION_B07	16	78768311	78781476	12	-1.1225
DLP_REDO_FROM_PRION_B07	16	78781846	90287535	10139	0.0921
DLP_REDO_FROM_PRION_B07	17	526	16872963	10587	-0.5662
DLP_REDO_FROM_PRION_B07	17	16878488	16884960	6	-6.0611
DLP_REDO_FROM_PRION_B07	17	16885351	18358946	838	-0.5326
DLP_REDO_FROM_PRION_B07	17	18358949	18465221	27	-0.0175
DLP_REDO_FROM_PRION_B07	17	18469197	22219568	1547	-0.5323
DLP_REDO_FROM_PRION_B07	17	22227741	25737939	240	0.1695
DLP_REDO_FROM_PRION_B07	17	25744159	25757489	8	-0.6923
DLP_REDO_FROM_PRION_B07	17	25757875	34440798	5130	0.1561
DLP_REDO_FROM_PRION_B07	17	34440854	34485091	34	-0.192
DLP_REDO_FROM_PRION_B07	17	34528125	34543343	3	1.4476
DLP_REDO_FROM_PRION_B07	17	34586294	39250639	2444	0.1457
DLP_REDO_FROM_PRION_B07	17	39251266	39275131	6	-0.9074
DLP_REDO_FROM_PRION_B07	17	39276782	39380430	75	0.1511
DLP_REDO_FROM_PRION_B07	17	39387560	39393769	5	-0.5588
DLP_REDO_FROM_PRION_B07	17	39395856	39423057	15	0.3343
DLP_REDO_FROM_PRION_B07	17	39423077	39423090	2	2.0775
DLP_REDO_FROM_PRION_B07	17	39423103	43457886	2136	0.152
DLP_REDO_FROM_PRION_B07	17	43459754	43459770	2	-1.648
DLP_REDO_FROM_PRION_B07	17	43459903	75720020	19560	0.1608
DLP_REDO_FROM_PRION_B07	17	75720060	75720303	2	-1.3746
DLP_REDO_FROM_PRION_B07	17	75722432	81049726	2625	0.1514
DLP_REDO_FROM_PRION_B07	18	11543	41974818	25191	-0.6626
DLP_REDO_FROM_PRION_B07	18	41976886	41978625	6	-4.9302
DLP_REDO_FROM_PRION_B07	18	41982671	69936209	19621	-0.6682
DLP_REDO_FROM_PRION_B07	18	69937477	69937546	2	-2.8896
DLP_REDO_FROM_PRION_B07	18	69940551	74777811	3813	-0.7024
DLP_REDO_FROM_PRION_B07	18	74778515	74794898	15	-1.381
DLP_REDO_FROM_PRION_B07	18	74796157	78015057	2080	-0.7121
DLP_REDO_FROM_PRION_B07	19	90910	35849322	16827	0.0699
DLP_REDO_FROM_PRION_B07	19	35849493	35861170	18	-0.6829
DLP_REDO_FROM_PRION_B07	19	35861649	43280228	3728	0.0731
DLP_REDO_FROM_PRION_B07	19	43282259	43354452	33	0.6716
DLP_REDO_FROM_PRION_B07	19	43362652	50552894	3480	0.0973
DLP_REDO_FROM_PRION_B07	19	50558539	50559137	3	-1.2452
DLP_REDO_FROM_PRION_B07	19	50563266	54722275	2633	0.0732
DLP_REDO_FROM_PRION_B07	19	54730202	54753515	20	0.7541
DLP_REDO_FROM_PRION_B07	19	54753543	57201722	1447	0.0795
DLP_REDO_FROM_PRION_B07	19	57204258	57210943	4	-1.1032
DLP_REDO_FROM_PRION_B07	19	57211158	59097854	1160	0.0684
DLP_REDO_FROM_PRION_B07	20	61305	14729065	11111	-0.6696
DLP_REDO_FROM_PRION_B07	20	14729869	14785081	46	-1.1312
DLP_REDO_FROM_PRION_B07	20	14785934	15066615	282	-0.6535
DLP_REDO_FROM_PRION_B07	20	15068981	15070699	4	-1.8372
DLP_REDO_FROM_PRION_B07	20	15071192	15520777	395	-0.6771
DLP_REDO_FROM_PRION_B07	20	15521364	15792861	265	-3.356
DLP_REDO_FROM_PRION_B07	20	15793010	21444383	4644	-0.6598
DLP_REDO_FROM_PRION_B07	20	21451491	25706557	3077	0.4055
DLP_REDO_FROM_PRION_B07	20	25714022	33422832	2012	0.9759
DLP_REDO_FROM_PRION_B07	20	33423969	33434562	5	0.1113
DLP_REDO_FROM_PRION_B07	20	33435161	35720649	1133	0.8063
DLP_REDO_FROM_PRION_B07	20	35721198	35722007	5	-0.0375
DLP_REDO_FROM_PRION_B07	20	35722021	37005352	810	0.7848
DLP_REDO_FROM_PRION_B07	20	37010785	37012294	5	-1.2488
DLP_REDO_FROM_PRION_B07	20	37018652	40359519	2236	0.7482
DLP_REDO_FROM_PRION_B07	20	40360023	40360027	5	-0.1484
DLP_REDO_FROM_PRION_B07	20	40360784	62956153	16440	0.8378
DLP_REDO_FROM_PRION_B07	21	10736871	44968053	22655	-0.0524
DLP_REDO_FROM_PRION_B07	21	44970873	44972812	2	1.1178
DLP_REDO_FROM_PRION_B07	21	44973667	48096957	1765	-0.0743
DLP_REDO_FROM_PRION_B07	22	16052528	16506460	86	-0.3252
DLP_REDO_FROM_PRION_B07	22	16553466	18655860	1127	0.0849
DLP_REDO_FROM_PRION_B07	22	18672885	18810110	12	-0.5052
DLP_REDO_FROM_PRION_B07	22	18876428	21595029	1631	0.0862
DLP_REDO_FROM_PRION_B07	22	21595178	21708108	5	-0.7891
DLP_REDO_FROM_PRION_B07	22	21721603	22734158	764	0.0681
DLP_REDO_FROM_PRION_B07	22	22740312	22740317	2	-1.8285
DLP_REDO_FROM_PRION_B07	22	22740319	23262981	291	0.05
DLP_REDO_FROM_PRION_B07	22	23263242	23263257	2	-2.2987
DLP_REDO_FROM_PRION_B07	22	23263274	24871783	968	0.0921
DLP_REDO_FROM_PRION_B07	22	24876800	24877292	3	-0.9168
DLP_REDO_FROM_PRION_B07	22	24877776	25082115	103	0.0757
DLP_REDO_FROM_PRION_B07	22	25082515	25082534	2	-1.4641
DLP_REDO_FROM_PRION_B07	22	25087674	25736345	518	0.1095
DLP_REDO_FROM_PRION_B07	22	25736672	25745916	8	-0.5801
DLP_REDO_FROM_PRION_B07	22	25745967	28000527	2344	0.0945
DLP_REDO_FROM_PRION_B07	22	28000563	28001617	2	-1.4617
DLP_REDO_FROM_PRION_B07	22	28003266	39290920	7602	0.0884
DLP_REDO_FROM_PRION_B07	22	39295255	39296904	3	-0.8861
DLP_REDO_FROM_PRION_B07	22	39299114	42892596	1957	0.0789
DLP_REDO_FROM_PRION_B07	22	42897282	42950491	25	0.6321
DLP_REDO_FROM_PRION_B07	22	42955431	42977190	11	-0.6608
DLP_REDO_FROM_PRION_B07	22	42980051	51234455	6098	0.0733
DLP_REDO_FROM_PRION_B07	X	168477	7557246	3804	0.0016
DLP_REDO_FROM_PRION_B07	X	7557251	7559491	2	-1.508
DLP_REDO_FROM_PRION_B07	X	7559994	11737161	2929	0.0113
DLP_REDO_FROM_PRION_B07	X	11738819	11741488	4	-0.7741
DLP_REDO_FROM_PRION_B07	X	11741811	16470132	3400	0.0494
DLP_REDO_FROM_PRION_B07	X	16472204	16478061	33	-0.5943
DLP_REDO_FROM_PRION_B07	X	16480599	33837317	11012	0.0125
DLP_REDO_FROM_PRION_B07	X	33840331	33841190	3	-1.7208
DLP_REDO_FROM_PRION_B07	X	33849285	49403448	8550	0.0046
DLP_REDO_FROM_PRION_B07	X	49404481	49405117	2	-1.5656
DLP_REDO_FROM_PRION_B07	X	49408035	49831110	203	-0.0393
DLP_REDO_FROM_PRION_B07	X	49831383	49831431	2	-1.3972
DLP_REDO_FROM_PRION_B07	X	49833409	55100049	2095	0.0179
DLP_REDO_FROM_PRION_B07	X	55111450	55116016	4	-1.258
DLP_REDO_FROM_PRION_B07	X	55122783	56941944	952	-0.0086
DLP_REDO_FROM_PRION_B07	X	56949265	56956797	43	-1.3228
DLP_REDO_FROM_PRION_B07	X	56968858	78870644	8074	-0.0047
DLP_REDO_FROM_PRION_B07	X	78874868	78875062	2	1.4648
DLP_REDO_FROM_PRION_B07	X	78878525	81379519	1388	-0.007
DLP_REDO_FROM_PRION_B07	X	81379638	81412144	39	-0.7684
DLP_REDO_FROM_PRION_B07	X	81412263	89747655	4700	-0.0113
DLP_REDO_FROM_PRION_B07	X	89752274	89752470	2	-1.6836
DLP_REDO_FROM_PRION_B07	X	89760303	90535124	311	-0.0011
DLP_REDO_FROM_PRION_B07	X	90538388	90538668	2	-1.5076
DLP_REDO_FROM_PRION_B07	X	90539476	90968512	201	-0.0133
DLP_REDO_FROM_PRION_B07	X	90970506	90971771	8	-0.679
DLP_REDO_FROM_PRION_B07	X	90971889	91047348	33	0.0188
DLP_REDO_FROM_PRION_B07	X	91048426	91053161	2	-1.3586
DLP_REDO_FROM_PRION_B07	X	91053844	115133681	13017	0.002
DLP_REDO_FROM_PRION_B07	X	115137955	115150638	7	-0.911
DLP_REDO_FROM_PRION_B07	X	115156419	118329030	2022	0.0156
DLP_REDO_FROM_PRION_B07	X	118329736	118334471	7	-0.8039
DLP_REDO_FROM_PRION_B07	X	118338865	143878057	14999	0.0037
DLP_REDO_FROM_PRION_B07	X	143878736	143879419	4	-1.0596
DLP_REDO_FROM_PRION_B07	X	143879485	148628581	3374	-0.0076
DLP_REDO_FROM_PRION_B07	X	148632178	148654489	11	-1.3635
DLP_REDO_FROM_PRION_B07	X	148686062	148839824	83	-5e-04
DLP_REDO_FROM_PRION_B07	X	148875597	149028760	67	0.5754
DLP_REDO_FROM_PRION_B07	X	149100327	154779497	3101	-0.0044
DLP_REDO_FROM_PRION_B07	X	154779777	154780682	10	-1.313
DLP_REDO_FROM_PRION_B07	X	154783013	154784326	2	-4.9003
DLP_REDO_FROM_PRION_B07	X	154785778	155182354	98	-0.0127
DLP_REDO_FROM_PRION_B07	Y	2650438	2915759	135	-3.3001
DLP_REDO_FROM_PRION_B07	Y	2928908	6101425	737	-2.5288
DLP_REDO_FROM_PRION_B07	Y	6107901	6344503	106	-4.348
DLP_REDO_FROM_PRION_B07	Y	6356305	7445239	474	-3.2276
DLP_REDO_FROM_PRION_B07	Y	7446090	9163699	991	-3.7063
DLP_REDO_FROM_PRION_B07	Y	9164332	9391884	29	-4.9434
DLP_REDO_FROM_PRION_B07	Y	9392195	9823373	173	-3.8797
DLP_REDO_FROM_PRION_B07	Y	9826040	19570247	3015	-3.5137
DLP_REDO_FROM_PRION_B07	Y	19570632	21024613	674	-4.1546
DLP_REDO_FROM_PRION_B07	Y	21025062	24505988	1274	-3.6289
DLP_REDO_FROM_PRION_B07	Y	24510518	24985389	84	-4.468
DLP_REDO_FROM_PRION_B07	Y	25059391	25730517	59	-3.4271
DLP_REDO_FROM_PRION_B07	Y	25733001	26230511	184	-4.3297
DLP_REDO_FROM_PRION_B07	Y	26238656	26408766	40	-3.0646
DLP_REDO_FROM_PRION_B07	Y	26409789	26421237	7	-5.1482
DLP_REDO_FROM_PRION_B07	Y	26421701	26517533	33	-2.5055
DLP_REDO_FROM_PRION_B07	Y	26526212	27436702	93	-4.5942
DLP_REDO_FROM_PRION_B07	Y	27444915	27718290	90	-2.9918
DLP_REDO_FROM_PRION_B07	Y	27720551	28452016	259	-4.2189
DLP_REDO_FROM_PRION_B07	Y	28457337	59018259	176	-2.7959
