Sample	Chromosome	Start	End	Num_Probes	Segment_Mean
OWNED_p_TCGA_b102_105_SNP_N_GenomeWideSNP_6_B10_777030	1	61735	16851514	8677	-0.306
OWNED_p_TCGA_b102_105_SNP_N_GenomeWideSNP_6_B10_777030	1	16869363	17225225	118	-0.6216
OWNED_p_TCGA_b102_105_SNP_N_GenomeWideSNP_6_B10_777030	1	17225367	41364792	13666	-0.2979
OWNED_p_TCGA_b102_105_SNP_N_GenomeWideSNP_6_B10_777030	1	41367298	70970795	19302	0.1217
OWNED_p_TCGA_b102_105_SNP_N_GenomeWideSNP_6_B10_777030	1	70972133	70985173	5	-1.0732
OWNED_p_TCGA_b102_105_SNP_N_GenomeWideSNP_6_B10_777030	1	70985675	72768916	1161	0.0976
OWNED_p_TCGA_b102_105_SNP_N_GenomeWideSNP_6_B10_777030	1	72768936	72811148	45	-0.7848
OWNED_p_TCGA_b102_105_SNP_N_GenomeWideSNP_6_B10_777030	1	72811904	77774872	3198	0.0987
OWNED_p_TCGA_b102_105_SNP_N_GenomeWideSNP_6_B10_777030	1	77775014	77779836	21	-0.8964
OWNED_p_TCGA_b102_105_SNP_N_GenomeWideSNP_6_B10_777030	1	77781670	110232974	20484	0.0963
OWNED_p_TCGA_b102_105_SNP_N_GenomeWideSNP_6_B10_777030	1	110233037	110234628	10	1.0304
OWNED_p_TCGA_b102_105_SNP_N_GenomeWideSNP_6_B10_777030	1	110235032	112690211	1958	0.1026
OWNED_p_TCGA_b102_105_SNP_N_GenomeWideSNP_6_B10_777030	1	112690248	112697012	20	-0.3384
OWNED_p_TCGA_b102_105_SNP_N_GenomeWideSNP_6_B10_777030	1	112697174	146547985	5682	0.1011
OWNED_p_TCGA_b102_105_SNP_N_GenomeWideSNP_6_B10_777030	1	146548042	146552696	4	-1.4673
OWNED_p_TCGA_b102_105_SNP_N_GenomeWideSNP_6_B10_777030	1	146556406	149040066	695	0.1063
OWNED_p_TCGA_b102_105_SNP_N_GenomeWideSNP_6_B10_777030	1	149041202	149203763	83	0.4755
OWNED_p_TCGA_b102_105_SNP_N_GenomeWideSNP_6_B10_777030	1	149204009	152555706	1573	0.1343
OWNED_p_TCGA_b102_105_SNP_N_GenomeWideSNP_6_B10_777030	1	152555767	152586540	32	1.2769
OWNED_p_TCGA_b102_105_SNP_N_GenomeWideSNP_6_B10_777030	1	152586576	152759678	173	0.1172
OWNED_p_TCGA_b102_105_SNP_N_GenomeWideSNP_6_B10_777030	1	152761923	152778443	40	-0.2514
OWNED_p_TCGA_b102_105_SNP_N_GenomeWideSNP_6_B10_777030	1	152778526	169216937	11330	0.1164
OWNED_p_TCGA_b102_105_SNP_N_GenomeWideSNP_6_B10_777030	1	169233974	169238731	5	-1.7722
OWNED_p_TCGA_b102_105_SNP_N_GenomeWideSNP_6_B10_777030	1	169241766	196709223	18183	0.1053
OWNED_p_TCGA_b102_105_SNP_N_GenomeWideSNP_6_B10_777030	1	196709446	196812507	100	0.3742
OWNED_p_TCGA_b102_105_SNP_N_GenomeWideSNP_6_B10_777030	1	196812530	196815791	2	-2.6409
OWNED_p_TCGA_b102_105_SNP_N_GenomeWideSNP_6_B10_777030	1	196816730	199111363	1377	0.0846
OWNED_p_TCGA_b102_105_SNP_N_GenomeWideSNP_6_B10_777030	1	199111426	199113840	8	-0.7119
OWNED_p_TCGA_b102_105_SNP_N_GenomeWideSNP_6_B10_777030	1	199114238	220087703	14445	0.1126
OWNED_p_TCGA_b102_105_SNP_N_GenomeWideSNP_6_B10_777030	1	220088047	220113200	18	0.6479
OWNED_p_TCGA_b102_105_SNP_N_GenomeWideSNP_6_B10_777030	1	220132739	249224388	20048	0.0936
OWNED_p_TCGA_b102_105_SNP_N_GenomeWideSNP_6_B10_777030	2	12784	4205687	2985	0.1381
OWNED_p_TCGA_b102_105_SNP_N_GenomeWideSNP_6_B10_777030	2	4213864	4223167	36	-1.0353
OWNED_p_TCGA_b102_105_SNP_N_GenomeWideSNP_6_B10_777030	2	4223512	34520473	20959	0.1415
OWNED_p_TCGA_b102_105_SNP_N_GenomeWideSNP_6_B10_777030	2	34523978	34525580	2	-1.6094
OWNED_p_TCGA_b102_105_SNP_N_GenomeWideSNP_6_B10_777030	2	34525967	34701394	97	0.0966
OWNED_p_TCGA_b102_105_SNP_N_GenomeWideSNP_6_B10_777030	2	34701583	34737057	44	0.7497
OWNED_p_TCGA_b102_105_SNP_N_GenomeWideSNP_6_B10_777030	2	34737163	35975973	873	0.1469
OWNED_p_TCGA_b102_105_SNP_N_GenomeWideSNP_6_B10_777030	2	35977790	35986908	5	-0.9349
OWNED_p_TCGA_b102_105_SNP_N_GenomeWideSNP_6_B10_777030	2	35987916	52754468	12145	0.1433
OWNED_p_TCGA_b102_105_SNP_N_GenomeWideSNP_6_B10_777030	2	52754480	52781542	39	-0.7212
OWNED_p_TCGA_b102_105_SNP_N_GenomeWideSNP_6_B10_777030	2	52787949	76755693	15494	0.1363
OWNED_p_TCGA_b102_105_SNP_N_GenomeWideSNP_6_B10_777030	2	76757244	78616234	1223	-0.727
OWNED_p_TCGA_b102_105_SNP_N_GenomeWideSNP_6_B10_777030	2	78620842	97834082	7294	0.1184
OWNED_p_TCGA_b102_105_SNP_N_GenomeWideSNP_6_B10_777030	2	97834120	97877173	25	-0.2654
OWNED_p_TCGA_b102_105_SNP_N_GenomeWideSNP_6_B10_777030	2	97886334	106874722	5604	0.1322
OWNED_p_TCGA_b102_105_SNP_N_GenomeWideSNP_6_B10_777030	2	106880095	106887870	15	-0.6611
OWNED_p_TCGA_b102_105_SNP_N_GenomeWideSNP_6_B10_777030	2	106887928	109585934	1619	0.1387
OWNED_p_TCGA_b102_105_SNP_N_GenomeWideSNP_6_B10_777030	2	109586313	109586437	3	-1.6426
OWNED_p_TCGA_b102_105_SNP_N_GenomeWideSNP_6_B10_777030	2	109588356	129637927	11813	0.1362
OWNED_p_TCGA_b102_105_SNP_N_GenomeWideSNP_6_B10_777030	2	129638078	129640315	16	-0.8856
OWNED_p_TCGA_b102_105_SNP_N_GenomeWideSNP_6_B10_777030	2	129640329	130795379	877	0.1075
OWNED_p_TCGA_b102_105_SNP_N_GenomeWideSNP_6_B10_777030	2	130817339	130874876	15	-0.446
OWNED_p_TCGA_b102_105_SNP_N_GenomeWideSNP_6_B10_777030	2	130893997	130963293	21	0.1752
OWNED_p_TCGA_b102_105_SNP_N_GenomeWideSNP_6_B10_777030	2	130967626	131029463	18	-0.2579
OWNED_p_TCGA_b102_105_SNP_N_GenomeWideSNP_6_B10_777030	2	131036000	146864443	9545	0.1111
OWNED_p_TCGA_b102_105_SNP_N_GenomeWideSNP_6_B10_777030	2	146864457	146866934	21	-0.4738
OWNED_p_TCGA_b102_105_SNP_N_GenomeWideSNP_6_B10_777030	2	146877806	180061655	20280	0.1226
OWNED_p_TCGA_b102_105_SNP_N_GenomeWideSNP_6_B10_777030	2	180067192	180083591	4	-0.9121
OWNED_p_TCGA_b102_105_SNP_N_GenomeWideSNP_6_B10_777030	2	180083629	226074567	28220	0.1323
OWNED_p_TCGA_b102_105_SNP_N_GenomeWideSNP_6_B10_777030	2	226074931	226081036	5	-0.8598
OWNED_p_TCGA_b102_105_SNP_N_GenomeWideSNP_6_B10_777030	2	226081874	243089456	10593	0.1375
OWNED_p_TCGA_b102_105_SNP_N_GenomeWideSNP_6_B10_777030	3	60345	26614974	20048	-0.0881
OWNED_p_TCGA_b102_105_SNP_N_GenomeWideSNP_6_B10_777030	3	26614976	26614982	5	-1.3797
OWNED_p_TCGA_b102_105_SNP_N_GenomeWideSNP_6_B10_777030	3	26614984	47478509	13455	-0.0911
OWNED_p_TCGA_b102_105_SNP_N_GenomeWideSNP_6_B10_777030	3	47491822	47492720	2	-1.5294
OWNED_p_TCGA_b102_105_SNP_N_GenomeWideSNP_6_B10_777030	3	47497214	53031736	2227	-0.0591
OWNED_p_TCGA_b102_105_SNP_N_GenomeWideSNP_6_B10_777030	3	53031750	53032025	10	0.5689
OWNED_p_TCGA_b102_105_SNP_N_GenomeWideSNP_6_B10_777030	3	53032038	59996969	4919	-0.0467
OWNED_p_TCGA_b102_105_SNP_N_GenomeWideSNP_6_B10_777030	3	59997112	60101923	152	0.2975
OWNED_p_TCGA_b102_105_SNP_N_GenomeWideSNP_6_B10_777030	3	60102446	60132290	45	0.0116
OWNED_p_TCGA_b102_105_SNP_N_GenomeWideSNP_6_B10_777030	3	60132363	60344190	206	0.2706
OWNED_p_TCGA_b102_105_SNP_N_GenomeWideSNP_6_B10_777030	3	60349462	60500603	179	-0.0338
OWNED_p_TCGA_b102_105_SNP_N_GenomeWideSNP_6_B10_777030	3	60502990	60512472	15	-1.0847
OWNED_p_TCGA_b102_105_SNP_N_GenomeWideSNP_6_B10_777030	3	60512505	75727056	11516	0.3231
OWNED_p_TCGA_b102_105_SNP_N_GenomeWideSNP_6_B10_777030	3	75733794	75792056	20	-0.308
OWNED_p_TCGA_b102_105_SNP_N_GenomeWideSNP_6_B10_777030	3	75796656	86306259	5909	0.2805
OWNED_p_TCGA_b102_105_SNP_N_GenomeWideSNP_6_B10_777030	3	86312396	86322100	4	-1.0317
OWNED_p_TCGA_b102_105_SNP_N_GenomeWideSNP_6_B10_777030	3	86322813	162513459	44153	0.2859
OWNED_p_TCGA_b102_105_SNP_N_GenomeWideSNP_6_B10_777030	3	162514627	162628614	68	0.7007
OWNED_p_TCGA_b102_105_SNP_N_GenomeWideSNP_6_B10_777030	3	162628643	162714517	69	0.3254
OWNED_p_TCGA_b102_105_SNP_N_GenomeWideSNP_6_B10_777030	3	162717727	162726159	3	1.8081
OWNED_p_TCGA_b102_105_SNP_N_GenomeWideSNP_6_B10_777030	3	162726432	174743203	7289	0.2865
OWNED_p_TCGA_b102_105_SNP_N_GenomeWideSNP_6_B10_777030	3	174743342	174903892	111	-0.0959
OWNED_p_TCGA_b102_105_SNP_N_GenomeWideSNP_6_B10_777030	3	174909418	195400799	13218	0.2912
OWNED_p_TCGA_b102_105_SNP_N_GenomeWideSNP_6_B10_777030	3	195409946	195446922	24	0.7057
OWNED_p_TCGA_b102_105_SNP_N_GenomeWideSNP_6_B10_777030	3	195455508	195455940	6	-0.0863
OWNED_p_TCGA_b102_105_SNP_N_GenomeWideSNP_6_B10_777030	3	195455956	195474763	13	1.0723
OWNED_p_TCGA_b102_105_SNP_N_GenomeWideSNP_6_B10_777030	3	195478694	196020884	245	0.3377
OWNED_p_TCGA_b102_105_SNP_N_GenomeWideSNP_6_B10_777030	3	196022436	197896118	929	-0.0542
OWNED_p_TCGA_b102_105_SNP_N_GenomeWideSNP_6_B10_777030	4	12281	65978	57	-0.6765
OWNED_p_TCGA_b102_105_SNP_N_GenomeWideSNP_6_B10_777030	4	66719	10209251	5711	-0.3386
OWNED_p_TCGA_b102_105_SNP_N_GenomeWideSNP_6_B10_777030	4	10209869	10231498	36	-1.1745
OWNED_p_TCGA_b102_105_SNP_N_GenomeWideSNP_6_B10_777030	4	10234214	69200758	36403	-0.3233
OWNED_p_TCGA_b102_105_SNP_N_GenomeWideSNP_6_B10_777030	4	69204400	69591612	124	0.0558
OWNED_p_TCGA_b102_105_SNP_N_GenomeWideSNP_6_B10_777030	4	69591782	70120322	311	-0.2876
OWNED_p_TCGA_b102_105_SNP_N_GenomeWideSNP_6_B10_777030	4	70120699	70232022	60	-0.9074
OWNED_p_TCGA_b102_105_SNP_N_GenomeWideSNP_6_B10_777030	4	70232124	98353604	17293	-0.32
OWNED_p_TCGA_b102_105_SNP_N_GenomeWideSNP_6_B10_777030	4	98357434	98358305	2	-2.5067
OWNED_p_TCGA_b102_105_SNP_N_GenomeWideSNP_6_B10_777030	4	98360786	115173700	10004	-0.3184
OWNED_p_TCGA_b102_105_SNP_N_GenomeWideSNP_6_B10_777030	4	115175323	115185823	31	0.1104
OWNED_p_TCGA_b102_105_SNP_N_GenomeWideSNP_6_B10_777030	4	115186565	190195118	46789	-0.321
OWNED_p_TCGA_b102_105_SNP_N_GenomeWideSNP_6_B10_777030	4	190195622	190199264	3	-2.131
OWNED_p_TCGA_b102_105_SNP_N_GenomeWideSNP_6_B10_777030	4	190199771	190491381	175	-0.2434
OWNED_p_TCGA_b102_105_SNP_N_GenomeWideSNP_6_B10_777030	4	190491398	190514342	11	-0.8802
OWNED_p_TCGA_b102_105_SNP_N_GenomeWideSNP_6_B10_777030	4	190518103	190785565	137	-0.2163
OWNED_p_TCGA_b102_105_SNP_N_GenomeWideSNP_6_B10_777030	4	190792947	191027923	61	-0.609
OWNED_p_TCGA_b102_105_SNP_N_GenomeWideSNP_6_B10_777030	5	15532	698371	307	0.0951
OWNED_p_TCGA_b102_105_SNP_N_GenomeWideSNP_6_B10_777030	5	698472	773568	28	0.5941
OWNED_p_TCGA_b102_105_SNP_N_GenomeWideSNP_6_B10_777030	5	779860	12800889	9874	0.1217
OWNED_p_TCGA_b102_105_SNP_N_GenomeWideSNP_6_B10_777030	5	12815780	12838533	14	-0.7228
OWNED_p_TCGA_b102_105_SNP_N_GenomeWideSNP_6_B10_777030	5	12849201	46196114	20540	0.1262
OWNED_p_TCGA_b102_105_SNP_N_GenomeWideSNP_6_B10_777030	5	46199434	46199435	2	-1.4683
OWNED_p_TCGA_b102_105_SNP_N_GenomeWideSNP_6_B10_777030	5	46209299	46246660	12	0.1366
OWNED_p_TCGA_b102_105_SNP_N_GenomeWideSNP_6_B10_777030	5	46251306	46273502	9	0.7988
OWNED_p_TCGA_b102_105_SNP_N_GenomeWideSNP_6_B10_777030	5	46278212	46383335	17	0.1051
OWNED_p_TCGA_b102_105_SNP_N_GenomeWideSNP_6_B10_777030	5	46386392	57321586	5052	-0.32
OWNED_p_TCGA_b102_105_SNP_N_GenomeWideSNP_6_B10_777030	5	57321646	57333533	33	0.9213
OWNED_p_TCGA_b102_105_SNP_N_GenomeWideSNP_6_B10_777030	5	57338357	120417379	38138	-0.3238
OWNED_p_TCGA_b102_105_SNP_N_GenomeWideSNP_6_B10_777030	5	120424238	120467652	24	-1.2143
OWNED_p_TCGA_b102_105_SNP_N_GenomeWideSNP_6_B10_777030	5	120468628	175460087	36104	-0.2458
OWNED_p_TCGA_b102_105_SNP_N_GenomeWideSNP_6_B10_777030	5	175465689	175469507	2	-1.9864
OWNED_p_TCGA_b102_105_SNP_N_GenomeWideSNP_6_B10_777030	5	175470324	175583144	29	-0.213
OWNED_p_TCGA_b102_105_SNP_N_GenomeWideSNP_6_B10_777030	5	175583555	175584840	2	-1.5335
OWNED_p_TCGA_b102_105_SNP_N_GenomeWideSNP_6_B10_777030	5	175585966	180790320	2696	-0.054
OWNED_p_TCGA_b102_105_SNP_N_GenomeWideSNP_6_B10_777030	6	149661	253861	98	0.1555
OWNED_p_TCGA_b102_105_SNP_N_GenomeWideSNP_6_B10_777030	6	254267	318804	30	-0.3206
OWNED_p_TCGA_b102_105_SNP_N_GenomeWideSNP_6_B10_777030	6	320872	10133985	7906	-0.0518
OWNED_p_TCGA_b102_105_SNP_N_GenomeWideSNP_6_B10_777030	6	10139317	29543773	13467	0.2281
OWNED_p_TCGA_b102_105_SNP_N_GenomeWideSNP_6_B10_777030	6	29545715	29561850	9	-0.9477
OWNED_p_TCGA_b102_105_SNP_N_GenomeWideSNP_6_B10_777030	6	29563067	29837072	206	0.0725
OWNED_p_TCGA_b102_105_SNP_N_GenomeWideSNP_6_B10_777030	6	29837187	29971077	86	-0.3968
OWNED_p_TCGA_b102_105_SNP_N_GenomeWideSNP_6_B10_777030	6	29971548	32580617	1160	0.0859
OWNED_p_TCGA_b102_105_SNP_N_GenomeWideSNP_6_B10_777030	6	32581838	32602107	12	0.7607
OWNED_p_TCGA_b102_105_SNP_N_GenomeWideSNP_6_B10_777030	6	32602269	32622194	8	0.044
OWNED_p_TCGA_b102_105_SNP_N_GenomeWideSNP_6_B10_777030	6	32624304	32625937	5	-1.1366
OWNED_p_TCGA_b102_105_SNP_N_GenomeWideSNP_6_B10_777030	6	32626618	40364325	4970	0.1476
OWNED_p_TCGA_b102_105_SNP_N_GenomeWideSNP_6_B10_777030	6	40365601	40368522	5	-5.2966
OWNED_p_TCGA_b102_105_SNP_N_GenomeWideSNP_6_B10_777030	6	40369293	52653769	7795	0.0859
OWNED_p_TCGA_b102_105_SNP_N_GenomeWideSNP_6_B10_777030	6	52657224	52664482	12	-0.4052
OWNED_p_TCGA_b102_105_SNP_N_GenomeWideSNP_6_B10_777030	6	52664572	53931230	950	0.1194
OWNED_p_TCGA_b102_105_SNP_N_GenomeWideSNP_6_B10_777030	6	53931275	53931855	5	-0.9779
OWNED_p_TCGA_b102_105_SNP_N_GenomeWideSNP_6_B10_777030	6	53935348	69137665	7019	0.1513
OWNED_p_TCGA_b102_105_SNP_N_GenomeWideSNP_6_B10_777030	6	69138056	69142008	3	-1.0461
OWNED_p_TCGA_b102_105_SNP_N_GenomeWideSNP_6_B10_777030	6	69146027	103734174	21847	0.1585
OWNED_p_TCGA_b102_105_SNP_N_GenomeWideSNP_6_B10_777030	6	103734645	103762061	50	0.6595
OWNED_p_TCGA_b102_105_SNP_N_GenomeWideSNP_6_B10_777030	6	103765470	162957664	38515	0.1023
OWNED_p_TCGA_b102_105_SNP_N_GenomeWideSNP_6_B10_777030	6	162958370	163256640	187	-0.187
OWNED_p_TCGA_b102_105_SNP_N_GenomeWideSNP_6_B10_777030	6	163259218	171051005	5507	0.2267
OWNED_p_TCGA_b102_105_SNP_N_GenomeWideSNP_6_B10_777030	7	43355	3365441	1399	0.2881
OWNED_p_TCGA_b102_105_SNP_N_GenomeWideSNP_6_B10_777030	7	3365572	3506098	152	-0.35
OWNED_p_TCGA_b102_105_SNP_N_GenomeWideSNP_6_B10_777030	7	3506114	5936900	1519	0.2808
OWNED_p_TCGA_b102_105_SNP_N_GenomeWideSNP_6_B10_777030	7	5940039	6038725	17	-0.2785
OWNED_p_TCGA_b102_105_SNP_N_GenomeWideSNP_6_B10_777030	7	6038901	76153348	43946	0.2532
OWNED_p_TCGA_b102_105_SNP_N_GenomeWideSNP_6_B10_777030	7	76153363	76161297	3	-1.6342
OWNED_p_TCGA_b102_105_SNP_N_GenomeWideSNP_6_B10_777030	7	76161308	97609419	13775	0.2491
OWNED_p_TCGA_b102_105_SNP_N_GenomeWideSNP_6_B10_777030	7	97611341	97612048	3	-2.1978
OWNED_p_TCGA_b102_105_SNP_N_GenomeWideSNP_6_B10_777030	7	97613771	109437772	6537	0.2562
OWNED_p_TCGA_b102_105_SNP_N_GenomeWideSNP_6_B10_777030	7	109437774	109453858	19	-0.4795
OWNED_p_TCGA_b102_105_SNP_N_GenomeWideSNP_6_B10_777030	7	109453910	126044923	10029	0.2339
OWNED_p_TCGA_b102_105_SNP_N_GenomeWideSNP_6_B10_777030	7	126044974	126046881	19	-0.4765
OWNED_p_TCGA_b102_105_SNP_N_GenomeWideSNP_6_B10_777030	7	126052766	142474939	10418	0.2443
OWNED_p_TCGA_b102_105_SNP_N_GenomeWideSNP_6_B10_777030	7	142476719	142486045	27	0.5794
OWNED_p_TCGA_b102_105_SNP_N_GenomeWideSNP_6_B10_777030	7	142486115	143499387	547	0.2393
OWNED_p_TCGA_b102_105_SNP_N_GenomeWideSNP_6_B10_777030	7	143504789	143572286	25	-0.1832
OWNED_p_TCGA_b102_105_SNP_N_GenomeWideSNP_6_B10_777030	7	143574781	143909445	270	0.2311
OWNED_p_TCGA_b102_105_SNP_N_GenomeWideSNP_6_B10_777030	7	143911624	144017309	29	0.8618
OWNED_p_TCGA_b102_105_SNP_N_GenomeWideSNP_6_B10_777030	7	144023399	159127004	9698	0.2546
OWNED_p_TCGA_b102_105_SNP_N_GenomeWideSNP_6_B10_777030	8	31254	593041	326	-0.4395
OWNED_p_TCGA_b102_105_SNP_N_GenomeWideSNP_6_B10_777030	8	594944	595908	10	1.0241
OWNED_p_TCGA_b102_105_SNP_N_GenomeWideSNP_6_B10_777030	8	601043	2202340	1283	-0.4084
OWNED_p_TCGA_b102_105_SNP_N_GenomeWideSNP_6_B10_777030	8	2204639	2206486	4	-1.7858
OWNED_p_TCGA_b102_105_SNP_N_GenomeWideSNP_6_B10_777030	8	2207913	10359513	8465	-0.3667
OWNED_p_TCGA_b102_105_SNP_N_GenomeWideSNP_6_B10_777030	8	10359634	10368162	5	-1.7265
OWNED_p_TCGA_b102_105_SNP_N_GenomeWideSNP_6_B10_777030	8	10369037	12247407	1221	-0.4097
OWNED_p_TCGA_b102_105_SNP_N_GenomeWideSNP_6_B10_777030	8	12247486	12550768	86	-0.7427
OWNED_p_TCGA_b102_105_SNP_N_GenomeWideSNP_6_B10_777030	8	12551135	13183459	585	-0.3626
OWNED_p_TCGA_b102_105_SNP_N_GenomeWideSNP_6_B10_777030	8	13183526	13183677	2	-2.5475
OWNED_p_TCGA_b102_105_SNP_N_GenomeWideSNP_6_B10_777030	8	13184339	19052474	5429	-0.369
OWNED_p_TCGA_b102_105_SNP_N_GenomeWideSNP_6_B10_777030	8	19052633	20143440	935	0.0995
OWNED_p_TCGA_b102_105_SNP_N_GenomeWideSNP_6_B10_777030	8	20143689	36951914	11235	-0.3735
OWNED_p_TCGA_b102_105_SNP_N_GenomeWideSNP_6_B10_777030	8	36952223	39230659	1201	0.1052
OWNED_p_TCGA_b102_105_SNP_N_GenomeWideSNP_6_B10_777030	8	39235603	39386965	58	-1.3767
OWNED_p_TCGA_b102_105_SNP_N_GenomeWideSNP_6_B10_777030	8	39388299	40771996	1070	0.1542
OWNED_p_TCGA_b102_105_SNP_N_GenomeWideSNP_6_B10_777030	8	40777852	40778471	2	-1.5427
OWNED_p_TCGA_b102_105_SNP_N_GenomeWideSNP_6_B10_777030	8	40783680	41614715	520	0.1762
OWNED_p_TCGA_b102_105_SNP_N_GenomeWideSNP_6_B10_777030	8	41617402	48229039	1483	-0.2797
OWNED_p_TCGA_b102_105_SNP_N_GenomeWideSNP_6_B10_777030	8	48235264	48437610	96	-0.6286
OWNED_p_TCGA_b102_105_SNP_N_GenomeWideSNP_6_B10_777030	8	48438496	48992093	235	-0.2406
OWNED_p_TCGA_b102_105_SNP_N_GenomeWideSNP_6_B10_777030	8	48998767	68547669	12131	0.1557
OWNED_p_TCGA_b102_105_SNP_N_GenomeWideSNP_6_B10_777030	8	68548132	68548400	6	-0.737
OWNED_p_TCGA_b102_105_SNP_N_GenomeWideSNP_6_B10_777030	8	68548491	90205713	12990	0.1461
OWNED_p_TCGA_b102_105_SNP_N_GenomeWideSNP_6_B10_777030	8	90205772	90261815	63	-0.1449
OWNED_p_TCGA_b102_105_SNP_N_GenomeWideSNP_6_B10_777030	8	90264330	112291494	13421	0.2289
OWNED_p_TCGA_b102_105_SNP_N_GenomeWideSNP_6_B10_777030	8	112294279	112295081	7	-0.3762
OWNED_p_TCGA_b102_105_SNP_N_GenomeWideSNP_6_B10_777030	8	112295202	112295260	3	-2.1287
OWNED_p_TCGA_b102_105_SNP_N_GenomeWideSNP_6_B10_777030	8	112300281	115638467	1838	0.302
OWNED_p_TCGA_b102_105_SNP_N_GenomeWideSNP_6_B10_777030	8	115638701	115640817	6	-0.3895
OWNED_p_TCGA_b102_105_SNP_N_GenomeWideSNP_6_B10_777030	8	115640908	143465679	20108	0.3291
OWNED_p_TCGA_b102_105_SNP_N_GenomeWideSNP_6_B10_777030	8	143465880	143465893	2	-1.3834
OWNED_p_TCGA_b102_105_SNP_N_GenomeWideSNP_6_B10_777030	8	143473926	146298155	964	0.3613
OWNED_p_TCGA_b102_105_SNP_N_GenomeWideSNP_6_B10_777030	9	46587	1180987	1160	-0.0551
OWNED_p_TCGA_b102_105_SNP_N_GenomeWideSNP_6_B10_777030	9	1181441	1181452	2	-1.9782
OWNED_p_TCGA_b102_105_SNP_N_GenomeWideSNP_6_B10_777030	9	1183321	23361805	19266	-0.0684
OWNED_p_TCGA_b102_105_SNP_N_GenomeWideSNP_6_B10_777030	9	23363115	23378488	9	-1.4272
OWNED_p_TCGA_b102_105_SNP_N_GenomeWideSNP_6_B10_777030	9	23379719	141091394	59346	-0.0667
OWNED_p_TCGA_b102_105_SNP_N_GenomeWideSNP_6_B10_777030	10	72759	72825	3	0.3303
OWNED_p_TCGA_b102_105_SNP_N_GenomeWideSNP_6_B10_777030	10	91732	31974659	24717	-0.308
OWNED_p_TCGA_b102_105_SNP_N_GenomeWideSNP_6_B10_777030	10	31974827	31974946	2	-1.7383
OWNED_p_TCGA_b102_105_SNP_N_GenomeWideSNP_6_B10_777030	10	31981659	42682133	4412	-0.0702
OWNED_p_TCGA_b102_105_SNP_N_GenomeWideSNP_6_B10_777030	10	42685261	42719749	9	-0.9221
OWNED_p_TCGA_b102_105_SNP_N_GenomeWideSNP_6_B10_777030	10	42720673	46211699	2333	-0.0759
OWNED_p_TCGA_b102_105_SNP_N_GenomeWideSNP_6_B10_777030	10	46215431	46215766	2	-1.8336
OWNED_p_TCGA_b102_105_SNP_N_GenomeWideSNP_6_B10_777030	10	46225377	47370368	190	0.1132
OWNED_p_TCGA_b102_105_SNP_N_GenomeWideSNP_6_B10_777030	10	47392332	47593133	34	-0.1798
OWNED_p_TCGA_b102_105_SNP_N_GenomeWideSNP_6_B10_777030	10	47593951	47596804	3	-2.0087
OWNED_p_TCGA_b102_105_SNP_N_GenomeWideSNP_6_B10_777030	10	47596842	51830360	1925	-0.0988
OWNED_p_TCGA_b102_105_SNP_N_GenomeWideSNP_6_B10_777030	10	51840984	51857219	2	-2.1556
OWNED_p_TCGA_b102_105_SNP_N_GenomeWideSNP_6_B10_777030	10	51867234	56680277	3648	-0.0737
OWNED_p_TCGA_b102_105_SNP_N_GenomeWideSNP_6_B10_777030	10	56683090	56684037	2	-2.2464
OWNED_p_TCGA_b102_105_SNP_N_GenomeWideSNP_6_B10_777030	10	56687294	58517317	1225	-0.0507
OWNED_p_TCGA_b102_105_SNP_N_GenomeWideSNP_6_B10_777030	10	58518556	58526837	25	-0.5344
OWNED_p_TCGA_b102_105_SNP_N_GenomeWideSNP_6_B10_777030	10	58532752	67307936	6103	-0.0753
OWNED_p_TCGA_b102_105_SNP_N_GenomeWideSNP_6_B10_777030	10	67307951	67314430	25	-0.6799
OWNED_p_TCGA_b102_105_SNP_N_GenomeWideSNP_6_B10_777030	10	67314446	84529741	11335	-0.0777
OWNED_p_TCGA_b102_105_SNP_N_GenomeWideSNP_6_B10_777030	10	84530206	84566402	22	-0.6421
OWNED_p_TCGA_b102_105_SNP_N_GenomeWideSNP_6_B10_777030	10	84566934	135506704	34858	-0.075
OWNED_p_TCGA_b102_105_SNP_N_GenomeWideSNP_6_B10_777030	11	198510	198572	2	0.6179
OWNED_p_TCGA_b102_105_SNP_N_GenomeWideSNP_6_B10_777030	11	202179	4968117	2458	-0.265
OWNED_p_TCGA_b102_105_SNP_N_GenomeWideSNP_6_B10_777030	11	4968510	4976272	30	0.5328
OWNED_p_TCGA_b102_105_SNP_N_GenomeWideSNP_6_B10_777030	11	4976334	55376280	32080	-0.2111
OWNED_p_TCGA_b102_105_SNP_N_GenomeWideSNP_6_B10_777030	11	55376498	55453576	52	0.2962
OWNED_p_TCGA_b102_105_SNP_N_GenomeWideSNP_6_B10_777030	11	55460683	67661179	6283	-0.0437
OWNED_p_TCGA_b102_105_SNP_N_GenomeWideSNP_6_B10_777030	11	67662476	67727646	14	-0.601
OWNED_p_TCGA_b102_105_SNP_N_GenomeWideSNP_6_B10_777030	11	67727839	68765534	482	-0.0021
OWNED_p_TCGA_b102_105_SNP_N_GenomeWideSNP_6_B10_777030	11	68765764	71370800	1555	0.3689
OWNED_p_TCGA_b102_105_SNP_N_GenomeWideSNP_6_B10_777030	11	71371785	71423465	12	-0.2062
OWNED_p_TCGA_b102_105_SNP_N_GenomeWideSNP_6_B10_777030	11	71423619	81498805	6260	0.3217
OWNED_p_TCGA_b102_105_SNP_N_GenomeWideSNP_6_B10_777030	11	81503468	81517158	11	-0.7586
OWNED_p_TCGA_b102_105_SNP_N_GenomeWideSNP_6_B10_777030	11	81522632	134944770	37748	0.2135
OWNED_p_TCGA_b102_105_SNP_N_GenomeWideSNP_6_B10_777030	12	150442	869278	421	-0.3438
OWNED_p_TCGA_b102_105_SNP_N_GenomeWideSNP_6_B10_777030	12	869316	876288	16	-0.9794
OWNED_p_TCGA_b102_105_SNP_N_GenomeWideSNP_6_B10_777030	12	876378	9633870	5745	-0.3239
OWNED_p_TCGA_b102_105_SNP_N_GenomeWideSNP_6_B10_777030	12	9637909	9728292	24	-1.0688
OWNED_p_TCGA_b102_105_SNP_N_GenomeWideSNP_6_B10_777030	12	9734969	11511578	1186	-0.2969
OWNED_p_TCGA_b102_105_SNP_N_GenomeWideSNP_6_B10_777030	12	11512492	11523542	15	-0.9428
OWNED_p_TCGA_b102_105_SNP_N_GenomeWideSNP_6_B10_777030	12	11523565	70871858	36202	-0.0903
OWNED_p_TCGA_b102_105_SNP_N_GenomeWideSNP_6_B10_777030	12	70872675	70877750	5	-2.0888
OWNED_p_TCGA_b102_105_SNP_N_GenomeWideSNP_6_B10_777030	12	70877765	114631402	28132	-0.0772
OWNED_p_TCGA_b102_105_SNP_N_GenomeWideSNP_6_B10_777030	12	114632203	114637909	6	-1.6345
OWNED_p_TCGA_b102_105_SNP_N_GenomeWideSNP_6_B10_777030	12	114638864	133778189	13135	-0.0689
OWNED_p_TCGA_b102_105_SNP_N_GenomeWideSNP_6_B10_777030	13	19026949	19412287	110	0.6146
OWNED_p_TCGA_b102_105_SNP_N_GenomeWideSNP_6_B10_777030	13	19417086	25509506	4270	1.0342
OWNED_p_TCGA_b102_105_SNP_N_GenomeWideSNP_6_B10_777030	13	25509846	25515343	5	-0.3532
OWNED_p_TCGA_b102_105_SNP_N_GenomeWideSNP_6_B10_777030	13	25516291	38071135	9161	1.0152
OWNED_p_TCGA_b102_105_SNP_N_GenomeWideSNP_6_B10_777030	13	38072036	38084757	16	1.8172
OWNED_p_TCGA_b102_105_SNP_N_GenomeWideSNP_6_B10_777030	13	38088330	43014464	3440	0.9841
OWNED_p_TCGA_b102_105_SNP_N_GenomeWideSNP_6_B10_777030	13	43014795	48531676	3814	0.6843
OWNED_p_TCGA_b102_105_SNP_N_GenomeWideSNP_6_B10_777030	13	48533814	48550319	12	-0.9284
OWNED_p_TCGA_b102_105_SNP_N_GenomeWideSNP_6_B10_777030	13	48553650	50819888	1350	-0.3086
OWNED_p_TCGA_b102_105_SNP_N_GenomeWideSNP_6_B10_777030	13	50821579	51257516	294	-0.888
OWNED_p_TCGA_b102_105_SNP_N_GenomeWideSNP_6_B10_777030	13	51260415	59622192	4691	-0.3137
OWNED_p_TCGA_b102_105_SNP_N_GenomeWideSNP_6_B10_777030	13	59625180	69132460	5740	0.4112
OWNED_p_TCGA_b102_105_SNP_N_GenomeWideSNP_6_B10_777030	13	69139418	69139870	7	-0.8988
OWNED_p_TCGA_b102_105_SNP_N_GenomeWideSNP_6_B10_777030	13	69142208	72476988	2194	0.39
OWNED_p_TCGA_b102_105_SNP_N_GenomeWideSNP_6_B10_777030	13	72477555	72480556	4	-1.9651
OWNED_p_TCGA_b102_105_SNP_N_GenomeWideSNP_6_B10_777030	13	72480605	111723194	27337	0.4052
OWNED_p_TCGA_b102_105_SNP_N_GenomeWideSNP_6_B10_777030	13	111724124	111724532	2	-1.074
OWNED_p_TCGA_b102_105_SNP_N_GenomeWideSNP_6_B10_777030	13	111724545	115108397	1781	0.4642
OWNED_p_TCGA_b102_105_SNP_N_GenomeWideSNP_6_B10_777030	14	19002124	20200409	84	-0.2722
OWNED_p_TCGA_b102_105_SNP_N_GenomeWideSNP_6_B10_777030	14	20201117	20434958	121	0.2386
OWNED_p_TCGA_b102_105_SNP_N_GenomeWideSNP_6_B10_777030	14	20435030	107285437	55281	-0.0973
OWNED_p_TCGA_b102_105_SNP_N_GenomeWideSNP_6_B10_777030	15	20016328	20284066	58	-0.2198
OWNED_p_TCGA_b102_105_SNP_N_GenomeWideSNP_6_B10_777030	15	20291313	22681250	366	-0.4485
OWNED_p_TCGA_b102_105_SNP_N_GenomeWideSNP_6_B10_777030	15	22751094	24669745	994	-0.0775
OWNED_p_TCGA_b102_105_SNP_N_GenomeWideSNP_6_B10_777030	15	24674751	24718173	39	-1.3818
OWNED_p_TCGA_b102_105_SNP_N_GenomeWideSNP_6_B10_777030	15	24718596	55863158	19521	-0.0857
OWNED_p_TCGA_b102_105_SNP_N_GenomeWideSNP_6_B10_777030	15	55864771	55867397	2	-2.3743
OWNED_p_TCGA_b102_105_SNP_N_GenomeWideSNP_6_B10_777030	15	55870449	76869929	13300	-0.0783
OWNED_p_TCGA_b102_105_SNP_N_GenomeWideSNP_6_B10_777030	15	76878362	76895198	15	-0.7797
OWNED_p_TCGA_b102_105_SNP_N_GenomeWideSNP_6_B10_777030	15	76895344	84540717	4437	-0.0813
OWNED_p_TCGA_b102_105_SNP_N_GenomeWideSNP_6_B10_777030	15	84540738	84543550	6	-1.3768
OWNED_p_TCGA_b102_105_SNP_N_GenomeWideSNP_6_B10_777030	15	84547277	88189136	2593	-0.0933
OWNED_p_TCGA_b102_105_SNP_N_GenomeWideSNP_6_B10_777030	15	88193726	88196794	4	-1.3158
OWNED_p_TCGA_b102_105_SNP_N_GenomeWideSNP_6_B10_777030	15	88198405	101916707	10228	-0.0869
OWNED_p_TCGA_b102_105_SNP_N_GenomeWideSNP_6_B10_777030	15	101917222	101930314	25	-0.5091
OWNED_p_TCGA_b102_105_SNP_N_GenomeWideSNP_6_B10_777030	15	101930607	102469040	367	-0.083
OWNED_p_TCGA_b102_105_SNP_N_GenomeWideSNP_6_B10_777030	16	60777	31960151	20014	-0.0314
OWNED_p_TCGA_b102_105_SNP_N_GenomeWideSNP_6_B10_777030	16	31965616	32588622	110	-0.3434
OWNED_p_TCGA_b102_105_SNP_N_GenomeWideSNP_6_B10_777030	16	32588901	32588909	5	-2.8115
OWNED_p_TCGA_b102_105_SNP_N_GenomeWideSNP_6_B10_777030	16	32609274	33828054	192	-0.3693
OWNED_p_TCGA_b102_105_SNP_N_GenomeWideSNP_6_B10_777030	16	33828725	53458017	4930	-0.0353
OWNED_p_TCGA_b102_105_SNP_N_GenomeWideSNP_6_B10_777030	16	53469387	53469807	3	1.3807
OWNED_p_TCGA_b102_105_SNP_N_GenomeWideSNP_6_B10_777030	16	53469929	54409843	797	-0.0233
OWNED_p_TCGA_b102_105_SNP_N_GenomeWideSNP_6_B10_777030	16	54409941	54419632	18	-1.0879
OWNED_p_TCGA_b102_105_SNP_N_GenomeWideSNP_6_B10_777030	16	54420698	57808171	2429	-0.0398
OWNED_p_TCGA_b102_105_SNP_N_GenomeWideSNP_6_B10_777030	16	57809578	57810318	3	-1.498
OWNED_p_TCGA_b102_105_SNP_N_GenomeWideSNP_6_B10_777030	16	57813307	62630402	3043	-0.0446
OWNED_p_TCGA_b102_105_SNP_N_GenomeWideSNP_6_B10_777030	16	62631193	62631213	2	-2.6209
OWNED_p_TCGA_b102_105_SNP_N_GenomeWideSNP_6_B10_777030	16	62631318	80747410	12970	-0.046
OWNED_p_TCGA_b102_105_SNP_N_GenomeWideSNP_6_B10_777030	16	80747757	87883721	6829	-0.3689
OWNED_p_TCGA_b102_105_SNP_N_GenomeWideSNP_6_B10_777030	16	87884517	88114838	122	-0.0438
OWNED_p_TCGA_b102_105_SNP_N_GenomeWideSNP_6_B10_777030	16	88115391	88116130	2	-1.6394
OWNED_p_TCGA_b102_105_SNP_N_GenomeWideSNP_6_B10_777030	16	88116483	90287535	843	-0.0913
OWNED_p_TCGA_b102_105_SNP_N_GenomeWideSNP_6_B10_777030	17	526	6309355	3570	-0.0246
OWNED_p_TCGA_b102_105_SNP_N_GenomeWideSNP_6_B10_777030	17	6310041	6310686	2	1.5655
OWNED_p_TCGA_b102_105_SNP_N_GenomeWideSNP_6_B10_777030	17	6310731	20395887	8698	-0.282
OWNED_p_TCGA_b102_105_SNP_N_GenomeWideSNP_6_B10_777030	17	20410231	20413446	2	-1.7411
OWNED_p_TCGA_b102_105_SNP_N_GenomeWideSNP_6_B10_777030	17	20431180	21787328	524	-0.0731
OWNED_p_TCGA_b102_105_SNP_N_GenomeWideSNP_6_B10_777030	17	21793179	22096142	133	-0.366
OWNED_p_TCGA_b102_105_SNP_N_GenomeWideSNP_6_B10_777030	17	22097293	22099957	2	1.5011
OWNED_p_TCGA_b102_105_SNP_N_GenomeWideSNP_6_B10_777030	17	22101698	25270411	58	-0.326
OWNED_p_TCGA_b102_105_SNP_N_GenomeWideSNP_6_B10_777030	17	25270517	34437128	5354	-0.0525
OWNED_p_TCGA_b102_105_SNP_N_GenomeWideSNP_6_B10_777030	17	34439978	34535651	38	0.301
OWNED_p_TCGA_b102_105_SNP_N_GenomeWideSNP_6_B10_777030	17	34543343	34816256	4	-1.0427
OWNED_p_TCGA_b102_105_SNP_N_GenomeWideSNP_6_B10_777030	17	34819191	39423090	2538	-0.0338
OWNED_p_TCGA_b102_105_SNP_N_GenomeWideSNP_6_B10_777030	17	39423103	39430450	18	1.0327
OWNED_p_TCGA_b102_105_SNP_N_GenomeWideSNP_6_B10_777030	17	39430531	43574411	2162	-0.0304
OWNED_p_TCGA_b102_105_SNP_N_GenomeWideSNP_6_B10_777030	17	43574921	43695377	19	-0.664
OWNED_p_TCGA_b102_105_SNP_N_GenomeWideSNP_6_B10_777030	17	43703814	44647143	482	-0.0519
OWNED_p_TCGA_b102_105_SNP_N_GenomeWideSNP_6_B10_777030	17	44647260	44648367	2	2.1241
OWNED_p_TCGA_b102_105_SNP_N_GenomeWideSNP_6_B10_777030	17	44653397	78641290	20638	-0.0998
OWNED_p_TCGA_b102_105_SNP_N_GenomeWideSNP_6_B10_777030	17	78642620	78644018	2	-1.7386
OWNED_p_TCGA_b102_105_SNP_N_GenomeWideSNP_6_B10_777030	17	78656487	81049726	955	0.121
OWNED_p_TCGA_b102_105_SNP_N_GenomeWideSNP_6_B10_777030	18	11543	1986263	1407	-0.2752
OWNED_p_TCGA_b102_105_SNP_N_GenomeWideSNP_6_B10_777030	18	1987538	3940775	1354	-0.6182
OWNED_p_TCGA_b102_105_SNP_N_GenomeWideSNP_6_B10_777030	18	3941508	4029893	84	-0.2863
OWNED_p_TCGA_b102_105_SNP_N_GenomeWideSNP_6_B10_777030	18	4030372	13999552	7063	-0.6501
OWNED_p_TCGA_b102_105_SNP_N_GenomeWideSNP_6_B10_777030	18	13999915	38258082	12794	-0.3086
OWNED_p_TCGA_b102_105_SNP_N_GenomeWideSNP_6_B10_777030	18	38258096	38258335	5	0.2793
OWNED_p_TCGA_b102_105_SNP_N_GenomeWideSNP_6_B10_777030	18	38258390	38260434	10	-0.1274
OWNED_p_TCGA_b102_105_SNP_N_GenomeWideSNP_6_B10_777030	18	38260448	38265377	16	0.3036
OWNED_p_TCGA_b102_105_SNP_N_GenomeWideSNP_6_B10_777030	18	38265389	47827920	6459	-0.3262
OWNED_p_TCGA_b102_105_SNP_N_GenomeWideSNP_6_B10_777030	18	47827943	65099611	11924	-0.6201
OWNED_p_TCGA_b102_105_SNP_N_GenomeWideSNP_6_B10_777030	18	65104320	74905937	7471	-0.3004
OWNED_p_TCGA_b102_105_SNP_N_GenomeWideSNP_6_B10_777030	18	74906064	74911280	2	-2.3561
OWNED_p_TCGA_b102_105_SNP_N_GenomeWideSNP_6_B10_777030	18	74911980	78015057	1984	-0.3397
OWNED_p_TCGA_b102_105_SNP_N_GenomeWideSNP_6_B10_777030	19	90910	36826939	17242	-0.0407
OWNED_p_TCGA_b102_105_SNP_N_GenomeWideSNP_6_B10_777030	19	36827683	36846190	5	0.8961
OWNED_p_TCGA_b102_105_SNP_N_GenomeWideSNP_6_B10_777030	19	36846628	41066461	2209	-0.0291
OWNED_p_TCGA_b102_105_SNP_N_GenomeWideSNP_6_B10_777030	19	41068931	41071823	3	1.334
OWNED_p_TCGA_b102_105_SNP_N_GenomeWideSNP_6_B10_777030	19	41077501	55330654	7520	-0.048
OWNED_p_TCGA_b102_105_SNP_N_GenomeWideSNP_6_B10_777030	19	55333827	55347963	11	-0.8447
OWNED_p_TCGA_b102_105_SNP_N_GenomeWideSNP_6_B10_777030	19	55348691	59097854	2296	-0.0465
OWNED_p_TCGA_b102_105_SNP_N_GenomeWideSNP_6_B10_777030	20	61305	17884636	14059	0.2882
OWNED_p_TCGA_b102_105_SNP_N_GenomeWideSNP_6_B10_777030	20	17885551	17898737	13	0.8291
OWNED_p_TCGA_b102_105_SNP_N_GenomeWideSNP_6_B10_777030	20	17898772	34093757	8100	0.2704
OWNED_p_TCGA_b102_105_SNP_N_GenomeWideSNP_6_B10_777030	20	34094549	35720649	793	0.6602
OWNED_p_TCGA_b102_105_SNP_N_GenomeWideSNP_6_B10_777030	20	35721198	35722830	8	0.0408
OWNED_p_TCGA_b102_105_SNP_N_GenomeWideSNP_6_B10_777030	20	35726402	39979225	2821	0.6643
OWNED_p_TCGA_b102_105_SNP_N_GenomeWideSNP_6_B10_777030	20	39980270	40103722	74	0.3176
OWNED_p_TCGA_b102_105_SNP_N_GenomeWideSNP_6_B10_777030	20	40105382	47739814	5619	0.6038
OWNED_p_TCGA_b102_105_SNP_N_GenomeWideSNP_6_B10_777030	20	47744947	50284137	1694	0.3195
OWNED_p_TCGA_b102_105_SNP_N_GenomeWideSNP_6_B10_777030	20	50285448	50382620	73	0.608
OWNED_p_TCGA_b102_105_SNP_N_GenomeWideSNP_6_B10_777030	20	50382639	62915568	9177	0.3342
OWNED_p_TCGA_b102_105_SNP_N_GenomeWideSNP_6_B10_777030	20	62916068	62956153	6	-1.4239
OWNED_p_TCGA_b102_105_SNP_N_GenomeWideSNP_6_B10_777030	21	10736871	11013964	77	0.3799
OWNED_p_TCGA_b102_105_SNP_N_GenomeWideSNP_6_B10_777030	21	11018107	11091682	20	-0.1231
OWNED_p_TCGA_b102_105_SNP_N_GenomeWideSNP_6_B10_777030	21	11107935	14456416	36	0.2843
OWNED_p_TCGA_b102_105_SNP_N_GenomeWideSNP_6_B10_777030	21	14464379	48096957	24241	-0.0648
OWNED_p_TCGA_b102_105_SNP_N_GenomeWideSNP_6_B10_777030	22	16052528	24344422	4606	-0.0905
OWNED_p_TCGA_b102_105_SNP_N_GenomeWideSNP_6_B10_777030	22	24350529	24396814	19	-1.0433
OWNED_p_TCGA_b102_105_SNP_N_GenomeWideSNP_6_B10_777030	22	24401529	28156018	3375	-0.0517
OWNED_p_TCGA_b102_105_SNP_N_GenomeWideSNP_6_B10_777030	22	28158649	28159311	2	-2.4096
OWNED_p_TCGA_b102_105_SNP_N_GenomeWideSNP_6_B10_777030	22	28159672	51234455	15509	-0.0532
OWNED_p_TCGA_b102_105_SNP_N_GenomeWideSNP_6_B10_777030	X	168477	65632146	35027	-0.1446
OWNED_p_TCGA_b102_105_SNP_N_GenomeWideSNP_6_B10_777030	X	65632230	65632330	2	1.7336
OWNED_p_TCGA_b102_105_SNP_N_GenomeWideSNP_6_B10_777030	X	65632620	115137955	25533	0.0802
OWNED_p_TCGA_b102_105_SNP_N_GenomeWideSNP_6_B10_777030	X	115138403	115150638	6	-1.6496
OWNED_p_TCGA_b102_105_SNP_N_GenomeWideSNP_6_B10_777030	X	115156419	115776664	408	0.1123
OWNED_p_TCGA_b102_105_SNP_N_GenomeWideSNP_6_B10_777030	X	115777486	115778625	2	2.187
OWNED_p_TCGA_b102_105_SNP_N_GenomeWideSNP_6_B10_777030	X	115780110	125034663	5547	0.1022
OWNED_p_TCGA_b102_105_SNP_N_GenomeWideSNP_6_B10_777030	X	125034710	125046770	4	2.3121
OWNED_p_TCGA_b102_105_SNP_N_GenomeWideSNP_6_B10_777030	X	125046924	125606297	309	0.1014
OWNED_p_TCGA_b102_105_SNP_N_GenomeWideSNP_6_B10_777030	X	125607099	125610654	2	-2.1294
OWNED_p_TCGA_b102_105_SNP_N_GenomeWideSNP_6_B10_777030	X	125617026	126562951	582	0.0866
OWNED_p_TCGA_b102_105_SNP_N_GenomeWideSNP_6_B10_777030	X	126563086	126563355	2	3.9843
OWNED_p_TCGA_b102_105_SNP_N_GenomeWideSNP_6_B10_777030	X	126563783	143506021	9885	0.1096
OWNED_p_TCGA_b102_105_SNP_N_GenomeWideSNP_6_B10_777030	X	143559129	143693782	72	-0.3715
OWNED_p_TCGA_b102_105_SNP_N_GenomeWideSNP_6_B10_777030	X	143693808	143737686	35	0.2181
OWNED_p_TCGA_b102_105_SNP_N_GenomeWideSNP_6_B10_777030	X	143738136	143758834	23	0.867
OWNED_p_TCGA_b102_105_SNP_N_GenomeWideSNP_6_B10_777030	X	143760666	155182354	6816	0.1091
OWNED_p_TCGA_b102_105_SNP_N_GenomeWideSNP_6_B10_777030	Y	2650438	22230641	6836	-0.7685
OWNED_p_TCGA_b102_105_SNP_N_GenomeWideSNP_6_B10_777030	Y	22243052	22312733	8	-1.7992
OWNED_p_TCGA_b102_105_SNP_N_GenomeWideSNP_6_B10_777030	Y	22466083	22842676	114	-0.7496
OWNED_p_TCGA_b102_105_SNP_N_GenomeWideSNP_6_B10_777030	Y	22843602	22846416	4	0.6189
OWNED_p_TCGA_b102_105_SNP_N_GenomeWideSNP_6_B10_777030	Y	22847163	25564793	768	-0.817
OWNED_p_TCGA_b102_105_SNP_N_GenomeWideSNP_6_B10_777030	Y	25568112	25569777	3	0.3774
OWNED_p_TCGA_b102_105_SNP_N_GenomeWideSNP_6_B10_777030	Y	25570168	27448378	377	-0.8637
OWNED_p_TCGA_b102_105_SNP_N_GenomeWideSNP_6_B10_777030	Y	27450386	27560394	44	-1.1609
OWNED_p_TCGA_b102_105_SNP_N_GenomeWideSNP_6_B10_777030	Y	27560723	59018259	479	-0.8429
