Sample	Chromosome	Start	End	Num_Probes	Segment_Mean
FOXED_p_TCGA_b122_128_SNP_N_GenomeWideSNP_6_B05_781774	1	61735	229619	23	0.2908
FOXED_p_TCGA_b122_128_SNP_N_GenomeWideSNP_6_B05_781774	1	229677	34686130	18828	-0.1103
FOXED_p_TCGA_b122_128_SNP_N_GenomeWideSNP_6_B05_781774	1	34691739	35513351	537	0.2571
FOXED_p_TCGA_b122_128_SNP_N_GenomeWideSNP_6_B05_781774	1	35514480	49794516	8133	-0.115
FOXED_p_TCGA_b122_128_SNP_N_GenomeWideSNP_6_B05_781774	1	49797804	49930552	61	-0.5448
FOXED_p_TCGA_b122_128_SNP_N_GenomeWideSNP_6_B05_781774	1	49930849	54416719	2246	-0.1224
FOXED_p_TCGA_b122_128_SNP_N_GenomeWideSNP_6_B05_781774	1	54416921	54575573	82	0.195
FOXED_p_TCGA_b122_128_SNP_N_GenomeWideSNP_6_B05_781774	1	54576453	54668562	65	0.5511
FOXED_p_TCGA_b122_128_SNP_N_GenomeWideSNP_6_B05_781774	1	54668632	55047724	222	0.2594
FOXED_p_TCGA_b122_128_SNP_N_GenomeWideSNP_6_B05_781774	1	55047801	67881390	9719	-0.12
FOXED_p_TCGA_b122_128_SNP_N_GenomeWideSNP_6_B05_781774	1	67887563	67888359	3	-1.6836
FOXED_p_TCGA_b122_128_SNP_N_GenomeWideSNP_6_B05_781774	1	67889571	72768418	3122	-0.122
FOXED_p_TCGA_b122_128_SNP_N_GenomeWideSNP_6_B05_781774	1	72768498	72811148	47	-1.2888
FOXED_p_TCGA_b122_128_SNP_N_GenomeWideSNP_6_B05_781774	1	72811904	106019236	21040	-0.1264
FOXED_p_TCGA_b122_128_SNP_N_GenomeWideSNP_6_B05_781774	1	106019310	106022360	14	0.7936
FOXED_p_TCGA_b122_128_SNP_N_GenomeWideSNP_6_B05_781774	1	106022375	107031828	669	-0.1178
FOXED_p_TCGA_b122_128_SNP_N_GenomeWideSNP_6_B05_781774	1	107032625	107061772	21	-0.53
FOXED_p_TCGA_b122_128_SNP_N_GenomeWideSNP_6_B05_781774	1	107062025	110221727	1966	-0.0989
FOXED_p_TCGA_b122_128_SNP_N_GenomeWideSNP_6_B05_781774	1	110224384	110242953	33	-0.6908
FOXED_p_TCGA_b122_128_SNP_N_GenomeWideSNP_6_B05_781774	1	110244998	144842558	7225	-0.1181
FOXED_p_TCGA_b122_128_SNP_N_GenomeWideSNP_6_B05_781774	1	144849539	144849552	3	1.141
FOXED_p_TCGA_b122_128_SNP_N_GenomeWideSNP_6_B05_781774	1	144865627	150803027	1828	-0.0918
FOXED_p_TCGA_b122_128_SNP_N_GenomeWideSNP_6_B05_781774	1	150808889	150811005	3	-1.4254
FOXED_p_TCGA_b122_128_SNP_N_GenomeWideSNP_6_B05_781774	1	150811028	152555527	965	-0.0884
FOXED_p_TCGA_b122_128_SNP_N_GenomeWideSNP_6_B05_781774	1	152555706	152586278	32	-1.7267
FOXED_p_TCGA_b122_128_SNP_N_GenomeWideSNP_6_B05_781774	1	152586540	152759678	174	-0.131
FOXED_p_TCGA_b122_128_SNP_N_GenomeWideSNP_6_B05_781774	1	152761923	152768700	37	0.5267
FOXED_p_TCGA_b122_128_SNP_N_GenomeWideSNP_6_B05_781774	1	152773905	169216937	11347	-0.1
FOXED_p_TCGA_b122_128_SNP_N_GenomeWideSNP_6_B05_781774	1	169233974	169241766	7	1.0643
FOXED_p_TCGA_b122_128_SNP_N_GenomeWideSNP_6_B05_781774	1	169242401	189648157	13462	-0.1047
FOXED_p_TCGA_b122_128_SNP_N_GenomeWideSNP_6_B05_781774	1	189648483	189648527	2	-2.2409
FOXED_p_TCGA_b122_128_SNP_N_GenomeWideSNP_6_B05_781774	1	189652047	196706272	4737	-0.1149
FOXED_p_TCGA_b122_128_SNP_N_GenomeWideSNP_6_B05_781774	1	196706677	196812507	103	0.2564
FOXED_p_TCGA_b122_128_SNP_N_GenomeWideSNP_6_B05_781774	1	196812530	213004455	10778	-0.0968
FOXED_p_TCGA_b122_128_SNP_N_GenomeWideSNP_6_B05_781774	1	213005012	213010436	7	-0.9861
FOXED_p_TCGA_b122_128_SNP_N_GenomeWideSNP_6_B05_781774	1	213014453	248725234	24998	-0.1111
FOXED_p_TCGA_b122_128_SNP_N_GenomeWideSNP_6_B05_781774	1	248736075	248795289	32	-0.5473
FOXED_p_TCGA_b122_128_SNP_N_GenomeWideSNP_6_B05_781774	1	248795852	249224388	148	-0.0911
FOXED_p_TCGA_b122_128_SNP_N_GenomeWideSNP_6_B05_781774	2	12784	12783083	9734	0.0519
FOXED_p_TCGA_b122_128_SNP_N_GenomeWideSNP_6_B05_781774	2	12787819	12787913	2	-1.5693
FOXED_p_TCGA_b122_128_SNP_N_GenomeWideSNP_6_B05_781774	2	12787968	34691069	14379	0.0536
FOXED_p_TCGA_b122_128_SNP_N_GenomeWideSNP_6_B05_781774	2	34699315	34701735	6	-2.971
FOXED_p_TCGA_b122_128_SNP_N_GenomeWideSNP_6_B05_781774	2	34708632	34717974	24	-1.47
FOXED_p_TCGA_b122_128_SNP_N_GenomeWideSNP_6_B05_781774	2	34717988	34737057	16	-2.7204
FOXED_p_TCGA_b122_128_SNP_N_GenomeWideSNP_6_B05_781774	2	34737163	47032546	9209	0.0673
FOXED_p_TCGA_b122_128_SNP_N_GenomeWideSNP_6_B05_781774	2	47033641	47044218	10	-0.8398
FOXED_p_TCGA_b122_128_SNP_N_GenomeWideSNP_6_B05_781774	2	47051551	49533042	1548	0.0665
FOXED_p_TCGA_b122_128_SNP_N_GenomeWideSNP_6_B05_781774	2	49535768	49545041	6	-0.8626
FOXED_p_TCGA_b122_128_SNP_N_GenomeWideSNP_6_B05_781774	2	49545818	50605863	758	0.0112
FOXED_p_TCGA_b122_128_SNP_N_GenomeWideSNP_6_B05_781774	2	50609971	50610041	2	-1.4861
FOXED_p_TCGA_b122_128_SNP_N_GenomeWideSNP_6_B05_781774	2	50611044	106993244	31319	0.0422
FOXED_p_TCGA_b122_128_SNP_N_GenomeWideSNP_6_B05_781774	2	106994241	107000206	3	1.2179
FOXED_p_TCGA_b122_128_SNP_N_GenomeWideSNP_6_B05_781774	2	107002759	111397799	2155	0.0506
FOXED_p_TCGA_b122_128_SNP_N_GenomeWideSNP_6_B05_781774	2	111400662	111536212	54	0.3165
FOXED_p_TCGA_b122_128_SNP_N_GenomeWideSNP_6_B05_781774	2	111541623	159958620	29520	0.033
FOXED_p_TCGA_b122_128_SNP_N_GenomeWideSNP_6_B05_781774	2	159960343	159960973	2	1.5481
FOXED_p_TCGA_b122_128_SNP_N_GenomeWideSNP_6_B05_781774	2	159963287	169135148	5457	0.0202
FOXED_p_TCGA_b122_128_SNP_N_GenomeWideSNP_6_B05_781774	2	169137499	169441250	225	0.367
FOXED_p_TCGA_b122_128_SNP_N_GenomeWideSNP_6_B05_781774	2	169443359	190044578	12772	0.03
FOXED_p_TCGA_b122_128_SNP_N_GenomeWideSNP_6_B05_781774	2	190045628	190237037	89	0.3228
FOXED_p_TCGA_b122_128_SNP_N_GenomeWideSNP_6_B05_781774	2	190237679	190248651	3	1.0365
FOXED_p_TCGA_b122_128_SNP_N_GenomeWideSNP_6_B05_781774	2	190252129	190571312	219	0.3271
FOXED_p_TCGA_b122_128_SNP_N_GenomeWideSNP_6_B05_781774	2	190574390	208354912	10449	0.0395
FOXED_p_TCGA_b122_128_SNP_N_GenomeWideSNP_6_B05_781774	2	208354955	208358949	13	-0.5286
FOXED_p_TCGA_b122_128_SNP_N_GenomeWideSNP_6_B05_781774	2	208359025	233756524	16216	0.0258
FOXED_p_TCGA_b122_128_SNP_N_GenomeWideSNP_6_B05_781774	2	233756979	234154228	213	0.3602
FOXED_p_TCGA_b122_128_SNP_N_GenomeWideSNP_6_B05_781774	2	234157721	241452956	5011	0.0328
FOXED_p_TCGA_b122_128_SNP_N_GenomeWideSNP_6_B05_781774	2	241453308	241454195	10	-0.9255
FOXED_p_TCGA_b122_128_SNP_N_GenomeWideSNP_6_B05_781774	2	241456233	243089456	704	0.0513
FOXED_p_TCGA_b122_128_SNP_N_GenomeWideSNP_6_B05_781774	3	60345	26426191	19940	-0.1035
FOXED_p_TCGA_b122_128_SNP_N_GenomeWideSNP_6_B05_781774	3	26434124	26439343	5	-1.3554
FOXED_p_TCGA_b122_128_SNP_N_GenomeWideSNP_6_B05_781774	3	26445973	53022949	15848	-0.0924
FOXED_p_TCGA_b122_128_SNP_N_GenomeWideSNP_6_B05_781774	3	53023211	53039455	42	-0.4974
FOXED_p_TCGA_b122_128_SNP_N_GenomeWideSNP_6_B05_781774	3	53039489	68746259	12039	-0.1166
FOXED_p_TCGA_b122_128_SNP_N_GenomeWideSNP_6_B05_781774	3	68746284	68747413	13	-1.3053
FOXED_p_TCGA_b122_128_SNP_N_GenomeWideSNP_6_B05_781774	3	68748758	98944511	15959	-0.1313
FOXED_p_TCGA_b122_128_SNP_N_GenomeWideSNP_6_B05_781774	3	98944547	98949314	34	0.3172
FOXED_p_TCGA_b122_128_SNP_N_GenomeWideSNP_6_B05_781774	3	98949421	124299968	15525	-0.1079
FOXED_p_TCGA_b122_128_SNP_N_GenomeWideSNP_6_B05_781774	3	124300387	124300791	6	-1.0618
FOXED_p_TCGA_b122_128_SNP_N_GenomeWideSNP_6_B05_781774	3	124305845	125436237	745	-0.0928
FOXED_p_TCGA_b122_128_SNP_N_GenomeWideSNP_6_B05_781774	3	125443608	125458762	10	0.4913
FOXED_p_TCGA_b122_128_SNP_N_GenomeWideSNP_6_B05_781774	3	125462329	157434583	19739	-0.0843
FOXED_p_TCGA_b122_128_SNP_N_GenomeWideSNP_6_B05_781774	3	157437011	157441617	3	-1.3915
FOXED_p_TCGA_b122_128_SNP_N_GenomeWideSNP_6_B05_781774	3	157441619	160695770	1912	-0.091
FOXED_p_TCGA_b122_128_SNP_N_GenomeWideSNP_6_B05_781774	3	160696867	160706947	10	-0.8103
FOXED_p_TCGA_b122_128_SNP_N_GenomeWideSNP_6_B05_781774	3	160710798	162508268	1157	-0.0833
FOXED_p_TCGA_b122_128_SNP_N_GenomeWideSNP_6_B05_781774	3	162512657	162625995	70	-1.6597
FOXED_p_TCGA_b122_128_SNP_N_GenomeWideSNP_6_B05_781774	3	162626572	165040863	1317	-0.0851
FOXED_p_TCGA_b122_128_SNP_N_GenomeWideSNP_6_B05_781774	3	165041548	165081939	65	-0.7559
FOXED_p_TCGA_b122_128_SNP_N_GenomeWideSNP_6_B05_781774	3	165085429	174737795	5982	-0.0751
FOXED_p_TCGA_b122_128_SNP_N_GenomeWideSNP_6_B05_781774	3	174737820	174861417	82	-0.5861
FOXED_p_TCGA_b122_128_SNP_N_GenomeWideSNP_6_B05_781774	3	174862362	175342996	433	-0.0254
FOXED_p_TCGA_b122_128_SNP_N_GenomeWideSNP_6_B05_781774	3	175343025	175344459	5	-1.0065
FOXED_p_TCGA_b122_128_SNP_N_GenomeWideSNP_6_B05_781774	3	175347414	175988058	371	-0.0372
FOXED_p_TCGA_b122_128_SNP_N_GenomeWideSNP_6_B05_781774	3	175992139	175992530	2	-1.8129
FOXED_p_TCGA_b122_128_SNP_N_GenomeWideSNP_6_B05_781774	3	175992687	176898412	580	-0.0508
FOXED_p_TCGA_b122_128_SNP_N_GenomeWideSNP_6_B05_781774	3	176900851	177508621	391	0.2792
FOXED_p_TCGA_b122_128_SNP_N_GenomeWideSNP_6_B05_781774	3	177512070	192877902	9971	-0.0866
FOXED_p_TCGA_b122_128_SNP_N_GenomeWideSNP_6_B05_781774	3	192877962	192882903	19	-1.2918
FOXED_p_TCGA_b122_128_SNP_N_GenomeWideSNP_6_B05_781774	3	192886435	194603922	1143	-0.0744
FOXED_p_TCGA_b122_128_SNP_N_GenomeWideSNP_6_B05_781774	3	194604054	194606652	2	-1.4357
FOXED_p_TCGA_b122_128_SNP_N_GenomeWideSNP_6_B05_781774	3	194610339	194641316	16	-0.1622
FOXED_p_TCGA_b122_128_SNP_N_GenomeWideSNP_6_B05_781774	3	194641346	194641845	4	-1.3845
FOXED_p_TCGA_b122_128_SNP_N_GenomeWideSNP_6_B05_781774	3	194642480	196826689	1006	-0.0893
FOXED_p_TCGA_b122_128_SNP_N_GenomeWideSNP_6_B05_781774	3	196826777	197207865	208	0.2619
FOXED_p_TCGA_b122_128_SNP_N_GenomeWideSNP_6_B05_781774	3	197210330	197896118	328	-0.0595
FOXED_p_TCGA_b122_128_SNP_N_GenomeWideSNP_6_B05_781774	4	12281	3599392	1506	-0.2131
FOXED_p_TCGA_b122_128_SNP_N_GenomeWideSNP_6_B05_781774	4	3599450	3602184	3	-1.7285
FOXED_p_TCGA_b122_128_SNP_N_GenomeWideSNP_6_B05_781774	4	3609390	9456977	3736	-0.2323
FOXED_p_TCGA_b122_128_SNP_N_GenomeWideSNP_6_B05_781774	4	9461230	9479345	9	0.553
FOXED_p_TCGA_b122_128_SNP_N_GenomeWideSNP_6_B05_781774	4	9486087	10223628	548	-0.2256
FOXED_p_TCGA_b122_128_SNP_N_GenomeWideSNP_6_B05_781774	4	10223848	10228880	5	-1.0795
FOXED_p_TCGA_b122_128_SNP_N_GenomeWideSNP_6_B05_781774	4	10228927	10231498	21	-2.0776
FOXED_p_TCGA_b122_128_SNP_N_GenomeWideSNP_6_B05_781774	4	10234214	34779040	17004	-0.2268
FOXED_p_TCGA_b122_128_SNP_N_GenomeWideSNP_6_B05_781774	4	34779054	34824725	39	-2.2045
FOXED_p_TCGA_b122_128_SNP_N_GenomeWideSNP_6_B05_781774	4	34829872	47131816	7764	-0.2073
FOXED_p_TCGA_b122_128_SNP_N_GenomeWideSNP_6_B05_781774	4	47135772	49089359	1212	0.1262
FOXED_p_TCGA_b122_128_SNP_N_GenomeWideSNP_6_B05_781774	4	49089374	49590656	33	-0.2713
FOXED_p_TCGA_b122_128_SNP_N_GenomeWideSNP_6_B05_781774	4	49620885	75323645	14020	0.0169
FOXED_p_TCGA_b122_128_SNP_N_GenomeWideSNP_6_B05_781774	4	75328108	75353446	22	0.3837
FOXED_p_TCGA_b122_128_SNP_N_GenomeWideSNP_6_B05_781774	4	75353617	87658158	7737	0.0078
FOXED_p_TCGA_b122_128_SNP_N_GenomeWideSNP_6_B05_781774	4	87659729	87718790	37	-0.4149
FOXED_p_TCGA_b122_128_SNP_N_GenomeWideSNP_6_B05_781774	4	87719192	114765334	16232	-0.0282
FOXED_p_TCGA_b122_128_SNP_N_GenomeWideSNP_6_B05_781774	4	114766992	115067389	205	0.2901
FOXED_p_TCGA_b122_128_SNP_N_GenomeWideSNP_6_B05_781774	4	115067555	120018167	3009	-0.033
FOXED_p_TCGA_b122_128_SNP_N_GenomeWideSNP_6_B05_781774	4	120019391	138182493	10459	0.2651
FOXED_p_TCGA_b122_128_SNP_N_GenomeWideSNP_6_B05_781774	4	138182543	138190884	46	-0.6628
FOXED_p_TCGA_b122_128_SNP_N_GenomeWideSNP_6_B05_781774	4	138191970	172367775	21347	0.2771
FOXED_p_TCGA_b122_128_SNP_N_GenomeWideSNP_6_B05_781774	4	172368442	172377776	15	-0.3211
FOXED_p_TCGA_b122_128_SNP_N_GenomeWideSNP_6_B05_781774	4	172380371	172987857	394	0.245
FOXED_p_TCGA_b122_128_SNP_N_GenomeWideSNP_6_B05_781774	4	172987928	172989533	13	0.73
FOXED_p_TCGA_b122_128_SNP_N_GenomeWideSNP_6_B05_781774	4	172995979	179514669	3993	0.2672
FOXED_p_TCGA_b122_128_SNP_N_GenomeWideSNP_6_B05_781774	4	179516852	179517275	5	-0.6276
FOXED_p_TCGA_b122_128_SNP_N_GenomeWideSNP_6_B05_781774	4	179517646	190967249	8130	0.2924
FOXED_p_TCGA_b122_128_SNP_N_GenomeWideSNP_6_B05_781774	4	190973560	191027923	5	-0.1734
FOXED_p_TCGA_b122_128_SNP_N_GenomeWideSNP_6_B05_781774	5	15532	15719222	12218	0.0444
FOXED_p_TCGA_b122_128_SNP_N_GenomeWideSNP_6_B05_781774	5	15719350	15720597	10	-0.5567
FOXED_p_TCGA_b122_128_SNP_N_GenomeWideSNP_6_B05_781774	5	15723346	17513410	1194	0.075
FOXED_p_TCGA_b122_128_SNP_N_GenomeWideSNP_6_B05_781774	5	17515801	17608256	14	-0.7977
FOXED_p_TCGA_b122_128_SNP_N_GenomeWideSNP_6_B05_781774	5	17625374	21451200	2347	0.0474
FOXED_p_TCGA_b122_128_SNP_N_GenomeWideSNP_6_B05_781774	5	21451277	21452438	4	0.925
FOXED_p_TCGA_b122_128_SNP_N_GenomeWideSNP_6_B05_781774	5	21452496	26071476	2722	0.0315
FOXED_p_TCGA_b122_128_SNP_N_GenomeWideSNP_6_B05_781774	5	26072005	26072016	2	-1.4853
FOXED_p_TCGA_b122_128_SNP_N_GenomeWideSNP_6_B05_781774	5	26072428	36966219	7124	0.056
FOXED_p_TCGA_b122_128_SNP_N_GenomeWideSNP_6_B05_781774	5	36976958	37417038	167	-0.3237
FOXED_p_TCGA_b122_128_SNP_N_GenomeWideSNP_6_B05_781774	5	37423118	39808632	1713	0.7918
FOXED_p_TCGA_b122_128_SNP_N_GenomeWideSNP_6_B05_781774	5	39808954	39808969	2	-0.4702
FOXED_p_TCGA_b122_128_SNP_N_GenomeWideSNP_6_B05_781774	5	39808985	46251306	3305	0.7948
FOXED_p_TCGA_b122_128_SNP_N_GenomeWideSNP_6_B05_781774	5	46271008	46273502	8	-1.2102
FOXED_p_TCGA_b122_128_SNP_N_GenomeWideSNP_6_B05_781774	5	46278212	46389273	19	0.696
FOXED_p_TCGA_b122_128_SNP_N_GenomeWideSNP_6_B05_781774	5	49432831	55611438	3809	-0.1269
FOXED_p_TCGA_b122_128_SNP_N_GenomeWideSNP_6_B05_781774	5	55611694	55613122	3	-1.9262
FOXED_p_TCGA_b122_128_SNP_N_GenomeWideSNP_6_B05_781774	5	55613351	57321586	1251	-0.1136
FOXED_p_TCGA_b122_128_SNP_N_GenomeWideSNP_6_B05_781774	5	57321646	57333293	31	-0.6008
FOXED_p_TCGA_b122_128_SNP_N_GenomeWideSNP_6_B05_781774	5	57333515	94667451	21478	-0.1278
FOXED_p_TCGA_b122_128_SNP_N_GenomeWideSNP_6_B05_781774	5	94668415	95310985	399	0.213
FOXED_p_TCGA_b122_128_SNP_N_GenomeWideSNP_6_B05_781774	5	95311079	95533011	121	-0.1492
FOXED_p_TCGA_b122_128_SNP_N_GenomeWideSNP_6_B05_781774	5	95539536	96488207	618	0.2198
FOXED_p_TCGA_b122_128_SNP_N_GenomeWideSNP_6_B05_781774	5	96488785	177227551	52603	-0.1131
FOXED_p_TCGA_b122_128_SNP_N_GenomeWideSNP_6_B05_781774	5	177228579	177232605	2	2.11
FOXED_p_TCGA_b122_128_SNP_N_GenomeWideSNP_6_B05_781774	5	177254965	180193199	1709	-0.1208
FOXED_p_TCGA_b122_128_SNP_N_GenomeWideSNP_6_B05_781774	5	180193779	180194609	3	-1.3592
FOXED_p_TCGA_b122_128_SNP_N_GenomeWideSNP_6_B05_781774	5	180195522	180374523	101	-0.1052
FOXED_p_TCGA_b122_128_SNP_N_GenomeWideSNP_6_B05_781774	5	180378710	180418103	19	-2.1034
FOXED_p_TCGA_b122_128_SNP_N_GenomeWideSNP_6_B05_781774	5	180433225	180790320	171	-0.1086
FOXED_p_TCGA_b122_128_SNP_N_GenomeWideSNP_6_B05_781774	6	149661	254283	101	0.013
FOXED_p_TCGA_b122_128_SNP_N_GenomeWideSNP_6_B05_781774	6	257353	291082	18	-0.4877
FOXED_p_TCGA_b122_128_SNP_N_GenomeWideSNP_6_B05_781774	6	294286	381149	77	-1.2812
FOXED_p_TCGA_b122_128_SNP_N_GenomeWideSNP_6_B05_781774	6	382559	8925346	7018	0.0101
FOXED_p_TCGA_b122_128_SNP_N_GenomeWideSNP_6_B05_781774	6	8927511	8927512	2	-2.0605
FOXED_p_TCGA_b122_128_SNP_N_GenomeWideSNP_6_B05_781774	6	8928968	29837072	14529	0.0039
FOXED_p_TCGA_b122_128_SNP_N_GenomeWideSNP_6_B05_781774	6	29837187	29971077	86	-0.3691
FOXED_p_TCGA_b122_128_SNP_N_GenomeWideSNP_6_B05_781774	6	29971548	32686196	1227	0.0368
FOXED_p_TCGA_b122_128_SNP_N_GenomeWideSNP_6_B05_781774	6	32688615	32690830	11	0.9844
FOXED_p_TCGA_b122_128_SNP_N_GenomeWideSNP_6_B05_781774	6	32692227	65336942	18067	0.0171
FOXED_p_TCGA_b122_128_SNP_N_GenomeWideSNP_6_B05_781774	6	65347544	65348992	2	-2.1827
FOXED_p_TCGA_b122_128_SNP_N_GenomeWideSNP_6_B05_781774	6	65350776	67038046	1139	0.0059
FOXED_p_TCGA_b122_128_SNP_N_GenomeWideSNP_6_B05_781774	6	67040913	67043192	7	-1.1745
FOXED_p_TCGA_b122_128_SNP_N_GenomeWideSNP_6_B05_781774	6	67043235	72254691	3520	-0.0022
FOXED_p_TCGA_b122_128_SNP_N_GenomeWideSNP_6_B05_781774	6	72274731	72276667	2	-1.5366
FOXED_p_TCGA_b122_128_SNP_N_GenomeWideSNP_6_B05_781774	6	72277051	74591858	1498	-0.0123
FOXED_p_TCGA_b122_128_SNP_N_GenomeWideSNP_6_B05_781774	6	74592225	74594563	5	0.9341
FOXED_p_TCGA_b122_128_SNP_N_GenomeWideSNP_6_B05_781774	6	74594734	77436532	1776	0.0045
FOXED_p_TCGA_b122_128_SNP_N_GenomeWideSNP_6_B05_781774	6	77439868	77452757	21	0.4108
FOXED_p_TCGA_b122_128_SNP_N_GenomeWideSNP_6_B05_781774	6	77461073	78969065	981	-0.0018
FOXED_p_TCGA_b122_128_SNP_N_GenomeWideSNP_6_B05_781774	6	78969105	79035185	112	0.3946
FOXED_p_TCGA_b122_128_SNP_N_GenomeWideSNP_6_B05_781774	6	79039234	90020246	6863	0.0097
FOXED_p_TCGA_b122_128_SNP_N_GenomeWideSNP_6_B05_781774	6	90022835	90025112	5	-1.5664
FOXED_p_TCGA_b122_128_SNP_N_GenomeWideSNP_6_B05_781774	6	90025317	103738406	8640	-1e-04
FOXED_p_TCGA_b122_128_SNP_N_GenomeWideSNP_6_B05_781774	6	103747421	103747471	4	1.0245
FOXED_p_TCGA_b122_128_SNP_N_GenomeWideSNP_6_B05_781774	6	103747596	107006946	2136	0.007
FOXED_p_TCGA_b122_128_SNP_N_GenomeWideSNP_6_B05_781774	6	107010250	107352245	239	0.3357
FOXED_p_TCGA_b122_128_SNP_N_GenomeWideSNP_6_B05_781774	6	107353602	120791430	8118	6e-04
FOXED_p_TCGA_b122_128_SNP_N_GenomeWideSNP_6_B05_781774	6	120792672	120794004	4	-1.2798
FOXED_p_TCGA_b122_128_SNP_N_GenomeWideSNP_6_B05_781774	6	120794524	137197662	10644	0.0064
FOXED_p_TCGA_b122_128_SNP_N_GenomeWideSNP_6_B05_781774	6	137204514	137403148	148	0.3351
FOXED_p_TCGA_b122_128_SNP_N_GenomeWideSNP_6_B05_781774	6	137403294	137405632	4	0.894
FOXED_p_TCGA_b122_128_SNP_N_GenomeWideSNP_6_B05_781774	6	137410516	137978844	472	0.2084
FOXED_p_TCGA_b122_128_SNP_N_GenomeWideSNP_6_B05_781774	6	137979598	137979971	3	-1.396
FOXED_p_TCGA_b122_128_SNP_N_GenomeWideSNP_6_B05_781774	6	137980107	139601031	1062	0.0212
FOXED_p_TCGA_b122_128_SNP_N_GenomeWideSNP_6_B05_781774	6	139605327	139605757	2	-1.8228
FOXED_p_TCGA_b122_128_SNP_N_GenomeWideSNP_6_B05_781774	6	139608603	148776295	5728	0.0112
FOXED_p_TCGA_b122_128_SNP_N_GenomeWideSNP_6_B05_781774	6	148776447	148776758	3	-2.1791
FOXED_p_TCGA_b122_128_SNP_N_GenomeWideSNP_6_B05_781774	6	148779598	158790653	6922	0.0042
FOXED_p_TCGA_b122_128_SNP_N_GenomeWideSNP_6_B05_781774	6	158793360	159539566	421	0.3107
FOXED_p_TCGA_b122_128_SNP_N_GenomeWideSNP_6_B05_781774	6	159542080	171051005	8396	-0.0035
FOXED_p_TCGA_b122_128_SNP_N_GenomeWideSNP_6_B05_781774	7	43355	9104771	5371	0.0871
FOXED_p_TCGA_b122_128_SNP_N_GenomeWideSNP_6_B05_781774	7	9105026	9105572	3	-1.7321
FOXED_p_TCGA_b122_128_SNP_N_GenomeWideSNP_6_B05_781774	7	9113735	19063338	8009	0.077
FOXED_p_TCGA_b122_128_SNP_N_GenomeWideSNP_6_B05_781774	7	19063935	19064143	4	-1.1756
FOXED_p_TCGA_b122_128_SNP_N_GenomeWideSNP_6_B05_781774	7	19064242	22434780	2727	0.0837
FOXED_p_TCGA_b122_128_SNP_N_GenomeWideSNP_6_B05_781774	7	22435472	22436487	2	-3.0961
FOXED_p_TCGA_b122_128_SNP_N_GenomeWideSNP_6_B05_781774	7	22438754	25014108	1905	0.0745
FOXED_p_TCGA_b122_128_SNP_N_GenomeWideSNP_6_B05_781774	7	25014791	25015717	3	-2.4271
FOXED_p_TCGA_b122_128_SNP_N_GenomeWideSNP_6_B05_781774	7	25017962	25271647	188	0.3944
FOXED_p_TCGA_b122_128_SNP_N_GenomeWideSNP_6_B05_781774	7	25274897	54380373	20380	0.071
FOXED_p_TCGA_b122_128_SNP_N_GenomeWideSNP_6_B05_781774	7	54386505	54386517	6	1.3815
FOXED_p_TCGA_b122_128_SNP_N_GenomeWideSNP_6_B05_781774	7	54393488	70420438	6296	0.0566
FOXED_p_TCGA_b122_128_SNP_N_GenomeWideSNP_6_B05_781774	7	70423250	70426141	2	-2.8579
FOXED_p_TCGA_b122_128_SNP_N_GenomeWideSNP_6_B05_781774	7	70428243	76430488	2313	0.0729
FOXED_p_TCGA_b122_128_SNP_N_GenomeWideSNP_6_B05_781774	7	76430850	76734433	151	0.5304
FOXED_p_TCGA_b122_128_SNP_N_GenomeWideSNP_6_B05_781774	7	76735678	97609419	13531	0.0735
FOXED_p_TCGA_b122_128_SNP_N_GenomeWideSNP_6_B05_781774	7	97611341	97612048	3	-1.6647
FOXED_p_TCGA_b122_128_SNP_N_GenomeWideSNP_6_B05_781774	7	97613771	143873952	27920	0.0107
FOXED_p_TCGA_b122_128_SNP_N_GenomeWideSNP_6_B05_781774	7	143896252	144049379	41	-0.306
FOXED_p_TCGA_b122_128_SNP_N_GenomeWideSNP_6_B05_781774	7	144050933	145399105	850	0.1705
FOXED_p_TCGA_b122_128_SNP_N_GenomeWideSNP_6_B05_781774	7	145399140	150285104	3009	-0.1101
FOXED_p_TCGA_b122_128_SNP_N_GenomeWideSNP_6_B05_781774	7	150285801	150313184	14	-0.8967
FOXED_p_TCGA_b122_128_SNP_N_GenomeWideSNP_6_B05_781774	7	150313416	159127004	5829	-0.101
FOXED_p_TCGA_b122_128_SNP_N_GenomeWideSNP_6_B05_781774	8	31254	595875	335	0.0267
FOXED_p_TCGA_b122_128_SNP_N_GenomeWideSNP_6_B05_781774	8	595892	595908	2	2.3739
FOXED_p_TCGA_b122_128_SNP_N_GenomeWideSNP_6_B05_781774	8	601043	1366727	564	0.0543
FOXED_p_TCGA_b122_128_SNP_N_GenomeWideSNP_6_B05_781774	8	1367068	1367602	4	-1.0277
FOXED_p_TCGA_b122_128_SNP_N_GenomeWideSNP_6_B05_781774	8	1367688	2080289	580	0.0503
FOXED_p_TCGA_b122_128_SNP_N_GenomeWideSNP_6_B05_781774	8	2080394	2082877	20	-0.5991
FOXED_p_TCGA_b122_128_SNP_N_GenomeWideSNP_6_B05_781774	8	2085178	2246686	140	0.0843
FOXED_p_TCGA_b122_128_SNP_N_GenomeWideSNP_6_B05_781774	8	2247094	2259358	17	-0.9926
FOXED_p_TCGA_b122_128_SNP_N_GenomeWideSNP_6_B05_781774	8	2270328	2567183	305	0.0629
FOXED_p_TCGA_b122_128_SNP_N_GenomeWideSNP_6_B05_781774	8	2567831	2568467	3	-2.1011
FOXED_p_TCGA_b122_128_SNP_N_GenomeWideSNP_6_B05_781774	8	2571265	3784187	1469	0.0525
FOXED_p_TCGA_b122_128_SNP_N_GenomeWideSNP_6_B05_781774	8	3787060	3790106	24	-0.4314
FOXED_p_TCGA_b122_128_SNP_N_GenomeWideSNP_6_B05_781774	8	3791218	4002192	327	0.0157
FOXED_p_TCGA_b122_128_SNP_N_GenomeWideSNP_6_B05_781774	8	4002207	4002316	3	-1.8513
FOXED_p_TCGA_b122_128_SNP_N_GenomeWideSNP_6_B05_781774	8	4002653	4003305	10	0.1112
FOXED_p_TCGA_b122_128_SNP_N_GenomeWideSNP_6_B05_781774	8	4003463	4003478	2	-2.9121
FOXED_p_TCGA_b122_128_SNP_N_GenomeWideSNP_6_B05_781774	8	4003561	7238019	4052	0.0391
FOXED_p_TCGA_b122_128_SNP_N_GenomeWideSNP_6_B05_781774	8	7250380	7738435	111	0.6037
FOXED_p_TCGA_b122_128_SNP_N_GenomeWideSNP_6_B05_781774	8	7744064	7747699	5	-0.5617
FOXED_p_TCGA_b122_128_SNP_N_GenomeWideSNP_6_B05_781774	8	7752048	7809906	35	0.5931
FOXED_p_TCGA_b122_128_SNP_N_GenomeWideSNP_6_B05_781774	8	7826922	11949551	3292	0.0508
FOXED_p_TCGA_b122_128_SNP_N_GenomeWideSNP_6_B05_781774	8	11987726	12034997	8	0.9581
FOXED_p_TCGA_b122_128_SNP_N_GenomeWideSNP_6_B05_781774	8	12162739	12241188	25	-0.3001
FOXED_p_TCGA_b122_128_SNP_N_GenomeWideSNP_6_B05_781774	8	12241291	12477492	91	0.2371
FOXED_p_TCGA_b122_128_SNP_N_GenomeWideSNP_6_B05_781774	8	12477694	15401178	2733	-0.0036
FOXED_p_TCGA_b122_128_SNP_N_GenomeWideSNP_6_B05_781774	8	15403060	15413447	9	-1.5167
FOXED_p_TCGA_b122_128_SNP_N_GenomeWideSNP_6_B05_781774	8	15423270	24974522	7687	0.0367
FOXED_p_TCGA_b122_128_SNP_N_GenomeWideSNP_6_B05_781774	8	24974577	24984333	24	0.8345
FOXED_p_TCGA_b122_128_SNP_N_GenomeWideSNP_6_B05_781774	8	24991104	39230659	9042	0.0389
FOXED_p_TCGA_b122_128_SNP_N_GenomeWideSNP_6_B05_781774	8	39235603	39386965	59	-0.5838
FOXED_p_TCGA_b122_128_SNP_N_GenomeWideSNP_6_B05_781774	8	39388299	42384650	2109	0.038
FOXED_p_TCGA_b122_128_SNP_N_GenomeWideSNP_6_B05_781774	8	42384932	47525576	661	0.3016
FOXED_p_TCGA_b122_128_SNP_N_GenomeWideSNP_6_B05_781774	8	47527548	47536546	9	1.1555
FOXED_p_TCGA_b122_128_SNP_N_GenomeWideSNP_6_B05_781774	8	47546095	78655890	19286	0.3502
FOXED_p_TCGA_b122_128_SNP_N_GenomeWideSNP_6_B05_781774	8	78657759	80123611	858	0.6134
FOXED_p_TCGA_b122_128_SNP_N_GenomeWideSNP_6_B05_781774	8	80123772	82316042	1310	0.9399
FOXED_p_TCGA_b122_128_SNP_N_GenomeWideSNP_6_B05_781774	8	82318442	93346998	6206	0.6685
FOXED_p_TCGA_b122_128_SNP_N_GenomeWideSNP_6_B05_781774	8	93358293	93759953	260	0.0263
FOXED_p_TCGA_b122_128_SNP_N_GenomeWideSNP_6_B05_781774	8	93760252	95559832	1085	0.7502
FOXED_p_TCGA_b122_128_SNP_N_GenomeWideSNP_6_B05_781774	8	95560052	95561038	3	-0.5239
FOXED_p_TCGA_b122_128_SNP_N_GenomeWideSNP_6_B05_781774	8	95564340	99092225	2405	0.7313
FOXED_p_TCGA_b122_128_SNP_N_GenomeWideSNP_6_B05_781774	8	99092275	99151582	42	1.0071
FOXED_p_TCGA_b122_128_SNP_N_GenomeWideSNP_6_B05_781774	8	99152252	101831719	1375	0.7315
FOXED_p_TCGA_b122_128_SNP_N_GenomeWideSNP_6_B05_781774	8	101833551	102288493	295	1.1888
FOXED_p_TCGA_b122_128_SNP_N_GenomeWideSNP_6_B05_781774	8	102288701	106198758	2501	0.7286
FOXED_p_TCGA_b122_128_SNP_N_GenomeWideSNP_6_B05_781774	8	106205889	120152010	8653	0.336
FOXED_p_TCGA_b122_128_SNP_N_GenomeWideSNP_6_B05_781774	8	120154784	120159446	4	-2.8073
FOXED_p_TCGA_b122_128_SNP_N_GenomeWideSNP_6_B05_781774	8	120162854	128311559	5589	0.3645
FOXED_p_TCGA_b122_128_SNP_N_GenomeWideSNP_6_B05_781774	8	128312065	128777531	365	0.7754
FOXED_p_TCGA_b122_128_SNP_N_GenomeWideSNP_6_B05_781774	8	128779931	137677896	6838	0.3338
FOXED_p_TCGA_b122_128_SNP_N_GenomeWideSNP_6_B05_781774	8	137681619	137862416	175	-0.4062
FOXED_p_TCGA_b122_128_SNP_N_GenomeWideSNP_6_B05_781774	8	137862435	140153376	1902	0.3224
FOXED_p_TCGA_b122_128_SNP_N_GenomeWideSNP_6_B05_781774	8	140153843	140155442	3	-1.7371
FOXED_p_TCGA_b122_128_SNP_N_GenomeWideSNP_6_B05_781774	8	140156237	146298155	3100	0.3546
FOXED_p_TCGA_b122_128_SNP_N_GenomeWideSNP_6_B05_781774	9	46587	6695986	6388	-0.1142
FOXED_p_TCGA_b122_128_SNP_N_GenomeWideSNP_6_B05_781774	9	6701145	6708357	7	-0.8843
FOXED_p_TCGA_b122_128_SNP_N_GenomeWideSNP_6_B05_781774	9	6712314	25589278	15696	-0.1162
FOXED_p_TCGA_b122_128_SNP_N_GenomeWideSNP_6_B05_781774	9	25591899	25592656	4	-1.2577
FOXED_p_TCGA_b122_128_SNP_N_GenomeWideSNP_6_B05_781774	9	25597965	41733631	9266	-0.1195
FOXED_p_TCGA_b122_128_SNP_N_GenomeWideSNP_6_B05_781774	9	41842529	41985187	9	-0.9672
FOXED_p_TCGA_b122_128_SNP_N_GenomeWideSNP_6_B05_781774	9	42023107	79769394	7048	-0.1235
FOXED_p_TCGA_b122_128_SNP_N_GenomeWideSNP_6_B05_781774	9	79770398	79786128	30	0.4093
FOXED_p_TCGA_b122_128_SNP_N_GenomeWideSNP_6_B05_781774	9	79786142	141091394	41484	-0.1184
FOXED_p_TCGA_b122_128_SNP_N_GenomeWideSNP_6_B05_781774	10	72759	4290814	3588	-1e-04
FOXED_p_TCGA_b122_128_SNP_N_GenomeWideSNP_6_B05_781774	10	4290838	4290924	2	1.3734
FOXED_p_TCGA_b122_128_SNP_N_GenomeWideSNP_6_B05_781774	10	4291016	12038073	6584	0.0011
FOXED_p_TCGA_b122_128_SNP_N_GenomeWideSNP_6_B05_781774	10	12042410	12742726	462	0.2808
FOXED_p_TCGA_b122_128_SNP_N_GenomeWideSNP_6_B05_781774	10	12743642	17795677	4245	0.0011
FOXED_p_TCGA_b122_128_SNP_N_GenomeWideSNP_6_B05_781774	10	17817578	17971816	11	0.7742
FOXED_p_TCGA_b122_128_SNP_N_GenomeWideSNP_6_B05_781774	10	18029825	24375263	4357	-0.0055
FOXED_p_TCGA_b122_128_SNP_N_GenomeWideSNP_6_B05_781774	10	24377674	24378908	12	-1.6924
FOXED_p_TCGA_b122_128_SNP_N_GenomeWideSNP_6_B05_781774	10	24378951	27597438	2206	6e-04
FOXED_p_TCGA_b122_128_SNP_N_GenomeWideSNP_6_B05_781774	10	27607185	27706601	89	-0.9282
FOXED_p_TCGA_b122_128_SNP_N_GenomeWideSNP_6_B05_781774	10	27709411	51822399	12177	0.0165
FOXED_p_TCGA_b122_128_SNP_N_GenomeWideSNP_6_B05_781774	10	51830360	51891920	5	0.8208
FOXED_p_TCGA_b122_128_SNP_N_GenomeWideSNP_6_B05_781774	10	51903768	56445616	3491	0.0412
FOXED_p_TCGA_b122_128_SNP_N_GenomeWideSNP_6_B05_781774	10	56452949	56468045	12	0.8426
FOXED_p_TCGA_b122_128_SNP_N_GenomeWideSNP_6_B05_781774	10	56468437	63019465	4726	0.0581
FOXED_p_TCGA_b122_128_SNP_N_GenomeWideSNP_6_B05_781774	10	63022452	89166468	17323	-0.2807
FOXED_p_TCGA_b122_128_SNP_N_GenomeWideSNP_6_B05_781774	10	89167411	89501491	198	0.0535
FOXED_p_TCGA_b122_128_SNP_N_GenomeWideSNP_6_B05_781774	10	89501823	99088682	6358	-0.3101
FOXED_p_TCGA_b122_128_SNP_N_GenomeWideSNP_6_B05_781774	10	99108038	99542771	232	0.1132
FOXED_p_TCGA_b122_128_SNP_N_GenomeWideSNP_6_B05_781774	10	99545435	112227578	8139	-0.3087
FOXED_p_TCGA_b122_128_SNP_N_GenomeWideSNP_6_B05_781774	10	112231446	114112075	1406	0.0391
FOXED_p_TCGA_b122_128_SNP_N_GenomeWideSNP_6_B05_781774	10	114113816	114194752	50	0.3709
FOXED_p_TCGA_b122_128_SNP_N_GenomeWideSNP_6_B05_781774	10	114195232	114275913	46	0.0836
FOXED_p_TCGA_b122_128_SNP_N_GenomeWideSNP_6_B05_781774	10	114276292	114880342	383	0.3155
FOXED_p_TCGA_b122_128_SNP_N_GenomeWideSNP_6_B05_781774	10	114880442	115476860	505	0.0416
FOXED_p_TCGA_b122_128_SNP_N_GenomeWideSNP_6_B05_781774	10	115477439	115567871	79	0.42
FOXED_p_TCGA_b122_128_SNP_N_GenomeWideSNP_6_B05_781774	10	115567913	135506704	14431	0.0165
FOXED_p_TCGA_b122_128_SNP_N_GenomeWideSNP_6_B05_781774	11	198510	4967650	2476	0.0148
FOXED_p_TCGA_b122_128_SNP_N_GenomeWideSNP_6_B05_781774	11	4968117	4976257	30	0.6013
FOXED_p_TCGA_b122_128_SNP_N_GenomeWideSNP_6_B05_781774	11	4976272	5783682	796	0.0144
FOXED_p_TCGA_b122_128_SNP_N_GenomeWideSNP_6_B05_781774	11	5783923	5809338	35	-0.4561
FOXED_p_TCGA_b122_128_SNP_N_GenomeWideSNP_6_B05_781774	11	5809461	31393113	18580	0.0279
FOXED_p_TCGA_b122_128_SNP_N_GenomeWideSNP_6_B05_781774	11	31393294	31398732	5	0.858
FOXED_p_TCGA_b122_128_SNP_N_GenomeWideSNP_6_B05_781774	11	31400800	34609159	2216	0.015
FOXED_p_TCGA_b122_128_SNP_N_GenomeWideSNP_6_B05_781774	11	34609365	34970171	365	0.3753
FOXED_p_TCGA_b122_128_SNP_N_GenomeWideSNP_6_B05_781774	11	34970495	55363340	10170	0.0296
FOXED_p_TCGA_b122_128_SNP_N_GenomeWideSNP_6_B05_781774	11	55374032	55376280	8	-0.937
FOXED_p_TCGA_b122_128_SNP_N_GenomeWideSNP_6_B05_781774	11	55376498	55452534	49	-2.0191
FOXED_p_TCGA_b122_128_SNP_N_GenomeWideSNP_6_B05_781774	11	55452977	61042490	3431	0.0352
FOXED_p_TCGA_b122_128_SNP_N_GenomeWideSNP_6_B05_781774	11	61046876	61333175	123	0.3389
FOXED_p_TCGA_b122_128_SNP_N_GenomeWideSNP_6_B05_781774	11	61337739	62172304	486	0.0501
FOXED_p_TCGA_b122_128_SNP_N_GenomeWideSNP_6_B05_781774	11	62173207	62298547	75	0.2779
FOXED_p_TCGA_b122_128_SNP_N_GenomeWideSNP_6_B05_781774	11	62298922	67959607	2297	0.0273
FOXED_p_TCGA_b122_128_SNP_N_GenomeWideSNP_6_B05_781774	11	67959827	68028253	38	0.3572
FOXED_p_TCGA_b122_128_SNP_N_GenomeWideSNP_6_B05_781774	11	68031022	79967513	6855	0.0313
FOXED_p_TCGA_b122_128_SNP_N_GenomeWideSNP_6_B05_781774	11	79967548	79967564	2	-3.2017
FOXED_p_TCGA_b122_128_SNP_N_GenomeWideSNP_6_B05_781774	11	79967686	89602573	6648	0.02
FOXED_p_TCGA_b122_128_SNP_N_GenomeWideSNP_6_B05_781774	11	89611344	89636197	2	-1.8335
FOXED_p_TCGA_b122_128_SNP_N_GenomeWideSNP_6_B05_781774	11	89656239	129770023	28505	0.0264
FOXED_p_TCGA_b122_128_SNP_N_GenomeWideSNP_6_B05_781774	11	129770648	129878231	50	0.3611
FOXED_p_TCGA_b122_128_SNP_N_GenomeWideSNP_6_B05_781774	11	129878583	134944770	3930	-0.0486
FOXED_p_TCGA_b122_128_SNP_N_GenomeWideSNP_6_B05_781774	12	150442	8556693	5623	0.8212
FOXED_p_TCGA_b122_128_SNP_N_GenomeWideSNP_6_B05_781774	12	8558488	8584672	22	-0.323
FOXED_p_TCGA_b122_128_SNP_N_GenomeWideSNP_6_B05_781774	12	8594894	9630556	564	0.77
FOXED_p_TCGA_b122_128_SNP_N_GenomeWideSNP_6_B05_781774	12	9633870	9734970	27	-1.3316
FOXED_p_TCGA_b122_128_SNP_N_GenomeWideSNP_6_B05_781774	12	9735686	11220827	1044	0.8001
FOXED_p_TCGA_b122_128_SNP_N_GenomeWideSNP_6_B05_781774	12	11222368	11251874	11	1.4289
FOXED_p_TCGA_b122_128_SNP_N_GenomeWideSNP_6_B05_781774	12	11256829	11436359	82	0.867
FOXED_p_TCGA_b122_128_SNP_N_GenomeWideSNP_6_B05_781774	12	11442876	11449134	2	-0.8769
FOXED_p_TCGA_b122_128_SNP_N_GenomeWideSNP_6_B05_781774	12	11449995	12137013	676	0.8123
FOXED_p_TCGA_b122_128_SNP_N_GenomeWideSNP_6_B05_781774	12	12146268	14051525	1518	-0.2912
FOXED_p_TCGA_b122_128_SNP_N_GenomeWideSNP_6_B05_781774	12	14052463	14462978	235	0.0849
FOXED_p_TCGA_b122_128_SNP_N_GenomeWideSNP_6_B05_781774	12	14463830	15223230	462	-0.3027
FOXED_p_TCGA_b122_128_SNP_N_GenomeWideSNP_6_B05_781774	12	15224766	15557300	193	0.73
FOXED_p_TCGA_b122_128_SNP_N_GenomeWideSNP_6_B05_781774	12	15562650	18252216	1661	-0.301
FOXED_p_TCGA_b122_128_SNP_N_GenomeWideSNP_6_B05_781774	12	18252745	18252790	2	-1.9933
FOXED_p_TCGA_b122_128_SNP_N_GenomeWideSNP_6_B05_781774	12	18255401	19740546	911	-0.3136
FOXED_p_TCGA_b122_128_SNP_N_GenomeWideSNP_6_B05_781774	12	19742055	22356181	1809	0.7134
FOXED_p_TCGA_b122_128_SNP_N_GenomeWideSNP_6_B05_781774	12	22360223	22360249	2	-1.0555
FOXED_p_TCGA_b122_128_SNP_N_GenomeWideSNP_6_B05_781774	12	22362345	25402069	2239	0.7641
FOXED_p_TCGA_b122_128_SNP_N_GenomeWideSNP_6_B05_781774	12	25402208	25402468	3	-0.2294
FOXED_p_TCGA_b122_128_SNP_N_GenomeWideSNP_6_B05_781774	12	25404604	27177488	1289	0.8239
FOXED_p_TCGA_b122_128_SNP_N_GenomeWideSNP_6_B05_781774	12	27181441	27488426	172	-0.2923
FOXED_p_TCGA_b122_128_SNP_N_GenomeWideSNP_6_B05_781774	12	27491781	30235581	2043	0.06
FOXED_p_TCGA_b122_128_SNP_N_GenomeWideSNP_6_B05_781774	12	30239267	30243575	19	-0.7347
FOXED_p_TCGA_b122_128_SNP_N_GenomeWideSNP_6_B05_781774	12	30243590	31390640	958	0.0812
FOXED_p_TCGA_b122_128_SNP_N_GenomeWideSNP_6_B05_781774	12	31390782	32918655	1064	-0.3002
FOXED_p_TCGA_b122_128_SNP_N_GenomeWideSNP_6_B05_781774	12	32919573	33301406	255	0.0841
FOXED_p_TCGA_b122_128_SNP_N_GenomeWideSNP_6_B05_781774	12	33301426	33303866	19	-0.4829
FOXED_p_TCGA_b122_128_SNP_N_GenomeWideSNP_6_B05_781774	12	33304583	34244945	594	0.1142
FOXED_p_TCGA_b122_128_SNP_N_GenomeWideSNP_6_B05_781774	12	34246785	34275406	15	-0.6311
FOXED_p_TCGA_b122_128_SNP_N_GenomeWideSNP_6_B05_781774	12	34275794	48724820	6747	0.0679
FOXED_p_TCGA_b122_128_SNP_N_GenomeWideSNP_6_B05_781774	12	48725019	48725415	5	-1.204
FOXED_p_TCGA_b122_128_SNP_N_GenomeWideSNP_6_B05_781774	12	48730036	58721080	5491	0.0765
FOXED_p_TCGA_b122_128_SNP_N_GenomeWideSNP_6_B05_781774	12	58721095	58730162	6	-0.9034
FOXED_p_TCGA_b122_128_SNP_N_GenomeWideSNP_6_B05_781774	12	58730848	59260002	471	0.0934
FOXED_p_TCGA_b122_128_SNP_N_GenomeWideSNP_6_B05_781774	12	59261701	59436360	131	0.3831
FOXED_p_TCGA_b122_128_SNP_N_GenomeWideSNP_6_B05_781774	12	59440071	65123258	3455	0.061
FOXED_p_TCGA_b122_128_SNP_N_GenomeWideSNP_6_B05_781774	12	65130423	65583782	258	0.3848
FOXED_p_TCGA_b122_128_SNP_N_GenomeWideSNP_6_B05_781774	12	65584140	90483350	15763	0.0563
FOXED_p_TCGA_b122_128_SNP_N_GenomeWideSNP_6_B05_781774	12	90491669	90492074	7	-0.7826
FOXED_p_TCGA_b122_128_SNP_N_GenomeWideSNP_6_B05_781774	12	90493557	109217736	12945	0.062
FOXED_p_TCGA_b122_128_SNP_N_GenomeWideSNP_6_B05_781774	12	109227765	109330915	66	0.4208
FOXED_p_TCGA_b122_128_SNP_N_GenomeWideSNP_6_B05_781774	12	109331622	110650756	690	0.074
FOXED_p_TCGA_b122_128_SNP_N_GenomeWideSNP_6_B05_781774	12	110653524	111163505	204	0.3663
FOXED_p_TCGA_b122_128_SNP_N_GenomeWideSNP_6_B05_781774	12	111167840	112058341	446	0.0663
FOXED_p_TCGA_b122_128_SNP_N_GenomeWideSNP_6_B05_781774	12	112062849	112436107	159	0.3935
FOXED_p_TCGA_b122_128_SNP_N_GenomeWideSNP_6_B05_781774	12	112437514	132120715	14160	0.0693
FOXED_p_TCGA_b122_128_SNP_N_GenomeWideSNP_6_B05_781774	12	132132584	132133335	13	-1.9626
FOXED_p_TCGA_b122_128_SNP_N_GenomeWideSNP_6_B05_781774	12	132142331	133778189	572	0.0464
FOXED_p_TCGA_b122_128_SNP_N_GenomeWideSNP_6_B05_781774	13	19026949	19935721	455	-0.3356
FOXED_p_TCGA_b122_128_SNP_N_GenomeWideSNP_6_B05_781774	13	19937497	40237877	14789	0.0195
FOXED_p_TCGA_b122_128_SNP_N_GenomeWideSNP_6_B05_781774	13	40242371	41648572	905	-0.313
FOXED_p_TCGA_b122_128_SNP_N_GenomeWideSNP_6_B05_781774	13	41653020	60386276	11612	0.0263
FOXED_p_TCGA_b122_128_SNP_N_GenomeWideSNP_6_B05_781774	13	60389522	61461948	680	-0.3045
FOXED_p_TCGA_b122_128_SNP_N_GenomeWideSNP_6_B05_781774	13	61462011	61462498	3	0.7691
FOXED_p_TCGA_b122_128_SNP_N_GenomeWideSNP_6_B05_781774	13	61465129	61601480	81	-0.2965
FOXED_p_TCGA_b122_128_SNP_N_GenomeWideSNP_6_B05_781774	13	61601959	61602325	2	-2.0897
FOXED_p_TCGA_b122_128_SNP_N_GenomeWideSNP_6_B05_781774	13	61602456	62320318	410	-0.299
FOXED_p_TCGA_b122_128_SNP_N_GenomeWideSNP_6_B05_781774	13	62321073	62428647	53	0.0629
FOXED_p_TCGA_b122_128_SNP_N_GenomeWideSNP_6_B05_781774	13	62429394	62563130	60	-0.3453
FOXED_p_TCGA_b122_128_SNP_N_GenomeWideSNP_6_B05_781774	13	62563352	65351189	1611	0.0262
FOXED_p_TCGA_b122_128_SNP_N_GenomeWideSNP_6_B05_781774	13	65352131	65353495	3	-1.2484
FOXED_p_TCGA_b122_128_SNP_N_GenomeWideSNP_6_B05_781774	13	65356283	72476988	4513	0.0116
FOXED_p_TCGA_b122_128_SNP_N_GenomeWideSNP_6_B05_781774	13	72477555	72480556	4	1.4088
FOXED_p_TCGA_b122_128_SNP_N_GenomeWideSNP_6_B05_781774	13	72480605	85307262	8653	0.0245
FOXED_p_TCGA_b122_128_SNP_N_GenomeWideSNP_6_B05_781774	13	85307411	90462470	2988	-0.3231
FOXED_p_TCGA_b122_128_SNP_N_GenomeWideSNP_6_B05_781774	13	90462924	115108397	17517	0.0204
FOXED_p_TCGA_b122_128_SNP_N_GenomeWideSNP_6_B05_781774	14	19002124	19160024	15	-0.1901
FOXED_p_TCGA_b122_128_SNP_N_GenomeWideSNP_6_B05_781774	14	19160896	19469520	23	0.4221
FOXED_p_TCGA_b122_128_SNP_N_GenomeWideSNP_6_B05_781774	14	19541714	20423372	152	-0.3335
FOXED_p_TCGA_b122_128_SNP_N_GenomeWideSNP_6_B05_781774	14	20424926	23920464	2395	0.1414
FOXED_p_TCGA_b122_128_SNP_N_GenomeWideSNP_6_B05_781774	14	23921587	23932181	4	1.0427
FOXED_p_TCGA_b122_128_SNP_N_GenomeWideSNP_6_B05_781774	14	23933013	26783903	1975	0.093
FOXED_p_TCGA_b122_128_SNP_N_GenomeWideSNP_6_B05_781774	14	26783911	26783918	7	-0.6142
FOXED_p_TCGA_b122_128_SNP_N_GenomeWideSNP_6_B05_781774	14	26784913	44659943	11122	0.0763
FOXED_p_TCGA_b122_128_SNP_N_GenomeWideSNP_6_B05_781774	14	44667334	44667496	2	-1.3402
FOXED_p_TCGA_b122_128_SNP_N_GenomeWideSNP_6_B05_781774	14	44667757	55506757	6740	0.0509
FOXED_p_TCGA_b122_128_SNP_N_GenomeWideSNP_6_B05_781774	14	55507036	55691702	83	0.4092
FOXED_p_TCGA_b122_128_SNP_N_GenomeWideSNP_6_B05_781774	14	55697867	55735873	19	0.0464
FOXED_p_TCGA_b122_128_SNP_N_GenomeWideSNP_6_B05_781774	14	55735892	55805861	36	0.3561
FOXED_p_TCGA_b122_128_SNP_N_GenomeWideSNP_6_B05_781774	14	55806975	67011052	7356	0.0535
FOXED_p_TCGA_b122_128_SNP_N_GenomeWideSNP_6_B05_781774	14	67016155	67079545	23	-0.6953
FOXED_p_TCGA_b122_128_SNP_N_GenomeWideSNP_6_B05_781774	14	67081320	69166038	1214	0.0725
FOXED_p_TCGA_b122_128_SNP_N_GenomeWideSNP_6_B05_781774	14	69167649	70018047	549	-0.334
FOXED_p_TCGA_b122_128_SNP_N_GenomeWideSNP_6_B05_781774	14	70018368	70022467	8	-1.4055
FOXED_p_TCGA_b122_128_SNP_N_GenomeWideSNP_6_B05_781774	14	70022713	73995774	2625	-0.3259
FOXED_p_TCGA_b122_128_SNP_N_GenomeWideSNP_6_B05_781774	14	74001123	74020979	9	-1.5263
FOXED_p_TCGA_b122_128_SNP_N_GenomeWideSNP_6_B05_781774	14	74029900	74232069	107	-0.3667
FOXED_p_TCGA_b122_128_SNP_N_GenomeWideSNP_6_B05_781774	14	74244358	74245607	3	-2.2307
FOXED_p_TCGA_b122_128_SNP_N_GenomeWideSNP_6_B05_781774	14	74247410	106535295	20685	-0.3364
FOXED_p_TCGA_b122_128_SNP_N_GenomeWideSNP_6_B05_781774	14	106538062	106561441	13	0.6415
FOXED_p_TCGA_b122_128_SNP_N_GenomeWideSNP_6_B05_781774	14	106567100	106868286	140	-0.2403
FOXED_p_TCGA_b122_128_SNP_N_GenomeWideSNP_6_B05_781774	14	106868554	106943834	64	0.0379
FOXED_p_TCGA_b122_128_SNP_N_GenomeWideSNP_6_B05_781774	14	106948568	107285437	214	-0.2685
FOXED_p_TCGA_b122_128_SNP_N_GenomeWideSNP_6_B05_781774	15	20016328	20206939	48	-0.0983
FOXED_p_TCGA_b122_128_SNP_N_GenomeWideSNP_6_B05_781774	15	20216955	20262236	5	-2.0453
FOXED_p_TCGA_b122_128_SNP_N_GenomeWideSNP_6_B05_781774	15	20264286	30501853	5061	-0.029
FOXED_p_TCGA_b122_128_SNP_N_GenomeWideSNP_6_B05_781774	15	30501872	30821758	97	-0.4797
FOXED_p_TCGA_b122_128_SNP_N_GenomeWideSNP_6_B05_781774	15	30887956	32511604	1069	0.0722
FOXED_p_TCGA_b122_128_SNP_N_GenomeWideSNP_6_B05_781774	15	32511974	32796335	37	-0.592
FOXED_p_TCGA_b122_128_SNP_N_GenomeWideSNP_6_B05_781774	15	32799345	33617186	616	-0.0246
FOXED_p_TCGA_b122_128_SNP_N_GenomeWideSNP_6_B05_781774	15	33617533	33618510	2	-1.2383
FOXED_p_TCGA_b122_128_SNP_N_GenomeWideSNP_6_B05_781774	15	33618819	34727189	894	-0.0261
FOXED_p_TCGA_b122_128_SNP_N_GenomeWideSNP_6_B05_781774	15	34727622	34868896	69	-0.6356
FOXED_p_TCGA_b122_128_SNP_N_GenomeWideSNP_6_B05_781774	15	34869009	64045898	19094	-0.0098
FOXED_p_TCGA_b122_128_SNP_N_GenomeWideSNP_6_B05_781774	15	64047120	64215969	95	0.3567
FOXED_p_TCGA_b122_128_SNP_N_GenomeWideSNP_6_B05_781774	15	64216247	64363526	115	0.5958
FOXED_p_TCGA_b122_128_SNP_N_GenomeWideSNP_6_B05_781774	15	64363574	64572355	89	0.2749
FOXED_p_TCGA_b122_128_SNP_N_GenomeWideSNP_6_B05_781774	15	64578211	66937459	1224	-0.0257
FOXED_p_TCGA_b122_128_SNP_N_GenomeWideSNP_6_B05_781774	15	66938124	67014887	68	0.3418
FOXED_p_TCGA_b122_128_SNP_N_GenomeWideSNP_6_B05_781774	15	67016770	102469040	23496	0.0512
FOXED_p_TCGA_b122_128_SNP_N_GenomeWideSNP_6_B05_781774	16	60777	19944363	13530	-0.0303
FOXED_p_TCGA_b122_128_SNP_N_GenomeWideSNP_6_B05_781774	16	19945650	19965875	28	-0.8268
FOXED_p_TCGA_b122_128_SNP_N_GenomeWideSNP_6_B05_781774	16	19967362	23933847	2157	0.016
FOXED_p_TCGA_b122_128_SNP_N_GenomeWideSNP_6_B05_781774	16	23934891	23942257	6	-1.1639
FOXED_p_TCGA_b122_128_SNP_N_GenomeWideSNP_6_B05_781774	16	23943937	30191907	3684	0.0114
FOXED_p_TCGA_b122_128_SNP_N_GenomeWideSNP_6_B05_781774	16	30226943	31013613	240	0.3479
FOXED_p_TCGA_b122_128_SNP_N_GenomeWideSNP_6_B05_781774	16	31025129	32011371	425	0.0226
FOXED_p_TCGA_b122_128_SNP_N_GenomeWideSNP_6_B05_781774	16	32011849	32588622	94	-0.3018
FOXED_p_TCGA_b122_128_SNP_N_GenomeWideSNP_6_B05_781774	16	32588901	32588909	5	-2.748
FOXED_p_TCGA_b122_128_SNP_N_GenomeWideSNP_6_B05_781774	16	32609274	33036008	72	-0.3679
FOXED_p_TCGA_b122_128_SNP_N_GenomeWideSNP_6_B05_781774	16	33054658	33241953	5	0.5365
FOXED_p_TCGA_b122_128_SNP_N_GenomeWideSNP_6_B05_781774	16	33300894	33367935	8	-0.503
FOXED_p_TCGA_b122_128_SNP_N_GenomeWideSNP_6_B05_781774	16	33369764	33432160	8	-1.0813
FOXED_p_TCGA_b122_128_SNP_N_GenomeWideSNP_6_B05_781774	16	33436610	33631830	73	-0.4509
FOXED_p_TCGA_b122_128_SNP_N_GenomeWideSNP_6_B05_781774	16	33643399	34623404	299	-0.0798
FOXED_p_TCGA_b122_128_SNP_N_GenomeWideSNP_6_B05_781774	16	34623552	34667688	27	-0.4646
FOXED_p_TCGA_b122_128_SNP_N_GenomeWideSNP_6_B05_781774	16	34670858	75048984	18269	0.0087
FOXED_p_TCGA_b122_128_SNP_N_GenomeWideSNP_6_B05_781774	16	75054800	75454404	224	0.2838
FOXED_p_TCGA_b122_128_SNP_N_GenomeWideSNP_6_B05_781774	16	75454813	78371608	2622	-0.0157
FOXED_p_TCGA_b122_128_SNP_N_GenomeWideSNP_6_B05_781774	16	78372440	78384765	17	0.3715
FOXED_p_TCGA_b122_128_SNP_N_GenomeWideSNP_6_B05_781774	16	78385001	90112226	10603	-0.0252
FOXED_p_TCGA_b122_128_SNP_N_GenomeWideSNP_6_B05_781774	16	90115921	90287535	40	-0.9492
FOXED_p_TCGA_b122_128_SNP_N_GenomeWideSNP_6_B05_781774	17	526	15527156	10027	-0.325
FOXED_p_TCGA_b122_128_SNP_N_GenomeWideSNP_6_B05_781774	17	15543161	15546790	3	-2.1605
FOXED_p_TCGA_b122_128_SNP_N_GenomeWideSNP_6_B05_781774	17	15554278	16935905	596	-0.3279
FOXED_p_TCGA_b122_128_SNP_N_GenomeWideSNP_6_B05_781774	17	16936118	17379462	292	0.1167
FOXED_p_TCGA_b122_128_SNP_N_GenomeWideSNP_6_B05_781774	17	17379580	18803000	646	-0.353
FOXED_p_TCGA_b122_128_SNP_N_GenomeWideSNP_6_B05_781774	17	18804199	18917672	66	0.0296
FOXED_p_TCGA_b122_128_SNP_N_GenomeWideSNP_6_B05_781774	17	18917915	19130231	21	-0.6355
FOXED_p_TCGA_b122_128_SNP_N_GenomeWideSNP_6_B05_781774	17	19149286	19193342	26	0.0623
FOXED_p_TCGA_b122_128_SNP_N_GenomeWideSNP_6_B05_781774	17	19194237	19215880	11	-0.2213
FOXED_p_TCGA_b122_128_SNP_N_GenomeWideSNP_6_B05_781774	17	19216174	19227600	10	0.1072
FOXED_p_TCGA_b122_128_SNP_N_GenomeWideSNP_6_B05_781774	17	19234475	26017404	1708	-0.3089
FOXED_p_TCGA_b122_128_SNP_N_GenomeWideSNP_6_B05_781774	17	26018781	26449689	254	0.087
FOXED_p_TCGA_b122_128_SNP_N_GenomeWideSNP_6_B05_781774	17	26450229	27066963	240	-0.297
FOXED_p_TCGA_b122_128_SNP_N_GenomeWideSNP_6_B05_781774	17	27073529	34436532	4480	0.0199
FOXED_p_TCGA_b122_128_SNP_N_GenomeWideSNP_6_B05_781774	17	34436708	34485091	38	0.4867
FOXED_p_TCGA_b122_128_SNP_N_GenomeWideSNP_6_B05_781774	17	34528125	35051474	193	-0.03
FOXED_p_TCGA_b122_128_SNP_N_GenomeWideSNP_6_B05_781774	17	35051695	35051708	2	1.2999
FOXED_p_TCGA_b122_128_SNP_N_GenomeWideSNP_6_B05_781774	17	35055713	39423090	2353	0.0594
FOXED_p_TCGA_b122_128_SNP_N_GenomeWideSNP_6_B05_781774	17	39423103	39430173	16	-0.4963
FOXED_p_TCGA_b122_128_SNP_N_GenomeWideSNP_6_B05_781774	17	39430186	40097087	451	0.0528
FOXED_p_TCGA_b122_128_SNP_N_GenomeWideSNP_6_B05_781774	17	40098187	40515234	200	0.3348
FOXED_p_TCGA_b122_128_SNP_N_GenomeWideSNP_6_B05_781774	17	40518157	41438590	463	0.0746
FOXED_p_TCGA_b122_128_SNP_N_GenomeWideSNP_6_B05_781774	17	41439686	41439921	2	-1.1389
FOXED_p_TCGA_b122_128_SNP_N_GenomeWideSNP_6_B05_781774	17	41443704	43655090	1056	0.0711
FOXED_p_TCGA_b122_128_SNP_N_GenomeWideSNP_6_B05_781774	17	43656380	43659426	6	-0.7403
FOXED_p_TCGA_b122_128_SNP_N_GenomeWideSNP_6_B05_781774	17	43664693	44177458	350	0.026
FOXED_p_TCGA_b122_128_SNP_N_GenomeWideSNP_6_B05_781774	17	44180954	44364170	113	-0.2869
FOXED_p_TCGA_b122_128_SNP_N_GenomeWideSNP_6_B05_781774	17	44394412	44752300	48	1.0598
FOXED_p_TCGA_b122_128_SNP_N_GenomeWideSNP_6_B05_781774	17	44764994	52094742	4330	0.075
FOXED_p_TCGA_b122_128_SNP_N_GenomeWideSNP_6_B05_781774	17	52097243	52464995	188	-0.2965
FOXED_p_TCGA_b122_128_SNP_N_GenomeWideSNP_6_B05_781774	17	52470064	55195559	2097	0.0447
FOXED_p_TCGA_b122_128_SNP_N_GenomeWideSNP_6_B05_781774	17	55197802	55329213	117	-0.2653
FOXED_p_TCGA_b122_128_SNP_N_GenomeWideSNP_6_B05_781774	17	55336155	55479721	127	0.0704
FOXED_p_TCGA_b122_128_SNP_N_GenomeWideSNP_6_B05_781774	17	55480078	56982451	893	-0.2746
FOXED_p_TCGA_b122_128_SNP_N_GenomeWideSNP_6_B05_781774	17	56984697	63653506	3298	0.0487
FOXED_p_TCGA_b122_128_SNP_N_GenomeWideSNP_6_B05_781774	17	63655502	63821503	107	0.3179
FOXED_p_TCGA_b122_128_SNP_N_GenomeWideSNP_6_B05_781774	17	63824369	70830455	4954	0.0498
FOXED_p_TCGA_b122_128_SNP_N_GenomeWideSNP_6_B05_781774	17	70833094	70833329	2	-1.6198
FOXED_p_TCGA_b122_128_SNP_N_GenomeWideSNP_6_B05_781774	17	70834819	73450658	1657	0.0477
FOXED_p_TCGA_b122_128_SNP_N_GenomeWideSNP_6_B05_781774	17	73455203	73662087	74	0.3911
FOXED_p_TCGA_b122_128_SNP_N_GenomeWideSNP_6_B05_781774	17	73667033	81049726	3783	0.0606
FOXED_p_TCGA_b122_128_SNP_N_GenomeWideSNP_6_B05_781774	18	11543	316558	148	-0.2729
FOXED_p_TCGA_b122_128_SNP_N_GenomeWideSNP_6_B05_781774	18	319020	319176	2	-2.3821
FOXED_p_TCGA_b122_128_SNP_N_GenomeWideSNP_6_B05_781774	18	321430	65901726	41778	-0.179
FOXED_p_TCGA_b122_128_SNP_N_GenomeWideSNP_6_B05_781774	18	65905444	65979481	68	0.3315
FOXED_p_TCGA_b122_128_SNP_N_GenomeWideSNP_6_B05_781774	18	65983054	66364254	334	0.0748
FOXED_p_TCGA_b122_128_SNP_N_GenomeWideSNP_6_B05_781774	18	66367292	66463297	65	0.3358
FOXED_p_TCGA_b122_128_SNP_N_GenomeWideSNP_6_B05_781774	18	66464625	70127095	2639	-0.0423
FOXED_p_TCGA_b122_128_SNP_N_GenomeWideSNP_6_B05_781774	18	70131716	70144928	10	-1.1121
FOXED_p_TCGA_b122_128_SNP_N_GenomeWideSNP_6_B05_781774	18	70146811	71603327	1224	-0.095
FOXED_p_TCGA_b122_128_SNP_N_GenomeWideSNP_6_B05_781774	18	71607792	72641611	752	-0.3586
FOXED_p_TCGA_b122_128_SNP_N_GenomeWideSNP_6_B05_781774	18	72641626	78015057	3790	-0.0044
FOXED_p_TCGA_b122_128_SNP_N_GenomeWideSNP_6_B05_781774	19	90910	12692001	5074	0.0708
FOXED_p_TCGA_b122_128_SNP_N_GenomeWideSNP_6_B05_781774	19	12697366	12698102	2	-1.6896
FOXED_p_TCGA_b122_128_SNP_N_GenomeWideSNP_6_B05_781774	19	12700523	19278549	3234	0.0805
FOXED_p_TCGA_b122_128_SNP_N_GenomeWideSNP_6_B05_781774	19	19280499	19633273	155	0.3641
FOXED_p_TCGA_b122_128_SNP_N_GenomeWideSNP_6_B05_781774	19	19639357	20594676	518	0.1148
FOXED_p_TCGA_b122_128_SNP_N_GenomeWideSNP_6_B05_781774	19	20596206	20716389	70	-0.7086
FOXED_p_TCGA_b122_128_SNP_N_GenomeWideSNP_6_B05_781774	19	20720881	43247525	11510	0.0513
FOXED_p_TCGA_b122_128_SNP_N_GenomeWideSNP_6_B05_781774	19	43255217	43354452	40	0.5195
FOXED_p_TCGA_b122_128_SNP_N_GenomeWideSNP_6_B05_781774	19	43362652	47630402	2131	0.0852
FOXED_p_TCGA_b122_128_SNP_N_GenomeWideSNP_6_B05_781774	19	47648030	48941276	731	-0.324
FOXED_p_TCGA_b122_128_SNP_N_GenomeWideSNP_6_B05_781774	19	48942855	52131747	1489	0.0539
FOXED_p_TCGA_b122_128_SNP_N_GenomeWideSNP_6_B05_781774	19	52131798	52148197	13	-0.4753
FOXED_p_TCGA_b122_128_SNP_N_GenomeWideSNP_6_B05_781774	19	52154905	55232800	2044	0.0591
FOXED_p_TCGA_b122_128_SNP_N_GenomeWideSNP_6_B05_781774	19	55237246	55333827	31	0.6257
FOXED_p_TCGA_b122_128_SNP_N_GenomeWideSNP_6_B05_781774	19	55333884	56282369	459	0.0527
FOXED_p_TCGA_b122_128_SNP_N_GenomeWideSNP_6_B05_781774	19	56282535	56283067	3	-3.0632
FOXED_p_TCGA_b122_128_SNP_N_GenomeWideSNP_6_B05_781774	19	56286293	59097854	1849	0.0452
FOXED_p_TCGA_b122_128_SNP_N_GenomeWideSNP_6_B05_781774	20	61305	61312	7	-0.2617
FOXED_p_TCGA_b122_128_SNP_N_GenomeWideSNP_6_B05_781774	20	61548	1560562	1195	0.3799
FOXED_p_TCGA_b122_128_SNP_N_GenomeWideSNP_6_B05_781774	20	1560787	1593893	46	1.4184
FOXED_p_TCGA_b122_128_SNP_N_GenomeWideSNP_6_B05_781774	20	1597946	14914709	10099	0.3563
FOXED_p_TCGA_b122_128_SNP_N_GenomeWideSNP_6_B05_781774	20	14915051	15099245	149	0.0575
FOXED_p_TCGA_b122_128_SNP_N_GenomeWideSNP_6_B05_781774	20	15099514	25065518	8041	0.3949
FOXED_p_TCGA_b122_128_SNP_N_GenomeWideSNP_6_B05_781774	20	25067298	25475641	208	0.8848
FOXED_p_TCGA_b122_128_SNP_N_GenomeWideSNP_6_B05_781774	20	25481666	51649730	14491	0.4222
FOXED_p_TCGA_b122_128_SNP_N_GenomeWideSNP_6_B05_781774	20	51649948	52681610	861	0.849
FOXED_p_TCGA_b122_128_SNP_N_GenomeWideSNP_6_B05_781774	20	52681830	52681928	5	-0.1556
FOXED_p_TCGA_b122_128_SNP_N_GenomeWideSNP_6_B05_781774	20	52682258	62955538	7420	0.6374
FOXED_p_TCGA_b122_128_SNP_N_GenomeWideSNP_6_B05_781774	20	62955645	62956153	2	1.3018
FOXED_p_TCGA_b122_128_SNP_N_GenomeWideSNP_6_B05_781774	21	10736871	25293109	7757	0.0341
FOXED_p_TCGA_b122_128_SNP_N_GenomeWideSNP_6_B05_781774	21	25296170	25299689	4	-1.2031
FOXED_p_TCGA_b122_128_SNP_N_GenomeWideSNP_6_B05_781774	21	25299758	48096957	16664	0.0477
FOXED_p_TCGA_b122_128_SNP_N_GenomeWideSNP_6_B05_781774	22	16052528	16055207	3	-1.1475
FOXED_p_TCGA_b122_128_SNP_N_GenomeWideSNP_6_B05_781774	22	16058854	24330218	4611	-0.1283
FOXED_p_TCGA_b122_128_SNP_N_GenomeWideSNP_6_B05_781774	22	24330269	24331967	2	-2.6906
FOXED_p_TCGA_b122_128_SNP_N_GenomeWideSNP_6_B05_781774	22	24332625	30355281	4629	-0.1069
FOXED_p_TCGA_b122_128_SNP_N_GenomeWideSNP_6_B05_781774	22	30356456	30943026	343	0.235
FOXED_p_TCGA_b122_128_SNP_N_GenomeWideSNP_6_B05_781774	22	30943511	37865994	5198	-0.1008
FOXED_p_TCGA_b122_128_SNP_N_GenomeWideSNP_6_B05_781774	22	37866786	37990078	60	0.1625
FOXED_p_TCGA_b122_128_SNP_N_GenomeWideSNP_6_B05_781774	22	37993126	39290920	626	-0.0899
FOXED_p_TCGA_b122_128_SNP_N_GenomeWideSNP_6_B05_781774	22	39295255	39296904	3	0.9809
FOXED_p_TCGA_b122_128_SNP_N_GenomeWideSNP_6_B05_781774	22	39299114	41722064	1332	-0.1183
FOXED_p_TCGA_b122_128_SNP_N_GenomeWideSNP_6_B05_781774	22	41722864	42003026	113	0.312
FOXED_p_TCGA_b122_128_SNP_N_GenomeWideSNP_6_B05_781774	22	42004569	44407549	1531	-0.1117
FOXED_p_TCGA_b122_128_SNP_N_GenomeWideSNP_6_B05_781774	22	44408100	50481402	4750	-0.6104
FOXED_p_TCGA_b122_128_SNP_N_GenomeWideSNP_6_B05_781774	22	50484329	50484405	2	-2.8462
FOXED_p_TCGA_b122_128_SNP_N_GenomeWideSNP_6_B05_781774	22	50484893	51234455	333	-0.5519
FOXED_p_TCGA_b122_128_SNP_N_GenomeWideSNP_6_B05_781774	X	168477	94836638	49736	0.013
FOXED_p_TCGA_b122_128_SNP_N_GenomeWideSNP_6_B05_781774	X	94836737	94847649	3	-3.5948
FOXED_p_TCGA_b122_128_SNP_N_GenomeWideSNP_6_B05_781774	X	94847825	110205195	8254	0.0116
FOXED_p_TCGA_b122_128_SNP_N_GenomeWideSNP_6_B05_781774	X	110206215	110206227	2	-3.7478
FOXED_p_TCGA_b122_128_SNP_N_GenomeWideSNP_6_B05_781774	X	110206728	111711367	810	-0.0297
FOXED_p_TCGA_b122_128_SNP_N_GenomeWideSNP_6_B05_781774	X	111717913	111742496	15	-3.1783
FOXED_p_TCGA_b122_128_SNP_N_GenomeWideSNP_6_B05_781774	X	111742777	134088161	12786	0.0175
FOXED_p_TCGA_b122_128_SNP_N_GenomeWideSNP_6_B05_781774	X	134088173	134088225	2	-3.5487
FOXED_p_TCGA_b122_128_SNP_N_GenomeWideSNP_6_B05_781774	X	134088252	155182354	12879	-0.0108
FOXED_p_TCGA_b122_128_SNP_N_GenomeWideSNP_6_B05_781774	Y	2650438	25191631	7700	-0.9364
FOXED_p_TCGA_b122_128_SNP_N_GenomeWideSNP_6_B05_781774	Y	25225305	28457337	760	-0.47
FOXED_p_TCGA_b122_128_SNP_N_GenomeWideSNP_6_B05_781774	Y	28458648	59018259	174	-1.0111
