Sample	Chromosome	Start	End	Num_Probes	Segment_Mean
FOXED_p_TCGA_b122_128_SNP_N_GenomeWideSNP_6_C03_781890	1	61735	72776	8	-0.4546
FOXED_p_TCGA_b122_128_SNP_N_GenomeWideSNP_6_C03_781890	1	82170	603590	25	0.3502
FOXED_p_TCGA_b122_128_SNP_N_GenomeWideSNP_6_C03_781890	1	625470	17195155	8802	-0.101
FOXED_p_TCGA_b122_128_SNP_N_GenomeWideSNP_6_C03_781890	1	17203497	17311823	79	-0.3914
FOXED_p_TCGA_b122_128_SNP_N_GenomeWideSNP_6_C03_781890	1	17314702	30737373	7681	-0.0935
FOXED_p_TCGA_b122_128_SNP_N_GenomeWideSNP_6_C03_781890	1	30738355	30741656	9	-1.0423
FOXED_p_TCGA_b122_128_SNP_N_GenomeWideSNP_6_C03_781890	1	30741950	35091674	2559	-0.1013
FOXED_p_TCGA_b122_128_SNP_N_GenomeWideSNP_6_C03_781890	1	35102654	35104491	20	-0.6472
FOXED_p_TCGA_b122_128_SNP_N_GenomeWideSNP_6_C03_781890	1	35114268	104159384	44013	-0.1064
FOXED_p_TCGA_b122_128_SNP_N_GenomeWideSNP_6_C03_781890	1	104163499	104303403	28	0.494
FOXED_p_TCGA_b122_128_SNP_N_GenomeWideSNP_6_C03_781890	1	104303501	107853096	2178	-0.1181
FOXED_p_TCGA_b122_128_SNP_N_GenomeWideSNP_6_C03_781890	1	107855013	107855180	2	-1.4695
FOXED_p_TCGA_b122_128_SNP_N_GenomeWideSNP_6_C03_781890	1	107858670	108291686	371	-0.1413
FOXED_p_TCGA_b122_128_SNP_N_GenomeWideSNP_6_C03_781890	1	108292637	108293899	2	-1.5807
FOXED_p_TCGA_b122_128_SNP_N_GenomeWideSNP_6_C03_781890	1	108294275	110232974	1056	-0.0937
FOXED_p_TCGA_b122_128_SNP_N_GenomeWideSNP_6_C03_781890	1	110233037	110244998	18	0.7656
FOXED_p_TCGA_b122_128_SNP_N_GenomeWideSNP_6_C03_781890	1	110246126	114831965	3309	-0.0967
FOXED_p_TCGA_b122_128_SNP_N_GenomeWideSNP_6_C03_781890	1	114833626	114833710	2	-1.4189
FOXED_p_TCGA_b122_128_SNP_N_GenomeWideSNP_6_C03_781890	1	114833802	149229843	5161	-0.0867
FOXED_p_TCGA_b122_128_SNP_N_GenomeWideSNP_6_C03_781890	1	149242663	149246030	10	0.4895
FOXED_p_TCGA_b122_128_SNP_N_GenomeWideSNP_6_C03_781890	1	149246275	149384897	35	0.1386
FOXED_p_TCGA_b122_128_SNP_N_GenomeWideSNP_6_C03_781890	1	149386959	149429206	8	-0.2328
FOXED_p_TCGA_b122_128_SNP_N_GenomeWideSNP_6_C03_781890	1	149436842	149617451	9	0.5694
FOXED_p_TCGA_b122_128_SNP_N_GenomeWideSNP_6_C03_781890	1	149617488	152555795	1491	-0.0572
FOXED_p_TCGA_b122_128_SNP_N_GenomeWideSNP_6_C03_781890	1	152555884	152590565	34	0.3048
FOXED_p_TCGA_b122_128_SNP_N_GenomeWideSNP_6_C03_781890	1	152590663	161478993	5475	-0.0678
FOXED_p_TCGA_b122_128_SNP_N_GenomeWideSNP_6_C03_781890	1	161479438	161648621	58	0.2187
FOXED_p_TCGA_b122_128_SNP_N_GenomeWideSNP_6_C03_781890	1	161650375	169216937	6019	-0.0707
FOXED_p_TCGA_b122_128_SNP_N_GenomeWideSNP_6_C03_781890	1	169233974	169241766	7	0.8854
FOXED_p_TCGA_b122_128_SNP_N_GenomeWideSNP_6_C03_781890	1	169242401	196727850	18216	-0.0602
FOXED_p_TCGA_b122_128_SNP_N_GenomeWideSNP_6_C03_781890	1	196731035	196732086	3	-1.3198
FOXED_p_TCGA_b122_128_SNP_N_GenomeWideSNP_6_C03_781890	1	196738623	248709616	35867	-0.0937
FOXED_p_TCGA_b122_128_SNP_N_GenomeWideSNP_6_C03_781890	1	248709670	248833965	51	0.2028
FOXED_p_TCGA_b122_128_SNP_N_GenomeWideSNP_6_C03_781890	1	248835926	249224388	133	-0.0908
FOXED_p_TCGA_b122_128_SNP_N_GenomeWideSNP_6_C03_781890	2	12784	4203580	2990	-0.1029
FOXED_p_TCGA_b122_128_SNP_N_GenomeWideSNP_6_C03_781890	2	4205687	4224019	43	-0.5573
FOXED_p_TCGA_b122_128_SNP_N_GenomeWideSNP_6_C03_781890	2	4230062	34691069	21081	-0.0737
FOXED_p_TCGA_b122_128_SNP_N_GenomeWideSNP_6_C03_781890	2	34699315	34710728	9	0.9293
FOXED_p_TCGA_b122_128_SNP_N_GenomeWideSNP_6_C03_781890	2	34710810	34717908	20	0.3809
FOXED_p_TCGA_b122_128_SNP_N_GenomeWideSNP_6_C03_781890	2	34717974	34737057	17	0.8186
FOXED_p_TCGA_b122_128_SNP_N_GenomeWideSNP_6_C03_781890	2	34737163	35967385	875	-0.0803
FOXED_p_TCGA_b122_128_SNP_N_GenomeWideSNP_6_C03_781890	2	35968036	35987947	9	0.7886
FOXED_p_TCGA_b122_128_SNP_N_GenomeWideSNP_6_C03_781890	2	35997473	37986276	1578	-0.0721
FOXED_p_TCGA_b122_128_SNP_N_GenomeWideSNP_6_C03_781890	2	37987124	37994076	5	-1.0458
FOXED_p_TCGA_b122_128_SNP_N_GenomeWideSNP_6_C03_781890	2	37994488	65264355	18637	-0.0778
FOXED_p_TCGA_b122_128_SNP_N_GenomeWideSNP_6_C03_781890	2	65265995	65271768	2	-1.6206
FOXED_p_TCGA_b122_128_SNP_N_GenomeWideSNP_6_C03_781890	2	65275502	106880095	21668	-0.0725
FOXED_p_TCGA_b122_128_SNP_N_GenomeWideSNP_6_C03_781890	2	106880713	106887255	12	-1.9746
FOXED_p_TCGA_b122_128_SNP_N_GenomeWideSNP_6_C03_781890	2	106887408	132896882	15056	-0.0873
FOXED_p_TCGA_b122_128_SNP_N_GenomeWideSNP_6_C03_781890	2	132897224	133115037	52	0.1944
FOXED_p_TCGA_b122_128_SNP_N_GenomeWideSNP_6_C03_781890	2	133117260	151031451	11143	-0.0977
FOXED_p_TCGA_b122_128_SNP_N_GenomeWideSNP_6_C03_781890	2	151031534	151037732	4	-1.2117
FOXED_p_TCGA_b122_128_SNP_N_GenomeWideSNP_6_C03_781890	2	151039208	159958620	5532	-0.0893
FOXED_p_TCGA_b122_128_SNP_N_GenomeWideSNP_6_C03_781890	2	159960343	159960973	2	-1.9422
FOXED_p_TCGA_b122_128_SNP_N_GenomeWideSNP_6_C03_781890	2	159963287	208355338	29215	-0.0814
FOXED_p_TCGA_b122_128_SNP_N_GenomeWideSNP_6_C03_781890	2	208355696	208359336	13	-0.8692
FOXED_p_TCGA_b122_128_SNP_N_GenomeWideSNP_6_C03_781890	2	208359476	241018814	21157	-0.08
FOXED_p_TCGA_b122_128_SNP_N_GenomeWideSNP_6_C03_781890	2	241021885	241022359	2	-2.0971
FOXED_p_TCGA_b122_128_SNP_N_GenomeWideSNP_6_C03_781890	2	241029498	243089456	991	-0.0683
FOXED_p_TCGA_b122_128_SNP_N_GenomeWideSNP_6_C03_781890	3	60345	224602	157	0.358
FOXED_p_TCGA_b122_128_SNP_N_GenomeWideSNP_6_C03_781890	3	230022	232800	4	-0.9064
FOXED_p_TCGA_b122_128_SNP_N_GenomeWideSNP_6_C03_781890	3	234877	6317359	5425	0.3586
FOXED_p_TCGA_b122_128_SNP_N_GenomeWideSNP_6_C03_781890	3	6319263	6335472	19	0.8265
FOXED_p_TCGA_b122_128_SNP_N_GenomeWideSNP_6_C03_781890	3	6338436	10007387	2948	0.3653
FOXED_p_TCGA_b122_128_SNP_N_GenomeWideSNP_6_C03_781890	3	10012026	12631704	1882	0.6989
FOXED_p_TCGA_b122_128_SNP_N_GenomeWideSNP_6_C03_781890	3	12631806	12631911	5	-0.1381
FOXED_p_TCGA_b122_128_SNP_N_GenomeWideSNP_6_C03_781890	3	12632181	20632072	5095	0.701
FOXED_p_TCGA_b122_128_SNP_N_GenomeWideSNP_6_C03_781890	3	20634719	20645600	6	-0.5216
FOXED_p_TCGA_b122_128_SNP_N_GenomeWideSNP_6_C03_781890	3	20647044	49407865	18771	0.6983
FOXED_p_TCGA_b122_128_SNP_N_GenomeWideSNP_6_C03_781890	3	49409383	68746164	13586	0.3623
FOXED_p_TCGA_b122_128_SNP_N_GenomeWideSNP_6_C03_781890	3	68746259	68747413	14	1.0988
FOXED_p_TCGA_b122_128_SNP_N_GenomeWideSNP_6_C03_781890	3	68748758	82108781	8641	0.3588
FOXED_p_TCGA_b122_128_SNP_N_GenomeWideSNP_6_C03_781890	3	82111352	82113189	3	-1.9663
FOXED_p_TCGA_b122_128_SNP_N_GenomeWideSNP_6_C03_781890	3	82113892	82198838	41	0.3348
FOXED_p_TCGA_b122_128_SNP_N_GenomeWideSNP_6_C03_781890	3	82200469	82204020	3	-1.1482
FOXED_p_TCGA_b122_128_SNP_N_GenomeWideSNP_6_C03_781890	3	82206537	98944619	7278	0.3477
FOXED_p_TCGA_b122_128_SNP_N_GenomeWideSNP_6_C03_781890	3	98944632	98949056	21	0.8694
FOXED_p_TCGA_b122_128_SNP_N_GenomeWideSNP_6_C03_781890	3	98949069	99833580	536	0.3613
FOXED_p_TCGA_b122_128_SNP_N_GenomeWideSNP_6_C03_781890	3	99838265	99839106	2	-1.068
FOXED_p_TCGA_b122_128_SNP_N_GenomeWideSNP_6_C03_781890	3	99840610	131989347	19729	0.3552
FOXED_p_TCGA_b122_128_SNP_N_GenomeWideSNP_6_C03_781890	3	131992737	131995684	4	-1.7821
FOXED_p_TCGA_b122_128_SNP_N_GenomeWideSNP_6_C03_781890	3	132000477	162545716	18877	0.3626
FOXED_p_TCGA_b122_128_SNP_N_GenomeWideSNP_6_C03_781890	3	162546229	162567671	9	1.0866
FOXED_p_TCGA_b122_128_SNP_N_GenomeWideSNP_6_C03_781890	3	162567726	186413717	14506	0.3652
FOXED_p_TCGA_b122_128_SNP_N_GenomeWideSNP_6_C03_781890	3	186414527	186417771	7	-0.4081
FOXED_p_TCGA_b122_128_SNP_N_GenomeWideSNP_6_C03_781890	3	186421870	192877902	4732	0.3669
FOXED_p_TCGA_b122_128_SNP_N_GenomeWideSNP_6_C03_781890	3	192877962	192880842	11	1.0969
FOXED_p_TCGA_b122_128_SNP_N_GenomeWideSNP_6_C03_781890	3	192882404	194695307	1217	0.3723
FOXED_p_TCGA_b122_128_SNP_N_GenomeWideSNP_6_C03_781890	3	194695321	194695321	2	-1.0655
FOXED_p_TCGA_b122_128_SNP_N_GenomeWideSNP_6_C03_781890	3	194695349	195262521	267	0.3595
FOXED_p_TCGA_b122_128_SNP_N_GenomeWideSNP_6_C03_781890	3	195262732	195455508	38	0.7162
FOXED_p_TCGA_b122_128_SNP_N_GenomeWideSNP_6_C03_781890	3	195455861	197896118	1192	0.3811
FOXED_p_TCGA_b122_128_SNP_N_GenomeWideSNP_6_C03_781890	4	12281	16700	3	-0.298
FOXED_p_TCGA_b122_128_SNP_N_GenomeWideSNP_6_C03_781890	4	17518	68821	56	0.0957
FOXED_p_TCGA_b122_128_SNP_N_GenomeWideSNP_6_C03_781890	4	68911	3469654	1399	0.3168
FOXED_p_TCGA_b122_128_SNP_N_GenomeWideSNP_6_C03_781890	4	3472162	3472366	3	-0.7432
FOXED_p_TCGA_b122_128_SNP_N_GenomeWideSNP_6_C03_781890	4	3472893	10223416	4347	0.3155
FOXED_p_TCGA_b122_128_SNP_N_GenomeWideSNP_6_C03_781890	4	10223628	10234266	29	-1.5766
FOXED_p_TCGA_b122_128_SNP_N_GenomeWideSNP_6_C03_781890	4	10234608	23269799	9513	0.3096
FOXED_p_TCGA_b122_128_SNP_N_GenomeWideSNP_6_C03_781890	4	23272197	23275199	6	-1.0529
FOXED_p_TCGA_b122_128_SNP_N_GenomeWideSNP_6_C03_781890	4	23279975	34779054	7490	0.3004
FOXED_p_TCGA_b122_128_SNP_N_GenomeWideSNP_6_C03_781890	4	34786500	34824725	38	-2.4152
FOXED_p_TCGA_b122_128_SNP_N_GenomeWideSNP_6_C03_781890	4	34829872	61936938	15098	0.3131
FOXED_p_TCGA_b122_128_SNP_N_GenomeWideSNP_6_C03_781890	4	61940935	61941952	2	-1.4046
FOXED_p_TCGA_b122_128_SNP_N_GenomeWideSNP_6_C03_781890	4	61945686	63158572	653	0.2986
FOXED_p_TCGA_b122_128_SNP_N_GenomeWideSNP_6_C03_781890	4	63159460	64693940	850	-0.1008
FOXED_p_TCGA_b122_128_SNP_N_GenomeWideSNP_6_C03_781890	4	64697469	64723193	35	0.3686
FOXED_p_TCGA_b122_128_SNP_N_GenomeWideSNP_6_C03_781890	4	64725504	69360489	2876	-0.1237
FOXED_p_TCGA_b122_128_SNP_N_GenomeWideSNP_6_C03_781890	4	69367142	69582483	78	0.4395
FOXED_p_TCGA_b122_128_SNP_N_GenomeWideSNP_6_C03_781890	4	69591612	70143374	330	-0.043
FOXED_p_TCGA_b122_128_SNP_N_GenomeWideSNP_6_C03_781890	4	70143806	70162893	11	-0.9556
FOXED_p_TCGA_b122_128_SNP_N_GenomeWideSNP_6_C03_781890	4	70165731	70209474	20	-0.4449
FOXED_p_TCGA_b122_128_SNP_N_GenomeWideSNP_6_C03_781890	4	70210994	70226899	5	-0.9708
FOXED_p_TCGA_b122_128_SNP_N_GenomeWideSNP_6_C03_781890	4	70228624	115173700	27381	-0.12
FOXED_p_TCGA_b122_128_SNP_N_GenomeWideSNP_6_C03_781890	4	115175323	115184229	24	0.6733
FOXED_p_TCGA_b122_128_SNP_N_GenomeWideSNP_6_C03_781890	4	115184252	152789786	22164	-0.1201
FOXED_p_TCGA_b122_128_SNP_N_GenomeWideSNP_6_C03_781890	4	152791533	152792567	12	-1.0842
FOXED_p_TCGA_b122_128_SNP_N_GenomeWideSNP_6_C03_781890	4	152792891	161873658	5872	-0.1251
FOXED_p_TCGA_b122_128_SNP_N_GenomeWideSNP_6_C03_781890	4	161873721	161884347	24	0.272
FOXED_p_TCGA_b122_128_SNP_N_GenomeWideSNP_6_C03_781890	4	161884363	172369346	6683	-0.1267
FOXED_p_TCGA_b122_128_SNP_N_GenomeWideSNP_6_C03_781890	4	172374884	172377710	10	1.0279
FOXED_p_TCGA_b122_128_SNP_N_GenomeWideSNP_6_C03_781890	4	172377724	172987928	397	-0.1466
FOXED_p_TCGA_b122_128_SNP_N_GenomeWideSNP_6_C03_781890	4	172989148	172989533	12	-1.3703
FOXED_p_TCGA_b122_128_SNP_N_GenomeWideSNP_6_C03_781890	4	172995979	173422522	231	-0.1172
FOXED_p_TCGA_b122_128_SNP_N_GenomeWideSNP_6_C03_781890	4	173424947	173428643	7	0.8853
FOXED_p_TCGA_b122_128_SNP_N_GenomeWideSNP_6_C03_781890	4	173441132	179514669	3752	-0.1277
FOXED_p_TCGA_b122_128_SNP_N_GenomeWideSNP_6_C03_781890	4	179516852	179517275	4	-1.0818
FOXED_p_TCGA_b122_128_SNP_N_GenomeWideSNP_6_C03_781890	4	179517646	189221258	6953	-0.1277
FOXED_p_TCGA_b122_128_SNP_N_GenomeWideSNP_6_C03_781890	4	189221360	189221375	2	-2.1056
FOXED_p_TCGA_b122_128_SNP_N_GenomeWideSNP_6_C03_781890	4	189221424	190189043	789	-0.1119
FOXED_p_TCGA_b122_128_SNP_N_GenomeWideSNP_6_C03_781890	4	190195118	190199264	4	0.7565
FOXED_p_TCGA_b122_128_SNP_N_GenomeWideSNP_6_C03_781890	4	190199771	191027923	386	-0.1078
FOXED_p_TCGA_b122_128_SNP_N_GenomeWideSNP_6_C03_781890	5	15532	685748	307	-0.1613
FOXED_p_TCGA_b122_128_SNP_N_GenomeWideSNP_6_C03_781890	5	698371	833628	58	0.1648
FOXED_p_TCGA_b122_128_SNP_N_GenomeWideSNP_6_C03_781890	5	852566	12791720	9861	-0.0744
FOXED_p_TCGA_b122_128_SNP_N_GenomeWideSNP_6_C03_781890	5	12800889	12838533	15	0.7078
FOXED_p_TCGA_b122_128_SNP_N_GenomeWideSNP_6_C03_781890	5	12849201	15718492	1977	-0.0165
FOXED_p_TCGA_b122_128_SNP_N_GenomeWideSNP_6_C03_781890	5	15719222	15720597	11	-0.7487
FOXED_p_TCGA_b122_128_SNP_N_GenomeWideSNP_6_C03_781890	5	15723346	21376844	3508	-0.0515
FOXED_p_TCGA_b122_128_SNP_N_GenomeWideSNP_6_C03_781890	5	21377839	21377853	2	-1.9974
FOXED_p_TCGA_b122_128_SNP_N_GenomeWideSNP_6_C03_781890	5	21386066	21451277	47	-0.0224
FOXED_p_TCGA_b122_128_SNP_N_GenomeWideSNP_6_C03_781890	5	21451964	21451998	2	-3.1362
FOXED_p_TCGA_b122_128_SNP_N_GenomeWideSNP_6_C03_781890	5	21452438	27524452	3557	-0.0514
FOXED_p_TCGA_b122_128_SNP_N_GenomeWideSNP_6_C03_781890	5	27525390	27525514	2	-1.905
FOXED_p_TCGA_b122_128_SNP_N_GenomeWideSNP_6_C03_781890	5	27525907	57321646	16565	-0.052
FOXED_p_TCGA_b122_128_SNP_N_GenomeWideSNP_6_C03_781890	5	57326027	57338357	33	-0.6273
FOXED_p_TCGA_b122_128_SNP_N_GenomeWideSNP_6_C03_781890	5	57340073	68829347	7303	-0.0835
FOXED_p_TCGA_b122_128_SNP_N_GenomeWideSNP_6_C03_781890	5	68846303	69118135	6	1.2917
FOXED_p_TCGA_b122_128_SNP_N_GenomeWideSNP_6_C03_781890	5	69233427	97485129	15889	-0.0865
FOXED_p_TCGA_b122_128_SNP_N_GenomeWideSNP_6_C03_781890	5	97487008	97487225	4	1.593
FOXED_p_TCGA_b122_128_SNP_N_GenomeWideSNP_6_C03_781890	5	97492056	98492957	577	-0.0541
FOXED_p_TCGA_b122_128_SNP_N_GenomeWideSNP_6_C03_781890	5	98496891	102044766	2095	-0.8158
FOXED_p_TCGA_b122_128_SNP_N_GenomeWideSNP_6_C03_781890	5	102047150	102047487	2	-2.7856
FOXED_p_TCGA_b122_128_SNP_N_GenomeWideSNP_6_C03_781890	5	102051674	115321833	8749	-0.8648
FOXED_p_TCGA_b122_128_SNP_N_GenomeWideSNP_6_C03_781890	5	115322822	143366756	17542	-0.0776
FOXED_p_TCGA_b122_128_SNP_N_GenomeWideSNP_6_C03_781890	5	143368064	143376703	5	-1.4657
FOXED_p_TCGA_b122_128_SNP_N_GenomeWideSNP_6_C03_781890	5	143387393	155472055	8174	-0.071
FOXED_p_TCGA_b122_128_SNP_N_GenomeWideSNP_6_C03_781890	5	155472133	155502179	25	0.2606
FOXED_p_TCGA_b122_128_SNP_N_GenomeWideSNP_6_C03_781890	5	155504405	179082625	15895	-0.076
FOXED_p_TCGA_b122_128_SNP_N_GenomeWideSNP_6_C03_781890	5	179082715	179085845	10	0.5742
FOXED_p_TCGA_b122_128_SNP_N_GenomeWideSNP_6_C03_781890	5	179086103	180512315	821	-0.058
FOXED_p_TCGA_b122_128_SNP_N_GenomeWideSNP_6_C03_781890	5	180518765	180527309	4	-1.1914
FOXED_p_TCGA_b122_128_SNP_N_GenomeWideSNP_6_C03_781890	5	180532296	180790320	108	-0.1142
FOXED_p_TCGA_b122_128_SNP_N_GenomeWideSNP_6_C03_781890	6	149661	29837072	21752	-0.0898
FOXED_p_TCGA_b122_128_SNP_N_GenomeWideSNP_6_C03_781890	6	29837187	29849267	16	-0.8109
FOXED_p_TCGA_b122_128_SNP_N_GenomeWideSNP_6_C03_781890	6	29850196	31013541	485	-0.0932
FOXED_p_TCGA_b122_128_SNP_N_GenomeWideSNP_6_C03_781890	6	31018407	31021161	7	-0.8962
FOXED_p_TCGA_b122_128_SNP_N_GenomeWideSNP_6_C03_781890	6	31021504	31280823	181	-0.1449
FOXED_p_TCGA_b122_128_SNP_N_GenomeWideSNP_6_C03_781890	6	31286276	31296451	11	-1.7082
FOXED_p_TCGA_b122_128_SNP_N_GenomeWideSNP_6_C03_781890	6	31309924	32581889	551	-0.1533
FOXED_p_TCGA_b122_128_SNP_N_GenomeWideSNP_6_C03_781890	6	32582203	32602107	10	-1.2568
FOXED_p_TCGA_b122_128_SNP_N_GenomeWideSNP_6_C03_781890	6	32602269	67038046	19272	-0.0839
FOXED_p_TCGA_b122_128_SNP_N_GenomeWideSNP_6_C03_781890	6	67040913	67042897	6	-2.414
FOXED_p_TCGA_b122_128_SNP_N_GenomeWideSNP_6_C03_781890	6	67043192	77436159	6801	-0.1046
FOXED_p_TCGA_b122_128_SNP_N_GenomeWideSNP_6_C03_781890	6	77436532	77461073	23	-0.6381
FOXED_p_TCGA_b122_128_SNP_N_GenomeWideSNP_6_C03_781890	6	77467931	78962889	979	-0.1093
FOXED_p_TCGA_b122_128_SNP_N_GenomeWideSNP_6_C03_781890	6	78969065	79035174	112	-0.5535
FOXED_p_TCGA_b122_128_SNP_N_GenomeWideSNP_6_C03_781890	6	79035185	79371211	233	-0.0811
FOXED_p_TCGA_b122_128_SNP_N_GenomeWideSNP_6_C03_781890	6	79374055	79374725	2	-1.6677
FOXED_p_TCGA_b122_128_SNP_N_GenomeWideSNP_6_C03_781890	6	79375176	134266268	34413	-0.1053
FOXED_p_TCGA_b122_128_SNP_N_GenomeWideSNP_6_C03_781890	6	134269071	134269632	2	-2.0201
FOXED_p_TCGA_b122_128_SNP_N_GenomeWideSNP_6_C03_781890	6	134272072	171051005	25169	-0.1094
FOXED_p_TCGA_b122_128_SNP_N_GenomeWideSNP_6_C03_781890	7	43355	16169658	11039	0.381
FOXED_p_TCGA_b122_128_SNP_N_GenomeWideSNP_6_C03_781890	7	16171560	16177287	4	1.4144
FOXED_p_TCGA_b122_128_SNP_N_GenomeWideSNP_6_C03_781890	7	16181520	24035127	6151	0.3902
FOXED_p_TCGA_b122_128_SNP_N_GenomeWideSNP_6_C03_781890	7	24039878	24040383	2	1.7871
FOXED_p_TCGA_b122_128_SNP_N_GenomeWideSNP_6_C03_781890	7	24040817	54380196	21405	0.3741
FOXED_p_TCGA_b122_128_SNP_N_GenomeWideSNP_6_C03_781890	7	54380373	54386517	7	-0.8702
FOXED_p_TCGA_b122_128_SNP_N_GenomeWideSNP_6_C03_781890	7	54393488	97609419	22295	0.3695
FOXED_p_TCGA_b122_128_SNP_N_GenomeWideSNP_6_C03_781890	7	97611341	97612048	3	-1.9671
FOXED_p_TCGA_b122_128_SNP_N_GenomeWideSNP_6_C03_781890	7	97613771	126044534	16605	0.3481
FOXED_p_TCGA_b122_128_SNP_N_GenomeWideSNP_6_C03_781890	7	126044923	126046615	14	1.2491
FOXED_p_TCGA_b122_128_SNP_N_GenomeWideSNP_6_C03_781890	7	126046876	141763124	9945	0.3295
FOXED_p_TCGA_b122_128_SNP_N_GenomeWideSNP_6_C03_781890	7	141769643	141795281	43	-0.0046
FOXED_p_TCGA_b122_128_SNP_N_GenomeWideSNP_6_C03_781890	7	141797564	142474939	450	0.3704
FOXED_p_TCGA_b122_128_SNP_N_GenomeWideSNP_6_C03_781890	7	142476719	142486115	28	-0.1076
FOXED_p_TCGA_b122_128_SNP_N_GenomeWideSNP_6_C03_781890	7	142486345	143218858	468	0.3403
FOXED_p_TCGA_b122_128_SNP_N_GenomeWideSNP_6_C03_781890	7	143218968	143398219	32	0.997
FOXED_p_TCGA_b122_128_SNP_N_GenomeWideSNP_6_C03_781890	7	143408430	143444216	19	0.363
FOXED_p_TCGA_b122_128_SNP_N_GenomeWideSNP_6_C03_781890	7	143444531	143532998	40	0.9193
FOXED_p_TCGA_b122_128_SNP_N_GenomeWideSNP_6_C03_781890	7	143543851	143952313	292	0.3286
FOXED_p_TCGA_b122_128_SNP_N_GenomeWideSNP_6_C03_781890	7	143952568	144014189	18	-0.4255
FOXED_p_TCGA_b122_128_SNP_N_GenomeWideSNP_6_C03_781890	7	144014228	145192317	725	0.3226
FOXED_p_TCGA_b122_128_SNP_N_GenomeWideSNP_6_C03_781890	7	145192718	145192893	2	-1.3402
FOXED_p_TCGA_b122_128_SNP_N_GenomeWideSNP_6_C03_781890	7	145192945	155206518	6481	0.3339
FOXED_p_TCGA_b122_128_SNP_N_GenomeWideSNP_6_C03_781890	7	155206748	155207267	3	-1.0691
FOXED_p_TCGA_b122_128_SNP_N_GenomeWideSNP_6_C03_781890	7	155208576	159127004	2504	0.3436
FOXED_p_TCGA_b122_128_SNP_N_GenomeWideSNP_6_C03_781890	8	31254	3935806	3683	-0.163
FOXED_p_TCGA_b122_128_SNP_N_GenomeWideSNP_6_C03_781890	8	3936859	3936947	3	1.0577
FOXED_p_TCGA_b122_128_SNP_N_GenomeWideSNP_6_C03_781890	8	3938612	7024567	4131	-0.1449
FOXED_p_TCGA_b122_128_SNP_N_GenomeWideSNP_6_C03_781890	8	7029990	7043340	5	-1.2046
FOXED_p_TCGA_b122_128_SNP_N_GenomeWideSNP_6_C03_781890	8	7154067	7226303	29	-0.1881
FOXED_p_TCGA_b122_128_SNP_N_GenomeWideSNP_6_C03_781890	8	7226436	7746368	117	-1.0492
FOXED_p_TCGA_b122_128_SNP_N_GenomeWideSNP_6_C03_781890	8	7747134	7754293	6	-1.9798
FOXED_p_TCGA_b122_128_SNP_N_GenomeWideSNP_6_C03_781890	8	7754392	7787962	26	-0.9755
FOXED_p_TCGA_b122_128_SNP_N_GenomeWideSNP_6_C03_781890	8	7798758	7935855	30	0.002
FOXED_p_TCGA_b122_128_SNP_N_GenomeWideSNP_6_C03_781890	8	7943182	7978010	17	0.4961
FOXED_p_TCGA_b122_128_SNP_N_GenomeWideSNP_6_C03_781890	8	7978056	12216009	3265	-0.1508
FOXED_p_TCGA_b122_128_SNP_N_GenomeWideSNP_6_C03_781890	8	12216848	12263749	42	-1.1384
FOXED_p_TCGA_b122_128_SNP_N_GenomeWideSNP_6_C03_781890	8	12264554	12420090	52	-0.4715
FOXED_p_TCGA_b122_128_SNP_N_GenomeWideSNP_6_C03_781890	8	12420155	15292962	2663	-0.1435
FOXED_p_TCGA_b122_128_SNP_N_GenomeWideSNP_6_C03_781890	8	15293931	15295445	2	-1.5016
FOXED_p_TCGA_b122_128_SNP_N_GenomeWideSNP_6_C03_781890	8	15296703	15770950	451	-0.1473
FOXED_p_TCGA_b122_128_SNP_N_GenomeWideSNP_6_C03_781890	8	15772217	15779863	5	-0.5034
FOXED_p_TCGA_b122_128_SNP_N_GenomeWideSNP_6_C03_781890	8	15784407	15786889	5	-1.5743
FOXED_p_TCGA_b122_128_SNP_N_GenomeWideSNP_6_C03_781890	8	15788269	24972187	7311	-0.1368
FOXED_p_TCGA_b122_128_SNP_N_GenomeWideSNP_6_C03_781890	8	24974443	24984250	26	0.5338
FOXED_p_TCGA_b122_128_SNP_N_GenomeWideSNP_6_C03_781890	8	24984333	25512074	396	-0.1299
FOXED_p_TCGA_b122_128_SNP_N_GenomeWideSNP_6_C03_781890	8	25518149	25573265	49	-1.3361
FOXED_p_TCGA_b122_128_SNP_N_GenomeWideSNP_6_C03_781890	8	25580768	40771996	9729	-0.1389
FOXED_p_TCGA_b122_128_SNP_N_GenomeWideSNP_6_C03_781890	8	40777852	40778471	2	-2.1979
FOXED_p_TCGA_b122_128_SNP_N_GenomeWideSNP_6_C03_781890	8	40783680	112294646	40995	-0.1085
FOXED_p_TCGA_b122_128_SNP_N_GenomeWideSNP_6_C03_781890	8	112294670	112295245	5	-2.0707
FOXED_p_TCGA_b122_128_SNP_N_GenomeWideSNP_6_C03_781890	8	112295260	131595374	12852	-0.1095
FOXED_p_TCGA_b122_128_SNP_N_GenomeWideSNP_6_C03_781890	8	131601015	131601975	4	-1.3317
FOXED_p_TCGA_b122_128_SNP_N_GenomeWideSNP_6_C03_781890	8	131602754	146298155	10089	-0.1201
FOXED_p_TCGA_b122_128_SNP_N_GenomeWideSNP_6_C03_781890	9	46587	10310477	9923	-0.0718
FOXED_p_TCGA_b122_128_SNP_N_GenomeWideSNP_6_C03_781890	9	10310942	10325264	18	0.6238
FOXED_p_TCGA_b122_128_SNP_N_GenomeWideSNP_6_C03_781890	9	10329917	31473846	16540	-0.0755
FOXED_p_TCGA_b122_128_SNP_N_GenomeWideSNP_6_C03_781890	9	31476083	31481953	5	-0.9374
FOXED_p_TCGA_b122_128_SNP_N_GenomeWideSNP_6_C03_781890	9	31482969	43612162	4937	-0.0707
FOXED_p_TCGA_b122_128_SNP_N_GenomeWideSNP_6_C03_781890	9	43635113	43800186	26	-0.5546
FOXED_p_TCGA_b122_128_SNP_N_GenomeWideSNP_6_C03_781890	9	44114872	44180942	15	0.0842
FOXED_p_TCGA_b122_128_SNP_N_GenomeWideSNP_6_C03_781890	9	44184656	69811751	384	0.2499
FOXED_p_TCGA_b122_128_SNP_N_GenomeWideSNP_6_C03_781890	9	69812510	72097655	1000	-0.0623
FOXED_p_TCGA_b122_128_SNP_N_GenomeWideSNP_6_C03_781890	9	72098568	72111146	37	0.4538
FOXED_p_TCGA_b122_128_SNP_N_GenomeWideSNP_6_C03_781890	9	72111264	72111582	5	1.0566
FOXED_p_TCGA_b122_128_SNP_N_GenomeWideSNP_6_C03_781890	9	72111597	72120120	21	0.445
FOXED_p_TCGA_b122_128_SNP_N_GenomeWideSNP_6_C03_781890	9	72120147	141091394	47046	-0.0772
FOXED_p_TCGA_b122_128_SNP_N_GenomeWideSNP_6_C03_781890	10	72759	12538664	10459	-0.0693
FOXED_p_TCGA_b122_128_SNP_N_GenomeWideSNP_6_C03_781890	10	12541672	12554546	13	-0.5907
FOXED_p_TCGA_b122_128_SNP_N_GenomeWideSNP_6_C03_781890	10	12557652	18121033	4426	-0.1108
FOXED_p_TCGA_b122_128_SNP_N_GenomeWideSNP_6_C03_781890	10	18128247	18136748	2	1.419
FOXED_p_TCGA_b122_128_SNP_N_GenomeWideSNP_6_C03_781890	10	18150761	32280291	10082	-0.1064
FOXED_p_TCGA_b122_128_SNP_N_GenomeWideSNP_6_C03_781890	10	32280713	32507264	148	0.2181
FOXED_p_TCGA_b122_128_SNP_N_GenomeWideSNP_6_C03_781890	10	32508978	46312487	6450	-0.1079
FOXED_p_TCGA_b122_128_SNP_N_GenomeWideSNP_6_C03_781890	10	46485761	47055711	91	0.1663
FOXED_p_TCGA_b122_128_SNP_N_GenomeWideSNP_6_C03_781890	10	47058792	47067426	27	-0.2433
FOXED_p_TCGA_b122_128_SNP_N_GenomeWideSNP_6_C03_781890	10	47067481	47550096	78	0.1604
FOXED_p_TCGA_b122_128_SNP_N_GenomeWideSNP_6_C03_781890	10	47560113	48840627	479	-0.147
FOXED_p_TCGA_b122_128_SNP_N_GenomeWideSNP_6_C03_781890	10	48883402	49333677	27	0.3821
FOXED_p_TCGA_b122_128_SNP_N_GenomeWideSNP_6_C03_781890	10	49333790	49731201	257	-0.1129
FOXED_p_TCGA_b122_128_SNP_N_GenomeWideSNP_6_C03_781890	10	49732975	49732988	2	-2.2909
FOXED_p_TCGA_b122_128_SNP_N_GenomeWideSNP_6_C03_781890	10	49733261	51197138	1089	-0.1309
FOXED_p_TCGA_b122_128_SNP_N_GenomeWideSNP_6_C03_781890	10	51231576	51465441	6	0.8099
FOXED_p_TCGA_b122_128_SNP_N_GenomeWideSNP_6_C03_781890	10	51479651	66063535	10271	-0.1021
FOXED_p_TCGA_b122_128_SNP_N_GenomeWideSNP_6_C03_781890	10	66065512	66087527	12	-1.2178
FOXED_p_TCGA_b122_128_SNP_N_GenomeWideSNP_6_C03_781890	10	66095774	67308709	849	-0.1191
FOXED_p_TCGA_b122_128_SNP_N_GenomeWideSNP_6_C03_781890	10	67308737	67314446	21	-0.6906
FOXED_p_TCGA_b122_128_SNP_N_GenomeWideSNP_6_C03_781890	10	67322795	92459927	16979	-0.1009
FOXED_p_TCGA_b122_128_SNP_N_GenomeWideSNP_6_C03_781890	10	92462715	92463291	4	-1.2669
FOXED_p_TCGA_b122_128_SNP_N_GenomeWideSNP_6_C03_781890	10	92471580	95405207	1739	-0.1114
FOXED_p_TCGA_b122_128_SNP_N_GenomeWideSNP_6_C03_781890	10	95405661	95406639	2	-1.7392
FOXED_p_TCGA_b122_128_SNP_N_GenomeWideSNP_6_C03_781890	10	95407645	112007711	10583	-0.0909
FOXED_p_TCGA_b122_128_SNP_N_GenomeWideSNP_6_C03_781890	10	112010830	112010926	2	-1.5028
FOXED_p_TCGA_b122_128_SNP_N_GenomeWideSNP_6_C03_781890	10	112011484	132634422	15370	-0.1022
FOXED_p_TCGA_b122_128_SNP_N_GenomeWideSNP_6_C03_781890	10	132634509	132635031	2	-1.9787
FOXED_p_TCGA_b122_128_SNP_N_GenomeWideSNP_6_C03_781890	10	132635258	135373435	1620	-0.1231
FOXED_p_TCGA_b122_128_SNP_N_GenomeWideSNP_6_C03_781890	10	135373591	135375200	2	-1.6271
FOXED_p_TCGA_b122_128_SNP_N_GenomeWideSNP_6_C03_781890	10	135375694	135506704	40	-0.1128
FOXED_p_TCGA_b122_128_SNP_N_GenomeWideSNP_6_C03_781890	11	198510	5787405	3308	-0.0887
FOXED_p_TCGA_b122_128_SNP_N_GenomeWideSNP_6_C03_781890	11	5788080	5809461	34	0.3793
FOXED_p_TCGA_b122_128_SNP_N_GenomeWideSNP_6_C03_781890	11	5812360	55335910	31315	-0.103
FOXED_p_TCGA_b122_128_SNP_N_GenomeWideSNP_6_C03_781890	11	55335984	55468524	88	0.2057
FOXED_p_TCGA_b122_128_SNP_N_GenomeWideSNP_6_C03_781890	11	55468553	107230719	32464	-0.1105
FOXED_p_TCGA_b122_128_SNP_N_GenomeWideSNP_6_C03_781890	11	107238656	107239128	7	-0.9234
FOXED_p_TCGA_b122_128_SNP_N_GenomeWideSNP_6_C03_781890	11	107252362	121766354	9964	-0.1106
FOXED_p_TCGA_b122_128_SNP_N_GenomeWideSNP_6_C03_781890	11	121767442	134601791	9719	0.3039
FOXED_p_TCGA_b122_128_SNP_N_GenomeWideSNP_6_C03_781890	11	134602280	134603992	3	-1.0613
FOXED_p_TCGA_b122_128_SNP_N_GenomeWideSNP_6_C03_781890	11	134607871	134944770	282	0.2619
FOXED_p_TCGA_b122_128_SNP_N_GenomeWideSNP_6_C03_781890	12	150442	9633870	6208	0.262
FOXED_p_TCGA_b122_128_SNP_N_GenomeWideSNP_6_C03_781890	12	9637909	9728292	24	1.0525
FOXED_p_TCGA_b122_128_SNP_N_GenomeWideSNP_6_C03_781890	12	9734969	11215372	1042	0.2453
FOXED_p_TCGA_b122_128_SNP_N_GenomeWideSNP_6_C03_781890	12	11216849	11260275	17	0.9676
FOXED_p_TCGA_b122_128_SNP_N_GenomeWideSNP_6_C03_781890	12	11261335	33294587	15593	0.252
FOXED_p_TCGA_b122_128_SNP_N_GenomeWideSNP_6_C03_781890	12	33294622	33307374	30	0.7217
FOXED_p_TCGA_b122_128_SNP_N_GenomeWideSNP_6_C03_781890	12	33308360	33386757	46	0.2529
FOXED_p_TCGA_b122_128_SNP_N_GenomeWideSNP_6_C03_781890	12	33388829	33395142	4	-1.4097
FOXED_p_TCGA_b122_128_SNP_N_GenomeWideSNP_6_C03_781890	12	33395418	33502974	75	0.2498
FOXED_p_TCGA_b122_128_SNP_N_GenomeWideSNP_6_C03_781890	12	33506981	33507192	2	-2.3127
FOXED_p_TCGA_b122_128_SNP_N_GenomeWideSNP_6_C03_781890	12	33507958	45904438	5501	0.254
FOXED_p_TCGA_b122_128_SNP_N_GenomeWideSNP_6_C03_781890	12	45905840	45909537	3	1.4754
FOXED_p_TCGA_b122_128_SNP_N_GenomeWideSNP_6_C03_781890	12	45913292	54930531	5104	0.2533
FOXED_p_TCGA_b122_128_SNP_N_GenomeWideSNP_6_C03_781890	12	54930914	54932403	2	-1.6146
FOXED_p_TCGA_b122_128_SNP_N_GenomeWideSNP_6_C03_781890	12	54932618	58721183	2113	0.2513
FOXED_p_TCGA_b122_128_SNP_N_GenomeWideSNP_6_C03_781890	12	58721231	58730162	3	1.3785
FOXED_p_TCGA_b122_128_SNP_N_GenomeWideSNP_6_C03_781890	12	58730848	81087088	14510	0.2504
FOXED_p_TCGA_b122_128_SNP_N_GenomeWideSNP_6_C03_781890	12	81088228	81088612	2	-1.2568
FOXED_p_TCGA_b122_128_SNP_N_GenomeWideSNP_6_C03_781890	12	81092837	90483350	5566	0.2456
FOXED_p_TCGA_b122_128_SNP_N_GenomeWideSNP_6_C03_781890	12	90491669	90492074	7	-0.8135
FOXED_p_TCGA_b122_128_SNP_N_GenomeWideSNP_6_C03_781890	12	90493557	114631402	16097	0.248
FOXED_p_TCGA_b122_128_SNP_N_GenomeWideSNP_6_C03_781890	12	114632722	114637909	5	-1.3092
FOXED_p_TCGA_b122_128_SNP_N_GenomeWideSNP_6_C03_781890	12	114638864	132120715	12579	0.2468
FOXED_p_TCGA_b122_128_SNP_N_GenomeWideSNP_6_C03_781890	12	132132584	132133335	13	-0.7986
FOXED_p_TCGA_b122_128_SNP_N_GenomeWideSNP_6_C03_781890	12	132142331	133778189	572	0.224
FOXED_p_TCGA_b122_128_SNP_N_GenomeWideSNP_6_C03_781890	13	19026949	19368654	75	0.3317
FOXED_p_TCGA_b122_128_SNP_N_GenomeWideSNP_6_C03_781890	13	19368692	19395638	9	-0.4553
FOXED_p_TCGA_b122_128_SNP_N_GenomeWideSNP_6_C03_781890	13	19398553	20820781	824	0.389
FOXED_p_TCGA_b122_128_SNP_N_GenomeWideSNP_6_C03_781890	13	20827251	20827940	2	-3.9163
FOXED_p_TCGA_b122_128_SNP_N_GenomeWideSNP_6_C03_781890	13	20832547	38072036	12666	0.3868
FOXED_p_TCGA_b122_128_SNP_N_GenomeWideSNP_6_C03_781890	13	38072224	38084757	15	-0.3869
FOXED_p_TCGA_b122_128_SNP_N_GenomeWideSNP_6_C03_781890	13	38088330	49531551	8037	0.3815
FOXED_p_TCGA_b122_128_SNP_N_GenomeWideSNP_6_C03_781890	13	49533715	49536504	2	-3.1136
FOXED_p_TCGA_b122_128_SNP_N_GenomeWideSNP_6_C03_781890	13	49537705	115108397	42722	0.3823
FOXED_p_TCGA_b122_128_SNP_N_GenomeWideSNP_6_C03_781890	14	19002124	19422533	29	0.0394
FOXED_p_TCGA_b122_128_SNP_N_GenomeWideSNP_6_C03_781890	14	19432799	19469520	9	-1.1758
FOXED_p_TCGA_b122_128_SNP_N_GenomeWideSNP_6_C03_781890	14	19541714	19620051	8	-0.0865
FOXED_p_TCGA_b122_128_SNP_N_GenomeWideSNP_6_C03_781890	14	19660853	19783861	9	0.589
FOXED_p_TCGA_b122_128_SNP_N_GenomeWideSNP_6_C03_781890	14	19784152	20118883	22	0.0818
FOXED_p_TCGA_b122_128_SNP_N_GenomeWideSNP_6_C03_781890	14	20135224	20425860	116	0.5952
FOXED_p_TCGA_b122_128_SNP_N_GenomeWideSNP_6_C03_781890	14	20425911	38358206	11609	-0.1096
FOXED_p_TCGA_b122_128_SNP_N_GenomeWideSNP_6_C03_781890	14	38362430	38364852	3	-1.5586
FOXED_p_TCGA_b122_128_SNP_N_GenomeWideSNP_6_C03_781890	14	38367230	41607529	2031	-0.113
FOXED_p_TCGA_b122_128_SNP_N_GenomeWideSNP_6_C03_781890	14	41607634	41657349	17	0.3194
FOXED_p_TCGA_b122_128_SNP_N_GenomeWideSNP_6_C03_781890	14	41670102	86284754	28676	-0.1211
FOXED_p_TCGA_b122_128_SNP_N_GenomeWideSNP_6_C03_781890	14	86286312	86312173	15	-1.4283
FOXED_p_TCGA_b122_128_SNP_N_GenomeWideSNP_6_C03_781890	14	86316135	106777343	12748	-0.1241
FOXED_p_TCGA_b122_128_SNP_N_GenomeWideSNP_6_C03_781890	14	106783044	106802053	8	0.8194
FOXED_p_TCGA_b122_128_SNP_N_GenomeWideSNP_6_C03_781890	14	106815943	106863521	26	-0.0568
FOXED_p_TCGA_b122_128_SNP_N_GenomeWideSNP_6_C03_781890	14	106863524	106918649	59	-0.6465
FOXED_p_TCGA_b122_128_SNP_N_GenomeWideSNP_6_C03_781890	14	106922531	107153166	132	-0.0801
FOXED_p_TCGA_b122_128_SNP_N_GenomeWideSNP_6_C03_781890	14	107153173	107176213	15	0.606
FOXED_p_TCGA_b122_128_SNP_N_GenomeWideSNP_6_C03_781890	14	107177931	107285437	76	-0.1191
FOXED_p_TCGA_b122_128_SNP_N_GenomeWideSNP_6_C03_781890	15	20016328	20231906	50	-0.0804
FOXED_p_TCGA_b122_128_SNP_N_GenomeWideSNP_6_C03_781890	15	20246372	20581564	55	0.4663
FOXED_p_TCGA_b122_128_SNP_N_GenomeWideSNP_6_C03_781890	15	20585988	20843562	54	0.8521
FOXED_p_TCGA_b122_128_SNP_N_GenomeWideSNP_6_C03_781890	15	20847933	22383201	182	0.281
FOXED_p_TCGA_b122_128_SNP_N_GenomeWideSNP_6_C03_781890	15	22385001	22681250	84	0.6882
FOXED_p_TCGA_b122_128_SNP_N_GenomeWideSNP_6_C03_781890	15	22751094	76878362	33947	-0.0763
FOXED_p_TCGA_b122_128_SNP_N_GenomeWideSNP_6_C03_781890	15	76891241	76895775	22	0.8029
FOXED_p_TCGA_b122_128_SNP_N_GenomeWideSNP_6_C03_781890	15	76902179	92765755	10244	-0.0796
FOXED_p_TCGA_b122_128_SNP_N_GenomeWideSNP_6_C03_781890	15	92765874	92766294	3	1.2858
FOXED_p_TCGA_b122_128_SNP_N_GenomeWideSNP_6_C03_781890	15	92766758	96758998	3275	-0.0858
FOXED_p_TCGA_b122_128_SNP_N_GenomeWideSNP_6_C03_781890	15	96761899	96761901	2	-1.5259
FOXED_p_TCGA_b122_128_SNP_N_GenomeWideSNP_6_C03_781890	15	96762158	97808409	725	-0.1028
FOXED_p_TCGA_b122_128_SNP_N_GenomeWideSNP_6_C03_781890	15	97817792	97832187	11	-0.7673
FOXED_p_TCGA_b122_128_SNP_N_GenomeWideSNP_6_C03_781890	15	97833649	102469040	3429	-0.0852
FOXED_p_TCGA_b122_128_SNP_N_GenomeWideSNP_6_C03_781890	16	60777	6897113	4212	-0.0894
FOXED_p_TCGA_b122_128_SNP_N_GenomeWideSNP_6_C03_781890	16	6897636	6905072	18	-0.6925
FOXED_p_TCGA_b122_128_SNP_N_GenomeWideSNP_6_C03_781890	16	6909388	22424168	10620	-0.0821
FOXED_p_TCGA_b122_128_SNP_N_GenomeWideSNP_6_C03_781890	16	22428362	22717588	80	0.1329
FOXED_p_TCGA_b122_128_SNP_N_GenomeWideSNP_6_C03_781890	16	22718304	55853059	12435	-0.0801
FOXED_p_TCGA_b122_128_SNP_N_GenomeWideSNP_6_C03_781890	16	55856354	55858793	3	-1.325
FOXED_p_TCGA_b122_128_SNP_N_GenomeWideSNP_6_C03_781890	16	55868439	75536272	11829	-0.0872
FOXED_p_TCGA_b122_128_SNP_N_GenomeWideSNP_6_C03_781890	16	75539408	75575998	21	0.4342
FOXED_p_TCGA_b122_128_SNP_N_GenomeWideSNP_6_C03_781890	16	75580117	90287535	13230	-0.0993
FOXED_p_TCGA_b122_128_SNP_N_GenomeWideSNP_6_C03_781890	17	526	18319862	11446	-0.2843
FOXED_p_TCGA_b122_128_SNP_N_GenomeWideSNP_6_C03_781890	17	18355392	18496306	32	0.4067
FOXED_p_TCGA_b122_128_SNP_N_GenomeWideSNP_6_C03_781890	17	18497303	22217883	1542	-0.2584
FOXED_p_TCGA_b122_128_SNP_N_GenomeWideSNP_6_C03_781890	17	22219197	34436708	5378	0.048
FOXED_p_TCGA_b122_128_SNP_N_GenomeWideSNP_6_C03_781890	17	34437128	34485091	37	0.587
FOXED_p_TCGA_b122_128_SNP_N_GenomeWideSNP_6_C03_781890	17	34528125	39423026	2546	0.0459
FOXED_p_TCGA_b122_128_SNP_N_GenomeWideSNP_6_C03_781890	17	39423057	39430531	22	0.9351
FOXED_p_TCGA_b122_128_SNP_N_GenomeWideSNP_6_C03_781890	17	39432724	44208674	2546	0.0468
FOXED_p_TCGA_b122_128_SNP_N_GenomeWideSNP_6_C03_781890	17	44212428	44292755	74	-0.4795
FOXED_p_TCGA_b122_128_SNP_N_GenomeWideSNP_6_C03_781890	17	44295834	47937317	1692	0.052
FOXED_p_TCGA_b122_128_SNP_N_GenomeWideSNP_6_C03_781890	17	47938473	47941873	3	-1.4444
FOXED_p_TCGA_b122_128_SNP_N_GenomeWideSNP_6_C03_781890	17	47942375	81049726	19993	0.0471
FOXED_p_TCGA_b122_128_SNP_N_GenomeWideSNP_6_C03_781890	18	11543	33628727	19700	-0.2443
FOXED_p_TCGA_b122_128_SNP_N_GenomeWideSNP_6_C03_781890	18	33629439	33633283	2	-2.357
FOXED_p_TCGA_b122_128_SNP_N_GenomeWideSNP_6_C03_781890	18	33635568	38260480	3141	-0.3185
FOXED_p_TCGA_b122_128_SNP_N_GenomeWideSNP_6_C03_781890	18	38260490	38265389	14	-1.2741
FOXED_p_TCGA_b122_128_SNP_N_GenomeWideSNP_6_C03_781890	18	38268024	40051678	1213	-0.3066
FOXED_p_TCGA_b122_128_SNP_N_GenomeWideSNP_6_C03_781890	18	40056569	40057767	25	-1.5935
FOXED_p_TCGA_b122_128_SNP_N_GenomeWideSNP_6_C03_781890	18	40058395	78015057	26717	-0.3145
FOXED_p_TCGA_b122_128_SNP_N_GenomeWideSNP_6_C03_781890	19	90910	5506659	1599	-0.0711
FOXED_p_TCGA_b122_128_SNP_N_GenomeWideSNP_6_C03_781890	19	5510239	5510653	3	-1.8129
FOXED_p_TCGA_b122_128_SNP_N_GenomeWideSNP_6_C03_781890	19	5510700	9995867	2189	-0.0797
FOXED_p_TCGA_b122_128_SNP_N_GenomeWideSNP_6_C03_781890	19	9997218	9998361	3	-1.6287
FOXED_p_TCGA_b122_128_SNP_N_GenomeWideSNP_6_C03_781890	19	10000306	14850087	2176	-0.0564
FOXED_p_TCGA_b122_128_SNP_N_GenomeWideSNP_6_C03_781890	19	14850996	14855686	2	-1.556
FOXED_p_TCGA_b122_128_SNP_N_GenomeWideSNP_6_C03_781890	19	14856363	15723528	582	-0.0767
FOXED_p_TCGA_b122_128_SNP_N_GenomeWideSNP_6_C03_781890	19	15724098	15724203	2	-1.9126
FOXED_p_TCGA_b122_128_SNP_N_GenomeWideSNP_6_C03_781890	19	15724294	24242388	4565	-0.0842
FOXED_p_TCGA_b122_128_SNP_N_GenomeWideSNP_6_C03_781890	19	24242656	24330095	47	0.1713
FOXED_p_TCGA_b122_128_SNP_N_GenomeWideSNP_6_C03_781890	19	24338944	35849322	5653	-0.0986
FOXED_p_TCGA_b122_128_SNP_N_GenomeWideSNP_6_C03_781890	19	35849493	35861848	22	-0.7628
FOXED_p_TCGA_b122_128_SNP_N_GenomeWideSNP_6_C03_781890	19	35866744	43697333	3923	-0.07
FOXED_p_TCGA_b122_128_SNP_N_GenomeWideSNP_6_C03_781890	19	43703033	43756237	22	-0.7758
FOXED_p_TCGA_b122_128_SNP_N_GenomeWideSNP_6_C03_781890	19	43766659	51332267	3612	-0.0568
FOXED_p_TCGA_b122_128_SNP_N_GenomeWideSNP_6_C03_781890	19	51332386	51333238	5	-1.1349
FOXED_p_TCGA_b122_128_SNP_N_GenomeWideSNP_6_C03_781890	19	51339207	52131813	554	-0.1028
FOXED_p_TCGA_b122_128_SNP_N_GenomeWideSNP_6_C03_781890	19	52142352	52148197	11	-2.5712
FOXED_p_TCGA_b122_128_SNP_N_GenomeWideSNP_6_C03_781890	19	52154905	59097854	4384	-0.0993
FOXED_p_TCGA_b122_128_SNP_N_GenomeWideSNP_6_C03_781890	20	61305	1552457	1185	0.3526
FOXED_p_TCGA_b122_128_SNP_N_GenomeWideSNP_6_C03_781890	20	1552503	1570786	34	-0.7578
FOXED_p_TCGA_b122_128_SNP_N_GenomeWideSNP_6_C03_781890	20	1570804	1582207	24	-0.1669
FOXED_p_TCGA_b122_128_SNP_N_GenomeWideSNP_6_C03_781890	20	1590257	1593893	5	1.8637
FOXED_p_TCGA_b122_128_SNP_N_GenomeWideSNP_6_C03_781890	20	1597946	15235424	10359	0.3575
FOXED_p_TCGA_b122_128_SNP_N_GenomeWideSNP_6_C03_781890	20	15237052	15237872	3	-0.778
FOXED_p_TCGA_b122_128_SNP_N_GenomeWideSNP_6_C03_781890	20	15239469	37690862	12636	0.3606
FOXED_p_TCGA_b122_128_SNP_N_GenomeWideSNP_6_C03_781890	20	37695645	37696409	2	-1.9449
FOXED_p_TCGA_b122_128_SNP_N_GenomeWideSNP_6_C03_781890	20	37696520	62916068	18270	0.3675
FOXED_p_TCGA_b122_128_SNP_N_GenomeWideSNP_6_C03_781890	20	62954695	62956153	5	-0.8027
FOXED_p_TCGA_b122_128_SNP_N_GenomeWideSNP_6_C03_781890	21	10736871	14595744	164	0.2179
FOXED_p_TCGA_b122_128_SNP_N_GenomeWideSNP_6_C03_781890	21	14597009	48096957	24253	-0.1211
FOXED_p_TCGA_b122_128_SNP_N_GenomeWideSNP_6_C03_781890	22	16052528	22468619	3299	-0.12
FOXED_p_TCGA_b122_128_SNP_N_GenomeWideSNP_6_C03_781890	22	22473918	22474613	6	-1.1079
FOXED_p_TCGA_b122_128_SNP_N_GenomeWideSNP_6_C03_781890	22	22481498	24330218	1309	-0.1129
FOXED_p_TCGA_b122_128_SNP_N_GenomeWideSNP_6_C03_781890	22	24330269	24332933	4	0.8642
FOXED_p_TCGA_b122_128_SNP_N_GenomeWideSNP_6_C03_781890	22	24337307	24401529	23	-0.4252
FOXED_p_TCGA_b122_128_SNP_N_GenomeWideSNP_6_C03_781890	22	24402321	25081338	353	-0.0942
FOXED_p_TCGA_b122_128_SNP_N_GenomeWideSNP_6_C03_781890	22	25082115	25082534	3	-1.4614
FOXED_p_TCGA_b122_128_SNP_N_GenomeWideSNP_6_C03_781890	22	25087674	35983984	8537	-0.1081
FOXED_p_TCGA_b122_128_SNP_N_GenomeWideSNP_6_C03_781890	22	35984050	35985165	2	-1.4781
FOXED_p_TCGA_b122_128_SNP_N_GenomeWideSNP_6_C03_781890	22	35986219	36945181	590	-0.0933
FOXED_p_TCGA_b122_128_SNP_N_GenomeWideSNP_6_C03_781890	22	36947624	36947925	2	-1.3859
FOXED_p_TCGA_b122_128_SNP_N_GenomeWideSNP_6_C03_781890	22	36948746	39287910	1340	-0.1003
FOXED_p_TCGA_b122_128_SNP_N_GenomeWideSNP_6_C03_781890	22	39290920	39296904	4	0.8764
FOXED_p_TCGA_b122_128_SNP_N_GenomeWideSNP_6_C03_781890	22	39299114	51234455	8091	-0.1219
FOXED_p_TCGA_b122_128_SNP_N_GenomeWideSNP_6_C03_781890	X	168477	103253775	54394	0.1424
FOXED_p_TCGA_b122_128_SNP_N_GenomeWideSNP_6_C03_781890	X	103257989	103305358	59	1.06
FOXED_p_TCGA_b122_128_SNP_N_GenomeWideSNP_6_C03_781890	X	103311747	129318301	14824	0.1422
FOXED_p_TCGA_b122_128_SNP_N_GenomeWideSNP_6_C03_781890	X	129319171	152188330	14100	-0.6209
FOXED_p_TCGA_b122_128_SNP_N_GenomeWideSNP_6_C03_781890	X	152188780	155182354	1205	0.1412
FOXED_p_TCGA_b122_128_SNP_N_GenomeWideSNP_6_C03_781890	Y	2650438	6101425	871	-2.448
FOXED_p_TCGA_b122_128_SNP_N_GenomeWideSNP_6_C03_781890	Y	6107901	6296423	85	-4.0264
FOXED_p_TCGA_b122_128_SNP_N_GenomeWideSNP_6_C03_781890	Y	6299046	19570632	4704	-3.0005
FOXED_p_TCGA_b122_128_SNP_N_GenomeWideSNP_6_C03_781890	Y	19571480	21088297	705	-3.6239
FOXED_p_TCGA_b122_128_SNP_N_GenomeWideSNP_6_C03_781890	Y	21088485	24497147	1237	-3.0701
FOXED_p_TCGA_b122_128_SNP_N_GenomeWideSNP_6_C03_781890	Y	24497967	26190025	322	-3.6567
FOXED_p_TCGA_b122_128_SNP_N_GenomeWideSNP_6_C03_781890	Y	26193050	26408766	50	-2.798
FOXED_p_TCGA_b122_128_SNP_N_GenomeWideSNP_6_C03_781890	Y	26409789	26412603	3	-5.8711
FOXED_p_TCGA_b122_128_SNP_N_GenomeWideSNP_6_C03_781890	Y	26417092	26513715	36	-2.6032
FOXED_p_TCGA_b122_128_SNP_N_GenomeWideSNP_6_C03_781890	Y	26517533	27274970	90	-4.1382
FOXED_p_TCGA_b122_128_SNP_N_GenomeWideSNP_6_C03_781890	Y	27298371	27717920	92	-2.7458
FOXED_p_TCGA_b122_128_SNP_N_GenomeWideSNP_6_C03_781890	Y	27718192	28051716	139	-3.7633
FOXED_p_TCGA_b122_128_SNP_N_GenomeWideSNP_6_C03_781890	Y	28052268	28114308	32	-2.7299
FOXED_p_TCGA_b122_128_SNP_N_GenomeWideSNP_6_C03_781890	Y	28117880	28423938	83	-3.7774
FOXED_p_TCGA_b122_128_SNP_N_GenomeWideSNP_6_C03_781890	Y	28438116	59018259	183	-2.4824
