Sample	Chromosome	Start	End	Num_Probes	Segment_Mean
HELVE_p_TCGA_b139_154_155_SNP_N_GenomeWideSNP_6_A12_808598	1	61735	25583341	14144	-0.0886
HELVE_p_TCGA_b139_154_155_SNP_N_GenomeWideSNP_6_A12_808598	1	25593128	25646946	27	-1.5732
HELVE_p_TCGA_b139_154_155_SNP_N_GenomeWideSNP_6_A12_808598	1	25646986	72763370	28839	-0.0808
HELVE_p_TCGA_b139_154_155_SNP_N_GenomeWideSNP_6_A12_808598	1	72768418	72811904	49	-0.9332
HELVE_p_TCGA_b139_154_155_SNP_N_GenomeWideSNP_6_A12_808598	1	72812440	104155802	20062	-0.0927
HELVE_p_TCGA_b139_154_155_SNP_N_GenomeWideSNP_6_A12_808598	1	104157161	104159384	6	-0.9085
HELVE_p_TCGA_b139_154_155_SNP_N_GenomeWideSNP_6_A12_808598	1	104163499	106019483	950	-0.114
HELVE_p_TCGA_b139_154_155_SNP_N_GenomeWideSNP_6_A12_808598	1	106021204	106022344	10	-0.7932
HELVE_p_TCGA_b139_154_155_SNP_N_GenomeWideSNP_6_A12_808598	1	106022360	110227396	2669	-0.0939
HELVE_p_TCGA_b139_154_155_SNP_N_GenomeWideSNP_6_A12_808598	1	110227500	110242953	20	0.3984
HELVE_p_TCGA_b139_154_155_SNP_N_GenomeWideSNP_6_A12_808598	1	110244998	152761923	10218	-0.0704
HELVE_p_TCGA_b139_154_155_SNP_N_GenomeWideSNP_6_A12_808598	1	152761939	152767947	29	0.6003
HELVE_p_TCGA_b139_154_155_SNP_N_GenomeWideSNP_6_A12_808598	1	152767963	174796556	14861	-0.0826
HELVE_p_TCGA_b139_154_155_SNP_N_GenomeWideSNP_6_A12_808598	1	174796699	174801920	18	-0.7394
HELVE_p_TCGA_b139_154_155_SNP_N_GenomeWideSNP_6_A12_808598	1	174802007	196732086	14653	-0.0923
HELVE_p_TCGA_b139_154_155_SNP_N_GenomeWideSNP_6_A12_808598	1	196738623	196759288	37	-0.7253
HELVE_p_TCGA_b139_154_155_SNP_N_GenomeWideSNP_6_A12_808598	1	196761820	196798705	33	-0.1873
HELVE_p_TCGA_b139_154_155_SNP_N_GenomeWideSNP_6_A12_808598	1	196798719	196801655	13	-0.6526
HELVE_p_TCGA_b139_154_155_SNP_N_GenomeWideSNP_6_A12_808598	1	196801784	199107702	1387	-0.0775
HELVE_p_TCGA_b139_154_155_SNP_N_GenomeWideSNP_6_A12_808598	1	199111363	199112524	7	-0.9975
HELVE_p_TCGA_b139_154_155_SNP_N_GenomeWideSNP_6_A12_808598	1	199113011	222366668	16043	-0.0858
HELVE_p_TCGA_b139_154_155_SNP_N_GenomeWideSNP_6_A12_808598	1	222374834	222377004	2	-2.5539
HELVE_p_TCGA_b139_154_155_SNP_N_GenomeWideSNP_6_A12_808598	1	222382134	226014342	2190	-0.0846
HELVE_p_TCGA_b139_154_155_SNP_N_GenomeWideSNP_6_A12_808598	1	226014464	226015017	2	-2.4458
HELVE_p_TCGA_b139_154_155_SNP_N_GenomeWideSNP_6_A12_808598	1	226015116	242709511	12197	-0.0906
HELVE_p_TCGA_b139_154_155_SNP_N_GenomeWideSNP_6_A12_808598	1	242709793	242710816	3	-1.454
HELVE_p_TCGA_b139_154_155_SNP_N_GenomeWideSNP_6_A12_808598	1	242712897	248725234	3926	-0.0876
HELVE_p_TCGA_b139_154_155_SNP_N_GenomeWideSNP_6_A12_808598	1	248736075	248809369	40	0.2559
HELVE_p_TCGA_b139_154_155_SNP_N_GenomeWideSNP_6_A12_808598	1	248818483	249224388	140	-0.0929
HELVE_p_TCGA_b139_154_155_SNP_N_GenomeWideSNP_6_A12_808598	2	12784	295136	180	0.0144
HELVE_p_TCGA_b139_154_155_SNP_N_GenomeWideSNP_6_A12_808598	2	295255	296852	4	-1.0335
HELVE_p_TCGA_b139_154_155_SNP_N_GenomeWideSNP_6_A12_808598	2	300879	4222159	2834	-0.003
HELVE_p_TCGA_b139_154_155_SNP_N_GenomeWideSNP_6_A12_808598	2	4222432	4223167	6	-0.8339
HELVE_p_TCGA_b139_154_155_SNP_N_GenomeWideSNP_6_A12_808598	2	4223512	7023052	2335	0.0059
HELVE_p_TCGA_b139_154_155_SNP_N_GenomeWideSNP_6_A12_808598	2	7024874	7024914	2	-2.9844
HELVE_p_TCGA_b139_154_155_SNP_N_GenomeWideSNP_6_A12_808598	2	7025082	11783967	3484	0.0415
HELVE_p_TCGA_b139_154_155_SNP_N_GenomeWideSNP_6_A12_808598	2	11786634	11786832	2	-1.3615
HELVE_p_TCGA_b139_154_155_SNP_N_GenomeWideSNP_6_A12_808598	2	11787239	14703694	2194	0.0378
HELVE_p_TCGA_b139_154_155_SNP_N_GenomeWideSNP_6_A12_808598	2	14704949	14710021	11	-0.934
HELVE_p_TCGA_b139_154_155_SNP_N_GenomeWideSNP_6_A12_808598	2	14710092	20350783	4222	0.0271
HELVE_p_TCGA_b139_154_155_SNP_N_GenomeWideSNP_6_A12_808598	2	20350877	20350892	2	-1.511
HELVE_p_TCGA_b139_154_155_SNP_N_GenomeWideSNP_6_A12_808598	2	20351003	20817493	290	0.0547
HELVE_p_TCGA_b139_154_155_SNP_N_GenomeWideSNP_6_A12_808598	2	20817673	20817812	3	-1.1388
HELVE_p_TCGA_b139_154_155_SNP_N_GenomeWideSNP_6_A12_808598	2	20823219	41238505	13403	0.0426
HELVE_p_TCGA_b139_154_155_SNP_N_GenomeWideSNP_6_A12_808598	2	41238589	41251265	23	-0.3769
HELVE_p_TCGA_b139_154_155_SNP_N_GenomeWideSNP_6_A12_808598	2	41251278	52754468	8192	0.0404
HELVE_p_TCGA_b139_154_155_SNP_N_GenomeWideSNP_6_A12_808598	2	52754480	52781542	39	-2.1485
HELVE_p_TCGA_b139_154_155_SNP_N_GenomeWideSNP_6_A12_808598	2	52787949	89469550	22830	0.0335
HELVE_p_TCGA_b139_154_155_SNP_N_GenomeWideSNP_6_A12_808598	2	89473684	89551194	24	-0.4015
HELVE_p_TCGA_b139_154_155_SNP_N_GenomeWideSNP_6_A12_808598	2	89553239	90001943	28	0.1206
HELVE_p_TCGA_b139_154_155_SNP_N_GenomeWideSNP_6_A12_808598	2	90011138	90045248	20	0.6563
HELVE_p_TCGA_b139_154_155_SNP_N_GenomeWideSNP_6_A12_808598	2	90046422	129638478	20204	0.037
HELVE_p_TCGA_b139_154_155_SNP_N_GenomeWideSNP_6_A12_808598	2	129638502	129640315	14	-0.615
HELVE_p_TCGA_b139_154_155_SNP_N_GenomeWideSNP_6_A12_808598	2	129640329	133038729	1602	0.023
HELVE_p_TCGA_b139_154_155_SNP_N_GenomeWideSNP_6_A12_808598	2	133046772	133140598	41	0.3324
HELVE_p_TCGA_b139_154_155_SNP_N_GenomeWideSNP_6_A12_808598	2	133143346	146862085	8828	0.0062
HELVE_p_TCGA_b139_154_155_SNP_N_GenomeWideSNP_6_A12_808598	2	146864404	146866934	24	0.6803
HELVE_p_TCGA_b139_154_155_SNP_N_GenomeWideSNP_6_A12_808598	2	146877806	154889809	4885	0.0255
HELVE_p_TCGA_b139_154_155_SNP_N_GenomeWideSNP_6_A12_808598	2	154895975	154896482	2	-1.9845
HELVE_p_TCGA_b139_154_155_SNP_N_GenomeWideSNP_6_A12_808598	2	154900223	242783396	54102	0.0363
HELVE_p_TCGA_b139_154_155_SNP_N_GenomeWideSNP_6_A12_808598	2	242915466	243034686	112	-0.845
HELVE_p_TCGA_b139_154_155_SNP_N_GenomeWideSNP_6_A12_808598	2	243037253	243089456	29	0.052
HELVE_p_TCGA_b139_154_155_SNP_N_GenomeWideSNP_6_A12_808598	3	60345	47478509	33548	0.1335
HELVE_p_TCGA_b139_154_155_SNP_N_GenomeWideSNP_6_A12_808598	3	47491822	47492720	2	-2.164
HELVE_p_TCGA_b139_154_155_SNP_N_GenomeWideSNP_6_A12_808598	3	47497214	53028375	2227	0.1448
HELVE_p_TCGA_b139_154_155_SNP_N_GenomeWideSNP_6_A12_808598	3	53031736	53033650	16	0.7439
HELVE_p_TCGA_b139_154_155_SNP_N_GenomeWideSNP_6_A12_808598	3	53033753	95456106	26157	0.1226
HELVE_p_TCGA_b139_154_155_SNP_N_GenomeWideSNP_6_A12_808598	3	95466880	95468110	2	-3.1036
HELVE_p_TCGA_b139_154_155_SNP_N_GenomeWideSNP_6_A12_808598	3	95468680	107035798	6670	0.1179
HELVE_p_TCGA_b139_154_155_SNP_N_GenomeWideSNP_6_A12_808598	3	107036184	107039461	2	-2.2706
HELVE_p_TCGA_b139_154_155_SNP_N_GenomeWideSNP_6_A12_808598	3	107043012	125446664	11481	0.1291
HELVE_p_TCGA_b139_154_155_SNP_N_GenomeWideSNP_6_A12_808598	3	125449526	125466547	10	-0.6466
HELVE_p_TCGA_b139_154_155_SNP_N_GenomeWideSNP_6_A12_808598	3	125469421	156695734	19224	0.1301
HELVE_p_TCGA_b139_154_155_SNP_N_GenomeWideSNP_6_A12_808598	3	156705860	156733090	26	-1.0024
HELVE_p_TCGA_b139_154_155_SNP_N_GenomeWideSNP_6_A12_808598	3	156738288	160208092	2053	0.1283
HELVE_p_TCGA_b139_154_155_SNP_N_GenomeWideSNP_6_A12_808598	3	160208549	160209895	3	-1.0812
HELVE_p_TCGA_b139_154_155_SNP_N_GenomeWideSNP_6_A12_808598	3	160210802	162508268	1493	0.1433
HELVE_p_TCGA_b139_154_155_SNP_N_GenomeWideSNP_6_A12_808598	3	162512657	162628614	73	0.6287
HELVE_p_TCGA_b139_154_155_SNP_N_GenomeWideSNP_6_A12_808598	3	162628643	168730180	3438	0.1222
HELVE_p_TCGA_b139_154_155_SNP_N_GenomeWideSNP_6_A12_808598	3	168733402	168738628	2	-1.9612
HELVE_p_TCGA_b139_154_155_SNP_N_GenomeWideSNP_6_A12_808598	3	168739827	192878045	15745	0.1417
HELVE_p_TCGA_b139_154_155_SNP_N_GenomeWideSNP_6_A12_808598	3	192878195	192882903	17	-1.1337
HELVE_p_TCGA_b139_154_155_SNP_N_GenomeWideSNP_6_A12_808598	3	192886435	194710567	1226	0.1502
HELVE_p_TCGA_b139_154_155_SNP_N_GenomeWideSNP_6_A12_808598	3	194710997	194715431	4	-1.1392
HELVE_p_TCGA_b139_154_155_SNP_N_GenomeWideSNP_6_A12_808598	3	194716087	195285898	256	0.1389
HELVE_p_TCGA_b139_154_155_SNP_N_GenomeWideSNP_6_A12_808598	3	195383142	195430899	17	-0.5173
HELVE_p_TCGA_b139_154_155_SNP_N_GenomeWideSNP_6_A12_808598	3	195433770	195661550	110	0.1233
HELVE_p_TCGA_b139_154_155_SNP_N_GenomeWideSNP_6_A12_808598	3	195690846	195701163	4	-0.7367
HELVE_p_TCGA_b139_154_155_SNP_N_GenomeWideSNP_6_A12_808598	3	195701328	197896118	1089	0.172
HELVE_p_TCGA_b139_154_155_SNP_N_GenomeWideSNP_6_A12_808598	4	12281	66719	58	0.1871
HELVE_p_TCGA_b139_154_155_SNP_N_GenomeWideSNP_6_A12_808598	4	68821	5316735	2552	-0.2931
HELVE_p_TCGA_b139_154_155_SNP_N_GenomeWideSNP_6_A12_808598	4	5319786	5323295	3	-3.0286
HELVE_p_TCGA_b139_154_155_SNP_N_GenomeWideSNP_6_A12_808598	4	5324199	10210390	3178	-0.3094
HELVE_p_TCGA_b139_154_155_SNP_N_GenomeWideSNP_6_A12_808598	4	10214160	10235268	36	-1.6657
HELVE_p_TCGA_b139_154_155_SNP_N_GenomeWideSNP_6_A12_808598	4	10236142	34773515	16967	-0.2851
HELVE_p_TCGA_b139_154_155_SNP_N_GenomeWideSNP_6_A12_808598	4	34778860	34829928	48	0.2388
HELVE_p_TCGA_b139_154_155_SNP_N_GenomeWideSNP_6_A12_808598	4	34829949	61497136	14793	-0.2738
HELVE_p_TCGA_b139_154_155_SNP_N_GenomeWideSNP_6_A12_808598	4	61500829	61501270	2	-1.9798
HELVE_p_TCGA_b139_154_155_SNP_N_GenomeWideSNP_6_A12_808598	4	61503976	64147093	1456	-0.2832
HELVE_p_TCGA_b139_154_155_SNP_N_GenomeWideSNP_6_A12_808598	4	64151660	64151913	2	-2.6428
HELVE_p_TCGA_b139_154_155_SNP_N_GenomeWideSNP_6_A12_808598	4	64154567	64697530	310	-0.2655
HELVE_p_TCGA_b139_154_155_SNP_N_GenomeWideSNP_6_A12_808598	4	64697609	64705364	11	0.3391
HELVE_p_TCGA_b139_154_155_SNP_N_GenomeWideSNP_6_A12_808598	4	64705515	191027923	77916	-0.2696
HELVE_p_TCGA_b139_154_155_SNP_N_GenomeWideSNP_6_A12_808598	5	15532	4282608	3169	0.2768
HELVE_p_TCGA_b139_154_155_SNP_N_GenomeWideSNP_6_A12_808598	5	4284151	4292876	3	-0.7968
HELVE_p_TCGA_b139_154_155_SNP_N_GenomeWideSNP_6_A12_808598	5	4293345	12800889	7047	0.2972
HELVE_p_TCGA_b139_154_155_SNP_N_GenomeWideSNP_6_A12_808598	5	12815780	12826650	11	-1.2453
HELVE_p_TCGA_b139_154_155_SNP_N_GenomeWideSNP_6_A12_808598	5	12833857	16124245	2230	0.3281
HELVE_p_TCGA_b139_154_155_SNP_N_GenomeWideSNP_6_A12_808598	5	16125128	16125214	3	-0.7705
HELVE_p_TCGA_b139_154_155_SNP_N_GenomeWideSNP_6_A12_808598	5	16127544	49447306	18359	0.2928
HELVE_p_TCGA_b139_154_155_SNP_N_GenomeWideSNP_6_A12_808598	5	49455636	50640414	573	0.0388
HELVE_p_TCGA_b139_154_155_SNP_N_GenomeWideSNP_6_A12_808598	5	50641154	54475985	2608	-0.307
HELVE_p_TCGA_b139_154_155_SNP_N_GenomeWideSNP_6_A12_808598	5	54479016	54550188	33	0.0439
HELVE_p_TCGA_b139_154_155_SNP_N_GenomeWideSNP_6_A12_808598	5	54552425	57321646	1840	-0.2981
HELVE_p_TCGA_b139_154_155_SNP_N_GenomeWideSNP_6_A12_808598	5	57326027	57333533	32	0.9612
HELVE_p_TCGA_b139_154_155_SNP_N_GenomeWideSNP_6_A12_808598	5	57338357	68846303	7298	-0.2917
HELVE_p_TCGA_b139_154_155_SNP_N_GenomeWideSNP_6_A12_808598	5	68867294	69118135	5	-1.4289
HELVE_p_TCGA_b139_154_155_SNP_N_GenomeWideSNP_6_A12_808598	5	69233427	83461429	8192	-0.3044
HELVE_p_TCGA_b139_154_155_SNP_N_GenomeWideSNP_6_A12_808598	5	83462915	83466496	4	-1.7813
HELVE_p_TCGA_b139_154_155_SNP_N_GenomeWideSNP_6_A12_808598	5	83468928	96911070	7338	-0.2908
HELVE_p_TCGA_b139_154_155_SNP_N_GenomeWideSNP_6_A12_808598	5	96911529	96916683	2	-2.6394
HELVE_p_TCGA_b139_154_155_SNP_N_GenomeWideSNP_6_A12_808598	5	96917834	108089708	6792	-0.2925
HELVE_p_TCGA_b139_154_155_SNP_N_GenomeWideSNP_6_A12_808598	5	108090774	108092647	2	-2.6349
HELVE_p_TCGA_b139_154_155_SNP_N_GenomeWideSNP_6_A12_808598	5	108095125	170145382	40987	-0.3028
HELVE_p_TCGA_b139_154_155_SNP_N_GenomeWideSNP_6_A12_808598	5	170145584	170146818	2	-2.5452
HELVE_p_TCGA_b139_154_155_SNP_N_GenomeWideSNP_6_A12_808598	5	170148521	177198449	4484	-0.3181
HELVE_p_TCGA_b139_154_155_SNP_N_GenomeWideSNP_6_A12_808598	5	177227551	177232605	3	2.3217
HELVE_p_TCGA_b139_154_155_SNP_N_GenomeWideSNP_6_A12_808598	5	177254965	180374523	1813	-0.3227
HELVE_p_TCGA_b139_154_155_SNP_N_GenomeWideSNP_6_A12_808598	5	180378710	180418103	19	-1.8666
HELVE_p_TCGA_b139_154_155_SNP_N_GenomeWideSNP_6_A12_808598	5	180433225	180790320	171	-0.2795
HELVE_p_TCGA_b139_154_155_SNP_N_GenomeWideSNP_6_A12_808598	6	149661	254283	101	0.1423
HELVE_p_TCGA_b139_154_155_SNP_N_GenomeWideSNP_6_A12_808598	6	257353	322696	31	0.637
HELVE_p_TCGA_b139_154_155_SNP_N_GenomeWideSNP_6_A12_808598	6	323084	15750432	12145	0.1675
HELVE_p_TCGA_b139_154_155_SNP_N_GenomeWideSNP_6_A12_808598	6	15750518	15750867	2	-1.6226
HELVE_p_TCGA_b139_154_155_SNP_N_GenomeWideSNP_6_A12_808598	6	15751330	26732406	7991	0.1563
HELVE_p_TCGA_b139_154_155_SNP_N_GenomeWideSNP_6_A12_808598	6	26737032	26765068	23	0.5804
HELVE_p_TCGA_b139_154_155_SNP_N_GenomeWideSNP_6_A12_808598	6	26766440	31277686	2127	0.1539
HELVE_p_TCGA_b139_154_155_SNP_N_GenomeWideSNP_6_A12_808598	6	31286276	31318164	15	-0.5992
HELVE_p_TCGA_b139_154_155_SNP_N_GenomeWideSNP_6_A12_808598	6	31318177	32452929	505	0.1147
HELVE_p_TCGA_b139_154_155_SNP_N_GenomeWideSNP_6_A12_808598	6	32454275	32570365	32	0.9672
HELVE_p_TCGA_b139_154_155_SNP_N_GenomeWideSNP_6_A12_808598	6	32573771	72862925	23201	0.1609
HELVE_p_TCGA_b139_154_155_SNP_N_GenomeWideSNP_6_A12_808598	6	72866524	72866872	2	-1.8736
HELVE_p_TCGA_b139_154_155_SNP_N_GenomeWideSNP_6_A12_808598	6	72868563	74591801	1086	0.1212
HELVE_p_TCGA_b139_154_155_SNP_N_GenomeWideSNP_6_A12_808598	6	74591858	74601410	11	0.7631
HELVE_p_TCGA_b139_154_155_SNP_N_GenomeWideSNP_6_A12_808598	6	74603555	77436532	1768	0.1551
HELVE_p_TCGA_b139_154_155_SNP_N_GenomeWideSNP_6_A12_808598	6	77439868	77452673	19	-0.4785
HELVE_p_TCGA_b139_154_155_SNP_N_GenomeWideSNP_6_A12_808598	6	77452689	78969065	981	0.1467
HELVE_p_TCGA_b139_154_155_SNP_N_GenomeWideSNP_6_A12_808598	6	78969105	79032317	106	0.4645
HELVE_p_TCGA_b139_154_155_SNP_N_GenomeWideSNP_6_A12_808598	6	79032592	87346865	5189	0.1593
HELVE_p_TCGA_b139_154_155_SNP_N_GenomeWideSNP_6_A12_808598	6	87346983	87351573	4	-0.9486
HELVE_p_TCGA_b139_154_155_SNP_N_GenomeWideSNP_6_A12_808598	6	87352034	103734829	10290	0.1371
HELVE_p_TCGA_b139_154_155_SNP_N_GenomeWideSNP_6_A12_808598	6	103737976	103762061	46	-1.0977
HELVE_p_TCGA_b139_154_155_SNP_N_GenomeWideSNP_6_A12_808598	6	103765470	124431774	12699	0.1546
HELVE_p_TCGA_b139_154_155_SNP_N_GenomeWideSNP_6_A12_808598	6	124435941	124470365	20	0.6944
HELVE_p_TCGA_b139_154_155_SNP_N_GenomeWideSNP_6_A12_808598	6	124470761	134266268	6363	0.1649
HELVE_p_TCGA_b139_154_155_SNP_N_GenomeWideSNP_6_A12_808598	6	134269071	134269632	2	-1.7875
HELVE_p_TCGA_b139_154_155_SNP_N_GenomeWideSNP_6_A12_808598	6	134272072	171051005	25146	0.1486
HELVE_p_TCGA_b139_154_155_SNP_N_GenomeWideSNP_6_A12_808598	7	43355	19492735	13864	0.2354
HELVE_p_TCGA_b139_154_155_SNP_N_GenomeWideSNP_6_A12_808598	7	19493805	19496496	3	-0.7634
HELVE_p_TCGA_b139_154_155_SNP_N_GenomeWideSNP_6_A12_808598	7	19496900	54380373	24695	0.2196
HELVE_p_TCGA_b139_154_155_SNP_N_GenomeWideSNP_6_A12_808598	7	54386505	54386517	6	-1.7086
HELVE_p_TCGA_b139_154_155_SNP_N_GenomeWideSNP_6_A12_808598	7	54393488	133737030	43546	0.214
HELVE_p_TCGA_b139_154_155_SNP_N_GenomeWideSNP_6_A12_808598	7	133737549	133785177	38	-0.5165
HELVE_p_TCGA_b139_154_155_SNP_N_GenomeWideSNP_6_A12_808598	7	133785195	133790443	24	-1.886
HELVE_p_TCGA_b139_154_155_SNP_N_GenomeWideSNP_6_A12_808598	7	133795634	133852714	47	-0.6356
HELVE_p_TCGA_b139_154_155_SNP_N_GenomeWideSNP_6_A12_808598	7	133856678	135205568	1006	0.199
HELVE_p_TCGA_b139_154_155_SNP_N_GenomeWideSNP_6_A12_808598	7	135213668	135217793	7	-0.8025
HELVE_p_TCGA_b139_154_155_SNP_N_GenomeWideSNP_6_A12_808598	7	135218647	142474939	4642	0.2199
HELVE_p_TCGA_b139_154_155_SNP_N_GenomeWideSNP_6_A12_808598	7	142476719	142479665	7	-3.498
HELVE_p_TCGA_b139_154_155_SNP_N_GenomeWideSNP_6_A12_808598	7	142479722	142485699	15	-1.4648
HELVE_p_TCGA_b139_154_155_SNP_N_GenomeWideSNP_6_A12_808598	7	142485771	142486045	5	-3.1282
HELVE_p_TCGA_b139_154_155_SNP_N_GenomeWideSNP_6_A12_808598	7	142486115	143217246	467	0.2317
HELVE_p_TCGA_b139_154_155_SNP_N_GenomeWideSNP_6_A12_808598	7	143218408	143532998	93	0.5711
HELVE_p_TCGA_b139_154_155_SNP_N_GenomeWideSNP_6_A12_808598	7	143543851	143977392	302	0.2505
HELVE_p_TCGA_b139_154_155_SNP_N_GenomeWideSNP_6_A12_808598	7	143992530	144017309	10	0.7819
HELVE_p_TCGA_b139_154_155_SNP_N_GenomeWideSNP_6_A12_808598	7	144023399	146222177	1331	0.2016
HELVE_p_TCGA_b139_154_155_SNP_N_GenomeWideSNP_6_A12_808598	7	146222283	146222865	2	-1.512
HELVE_p_TCGA_b139_154_155_SNP_N_GenomeWideSNP_6_A12_808598	7	146226431	159127004	8373	0.2167
HELVE_p_TCGA_b139_154_155_SNP_N_GenomeWideSNP_6_A12_808598	8	31254	5118515	5464	-0.5807
HELVE_p_TCGA_b139_154_155_SNP_N_GenomeWideSNP_6_A12_808598	8	5119564	5120477	3	-2.6809
HELVE_p_TCGA_b139_154_155_SNP_N_GenomeWideSNP_6_A12_808598	8	5120503	24972187	16297	-0.57
HELVE_p_TCGA_b139_154_155_SNP_N_GenomeWideSNP_6_A12_808598	8	24974443	24984250	26	0.1901
HELVE_p_TCGA_b139_154_155_SNP_N_GenomeWideSNP_6_A12_808598	8	24984333	33443076	5873	-0.5687
HELVE_p_TCGA_b139_154_155_SNP_N_GenomeWideSNP_6_A12_808598	8	33446219	37236826	2154	0.3616
HELVE_p_TCGA_b139_154_155_SNP_N_GenomeWideSNP_6_A12_808598	8	37236933	37469921	134	0.7023
HELVE_p_TCGA_b139_154_155_SNP_N_GenomeWideSNP_6_A12_808598	8	37469998	49581639	4629	0.431
HELVE_p_TCGA_b139_154_155_SNP_N_GenomeWideSNP_6_A12_808598	8	49583814	49585277	4	-0.7565
HELVE_p_TCGA_b139_154_155_SNP_N_GenomeWideSNP_6_A12_808598	8	49587734	85257989	22164	0.418
HELVE_p_TCGA_b139_154_155_SNP_N_GenomeWideSNP_6_A12_808598	8	85262883	85268666	19	-0.5229
HELVE_p_TCGA_b139_154_155_SNP_N_GenomeWideSNP_6_A12_808598	8	85270682	104357507	11399	0.4356
HELVE_p_TCGA_b139_154_155_SNP_N_GenomeWideSNP_6_A12_808598	8	104357947	104365362	19	-0.4027
HELVE_p_TCGA_b139_154_155_SNP_N_GenomeWideSNP_6_A12_808598	8	104366521	112294646	4723	0.4235
HELVE_p_TCGA_b139_154_155_SNP_N_GenomeWideSNP_6_A12_808598	8	112294670	112295260	6	-2.0183
HELVE_p_TCGA_b139_154_155_SNP_N_GenomeWideSNP_6_A12_808598	8	112300281	127884648	10241	0.4105
HELVE_p_TCGA_b139_154_155_SNP_N_GenomeWideSNP_6_A12_808598	8	127884651	127887040	2	-1.4807
HELVE_p_TCGA_b139_154_155_SNP_N_GenomeWideSNP_6_A12_808598	8	127890372	143128774	11548	0.4383
HELVE_p_TCGA_b139_154_155_SNP_N_GenomeWideSNP_6_A12_808598	8	143128775	143148811	13	-0.0714
HELVE_p_TCGA_b139_154_155_SNP_N_GenomeWideSNP_6_A12_808598	8	143149330	146298155	1124	0.4547
HELVE_p_TCGA_b139_154_155_SNP_N_GenomeWideSNP_6_A12_808598	9	46587	12554019	11712	0.1534
HELVE_p_TCGA_b139_154_155_SNP_N_GenomeWideSNP_6_A12_808598	9	12554856	12556594	2	-1.5544
HELVE_p_TCGA_b139_154_155_SNP_N_GenomeWideSNP_6_A12_808598	9	12561676	23361805	8736	0.1584
HELVE_p_TCGA_b139_154_155_SNP_N_GenomeWideSNP_6_A12_808598	9	23363115	23372399	7	1.2726
HELVE_p_TCGA_b139_154_155_SNP_N_GenomeWideSNP_6_A12_808598	9	23373484	24863948	1081	0.1385
HELVE_p_TCGA_b139_154_155_SNP_N_GenomeWideSNP_6_A12_808598	9	24864508	24864646	2	-1.2376
HELVE_p_TCGA_b139_154_155_SNP_N_GenomeWideSNP_6_A12_808598	9	24866097	29958667	3880	0.1485
HELVE_p_TCGA_b139_154_155_SNP_N_GenomeWideSNP_6_A12_808598	9	29958816	29959517	2	-2.292
HELVE_p_TCGA_b139_154_155_SNP_N_GenomeWideSNP_6_A12_808598	9	29959547	44629223	6042	0.1579
HELVE_p_TCGA_b139_154_155_SNP_N_GenomeWideSNP_6_A12_808598	9	44727859	44855737	36	-0.8041
HELVE_p_TCGA_b139_154_155_SNP_N_GenomeWideSNP_6_A12_808598	9	44866028	69977957	372	0.0755
HELVE_p_TCGA_b139_154_155_SNP_N_GenomeWideSNP_6_A12_808598	9	69977995	73638538	2104	-0.2006
HELVE_p_TCGA_b139_154_155_SNP_N_GenomeWideSNP_6_A12_808598	9	73639449	73641434	3	-1.633
HELVE_p_TCGA_b139_154_155_SNP_N_GenomeWideSNP_6_A12_808598	9	73641640	113024442	27861	-0.2026
HELVE_p_TCGA_b139_154_155_SNP_N_GenomeWideSNP_6_A12_808598	9	113024789	113028169	2	-2.4981
HELVE_p_TCGA_b139_154_155_SNP_N_GenomeWideSNP_6_A12_808598	9	113032431	141091394	18036	-0.2011
HELVE_p_TCGA_b139_154_155_SNP_N_GenomeWideSNP_6_A12_808598	10	72759	16467242	13794	-0.075
HELVE_p_TCGA_b139_154_155_SNP_N_GenomeWideSNP_6_A12_808598	10	16470893	16470933	2	-2.3749
HELVE_p_TCGA_b139_154_155_SNP_N_GenomeWideSNP_6_A12_808598	10	16476271	44806054	16781	-0.0724
HELVE_p_TCGA_b139_154_155_SNP_N_GenomeWideSNP_6_A12_808598	10	44809197	44810629	6	-1.4849
HELVE_p_TCGA_b139_154_155_SNP_N_GenomeWideSNP_6_A12_808598	10	44811095	47094305	1110	-0.0534
HELVE_p_TCGA_b139_154_155_SNP_N_GenomeWideSNP_6_A12_808598	10	47094644	47107644	13	0.5858
HELVE_p_TCGA_b139_154_155_SNP_N_GenomeWideSNP_6_A12_808598	10	47109438	47419711	35	0.0543
HELVE_p_TCGA_b139_154_155_SNP_N_GenomeWideSNP_6_A12_808598	10	47541189	47704605	185	0.433
HELVE_p_TCGA_b139_154_155_SNP_N_GenomeWideSNP_6_A12_808598	10	47704621	48730698	300	-0.1523
HELVE_p_TCGA_b139_154_155_SNP_N_GenomeWideSNP_6_A12_808598	10	48736766	49082219	16	0.4753
HELVE_p_TCGA_b139_154_155_SNP_N_GenomeWideSNP_6_A12_808598	10	49082570	67307936	12480	-0.1063
HELVE_p_TCGA_b139_154_155_SNP_N_GenomeWideSNP_6_A12_808598	10	67307951	67314430	25	0.3394
HELVE_p_TCGA_b139_154_155_SNP_N_GenomeWideSNP_6_A12_808598	10	67314446	96497896	19331	-0.1044
HELVE_p_TCGA_b139_154_155_SNP_N_GenomeWideSNP_6_A12_808598	10	96501742	96546547	17	-0.8891
HELVE_p_TCGA_b139_154_155_SNP_N_GenomeWideSNP_6_A12_808598	10	96548785	119555062	15246	-0.1005
HELVE_p_TCGA_b139_154_155_SNP_N_GenomeWideSNP_6_A12_808598	10	119561758	119564202	2	-2.2061
HELVE_p_TCGA_b139_154_155_SNP_N_GenomeWideSNP_6_A12_808598	10	119565538	135506704	11678	-0.12
HELVE_p_TCGA_b139_154_155_SNP_N_GenomeWideSNP_6_A12_808598	11	198510	4968117	2476	0.078
HELVE_p_TCGA_b139_154_155_SNP_N_GenomeWideSNP_6_A12_808598	11	4968510	4976272	30	-1.4837
HELVE_p_TCGA_b139_154_155_SNP_N_GenomeWideSNP_6_A12_808598	11	4976334	5789741	800	0.0519
HELVE_p_TCGA_b139_154_155_SNP_N_GenomeWideSNP_6_A12_808598	11	5789869	5809048	26	0.5726
HELVE_p_TCGA_b139_154_155_SNP_N_GenomeWideSNP_6_A12_808598	11	5809139	55376654	31325	0.0605
HELVE_p_TCGA_b139_154_155_SNP_N_GenomeWideSNP_6_A12_808598	11	55376662	55452977	46	0.6911
HELVE_p_TCGA_b139_154_155_SNP_N_GenomeWideSNP_6_A12_808598	11	55453009	79967513	13293	0.0726
HELVE_p_TCGA_b139_154_155_SNP_N_GenomeWideSNP_6_A12_808598	11	79967548	79967564	2	-2.5065
HELVE_p_TCGA_b139_154_155_SNP_N_GenomeWideSNP_6_A12_808598	11	79967686	89696093	6643	0.0728
HELVE_p_TCGA_b139_154_155_SNP_N_GenomeWideSNP_6_A12_808598	11	89699504	89832041	11	-0.5605
HELVE_p_TCGA_b139_154_155_SNP_N_GenomeWideSNP_6_A12_808598	11	89832068	91822943	1398	0.0404
HELVE_p_TCGA_b139_154_155_SNP_N_GenomeWideSNP_6_A12_808598	11	91823650	91823655	6	-1.3726
HELVE_p_TCGA_b139_154_155_SNP_N_GenomeWideSNP_6_A12_808598	11	91823997	134944770	31036	0.0607
HELVE_p_TCGA_b139_154_155_SNP_N_GenomeWideSNP_6_A12_808598	12	150442	9630556	6198	-0.0946
HELVE_p_TCGA_b139_154_155_SNP_N_GenomeWideSNP_6_A12_808598	12	9633870	9728292	25	-1.2966
HELVE_p_TCGA_b139_154_155_SNP_N_GenomeWideSNP_6_A12_808598	12	9734969	11215372	1040	-0.0782
HELVE_p_TCGA_b139_154_155_SNP_N_GenomeWideSNP_6_A12_808598	12	11216849	11241532	14	-1.2314
HELVE_p_TCGA_b139_154_155_SNP_N_GenomeWideSNP_6_A12_808598	12	11251874	11511578	134	-0.0509
HELVE_p_TCGA_b139_154_155_SNP_N_GenomeWideSNP_6_A12_808598	12	11512492	11543406	29	-1.2715
HELVE_p_TCGA_b139_154_155_SNP_N_GenomeWideSNP_6_A12_808598	12	11552192	33386757	15488	-0.0906
HELVE_p_TCGA_b139_154_155_SNP_N_GenomeWideSNP_6_A12_808598	12	33388829	33395142	4	-1.3146
HELVE_p_TCGA_b139_154_155_SNP_N_GenomeWideSNP_6_A12_808598	12	33395418	34256892	541	-0.0794
HELVE_p_TCGA_b139_154_155_SNP_N_GenomeWideSNP_6_A12_808598	12	34256972	34275406	9	-1.2677
HELVE_p_TCGA_b139_154_155_SNP_N_GenomeWideSNP_6_A12_808598	12	34275794	121913056	53490	-0.0873
HELVE_p_TCGA_b139_154_155_SNP_N_GenomeWideSNP_6_A12_808598	12	121914242	121914808	2	-1.9515
HELVE_p_TCGA_b139_154_155_SNP_N_GenomeWideSNP_6_A12_808598	12	121917890	132120715	7445	-0.1069
HELVE_p_TCGA_b139_154_155_SNP_N_GenomeWideSNP_6_A12_808598	12	132132584	132133335	13	-1.0277
HELVE_p_TCGA_b139_154_155_SNP_N_GenomeWideSNP_6_A12_808598	12	132142331	133778189	572	-0.0974
HELVE_p_TCGA_b139_154_155_SNP_N_GenomeWideSNP_6_A12_808598	13	19026949	26965381	5389	0.4945
HELVE_p_TCGA_b139_154_155_SNP_N_GenomeWideSNP_6_A12_808598	13	26968750	29998588	2334	1.683
HELVE_p_TCGA_b139_154_155_SNP_N_GenomeWideSNP_6_A12_808598	13	29999138	34822819	3638	0.4525
HELVE_p_TCGA_b139_154_155_SNP_N_GenomeWideSNP_6_A12_808598	13	34822834	34825779	2	-0.9439
HELVE_p_TCGA_b139_154_155_SNP_N_GenomeWideSNP_6_A12_808598	13	34825926	35634165	538	0.364
HELVE_p_TCGA_b139_154_155_SNP_N_GenomeWideSNP_6_A12_808598	13	35634598	36311118	377	0.7147
HELVE_p_TCGA_b139_154_155_SNP_N_GenomeWideSNP_6_A12_808598	13	36314722	39052811	1995	0.375
HELVE_p_TCGA_b139_154_155_SNP_N_GenomeWideSNP_6_A12_808598	13	39057572	39058056	2	-2.0048
HELVE_p_TCGA_b139_154_155_SNP_N_GenomeWideSNP_6_A12_808598	13	39065057	72476988	20862	0.3787
HELVE_p_TCGA_b139_154_155_SNP_N_GenomeWideSNP_6_A12_808598	13	72477555	72480556	4	-1.4368
HELVE_p_TCGA_b139_154_155_SNP_N_GenomeWideSNP_6_A12_808598	13	72480605	91664054	12378	0.382
HELVE_p_TCGA_b139_154_155_SNP_N_GenomeWideSNP_6_A12_808598	13	91667999	92133941	316	0.7556
HELVE_p_TCGA_b139_154_155_SNP_N_GenomeWideSNP_6_A12_808598	13	92134219	105274968	9421	0.3887
HELVE_p_TCGA_b139_154_155_SNP_N_GenomeWideSNP_6_A12_808598	13	105279219	105318572	33	1.7404
HELVE_p_TCGA_b139_154_155_SNP_N_GenomeWideSNP_6_A12_808598	13	105318905	115108397	6986	0.4047
HELVE_p_TCGA_b139_154_155_SNP_N_GenomeWideSNP_6_A12_808598	14	19002124	20481577	226	0.1663
HELVE_p_TCGA_b139_154_155_SNP_N_GenomeWideSNP_6_A12_808598	14	20482919	20484091	4	-0.838
HELVE_p_TCGA_b139_154_155_SNP_N_GenomeWideSNP_6_A12_808598	14	20487107	106547314	54905	1e-04
HELVE_p_TCGA_b139_154_155_SNP_N_GenomeWideSNP_6_A12_808598	14	106547507	106561441	9	-2.2834
HELVE_p_TCGA_b139_154_155_SNP_N_GenomeWideSNP_6_A12_808598	14	106567100	106777343	102	0.0855
HELVE_p_TCGA_b139_154_155_SNP_N_GenomeWideSNP_6_A12_808598	14	106783044	106821736	12	1.2144
HELVE_p_TCGA_b139_154_155_SNP_N_GenomeWideSNP_6_A12_808598	14	106825916	107285437	304	0.0172
HELVE_p_TCGA_b139_154_155_SNP_N_GenomeWideSNP_6_A12_808598	15	20016328	20206939	48	-0.0739
HELVE_p_TCGA_b139_154_155_SNP_N_GenomeWideSNP_6_A12_808598	15	20216955	20581564	57	-0.4354
HELVE_p_TCGA_b139_154_155_SNP_N_GenomeWideSNP_6_A12_808598	15	20585988	20586483	5	-2.2607
HELVE_p_TCGA_b139_154_155_SNP_N_GenomeWideSNP_6_A12_808598	15	20586659	22681250	315	-0.3756
HELVE_p_TCGA_b139_154_155_SNP_N_GenomeWideSNP_6_A12_808598	15	22751094	102469040	51601	-0.0941
HELVE_p_TCGA_b139_154_155_SNP_N_GenomeWideSNP_6_A12_808598	16	60777	15048768	11132	0.2095
HELVE_p_TCGA_b139_154_155_SNP_N_GenomeWideSNP_6_A12_808598	16	15048844	15134825	70	-0.0338
HELVE_p_TCGA_b139_154_155_SNP_N_GenomeWideSNP_6_A12_808598	16	15135943	90287535	41219	0.2114
HELVE_p_TCGA_b139_154_155_SNP_N_GenomeWideSNP_6_A12_808598	17	526	18319862	11430	-0.2254
HELVE_p_TCGA_b139_154_155_SNP_N_GenomeWideSNP_6_A12_808598	17	18355392	18443622	23	-1.4936
HELVE_p_TCGA_b139_154_155_SNP_N_GenomeWideSNP_6_A12_808598	17	18443677	39421708	9489	-0.216
HELVE_p_TCGA_b139_154_155_SNP_N_GenomeWideSNP_6_A12_808598	17	39423014	39423305	10	1.7768
HELVE_p_TCGA_b139_154_155_SNP_N_GenomeWideSNP_6_A12_808598	17	39423320	39430157	10	0.5776
HELVE_p_TCGA_b139_154_155_SNP_N_GenomeWideSNP_6_A12_808598	17	39430173	39430531	4	2.0263
HELVE_p_TCGA_b139_154_155_SNP_N_GenomeWideSNP_6_A12_808598	17	39432724	43195205	2001	-0.2122
HELVE_p_TCGA_b139_154_155_SNP_N_GenomeWideSNP_6_A12_808598	17	43195663	44195363	533	0.0548
HELVE_p_TCGA_b139_154_155_SNP_N_GenomeWideSNP_6_A12_808598	17	44195725	44784678	155	-0.3602
HELVE_p_TCGA_b139_154_155_SNP_N_GenomeWideSNP_6_A12_808598	17	44784982	49480306	2450	0.0659
HELVE_p_TCGA_b139_154_155_SNP_N_GenomeWideSNP_6_A12_808598	17	49481250	49481258	2	-1.8212
HELVE_p_TCGA_b139_154_155_SNP_N_GenomeWideSNP_6_A12_808598	17	49482110	54159044	3358	0.0572
HELVE_p_TCGA_b139_154_155_SNP_N_GenomeWideSNP_6_A12_808598	17	54160914	54172591	26	-1.6527
HELVE_p_TCGA_b139_154_155_SNP_N_GenomeWideSNP_6_A12_808598	17	54172823	55687489	1175	0.0751
HELVE_p_TCGA_b139_154_155_SNP_N_GenomeWideSNP_6_A12_808598	17	55688333	55688993	2	-1.3828
HELVE_p_TCGA_b139_154_155_SNP_N_GenomeWideSNP_6_A12_808598	17	55691993	59115393	1724	0.0816
HELVE_p_TCGA_b139_154_155_SNP_N_GenomeWideSNP_6_A12_808598	17	59117592	59128740	5	-0.996
HELVE_p_TCGA_b139_154_155_SNP_N_GenomeWideSNP_6_A12_808598	17	59129826	81049726	12869	0.0648
HELVE_p_TCGA_b139_154_155_SNP_N_GenomeWideSNP_6_A12_808598	18	11543	1767891	1208	-0.296
HELVE_p_TCGA_b139_154_155_SNP_N_GenomeWideSNP_6_A12_808598	18	1770403	1770455	2	1.52
HELVE_p_TCGA_b139_154_155_SNP_N_GenomeWideSNP_6_A12_808598	18	1772073	65603769	40433	-0.3056
HELVE_p_TCGA_b139_154_155_SNP_N_GenomeWideSNP_6_A12_808598	18	65605709	65618598	11	-2.192
HELVE_p_TCGA_b139_154_155_SNP_N_GenomeWideSNP_6_A12_808598	18	65619133	69088692	2527	-0.2857
HELVE_p_TCGA_b139_154_155_SNP_N_GenomeWideSNP_6_A12_808598	18	69091327	69191421	99	-0.9201
HELVE_p_TCGA_b139_154_155_SNP_N_GenomeWideSNP_6_A12_808598	18	69202558	78015057	6455	-0.3127
HELVE_p_TCGA_b139_154_155_SNP_N_GenomeWideSNP_6_A12_808598	19	90910	35849221	16809	-0.0869
HELVE_p_TCGA_b139_154_155_SNP_N_GenomeWideSNP_6_A12_808598	19	35849309	35861779	23	-0.4913
HELVE_p_TCGA_b139_154_155_SNP_N_GenomeWideSNP_6_A12_808598	19	35861848	43697333	3921	-0.0769
HELVE_p_TCGA_b139_154_155_SNP_N_GenomeWideSNP_6_A12_808598	19	43703033	43734410	15	-0.782
HELVE_p_TCGA_b139_154_155_SNP_N_GenomeWideSNP_6_A12_808598	19	43735745	52131636	4169	-0.0751
HELVE_p_TCGA_b139_154_155_SNP_N_GenomeWideSNP_6_A12_808598	19	52131733	52148197	15	-0.9027
HELVE_p_TCGA_b139_154_155_SNP_N_GenomeWideSNP_6_A12_808598	19	52154905	59097854	4384	-0.0977
HELVE_p_TCGA_b139_154_155_SNP_N_GenomeWideSNP_6_A12_808598	20	61305	65557	18	0.0991
HELVE_p_TCGA_b139_154_155_SNP_N_GenomeWideSNP_6_A12_808598	20	69283	1547800	1159	-0.3171
HELVE_p_TCGA_b139_154_155_SNP_N_GenomeWideSNP_6_A12_808598	20	1547885	1552457	7	0.0497
HELVE_p_TCGA_b139_154_155_SNP_N_GenomeWideSNP_6_A12_808598	20	1552503	1560999	21	-1.1029
HELVE_p_TCGA_b139_154_155_SNP_N_GenomeWideSNP_6_A12_808598	20	1561580	1598336	44	0.5779
HELVE_p_TCGA_b139_154_155_SNP_N_GenomeWideSNP_6_A12_808598	20	1599002	21597778	15593	-0.3078
HELVE_p_TCGA_b139_154_155_SNP_N_GenomeWideSNP_6_A12_808598	20	21601123	29420553	3196	0.4964
HELVE_p_TCGA_b139_154_155_SNP_N_GenomeWideSNP_6_A12_808598	20	29428523	29493853	18	-0.4317
HELVE_p_TCGA_b139_154_155_SNP_N_GenomeWideSNP_6_A12_808598	20	29498271	39426134	5462	0.5988
HELVE_p_TCGA_b139_154_155_SNP_N_GenomeWideSNP_6_A12_808598	20	39428853	39429112	2	-0.8928
HELVE_p_TCGA_b139_154_155_SNP_N_GenomeWideSNP_6_A12_808598	20	39429618	41613071	1693	0.5944
HELVE_p_TCGA_b139_154_155_SNP_N_GenomeWideSNP_6_A12_808598	20	41613226	41616702	3	-1.1948
HELVE_p_TCGA_b139_154_155_SNP_N_GenomeWideSNP_6_A12_808598	20	41617133	62916068	15257	0.6193
HELVE_p_TCGA_b139_154_155_SNP_N_GenomeWideSNP_6_A12_808598	20	62954695	62956153	5	-0.385
HELVE_p_TCGA_b139_154_155_SNP_N_GenomeWideSNP_6_A12_808598	21	10736871	14414137	124	0.2573
HELVE_p_TCGA_b139_154_155_SNP_N_GenomeWideSNP_6_A12_808598	21	14415664	43149896	21210	0.008
HELVE_p_TCGA_b139_154_155_SNP_N_GenomeWideSNP_6_A12_808598	21	43150284	43150474	2	-1.2978
HELVE_p_TCGA_b139_154_155_SNP_N_GenomeWideSNP_6_A12_808598	21	43150588	44968053	1283	0.034
HELVE_p_TCGA_b139_154_155_SNP_N_GenomeWideSNP_6_A12_808598	21	44970873	44972812	2	-2.068
HELVE_p_TCGA_b139_154_155_SNP_N_GenomeWideSNP_6_A12_808598	21	44973667	46022529	537	0.1383
HELVE_p_TCGA_b139_154_155_SNP_N_GenomeWideSNP_6_A12_808598	21	46023573	46023649	2	-1.203
HELVE_p_TCGA_b139_154_155_SNP_N_GenomeWideSNP_6_A12_808598	21	46023668	48096957	1226	0.0554
HELVE_p_TCGA_b139_154_155_SNP_N_GenomeWideSNP_6_A12_808598	22	16052528	22126838	3008	-0.0926
HELVE_p_TCGA_b139_154_155_SNP_N_GenomeWideSNP_6_A12_808598	22	22130539	22131325	3	-1.5226
HELVE_p_TCGA_b139_154_155_SNP_N_GenomeWideSNP_6_A12_808598	22	22138132	23262981	909	-0.05
HELVE_p_TCGA_b139_154_155_SNP_N_GenomeWideSNP_6_A12_808598	22	23263242	23263257	2	-2.2555
HELVE_p_TCGA_b139_154_155_SNP_N_GenomeWideSNP_6_A12_808598	22	23263274	43218291	13657	-0.0873
HELVE_p_TCGA_b139_154_155_SNP_N_GenomeWideSNP_6_A12_808598	22	43223949	43225192	3	-1.5463
HELVE_p_TCGA_b139_154_155_SNP_N_GenomeWideSNP_6_A12_808598	22	43226599	51234455	5967	-0.1076
HELVE_p_TCGA_b139_154_155_SNP_N_GenomeWideSNP_6_A12_808598	X	168477	2666353	95	0.4805
HELVE_p_TCGA_b139_154_155_SNP_N_GenomeWideSNP_6_A12_808598	X	2703391	62410402	33563	0.0055
HELVE_p_TCGA_b139_154_155_SNP_N_GenomeWideSNP_6_A12_808598	X	62410459	62457637	10	0.7535
HELVE_p_TCGA_b139_154_155_SNP_N_GenomeWideSNP_6_A12_808598	X	62470452	62478259	9	1.6919
HELVE_p_TCGA_b139_154_155_SNP_N_GenomeWideSNP_6_A12_808598	X	62480899	62517469	14	0.8487
HELVE_p_TCGA_b139_154_155_SNP_N_GenomeWideSNP_6_A12_808598	X	62522282	89693824	13311	0.0134
HELVE_p_TCGA_b139_154_155_SNP_N_GenomeWideSNP_6_A12_808598	X	89699899	90136338	134	0.301
HELVE_p_TCGA_b139_154_155_SNP_N_GenomeWideSNP_6_A12_808598	X	90137138	140401241	28033	0.0328
HELVE_p_TCGA_b139_154_155_SNP_N_GenomeWideSNP_6_A12_808598	X	140401585	140402562	2	-3.492
HELVE_p_TCGA_b139_154_155_SNP_N_GenomeWideSNP_6_A12_808598	X	140402696	155182354	9026	-0.0581
HELVE_p_TCGA_b139_154_155_SNP_N_GenomeWideSNP_6_A12_808598	Y	2650438	59018259	8623	-1.6687
