Sample	Chromosome	Start	End	Num_Probes	Segment_Mean
USAGE_p_TCGA_132_133_136_SNP_N_GenomeWideSNP_6_C11_787508	1	61735	85936	12	-0.1888
USAGE_p_TCGA_132_133_136_SNP_N_GenomeWideSNP_6_C11_787508	1	85998	86341	3	-1.3964
USAGE_p_TCGA_132_133_136_SNP_N_GenomeWideSNP_6_C11_787508	1	98588	25583341	14154	0.0929
USAGE_p_TCGA_132_133_136_SNP_N_GenomeWideSNP_6_C11_787508	1	25593128	25662005	30	0.751
USAGE_p_TCGA_132_133_136_SNP_N_GenomeWideSNP_6_C11_787508	1	25662212	51566271	14110	0.0973
USAGE_p_TCGA_132_133_136_SNP_N_GenomeWideSNP_6_C11_787508	1	51569163	72768916	14743	-0.3973
USAGE_p_TCGA_132_133_136_SNP_N_GenomeWideSNP_6_C11_787508	1	72768936	72811133	44	-1.1517
USAGE_p_TCGA_132_133_136_SNP_N_GenomeWideSNP_6_C11_787508	1	72811148	74323064	915	-0.3951
USAGE_p_TCGA_132_133_136_SNP_N_GenomeWideSNP_6_C11_787508	1	74323287	76210524	1124	-1.1933
USAGE_p_TCGA_132_133_136_SNP_N_GenomeWideSNP_6_C11_787508	1	76210729	82280518	4076	-0.3987
USAGE_p_TCGA_132_133_136_SNP_N_GenomeWideSNP_6_C11_787508	1	82284706	106012754	14911	0.1008
USAGE_p_TCGA_132_133_136_SNP_N_GenomeWideSNP_6_C11_787508	1	106013376	106022375	18	0.907
USAGE_p_TCGA_132_133_136_SNP_N_GenomeWideSNP_6_C11_787508	1	106024055	108729284	1943	0.1016
USAGE_p_TCGA_132_133_136_SNP_N_GenomeWideSNP_6_C11_787508	1	108729759	108737496	4	-1.1776
USAGE_p_TCGA_132_133_136_SNP_N_GenomeWideSNP_6_C11_787508	1	108739104	110225920	714	0.0983
USAGE_p_TCGA_132_133_136_SNP_N_GenomeWideSNP_6_C11_787508	1	110225965	110240178	28	-0.3103
USAGE_p_TCGA_132_133_136_SNP_N_GenomeWideSNP_6_C11_787508	1	110242953	112690326	1956	0.1072
USAGE_p_TCGA_132_133_136_SNP_N_GenomeWideSNP_6_C11_787508	1	112695965	112697241	23	-1.6485
USAGE_p_TCGA_132_133_136_SNP_N_GenomeWideSNP_6_C11_787508	1	112697376	112706205	13	-0.307
USAGE_p_TCGA_132_133_136_SNP_N_GenomeWideSNP_6_C11_787508	1	112706213	120527361	5047	0.094
USAGE_p_TCGA_132_133_136_SNP_N_GenomeWideSNP_6_C11_787508	1	120527395	120592874	13	-0.3779
USAGE_p_TCGA_132_133_136_SNP_N_GenomeWideSNP_6_C11_787508	1	120607154	199578666	34594	0.0927
USAGE_p_TCGA_132_133_136_SNP_N_GenomeWideSNP_6_C11_787508	1	199582237	221578009	15071	-0.425
USAGE_p_TCGA_132_133_136_SNP_N_GenomeWideSNP_6_C11_787508	1	221578474	221580058	2	-2.485
USAGE_p_TCGA_132_133_136_SNP_N_GenomeWideSNP_6_C11_787508	1	221580405	223301166	1097	-0.4488
USAGE_p_TCGA_132_133_136_SNP_N_GenomeWideSNP_6_C11_787508	1	223305227	227425301	2598	0.0936
USAGE_p_TCGA_132_133_136_SNP_N_GenomeWideSNP_6_C11_787508	1	227426072	227426406	3	-1.4389
USAGE_p_TCGA_132_133_136_SNP_N_GenomeWideSNP_6_C11_787508	1	227429178	229811169	1378	0.0908
USAGE_p_TCGA_132_133_136_SNP_N_GenomeWideSNP_6_C11_787508	1	229816856	229820196	3	-1.1824
USAGE_p_TCGA_132_133_136_SNP_N_GenomeWideSNP_6_C11_787508	1	229820456	235273194	4245	0.0963
USAGE_p_TCGA_132_133_136_SNP_N_GenomeWideSNP_6_C11_787508	1	235273943	236203280	484	-0.4243
USAGE_p_TCGA_132_133_136_SNP_N_GenomeWideSNP_6_C11_787508	1	236205121	240391740	3399	0.0795
USAGE_p_TCGA_132_133_136_SNP_N_GenomeWideSNP_6_C11_787508	1	240394015	240394139	6	-1.2693
USAGE_p_TCGA_132_133_136_SNP_N_GenomeWideSNP_6_C11_787508	1	240396105	242757767	1849	0.0882
USAGE_p_TCGA_132_133_136_SNP_N_GenomeWideSNP_6_C11_787508	1	242757972	242758533	2	-1.8003
USAGE_p_TCGA_132_133_136_SNP_N_GenomeWideSNP_6_C11_787508	1	242761117	249224388	4085	0.0953
USAGE_p_TCGA_132_133_136_SNP_N_GenomeWideSNP_6_C11_787508	2	12784	34711390	24143	0.441
USAGE_p_TCGA_132_133_136_SNP_N_GenomeWideSNP_6_C11_787508	2	34711474	34737556	32	0.7966
USAGE_p_TCGA_132_133_136_SNP_N_GenomeWideSNP_6_C11_787508	2	34738032	35967123	873	0.4272
USAGE_p_TCGA_132_133_136_SNP_N_GenomeWideSNP_6_C11_787508	2	35967385	35977941	5	1.2648
USAGE_p_TCGA_132_133_136_SNP_N_GenomeWideSNP_6_C11_787508	2	35984629	36335595	278	0.4526
USAGE_p_TCGA_132_133_136_SNP_N_GenomeWideSNP_6_C11_787508	2	36335596	36335606	7	-0.1854
USAGE_p_TCGA_132_133_136_SNP_N_GenomeWideSNP_6_C11_787508	2	36336619	42445808	4702	0.4482
USAGE_p_TCGA_132_133_136_SNP_N_GenomeWideSNP_6_C11_787508	2	42447357	42452613	6	-0.26
USAGE_p_TCGA_132_133_136_SNP_N_GenomeWideSNP_6_C11_787508	2	42454185	52265663	6862	0.434
USAGE_p_TCGA_132_133_136_SNP_N_GenomeWideSNP_6_C11_787508	2	52266907	52273900	2	-0.7387
USAGE_p_TCGA_132_133_136_SNP_N_GenomeWideSNP_6_C11_787508	2	52274829	52743925	315	0.4476
USAGE_p_TCGA_132_133_136_SNP_N_GenomeWideSNP_6_C11_787508	2	52754468	52781295	32	0.8046
USAGE_p_TCGA_132_133_136_SNP_N_GenomeWideSNP_6_C11_787508	2	52781326	55627639	2178	0.4543
USAGE_p_TCGA_132_133_136_SNP_N_GenomeWideSNP_6_C11_787508	2	55627771	55627913	2	2.0486
USAGE_p_TCGA_132_133_136_SNP_N_GenomeWideSNP_6_C11_787508	2	55632245	76629299	13233	0.4274
USAGE_p_TCGA_132_133_136_SNP_N_GenomeWideSNP_6_C11_787508	2	76630436	86937687	6545	0.0796
USAGE_p_TCGA_132_133_136_SNP_N_GenomeWideSNP_6_C11_787508	2	86953070	86953854	2	-1.5335
USAGE_p_TCGA_132_133_136_SNP_N_GenomeWideSNP_6_C11_787508	2	86970406	87120902	61	0.0264
USAGE_p_TCGA_132_133_136_SNP_N_GenomeWideSNP_6_C11_787508	2	87123751	87309263	17	0.4504
USAGE_p_TCGA_132_133_136_SNP_N_GenomeWideSNP_6_C11_787508	2	87309834	89604933	859	0.0577
USAGE_p_TCGA_132_133_136_SNP_N_GenomeWideSNP_6_C11_787508	2	89614410	91787788	199	-0.3766
USAGE_p_TCGA_132_133_136_SNP_N_GenomeWideSNP_6_C11_787508	2	91788512	110848030	8742	0.07
USAGE_p_TCGA_132_133_136_SNP_N_GenomeWideSNP_6_C11_787508	2	110854735	111169128	81	0.728
USAGE_p_TCGA_132_133_136_SNP_N_GenomeWideSNP_6_C11_787508	2	111388632	129638078	11244	0.0733
USAGE_p_TCGA_132_133_136_SNP_N_GenomeWideSNP_6_C11_787508	2	129638478	129640315	15	-1.0817
USAGE_p_TCGA_132_133_136_SNP_N_GenomeWideSNP_6_C11_787508	2	129640329	146864429	10491	0.0693
USAGE_p_TCGA_132_133_136_SNP_N_GenomeWideSNP_6_C11_787508	2	146864443	146878395	24	0.8017
USAGE_p_TCGA_132_133_136_SNP_N_GenomeWideSNP_6_C11_787508	2	146878410	180989224	20974	0.0757
USAGE_p_TCGA_132_133_136_SNP_N_GenomeWideSNP_6_C11_787508	2	180989284	181349557	247	-0.2999
USAGE_p_TCGA_132_133_136_SNP_N_GenomeWideSNP_6_C11_787508	2	181349830	208354955	15786	0.0819
USAGE_p_TCGA_132_133_136_SNP_N_GenomeWideSNP_6_C11_787508	2	208355178	208359336	16	-0.8326
USAGE_p_TCGA_132_133_136_SNP_N_GenomeWideSNP_6_C11_787508	2	208359476	243089456	22158	0.0729
USAGE_p_TCGA_132_133_136_SNP_N_GenomeWideSNP_6_C11_787508	3	60345	6646543	5847	0.1171
USAGE_p_TCGA_132_133_136_SNP_N_GenomeWideSNP_6_C11_787508	3	6651128	6653332	23	-1.03
USAGE_p_TCGA_132_133_136_SNP_N_GenomeWideSNP_6_C11_787508	3	6655078	48469346	28095	0.0943
USAGE_p_TCGA_132_133_136_SNP_N_GenomeWideSNP_6_C11_787508	3	48472086	53031750	1838	-0.4136
USAGE_p_TCGA_132_133_136_SNP_N_GenomeWideSNP_6_C11_787508	3	53031763	53045800	48	-0.139
USAGE_p_TCGA_132_133_136_SNP_N_GenomeWideSNP_6_C11_787508	3	53045816	53946834	591	-0.4188
USAGE_p_TCGA_132_133_136_SNP_N_GenomeWideSNP_6_C11_787508	3	53948098	60178922	4543	0.0998
USAGE_p_TCGA_132_133_136_SNP_N_GenomeWideSNP_6_C11_787508	3	60179459	60219584	40	-0.4015
USAGE_p_TCGA_132_133_136_SNP_N_GenomeWideSNP_6_C11_787508	3	60224011	68746164	6851	0.0956
USAGE_p_TCGA_132_133_136_SNP_N_GenomeWideSNP_6_C11_787508	3	68746259	68747413	14	1.2055
USAGE_p_TCGA_132_133_136_SNP_N_GenomeWideSNP_6_C11_787508	3	68748758	77475131	6023	0.0858
USAGE_p_TCGA_132_133_136_SNP_N_GenomeWideSNP_6_C11_787508	3	77479116	77487274	6	-0.9712
USAGE_p_TCGA_132_133_136_SNP_N_GenomeWideSNP_6_C11_787508	3	77493821	80283655	1592	0.0791
USAGE_p_TCGA_132_133_136_SNP_N_GenomeWideSNP_6_C11_787508	3	80285120	80285793	2	-1.0775
USAGE_p_TCGA_132_133_136_SNP_N_GenomeWideSNP_6_C11_787508	3	80286653	84689134	2318	0.0838
USAGE_p_TCGA_132_133_136_SNP_N_GenomeWideSNP_6_C11_787508	3	84689589	84700381	16	-0.3445
USAGE_p_TCGA_132_133_136_SNP_N_GenomeWideSNP_6_C11_787508	3	84700396	97899419	5404	0.0798
USAGE_p_TCGA_132_133_136_SNP_N_GenomeWideSNP_6_C11_787508	3	97908670	97913425	3	-1.3456
USAGE_p_TCGA_132_133_136_SNP_N_GenomeWideSNP_6_C11_787508	3	97914817	100035499	1251	0.0743
USAGE_p_TCGA_132_133_136_SNP_N_GenomeWideSNP_6_C11_787508	3	100038252	115301990	9234	-0.3974
USAGE_p_TCGA_132_133_136_SNP_N_GenomeWideSNP_6_C11_787508	3	115303814	129763698	8902	0.083
USAGE_p_TCGA_132_133_136_SNP_N_GenomeWideSNP_6_C11_787508	3	129766586	129808555	55	-0.3906
USAGE_p_TCGA_132_133_136_SNP_N_GenomeWideSNP_6_C11_787508	3	129808811	146379189	10402	0.0855
USAGE_p_TCGA_132_133_136_SNP_N_GenomeWideSNP_6_C11_787508	3	146382994	146781057	208	0.7572
USAGE_p_TCGA_132_133_136_SNP_N_GenomeWideSNP_6_C11_787508	3	146784729	162513149	9684	0.0913
USAGE_p_TCGA_132_133_136_SNP_N_GenomeWideSNP_6_C11_787508	3	162513459	162626572	67	0.4142
USAGE_p_TCGA_132_133_136_SNP_N_GenomeWideSNP_6_C11_787508	3	162626603	165203349	1451	0.0844
USAGE_p_TCGA_132_133_136_SNP_N_GenomeWideSNP_6_C11_787508	3	165212504	165257640	23	-0.4186
USAGE_p_TCGA_132_133_136_SNP_N_GenomeWideSNP_6_C11_787508	3	165257667	165282798	27	-0.1364
USAGE_p_TCGA_132_133_136_SNP_N_GenomeWideSNP_6_C11_787508	3	165287746	165289668	9	-0.5838
USAGE_p_TCGA_132_133_136_SNP_N_GenomeWideSNP_6_C11_787508	3	165296194	195284382	19198	0.0924
USAGE_p_TCGA_132_133_136_SNP_N_GenomeWideSNP_6_C11_787508	3	195285664	195446922	30	-0.4389
USAGE_p_TCGA_132_133_136_SNP_N_GenomeWideSNP_6_C11_787508	3	195455508	197582911	1034	0.0794
USAGE_p_TCGA_132_133_136_SNP_N_GenomeWideSNP_6_C11_787508	3	197583371	197588713	3	-1.3668
USAGE_p_TCGA_132_133_136_SNP_N_GenomeWideSNP_6_C11_787508	3	197589241	197896118	156	0.0705
USAGE_p_TCGA_132_133_136_SNP_N_GenomeWideSNP_6_C11_787508	4	12281	66719	58	-0.2921
USAGE_p_TCGA_132_133_136_SNP_N_GenomeWideSNP_6_C11_787508	4	68821	9456977	5192	0.3803
USAGE_p_TCGA_132_133_136_SNP_N_GenomeWideSNP_6_C11_787508	4	9461230	9479035	7	0.6594
USAGE_p_TCGA_132_133_136_SNP_N_GenomeWideSNP_6_C11_787508	4	9479206	9479345	2	2.4307
USAGE_p_TCGA_132_133_136_SNP_N_GenomeWideSNP_6_C11_787508	4	9486087	10210390	545	0.3756
USAGE_p_TCGA_132_133_136_SNP_N_GenomeWideSNP_6_C11_787508	4	10214160	10234266	31	-1.8783
USAGE_p_TCGA_132_133_136_SNP_N_GenomeWideSNP_6_C11_787508	4	10234608	10235268	5	-0.1899
USAGE_p_TCGA_132_133_136_SNP_N_GenomeWideSNP_6_C11_787508	4	10236142	10398459	175	0.385
USAGE_p_TCGA_132_133_136_SNP_N_GenomeWideSNP_6_C11_787508	4	10398611	10402746	14	0.8346
USAGE_p_TCGA_132_133_136_SNP_N_GenomeWideSNP_6_C11_787508	4	10402764	32394074	15458	0.3546
USAGE_p_TCGA_132_133_136_SNP_N_GenomeWideSNP_6_C11_787508	4	32400551	32405314	6	-0.9513
USAGE_p_TCGA_132_133_136_SNP_N_GenomeWideSNP_6_C11_787508	4	32405883	49148922	10366	0.3636
USAGE_p_TCGA_132_133_136_SNP_N_GenomeWideSNP_6_C11_787508	4	49154618	49658223	34	-0.017
USAGE_p_TCGA_132_133_136_SNP_N_GenomeWideSNP_6_C11_787508	4	49658612	69338564	10488	0.3503
USAGE_p_TCGA_132_133_136_SNP_N_GenomeWideSNP_6_C11_787508	4	69344612	69582483	81	-0.0736
USAGE_p_TCGA_132_133_136_SNP_N_GenomeWideSNP_6_C11_787508	4	69591612	70032371	274	0.4456
USAGE_p_TCGA_132_133_136_SNP_N_GenomeWideSNP_6_C11_787508	4	70032800	70057619	9	-0.0963
USAGE_p_TCGA_132_133_136_SNP_N_GenomeWideSNP_6_C11_787508	4	70061861	70120893	31	0.3518
USAGE_p_TCGA_132_133_136_SNP_N_GenomeWideSNP_6_C11_787508	4	70121250	70232022	58	-0.3309
USAGE_p_TCGA_132_133_136_SNP_N_GenomeWideSNP_6_C11_787508	4	70232124	138092103	40670	0.3522
USAGE_p_TCGA_132_133_136_SNP_N_GenomeWideSNP_6_C11_787508	4	138092195	138095121	19	-0.4603
USAGE_p_TCGA_132_133_136_SNP_N_GenomeWideSNP_6_C11_787508	4	138108363	155801932	10850	0.3533
USAGE_p_TCGA_132_133_136_SNP_N_GenomeWideSNP_6_C11_787508	4	155802172	155803199	6	1.0986
USAGE_p_TCGA_132_133_136_SNP_N_GenomeWideSNP_6_C11_787508	4	155803342	156968180	841	0.3299
USAGE_p_TCGA_132_133_136_SNP_N_GenomeWideSNP_6_C11_787508	4	156968283	156968298	2	1.6022
USAGE_p_TCGA_132_133_136_SNP_N_GenomeWideSNP_6_C11_787508	4	156968473	161880445	3086	0.3607
USAGE_p_TCGA_132_133_136_SNP_N_GenomeWideSNP_6_C11_787508	4	161880466	161884908	14	-0.1223
USAGE_p_TCGA_132_133_136_SNP_N_GenomeWideSNP_6_C11_787508	4	161884919	172369346	6681	0.3461
USAGE_p_TCGA_132_133_136_SNP_N_GenomeWideSNP_6_C11_787508	4	172374884	172377710	10	1.9734
USAGE_p_TCGA_132_133_136_SNP_N_GenomeWideSNP_6_C11_787508	4	172377724	173422329	640	0.3387
USAGE_p_TCGA_132_133_136_SNP_N_GenomeWideSNP_6_C11_787508	4	173422341	173428643	9	-0.2801
USAGE_p_TCGA_132_133_136_SNP_N_GenomeWideSNP_6_C11_787508	4	173441132	190543148	11711	0.3583
USAGE_p_TCGA_132_133_136_SNP_N_GenomeWideSNP_6_C11_787508	4	190545359	190651505	36	-0.2788
USAGE_p_TCGA_132_133_136_SNP_N_GenomeWideSNP_6_C11_787508	4	190652412	191027923	149	0.2848
USAGE_p_TCGA_132_133_136_SNP_N_GenomeWideSNP_6_C11_787508	5	15532	5106180	3853	0.0791
USAGE_p_TCGA_132_133_136_SNP_N_GenomeWideSNP_6_C11_787508	5	5108100	5108215	2	-1.6089
USAGE_p_TCGA_132_133_136_SNP_N_GenomeWideSNP_6_C11_787508	5	5110282	15719350	8367	0.1016
USAGE_p_TCGA_132_133_136_SNP_N_GenomeWideSNP_6_C11_787508	5	15720075	15720597	9	-5.0106
USAGE_p_TCGA_132_133_136_SNP_N_GenomeWideSNP_6_C11_787508	5	15723346	27524452	7116	0.0873
USAGE_p_TCGA_132_133_136_SNP_N_GenomeWideSNP_6_C11_787508	5	27525390	27526020	10	-0.5626
USAGE_p_TCGA_132_133_136_SNP_N_GenomeWideSNP_6_C11_787508	5	27527479	46191884	11449	0.0929
USAGE_p_TCGA_132_133_136_SNP_N_GenomeWideSNP_6_C11_787508	5	46195883	46199435	4	-1.4862
USAGE_p_TCGA_132_133_136_SNP_N_GenomeWideSNP_6_C11_787508	5	46209299	46251306	13	0.0843
USAGE_p_TCGA_132_133_136_SNP_N_GenomeWideSNP_6_C11_787508	5	46271008	46273502	8	1.154
USAGE_p_TCGA_132_133_136_SNP_N_GenomeWideSNP_6_C11_787508	5	46278212	46389273	19	0.1258
USAGE_p_TCGA_132_133_136_SNP_N_GenomeWideSNP_6_C11_787508	5	49432831	68846303	12398	-0.4161
USAGE_p_TCGA_132_133_136_SNP_N_GenomeWideSNP_6_C11_787508	5	68867294	70254906	18	0.1346
USAGE_p_TCGA_132_133_136_SNP_N_GenomeWideSNP_6_C11_787508	5	70306659	103472595	19294	-0.4131
USAGE_p_TCGA_132_133_136_SNP_N_GenomeWideSNP_6_C11_787508	5	103480433	103600130	98	-0.9423
USAGE_p_TCGA_132_133_136_SNP_N_GenomeWideSNP_6_C11_787508	5	103604064	106187118	1532	-0.3986
USAGE_p_TCGA_132_133_136_SNP_N_GenomeWideSNP_6_C11_787508	5	106187359	106556246	263	-3.2115
USAGE_p_TCGA_132_133_136_SNP_N_GenomeWideSNP_6_C11_787508	5	106556850	106914307	306	-4.6386
USAGE_p_TCGA_132_133_136_SNP_N_GenomeWideSNP_6_C11_787508	5	106914655	155476920	31520	-0.4294
USAGE_p_TCGA_132_133_136_SNP_N_GenomeWideSNP_6_C11_787508	5	155476998	155482729	12	-1.8801
USAGE_p_TCGA_132_133_136_SNP_N_GenomeWideSNP_6_C11_787508	5	155495250	180535320	16725	-0.4427
USAGE_p_TCGA_132_133_136_SNP_N_GenomeWideSNP_6_C11_787508	5	180536116	180541251	5	-2.0022
USAGE_p_TCGA_132_133_136_SNP_N_GenomeWideSNP_6_C11_787508	5	180543046	180790320	95	-0.4939
USAGE_p_TCGA_132_133_136_SNP_N_GenomeWideSNP_6_C11_787508	6	149661	260376	104	0.0085
USAGE_p_TCGA_132_133_136_SNP_N_GenomeWideSNP_6_C11_787508	6	264756	294837	20	-0.6767
USAGE_p_TCGA_132_133_136_SNP_N_GenomeWideSNP_6_C11_787508	6	302306	3112988	2352	0.0891
USAGE_p_TCGA_132_133_136_SNP_N_GenomeWideSNP_6_C11_787508	6	3118776	5723181	2149	-0.4311
USAGE_p_TCGA_132_133_136_SNP_N_GenomeWideSNP_6_C11_787508	6	5725860	9202617	2783	0.093
USAGE_p_TCGA_132_133_136_SNP_N_GenomeWideSNP_6_C11_787508	6	9205352	9212227	3	-1.1683
USAGE_p_TCGA_132_133_136_SNP_N_GenomeWideSNP_6_C11_787508	6	9212240	19040119	7393	0.0828
USAGE_p_TCGA_132_133_136_SNP_N_GenomeWideSNP_6_C11_787508	6	19042181	19042818	3	-1.5643
USAGE_p_TCGA_132_133_136_SNP_N_GenomeWideSNP_6_C11_787508	6	19044702	25585632	4753	0.0779
USAGE_p_TCGA_132_133_136_SNP_N_GenomeWideSNP_6_C11_787508	6	25585702	34507665	4578	0.7119
USAGE_p_TCGA_132_133_136_SNP_N_GenomeWideSNP_6_C11_787508	6	34507739	35011446	284	0.0982
USAGE_p_TCGA_132_133_136_SNP_N_GenomeWideSNP_6_C11_787508	6	35014416	35066772	24	0.6137
USAGE_p_TCGA_132_133_136_SNP_N_GenomeWideSNP_6_C11_787508	6	35071656	35556153	245	0.0815
USAGE_p_TCGA_132_133_136_SNP_N_GenomeWideSNP_6_C11_787508	6	35558722	35569119	5	0.8165
USAGE_p_TCGA_132_133_136_SNP_N_GenomeWideSNP_6_C11_787508	6	35569281	35608750	15	0.0796
USAGE_p_TCGA_132_133_136_SNP_N_GenomeWideSNP_6_C11_787508	6	35615573	35621921	5	0.9273
USAGE_p_TCGA_132_133_136_SNP_N_GenomeWideSNP_6_C11_787508	6	35622259	35846995	138	0.1074
USAGE_p_TCGA_132_133_136_SNP_N_GenomeWideSNP_6_C11_787508	6	35847241	35942313	40	0.6535
USAGE_p_TCGA_132_133_136_SNP_N_GenomeWideSNP_6_C11_787508	6	35943244	37012636	723	0.0847
USAGE_p_TCGA_132_133_136_SNP_N_GenomeWideSNP_6_C11_787508	6	37016585	37451650	248	0.4336
USAGE_p_TCGA_132_133_136_SNP_N_GenomeWideSNP_6_C11_787508	6	37455602	37456564	4	1.1563
USAGE_p_TCGA_132_133_136_SNP_N_GenomeWideSNP_6_C11_787508	6	37457663	37579330	97	0.4587
USAGE_p_TCGA_132_133_136_SNP_N_GenomeWideSNP_6_C11_787508	6	37584310	39658651	1481	0.8473
USAGE_p_TCGA_132_133_136_SNP_N_GenomeWideSNP_6_C11_787508	6	39659516	39782092	81	0.4259
USAGE_p_TCGA_132_133_136_SNP_N_GenomeWideSNP_6_C11_787508	6	39784616	39999149	177	0.9545
USAGE_p_TCGA_132_133_136_SNP_N_GenomeWideSNP_6_C11_787508	6	40003502	40092331	53	0.4383
USAGE_p_TCGA_132_133_136_SNP_N_GenomeWideSNP_6_C11_787508	6	40095312	40332951	223	1.0678
USAGE_p_TCGA_132_133_136_SNP_N_GenomeWideSNP_6_C11_787508	6	40336597	41195420	674	0.7278
USAGE_p_TCGA_132_133_136_SNP_N_GenomeWideSNP_6_C11_787508	6	41195440	41449124	182	1.2834
USAGE_p_TCGA_132_133_136_SNP_N_GenomeWideSNP_6_C11_787508	6	41451810	53931275	7942	0.4527
USAGE_p_TCGA_132_133_136_SNP_N_GenomeWideSNP_6_C11_787508	6	53931380	53931855	4	2.2228
USAGE_p_TCGA_132_133_136_SNP_N_GenomeWideSNP_6_C11_787508	6	53935348	74591858	10525	0.4369
USAGE_p_TCGA_132_133_136_SNP_N_GenomeWideSNP_6_C11_787508	6	74592457	74601410	9	-1.891
USAGE_p_TCGA_132_133_136_SNP_N_GenomeWideSNP_6_C11_787508	6	74603555	78962889	2772	0.4249
USAGE_p_TCGA_132_133_136_SNP_N_GenomeWideSNP_6_C11_787508	6	78969065	79035027	110	0.7835
USAGE_p_TCGA_132_133_136_SNP_N_GenomeWideSNP_6_C11_787508	6	79035174	140113044	38664	0.4351
USAGE_p_TCGA_132_133_136_SNP_N_GenomeWideSNP_6_C11_787508	6	140119343	162483954	15039	0.0756
USAGE_p_TCGA_132_133_136_SNP_N_GenomeWideSNP_6_C11_787508	6	162488850	162611892	130	-0.3643
USAGE_p_TCGA_132_133_136_SNP_N_GenomeWideSNP_6_C11_787508	6	162612003	162785649	133	-1.0072
USAGE_p_TCGA_132_133_136_SNP_N_GenomeWideSNP_6_C11_787508	6	162789300	162865157	70	-3.7366
USAGE_p_TCGA_132_133_136_SNP_N_GenomeWideSNP_6_C11_787508	6	162870947	162951697	70	-1.3868
USAGE_p_TCGA_132_133_136_SNP_N_GenomeWideSNP_6_C11_787508	6	162953855	163078775	100	-0.5054
USAGE_p_TCGA_132_133_136_SNP_N_GenomeWideSNP_6_C11_787508	6	163078921	163277414	110	0.0798
USAGE_p_TCGA_132_133_136_SNP_N_GenomeWideSNP_6_C11_787508	6	163282042	163525205	152	0.343
USAGE_p_TCGA_132_133_136_SNP_N_GenomeWideSNP_6_C11_787508	6	163525416	171051005	5352	0.0859
USAGE_p_TCGA_132_133_136_SNP_N_GenomeWideSNP_6_C11_787508	7	43355	1948678	568	0.0632
USAGE_p_TCGA_132_133_136_SNP_N_GenomeWideSNP_6_C11_787508	7	1954301	1954732	2	-1.5119
USAGE_p_TCGA_132_133_136_SNP_N_GenomeWideSNP_6_C11_787508	7	1959430	13979456	8683	0.1122
USAGE_p_TCGA_132_133_136_SNP_N_GenomeWideSNP_6_C11_787508	7	13980225	13980616	5	-1.1548
USAGE_p_TCGA_132_133_136_SNP_N_GenomeWideSNP_6_C11_787508	7	13982085	26132290	9618	0.1038
USAGE_p_TCGA_132_133_136_SNP_N_GenomeWideSNP_6_C11_787508	7	26142392	26145413	4	-1.0774
USAGE_p_TCGA_132_133_136_SNP_N_GenomeWideSNP_6_C11_787508	7	26147219	38325924	8589	0.1017
USAGE_p_TCGA_132_133_136_SNP_N_GenomeWideSNP_6_C11_787508	7	38326217	38328980	14	0.5825
USAGE_p_TCGA_132_133_136_SNP_N_GenomeWideSNP_6_C11_787508	7	38328994	64568852	14247	0.0878
USAGE_p_TCGA_132_133_136_SNP_N_GenomeWideSNP_6_C11_787508	7	64594065	64595698	6	-0.8704
USAGE_p_TCGA_132_133_136_SNP_N_GenomeWideSNP_6_C11_787508	7	64637128	70420438	3154	0.0559
USAGE_p_TCGA_132_133_136_SNP_N_GenomeWideSNP_6_C11_787508	7	70423250	70426141	2	-1.5972
USAGE_p_TCGA_132_133_136_SNP_N_GenomeWideSNP_6_C11_787508	7	70428243	76203817	2200	0.0543
USAGE_p_TCGA_132_133_136_SNP_N_GenomeWideSNP_6_C11_787508	7	76212321	76222099	11	-0.7909
USAGE_p_TCGA_132_133_136_SNP_N_GenomeWideSNP_6_C11_787508	7	76228072	126045651	30394	0.0835
USAGE_p_TCGA_132_133_136_SNP_N_GenomeWideSNP_6_C11_787508	7	126045686	126046877	11	-1.2548
USAGE_p_TCGA_132_133_136_SNP_N_GenomeWideSNP_6_C11_787508	7	126046878	142474939	10436	0.0833
USAGE_p_TCGA_132_133_136_SNP_N_GenomeWideSNP_6_C11_787508	7	142476719	142486045	27	0.9272
USAGE_p_TCGA_132_133_136_SNP_N_GenomeWideSNP_6_C11_787508	7	142486115	143904279	839	0.0616
USAGE_p_TCGA_132_133_136_SNP_N_GenomeWideSNP_6_C11_787508	7	143909235	143909445	3	-1.3857
USAGE_p_TCGA_132_133_136_SNP_N_GenomeWideSNP_6_C11_787508	7	143911624	144041060	34	0.3772
USAGE_p_TCGA_132_133_136_SNP_N_GenomeWideSNP_6_C11_787508	7	144049301	152922248	5408	0.0821
USAGE_p_TCGA_132_133_136_SNP_N_GenomeWideSNP_6_C11_787508	7	152926354	153147638	181	-0.4571
USAGE_p_TCGA_132_133_136_SNP_N_GenomeWideSNP_6_C11_787508	7	153147645	153147712	2	-2.3442
USAGE_p_TCGA_132_133_136_SNP_N_GenomeWideSNP_6_C11_787508	7	153147715	154427672	896	-0.4657
USAGE_p_TCGA_132_133_136_SNP_N_GenomeWideSNP_6_C11_787508	7	154427998	154428418	3	-2.6714
USAGE_p_TCGA_132_133_136_SNP_N_GenomeWideSNP_6_C11_787508	7	154429560	155232287	743	-0.4515
USAGE_p_TCGA_132_133_136_SNP_N_GenomeWideSNP_6_C11_787508	7	155234062	155464029	144	0.0593
USAGE_p_TCGA_132_133_136_SNP_N_GenomeWideSNP_6_C11_787508	7	155465863	155466938	2	-1.7876
USAGE_p_TCGA_132_133_136_SNP_N_GenomeWideSNP_6_C11_787508	7	155469636	159127004	2327	0.0855
USAGE_p_TCGA_132_133_136_SNP_N_GenomeWideSNP_6_C11_787508	8	31254	7866162	8038	0.0188
USAGE_p_TCGA_132_133_136_SNP_N_GenomeWideSNP_6_C11_787508	8	7935855	7990294	24	0.5571
USAGE_p_TCGA_132_133_136_SNP_N_GenomeWideSNP_6_C11_787508	8	7997031	12001123	3249	0.0172
USAGE_p_TCGA_132_133_136_SNP_N_GenomeWideSNP_6_C11_787508	8	12034307	12247486	49	0.4761
USAGE_p_TCGA_132_133_136_SNP_N_GenomeWideSNP_6_C11_787508	8	12260927	18851761	5930	0.0197
USAGE_p_TCGA_132_133_136_SNP_N_GenomeWideSNP_6_C11_787508	8	18852474	18858821	23	-1.5735
USAGE_p_TCGA_132_133_136_SNP_N_GenomeWideSNP_6_C11_787508	8	18866148	38147030	13031	0.0093
USAGE_p_TCGA_132_133_136_SNP_N_GenomeWideSNP_6_C11_787508	8	38150727	38298647	89	2.2208
USAGE_p_TCGA_132_133_136_SNP_N_GenomeWideSNP_6_C11_787508	8	38299419	38317190	19	1.4443
USAGE_p_TCGA_132_133_136_SNP_N_GenomeWideSNP_6_C11_787508	8	38317213	38794561	269	2.1268
USAGE_p_TCGA_132_133_136_SNP_N_GenomeWideSNP_6_C11_787508	8	38799057	88334138	27748	0.0034
USAGE_p_TCGA_132_133_136_SNP_N_GenomeWideSNP_6_C11_787508	8	88341350	88456667	66	-0.4183
USAGE_p_TCGA_132_133_136_SNP_N_GenomeWideSNP_6_C11_787508	8	88457608	112295081	14523	-0.0013
USAGE_p_TCGA_132_133_136_SNP_N_GenomeWideSNP_6_C11_787508	8	112295202	112295260	3	2.6372
USAGE_p_TCGA_132_133_136_SNP_N_GenomeWideSNP_6_C11_787508	8	112300281	146298155	22948	-0.0027
USAGE_p_TCGA_132_133_136_SNP_N_GenomeWideSNP_6_C11_787508	9	46587	16219480	14697	-0.3703
USAGE_p_TCGA_132_133_136_SNP_N_GenomeWideSNP_6_C11_787508	9	16221742	16226018	7	-1.2841
USAGE_p_TCGA_132_133_136_SNP_N_GenomeWideSNP_6_C11_787508	9	16226020	36728556	14970	-0.387
USAGE_p_TCGA_132_133_136_SNP_N_GenomeWideSNP_6_C11_787508	9	36734872	44255487	1794	0.085
USAGE_p_TCGA_132_133_136_SNP_N_GenomeWideSNP_6_C11_787508	9	44255886	44469328	15	-0.4721
USAGE_p_TCGA_132_133_136_SNP_N_GenomeWideSNP_6_C11_787508	9	44629223	46375542	117	0.0889
USAGE_p_TCGA_132_133_136_SNP_N_GenomeWideSNP_6_C11_787508	9	46388030	46395059	8	-0.7298
USAGE_p_TCGA_132_133_136_SNP_N_GenomeWideSNP_6_C11_787508	9	46397841	65616971	8	-0.0122
USAGE_p_TCGA_132_133_136_SNP_N_GenomeWideSNP_6_C11_787508	9	65617146	65630946	2	-2.2576
USAGE_p_TCGA_132_133_136_SNP_N_GenomeWideSNP_6_C11_787508	9	65672607	69001434	154	-0.007
USAGE_p_TCGA_132_133_136_SNP_N_GenomeWideSNP_6_C11_787508	9	69022956	69022971	2	-1.2677
USAGE_p_TCGA_132_133_136_SNP_N_GenomeWideSNP_6_C11_787508	9	69062430	69978022	121	0.1592
USAGE_p_TCGA_132_133_136_SNP_N_GenomeWideSNP_6_C11_787508	9	70940595	70943830	2	-1.2204
USAGE_p_TCGA_132_133_136_SNP_N_GenomeWideSNP_6_C11_787508	9	70950028	78002560	4983	0.0997
USAGE_p_TCGA_132_133_136_SNP_N_GenomeWideSNP_6_C11_787508	9	78005177	78008161	3	-1.4049
USAGE_p_TCGA_132_133_136_SNP_N_GenomeWideSNP_6_C11_787508	9	78012459	106566497	19894	0.0911
USAGE_p_TCGA_132_133_136_SNP_N_GenomeWideSNP_6_C11_787508	9	106568696	106569290	2	-2.5792
USAGE_p_TCGA_132_133_136_SNP_N_GenomeWideSNP_6_C11_787508	9	106570702	132323237	18384	0.0969
USAGE_p_TCGA_132_133_136_SNP_N_GenomeWideSNP_6_C11_787508	9	132324051	132327254	2	-1.3328
USAGE_p_TCGA_132_133_136_SNP_N_GenomeWideSNP_6_C11_787508	9	132333745	141091394	4790	0.0892
USAGE_p_TCGA_132_133_136_SNP_N_GenomeWideSNP_6_C11_787508	10	72759	91732	4	-0.3704
USAGE_p_TCGA_132_133_136_SNP_N_GenomeWideSNP_6_C11_787508	10	104198	190384	48	0.4089
USAGE_p_TCGA_132_133_136_SNP_N_GenomeWideSNP_6_C11_787508	10	190891	12608676	10485	0.1032
USAGE_p_TCGA_132_133_136_SNP_N_GenomeWideSNP_6_C11_787508	10	12611387	12681620	61	-0.3619
USAGE_p_TCGA_132_133_136_SNP_N_GenomeWideSNP_6_C11_787508	10	12682802	24375263	8654	0.0958
USAGE_p_TCGA_132_133_136_SNP_N_GenomeWideSNP_6_C11_787508	10	24377674	24378054	11	-1.7527
USAGE_p_TCGA_132_133_136_SNP_N_GenomeWideSNP_6_C11_787508	10	24378908	24379039	4	-0.5588
USAGE_p_TCGA_132_133_136_SNP_N_GenomeWideSNP_6_C11_787508	10	24380660	46674180	12330	0.0885
USAGE_p_TCGA_132_133_136_SNP_N_GenomeWideSNP_6_C11_787508	10	46691159	46932195	6	-0.7074
USAGE_p_TCGA_132_133_136_SNP_N_GenomeWideSNP_6_C11_787508	10	46943377	47090863	120	-1.331
USAGE_p_TCGA_132_133_136_SNP_N_GenomeWideSNP_6_C11_787508	10	47094305	47099869	8	-5.4024
USAGE_p_TCGA_132_133_136_SNP_N_GenomeWideSNP_6_C11_787508	10	47100656	47419711	40	-1.8554
USAGE_p_TCGA_132_133_136_SNP_N_GenomeWideSNP_6_C11_787508	10	47541189	48771950	485	0.0159
USAGE_p_TCGA_132_133_136_SNP_N_GenomeWideSNP_6_C11_787508	10	48837810	48883402	3	1.3714
USAGE_p_TCGA_132_133_136_SNP_N_GenomeWideSNP_6_C11_787508	10	48902376	49363009	28	-0.9957
USAGE_p_TCGA_132_133_136_SNP_N_GenomeWideSNP_6_C11_787508	10	49381611	135506704	58840	0.0938
USAGE_p_TCGA_132_133_136_SNP_N_GenomeWideSNP_6_C11_787508	11	198510	4967650	2476	0.0828
USAGE_p_TCGA_132_133_136_SNP_N_GenomeWideSNP_6_C11_787508	11	4968117	4976272	31	-1.2946
USAGE_p_TCGA_132_133_136_SNP_N_GenomeWideSNP_6_C11_787508	11	4976334	4976907	12	-0.4307
USAGE_p_TCGA_132_133_136_SNP_N_GenomeWideSNP_6_C11_787508	11	4977011	5783923	782	0.0801
USAGE_p_TCGA_132_133_136_SNP_N_GenomeWideSNP_6_C11_787508	11	5787405	5809338	34	0.5257
USAGE_p_TCGA_132_133_136_SNP_N_GenomeWideSNP_6_C11_787508	11	5809461	6116105	243	0.0946
USAGE_p_TCGA_132_133_136_SNP_N_GenomeWideSNP_6_C11_787508	11	6116843	6122094	5	-1.5328
USAGE_p_TCGA_132_133_136_SNP_N_GenomeWideSNP_6_C11_787508	11	6122503	6285201	97	0.1202
USAGE_p_TCGA_132_133_136_SNP_N_GenomeWideSNP_6_C11_787508	11	6285553	6288282	4	-0.8478
USAGE_p_TCGA_132_133_136_SNP_N_GenomeWideSNP_6_C11_787508	11	6288867	7573741	972	0.0968
USAGE_p_TCGA_132_133_136_SNP_N_GenomeWideSNP_6_C11_787508	11	7574374	7584014	2	-0.8945
USAGE_p_TCGA_132_133_136_SNP_N_GenomeWideSNP_6_C11_787508	11	7586430	7781833	161	0.0763
USAGE_p_TCGA_132_133_136_SNP_N_GenomeWideSNP_6_C11_787508	11	7782422	7782527	3	-0.8697
USAGE_p_TCGA_132_133_136_SNP_N_GenomeWideSNP_6_C11_787508	11	7784279	9321356	1028	0.0715
USAGE_p_TCGA_132_133_136_SNP_N_GenomeWideSNP_6_C11_787508	11	9323467	9324353	2	-1.1708
USAGE_p_TCGA_132_133_136_SNP_N_GenomeWideSNP_6_C11_787508	11	9330053	18094243	6364	0.0883
USAGE_p_TCGA_132_133_136_SNP_N_GenomeWideSNP_6_C11_787508	11	18099397	18099729	2	-2.3135
USAGE_p_TCGA_132_133_136_SNP_N_GenomeWideSNP_6_C11_787508	11	18100574	25654935	5896	0.0798
USAGE_p_TCGA_132_133_136_SNP_N_GenomeWideSNP_6_C11_787508	11	25655213	25660676	2	-3.4085
USAGE_p_TCGA_132_133_136_SNP_N_GenomeWideSNP_6_C11_787508	11	25662734	48598422	15328	0.0791
USAGE_p_TCGA_132_133_136_SNP_N_GenomeWideSNP_6_C11_787508	11	48601434	48602676	2	2.1663
USAGE_p_TCGA_132_133_136_SNP_N_GenomeWideSNP_6_C11_787508	11	48606318	55376280	1231	0.0792
USAGE_p_TCGA_132_133_136_SNP_N_GenomeWideSNP_6_C11_787508	11	55376498	55439332	38	0.5905
USAGE_p_TCGA_132_133_136_SNP_N_GenomeWideSNP_6_C11_787508	11	55439990	55445294	6	-0.0407
USAGE_p_TCGA_132_133_136_SNP_N_GenomeWideSNP_6_C11_787508	11	55445945	55452977	6	0.8983
USAGE_p_TCGA_132_133_136_SNP_N_GenomeWideSNP_6_C11_787508	11	55453009	79967513	13297	0.076
USAGE_p_TCGA_132_133_136_SNP_N_GenomeWideSNP_6_C11_787508	11	79967548	79967564	2	-2.2881
USAGE_p_TCGA_132_133_136_SNP_N_GenomeWideSNP_6_C11_787508	11	79967686	106614752	18759	0.0741
USAGE_p_TCGA_132_133_136_SNP_N_GenomeWideSNP_6_C11_787508	11	106619739	106620010	2	-2.8661
USAGE_p_TCGA_132_133_136_SNP_N_GenomeWideSNP_6_C11_787508	11	106620202	107781379	793	0.0737
USAGE_p_TCGA_132_133_136_SNP_N_GenomeWideSNP_6_C11_787508	11	107784507	107785098	2	-3.3195
USAGE_p_TCGA_132_133_136_SNP_N_GenomeWideSNP_6_C11_787508	11	107787713	124771531	11793	0.0712
USAGE_p_TCGA_132_133_136_SNP_N_GenomeWideSNP_6_C11_787508	11	124775987	124777418	3	-1.3014
USAGE_p_TCGA_132_133_136_SNP_N_GenomeWideSNP_6_C11_787508	11	124788668	125259724	377	0.0531
USAGE_p_TCGA_132_133_136_SNP_N_GenomeWideSNP_6_C11_787508	11	125262335	125266739	3	-1.932
USAGE_p_TCGA_132_133_136_SNP_N_GenomeWideSNP_6_C11_787508	11	125268645	134944770	7392	0.0744
USAGE_p_TCGA_132_133_136_SNP_N_GenomeWideSNP_6_C11_787508	12	150442	178837	5	-0.316
USAGE_p_TCGA_132_133_136_SNP_N_GenomeWideSNP_6_C11_787508	12	180697	5535676	3872	-1.3059
USAGE_p_TCGA_132_133_136_SNP_N_GenomeWideSNP_6_C11_787508	12	5537884	8006506	1440	-0.398
USAGE_p_TCGA_132_133_136_SNP_N_GenomeWideSNP_6_C11_787508	12	8007799	8123900	58	0.1238
USAGE_p_TCGA_132_133_136_SNP_N_GenomeWideSNP_6_C11_787508	12	8130958	8346608	117	-0.4474
USAGE_p_TCGA_132_133_136_SNP_N_GenomeWideSNP_6_C11_787508	12	8346805	8510270	53	-0.1847
USAGE_p_TCGA_132_133_136_SNP_N_GenomeWideSNP_6_C11_787508	12	8513871	8558488	17	-0.4941
USAGE_p_TCGA_132_133_136_SNP_N_GenomeWideSNP_6_C11_787508	12	8558636	8584672	21	0.1005
USAGE_p_TCGA_132_133_136_SNP_N_GenomeWideSNP_6_C11_787508	12	8594894	9641381	568	-0.4095
USAGE_p_TCGA_132_133_136_SNP_N_GenomeWideSNP_6_C11_787508	12	9651293	9736656	25	-0.0318
USAGE_p_TCGA_132_133_136_SNP_N_GenomeWideSNP_6_C11_787508	12	9736913	9821781	80	-0.3943
USAGE_p_TCGA_132_133_136_SNP_N_GenomeWideSNP_6_C11_787508	12	9822387	21595390	7909	-1.2091
USAGE_p_TCGA_132_133_136_SNP_N_GenomeWideSNP_6_C11_787508	12	21595414	21598526	2	-6.9686
USAGE_p_TCGA_132_133_136_SNP_N_GenomeWideSNP_6_C11_787508	12	21598701	22560436	686	-1.212
USAGE_p_TCGA_132_133_136_SNP_N_GenomeWideSNP_6_C11_787508	12	22564482	22566354	4	-5.2143
USAGE_p_TCGA_132_133_136_SNP_N_GenomeWideSNP_6_C11_787508	12	22569681	27431465	3486	-1.2208
USAGE_p_TCGA_132_133_136_SNP_N_GenomeWideSNP_6_C11_787508	12	27445936	31265057	2966	-0.3839
USAGE_p_TCGA_132_133_136_SNP_N_GenomeWideSNP_6_C11_787508	12	31269298	31407123	91	0.1579
USAGE_p_TCGA_132_133_136_SNP_N_GenomeWideSNP_6_C11_787508	12	31409879	33757525	1648	-0.3867
USAGE_p_TCGA_132_133_136_SNP_N_GenomeWideSNP_6_C11_787508	12	33759342	131147692	60499	0.0981
USAGE_p_TCGA_132_133_136_SNP_N_GenomeWideSNP_6_C11_787508	12	131147957	131150159	17	-1.3632
USAGE_p_TCGA_132_133_136_SNP_N_GenomeWideSNP_6_C11_787508	12	131150369	131735403	406	0.1177
USAGE_p_TCGA_132_133_136_SNP_N_GenomeWideSNP_6_C11_787508	12	131737603	131816213	58	-0.1263
USAGE_p_TCGA_132_133_136_SNP_N_GenomeWideSNP_6_C11_787508	12	131816416	133778189	895	0.1085
USAGE_p_TCGA_132_133_136_SNP_N_GenomeWideSNP_6_C11_787508	13	19026949	21058533	1123	0.0806
USAGE_p_TCGA_132_133_136_SNP_N_GenomeWideSNP_6_C11_787508	13	21060047	38075965	12450	0.5154
USAGE_p_TCGA_132_133_136_SNP_N_GenomeWideSNP_6_C11_787508	13	38076267	38084757	12	1.5089
USAGE_p_TCGA_132_133_136_SNP_N_GenomeWideSNP_6_C11_787508	13	38088330	48329226	7142	0.5187
USAGE_p_TCGA_132_133_136_SNP_N_GenomeWideSNP_6_C11_787508	13	48329227	48329234	6	-0.3807
USAGE_p_TCGA_132_133_136_SNP_N_GenomeWideSNP_6_C11_787508	13	48329236	70926407	13489	0.5093
USAGE_p_TCGA_132_133_136_SNP_N_GenomeWideSNP_6_C11_787508	13	70927978	72476988	951	0.8374
USAGE_p_TCGA_132_133_136_SNP_N_GenomeWideSNP_6_C11_787508	13	72477555	72480556	4	1.8309
USAGE_p_TCGA_132_133_136_SNP_N_GenomeWideSNP_6_C11_787508	13	72480605	74249619	1292	0.8363
USAGE_p_TCGA_132_133_136_SNP_N_GenomeWideSNP_6_C11_787508	13	74249827	102624418	18586	0.4957
USAGE_p_TCGA_132_133_136_SNP_N_GenomeWideSNP_6_C11_787508	13	102628015	103491627	706	-0.3078
USAGE_p_TCGA_132_133_136_SNP_N_GenomeWideSNP_6_C11_787508	13	103494182	111723194	6796	0.3391
USAGE_p_TCGA_132_133_136_SNP_N_GenomeWideSNP_6_C11_787508	13	111724124	111724532	2	-1.3488
USAGE_p_TCGA_132_133_136_SNP_N_GenomeWideSNP_6_C11_787508	13	111724545	115108397	1783	0.5328
USAGE_p_TCGA_132_133_136_SNP_N_GenomeWideSNP_6_C11_787508	14	19002124	19783861	55	-0.4133
USAGE_p_TCGA_132_133_136_SNP_N_GenomeWideSNP_6_C11_787508	14	19784152	20419259	131	-0.0263
USAGE_p_TCGA_132_133_136_SNP_N_GenomeWideSNP_6_C11_787508	14	20420151	74006707	34136	-0.4031
USAGE_p_TCGA_132_133_136_SNP_N_GenomeWideSNP_6_C11_787508	14	74006851	74020979	7	-1.6104
USAGE_p_TCGA_132_133_136_SNP_N_GenomeWideSNP_6_C11_787508	14	74029900	96140260	14758	-0.4266
USAGE_p_TCGA_132_133_136_SNP_N_GenomeWideSNP_6_C11_787508	14	96141149	96141595	4	-2.6266
USAGE_p_TCGA_132_133_136_SNP_N_GenomeWideSNP_6_C11_787508	14	96142498	106547507	6041	-0.428
USAGE_p_TCGA_132_133_136_SNP_N_GenomeWideSNP_6_C11_787508	14	106548213	106561441	8	-2.4086
USAGE_p_TCGA_132_133_136_SNP_N_GenomeWideSNP_6_C11_787508	14	106567100	106796697	106	-0.4647
USAGE_p_TCGA_132_133_136_SNP_N_GenomeWideSNP_6_C11_787508	14	106801355	106821736	8	-1.3879
USAGE_p_TCGA_132_133_136_SNP_N_GenomeWideSNP_6_C11_787508	14	106825916	107285437	304	-0.389
USAGE_p_TCGA_132_133_136_SNP_N_GenomeWideSNP_6_C11_787508	15	20016328	24054787	1038	-0.4436
USAGE_p_TCGA_132_133_136_SNP_N_GenomeWideSNP_6_C11_787508	15	24055437	24058995	18	-1.5521
USAGE_p_TCGA_132_133_136_SNP_N_GenomeWideSNP_6_C11_787508	15	24059093	24383030	241	-0.4178
USAGE_p_TCGA_132_133_136_SNP_N_GenomeWideSNP_6_C11_787508	15	24384565	24434532	31	0.2103
USAGE_p_TCGA_132_133_136_SNP_N_GenomeWideSNP_6_C11_787508	15	24442219	24674887	101	-0.3851
USAGE_p_TCGA_132_133_136_SNP_N_GenomeWideSNP_6_C11_787508	15	24675133	24718173	37	-0.8961
USAGE_p_TCGA_132_133_136_SNP_N_GenomeWideSNP_6_C11_787508	15	24718596	76878362	32878	-0.3944
USAGE_p_TCGA_132_133_136_SNP_N_GenomeWideSNP_6_C11_787508	15	76891241	76895775	22	0.4621
USAGE_p_TCGA_132_133_136_SNP_N_GenomeWideSNP_6_C11_787508	15	76902179	77177812	129	-0.352
USAGE_p_TCGA_132_133_136_SNP_N_GenomeWideSNP_6_C11_787508	15	77181312	100435151	15997	0.1069
USAGE_p_TCGA_132_133_136_SNP_N_GenomeWideSNP_6_C11_787508	15	100435740	102469040	1567	0.4477
USAGE_p_TCGA_132_133_136_SNP_N_GenomeWideSNP_6_C11_787508	16	60777	4227589	1713	0.0907
USAGE_p_TCGA_132_133_136_SNP_N_GenomeWideSNP_6_C11_787508	16	4227593	4244783	16	-0.3744
USAGE_p_TCGA_132_133_136_SNP_N_GenomeWideSNP_6_C11_787508	16	4245909	6496333	1958	0.0877
USAGE_p_TCGA_132_133_136_SNP_N_GenomeWideSNP_6_C11_787508	16	6502765	6697125	263	-0.4282
USAGE_p_TCGA_132_133_136_SNP_N_GenomeWideSNP_6_C11_787508	16	6697562	21363822	10516	0.0965
USAGE_p_TCGA_132_133_136_SNP_N_GenomeWideSNP_6_C11_787508	16	21368006	21746502	127	0.4322
USAGE_p_TCGA_132_133_136_SNP_N_GenomeWideSNP_6_C11_787508	16	21746953	21770746	3	-0.5314
USAGE_p_TCGA_132_133_136_SNP_N_GenomeWideSNP_6_C11_787508	16	21775106	22066054	77	0.5347
USAGE_p_TCGA_132_133_136_SNP_N_GenomeWideSNP_6_C11_787508	16	22067343	22615804	200	0.0483
USAGE_p_TCGA_132_133_136_SNP_N_GenomeWideSNP_6_C11_787508	16	22625584	29234538	4271	0.4574
USAGE_p_TCGA_132_133_136_SNP_N_GenomeWideSNP_6_C11_787508	16	29241431	29250915	2	-1.3203
USAGE_p_TCGA_132_133_136_SNP_N_GenomeWideSNP_6_C11_787508	16	29251112	31970549	921	0.4226
USAGE_p_TCGA_132_133_136_SNP_N_GenomeWideSNP_6_C11_787508	16	31971520	33643399	278	0.0078
USAGE_p_TCGA_132_133_136_SNP_N_GenomeWideSNP_6_C11_787508	16	33644022	33681101	9	0.7746
USAGE_p_TCGA_132_133_136_SNP_N_GenomeWideSNP_6_C11_787508	16	33709435	49522434	2186	0.4325
USAGE_p_TCGA_132_133_136_SNP_N_GenomeWideSNP_6_C11_787508	16	49525210	49535656	2	-0.6916
USAGE_p_TCGA_132_133_136_SNP_N_GenomeWideSNP_6_C11_787508	16	49536023	55796594	4800	0.459
USAGE_p_TCGA_132_133_136_SNP_N_GenomeWideSNP_6_C11_787508	16	55798222	55798779	3	2.827
USAGE_p_TCGA_132_133_136_SNP_N_GenomeWideSNP_6_C11_787508	16	55804348	90162670	25103	0.4604
USAGE_p_TCGA_132_133_136_SNP_N_GenomeWideSNP_6_C11_787508	16	90162760	90287535	6	0.0661
USAGE_p_TCGA_132_133_136_SNP_N_GenomeWideSNP_6_C11_787508	17	526	55661	27	-0.5451
USAGE_p_TCGA_132_133_136_SNP_N_GenomeWideSNP_6_C11_787508	17	59064	59143	2	-2.5997
USAGE_p_TCGA_132_133_136_SNP_N_GenomeWideSNP_6_C11_787508	17	59164	16654301	10468	-0.419
USAGE_p_TCGA_132_133_136_SNP_N_GenomeWideSNP_6_C11_787508	17	16657331	16772408	21	-0.9703
USAGE_p_TCGA_132_133_136_SNP_N_GenomeWideSNP_6_C11_787508	17	16774149	18355392	913	-0.4336
USAGE_p_TCGA_132_133_136_SNP_N_GenomeWideSNP_6_C11_787508	17	18358946	18464586	27	0.2058
USAGE_p_TCGA_132_133_136_SNP_N_GenomeWideSNP_6_C11_787508	17	18465221	18628448	40	-0.3484
USAGE_p_TCGA_132_133_136_SNP_N_GenomeWideSNP_6_C11_787508	17	18643508	18688550	14	0.3557
USAGE_p_TCGA_132_133_136_SNP_N_GenomeWideSNP_6_C11_787508	17	18692670	18722835	15	0.9717
USAGE_p_TCGA_132_133_136_SNP_N_GenomeWideSNP_6_C11_787508	17	18747092	19550270	356	0.4322
USAGE_p_TCGA_132_133_136_SNP_N_GenomeWideSNP_6_C11_787508	17	19556179	21397964	832	-0.4029
USAGE_p_TCGA_132_133_136_SNP_N_GenomeWideSNP_6_C11_787508	17	21399832	21445259	24	0.4908
USAGE_p_TCGA_132_133_136_SNP_N_GenomeWideSNP_6_C11_787508	17	21454839	21566353	45	-0.1037
USAGE_p_TCGA_132_133_136_SNP_N_GenomeWideSNP_6_C11_787508	17	21693871	44288579	10815	0.4458
USAGE_p_TCGA_132_133_136_SNP_N_GenomeWideSNP_6_C11_787508	17	44291723	44429320	31	0.0042
USAGE_p_TCGA_132_133_136_SNP_N_GenomeWideSNP_6_C11_787508	17	44435454	44523726	7	0.8994
USAGE_p_TCGA_132_133_136_SNP_N_GenomeWideSNP_6_C11_787508	17	44546329	69359128	14958	0.4615
USAGE_p_TCGA_132_133_136_SNP_N_GenomeWideSNP_6_C11_787508	17	69359624	69360700	2	-1.1188
USAGE_p_TCGA_132_133_136_SNP_N_GenomeWideSNP_6_C11_787508	17	69362505	81049726	6705	0.4656
USAGE_p_TCGA_132_133_136_SNP_N_GenomeWideSNP_6_C11_787508	18	11543	20872323	11619	-0.2351
USAGE_p_TCGA_132_133_136_SNP_N_GenomeWideSNP_6_C11_787508	18	20872507	20879432	9	-1.5586
USAGE_p_TCGA_132_133_136_SNP_N_GenomeWideSNP_6_C11_787508	18	20880242	20939008	41	-0.2798
USAGE_p_TCGA_132_133_136_SNP_N_GenomeWideSNP_6_C11_787508	18	20946199	21072696	58	0.0483
USAGE_p_TCGA_132_133_136_SNP_N_GenomeWideSNP_6_C11_787508	18	21078806	35093987	8944	-1.2224
USAGE_p_TCGA_132_133_136_SNP_N_GenomeWideSNP_6_C11_787508	18	35094265	35094357	2	-6.445
USAGE_p_TCGA_132_133_136_SNP_N_GenomeWideSNP_6_C11_787508	18	35096468	38257860	2041	-1.2378
USAGE_p_TCGA_132_133_136_SNP_N_GenomeWideSNP_6_C11_787508	18	38257874	38268024	36	-0.5431
USAGE_p_TCGA_132_133_136_SNP_N_GenomeWideSNP_6_C11_787508	18	38269498	38672424	248	-1.2087
USAGE_p_TCGA_132_133_136_SNP_N_GenomeWideSNP_6_C11_787508	18	38672478	38680873	35	-0.7598
USAGE_p_TCGA_132_133_136_SNP_N_GenomeWideSNP_6_C11_787508	18	38681152	38736742	34	-1.2431
USAGE_p_TCGA_132_133_136_SNP_N_GenomeWideSNP_6_C11_787508	18	38739067	38858815	82	-0.3372
USAGE_p_TCGA_132_133_136_SNP_N_GenomeWideSNP_6_C11_787508	18	38860613	41639086	1756	-1.1991
USAGE_p_TCGA_132_133_136_SNP_N_GenomeWideSNP_6_C11_787508	18	41641273	42346956	419	-0.2506
USAGE_p_TCGA_132_133_136_SNP_N_GenomeWideSNP_6_C11_787508	18	42349372	42354308	4	-1.2526
USAGE_p_TCGA_132_133_136_SNP_N_GenomeWideSNP_6_C11_787508	18	42356930	42453225	85	-0.4251
USAGE_p_TCGA_132_133_136_SNP_N_GenomeWideSNP_6_C11_787508	18	42462578	42468665	6	-1.3702
USAGE_p_TCGA_132_133_136_SNP_N_GenomeWideSNP_6_C11_787508	18	42471406	42972189	382	-0.3864
USAGE_p_TCGA_132_133_136_SNP_N_GenomeWideSNP_6_C11_787508	18	42972289	43702591	508	-1.3182
USAGE_p_TCGA_132_133_136_SNP_N_GenomeWideSNP_6_C11_787508	18	43710948	45466607	1265	-0.2672
USAGE_p_TCGA_132_133_136_SNP_N_GenomeWideSNP_6_C11_787508	18	45468496	45472178	3	-1.9777
USAGE_p_TCGA_132_133_136_SNP_N_GenomeWideSNP_6_C11_787508	18	45475836	45954347	343	-0.2489
USAGE_p_TCGA_132_133_136_SNP_N_GenomeWideSNP_6_C11_787508	18	45955020	46482862	377	-1.3085
USAGE_p_TCGA_132_133_136_SNP_N_GenomeWideSNP_6_C11_787508	18	46482907	47180561	381	-0.3612
USAGE_p_TCGA_132_133_136_SNP_N_GenomeWideSNP_6_C11_787508	18	47181668	47195952	10	-3.1128
USAGE_p_TCGA_132_133_136_SNP_N_GenomeWideSNP_6_C11_787508	18	47196776	47544182	285	-1.3737
USAGE_p_TCGA_132_133_136_SNP_N_GenomeWideSNP_6_C11_787508	18	47545367	47546037	2	-4.1852
USAGE_p_TCGA_132_133_136_SNP_N_GenomeWideSNP_6_C11_787508	18	47546927	48559544	725	-1.268
USAGE_p_TCGA_132_133_136_SNP_N_GenomeWideSNP_6_C11_787508	18	48561782	48609968	130	-0.8802
USAGE_p_TCGA_132_133_136_SNP_N_GenomeWideSNP_6_C11_787508	18	48616656	60931310	8286	-1.2507
USAGE_p_TCGA_132_133_136_SNP_N_GenomeWideSNP_6_C11_787508	18	60932061	60932753	2	-5.9637
USAGE_p_TCGA_132_133_136_SNP_N_GenomeWideSNP_6_C11_787508	18	60933626	62552652	1186	-1.2052
USAGE_p_TCGA_132_133_136_SNP_N_GenomeWideSNP_6_C11_787508	18	62552860	62552974	2	-4.0367
USAGE_p_TCGA_132_133_136_SNP_N_GenomeWideSNP_6_C11_787508	18	62556461	71390678	6440	-1.2113
USAGE_p_TCGA_132_133_136_SNP_N_GenomeWideSNP_6_C11_787508	18	71391313	71393015	4	-3.5824
USAGE_p_TCGA_132_133_136_SNP_N_GenomeWideSNP_6_C11_787508	18	71393398	71603327	187	-1.2506
USAGE_p_TCGA_132_133_136_SNP_N_GenomeWideSNP_6_C11_787508	18	71607792	71616100	12	-2.7079
USAGE_p_TCGA_132_133_136_SNP_N_GenomeWideSNP_6_C11_787508	18	71616280	72112616	414	-1.3463
USAGE_p_TCGA_132_133_136_SNP_N_GenomeWideSNP_6_C11_787508	18	72113201	72113730	4	-5.0693
USAGE_p_TCGA_132_133_136_SNP_N_GenomeWideSNP_6_C11_787508	18	72115547	75341427	2434	-1.3496
USAGE_p_TCGA_132_133_136_SNP_N_GenomeWideSNP_6_C11_787508	18	75342234	75342333	2	-6.6603
USAGE_p_TCGA_132_133_136_SNP_N_GenomeWideSNP_6_C11_787508	18	75342927	77278250	1227	-1.3133
USAGE_p_TCGA_132_133_136_SNP_N_GenomeWideSNP_6_C11_787508	18	77288063	77288532	4	-5.5888
USAGE_p_TCGA_132_133_136_SNP_N_GenomeWideSNP_6_C11_787508	18	77297934	77634038	168	-1.3181
USAGE_p_TCGA_132_133_136_SNP_N_GenomeWideSNP_6_C11_787508	18	77634234	77634361	2	-7.3324
USAGE_p_TCGA_132_133_136_SNP_N_GenomeWideSNP_6_C11_787508	18	77637868	78015057	194	-1.316
USAGE_p_TCGA_132_133_136_SNP_N_GenomeWideSNP_6_C11_787508	19	90910	4788427	1271	-0.421
USAGE_p_TCGA_132_133_136_SNP_N_GenomeWideSNP_6_C11_787508	19	4789484	4789525	2	-2.624
USAGE_p_TCGA_132_133_136_SNP_N_GenomeWideSNP_6_C11_787508	19	4795342	19334120	7044	-0.4108
USAGE_p_TCGA_132_133_136_SNP_N_GenomeWideSNP_6_C11_787508	19	19341446	20651952	676	0.0724
USAGE_p_TCGA_132_133_136_SNP_N_GenomeWideSNP_6_C11_787508	19	20651987	24234462	2091	-0.3768
USAGE_p_TCGA_132_133_136_SNP_N_GenomeWideSNP_6_C11_787508	19	24235203	24236514	2	-2.1483
USAGE_p_TCGA_132_133_136_SNP_N_GenomeWideSNP_6_C11_787508	19	24238451	24596750	152	-0.4111
USAGE_p_TCGA_132_133_136_SNP_N_GenomeWideSNP_6_C11_787508	19	27747993	28980281	689	0.4541
USAGE_p_TCGA_132_133_136_SNP_N_GenomeWideSNP_6_C11_787508	19	28980642	52131813	13012	0.1033
USAGE_p_TCGA_132_133_136_SNP_N_GenomeWideSNP_6_C11_787508	19	52142352	52148197	11	-2.0892
USAGE_p_TCGA_132_133_136_SNP_N_GenomeWideSNP_6_C11_787508	19	52154905	55252385	2054	0.0683
USAGE_p_TCGA_132_133_136_SNP_N_GenomeWideSNP_6_C11_787508	19	55283843	55297883	3	-2.0195
USAGE_p_TCGA_132_133_136_SNP_N_GenomeWideSNP_6_C11_787508	19	55298580	59097854	2329	0.0721
USAGE_p_TCGA_132_133_136_SNP_N_GenomeWideSNP_6_C11_787508	20	61305	1560922	1205	0.1145
USAGE_p_TCGA_132_133_136_SNP_N_GenomeWideSNP_6_C11_787508	20	1560951	1590257	39	1.4955
USAGE_p_TCGA_132_133_136_SNP_N_GenomeWideSNP_6_C11_787508	20	1590455	12629226	8454	0.1286
USAGE_p_TCGA_132_133_136_SNP_N_GenomeWideSNP_6_C11_787508	20	12629565	12629594	2	-1.3605
USAGE_p_TCGA_132_133_136_SNP_N_GenomeWideSNP_6_C11_787508	20	12629981	14606400	1352	0.1133
USAGE_p_TCGA_132_133_136_SNP_N_GenomeWideSNP_6_C11_787508	20	14608923	14672357	50	0.4383
USAGE_p_TCGA_132_133_136_SNP_N_GenomeWideSNP_6_C11_787508	20	14675588	16662745	1913	0.1372
USAGE_p_TCGA_132_133_136_SNP_N_GenomeWideSNP_6_C11_787508	20	16663069	17471248	742	0.8202
USAGE_p_TCGA_132_133_136_SNP_N_GenomeWideSNP_6_C11_787508	20	17473419	18082206	454	0.4892
USAGE_p_TCGA_132_133_136_SNP_N_GenomeWideSNP_6_C11_787508	20	18082534	18522933	327	0.0923
USAGE_p_TCGA_132_133_136_SNP_N_GenomeWideSNP_6_C11_787508	20	18524692	19084208	428	0.4815
USAGE_p_TCGA_132_133_136_SNP_N_GenomeWideSNP_6_C11_787508	20	19086821	19096903	12	0.0686
USAGE_p_TCGA_132_133_136_SNP_N_GenomeWideSNP_6_C11_787508	20	19097078	19840115	671	0.4947
USAGE_p_TCGA_132_133_136_SNP_N_GenomeWideSNP_6_C11_787508	20	19840185	20907058	800	0.7649
USAGE_p_TCGA_132_133_136_SNP_N_GenomeWideSNP_6_C11_787508	20	20907781	29651749	3684	0.4743
USAGE_p_TCGA_132_133_136_SNP_N_GenomeWideSNP_6_C11_787508	20	29835049	35524811	2679	1.0531
USAGE_p_TCGA_132_133_136_SNP_N_GenomeWideSNP_6_C11_787508	20	35525362	36004839	354	0.7001
USAGE_p_TCGA_132_133_136_SNP_N_GenomeWideSNP_6_C11_787508	20	36005275	36324206	225	1.0597
USAGE_p_TCGA_132_133_136_SNP_N_GenomeWideSNP_6_C11_787508	20	36325407	36325815	3	0.1996
USAGE_p_TCGA_132_133_136_SNP_N_GenomeWideSNP_6_C11_787508	20	36325847	36700221	230	1.1007
USAGE_p_TCGA_132_133_136_SNP_N_GenomeWideSNP_6_C11_787508	20	36704332	39530174	2007	0.7536
USAGE_p_TCGA_132_133_136_SNP_N_GenomeWideSNP_6_C11_787508	20	39536139	42251547	2067	0.4785
USAGE_p_TCGA_132_133_136_SNP_N_GenomeWideSNP_6_C11_787508	20	42253506	49162241	4745	0.942
USAGE_p_TCGA_132_133_136_SNP_N_GenomeWideSNP_6_C11_787508	20	49162495	49162542	3	-0.1004
USAGE_p_TCGA_132_133_136_SNP_N_GenomeWideSNP_6_C11_787508	20	49162577	49174124	20	1.0351
USAGE_p_TCGA_132_133_136_SNP_N_GenomeWideSNP_6_C11_787508	20	49174508	49174602	4	0.1722
USAGE_p_TCGA_132_133_136_SNP_N_GenomeWideSNP_6_C11_787508	20	49174720	50223975	737	0.9426
USAGE_p_TCGA_132_133_136_SNP_N_GenomeWideSNP_6_C11_787508	20	50224057	55844382	4549	0.5186
USAGE_p_TCGA_132_133_136_SNP_N_GenomeWideSNP_6_C11_787508	20	55848203	60476953	3740	0.1109
USAGE_p_TCGA_132_133_136_SNP_N_GenomeWideSNP_6_C11_787508	20	60487809	61065194	288	-0.451
USAGE_p_TCGA_132_133_136_SNP_N_GenomeWideSNP_6_C11_787508	20	61075832	62916068	733	0.0583
USAGE_p_TCGA_132_133_136_SNP_N_GenomeWideSNP_6_C11_787508	20	62954695	62956153	5	-1.6961
USAGE_p_TCGA_132_133_136_SNP_N_GenomeWideSNP_6_C11_787508	21	10736871	11008141	74	-1.3254
USAGE_p_TCGA_132_133_136_SNP_N_GenomeWideSNP_6_C11_787508	21	11008280	15380933	414	-0.9177
USAGE_p_TCGA_132_133_136_SNP_N_GenomeWideSNP_6_C11_787508	21	15404514	15412083	5	-2.4262
USAGE_p_TCGA_132_133_136_SNP_N_GenomeWideSNP_6_C11_787508	21	15412399	15412891	2	-7.5751
USAGE_p_TCGA_132_133_136_SNP_N_GenomeWideSNP_6_C11_787508	21	15413148	31411539	11764	-1.1925
USAGE_p_TCGA_132_133_136_SNP_N_GenomeWideSNP_6_C11_787508	21	31421379	32516730	730	-0.4051
USAGE_p_TCGA_132_133_136_SNP_N_GenomeWideSNP_6_C11_787508	21	32522076	32669287	101	0.0778
USAGE_p_TCGA_132_133_136_SNP_N_GenomeWideSNP_6_C11_787508	21	32676360	32695277	16	0.43
USAGE_p_TCGA_132_133_136_SNP_N_GenomeWideSNP_6_C11_787508	21	32698397	33240027	380	-0.4091
USAGE_p_TCGA_132_133_136_SNP_N_GenomeWideSNP_6_C11_787508	21	33240048	33507803	213	-1.1456
USAGE_p_TCGA_132_133_136_SNP_N_GenomeWideSNP_6_C11_787508	21	33511215	33530740	17	-0.2896
USAGE_p_TCGA_132_133_136_SNP_N_GenomeWideSNP_6_C11_787508	21	33532583	34025924	338	-1.0725
USAGE_p_TCGA_132_133_136_SNP_N_GenomeWideSNP_6_C11_787508	21	34028116	35641727	1078	-0.3709
USAGE_p_TCGA_132_133_136_SNP_N_GenomeWideSNP_6_C11_787508	21	35641868	35849588	140	0.0247
USAGE_p_TCGA_132_133_136_SNP_N_GenomeWideSNP_6_C11_787508	21	35850062	37051588	973	-0.398
USAGE_p_TCGA_132_133_136_SNP_N_GenomeWideSNP_6_C11_787508	21	37054070	37296373	154	-1.2082
USAGE_p_TCGA_132_133_136_SNP_N_GenomeWideSNP_6_C11_787508	21	37298159	37302308	4	-4.7013
USAGE_p_TCGA_132_133_136_SNP_N_GenomeWideSNP_6_C11_787508	21	37305826	38297650	680	-1.3004
USAGE_p_TCGA_132_133_136_SNP_N_GenomeWideSNP_6_C11_787508	21	38298324	38298380	2	-6.0391
USAGE_p_TCGA_132_133_136_SNP_N_GenomeWideSNP_6_C11_787508	21	38299016	43122978	4066	-1.2415
USAGE_p_TCGA_132_133_136_SNP_N_GenomeWideSNP_6_C11_787508	21	43123000	43155068	25	-2.7286
USAGE_p_TCGA_132_133_136_SNP_N_GenomeWideSNP_6_C11_787508	21	43155163	44690856	1077	-1.3858
USAGE_p_TCGA_132_133_136_SNP_N_GenomeWideSNP_6_C11_787508	21	44690926	44694208	5	-5.6606
USAGE_p_TCGA_132_133_136_SNP_N_GenomeWideSNP_6_C11_787508	21	44694703	48096957	1908	-1.3611
USAGE_p_TCGA_132_133_136_SNP_N_GenomeWideSNP_6_C11_787508	22	16052528	24288367	4586	-0.4436
USAGE_p_TCGA_132_133_136_SNP_N_GenomeWideSNP_6_C11_787508	22	24288434	24301635	9	-1.8392
USAGE_p_TCGA_132_133_136_SNP_N_GenomeWideSNP_6_C11_787508	22	24311231	24368356	27	-0.6863
USAGE_p_TCGA_132_133_136_SNP_N_GenomeWideSNP_6_C11_787508	22	24370430	24396814	11	-1.911
USAGE_p_TCGA_132_133_136_SNP_N_GenomeWideSNP_6_C11_787508	22	24401529	34370989	7483	-0.4284
USAGE_p_TCGA_132_133_136_SNP_N_GenomeWideSNP_6_C11_787508	22	34372772	34483216	98	2.1058
USAGE_p_TCGA_132_133_136_SNP_N_GenomeWideSNP_6_C11_787508	22	34484130	39290920	3235	-0.4208
USAGE_p_TCGA_132_133_136_SNP_N_GenomeWideSNP_6_C11_787508	22	39295255	39296904	3	-2.2999
USAGE_p_TCGA_132_133_136_SNP_N_GenomeWideSNP_6_C11_787508	22	39299114	51234455	8077	-0.436
USAGE_p_TCGA_132_133_136_SNP_N_GenomeWideSNP_6_C11_787508	X	168477	2703955	98	6e-04
USAGE_p_TCGA_132_133_136_SNP_N_GenomeWideSNP_6_C11_787508	X	2706944	2716141	16	-0.57
USAGE_p_TCGA_132_133_136_SNP_N_GenomeWideSNP_6_C11_787508	X	2716253	5158364	1792	0.0034
USAGE_p_TCGA_132_133_136_SNP_N_GenomeWideSNP_6_C11_787508	X	5160947	5162224	2	-2.5519
USAGE_p_TCGA_132_133_136_SNP_N_GenomeWideSNP_6_C11_787508	X	5165812	76353650	38232	0.0217
USAGE_p_TCGA_132_133_136_SNP_N_GenomeWideSNP_6_C11_787508	X	76362292	76523952	16	-0.6702
USAGE_p_TCGA_132_133_136_SNP_N_GenomeWideSNP_6_C11_787508	X	76545159	83933472	3620	0.0111
USAGE_p_TCGA_132_133_136_SNP_N_GenomeWideSNP_6_C11_787508	X	83933554	83934989	2	-1.6079
USAGE_p_TCGA_132_133_136_SNP_N_GenomeWideSNP_6_C11_787508	X	83935180	87531845	2401	0.0222
USAGE_p_TCGA_132_133_136_SNP_N_GenomeWideSNP_6_C11_787508	X	87532162	87532652	2	-3.0147
USAGE_p_TCGA_132_133_136_SNP_N_GenomeWideSNP_6_C11_787508	X	87537668	114200390	14114	0.0151
USAGE_p_TCGA_132_133_136_SNP_N_GenomeWideSNP_6_C11_787508	X	114204981	114397728	129	0.978
USAGE_p_TCGA_132_133_136_SNP_N_GenomeWideSNP_6_C11_787508	X	114399364	155182354	24149	0.0147
USAGE_p_TCGA_132_133_136_SNP_N_GenomeWideSNP_6_C11_787508	Y	2650438	6101425	871	-2.4137
USAGE_p_TCGA_132_133_136_SNP_N_GenomeWideSNP_6_C11_787508	Y	6107901	6296423	85	-3.5011
USAGE_p_TCGA_132_133_136_SNP_N_GenomeWideSNP_6_C11_787508	Y	6299046	19170442	4508	-2.8243
USAGE_p_TCGA_132_133_136_SNP_N_GenomeWideSNP_6_C11_787508	Y	19179335	19179540	3	-7.6575
USAGE_p_TCGA_132_133_136_SNP_N_GenomeWideSNP_6_C11_787508	Y	19182271	19571480	195	-2.8567
USAGE_p_TCGA_132_133_136_SNP_N_GenomeWideSNP_6_C11_787508	Y	19574890	21088297	704	-3.2584
USAGE_p_TCGA_132_133_136_SNP_N_GenomeWideSNP_6_C11_787508	Y	21088485	24515802	1245	-2.8702
USAGE_p_TCGA_132_133_136_SNP_N_GenomeWideSNP_6_C11_787508	Y	24516081	24964952	79	-3.5641
USAGE_p_TCGA_132_133_136_SNP_N_GenomeWideSNP_6_C11_787508	Y	24979518	26630929	332	-3.1634
USAGE_p_TCGA_132_133_136_SNP_N_GenomeWideSNP_6_C11_787508	Y	26631228	27436702	86	-3.6386
USAGE_p_TCGA_132_133_136_SNP_N_GenomeWideSNP_6_C11_787508	Y	27444915	27529084	33	-2.5786
USAGE_p_TCGA_132_133_136_SNP_N_GenomeWideSNP_6_C11_787508	Y	27535030	27600323	21	-3.6134
USAGE_p_TCGA_132_133_136_SNP_N_GenomeWideSNP_6_C11_787508	Y	27601827	27721084	38	-2.5024
USAGE_p_TCGA_132_133_136_SNP_N_GenomeWideSNP_6_C11_787508	Y	27721117	28452016	257	-3.356
USAGE_p_TCGA_132_133_136_SNP_N_GenomeWideSNP_6_C11_787508	Y	28457337	59018259	176	-2.5674
