Sample	Chromosome	Start	End	Num_Probes	Segment_Mean
SERVO_p_TCGA_157_158_159_SNP_N_GenomeWideSNP_6_D11_831336	1	61735	2974212	659	-0.0114
SERVO_p_TCGA_157_158_159_SNP_N_GenomeWideSNP_6_D11_831336	1	2981841	3176460	80	-0.3989
SERVO_p_TCGA_157_158_159_SNP_N_GenomeWideSNP_6_D11_831336	1	3177480	8857104	3664	-0.0238
SERVO_p_TCGA_157_158_159_SNP_N_GenomeWideSNP_6_D11_831336	1	8860214	9027914	121	0.3587
SERVO_p_TCGA_157_158_159_SNP_N_GenomeWideSNP_6_D11_831336	1	9036014	16149915	3872	-0.0126
SERVO_p_TCGA_157_158_159_SNP_N_GenomeWideSNP_6_D11_831336	1	16153497	16153925	6	-1.9162
SERVO_p_TCGA_157_158_159_SNP_N_GenomeWideSNP_6_D11_831336	1	16154201	17190862	409	0.0449
SERVO_p_TCGA_157_158_159_SNP_N_GenomeWideSNP_6_D11_831336	1	17195155	17286210	67	-0.3171
SERVO_p_TCGA_157_158_159_SNP_N_GenomeWideSNP_6_D11_831336	1	17286319	22501716	3443	0.0063
SERVO_p_TCGA_157_158_159_SNP_N_GenomeWideSNP_6_D11_831336	1	22503776	22504272	2	-1.8061
SERVO_p_TCGA_157_158_159_SNP_N_GenomeWideSNP_6_D11_831336	1	22507423	31155821	4588	-0.0034
SERVO_p_TCGA_157_158_159_SNP_N_GenomeWideSNP_6_D11_831336	1	31162143	31229883	52	-0.3432
SERVO_p_TCGA_157_158_159_SNP_N_GenomeWideSNP_6_D11_831336	1	31231126	65881457	21406	0.0036
SERVO_p_TCGA_157_158_159_SNP_N_GenomeWideSNP_6_D11_831336	1	65885357	65897951	9	-0.7056
SERVO_p_TCGA_157_158_159_SNP_N_GenomeWideSNP_6_D11_831336	1	65898001	72768916	4568	0.0161
SERVO_p_TCGA_157_158_159_SNP_N_GenomeWideSNP_6_D11_831336	1	72768936	72812440	47	-1.1155
SERVO_p_TCGA_157_158_159_SNP_N_GenomeWideSNP_6_D11_831336	1	72816755	91095289	11989	0.0105
SERVO_p_TCGA_157_158_159_SNP_N_GenomeWideSNP_6_D11_831336	1	91096275	91102694	8	0.7626
SERVO_p_TCGA_157_158_159_SNP_N_GenomeWideSNP_6_D11_831336	1	91102904	108719572	10959	0.009
SERVO_p_TCGA_157_158_159_SNP_N_GenomeWideSNP_6_D11_831336	1	108721006	108739171	10	0.6195
SERVO_p_TCGA_157_158_159_SNP_N_GenomeWideSNP_6_D11_831336	1	108740613	109483850	359	0.0141
SERVO_p_TCGA_157_158_159_SNP_N_GenomeWideSNP_6_D11_831336	1	109486269	109497933	13	0.655
SERVO_p_TCGA_157_158_159_SNP_N_GenomeWideSNP_6_D11_831336	1	109498025	110227515	348	0.017
SERVO_p_TCGA_157_158_159_SNP_N_GenomeWideSNP_6_D11_831336	1	110232974	110234628	11	1.1053
SERVO_p_TCGA_157_158_159_SNP_N_GenomeWideSNP_6_D11_831336	1	110235032	120118018	6704	0.0059
SERVO_p_TCGA_157_158_159_SNP_N_GenomeWideSNP_6_D11_831336	1	120118248	120123136	10	0.8969
SERVO_p_TCGA_157_158_159_SNP_N_GenomeWideSNP_6_D11_831336	1	120123326	152762394	3491	0.0354
SERVO_p_TCGA_157_158_159_SNP_N_GenomeWideSNP_6_D11_831336	1	152762438	152763069	12	1.2751
SERVO_p_TCGA_157_158_159_SNP_N_GenomeWideSNP_6_D11_831336	1	152767467	170382578	12206	0.009
SERVO_p_TCGA_157_158_159_SNP_N_GenomeWideSNP_6_D11_831336	1	170382737	170382747	2	1.6561
SERVO_p_TCGA_157_158_159_SNP_N_GenomeWideSNP_6_D11_831336	1	170383224	172448717	1342	0.0129
SERVO_p_TCGA_157_158_159_SNP_N_GenomeWideSNP_6_D11_831336	1	172449599	172450082	2	-1.2904
SERVO_p_TCGA_157_158_159_SNP_N_GenomeWideSNP_6_D11_831336	1	172450390	174796266	1297	0.0013
SERVO_p_TCGA_157_158_159_SNP_N_GenomeWideSNP_6_D11_831336	1	174796405	174801854	18	-0.6745
SERVO_p_TCGA_157_158_159_SNP_N_GenomeWideSNP_6_D11_831336	1	174801872	180748317	3958	0.0026
SERVO_p_TCGA_157_158_159_SNP_N_GenomeWideSNP_6_D11_831336	1	180750573	180753483	4	-1.511
SERVO_p_TCGA_157_158_159_SNP_N_GenomeWideSNP_6_D11_831336	1	180755661	187715854	4709	0.0187
SERVO_p_TCGA_157_158_159_SNP_N_GenomeWideSNP_6_D11_831336	1	187717560	187721369	2	-1.6127
SERVO_p_TCGA_157_158_159_SNP_N_GenomeWideSNP_6_D11_831336	1	187724610	189403366	1063	-0.0069
SERVO_p_TCGA_157_158_159_SNP_N_GenomeWideSNP_6_D11_831336	1	189403436	189453544	31	0.4261
SERVO_p_TCGA_157_158_159_SNP_N_GenomeWideSNP_6_D11_831336	1	189459019	192139234	1761	0.0109
SERVO_p_TCGA_157_158_159_SNP_N_GenomeWideSNP_6_D11_831336	1	192141837	192310247	94	-0.4075
SERVO_p_TCGA_157_158_159_SNP_N_GenomeWideSNP_6_D11_831336	1	192310550	194940905	1836	0.0274
SERVO_p_TCGA_157_158_159_SNP_N_GenomeWideSNP_6_D11_831336	1	194941094	194942904	24	0.4884
SERVO_p_TCGA_157_158_159_SNP_N_GenomeWideSNP_6_D11_831336	1	194943654	222366668	18669	0.0077
SERVO_p_TCGA_157_158_159_SNP_N_GenomeWideSNP_6_D11_831336	1	222374834	222377004	2	-3.2457
SERVO_p_TCGA_157_158_159_SNP_N_GenomeWideSNP_6_D11_831336	1	222382134	229811169	4439	0.0049
SERVO_p_TCGA_157_158_159_SNP_N_GenomeWideSNP_6_D11_831336	1	229816856	229820196	3	-2.8733
SERVO_p_TCGA_157_158_159_SNP_N_GenomeWideSNP_6_D11_831336	1	229820456	248737447	13850	0.0051
SERVO_p_TCGA_157_158_159_SNP_N_GenomeWideSNP_6_D11_831336	1	248749194	248809369	38	-0.4845
SERVO_p_TCGA_157_158_159_SNP_N_GenomeWideSNP_6_D11_831336	1	248818483	249224388	140	0.0245
SERVO_p_TCGA_157_158_159_SNP_N_GenomeWideSNP_6_D11_831336	2	12784	14706056	11030	0.0039
SERVO_p_TCGA_157_158_159_SNP_N_GenomeWideSNP_6_D11_831336	2	14706269	14710021	9	-0.9237
SERVO_p_TCGA_157_158_159_SNP_N_GenomeWideSNP_6_D11_831336	2	14710092	25095899	7146	0.0206
SERVO_p_TCGA_157_158_159_SNP_N_GenomeWideSNP_6_D11_831336	2	25096952	25099585	2	-1.5262
SERVO_p_TCGA_157_158_159_SNP_N_GenomeWideSNP_6_D11_831336	2	25100328	28595242	1689	0.0103
SERVO_p_TCGA_157_158_159_SNP_N_GenomeWideSNP_6_D11_831336	2	28597624	28597646	2	-2.0778
SERVO_p_TCGA_157_158_159_SNP_N_GenomeWideSNP_6_D11_831336	2	28599330	29209591	358	0.0747
SERVO_p_TCGA_157_158_159_SNP_N_GenomeWideSNP_6_D11_831336	2	29211231	29240060	22	-0.4495
SERVO_p_TCGA_157_158_159_SNP_N_GenomeWideSNP_6_D11_831336	2	29243662	34646084	3795	-0.0033
SERVO_p_TCGA_157_158_159_SNP_N_GenomeWideSNP_6_D11_831336	2	34646409	34737556	66	-0.2821
SERVO_p_TCGA_157_158_159_SNP_N_GenomeWideSNP_6_D11_831336	2	34738032	52737183	13009	0.0262
SERVO_p_TCGA_157_158_159_SNP_N_GenomeWideSNP_6_D11_831336	2	52738012	52781542	48	0.5911
SERVO_p_TCGA_157_158_159_SNP_N_GenomeWideSNP_6_D11_831336	2	52787949	90240473	22999	0.0193
SERVO_p_TCGA_157_158_159_SNP_N_GenomeWideSNP_6_D11_831336	2	90242076	90248524	11	-0.9044
SERVO_p_TCGA_157_158_159_SNP_N_GenomeWideSNP_6_D11_831336	2	90248784	97857927	1007	0.0299
SERVO_p_TCGA_157_158_159_SNP_N_GenomeWideSNP_6_D11_831336	2	97865337	97877173	15	-0.6369
SERVO_p_TCGA_157_158_159_SNP_N_GenomeWideSNP_6_D11_831336	2	97886334	98118212	24	0.0572
SERVO_p_TCGA_157_158_159_SNP_N_GenomeWideSNP_6_D11_831336	2	98140747	98162189	9	1.3801
SERVO_p_TCGA_157_158_159_SNP_N_GenomeWideSNP_6_D11_831336	2	98166878	106874497	5557	0.0057
SERVO_p_TCGA_157_158_159_SNP_N_GenomeWideSNP_6_D11_831336	2	106874649	106887255	15	0.5894
SERVO_p_TCGA_157_158_159_SNP_N_GenomeWideSNP_6_D11_831336	2	106887408	120247486	7641	0.009
SERVO_p_TCGA_157_158_159_SNP_N_GenomeWideSNP_6_D11_831336	2	120247853	120247911	2	-1.9499
SERVO_p_TCGA_157_158_159_SNP_N_GenomeWideSNP_6_D11_831336	2	120247938	129638478	5786	0.0075
SERVO_p_TCGA_157_158_159_SNP_N_GenomeWideSNP_6_D11_831336	2	129638502	129640315	14	0.6147
SERVO_p_TCGA_157_158_159_SNP_N_GenomeWideSNP_6_D11_831336	2	129640329	130241617	503	-0.0645
SERVO_p_TCGA_157_158_159_SNP_N_GenomeWideSNP_6_D11_831336	2	130242500	130246343	5	-1.2006
SERVO_p_TCGA_157_158_159_SNP_N_GenomeWideSNP_6_D11_831336	2	130246833	132242738	834	-0.0361
SERVO_p_TCGA_157_158_159_SNP_N_GenomeWideSNP_6_D11_831336	2	132243941	132274077	8	-0.93
SERVO_p_TCGA_157_158_159_SNP_N_GenomeWideSNP_6_D11_831336	2	132278640	133958149	981	0.0197
SERVO_p_TCGA_157_158_159_SNP_N_GenomeWideSNP_6_D11_831336	2	133958961	133960852	3	1.205
SERVO_p_TCGA_157_158_159_SNP_N_GenomeWideSNP_6_D11_831336	2	133964488	235938976	62885	0.016
SERVO_p_TCGA_157_158_159_SNP_N_GenomeWideSNP_6_D11_831336	2	235939043	235975710	24	-0.3981
SERVO_p_TCGA_157_158_159_SNP_N_GenomeWideSNP_6_D11_831336	2	235976245	236858216	634	-0.006
SERVO_p_TCGA_157_158_159_SNP_N_GenomeWideSNP_6_D11_831336	2	236858701	236858918	2	-2.1071
SERVO_p_TCGA_157_158_159_SNP_N_GenomeWideSNP_6_D11_831336	2	236861826	242783396	3542	-0.0071
SERVO_p_TCGA_157_158_159_SNP_N_GenomeWideSNP_6_D11_831336	2	242915466	243037611	112	-0.6887
SERVO_p_TCGA_157_158_159_SNP_N_GenomeWideSNP_6_D11_831336	2	243037629	243089456	26	0.0815
SERVO_p_TCGA_157_158_159_SNP_N_GenomeWideSNP_6_D11_831336	3	60345	16664547	13264	0.0146
SERVO_p_TCGA_157_158_159_SNP_N_GenomeWideSNP_6_D11_831336	3	16664814	16985093	221	-0.3997
SERVO_p_TCGA_157_158_159_SNP_N_GenomeWideSNP_6_D11_831336	3	16988959	60263721	27508	0.0121
SERVO_p_TCGA_157_158_159_SNP_N_GenomeWideSNP_6_D11_831336	3	60263928	60332001	67	-0.4317
SERVO_p_TCGA_157_158_159_SNP_N_GenomeWideSNP_6_D11_831336	3	60332883	60521596	213	-0.905
SERVO_p_TCGA_157_158_159_SNP_N_GenomeWideSNP_6_D11_831336	3	60525325	60610584	98	-0.3204
SERVO_p_TCGA_157_158_159_SNP_N_GenomeWideSNP_6_D11_831336	3	60611316	60655202	35	-1.027
SERVO_p_TCGA_157_158_159_SNP_N_GenomeWideSNP_6_D11_831336	3	60659133	60796635	160	-0.3868
SERVO_p_TCGA_157_158_159_SNP_N_GenomeWideSNP_6_D11_831336	3	60798166	60921707	121	0.0456
SERVO_p_TCGA_157_158_159_SNP_N_GenomeWideSNP_6_D11_831336	3	60923572	60974088	45	-0.3184
SERVO_p_TCGA_157_158_159_SNP_N_GenomeWideSNP_6_D11_831336	3	60975863	65188453	3578	0.0227
SERVO_p_TCGA_157_158_159_SNP_N_GenomeWideSNP_6_D11_831336	3	65189235	65199702	31	-0.7308
SERVO_p_TCGA_157_158_159_SNP_N_GenomeWideSNP_6_D11_831336	3	65199867	65203532	6	0.2683
SERVO_p_TCGA_157_158_159_SNP_N_GenomeWideSNP_6_D11_831336	3	65203538	65210452	16	-0.6111
SERVO_p_TCGA_157_158_159_SNP_N_GenomeWideSNP_6_D11_831336	3	65216349	68746164	2419	-0.0074
SERVO_p_TCGA_157_158_159_SNP_N_GenomeWideSNP_6_D11_831336	3	68746259	68747329	12	0.8787
SERVO_p_TCGA_157_158_159_SNP_N_GenomeWideSNP_6_D11_831336	3	68747364	75421170	4870	0.0011
SERVO_p_TCGA_157_158_159_SNP_N_GenomeWideSNP_6_D11_831336	3	75427107	75639507	76	-0.7535
SERVO_p_TCGA_157_158_159_SNP_N_GenomeWideSNP_6_D11_831336	3	75645384	108768088	16978	0.0093
SERVO_p_TCGA_157_158_159_SNP_N_GenomeWideSNP_6_D11_831336	3	108770763	108771445	2	1.4723
SERVO_p_TCGA_157_158_159_SNP_N_GenomeWideSNP_6_D11_831336	3	108772146	125443608	10298	0.0154
SERVO_p_TCGA_157_158_159_SNP_N_GenomeWideSNP_6_D11_831336	3	125446664	125466547	10	-1.0702
SERVO_p_TCGA_157_158_159_SNP_N_GenomeWideSNP_6_D11_831336	3	125469421	162532950	22796	0.0147
SERVO_p_TCGA_157_158_159_SNP_N_GenomeWideSNP_6_D11_831336	3	162534730	162540490	6	-1.4648
SERVO_p_TCGA_157_158_159_SNP_N_GenomeWideSNP_6_D11_831336	3	162545716	162615915	42	-0.1219
SERVO_p_TCGA_157_158_159_SNP_N_GenomeWideSNP_6_D11_831336	3	162623842	162623897	4	1.2146
SERVO_p_TCGA_157_158_159_SNP_N_GenomeWideSNP_6_D11_831336	3	162625980	165277045	1497	0.0391
SERVO_p_TCGA_157_158_159_SNP_N_GenomeWideSNP_6_D11_831336	3	165280892	165297115	21	0.5731
SERVO_p_TCGA_157_158_159_SNP_N_GenomeWideSNP_6_D11_831336	3	165297625	174922321	5960	0.037
SERVO_p_TCGA_157_158_159_SNP_N_GenomeWideSNP_6_D11_831336	3	174923526	175104208	215	-0.4047
SERVO_p_TCGA_157_158_159_SNP_N_GenomeWideSNP_6_D11_831336	3	175110690	192607392	11280	0.0201
SERVO_p_TCGA_157_158_159_SNP_N_GenomeWideSNP_6_D11_831336	3	192607657	192608551	8	0.9941
SERVO_p_TCGA_157_158_159_SNP_N_GenomeWideSNP_6_D11_831336	3	192608598	192877902	191	0.0178
SERVO_p_TCGA_157_158_159_SNP_N_GenomeWideSNP_6_D11_831336	3	192877962	192882483	14	0.6523
SERVO_p_TCGA_157_158_159_SNP_N_GenomeWideSNP_6_D11_831336	3	192882757	197896118	2709	0.0426
SERVO_p_TCGA_157_158_159_SNP_N_GenomeWideSNP_6_D11_831336	4	12281	65978	57	-0.4373
SERVO_p_TCGA_157_158_159_SNP_N_GenomeWideSNP_6_D11_831336	4	66719	152806	51	0.0645
SERVO_p_TCGA_157_158_159_SNP_N_GenomeWideSNP_6_D11_831336	4	155365	175546	12	0.6445
SERVO_p_TCGA_157_158_159_SNP_N_GenomeWideSNP_6_D11_831336	4	176521	7463304	4209	-0.0198
SERVO_p_TCGA_157_158_159_SNP_N_GenomeWideSNP_6_D11_831336	4	7463393	7472411	11	-0.7259
SERVO_p_TCGA_157_158_159_SNP_N_GenomeWideSNP_6_D11_831336	4	7473205	10210390	1444	-0.0141
SERVO_p_TCGA_157_158_159_SNP_N_GenomeWideSNP_6_D11_831336	4	10223416	10238436	37	-0.5889
SERVO_p_TCGA_157_158_159_SNP_N_GenomeWideSNP_6_D11_831336	4	10238961	10393154	170	-0.0249
SERVO_p_TCGA_157_158_159_SNP_N_GenomeWideSNP_6_D11_831336	4	10398318	10402718	15	0.5263
SERVO_p_TCGA_157_158_159_SNP_N_GenomeWideSNP_6_D11_831336	4	10402746	49267848	25800	-0.006
SERVO_p_TCGA_157_158_159_SNP_N_GenomeWideSNP_6_D11_831336	4	49291192	49291355	2	-1.9777
SERVO_p_TCGA_157_158_159_SNP_N_GenomeWideSNP_6_D11_831336	4	49297220	49620885	14	-0.1874
SERVO_p_TCGA_157_158_159_SNP_N_GenomeWideSNP_6_D11_831336	4	49643763	49656595	6	0.9404
SERVO_p_TCGA_157_158_159_SNP_N_GenomeWideSNP_6_D11_831336	4	49658223	55497886	1832	-0.0134
SERVO_p_TCGA_157_158_159_SNP_N_GenomeWideSNP_6_D11_831336	4	55501726	55501921	3	-1.9698
SERVO_p_TCGA_157_158_159_SNP_N_GenomeWideSNP_6_D11_831336	4	55505360	69367142	8647	-0.0119
SERVO_p_TCGA_157_158_159_SNP_N_GenomeWideSNP_6_D11_831336	4	69372003	69582483	76	0.6787
SERVO_p_TCGA_157_158_159_SNP_N_GenomeWideSNP_6_D11_831336	4	69591612	77717584	4933	0.0265
SERVO_p_TCGA_157_158_159_SNP_N_GenomeWideSNP_6_D11_831336	4	77719779	77725026	5	-1.0123
SERVO_p_TCGA_157_158_159_SNP_N_GenomeWideSNP_6_D11_831336	4	77725091	92074042	9026	0.0075
SERVO_p_TCGA_157_158_159_SNP_N_GenomeWideSNP_6_D11_831336	4	92074048	92080172	4	-1.1639
SERVO_p_TCGA_157_158_159_SNP_N_GenomeWideSNP_6_D11_831336	4	92080617	104215706	7054	0.0084
SERVO_p_TCGA_157_158_159_SNP_N_GenomeWideSNP_6_D11_831336	4	104218100	104218102	3	1.5948
SERVO_p_TCGA_157_158_159_SNP_N_GenomeWideSNP_6_D11_831336	4	104220104	108521785	2572	0.0196
SERVO_p_TCGA_157_158_159_SNP_N_GenomeWideSNP_6_D11_831336	4	108522041	108531269	5	-1.3804
SERVO_p_TCGA_157_158_159_SNP_N_GenomeWideSNP_6_D11_831336	4	108534358	115173700	4102	0.0068
SERVO_p_TCGA_157_158_159_SNP_N_GenomeWideSNP_6_D11_831336	4	115175323	115179541	17	-0.644
SERVO_p_TCGA_157_158_159_SNP_N_GenomeWideSNP_6_D11_831336	4	115179638	115182175	6	-2.0521
SERVO_p_TCGA_157_158_159_SNP_N_GenomeWideSNP_6_D11_831336	4	115184229	132147233	10046	2e-04
SERVO_p_TCGA_157_158_159_SNP_N_GenomeWideSNP_6_D11_831336	4	132160191	132162591	2	-1.5934
SERVO_p_TCGA_157_158_159_SNP_N_GenomeWideSNP_6_D11_831336	4	132164053	138092743	3197	-0.0167
SERVO_p_TCGA_157_158_159_SNP_N_GenomeWideSNP_6_D11_831336	4	138092757	138095121	11	0.7263
SERVO_p_TCGA_157_158_159_SNP_N_GenomeWideSNP_6_D11_831336	4	138108363	172368531	21440	0.0028
SERVO_p_TCGA_157_158_159_SNP_N_GenomeWideSNP_6_D11_831336	4	172369346	172381465	17	0.7936
SERVO_p_TCGA_157_158_159_SNP_N_GenomeWideSNP_6_D11_831336	4	172381510	191027923	12505	1e-04
SERVO_p_TCGA_157_158_159_SNP_N_GenomeWideSNP_6_D11_831336	5	15532	12819313	10205	-0.0139
SERVO_p_TCGA_157_158_159_SNP_N_GenomeWideSNP_6_D11_831336	5	12819375	12838533	11	0.8569
SERVO_p_TCGA_157_158_159_SNP_N_GenomeWideSNP_6_D11_831336	5	12849201	20436896	4918	0.0305
SERVO_p_TCGA_157_158_159_SNP_N_GenomeWideSNP_6_D11_831336	5	20436974	20443654	20	0.4372
SERVO_p_TCGA_157_158_159_SNP_N_GenomeWideSNP_6_D11_831336	5	20443671	55663909	19508	0.0083
SERVO_p_TCGA_157_158_159_SNP_N_GenomeWideSNP_6_D11_831336	5	55665490	55666467	2	-1.3522
SERVO_p_TCGA_157_158_159_SNP_N_GenomeWideSNP_6_D11_831336	5	55667276	57321646	1176	0.0278
SERVO_p_TCGA_157_158_159_SNP_N_GenomeWideSNP_6_D11_831336	5	57326027	57333533	32	1.1579
SERVO_p_TCGA_157_158_159_SNP_N_GenomeWideSNP_6_D11_831336	5	57338357	68846303	7299	0.0154
SERVO_p_TCGA_157_158_159_SNP_N_GenomeWideSNP_6_D11_831336	5	68867294	70391253	26	0.7217
SERVO_p_TCGA_157_158_159_SNP_N_GenomeWideSNP_6_D11_831336	5	70654072	97045121	15600	0.0148
SERVO_p_TCGA_157_158_159_SNP_N_GenomeWideSNP_6_D11_831336	5	97048466	97099684	44	-0.8663
SERVO_p_TCGA_157_158_159_SNP_N_GenomeWideSNP_6_D11_831336	5	97113402	103851221	3882	0.0514
SERVO_p_TCGA_157_158_159_SNP_N_GenomeWideSNP_6_D11_831336	5	103860373	103860604	4	-1.221
SERVO_p_TCGA_157_158_159_SNP_N_GenomeWideSNP_6_D11_831336	5	103861049	126086512	15150	0.0094
SERVO_p_TCGA_157_158_159_SNP_N_GenomeWideSNP_6_D11_831336	5	126088743	126449925	179	0.322
SERVO_p_TCGA_157_158_159_SNP_N_GenomeWideSNP_6_D11_831336	5	126450635	180790320	34911	0.0058
SERVO_p_TCGA_157_158_159_SNP_N_GenomeWideSNP_6_D11_831336	6	149661	26688496	20230	0.0075
SERVO_p_TCGA_157_158_159_SNP_N_GenomeWideSNP_6_D11_831336	6	26691642	26739025	24	0.2069
SERVO_p_TCGA_157_158_159_SNP_N_GenomeWideSNP_6_D11_831336	6	26742099	26758030	9	0.9825
SERVO_p_TCGA_157_158_159_SNP_N_GenomeWideSNP_6_D11_831336	6	26762387	32581889	2689	0.0129
SERVO_p_TCGA_157_158_159_SNP_N_GenomeWideSNP_6_D11_831336	6	32582203	32601317	9	1.1289
SERVO_p_TCGA_157_158_159_SNP_N_GenomeWideSNP_6_D11_831336	6	32602107	41618761	5931	-0.0014
SERVO_p_TCGA_157_158_159_SNP_N_GenomeWideSNP_6_D11_831336	6	41619050	41625429	6	-1.2443
SERVO_p_TCGA_157_158_159_SNP_N_GenomeWideSNP_6_D11_831336	6	41626625	48930865	4477	0.0319
SERVO_p_TCGA_157_158_159_SNP_N_GenomeWideSNP_6_D11_831336	6	48931729	48935200	3	-2.1481
SERVO_p_TCGA_157_158_159_SNP_N_GenomeWideSNP_6_D11_831336	6	48946563	65336942	7672	0.0226
SERVO_p_TCGA_157_158_159_SNP_N_GenomeWideSNP_6_D11_831336	6	65347544	65348992	2	1.5894
SERVO_p_TCGA_157_158_159_SNP_N_GenomeWideSNP_6_D11_831336	6	65350776	67008286	1106	-0.0104
SERVO_p_TCGA_157_158_159_SNP_N_GenomeWideSNP_6_D11_831336	6	67009023	67038021	33	-0.601
SERVO_p_TCGA_157_158_159_SNP_N_GenomeWideSNP_6_D11_831336	6	67038046	67043192	8	-1.9071
SERVO_p_TCGA_157_158_159_SNP_N_GenomeWideSNP_6_D11_831336	6	67043235	67048557	13	-0.5811
SERVO_p_TCGA_157_158_159_SNP_N_GenomeWideSNP_6_D11_831336	6	67048629	71698865	3091	-0.0027
SERVO_p_TCGA_157_158_159_SNP_N_GenomeWideSNP_6_D11_831336	6	71703773	71704432	2	-1.5191
SERVO_p_TCGA_157_158_159_SNP_N_GenomeWideSNP_6_D11_831336	6	71704908	76241527	2963	0.01
SERVO_p_TCGA_157_158_159_SNP_N_GenomeWideSNP_6_D11_831336	6	76242577	76252792	4	-1.4684
SERVO_p_TCGA_157_158_159_SNP_N_GenomeWideSNP_6_D11_831336	6	76252896	77440048	715	0.0135
SERVO_p_TCGA_157_158_159_SNP_N_GenomeWideSNP_6_D11_831336	6	77440094	77472584	29	0.3595
SERVO_p_TCGA_157_158_159_SNP_N_GenomeWideSNP_6_D11_831336	6	77472781	78932450	938	0.0221
SERVO_p_TCGA_157_158_159_SNP_N_GenomeWideSNP_6_D11_831336	6	78933749	79041773	147	0.2855
SERVO_p_TCGA_157_158_159_SNP_N_GenomeWideSNP_6_D11_831336	6	79041809	81284716	1431	0.0233
SERVO_p_TCGA_157_158_159_SNP_N_GenomeWideSNP_6_D11_831336	6	81284759	81289534	28	-0.6821
SERVO_p_TCGA_157_158_159_SNP_N_GenomeWideSNP_6_D11_831336	6	81294341	103737976	14010	0.0123
SERVO_p_TCGA_157_158_159_SNP_N_GenomeWideSNP_6_D11_831336	6	103738039	103762061	45	0.7643
SERVO_p_TCGA_157_158_159_SNP_N_GenomeWideSNP_6_D11_831336	6	103765470	171051005	44185	0.007
SERVO_p_TCGA_157_158_159_SNP_N_GenomeWideSNP_6_D11_831336	7	43355	16697438	11420	0.0167
SERVO_p_TCGA_157_158_159_SNP_N_GenomeWideSNP_6_D11_831336	7	16700447	16701844	10	-0.7758
SERVO_p_TCGA_157_158_159_SNP_N_GenomeWideSNP_6_D11_831336	7	16709708	21956623	4249	0.0459
SERVO_p_TCGA_157_158_159_SNP_N_GenomeWideSNP_6_D11_831336	7	21957458	21958303	2	1.6812
SERVO_p_TCGA_157_158_159_SNP_N_GenomeWideSNP_6_D11_831336	7	21962123	22434780	401	-0.006
SERVO_p_TCGA_157_158_159_SNP_N_GenomeWideSNP_6_D11_831336	7	22435472	22436487	2	1.8771
SERVO_p_TCGA_157_158_159_SNP_N_GenomeWideSNP_6_D11_831336	7	22438754	38319476	11327	0.0053
SERVO_p_TCGA_157_158_159_SNP_N_GenomeWideSNP_6_D11_831336	7	38319774	38323505	5	0.8333
SERVO_p_TCGA_157_158_159_SNP_N_GenomeWideSNP_6_D11_831336	7	38323690	38387443	102	5e-04
SERVO_p_TCGA_157_158_159_SNP_N_GenomeWideSNP_6_D11_831336	7	38391365	38398047	5	0.8528
SERVO_p_TCGA_157_158_159_SNP_N_GenomeWideSNP_6_D11_831336	7	38400957	42815903	3014	-0.0278
SERVO_p_TCGA_157_158_159_SNP_N_GenomeWideSNP_6_D11_831336	7	42817035	42834277	3	-1.5541
SERVO_p_TCGA_157_158_159_SNP_N_GenomeWideSNP_6_D11_831336	7	42835805	76479955	16634	-0.0043
SERVO_p_TCGA_157_158_159_SNP_N_GenomeWideSNP_6_D11_831336	7	76481072	76494552	16	0.5603
SERVO_p_TCGA_157_158_159_SNP_N_GenomeWideSNP_6_D11_831336	7	76494967	97232454	13346	0.0203
SERVO_p_TCGA_157_158_159_SNP_N_GenomeWideSNP_6_D11_831336	7	97233184	97240000	5	0.5308
SERVO_p_TCGA_157_158_159_SNP_N_GenomeWideSNP_6_D11_831336	7	97252238	97385970	109	0.0377
SERVO_p_TCGA_157_158_159_SNP_N_GenomeWideSNP_6_D11_831336	7	97395460	97395509	8	1.0887
SERVO_p_TCGA_157_158_159_SNP_N_GenomeWideSNP_6_D11_831336	7	97401932	97417610	29	0.0298
SERVO_p_TCGA_157_158_159_SNP_N_GenomeWideSNP_6_D11_831336	7	97420649	97420652	3	1.2894
SERVO_p_TCGA_157_158_159_SNP_N_GenomeWideSNP_6_D11_831336	7	97421090	101135224	1567	0.002
SERVO_p_TCGA_157_158_159_SNP_N_GenomeWideSNP_6_D11_831336	7	101135398	101137314	2	-1.5059
SERVO_p_TCGA_157_158_159_SNP_N_GenomeWideSNP_6_D11_831336	7	101141867	109433798	5029	0.0188
SERVO_p_TCGA_157_158_159_SNP_N_GenomeWideSNP_6_D11_831336	7	109437092	109441779	27	0.622
SERVO_p_TCGA_157_158_159_SNP_N_GenomeWideSNP_6_D11_831336	7	109441809	133235760	14384	0.0162
SERVO_p_TCGA_157_158_159_SNP_N_GenomeWideSNP_6_D11_831336	7	133237167	133397297	98	-0.4449
SERVO_p_TCGA_157_158_159_SNP_N_GenomeWideSNP_6_D11_831336	7	133399125	133778429	255	-0.0112
SERVO_p_TCGA_157_158_159_SNP_N_GenomeWideSNP_6_D11_831336	7	133778468	133790443	30	0.6812
SERVO_p_TCGA_157_158_159_SNP_N_GenomeWideSNP_6_D11_831336	7	133795634	135571288	1267	-0.0128
SERVO_p_TCGA_157_158_159_SNP_N_GenomeWideSNP_6_D11_831336	7	135571753	135572782	2	-1.6945
SERVO_p_TCGA_157_158_159_SNP_N_GenomeWideSNP_6_D11_831336	7	135573240	141770532	3941	-0.006
SERVO_p_TCGA_157_158_159_SNP_N_GenomeWideSNP_6_D11_831336	7	141770627	141792107	32	-0.3964
SERVO_p_TCGA_157_158_159_SNP_N_GenomeWideSNP_6_D11_831336	7	141795281	142099013	198	0.0409
SERVO_p_TCGA_157_158_159_SNP_N_GenomeWideSNP_6_D11_831336	7	142099968	142099988	2	-1.8067
SERVO_p_TCGA_157_158_159_SNP_N_GenomeWideSNP_6_D11_831336	7	142108892	159127004	10835	0.0022
SERVO_p_TCGA_157_158_159_SNP_N_GenomeWideSNP_6_D11_831336	8	31254	7238019	7845	-4e-04
SERVO_p_TCGA_157_158_159_SNP_N_GenomeWideSNP_6_D11_831336	8	7250380	7730153	109	0.3376
SERVO_p_TCGA_157_158_159_SNP_N_GenomeWideSNP_6_D11_831336	8	7730693	16259612	6962	0.0109
SERVO_p_TCGA_157_158_159_SNP_N_GenomeWideSNP_6_D11_831336	8	16262235	16274409	25	-0.5145
SERVO_p_TCGA_157_158_159_SNP_N_GenomeWideSNP_6_D11_831336	8	16274424	39226349	15910	0.0069
SERVO_p_TCGA_157_158_159_SNP_N_GenomeWideSNP_6_D11_831336	8	39230183	39386965	62	0.7285
SERVO_p_TCGA_157_158_159_SNP_N_GenomeWideSNP_6_D11_831336	8	39388299	146298155	64902	0.0033
SERVO_p_TCGA_157_158_159_SNP_N_GenomeWideSNP_6_D11_831336	9	46587	5106023	5276	0.0232
SERVO_p_TCGA_157_158_159_SNP_N_GenomeWideSNP_6_D11_831336	9	5106680	5106800	6	1.236
SERVO_p_TCGA_157_158_159_SNP_N_GenomeWideSNP_6_D11_831336	9	5108574	22492889	14569	0.0243
SERVO_p_TCGA_157_158_159_SNP_N_GenomeWideSNP_6_D11_831336	9	22501913	22502699	2	-2.3665
SERVO_p_TCGA_157_158_159_SNP_N_GenomeWideSNP_6_D11_831336	9	22509340	141091394	59944	0.0061
SERVO_p_TCGA_157_158_159_SNP_N_GenomeWideSNP_6_D11_831336	10	72759	1408581	801	0.0239
SERVO_p_TCGA_157_158_159_SNP_N_GenomeWideSNP_6_D11_831336	10	1409973	1414085	2	-2.3424
SERVO_p_TCGA_157_158_159_SNP_N_GenomeWideSNP_6_D11_831336	10	1414544	5652018	3987	0.0132
SERVO_p_TCGA_157_158_159_SNP_N_GenomeWideSNP_6_D11_831336	10	5652237	5712366	30	-0.4254
SERVO_p_TCGA_157_158_159_SNP_N_GenomeWideSNP_6_D11_831336	10	5714557	17894976	10034	-0.0141
SERVO_p_TCGA_157_158_159_SNP_N_GenomeWideSNP_6_D11_831336	10	17927554	17949857	3	-1.3498
SERVO_p_TCGA_157_158_159_SNP_N_GenomeWideSNP_6_D11_831336	10	17971816	24377674	4352	0.0195
SERVO_p_TCGA_157_158_159_SNP_N_GenomeWideSNP_6_D11_831336	10	24377675	24378054	10	-1.4697
SERVO_p_TCGA_157_158_159_SNP_N_GenomeWideSNP_6_D11_831336	10	24378908	36242672	8325	0.0128
SERVO_p_TCGA_157_158_159_SNP_N_GenomeWideSNP_6_D11_831336	10	36244315	36244899	3	-1.6046
SERVO_p_TCGA_157_158_159_SNP_N_GenomeWideSNP_6_D11_831336	10	36245024	46543857	3963	-0.0109
SERVO_p_TCGA_157_158_159_SNP_N_GenomeWideSNP_6_D11_831336	10	46585050	47055711	85	0.3108
SERVO_p_TCGA_157_158_159_SNP_N_GenomeWideSNP_6_D11_831336	10	47058792	47059821	22	1.1661
SERVO_p_TCGA_157_158_159_SNP_N_GenomeWideSNP_6_D11_831336	10	47062311	47704621	259	0.4666
SERVO_p_TCGA_157_158_159_SNP_N_GenomeWideSNP_6_D11_831336	10	47704637	48771950	301	-0.0306
SERVO_p_TCGA_157_158_159_SNP_N_GenomeWideSNP_6_D11_831336	10	48837810	48840627	2	1.9724
SERVO_p_TCGA_157_158_159_SNP_N_GenomeWideSNP_6_D11_831336	10	48883402	58512855	6335	0.0057
SERVO_p_TCGA_157_158_159_SNP_N_GenomeWideSNP_6_D11_831336	10	58516375	58516521	3	0.9811
SERVO_p_TCGA_157_158_159_SNP_N_GenomeWideSNP_6_D11_831336	10	58516539	58521702	17	0.2025
SERVO_p_TCGA_157_158_159_SNP_N_GenomeWideSNP_6_D11_831336	10	58521799	58523497	7	0.8026
SERVO_p_TCGA_157_158_159_SNP_N_GenomeWideSNP_6_D11_831336	10	58523733	67306158	6123	0.0219
SERVO_p_TCGA_157_158_159_SNP_N_GenomeWideSNP_6_D11_831336	10	67306276	67314446	29	0.7587
SERVO_p_TCGA_157_158_159_SNP_N_GenomeWideSNP_6_D11_831336	10	67322795	68478775	905	0.0332
SERVO_p_TCGA_157_158_159_SNP_N_GenomeWideSNP_6_D11_831336	10	68479365	68551569	55	0.3181
SERVO_p_TCGA_157_158_159_SNP_N_GenomeWideSNP_6_D11_831336	10	68552334	88913910	13465	-0.0084
SERVO_p_TCGA_157_158_159_SNP_N_GenomeWideSNP_6_D11_831336	10	88922304	88929420	2	1.8956
SERVO_p_TCGA_157_158_159_SNP_N_GenomeWideSNP_6_D11_831336	10	88931513	89018962	20	0.0499
SERVO_p_TCGA_157_158_159_SNP_N_GenomeWideSNP_6_D11_831336	10	89019812	89164708	27	0.4331
SERVO_p_TCGA_157_158_159_SNP_N_GenomeWideSNP_6_D11_831336	10	89165833	100011423	7092	0.025
SERVO_p_TCGA_157_158_159_SNP_N_GenomeWideSNP_6_D11_831336	10	100015849	100016274	2	-2.4345
SERVO_p_TCGA_157_158_159_SNP_N_GenomeWideSNP_6_D11_831336	10	100018630	135506704	24667	-0.0023
SERVO_p_TCGA_157_158_159_SNP_N_GenomeWideSNP_6_D11_831336	11	198510	349250	75	-0.0604
SERVO_p_TCGA_157_158_159_SNP_N_GenomeWideSNP_6_D11_831336	11	364390	365502	2	-3.5566
SERVO_p_TCGA_157_158_159_SNP_N_GenomeWideSNP_6_D11_831336	11	366435	4968117	2389	0.0058
SERVO_p_TCGA_157_158_159_SNP_N_GenomeWideSNP_6_D11_831336	11	4968510	4976272	30	-1.1024
SERVO_p_TCGA_157_158_159_SNP_N_GenomeWideSNP_6_D11_831336	11	4976334	5783112	790	-0.0186
SERVO_p_TCGA_157_158_159_SNP_N_GenomeWideSNP_6_D11_831336	11	5783395	5809139	36	0.3438
SERVO_p_TCGA_157_158_159_SNP_N_GenomeWideSNP_6_D11_831336	11	5809338	33915001	20198	0.0066
SERVO_p_TCGA_157_158_159_SNP_N_GenomeWideSNP_6_D11_831336	11	33915751	33915891	2	-1.6147
SERVO_p_TCGA_157_158_159_SNP_N_GenomeWideSNP_6_D11_831336	11	33917017	51564427	10824	0.0122
SERVO_p_TCGA_157_158_159_SNP_N_GenomeWideSNP_6_D11_831336	11	54701645	54758291	4	1.2761
SERVO_p_TCGA_157_158_159_SNP_N_GenomeWideSNP_6_D11_831336	11	54773893	107230719	32684	0.0052
SERVO_p_TCGA_157_158_159_SNP_N_GenomeWideSNP_6_D11_831336	11	107238656	107238931	6	1.1166
SERVO_p_TCGA_157_158_159_SNP_N_GenomeWideSNP_6_D11_831336	11	107239128	134944770	19908	-0.0123
SERVO_p_TCGA_157_158_159_SNP_N_GenomeWideSNP_6_D11_831336	12	150442	869198	416	-0.0575
SERVO_p_TCGA_157_158_159_SNP_N_GenomeWideSNP_6_D11_831336	12	869263	873504	14	-0.6489
SERVO_p_TCGA_157_158_159_SNP_N_GenomeWideSNP_6_D11_831336	12	873944	9619705	5752	-0.0066
SERVO_p_TCGA_157_158_159_SNP_N_GenomeWideSNP_6_D11_831336	12	9620109	9627238	5	0.5767
SERVO_p_TCGA_157_158_159_SNP_N_GenomeWideSNP_6_D11_831336	12	9630556	9728292	26	1.2842
SERVO_p_TCGA_157_158_159_SNP_N_GenomeWideSNP_6_D11_831336	12	9734969	11512492	1190	0.0123
SERVO_p_TCGA_157_158_159_SNP_N_GenomeWideSNP_6_D11_831336	12	11512531	11536114	21	-0.5765
SERVO_p_TCGA_157_158_159_SNP_N_GenomeWideSNP_6_D11_831336	12	11536115	33301406	15423	0.0199
SERVO_p_TCGA_157_158_159_SNP_N_GenomeWideSNP_6_D11_831336	12	33301426	33307374	26	-0.3803
SERVO_p_TCGA_157_158_159_SNP_N_GenomeWideSNP_6_D11_831336	12	33308360	34231523	582	0.084
SERVO_p_TCGA_157_158_159_SNP_N_GenomeWideSNP_6_D11_831336	12	34239991	34244945	5	1.217
SERVO_p_TCGA_157_158_159_SNP_N_GenomeWideSNP_6_D11_831336	12	34246785	53459101	9434	0.0097
SERVO_p_TCGA_157_158_159_SNP_N_GenomeWideSNP_6_D11_831336	12	53459881	53463972	5	-1.0164
SERVO_p_TCGA_157_158_159_SNP_N_GenomeWideSNP_6_D11_831336	12	53466669	71799866	11425	0.0116
SERVO_p_TCGA_157_158_159_SNP_N_GenomeWideSNP_6_D11_831336	12	71800669	71817027	9	0.5295
SERVO_p_TCGA_157_158_159_SNP_N_GenomeWideSNP_6_D11_831336	12	71818895	130959027	39078	0.005
SERVO_p_TCGA_157_158_159_SNP_N_GenomeWideSNP_6_D11_831336	12	130960027	130960735	3	-2.1448
SERVO_p_TCGA_157_158_159_SNP_N_GenomeWideSNP_6_D11_831336	12	130961326	133778189	1516	-0.015
SERVO_p_TCGA_157_158_159_SNP_N_GenomeWideSNP_6_D11_831336	13	19026949	32532121	9622	0.0099
SERVO_p_TCGA_157_158_159_SNP_N_GenomeWideSNP_6_D11_831336	13	32532622	32538094	16	-0.9725
SERVO_p_TCGA_157_158_159_SNP_N_GenomeWideSNP_6_D11_831336	13	32538408	72476988	25475	0.0052
SERVO_p_TCGA_157_158_159_SNP_N_GenomeWideSNP_6_D11_831336	13	72477555	72480556	4	-2.3266
SERVO_p_TCGA_157_158_159_SNP_N_GenomeWideSNP_6_D11_831336	13	72480605	106131138	22753	0.009
SERVO_p_TCGA_157_158_159_SNP_N_GenomeWideSNP_6_D11_831336	13	106131283	106132719	3	1.4375
SERVO_p_TCGA_157_158_159_SNP_N_GenomeWideSNP_6_D11_831336	13	106133158	115108397	6329	0.0154
SERVO_p_TCGA_157_158_159_SNP_N_GenomeWideSNP_6_D11_831336	14	19002124	67132780	29930	0.0111
SERVO_p_TCGA_157_158_159_SNP_N_GenomeWideSNP_6_D11_831336	14	67135159	67253207	64	-0.3572
SERVO_p_TCGA_157_158_159_SNP_N_GenomeWideSNP_6_D11_831336	14	67256185	71152433	2400	0.0396
SERVO_p_TCGA_157_158_159_SNP_N_GenomeWideSNP_6_D11_831336	14	71154978	71155732	2	1.9117
SERVO_p_TCGA_157_158_159_SNP_N_GenomeWideSNP_6_D11_831336	14	71155984	99364979	19193	9e-04
SERVO_p_TCGA_157_158_159_SNP_N_GenomeWideSNP_6_D11_831336	14	99365099	99369176	8	-0.7934
SERVO_p_TCGA_157_158_159_SNP_N_GenomeWideSNP_6_D11_831336	14	99372309	106715489	3568	-0.0043
SERVO_p_TCGA_157_158_159_SNP_N_GenomeWideSNP_6_D11_831336	14	106717356	106736240	10	-0.7324
SERVO_p_TCGA_157_158_159_SNP_N_GenomeWideSNP_6_D11_831336	14	106736924	106868554	64	0.0882
SERVO_p_TCGA_157_158_159_SNP_N_GenomeWideSNP_6_D11_831336	14	106872062	106948568	64	-0.2712
SERVO_p_TCGA_157_158_159_SNP_N_GenomeWideSNP_6_D11_831336	14	106949073	107285437	213	0.0547
SERVO_p_TCGA_157_158_159_SNP_N_GenomeWideSNP_6_D11_831336	15	20016328	20175864	35	0.1253
SERVO_p_TCGA_157_158_159_SNP_N_GenomeWideSNP_6_D11_831336	15	20176511	20578421	62	-0.3926
SERVO_p_TCGA_157_158_159_SNP_N_GenomeWideSNP_6_D11_831336	15	20581451	20581564	7	1.0424
SERVO_p_TCGA_157_158_159_SNP_N_GenomeWideSNP_6_D11_831336	15	20585988	22350997	224	-0.3861
SERVO_p_TCGA_157_158_159_SNP_N_GenomeWideSNP_6_D11_831336	15	22351118	34719935	7485	-0.0097
SERVO_p_TCGA_157_158_159_SNP_N_GenomeWideSNP_6_D11_831336	15	34722802	34830253	66	-0.6233
SERVO_p_TCGA_157_158_159_SNP_N_GenomeWideSNP_6_D11_831336	15	34830388	47144386	7394	0.0046
SERVO_p_TCGA_157_158_159_SNP_N_GenomeWideSNP_6_D11_831336	15	47146711	47154865	15	-0.7217
SERVO_p_TCGA_157_158_159_SNP_N_GenomeWideSNP_6_D11_831336	15	47156579	76869929	19009	0.011
SERVO_p_TCGA_157_158_159_SNP_N_GenomeWideSNP_6_D11_831336	15	76878362	76895775	23	1.024
SERVO_p_TCGA_157_158_159_SNP_N_GenomeWideSNP_6_D11_831336	15	76902179	86346685	5416	0.0058
SERVO_p_TCGA_157_158_159_SNP_N_GenomeWideSNP_6_D11_831336	15	86347374	86350204	17	0.5496
SERVO_p_TCGA_157_158_159_SNP_N_GenomeWideSNP_6_D11_831336	15	86350284	102469040	12217	-0.0033
SERVO_p_TCGA_157_158_159_SNP_N_GenomeWideSNP_6_D11_831336	16	60777	17093898	11970	-0.0021
SERVO_p_TCGA_157_158_159_SNP_N_GenomeWideSNP_6_D11_831336	16	17094867	17095414	2	2.5351
SERVO_p_TCGA_157_158_159_SNP_N_GenomeWideSNP_6_D11_831336	16	17095574	19738053	1430	0.0338
SERVO_p_TCGA_157_158_159_SNP_N_GenomeWideSNP_6_D11_831336	16	19738757	19739280	3	-1.4676
SERVO_p_TCGA_157_158_159_SNP_N_GenomeWideSNP_6_D11_831336	16	19743703	27086032	4642	-0.0046
SERVO_p_TCGA_157_158_159_SNP_N_GenomeWideSNP_6_D11_831336	16	27087615	27089919	2	-1.6578
SERVO_p_TCGA_157_158_159_SNP_N_GenomeWideSNP_6_D11_831336	16	27090704	27804403	442	-0.0037
SERVO_p_TCGA_157_158_159_SNP_N_GenomeWideSNP_6_D11_831336	16	27805133	27807865	6	-0.874
SERVO_p_TCGA_157_158_159_SNP_N_GenomeWideSNP_6_D11_831336	16	27807984	34470704	2008	0.0119
SERVO_p_TCGA_157_158_159_SNP_N_GenomeWideSNP_6_D11_831336	16	34471298	34757071	167	0.441
SERVO_p_TCGA_157_158_159_SNP_N_GenomeWideSNP_6_D11_831336	16	34760967	55796594	6596	-0.0016
SERVO_p_TCGA_157_158_159_SNP_N_GenomeWideSNP_6_D11_831336	16	55798222	55798779	3	1.8454
SERVO_p_TCGA_157_158_159_SNP_N_GenomeWideSNP_6_D11_831336	16	55804348	73832216	10858	-0.0054
SERVO_p_TCGA_157_158_159_SNP_N_GenomeWideSNP_6_D11_831336	16	73835171	73838167	2	-1.8191
SERVO_p_TCGA_157_158_159_SNP_N_GenomeWideSNP_6_D11_831336	16	73839796	74937828	655	-7e-04
SERVO_p_TCGA_157_158_159_SNP_N_GenomeWideSNP_6_D11_831336	16	74938083	74938989	3	1.2855
SERVO_p_TCGA_157_158_159_SNP_N_GenomeWideSNP_6_D11_831336	16	74941053	78706297	3348	-0.04
SERVO_p_TCGA_157_158_159_SNP_N_GenomeWideSNP_6_D11_831336	16	78706789	78738739	45	-0.5758
SERVO_p_TCGA_157_158_159_SNP_N_GenomeWideSNP_6_D11_831336	16	78739257	79031237	387	-0.0459
SERVO_p_TCGA_157_158_159_SNP_N_GenomeWideSNP_6_D11_831336	16	79031244	79117608	152	-0.4834
SERVO_p_TCGA_157_158_159_SNP_N_GenomeWideSNP_6_D11_831336	16	79118610	89417017	9221	-0.0123
SERVO_p_TCGA_157_158_159_SNP_N_GenomeWideSNP_6_D11_831336	16	89420230	89481274	42	-0.4189
SERVO_p_TCGA_157_158_159_SNP_N_GenomeWideSNP_6_D11_831336	16	89483899	90287535	330	0.0377
SERVO_p_TCGA_157_158_159_SNP_N_GenomeWideSNP_6_D11_831336	17	526	1095318	534	0.0378
SERVO_p_TCGA_157_158_159_SNP_N_GenomeWideSNP_6_D11_831336	17	1101229	1241330	52	-0.5114
SERVO_p_TCGA_157_158_159_SNP_N_GenomeWideSNP_6_D11_831336	17	1242155	39423090	20338	-0.0046
SERVO_p_TCGA_157_158_159_SNP_N_GenomeWideSNP_6_D11_831336	17	39423103	39423305	5	1.6776
SERVO_p_TCGA_157_158_159_SNP_N_GenomeWideSNP_6_D11_831336	17	39423320	39430157	10	0.5013
SERVO_p_TCGA_157_158_159_SNP_N_GenomeWideSNP_6_D11_831336	17	39430173	39430450	3	2.0998
SERVO_p_TCGA_157_158_159_SNP_N_GenomeWideSNP_6_D11_831336	17	39430531	43804670	2256	0.0172
SERVO_p_TCGA_157_158_159_SNP_N_GenomeWideSNP_6_D11_831336	17	43804718	43807599	5	-0.8653
SERVO_p_TCGA_157_158_159_SNP_N_GenomeWideSNP_6_D11_831336	17	43807619	44254494	329	0.0845
SERVO_p_TCGA_157_158_159_SNP_N_GenomeWideSNP_6_D11_831336	17	44262950	44764994	95	0.6223
SERVO_p_TCGA_157_158_159_SNP_N_GenomeWideSNP_6_D11_831336	17	44784652	54159044	5797	0.0094
SERVO_p_TCGA_157_158_159_SNP_N_GenomeWideSNP_6_D11_831336	17	54160914	54172823	28	-0.8415
SERVO_p_TCGA_157_158_159_SNP_N_GenomeWideSNP_6_D11_831336	17	54173247	68886613	8658	0.0112
SERVO_p_TCGA_157_158_159_SNP_N_GenomeWideSNP_6_D11_831336	17	68891829	68892350	3	-1.2965
SERVO_p_TCGA_157_158_159_SNP_N_GenomeWideSNP_6_D11_831336	17	68893098	81049726	7089	-2e-04
SERVO_p_TCGA_157_158_159_SNP_N_GenomeWideSNP_6_D11_831336	18	11543	4305968	3086	0.0324
SERVO_p_TCGA_157_158_159_SNP_N_GenomeWideSNP_6_D11_831336	18	4308100	4313642	10	-0.7924
SERVO_p_TCGA_157_158_159_SNP_N_GenomeWideSNP_6_D11_831336	18	4315254	12003320	5683	-0.0127
SERVO_p_TCGA_157_158_159_SNP_N_GenomeWideSNP_6_D11_831336	18	12004090	12006035	6	1.1342
SERVO_p_TCGA_157_158_159_SNP_N_GenomeWideSNP_6_D11_831336	18	12006059	13506012	836	0.0103
SERVO_p_TCGA_157_158_159_SNP_N_GenomeWideSNP_6_D11_831336	18	13506046	13605056	98	-0.4442
SERVO_p_TCGA_157_158_159_SNP_N_GenomeWideSNP_6_D11_831336	18	13606170	78015057	41003	0.0067
SERVO_p_TCGA_157_158_159_SNP_N_GenomeWideSNP_6_D11_831336	19	90910	44199523	20986	-0.0105
SERVO_p_TCGA_157_158_159_SNP_N_GenomeWideSNP_6_D11_831336	19	44208978	44317360	64	0.3291
SERVO_p_TCGA_157_158_159_SNP_N_GenomeWideSNP_6_D11_831336	19	44318199	52127134	3829	-0.007
SERVO_p_TCGA_157_158_159_SNP_N_GenomeWideSNP_6_D11_831336	19	52127271	52157269	25	0.4682
SERVO_p_TCGA_157_158_159_SNP_N_GenomeWideSNP_6_D11_831336	19	52157415	59097854	4368	-0.0173
SERVO_p_TCGA_157_158_159_SNP_N_GenomeWideSNP_6_D11_831336	20	61305	704353	479	0.0296
SERVO_p_TCGA_157_158_159_SNP_N_GenomeWideSNP_6_D11_831336	20	704452	707712	7	-1.0512
SERVO_p_TCGA_157_158_159_SNP_N_GenomeWideSNP_6_D11_831336	20	711775	1545410	683	-0.0083
SERVO_p_TCGA_157_158_159_SNP_N_GenomeWideSNP_6_D11_831336	20	1546762	1561580	37	-0.4818
SERVO_p_TCGA_157_158_159_SNP_N_GenomeWideSNP_6_D11_831336	20	1561667	14583507	9812	0.0119
SERVO_p_TCGA_157_158_159_SNP_N_GenomeWideSNP_6_D11_831336	20	14584633	14641672	39	-0.3802
SERVO_p_TCGA_157_158_159_SNP_N_GenomeWideSNP_6_D11_831336	20	14643901	14739573	71	-0.0323
SERVO_p_TCGA_157_158_159_SNP_N_GenomeWideSNP_6_D11_831336	20	14745198	14785081	36	-0.5691
SERVO_p_TCGA_157_158_159_SNP_N_GenomeWideSNP_6_D11_831336	20	14785934	14792838	8	0.1855
SERVO_p_TCGA_157_158_159_SNP_N_GenomeWideSNP_6_D11_831336	20	14793415	14823905	50	-0.4419
SERVO_p_TCGA_157_158_159_SNP_N_GenomeWideSNP_6_D11_831336	20	14830596	14902522	84	-0.8832
SERVO_p_TCGA_157_158_159_SNP_N_GenomeWideSNP_6_D11_831336	20	14904124	14904170	2	-3.7043
SERVO_p_TCGA_157_158_159_SNP_N_GenomeWideSNP_6_D11_831336	20	14906526	15007730	74	-0.7536
SERVO_p_TCGA_157_158_159_SNP_N_GenomeWideSNP_6_D11_831336	20	15008029	15025254	14	-1.2509
SERVO_p_TCGA_157_158_159_SNP_N_GenomeWideSNP_6_D11_831336	20	15025831	15143806	120	-0.5857
SERVO_p_TCGA_157_158_159_SNP_N_GenomeWideSNP_6_D11_831336	20	15144268	29420553	8516	-0.0036
SERVO_p_TCGA_157_158_159_SNP_N_GenomeWideSNP_6_D11_831336	20	29428523	29529825	23	-0.476
SERVO_p_TCGA_157_158_159_SNP_N_GenomeWideSNP_6_D11_831336	20	29529915	62956153	22376	-0.0106
SERVO_p_TCGA_157_158_159_SNP_N_GenomeWideSNP_6_D11_831336	21	10736871	10988391	65	-0.0107
SERVO_p_TCGA_157_158_159_SNP_N_GenomeWideSNP_6_D11_831336	21	10988435	11091483	31	0.3952
SERVO_p_TCGA_157_158_159_SNP_N_GenomeWideSNP_6_D11_831336	21	11091682	35841186	15283	0.0032
SERVO_p_TCGA_157_158_159_SNP_N_GenomeWideSNP_6_D11_831336	21	35841279	35841740	2	1.8993
SERVO_p_TCGA_157_158_159_SNP_N_GenomeWideSNP_6_D11_831336	21	35848812	48096957	8988	0.0143
SERVO_p_TCGA_157_158_159_SNP_N_GenomeWideSNP_6_D11_831336	22	16052528	16055207	3	-1.4973
SERVO_p_TCGA_157_158_159_SNP_N_GenomeWideSNP_6_D11_831336	22	16058854	38461589	14995	-0.0031
SERVO_p_TCGA_157_158_159_SNP_N_GenomeWideSNP_6_D11_831336	22	38463141	38473385	3	-1.8113
SERVO_p_TCGA_157_158_159_SNP_N_GenomeWideSNP_6_D11_831336	22	38475105	39290920	432	-0.0298
SERVO_p_TCGA_157_158_159_SNP_N_GenomeWideSNP_6_D11_831336	22	39295255	39296904	3	-2.6086
SERVO_p_TCGA_157_158_159_SNP_N_GenomeWideSNP_6_D11_831336	22	39299114	49533216	7096	-0.0264
SERVO_p_TCGA_157_158_159_SNP_N_GenomeWideSNP_6_D11_831336	22	49533282	49537896	7	-1.5824
SERVO_p_TCGA_157_158_159_SNP_N_GenomeWideSNP_6_D11_831336	22	49538082	51234455	963	-0.0545
SERVO_p_TCGA_157_158_159_SNP_N_GenomeWideSNP_6_D11_831336	X	168477	129623643	69125	0.0157
SERVO_p_TCGA_157_158_159_SNP_N_GenomeWideSNP_6_D11_831336	X	129626318	129627223	2	-6.0589
SERVO_p_TCGA_157_158_159_SNP_N_GenomeWideSNP_6_D11_831336	X	129627771	137572670	4282	0.0016
SERVO_p_TCGA_157_158_159_SNP_N_GenomeWideSNP_6_D11_831336	X	137572728	137574256	9	-2.052
SERVO_p_TCGA_157_158_159_SNP_N_GenomeWideSNP_6_D11_831336	X	137574366	152038869	9461	-0.005
SERVO_p_TCGA_157_158_159_SNP_N_GenomeWideSNP_6_D11_831336	X	152039527	152042211	5	-3.3337
SERVO_p_TCGA_157_158_159_SNP_N_GenomeWideSNP_6_D11_831336	X	152042387	155182354	1318	-0.0246
SERVO_p_TCGA_157_158_159_SNP_N_GenomeWideSNP_6_D11_831336	Y	2650438	59018259	8631	-0.982
