Sample	Chromosome	Start	End	Num_Probes	Segment_Mean
FOXED_p_TCGA_b122_128_SNP_N_GenomeWideSNP_6_A10_781806	1	61735	72776	8	0.2294
FOXED_p_TCGA_b122_128_SNP_N_GenomeWideSNP_6_A10_781806	1	82170	228706	10	-0.6842
FOXED_p_TCGA_b122_128_SNP_N_GenomeWideSNP_6_A10_781806	1	228729	14496905	7196	0.0449
FOXED_p_TCGA_b122_128_SNP_N_GenomeWideSNP_6_A10_781806	1	14497557	15109860	474	-0.7706
FOXED_p_TCGA_b122_128_SNP_N_GenomeWideSNP_6_A10_781806	1	15111137	16149288	730	0.0727
FOXED_p_TCGA_b122_128_SNP_N_GenomeWideSNP_6_A10_781806	1	16149343	16153925	8	0.7791
FOXED_p_TCGA_b122_128_SNP_N_GenomeWideSNP_6_A10_781806	1	16154201	17012422	360	0.0684
FOXED_p_TCGA_b122_128_SNP_N_GenomeWideSNP_6_A10_781806	1	17012456	17262232	110	-0.2386
FOXED_p_TCGA_b122_128_SNP_N_GenomeWideSNP_6_A10_781806	1	17262247	22603889	3550	0.0747
FOXED_p_TCGA_b122_128_SNP_N_GenomeWideSNP_6_A10_781806	1	22605023	22615740	5	-0.8642
FOXED_p_TCGA_b122_128_SNP_N_GenomeWideSNP_6_A10_781806	1	22615804	25583341	1720	0.1082
FOXED_p_TCGA_b122_128_SNP_N_GenomeWideSNP_6_A10_781806	1	25593128	25646946	27	-1.7923
FOXED_p_TCGA_b122_128_SNP_N_GenomeWideSNP_6_A10_781806	1	25646986	35091674	4971	0.073
FOXED_p_TCGA_b122_128_SNP_N_GenomeWideSNP_6_A10_781806	1	35102654	35114268	21	-0.6064
FOXED_p_TCGA_b122_128_SNP_N_GenomeWideSNP_6_A10_781806	1	35115542	39070486	2158	0.0609
FOXED_p_TCGA_b122_128_SNP_N_GenomeWideSNP_6_A10_781806	1	39070541	39070561	2	-1.7941
FOXED_p_TCGA_b122_128_SNP_N_GenomeWideSNP_6_A10_781806	1	39070859	59809288	12732	0.0746
FOXED_p_TCGA_b122_128_SNP_N_GenomeWideSNP_6_A10_781806	1	59816097	60143092	200	-0.6185
FOXED_p_TCGA_b122_128_SNP_N_GenomeWideSNP_6_A10_781806	1	60143300	62113102	1396	0.1076
FOXED_p_TCGA_b122_128_SNP_N_GenomeWideSNP_6_A10_781806	1	62114006	62119809	5	-0.6577
FOXED_p_TCGA_b122_128_SNP_N_GenomeWideSNP_6_A10_781806	1	62119978	63562762	1033	0.0946
FOXED_p_TCGA_b122_128_SNP_N_GenomeWideSNP_6_A10_781806	1	63564010	63578254	18	-0.8086
FOXED_p_TCGA_b122_128_SNP_N_GenomeWideSNP_6_A10_781806	1	63580778	72750353	6321	0.0833
FOXED_p_TCGA_b122_128_SNP_N_GenomeWideSNP_6_A10_781806	1	72756113	72763370	9	-0.8671
FOXED_p_TCGA_b122_128_SNP_N_GenomeWideSNP_6_A10_781806	1	72768418	72811148	48	1.0187
FOXED_p_TCGA_b122_128_SNP_N_GenomeWideSNP_6_A10_781806	1	72811904	100740472	18024	0.0746
FOXED_p_TCGA_b122_128_SNP_N_GenomeWideSNP_6_A10_781806	1	100744260	100744420	2	-0.9745
FOXED_p_TCGA_b122_128_SNP_N_GenomeWideSNP_6_A10_781806	1	100744798	106019205	3022	0.0539
FOXED_p_TCGA_b122_128_SNP_N_GenomeWideSNP_6_A10_781806	1	106019236	106022375	16	-2.0556
FOXED_p_TCGA_b122_128_SNP_N_GenomeWideSNP_6_A10_781806	1	106024055	108766355	1965	0.0554
FOXED_p_TCGA_b122_128_SNP_N_GenomeWideSNP_6_A10_781806	1	108769302	108817179	2	-3.6157
FOXED_p_TCGA_b122_128_SNP_N_GenomeWideSNP_6_A10_781806	1	108828957	110232974	706	0.1315
FOXED_p_TCGA_b122_128_SNP_N_GenomeWideSNP_6_A10_781806	1	110233037	110242953	17	0.7819
FOXED_p_TCGA_b122_128_SNP_N_GenomeWideSNP_6_A10_781806	1	110244998	112690326	1957	0.0789
FOXED_p_TCGA_b122_128_SNP_N_GenomeWideSNP_6_A10_781806	1	112695965	112697213	22	-1.7907
FOXED_p_TCGA_b122_128_SNP_N_GenomeWideSNP_6_A10_781806	1	112697241	152555176	8046	0.081
FOXED_p_TCGA_b122_128_SNP_N_GenomeWideSNP_6_A10_781806	1	152555527	152590494	37	0.4685
FOXED_p_TCGA_b122_128_SNP_N_GenomeWideSNP_6_A10_781806	1	152590565	169216937	11557	0.077
FOXED_p_TCGA_b122_128_SNP_N_GenomeWideSNP_6_A10_781806	1	169233974	169241766	7	-2.0279
FOXED_p_TCGA_b122_128_SNP_N_GenomeWideSNP_6_A10_781806	1	169242401	172051190	1937	0.0777
FOXED_p_TCGA_b122_128_SNP_N_GenomeWideSNP_6_A10_781806	1	172051932	172340516	196	-0.6196
FOXED_p_TCGA_b122_128_SNP_N_GenomeWideSNP_6_A10_781806	1	172342199	189258813	11072	0.0774
FOXED_p_TCGA_b122_128_SNP_N_GenomeWideSNP_6_A10_781806	1	189258909	189292794	22	-0.6774
FOXED_p_TCGA_b122_128_SNP_N_GenomeWideSNP_6_A10_781806	1	189303014	189648157	236	0.0591
FOXED_p_TCGA_b122_128_SNP_N_GenomeWideSNP_6_A10_781806	1	189648483	189648527	2	-2.1472
FOXED_p_TCGA_b122_128_SNP_N_GenomeWideSNP_6_A10_781806	1	189652047	194448234	3291	0.0851
FOXED_p_TCGA_b122_128_SNP_N_GenomeWideSNP_6_A10_781806	1	194451411	194455018	2	1.5313
FOXED_p_TCGA_b122_128_SNP_N_GenomeWideSNP_6_A10_781806	1	194457016	196714873	1454	0.0895
FOXED_p_TCGA_b122_128_SNP_N_GenomeWideSNP_6_A10_781806	1	196727850	196749217	27	-2.0618
FOXED_p_TCGA_b122_128_SNP_N_GenomeWideSNP_6_A10_781806	1	196749821	196815791	69	-1.0102
FOXED_p_TCGA_b122_128_SNP_N_GenomeWideSNP_6_A10_781806	1	196816730	199111363	1380	0.0777
FOXED_p_TCGA_b122_128_SNP_N_GenomeWideSNP_6_A10_781806	1	199111426	199112524	6	0.839
FOXED_p_TCGA_b122_128_SNP_N_GenomeWideSNP_6_A10_781806	1	199113011	215855994	11335	0.0793
FOXED_p_TCGA_b122_128_SNP_N_GenomeWideSNP_6_A10_781806	1	215858193	215862105	14	-1.0531
FOXED_p_TCGA_b122_128_SNP_N_GenomeWideSNP_6_A10_781806	1	215866009	243047556	19378	0.0669
FOXED_p_TCGA_b122_128_SNP_N_GenomeWideSNP_6_A10_781806	1	243048740	243134707	75	-0.2122
FOXED_p_TCGA_b122_128_SNP_N_GenomeWideSNP_6_A10_781806	1	243135255	248660552	3585	0.0681
FOXED_p_TCGA_b122_128_SNP_N_GenomeWideSNP_6_A10_781806	1	248683400	248809369	57	0.32
FOXED_p_TCGA_b122_128_SNP_N_GenomeWideSNP_6_A10_781806	1	248818483	249224388	140	0.0088
FOXED_p_TCGA_b122_128_SNP_N_GenomeWideSNP_6_A10_781806	2	12784	7611683	5902	0.0133
FOXED_p_TCGA_b122_128_SNP_N_GenomeWideSNP_6_A10_781806	2	7611696	7611948	2	-1.2913
FOXED_p_TCGA_b122_128_SNP_N_GenomeWideSNP_6_A10_781806	2	7612038	34691069	18220	0.0737
FOXED_p_TCGA_b122_128_SNP_N_GenomeWideSNP_6_A10_781806	2	34699315	34737057	46	0.7434
FOXED_p_TCGA_b122_128_SNP_N_GenomeWideSNP_6_A10_781806	2	34737163	35975973	878	0.0602
FOXED_p_TCGA_b122_128_SNP_N_GenomeWideSNP_6_A10_781806	2	35977790	35987916	6	-1.3117
FOXED_p_TCGA_b122_128_SNP_N_GenomeWideSNP_6_A10_781806	2	35987947	52754468	12171	0.0822
FOXED_p_TCGA_b122_128_SNP_N_GenomeWideSNP_6_A10_781806	2	52754480	52781542	39	0.7416
FOXED_p_TCGA_b122_128_SNP_N_GenomeWideSNP_6_A10_781806	2	52787949	77633146	16115	0.0686
FOXED_p_TCGA_b122_128_SNP_N_GenomeWideSNP_6_A10_781806	2	77633251	77977226	215	-0.6074
FOXED_p_TCGA_b122_128_SNP_N_GenomeWideSNP_6_A10_781806	2	77986678	77986686	3	0.4213
FOXED_p_TCGA_b122_128_SNP_N_GenomeWideSNP_6_A10_781806	2	77989312	78684142	446	-0.6005
FOXED_p_TCGA_b122_128_SNP_N_GenomeWideSNP_6_A10_781806	2	78688281	81901984	2265	0.0542
FOXED_p_TCGA_b122_128_SNP_N_GenomeWideSNP_6_A10_781806	2	81902711	81970621	43	-0.6646
FOXED_p_TCGA_b122_128_SNP_N_GenomeWideSNP_6_A10_781806	2	81978607	86937687	2865	0.0876
FOXED_p_TCGA_b122_128_SNP_N_GenomeWideSNP_6_A10_781806	2	86953070	86953854	2	-1.4529
FOXED_p_TCGA_b122_128_SNP_N_GenomeWideSNP_6_A10_781806	2	86970406	102372852	4639	0.0557
FOXED_p_TCGA_b122_128_SNP_N_GenomeWideSNP_6_A10_781806	2	102374959	102445860	41	-0.6458
FOXED_p_TCGA_b122_128_SNP_N_GenomeWideSNP_6_A10_781806	2	102451103	133500508	18513	0.0598
FOXED_p_TCGA_b122_128_SNP_N_GenomeWideSNP_6_A10_781806	2	133501302	134003942	402	-0.7644
FOXED_p_TCGA_b122_128_SNP_N_GenomeWideSNP_6_A10_781806	2	134004165	136069073	1392	0.0472
FOXED_p_TCGA_b122_128_SNP_N_GenomeWideSNP_6_A10_781806	2	136071246	136096802	11	-0.6206
FOXED_p_TCGA_b122_128_SNP_N_GenomeWideSNP_6_A10_781806	2	136099410	138751212	1728	0.0553
FOXED_p_TCGA_b122_128_SNP_N_GenomeWideSNP_6_A10_781806	2	138751821	139309423	278	-0.6339
FOXED_p_TCGA_b122_128_SNP_N_GenomeWideSNP_6_A10_781806	2	139311774	160666409	12980	0.0698
FOXED_p_TCGA_b122_128_SNP_N_GenomeWideSNP_6_A10_781806	2	160669255	160673425	18	-0.7664
FOXED_p_TCGA_b122_128_SNP_N_GenomeWideSNP_6_A10_781806	2	160674855	174963479	8905	0.1075
FOXED_p_TCGA_b122_128_SNP_N_GenomeWideSNP_6_A10_781806	2	174967513	175067457	65	-0.6241
FOXED_p_TCGA_b122_128_SNP_N_GenomeWideSNP_6_A10_781806	2	175070878	178164554	1928	0.0832
FOXED_p_TCGA_b122_128_SNP_N_GenomeWideSNP_6_A10_781806	2	178166216	178368500	115	-0.6049
FOXED_p_TCGA_b122_128_SNP_N_GenomeWideSNP_6_A10_781806	2	178371554	187515167	5615	0.0939
FOXED_p_TCGA_b122_128_SNP_N_GenomeWideSNP_6_A10_781806	2	187523531	187528635	4	-0.8829
FOXED_p_TCGA_b122_128_SNP_N_GenomeWideSNP_6_A10_781806	2	187536139	187570586	23	0.0808
FOXED_p_TCGA_b122_128_SNP_N_GenomeWideSNP_6_A10_781806	2	187570880	187832004	138	0.5473
FOXED_p_TCGA_b122_128_SNP_N_GenomeWideSNP_6_A10_781806	2	187836723	196666953	4952	0.1001
FOXED_p_TCGA_b122_128_SNP_N_GenomeWideSNP_6_A10_781806	2	196673533	196840797	96	-0.6912
FOXED_p_TCGA_b122_128_SNP_N_GenomeWideSNP_6_A10_781806	2	196841005	199540290	1576	0.0971
FOXED_p_TCGA_b122_128_SNP_N_GenomeWideSNP_6_A10_781806	2	199555225	199566362	12	1.3304
FOXED_p_TCGA_b122_128_SNP_N_GenomeWideSNP_6_A10_781806	2	199566857	199676607	90	0.6361
FOXED_p_TCGA_b122_128_SNP_N_GenomeWideSNP_6_A10_781806	2	199681829	199721166	31	0.9969
FOXED_p_TCGA_b122_128_SNP_N_GenomeWideSNP_6_A10_781806	2	199721423	204214119	2451	0.1021
FOXED_p_TCGA_b122_128_SNP_N_GenomeWideSNP_6_A10_781806	2	204217856	204370740	73	-0.6442
FOXED_p_TCGA_b122_128_SNP_N_GenomeWideSNP_6_A10_781806	2	204372883	208354912	2679	0.1076
FOXED_p_TCGA_b122_128_SNP_N_GenomeWideSNP_6_A10_781806	2	208354955	208359149	15	0.4561
FOXED_p_TCGA_b122_128_SNP_N_GenomeWideSNP_6_A10_781806	2	208359336	212546612	2614	0.0733
FOXED_p_TCGA_b122_128_SNP_N_GenomeWideSNP_6_A10_781806	2	212546762	212566034	11	-0.6009
FOXED_p_TCGA_b122_128_SNP_N_GenomeWideSNP_6_A10_781806	2	212567551	231258615	12281	0.074
FOXED_p_TCGA_b122_128_SNP_N_GenomeWideSNP_6_A10_781806	2	231265351	231266278	2	1.4355
FOXED_p_TCGA_b122_128_SNP_N_GenomeWideSNP_6_A10_781806	2	231267643	242783396	7108	0.0552
FOXED_p_TCGA_b122_128_SNP_N_GenomeWideSNP_6_A10_781806	2	242915466	242953866	33	-4.6889
FOXED_p_TCGA_b122_128_SNP_N_GenomeWideSNP_6_A10_781806	2	242958067	242972236	22	-1.6744
FOXED_p_TCGA_b122_128_SNP_N_GenomeWideSNP_6_A10_781806	2	242972295	243026258	46	-4.552
FOXED_p_TCGA_b122_128_SNP_N_GenomeWideSNP_6_A10_781806	2	243029299	243034686	11	-1.3983
FOXED_p_TCGA_b122_128_SNP_N_GenomeWideSNP_6_A10_781806	2	243037253	243089456	29	0.1449
FOXED_p_TCGA_b122_128_SNP_N_GenomeWideSNP_6_A10_781806	3	60345	4131592	3723	0.1056
FOXED_p_TCGA_b122_128_SNP_N_GenomeWideSNP_6_A10_781806	3	4133730	4294682	121	-0.599
FOXED_p_TCGA_b122_128_SNP_N_GenomeWideSNP_6_A10_781806	3	4301078	4386594	67	0.1651
FOXED_p_TCGA_b122_128_SNP_N_GenomeWideSNP_6_A10_781806	3	4391046	4415276	25	0.6561
FOXED_p_TCGA_b122_128_SNP_N_GenomeWideSNP_6_A10_781806	3	4416407	5534893	927	0.1411
FOXED_p_TCGA_b122_128_SNP_N_GenomeWideSNP_6_A10_781806	3	5535582	5539114	2	-0.889
FOXED_p_TCGA_b122_128_SNP_N_GenomeWideSNP_6_A10_781806	3	5539588	5857926	270	0.1346
FOXED_p_TCGA_b122_128_SNP_N_GenomeWideSNP_6_A10_781806	3	5858354	6158635	252	-0.6479
FOXED_p_TCGA_b122_128_SNP_N_GenomeWideSNP_6_A10_781806	3	6159087	6646543	461	0.1195
FOXED_p_TCGA_b122_128_SNP_N_GenomeWideSNP_6_A10_781806	3	6651128	6653244	22	0.4675
FOXED_p_TCGA_b122_128_SNP_N_GenomeWideSNP_6_A10_781806	3	6653332	10186542	2758	0.1378
FOXED_p_TCGA_b122_128_SNP_N_GenomeWideSNP_6_A10_781806	3	10186549	10241875	50	-0.5194
FOXED_p_TCGA_b122_128_SNP_N_GenomeWideSNP_6_A10_781806	3	10242671	16239063	4273	0.1302
FOXED_p_TCGA_b122_128_SNP_N_GenomeWideSNP_6_A10_781806	3	16240556	16241179	6	-0.9354
FOXED_p_TCGA_b122_128_SNP_N_GenomeWideSNP_6_A10_781806	3	16241325	16967131	538	0.103
FOXED_p_TCGA_b122_128_SNP_N_GenomeWideSNP_6_A10_781806	3	16971876	17092452	82	-0.6484
FOXED_p_TCGA_b122_128_SNP_N_GenomeWideSNP_6_A10_781806	3	17094434	17523043	226	0.1348
FOXED_p_TCGA_b122_128_SNP_N_GenomeWideSNP_6_A10_781806	3	17529545	17725213	69	-0.6992
FOXED_p_TCGA_b122_128_SNP_N_GenomeWideSNP_6_A10_781806	3	17732562	36048251	12519	0.1346
FOXED_p_TCGA_b122_128_SNP_N_GenomeWideSNP_6_A10_781806	3	36059109	36079058	21	-0.8213
FOXED_p_TCGA_b122_128_SNP_N_GenomeWideSNP_6_A10_781806	3	36082031	41539687	3724	0.1459
FOXED_p_TCGA_b122_128_SNP_N_GenomeWideSNP_6_A10_781806	3	41540998	47478509	3439	-0.5685
FOXED_p_TCGA_b122_128_SNP_N_GenomeWideSNP_6_A10_781806	3	47491822	47492720	2	-2.556
FOXED_p_TCGA_b122_128_SNP_N_GenomeWideSNP_6_A10_781806	3	47497214	53032038	2236	-0.5396
FOXED_p_TCGA_b122_128_SNP_N_GenomeWideSNP_6_A10_781806	3	53033148	53039279	27	-1.5664
FOXED_p_TCGA_b122_128_SNP_N_GenomeWideSNP_6_A10_781806	3	53039455	61360234	6300	-0.6017
FOXED_p_TCGA_b122_128_SNP_N_GenomeWideSNP_6_A10_781806	3	61363012	69975319	6781	0.1358
FOXED_p_TCGA_b122_128_SNP_N_GenomeWideSNP_6_A10_781806	3	69975426	69992360	23	-0.6409
FOXED_p_TCGA_b122_128_SNP_N_GenomeWideSNP_6_A10_781806	3	69995912	71495980	1039	0.121
FOXED_p_TCGA_b122_128_SNP_N_GenomeWideSNP_6_A10_781806	3	71496008	71528495	19	-0.7072
FOXED_p_TCGA_b122_128_SNP_N_GenomeWideSNP_6_A10_781806	3	71531042	84102222	7533	0.13
FOXED_p_TCGA_b122_128_SNP_N_GenomeWideSNP_6_A10_781806	3	84105433	84106166	2	-3.4479
FOXED_p_TCGA_b122_128_SNP_N_GenomeWideSNP_6_A10_781806	3	84110967	84699184	301	0.1315
FOXED_p_TCGA_b122_128_SNP_N_GenomeWideSNP_6_A10_781806	3	84699684	84702136	15	-0.4564
FOXED_p_TCGA_b122_128_SNP_N_GenomeWideSNP_6_A10_781806	3	84702161	98937784	5999	0.13
FOXED_p_TCGA_b122_128_SNP_N_GenomeWideSNP_6_A10_781806	3	98944458	98949421	38	-0.4181
FOXED_p_TCGA_b122_128_SNP_N_GenomeWideSNP_6_A10_781806	3	98950964	129762859	18759	0.1334
FOXED_p_TCGA_b122_128_SNP_N_GenomeWideSNP_6_A10_781806	3	129763698	129798735	46	0.7372
FOXED_p_TCGA_b122_128_SNP_N_GenomeWideSNP_6_A10_781806	3	129798781	143956430	8807	0.1277
FOXED_p_TCGA_b122_128_SNP_N_GenomeWideSNP_6_A10_781806	3	143960415	143977611	14	-0.6984
FOXED_p_TCGA_b122_128_SNP_N_GenomeWideSNP_6_A10_781806	3	143981441	148962947	3109	0.1537
FOXED_p_TCGA_b122_128_SNP_N_GenomeWideSNP_6_A10_781806	3	148962963	148966743	25	-0.6391
FOXED_p_TCGA_b122_128_SNP_N_GenomeWideSNP_6_A10_781806	3	148966913	162508268	8353	0.1331
FOXED_p_TCGA_b122_128_SNP_N_GenomeWideSNP_6_A10_781806	3	162512657	162625995	70	0.5134
FOXED_p_TCGA_b122_128_SNP_N_GenomeWideSNP_6_A10_781806	3	162626572	168730180	3447	0.152
FOXED_p_TCGA_b122_128_SNP_N_GenomeWideSNP_6_A10_781806	3	168733402	168738628	2	-1.6284
FOXED_p_TCGA_b122_128_SNP_N_GenomeWideSNP_6_A10_781806	3	168739827	174163866	3564	0.1736
FOXED_p_TCGA_b122_128_SNP_N_GenomeWideSNP_6_A10_781806	3	174174494	174311586	73	-2.1627
FOXED_p_TCGA_b122_128_SNP_N_GenomeWideSNP_6_A10_781806	3	174313443	174495959	123	-0.5638
FOXED_p_TCGA_b122_128_SNP_N_GenomeWideSNP_6_A10_781806	3	174496164	174616090	73	0.2368
FOXED_p_TCGA_b122_128_SNP_N_GenomeWideSNP_6_A10_781806	3	174616222	174771347	111	-0.5791
FOXED_p_TCGA_b122_128_SNP_N_GenomeWideSNP_6_A10_781806	3	174777388	192878045	11816	0.1414
FOXED_p_TCGA_b122_128_SNP_N_GenomeWideSNP_6_A10_781806	3	192878195	192882903	17	-1.4799
FOXED_p_TCGA_b122_128_SNP_N_GenomeWideSNP_6_A10_781806	3	192886435	195383142	1488	0.159
FOXED_p_TCGA_b122_128_SNP_N_GenomeWideSNP_6_A10_781806	3	195390680	195446922	27	0.7769
FOXED_p_TCGA_b122_128_SNP_N_GenomeWideSNP_6_A10_781806	3	195455508	197838578	1173	0.1666
FOXED_p_TCGA_b122_128_SNP_N_GenomeWideSNP_6_A10_781806	3	197845216	197896118	20	-0.2726
FOXED_p_TCGA_b122_128_SNP_N_GenomeWideSNP_6_A10_781806	4	12281	68821	59	-0.1699
FOXED_p_TCGA_b122_128_SNP_N_GenomeWideSNP_6_A10_781806	4	68911	4095663	1642	0.5318
FOXED_p_TCGA_b122_128_SNP_N_GenomeWideSNP_6_A10_781806	4	4099676	4152760	12	-0.1859
FOXED_p_TCGA_b122_128_SNP_N_GenomeWideSNP_6_A10_781806	4	4160063	4166997	5	0.9316
FOXED_p_TCGA_b122_128_SNP_N_GenomeWideSNP_6_A10_781806	4	4167133	4753010	458	0.5044
FOXED_p_TCGA_b122_128_SNP_N_GenomeWideSNP_6_A10_781806	4	4759294	4854037	81	0.007
FOXED_p_TCGA_b122_128_SNP_N_GenomeWideSNP_6_A10_781806	4	4863745	9456977	2995	0.5356
FOXED_p_TCGA_b122_128_SNP_N_GenomeWideSNP_6_A10_781806	4	9461230	9479345	9	-0.8802
FOXED_p_TCGA_b122_128_SNP_N_GenomeWideSNP_6_A10_781806	4	9486087	10223416	547	0.4826
FOXED_p_TCGA_b122_128_SNP_N_GenomeWideSNP_6_A10_781806	4	10223628	10235166	32	1.2949
FOXED_p_TCGA_b122_128_SNP_N_GenomeWideSNP_6_A10_781806	4	10235182	29425806	13776	0.5316
FOXED_p_TCGA_b122_128_SNP_N_GenomeWideSNP_6_A10_781806	4	29429417	34778975	3225	0.067
FOXED_p_TCGA_b122_128_SNP_N_GenomeWideSNP_6_A10_781806	4	34779004	34824183	41	-0.3164
FOXED_p_TCGA_b122_128_SNP_N_GenomeWideSNP_6_A10_781806	4	34824725	40704011	3894	0.1
FOXED_p_TCGA_b122_128_SNP_N_GenomeWideSNP_6_A10_781806	4	40704145	40704192	2	-1.481
FOXED_p_TCGA_b122_128_SNP_N_GenomeWideSNP_6_A10_781806	4	40704687	49089374	5083	0.0709
FOXED_p_TCGA_b122_128_SNP_N_GenomeWideSNP_6_A10_781806	4	49093786	49297235	21	-0.2237
FOXED_p_TCGA_b122_128_SNP_N_GenomeWideSNP_6_A10_781806	4	49309854	63667834	7042	0.0613
FOXED_p_TCGA_b122_128_SNP_N_GenomeWideSNP_6_A10_781806	4	63669936	63671662	8	-0.4955
FOXED_p_TCGA_b122_128_SNP_N_GenomeWideSNP_6_A10_781806	4	63679630	64671240	541	0.0921
FOXED_p_TCGA_b122_128_SNP_N_GenomeWideSNP_6_A10_781806	4	64672667	64708258	44	0.3775
FOXED_p_TCGA_b122_128_SNP_N_GenomeWideSNP_6_A10_781806	4	64716431	69220383	2853	0.0721
FOXED_p_TCGA_b122_128_SNP_N_GenomeWideSNP_6_A10_781806	4	69226848	69481722	91	-0.254
FOXED_p_TCGA_b122_128_SNP_N_GenomeWideSNP_6_A10_781806	4	69484049	69894752	198	0.1458
FOXED_p_TCGA_b122_128_SNP_N_GenomeWideSNP_6_A10_781806	4	69897984	69901507	3	-0.7704
FOXED_p_TCGA_b122_128_SNP_N_GenomeWideSNP_6_A10_781806	4	69902996	86490363	10277	0.103
FOXED_p_TCGA_b122_128_SNP_N_GenomeWideSNP_6_A10_781806	4	86492900	86571162	68	-0.7106
FOXED_p_TCGA_b122_128_SNP_N_GenomeWideSNP_6_A10_781806	4	86575737	86975223	295	0.082
FOXED_p_TCGA_b122_128_SNP_N_GenomeWideSNP_6_A10_781806	4	86976094	86979701	18	-0.6448
FOXED_p_TCGA_b122_128_SNP_N_GenomeWideSNP_6_A10_781806	4	86979764	91264650	2646	0.1092
FOXED_p_TCGA_b122_128_SNP_N_GenomeWideSNP_6_A10_781806	4	91268186	91271444	10	0.5978
FOXED_p_TCGA_b122_128_SNP_N_GenomeWideSNP_6_A10_781806	4	91276263	91288606	7	0.0481
FOXED_p_TCGA_b122_128_SNP_N_GenomeWideSNP_6_A10_781806	4	91290714	92112063	502	-0.6289
FOXED_p_TCGA_b122_128_SNP_N_GenomeWideSNP_6_A10_781806	4	92114281	106814507	8597	0.0902
FOXED_p_TCGA_b122_128_SNP_N_GenomeWideSNP_6_A10_781806	4	106821578	106890773	32	-0.5736
FOXED_p_TCGA_b122_128_SNP_N_GenomeWideSNP_6_A10_781806	4	106895574	115181910	5134	0.0949
FOXED_p_TCGA_b122_128_SNP_N_GenomeWideSNP_6_A10_781806	4	115182175	115184229	2	0.9581
FOXED_p_TCGA_b122_128_SNP_N_GenomeWideSNP_6_A10_781806	4	115184252	118206052	1832	0.0923
FOXED_p_TCGA_b122_128_SNP_N_GenomeWideSNP_6_A10_781806	4	118214970	118215079	2	-1.0151
FOXED_p_TCGA_b122_128_SNP_N_GenomeWideSNP_6_A10_781806	4	118227898	161946759	26308	0.0846
FOXED_p_TCGA_b122_128_SNP_N_GenomeWideSNP_6_A10_781806	4	161952228	162003219	42	0.667
FOXED_p_TCGA_b122_128_SNP_N_GenomeWideSNP_6_A10_781806	4	162003266	168978811	4404	0.0738
FOXED_p_TCGA_b122_128_SNP_N_GenomeWideSNP_6_A10_781806	4	168979183	168979316	4	-0.6922
FOXED_p_TCGA_b122_128_SNP_N_GenomeWideSNP_6_A10_781806	4	168979358	171267944	1482	0.0867
FOXED_p_TCGA_b122_128_SNP_N_GenomeWideSNP_6_A10_781806	4	171268082	171273158	7	-0.5944
FOXED_p_TCGA_b122_128_SNP_N_GenomeWideSNP_6_A10_781806	4	171274014	190542814	13050	0.0628
FOXED_p_TCGA_b122_128_SNP_N_GenomeWideSNP_6_A10_781806	4	190542878	190698959	59	-0.3031
FOXED_p_TCGA_b122_128_SNP_N_GenomeWideSNP_6_A10_781806	4	190699096	191027923	130	-0.0521
FOXED_p_TCGA_b122_128_SNP_N_GenomeWideSNP_6_A10_781806	5	15532	698371	308	0.0338
FOXED_p_TCGA_b122_128_SNP_N_GenomeWideSNP_6_A10_781806	5	698472	742689	19	0.6531
FOXED_p_TCGA_b122_128_SNP_N_GenomeWideSNP_6_A10_781806	5	761016	779860	10	0.1586
FOXED_p_TCGA_b122_128_SNP_N_GenomeWideSNP_6_A10_781806	5	779881	833628	28	-0.3951
FOXED_p_TCGA_b122_128_SNP_N_GenomeWideSNP_6_A10_781806	5	852566	25976262	18090	0.0525
FOXED_p_TCGA_b122_128_SNP_N_GenomeWideSNP_6_A10_781806	5	25979436	25981732	2	-1.2146
FOXED_p_TCGA_b122_128_SNP_N_GenomeWideSNP_6_A10_781806	5	25982060	57321646	17463	0.0789
FOXED_p_TCGA_b122_128_SNP_N_GenomeWideSNP_6_A10_781806	5	57326027	57333533	32	1.3057
FOXED_p_TCGA_b122_128_SNP_N_GenomeWideSNP_6_A10_781806	5	57338357	58318052	752	0.0798
FOXED_p_TCGA_b122_128_SNP_N_GenomeWideSNP_6_A10_781806	5	58318309	58371239	56	0.6185
FOXED_p_TCGA_b122_128_SNP_N_GenomeWideSNP_6_A10_781806	5	58374863	59345958	730	0.0939
FOXED_p_TCGA_b122_128_SNP_N_GenomeWideSNP_6_A10_781806	5	59350089	59433272	33	-0.6344
FOXED_p_TCGA_b122_128_SNP_N_GenomeWideSNP_6_A10_781806	5	59439082	59496930	28	0.0573
FOXED_p_TCGA_b122_128_SNP_N_GenomeWideSNP_6_A10_781806	5	59504024	59753819	142	-0.6916
FOXED_p_TCGA_b122_128_SNP_N_GenomeWideSNP_6_A10_781806	5	59759095	78644788	10855	0.083
FOXED_p_TCGA_b122_128_SNP_N_GenomeWideSNP_6_A10_781806	5	78647258	78649441	3	-0.9739
FOXED_p_TCGA_b122_128_SNP_N_GenomeWideSNP_6_A10_781806	5	78651093	90081792	6471	0.0845
FOXED_p_TCGA_b122_128_SNP_N_GenomeWideSNP_6_A10_781806	5	90082396	90388617	186	-0.6677
FOXED_p_TCGA_b122_128_SNP_N_GenomeWideSNP_6_A10_781806	5	90389450	97045121	3696	0.0989
FOXED_p_TCGA_b122_128_SNP_N_GenomeWideSNP_6_A10_781806	5	97048466	97099320	43	-0.872
FOXED_p_TCGA_b122_128_SNP_N_GenomeWideSNP_6_A10_781806	5	97099684	106227527	5303	0.0954
FOXED_p_TCGA_b122_128_SNP_N_GenomeWideSNP_6_A10_781806	5	106229673	106255758	22	-0.6463
FOXED_p_TCGA_b122_128_SNP_N_GenomeWideSNP_6_A10_781806	5	106255933	107485978	969	0.0751
FOXED_p_TCGA_b122_128_SNP_N_GenomeWideSNP_6_A10_781806	5	107492261	107497292	5	-0.604
FOXED_p_TCGA_b122_128_SNP_N_GenomeWideSNP_6_A10_781806	5	107499963	127566268	13610	0.0839
FOXED_p_TCGA_b122_128_SNP_N_GenomeWideSNP_6_A10_781806	5	127571899	180374484	34049	-0.6932
FOXED_p_TCGA_b122_128_SNP_N_GenomeWideSNP_6_A10_781806	5	180374523	180445356	27	-0.1416
FOXED_p_TCGA_b122_128_SNP_N_GenomeWideSNP_6_A10_781806	5	180446233	180518765	53	-0.554
FOXED_p_TCGA_b122_128_SNP_N_GenomeWideSNP_6_A10_781806	5	180520810	180790320	111	-0.7697
FOXED_p_TCGA_b122_128_SNP_N_GenomeWideSNP_6_A10_781806	6	149661	252772	97	-0.0404
FOXED_p_TCGA_b122_128_SNP_N_GenomeWideSNP_6_A10_781806	6	253272	380821	103	0.4239
FOXED_p_TCGA_b122_128_SNP_N_GenomeWideSNP_6_A10_781806	6	381149	2437545	1680	0.0554
FOXED_p_TCGA_b122_128_SNP_N_GenomeWideSNP_6_A10_781806	6	2441087	2441167	2	-1.4425
FOXED_p_TCGA_b122_128_SNP_N_GenomeWideSNP_6_A10_781806	6	2441778	19040119	12928	0.0838
FOXED_p_TCGA_b122_128_SNP_N_GenomeWideSNP_6_A10_781806	6	19042181	19044716	5	-0.9119
FOXED_p_TCGA_b122_128_SNP_N_GenomeWideSNP_6_A10_781806	6	19044748	26737032	5480	0.072
FOXED_p_TCGA_b122_128_SNP_N_GenomeWideSNP_6_A10_781806	6	26737438	26768569	24	0.4233
FOXED_p_TCGA_b122_128_SNP_N_GenomeWideSNP_6_A10_781806	6	26773063	29837072	1439	0.0752
FOXED_p_TCGA_b122_128_SNP_N_GenomeWideSNP_6_A10_781806	6	29837187	29849267	16	-0.8327
FOXED_p_TCGA_b122_128_SNP_N_GenomeWideSNP_6_A10_781806	6	29850196	31337850	709	0.1339
FOXED_p_TCGA_b122_128_SNP_N_GenomeWideSNP_6_A10_781806	6	31337872	31340807	7	-0.9786
FOXED_p_TCGA_b122_128_SNP_N_GenomeWideSNP_6_A10_781806	6	31343604	32595083	528	0.051
FOXED_p_TCGA_b122_128_SNP_N_GenomeWideSNP_6_A10_781806	6	32595232	32602107	3	-1.7444
FOXED_p_TCGA_b122_128_SNP_N_GenomeWideSNP_6_A10_781806	6	32602269	32686196	51	0.1877
FOXED_p_TCGA_b122_128_SNP_N_GenomeWideSNP_6_A10_781806	6	32688615	32688853	3	-1.1683
FOXED_p_TCGA_b122_128_SNP_N_GenomeWideSNP_6_A10_781806	6	32689324	48930865	10387	0.1004
FOXED_p_TCGA_b122_128_SNP_N_GenomeWideSNP_6_A10_781806	6	48931729	48935079	4	-0.7578
FOXED_p_TCGA_b122_128_SNP_N_GenomeWideSNP_6_A10_781806	6	48935200	53931275	3326	0.1062
FOXED_p_TCGA_b122_128_SNP_N_GenomeWideSNP_6_A10_781806	6	53931380	53931855	4	-0.9017
FOXED_p_TCGA_b122_128_SNP_N_GenomeWideSNP_6_A10_781806	6	53935348	66394090	5058	0.1031
FOXED_p_TCGA_b122_128_SNP_N_GenomeWideSNP_6_A10_781806	6	66399482	66403852	24	-0.724
FOXED_p_TCGA_b122_128_SNP_N_GenomeWideSNP_6_A10_781806	6	66407127	66488948	64	0.1113
FOXED_p_TCGA_b122_128_SNP_N_GenomeWideSNP_6_A10_781806	6	66502722	66529199	22	-0.6408
FOXED_p_TCGA_b122_128_SNP_N_GenomeWideSNP_6_A10_781806	6	66533186	74591858	5360	0.0896
FOXED_p_TCGA_b122_128_SNP_N_GenomeWideSNP_6_A10_781806	6	74592225	74597289	8	0.9999
FOXED_p_TCGA_b122_128_SNP_N_GenomeWideSNP_6_A10_781806	6	74597341	77014948	1473	0.1068
FOXED_p_TCGA_b122_128_SNP_N_GenomeWideSNP_6_A10_781806	6	77016900	77016926	3	-0.7931
FOXED_p_TCGA_b122_128_SNP_N_GenomeWideSNP_6_A10_781806	6	77016993	77436532	296	0.0913
FOXED_p_TCGA_b122_128_SNP_N_GenomeWideSNP_6_A10_781806	6	77439868	77452641	18	-0.4701
FOXED_p_TCGA_b122_128_SNP_N_GenomeWideSNP_6_A10_781806	6	77452673	78971712	987	0.089
FOXED_p_TCGA_b122_128_SNP_N_GenomeWideSNP_6_A10_781806	6	78971781	79032592	105	-0.5209
FOXED_p_TCGA_b122_128_SNP_N_GenomeWideSNP_6_A10_781806	6	79034940	83490675	2893	0.1213
FOXED_p_TCGA_b122_128_SNP_N_GenomeWideSNP_6_A10_781806	6	83493373	83493393	2	-1.4581
FOXED_p_TCGA_b122_128_SNP_N_GenomeWideSNP_6_A10_781806	6	83493985	86403901	1801	0.1044
FOXED_p_TCGA_b122_128_SNP_N_GenomeWideSNP_6_A10_781806	6	86412679	90798204	2658	-0.677
FOXED_p_TCGA_b122_128_SNP_N_GenomeWideSNP_6_A10_781806	6	90799007	90799485	2	-2.5267
FOXED_p_TCGA_b122_128_SNP_N_GenomeWideSNP_6_A10_781806	6	90799673	103734829	8136	-0.6715
FOXED_p_TCGA_b122_128_SNP_N_GenomeWideSNP_6_A10_781806	6	103737976	103762061	46	-1.2368
FOXED_p_TCGA_b122_128_SNP_N_GenomeWideSNP_6_A10_781806	6	103765470	120075474	10013	-0.6705
FOXED_p_TCGA_b122_128_SNP_N_GenomeWideSNP_6_A10_781806	6	120081515	120859841	490	-2.457
FOXED_p_TCGA_b122_128_SNP_N_GenomeWideSNP_6_A10_781806	6	120860452	125413373	2863	-0.6748
FOXED_p_TCGA_b122_128_SNP_N_GenomeWideSNP_6_A10_781806	6	125416818	125417874	3	-2.2302
FOXED_p_TCGA_b122_128_SNP_N_GenomeWideSNP_6_A10_781806	6	125418472	130177337	2931	-0.6437
FOXED_p_TCGA_b122_128_SNP_N_GenomeWideSNP_6_A10_781806	6	130177385	145176193	9832	0.1136
FOXED_p_TCGA_b122_128_SNP_N_GenomeWideSNP_6_A10_781806	6	145187154	145201205	19	0.5066
FOXED_p_TCGA_b122_128_SNP_N_GenomeWideSNP_6_A10_781806	6	145204317	149350100	2820	0.092
FOXED_p_TCGA_b122_128_SNP_N_GenomeWideSNP_6_A10_781806	6	149352629	149838441	331	-0.6903
FOXED_p_TCGA_b122_128_SNP_N_GenomeWideSNP_6_A10_781806	6	149841503	157779495	5512	0.0903
FOXED_p_TCGA_b122_128_SNP_N_GenomeWideSNP_6_A10_781806	6	157781264	157796076	3	1.1169
FOXED_p_TCGA_b122_128_SNP_N_GenomeWideSNP_6_A10_781806	6	157796994	158028970	78	0.1532
FOXED_p_TCGA_b122_128_SNP_N_GenomeWideSNP_6_A10_781806	6	158028980	158033671	2	-0.9425
FOXED_p_TCGA_b122_128_SNP_N_GenomeWideSNP_6_A10_781806	6	158034166	161031461	2074	0.1089
FOXED_p_TCGA_b122_128_SNP_N_GenomeWideSNP_6_A10_781806	6	161031480	161032519	10	-0.1282
FOXED_p_TCGA_b122_128_SNP_N_GenomeWideSNP_6_A10_781806	6	161032565	161033283	6	-0.6864
FOXED_p_TCGA_b122_128_SNP_N_GenomeWideSNP_6_A10_781806	6	161068042	162137512	828	0.0462
FOXED_p_TCGA_b122_128_SNP_N_GenomeWideSNP_6_A10_781806	6	162139123	162147727	4	-0.7901
FOXED_p_TCGA_b122_128_SNP_N_GenomeWideSNP_6_A10_781806	6	162150188	162496594	339	0.041
FOXED_p_TCGA_b122_128_SNP_N_GenomeWideSNP_6_A10_781806	6	162496609	162496652	2	1.1351
FOXED_p_TCGA_b122_128_SNP_N_GenomeWideSNP_6_A10_781806	6	162496672	162890214	333	0.0096
FOXED_p_TCGA_b122_128_SNP_N_GenomeWideSNP_6_A10_781806	6	162895705	162922318	31	-0.7992
FOXED_p_TCGA_b122_128_SNP_N_GenomeWideSNP_6_A10_781806	6	162931446	171051005	5731	0.045
FOXED_p_TCGA_b122_128_SNP_N_GenomeWideSNP_6_A10_781806	7	43355	5956259	3078	0.0474
FOXED_p_TCGA_b122_128_SNP_N_GenomeWideSNP_6_A10_781806	7	5965453	6003905	8	0.6467
FOXED_p_TCGA_b122_128_SNP_N_GenomeWideSNP_6_A10_781806	7	6026607	6319495	144	0.0761
FOXED_p_TCGA_b122_128_SNP_N_GenomeWideSNP_6_A10_781806	7	6326147	17502331	8850	0.9112
FOXED_p_TCGA_b122_128_SNP_N_GenomeWideSNP_6_A10_781806	7	17504139	17504646	4	1.5601
FOXED_p_TCGA_b122_128_SNP_N_GenomeWideSNP_6_A10_781806	7	17504881	17551956	55	0.8936
FOXED_p_TCGA_b122_128_SNP_N_GenomeWideSNP_6_A10_781806	7	17559301	17568458	11	0.4435
FOXED_p_TCGA_b122_128_SNP_N_GenomeWideSNP_6_A10_781806	7	17573411	19066346	1239	0.8931
FOXED_p_TCGA_b122_128_SNP_N_GenomeWideSNP_6_A10_781806	7	19066367	19077947	23	0.5784
FOXED_p_TCGA_b122_128_SNP_N_GenomeWideSNP_6_A10_781806	7	19081522	22434780	2702	0.8968
FOXED_p_TCGA_b122_128_SNP_N_GenomeWideSNP_6_A10_781806	7	22435472	22436487	2	2.045
FOXED_p_TCGA_b122_128_SNP_N_GenomeWideSNP_6_A10_781806	7	22438754	22833821	315	0.8943
FOXED_p_TCGA_b122_128_SNP_N_GenomeWideSNP_6_A10_781806	7	22836845	22841826	3	-0.2981
FOXED_p_TCGA_b122_128_SNP_N_GenomeWideSNP_6_A10_781806	7	22842319	24035127	759	0.8856
FOXED_p_TCGA_b122_128_SNP_N_GenomeWideSNP_6_A10_781806	7	24039878	24040383	2	2.507
FOXED_p_TCGA_b122_128_SNP_N_GenomeWideSNP_6_A10_781806	7	24040817	33265377	6713	0.8943
FOXED_p_TCGA_b122_128_SNP_N_GenomeWideSNP_6_A10_781806	7	33270744	33550096	167	0.0885
FOXED_p_TCGA_b122_128_SNP_N_GenomeWideSNP_6_A10_781806	7	33552621	34342437	579	0.8904
FOXED_p_TCGA_b122_128_SNP_N_GenomeWideSNP_6_A10_781806	7	34350469	34362918	11	0.1003
FOXED_p_TCGA_b122_128_SNP_N_GenomeWideSNP_6_A10_781806	7	34370824	34691758	210	0.9203
FOXED_p_TCGA_b122_128_SNP_N_GenomeWideSNP_6_A10_781806	7	34696379	64691415	16897	0.5297
FOXED_p_TCGA_b122_128_SNP_N_GenomeWideSNP_6_A10_781806	7	64692186	66922234	870	0.0868
FOXED_p_TCGA_b122_128_SNP_N_GenomeWideSNP_6_A10_781806	7	66922350	66926630	4	-0.4444
FOXED_p_TCGA_b122_128_SNP_N_GenomeWideSNP_6_A10_781806	7	66933491	70420438	2263	0.0357
FOXED_p_TCGA_b122_128_SNP_N_GenomeWideSNP_6_A10_781806	7	70423250	70426141	2	-2.0616
FOXED_p_TCGA_b122_128_SNP_N_GenomeWideSNP_6_A10_781806	7	70428243	74142104	1729	0.0607
FOXED_p_TCGA_b122_128_SNP_N_GenomeWideSNP_6_A10_781806	7	74197728	74259630	4	0.8691
FOXED_p_TCGA_b122_128_SNP_N_GenomeWideSNP_6_A10_781806	7	74268413	81546775	4094	0.1065
FOXED_p_TCGA_b122_128_SNP_N_GenomeWideSNP_6_A10_781806	7	81554435	81656577	58	-0.5944
FOXED_p_TCGA_b122_128_SNP_N_GenomeWideSNP_6_A10_781806	7	81660613	85804327	2704	0.0937
FOXED_p_TCGA_b122_128_SNP_N_GenomeWideSNP_6_A10_781806	7	85809037	85810659	4	-0.8251
FOXED_p_TCGA_b122_128_SNP_N_GenomeWideSNP_6_A10_781806	7	85812996	94343667	5379	0.1006
FOXED_p_TCGA_b122_128_SNP_N_GenomeWideSNP_6_A10_781806	7	94348233	94353268	7	-0.8963
FOXED_p_TCGA_b122_128_SNP_N_GenomeWideSNP_6_A10_781806	7	94358627	97395460	1892	0.0836
FOXED_p_TCGA_b122_128_SNP_N_GenomeWideSNP_6_A10_781806	7	97395462	97395471	5	1.3076
FOXED_p_TCGA_b122_128_SNP_N_GenomeWideSNP_6_A10_781806	7	97395506	106991273	5075	0.0884
FOXED_p_TCGA_b122_128_SNP_N_GenomeWideSNP_6_A10_781806	7	106991390	107036315	14	-0.5664
FOXED_p_TCGA_b122_128_SNP_N_GenomeWideSNP_6_A10_781806	7	107037542	109430050	1557	0.1128
FOXED_p_TCGA_b122_128_SNP_N_GenomeWideSNP_6_A10_781806	7	109433747	109441212	28	0.3267
FOXED_p_TCGA_b122_128_SNP_N_GenomeWideSNP_6_A10_781806	7	109441244	109453910	11	0.7646
FOXED_p_TCGA_b122_128_SNP_N_GenomeWideSNP_6_A10_781806	7	109453982	110459906	701	0.1036
FOXED_p_TCGA_b122_128_SNP_N_GenomeWideSNP_6_A10_781806	7	110462925	110489413	18	-0.6492
FOXED_p_TCGA_b122_128_SNP_N_GenomeWideSNP_6_A10_781806	7	110492710	115934700	3183	0.1118
FOXED_p_TCGA_b122_128_SNP_N_GenomeWideSNP_6_A10_781806	7	115935011	115941666	7	-0.5112
FOXED_p_TCGA_b122_128_SNP_N_GenomeWideSNP_6_A10_781806	7	115943514	122092425	3690	0.1017
FOXED_p_TCGA_b122_128_SNP_N_GenomeWideSNP_6_A10_781806	7	122096971	122470230	214	-0.6427
FOXED_p_TCGA_b122_128_SNP_N_GenomeWideSNP_6_A10_781806	7	122470489	122716912	174	0.0976
FOXED_p_TCGA_b122_128_SNP_N_GenomeWideSNP_6_A10_781806	7	122717198	126044974	2057	0.5673
FOXED_p_TCGA_b122_128_SNP_N_GenomeWideSNP_6_A10_781806	7	126045482	126046615	12	-1.0749
FOXED_p_TCGA_b122_128_SNP_N_GenomeWideSNP_6_A10_781806	7	126046876	126046880	5	-0.0089
FOXED_p_TCGA_b122_128_SNP_N_GenomeWideSNP_6_A10_781806	7	126046881	126110664	45	0.6136
FOXED_p_TCGA_b122_128_SNP_N_GenomeWideSNP_6_A10_781806	7	126113335	126357927	177	0.1408
FOXED_p_TCGA_b122_128_SNP_N_GenomeWideSNP_6_A10_781806	7	126361363	133785177	4483	0.5495
FOXED_p_TCGA_b122_128_SNP_N_GenomeWideSNP_6_A10_781806	7	133785195	133789997	21	0.764
FOXED_p_TCGA_b122_128_SNP_N_GenomeWideSNP_6_A10_781806	7	133790011	133790443	3	1.584
FOXED_p_TCGA_b122_128_SNP_N_GenomeWideSNP_6_A10_781806	7	133795634	136458150	1863	0.5317
FOXED_p_TCGA_b122_128_SNP_N_GenomeWideSNP_6_A10_781806	7	136459764	136466601	3	-0.6438
FOXED_p_TCGA_b122_128_SNP_N_GenomeWideSNP_6_A10_781806	7	136467934	143216852	4331	0.5584
FOXED_p_TCGA_b122_128_SNP_N_GenomeWideSNP_6_A10_781806	7	143217246	143574781	107	0.8446
FOXED_p_TCGA_b122_128_SNP_N_GenomeWideSNP_6_A10_781806	7	143575983	143917601	272	0.5658
FOXED_p_TCGA_b122_128_SNP_N_GenomeWideSNP_6_A10_781806	7	143927807	144066947	37	1.1238
FOXED_p_TCGA_b122_128_SNP_N_GenomeWideSNP_6_A10_781806	7	144074929	150552873	4067	0.5532
FOXED_p_TCGA_b122_128_SNP_N_GenomeWideSNP_6_A10_781806	7	150553757	150560322	9	-0.9952
FOXED_p_TCGA_b122_128_SNP_N_GenomeWideSNP_6_A10_781806	7	150562662	150565328	11	0.5771
FOXED_p_TCGA_b122_128_SNP_N_GenomeWideSNP_6_A10_781806	7	150565958	150572570	7	-0.7499
FOXED_p_TCGA_b122_128_SNP_N_GenomeWideSNP_6_A10_781806	7	150574564	153918878	2024	0.512
FOXED_p_TCGA_b122_128_SNP_N_GenomeWideSNP_6_A10_781806	7	153920121	153920301	3	-0.8675
FOXED_p_TCGA_b122_128_SNP_N_GenomeWideSNP_6_A10_781806	7	153922854	154885525	769	0.5418
FOXED_p_TCGA_b122_128_SNP_N_GenomeWideSNP_6_A10_781806	7	154885698	154888689	34	0.2456
FOXED_p_TCGA_b122_128_SNP_N_GenomeWideSNP_6_A10_781806	7	154888899	154965379	105	0.5311
FOXED_p_TCGA_b122_128_SNP_N_GenomeWideSNP_6_A10_781806	7	154965392	154970106	17	0.2101
FOXED_p_TCGA_b122_128_SNP_N_GenomeWideSNP_6_A10_781806	7	154970140	155882317	633	0.5659
FOXED_p_TCGA_b122_128_SNP_N_GenomeWideSNP_6_A10_781806	7	155882479	155886212	6	-1.5015
FOXED_p_TCGA_b122_128_SNP_N_GenomeWideSNP_6_A10_781806	7	155887046	159127004	2020	0.5643
FOXED_p_TCGA_b122_128_SNP_N_GenomeWideSNP_6_A10_781806	8	31254	12234400	11330	0.064
FOXED_p_TCGA_b122_128_SNP_N_GenomeWideSNP_6_A10_781806	8	12239835	12263749	33	-0.4337
FOXED_p_TCGA_b122_128_SNP_N_GenomeWideSNP_6_A10_781806	8	12264554	17025769	4211	0.0489
FOXED_p_TCGA_b122_128_SNP_N_GenomeWideSNP_6_A10_781806	8	17026141	17026234	2	-0.8682
FOXED_p_TCGA_b122_128_SNP_N_GenomeWideSNP_6_A10_781806	8	17026852	18265154	1183	0.1124
FOXED_p_TCGA_b122_128_SNP_N_GenomeWideSNP_6_A10_781806	8	18266157	18271185	4	-2.0255
FOXED_p_TCGA_b122_128_SNP_N_GenomeWideSNP_6_A10_781806	8	18271387	39352622	14207	0.0714
FOXED_p_TCGA_b122_128_SNP_N_GenomeWideSNP_6_A10_781806	8	39352687	39356389	2	-1.1985
FOXED_p_TCGA_b122_128_SNP_N_GenomeWideSNP_6_A10_781806	8	39356721	48730548	3305	0.0331
FOXED_p_TCGA_b122_128_SNP_N_GenomeWideSNP_6_A10_781806	8	48741570	48953002	106	-0.654
FOXED_p_TCGA_b122_128_SNP_N_GenomeWideSNP_6_A10_781806	8	48955032	112294294	38682	0.0682
FOXED_p_TCGA_b122_128_SNP_N_GenomeWideSNP_6_A10_781806	8	112294466	112295245	7	-1.5983
FOXED_p_TCGA_b122_128_SNP_N_GenomeWideSNP_6_A10_781806	8	112295260	132728827	13756	0.0805
FOXED_p_TCGA_b122_128_SNP_N_GenomeWideSNP_6_A10_781806	8	132729219	132730434	5	-0.7217
FOXED_p_TCGA_b122_128_SNP_N_GenomeWideSNP_6_A10_781806	8	132732212	134581280	1559	0.0534
FOXED_p_TCGA_b122_128_SNP_N_GenomeWideSNP_6_A10_781806	8	134585972	134586855	5	-0.6963
FOXED_p_TCGA_b122_128_SNP_N_GenomeWideSNP_6_A10_781806	8	134589440	146298155	7627	0.0272
FOXED_p_TCGA_b122_128_SNP_N_GenomeWideSNP_6_A10_781806	9	46587	5081585	5260	0.0818
FOXED_p_TCGA_b122_128_SNP_N_GenomeWideSNP_6_A10_781806	9	5081611	5081766	4	-0.8916
FOXED_p_TCGA_b122_128_SNP_N_GenomeWideSNP_6_A10_781806	9	5081852	6695986	1132	0.1183
FOXED_p_TCGA_b122_128_SNP_N_GenomeWideSNP_6_A10_781806	9	6701145	6708357	7	-0.7861
FOXED_p_TCGA_b122_128_SNP_N_GenomeWideSNP_6_A10_781806	9	6712314	6996235	239	0.0583
FOXED_p_TCGA_b122_128_SNP_N_GenomeWideSNP_6_A10_781806	9	6996631	7007046	11	0.6447
FOXED_p_TCGA_b122_128_SNP_N_GenomeWideSNP_6_A10_781806	9	7007094	22492889	13238	0.0967
FOXED_p_TCGA_b122_128_SNP_N_GenomeWideSNP_6_A10_781806	9	22501913	22502699	2	1.2117
FOXED_p_TCGA_b122_128_SNP_N_GenomeWideSNP_6_A10_781806	9	22509340	23659507	820	0.0895
FOXED_p_TCGA_b122_128_SNP_N_GenomeWideSNP_6_A10_781806	9	23664696	23799723	136	-0.6462
FOXED_p_TCGA_b122_128_SNP_N_GenomeWideSNP_6_A10_781806	9	23802442	28044704	3185	0.0971
FOXED_p_TCGA_b122_128_SNP_N_GenomeWideSNP_6_A10_781806	9	28047588	28050691	5	-0.9519
FOXED_p_TCGA_b122_128_SNP_N_GenomeWideSNP_6_A10_781806	9	28055603	39330197	7268	0.0862
FOXED_p_TCGA_b122_128_SNP_N_GenomeWideSNP_6_A10_781806	9	39337293	39342825	3	-1.3283
FOXED_p_TCGA_b122_128_SNP_N_GenomeWideSNP_6_A10_781806	9	39743166	46347431	304	0.0405
FOXED_p_TCGA_b122_128_SNP_N_GenomeWideSNP_6_A10_781806	9	46375542	46390759	6	-1.179
FOXED_p_TCGA_b122_128_SNP_N_GenomeWideSNP_6_A10_781806	9	46390914	72808962	1810	0.0814
FOXED_p_TCGA_b122_128_SNP_N_GenomeWideSNP_6_A10_781806	9	72810986	72812754	2	-1.2978
FOXED_p_TCGA_b122_128_SNP_N_GenomeWideSNP_6_A10_781806	9	72813681	78002560	3461	0.0935
FOXED_p_TCGA_b122_128_SNP_N_GenomeWideSNP_6_A10_781806	9	78005177	78008161	3	-0.7499
FOXED_p_TCGA_b122_128_SNP_N_GenomeWideSNP_6_A10_781806	9	78012459	96385134	13127	0.0616
FOXED_p_TCGA_b122_128_SNP_N_GenomeWideSNP_6_A10_781806	9	96385946	96431356	33	-0.7029
FOXED_p_TCGA_b122_128_SNP_N_GenomeWideSNP_6_A10_781806	9	96434837	141091394	29909	0.0686
FOXED_p_TCGA_b122_128_SNP_N_GenomeWideSNP_6_A10_781806	10	72759	1919683	1335	0.0194
FOXED_p_TCGA_b122_128_SNP_N_GenomeWideSNP_6_A10_781806	10	1921040	1921420	3	-0.9428
FOXED_p_TCGA_b122_128_SNP_N_GenomeWideSNP_6_A10_781806	10	1922296	4240107	2200	0.0664
FOXED_p_TCGA_b122_128_SNP_N_GenomeWideSNP_6_A10_781806	10	4240722	4241572	4	0.7196
FOXED_p_TCGA_b122_128_SNP_N_GenomeWideSNP_6_A10_781806	10	4243998	4290814	46	0.1282
FOXED_p_TCGA_b122_128_SNP_N_GenomeWideSNP_6_A10_781806	10	4290838	4291016	3	1.0548
FOXED_p_TCGA_b122_128_SNP_N_GenomeWideSNP_6_A10_781806	10	4294071	17927554	11302	0.0616
FOXED_p_TCGA_b122_128_SNP_N_GenomeWideSNP_6_A10_781806	10	17938208	17949857	2	1.3656
FOXED_p_TCGA_b122_128_SNP_N_GenomeWideSNP_6_A10_781806	10	17971816	18637232	360	0.0701
FOXED_p_TCGA_b122_128_SNP_N_GenomeWideSNP_6_A10_781806	10	18640306	18807057	173	-0.7012
FOXED_p_TCGA_b122_128_SNP_N_GenomeWideSNP_6_A10_781806	10	18807644	24375263	3828	0.0836
FOXED_p_TCGA_b122_128_SNP_N_GenomeWideSNP_6_A10_781806	10	24377674	24378054	11	1.0982
FOXED_p_TCGA_b122_128_SNP_N_GenomeWideSNP_6_A10_781806	10	24378908	34037766	6926	0.0787
FOXED_p_TCGA_b122_128_SNP_N_GenomeWideSNP_6_A10_781806	10	34040098	34048601	10	-0.6517
FOXED_p_TCGA_b122_128_SNP_N_GenomeWideSNP_6_A10_781806	10	34054394	58512855	12407	0.0538
FOXED_p_TCGA_b122_128_SNP_N_GenomeWideSNP_6_A10_781806	10	58516375	58526837	41	-0.7395
FOXED_p_TCGA_b122_128_SNP_N_GenomeWideSNP_6_A10_781806	10	58532752	70775969	8362	0.0953
FOXED_p_TCGA_b122_128_SNP_N_GenomeWideSNP_6_A10_781806	10	70777713	70778486	3	-0.9823
FOXED_p_TCGA_b122_128_SNP_N_GenomeWideSNP_6_A10_781806	10	70781491	71282472	337	0.1034
FOXED_p_TCGA_b122_128_SNP_N_GenomeWideSNP_6_A10_781806	10	71282486	71282842	4	-2.1098
FOXED_p_TCGA_b122_128_SNP_N_GenomeWideSNP_6_A10_781806	10	71291614	75300994	2614	0.0704
FOXED_p_TCGA_b122_128_SNP_N_GenomeWideSNP_6_A10_781806	10	75304115	75318337	6	0.6748
FOXED_p_TCGA_b122_128_SNP_N_GenomeWideSNP_6_A10_781806	10	75318506	82878159	4969	0.0529
FOXED_p_TCGA_b122_128_SNP_N_GenomeWideSNP_6_A10_781806	10	82881330	82889783	10	-1.0996
FOXED_p_TCGA_b122_128_SNP_N_GenomeWideSNP_6_A10_781806	10	82894469	107649060	15979	0.0848
FOXED_p_TCGA_b122_128_SNP_N_GenomeWideSNP_6_A10_781806	10	107661479	107664229	5	-1.0723
FOXED_p_TCGA_b122_128_SNP_N_GenomeWideSNP_6_A10_781806	10	107667577	110960027	2538	0.0491
FOXED_p_TCGA_b122_128_SNP_N_GenomeWideSNP_6_A10_781806	10	110966751	110966879	3	-0.7251
FOXED_p_TCGA_b122_128_SNP_N_GenomeWideSNP_6_A10_781806	10	110968020	121865969	7495	0.1001
FOXED_p_TCGA_b122_128_SNP_N_GenomeWideSNP_6_A10_781806	10	121868211	121896598	38	0.5662
FOXED_p_TCGA_b122_128_SNP_N_GenomeWideSNP_6_A10_781806	10	121898994	124344109	2206	0.0843
FOXED_p_TCGA_b122_128_SNP_N_GenomeWideSNP_6_A10_781806	10	124344223	124351013	5	-1.0747
FOXED_p_TCGA_b122_128_SNP_N_GenomeWideSNP_6_A10_781806	10	124356812	135506704	7926	0.0342
FOXED_p_TCGA_b122_128_SNP_N_GenomeWideSNP_6_A10_781806	11	198510	2564409	865	0.0511
FOXED_p_TCGA_b122_128_SNP_N_GenomeWideSNP_6_A10_781806	11	2568983	2938960	230	-0.719
FOXED_p_TCGA_b122_128_SNP_N_GenomeWideSNP_6_A10_781806	11	2958245	5788092	2211	0.0617
FOXED_p_TCGA_b122_128_SNP_N_GenomeWideSNP_6_A10_781806	11	5789601	5809139	30	-0.5899
FOXED_p_TCGA_b122_128_SNP_N_GenomeWideSNP_6_A10_781806	11	5809338	24442174	13866	0.0817
FOXED_p_TCGA_b122_128_SNP_N_GenomeWideSNP_6_A10_781806	11	24444249	24450257	6	-0.8189
FOXED_p_TCGA_b122_128_SNP_N_GenomeWideSNP_6_A10_781806	11	24455176	79967513	30841	0.0803
FOXED_p_TCGA_b122_128_SNP_N_GenomeWideSNP_6_A10_781806	11	79967548	79967564	2	-2.9359
FOXED_p_TCGA_b122_128_SNP_N_GenomeWideSNP_6_A10_781806	11	79967686	81503468	1320	0.0702
FOXED_p_TCGA_b122_128_SNP_N_GenomeWideSNP_6_A10_781806	11	81503992	81517158	10	-0.8378
FOXED_p_TCGA_b122_128_SNP_N_GenomeWideSNP_6_A10_781806	11	81522632	95184355	9166	0.0899
FOXED_p_TCGA_b122_128_SNP_N_GenomeWideSNP_6_A10_781806	11	95186029	95186100	2	-1.2872
FOXED_p_TCGA_b122_128_SNP_N_GenomeWideSNP_6_A10_781806	11	95186307	95472526	263	0.1028
FOXED_p_TCGA_b122_128_SNP_N_GenomeWideSNP_6_A10_781806	11	95473365	95474114	2	-0.6714
FOXED_p_TCGA_b122_128_SNP_N_GenomeWideSNP_6_A10_781806	11	95474764	95544420	37	0.1049
FOXED_p_TCGA_b122_128_SNP_N_GenomeWideSNP_6_A10_781806	11	95545280	95545340	2	-0.9973
FOXED_p_TCGA_b122_128_SNP_N_GenomeWideSNP_6_A10_781806	11	95547144	99459827	2771	0.0858
FOXED_p_TCGA_b122_128_SNP_N_GenomeWideSNP_6_A10_781806	11	99460808	99485849	19	-0.828
FOXED_p_TCGA_b122_128_SNP_N_GenomeWideSNP_6_A10_781806	11	99489014	101594384	1760	0.0759
FOXED_p_TCGA_b122_128_SNP_N_GenomeWideSNP_6_A10_781806	11	101597860	101597964	4	1.2809
FOXED_p_TCGA_b122_128_SNP_N_GenomeWideSNP_6_A10_781806	11	101598212	102558755	597	0.1137
FOXED_p_TCGA_b122_128_SNP_N_GenomeWideSNP_6_A10_781806	11	102563300	107781379	3596	-0.6563
FOXED_p_TCGA_b122_128_SNP_N_GenomeWideSNP_6_A10_781806	11	107784507	107785098	2	-2.7087
FOXED_p_TCGA_b122_128_SNP_N_GenomeWideSNP_6_A10_781806	11	107787713	114187735	4174	-0.6972
FOXED_p_TCGA_b122_128_SNP_N_GenomeWideSNP_6_A10_781806	11	114188257	114188559	3	-2.068
FOXED_p_TCGA_b122_128_SNP_N_GenomeWideSNP_6_A10_781806	11	114191564	114287216	83	-0.6284
FOXED_p_TCGA_b122_128_SNP_N_GenomeWideSNP_6_A10_781806	11	114291178	126689554	8905	0.0465
FOXED_p_TCGA_b122_128_SNP_N_GenomeWideSNP_6_A10_781806	11	126690949	126691069	2	-1.3345
FOXED_p_TCGA_b122_128_SNP_N_GenomeWideSNP_6_A10_781806	11	126692197	127788904	847	0.0083
FOXED_p_TCGA_b122_128_SNP_N_GenomeWideSNP_6_A10_781806	11	127790755	127790962	3	-1.2747
FOXED_p_TCGA_b122_128_SNP_N_GenomeWideSNP_6_A10_781806	11	127792290	134944770	5542	0.0221
FOXED_p_TCGA_b122_128_SNP_N_GenomeWideSNP_6_A10_781806	12	150442	7994787	5375	0.069
FOXED_p_TCGA_b122_128_SNP_N_GenomeWideSNP_6_A10_781806	12	8004425	8123900	60	-1.114
FOXED_p_TCGA_b122_128_SNP_N_GenomeWideSNP_6_A10_781806	12	8130958	8976895	401	0.0171
FOXED_p_TCGA_b122_128_SNP_N_GenomeWideSNP_6_A10_781806	12	8978660	9633870	367	-0.7372
FOXED_p_TCGA_b122_128_SNP_N_GenomeWideSNP_6_A10_781806	12	9637909	9715565	23	-1.6075
FOXED_p_TCGA_b122_128_SNP_N_GenomeWideSNP_6_A10_781806	12	9728292	11220827	1046	-0.6304
FOXED_p_TCGA_b122_128_SNP_N_GenomeWideSNP_6_A10_781806	12	11222368	11241288	9	-1.567
FOXED_p_TCGA_b122_128_SNP_N_GenomeWideSNP_6_A10_781806	12	11241532	11504091	133	-0.537
FOXED_p_TCGA_b122_128_SNP_N_GenomeWideSNP_6_A10_781806	12	11511577	11543386	31	0.2502
FOXED_p_TCGA_b122_128_SNP_N_GenomeWideSNP_6_A10_781806	12	11543406	33294660	15401	-0.6259
FOXED_p_TCGA_b122_128_SNP_N_GenomeWideSNP_6_A10_781806	12	33301406	33302201	9	-1.5603
FOXED_p_TCGA_b122_128_SNP_N_GenomeWideSNP_6_A10_781806	12	33302438	33302662	2	-5.2925
FOXED_p_TCGA_b122_128_SNP_N_GenomeWideSNP_6_A10_781806	12	33303293	33307374	16	-1.5989
FOXED_p_TCGA_b122_128_SNP_N_GenomeWideSNP_6_A10_781806	12	33308360	34854498	798	-0.6048
FOXED_p_TCGA_b122_128_SNP_N_GenomeWideSNP_6_A10_781806	12	37857751	48725042	6551	0.0846
FOXED_p_TCGA_b122_128_SNP_N_GenomeWideSNP_6_A10_781806	12	48725239	48725415	3	-1.8542
FOXED_p_TCGA_b122_128_SNP_N_GenomeWideSNP_6_A10_781806	12	48730036	67260263	10901	0.0885
FOXED_p_TCGA_b122_128_SNP_N_GenomeWideSNP_6_A10_781806	12	67261644	67369365	99	-0.733
FOXED_p_TCGA_b122_128_SNP_N_GenomeWideSNP_6_A10_781806	12	67372406	70872675	2485	0.0975
FOXED_p_TCGA_b122_128_SNP_N_GenomeWideSNP_6_A10_781806	12	70876314	70879385	9	-0.5046
FOXED_p_TCGA_b122_128_SNP_N_GenomeWideSNP_6_A10_781806	12	70879433	79398889	5516	0.1048
FOXED_p_TCGA_b122_128_SNP_N_GenomeWideSNP_6_A10_781806	12	79402015	79425900	12	0.6642
FOXED_p_TCGA_b122_128_SNP_N_GenomeWideSNP_6_A10_781806	12	79433205	84911072	3394	0.0932
FOXED_p_TCGA_b122_128_SNP_N_GenomeWideSNP_6_A10_781806	12	84911581	84919825	4	-0.8744
FOXED_p_TCGA_b122_128_SNP_N_GenomeWideSNP_6_A10_781806	12	84920129	133778189	32434	0.0691
FOXED_p_TCGA_b122_128_SNP_N_GenomeWideSNP_6_A10_781806	13	19026949	19319635	74	-0.0011
FOXED_p_TCGA_b122_128_SNP_N_GenomeWideSNP_6_A10_781806	13	19368654	19369310	6	-0.6466
FOXED_p_TCGA_b122_128_SNP_N_GenomeWideSNP_6_A10_781806	13	19369436	23632678	2820	0.0541
FOXED_p_TCGA_b122_128_SNP_N_GenomeWideSNP_6_A10_781806	13	23632860	23633515	11	0.5728
FOXED_p_TCGA_b122_128_SNP_N_GenomeWideSNP_6_A10_781806	13	23638195	23754458	114	0.0365
FOXED_p_TCGA_b122_128_SNP_N_GenomeWideSNP_6_A10_781806	13	23755127	23903160	117	0.5463
FOXED_p_TCGA_b122_128_SNP_N_GenomeWideSNP_6_A10_781806	13	23911748	26767750	2149	0.064
FOXED_p_TCGA_b122_128_SNP_N_GenomeWideSNP_6_A10_781806	13	26779252	38075965	8287	0.5284
FOXED_p_TCGA_b122_128_SNP_N_GenomeWideSNP_6_A10_781806	13	38076267	38084757	12	1.321
FOXED_p_TCGA_b122_128_SNP_N_GenomeWideSNP_6_A10_781806	13	38088330	39790175	1233	0.5318
FOXED_p_TCGA_b122_128_SNP_N_GenomeWideSNP_6_A10_781806	13	39793989	39794731	3	-0.7273
FOXED_p_TCGA_b122_128_SNP_N_GenomeWideSNP_6_A10_781806	13	39798190	39826952	24	0.4846
FOXED_p_TCGA_b122_128_SNP_N_GenomeWideSNP_6_A10_781806	13	39828211	46270654	4394	-0.6596
FOXED_p_TCGA_b122_128_SNP_N_GenomeWideSNP_6_A10_781806	13	46274252	46274638	2	-2.5941
FOXED_p_TCGA_b122_128_SNP_N_GenomeWideSNP_6_A10_781806	13	46274690	57671886	6836	-0.6446
FOXED_p_TCGA_b122_128_SNP_N_GenomeWideSNP_6_A10_781806	13	57673811	57673830	2	-2.3715
FOXED_p_TCGA_b122_128_SNP_N_GenomeWideSNP_6_A10_781806	13	57676364	60819888	1908	-0.6385
FOXED_p_TCGA_b122_128_SNP_N_GenomeWideSNP_6_A10_781806	13	60828827	60858529	24	0.5047
FOXED_p_TCGA_b122_128_SNP_N_GenomeWideSNP_6_A10_781806	13	60861471	67322008	3871	0.0654
FOXED_p_TCGA_b122_128_SNP_N_GenomeWideSNP_6_A10_781806	13	67322759	67322947	2	-1.1712
FOXED_p_TCGA_b122_128_SNP_N_GenomeWideSNP_6_A10_781806	13	67323528	72476988	3265	0.0817
FOXED_p_TCGA_b122_128_SNP_N_GenomeWideSNP_6_A10_781806	13	72477555	72480556	4	-1.8529
FOXED_p_TCGA_b122_128_SNP_N_GenomeWideSNP_6_A10_781806	13	72480605	94413246	14313	0.0793
FOXED_p_TCGA_b122_128_SNP_N_GenomeWideSNP_6_A10_781806	13	94414650	94440908	18	0.5826
FOXED_p_TCGA_b122_128_SNP_N_GenomeWideSNP_6_A10_781806	13	94442992	101056973	4326	0.071
FOXED_p_TCGA_b122_128_SNP_N_GenomeWideSNP_6_A10_781806	13	101059998	101167485	69	-0.7933
FOXED_p_TCGA_b122_128_SNP_N_GenomeWideSNP_6_A10_781806	13	101173266	106256374	4200	0.0731
FOXED_p_TCGA_b122_128_SNP_N_GenomeWideSNP_6_A10_781806	13	106259835	106281672	13	-0.4902
FOXED_p_TCGA_b122_128_SNP_N_GenomeWideSNP_6_A10_781806	13	106285680	106576241	247	0.1571
FOXED_p_TCGA_b122_128_SNP_N_GenomeWideSNP_6_A10_781806	13	106576496	106582679	4	-1.2954
FOXED_p_TCGA_b122_128_SNP_N_GenomeWideSNP_6_A10_781806	13	106582791	112353825	4666	0.0621
FOXED_p_TCGA_b122_128_SNP_N_GenomeWideSNP_6_A10_781806	13	112505755	112562251	35	-4.2499
FOXED_p_TCGA_b122_128_SNP_N_GenomeWideSNP_6_A10_781806	13	112564065	114807566	1125	0.0447
FOXED_p_TCGA_b122_128_SNP_N_GenomeWideSNP_6_A10_781806	13	114807997	114825147	8	-0.6949
FOXED_p_TCGA_b122_128_SNP_N_GenomeWideSNP_6_A10_781806	13	114827890	115108397	131	0.0504
FOXED_p_TCGA_b122_128_SNP_N_GenomeWideSNP_6_A10_781806	14	19002124	19844107	63	-0.407
FOXED_p_TCGA_b122_128_SNP_N_GenomeWideSNP_6_A10_781806	14	19846877	20118883	14	0.2799
FOXED_p_TCGA_b122_128_SNP_N_GenomeWideSNP_6_A10_781806	14	20135224	64609384	28230	-0.644
FOXED_p_TCGA_b122_128_SNP_N_GenomeWideSNP_6_A10_781806	14	64611533	73995774	5991	0.0897
FOXED_p_TCGA_b122_128_SNP_N_GenomeWideSNP_6_A10_781806	14	74001123	74029915	11	0.7239
FOXED_p_TCGA_b122_128_SNP_N_GenomeWideSNP_6_A10_781806	14	74030731	78001264	2478	0.0852
FOXED_p_TCGA_b122_128_SNP_N_GenomeWideSNP_6_A10_781806	14	78004196	78007165	5	-0.8429
FOXED_p_TCGA_b122_128_SNP_N_GenomeWideSNP_6_A10_781806	14	78011598	106460902	18314	0.0662
FOXED_p_TCGA_b122_128_SNP_N_GenomeWideSNP_6_A10_781806	14	106479675	106479941	2	-1.1398
FOXED_p_TCGA_b122_128_SNP_N_GenomeWideSNP_6_A10_781806	14	106482128	106538062	25	-0.0176
FOXED_p_TCGA_b122_128_SNP_N_GenomeWideSNP_6_A10_781806	14	106541753	106561441	12	-1.2733
FOXED_p_TCGA_b122_128_SNP_N_GenomeWideSNP_6_A10_781806	14	106567100	106715489	67	0.0674
FOXED_p_TCGA_b122_128_SNP_N_GenomeWideSNP_6_A10_781806	14	106717356	106740774	13	-0.4672
FOXED_p_TCGA_b122_128_SNP_N_GenomeWideSNP_6_A10_781806	14	106746725	106783044	23	0.0966
FOXED_p_TCGA_b122_128_SNP_N_GenomeWideSNP_6_A10_781806	14	106796025	106802053	7	-1.0207
FOXED_p_TCGA_b122_128_SNP_N_GenomeWideSNP_6_A10_781806	14	106815943	106872062	32	0.0887
FOXED_p_TCGA_b122_128_SNP_N_GenomeWideSNP_6_A10_781806	14	106874361	106918108	52	-1.6379
FOXED_p_TCGA_b122_128_SNP_N_GenomeWideSNP_6_A10_781806	14	106918649	107285437	224	0.0024
FOXED_p_TCGA_b122_128_SNP_N_GenomeWideSNP_6_A10_781806	15	20016328	20416237	66	6e-04
FOXED_p_TCGA_b122_128_SNP_N_GenomeWideSNP_6_A10_781806	15	20422378	22587474	356	-0.4218
FOXED_p_TCGA_b122_128_SNP_N_GenomeWideSNP_6_A10_781806	15	22673399	30505376	4705	0.0178
FOXED_p_TCGA_b122_128_SNP_N_GenomeWideSNP_6_A10_781806	15	30505762	30519724	7	-0.4373
FOXED_p_TCGA_b122_128_SNP_N_GenomeWideSNP_6_A10_781806	15	30519742	34176559	2346	0.0889
FOXED_p_TCGA_b122_128_SNP_N_GenomeWideSNP_6_A10_781806	15	34176578	34176621	2	-0.8239
FOXED_p_TCGA_b122_128_SNP_N_GenomeWideSNP_6_A10_781806	15	34176683	34723576	346	0.0528
FOXED_p_TCGA_b122_128_SNP_N_GenomeWideSNP_6_A10_781806	15	34727172	34858010	68	-0.7916
FOXED_p_TCGA_b122_128_SNP_N_GenomeWideSNP_6_A10_781806	15	34862259	47513253	7634	0.0973
FOXED_p_TCGA_b122_128_SNP_N_GenomeWideSNP_6_A10_781806	15	47518807	47519545	5	-1.6152
FOXED_p_TCGA_b122_128_SNP_N_GenomeWideSNP_6_A10_781806	15	47519554	64508763	11740	0.0933
FOXED_p_TCGA_b122_128_SNP_N_GenomeWideSNP_6_A10_781806	15	64516020	64936786	163	-0.5945
FOXED_p_TCGA_b122_128_SNP_N_GenomeWideSNP_6_A10_781806	15	64939174	76891241	6939	0.094
FOXED_p_TCGA_b122_128_SNP_N_GenomeWideSNP_6_A10_781806	15	76891511	76895775	21	-1.9228
FOXED_p_TCGA_b122_128_SNP_N_GenomeWideSNP_6_A10_781806	15	76902179	102469040	17695	0.0682
FOXED_p_TCGA_b122_128_SNP_N_GenomeWideSNP_6_A10_781806	16	60777	17211545	12080	0.0543
FOXED_p_TCGA_b122_128_SNP_N_GenomeWideSNP_6_A10_781806	16	17211982	17213788	3	-1.0212
FOXED_p_TCGA_b122_128_SNP_N_GenomeWideSNP_6_A10_781806	16	17213823	19944363	1452	0.0785
FOXED_p_TCGA_b122_128_SNP_N_GenomeWideSNP_6_A10_781806	16	19945650	19965875	28	-3.1882
FOXED_p_TCGA_b122_128_SNP_N_GenomeWideSNP_6_A10_781806	16	19967362	20545837	435	0.0359
FOXED_p_TCGA_b122_128_SNP_N_GenomeWideSNP_6_A10_781806	16	20545852	20548334	5	-0.792
FOXED_p_TCGA_b122_128_SNP_N_GenomeWideSNP_6_A10_781806	16	20551288	31980799	6068	0.056
FOXED_p_TCGA_b122_128_SNP_N_GenomeWideSNP_6_A10_781806	16	31980839	32010719	8	-0.3237
FOXED_p_TCGA_b122_128_SNP_N_GenomeWideSNP_6_A10_781806	16	32011371	32307220	49	0.1139
FOXED_p_TCGA_b122_128_SNP_N_GenomeWideSNP_6_A10_781806	16	32339105	32863923	97	0.3381
FOXED_p_TCGA_b122_128_SNP_N_GenomeWideSNP_6_A10_781806	16	32872275	33241953	31	-0.0584
FOXED_p_TCGA_b122_128_SNP_N_GenomeWideSNP_6_A10_781806	16	33300894	33644022	91	0.4022
FOXED_p_TCGA_b122_128_SNP_N_GenomeWideSNP_6_A10_781806	16	33644292	53720986	5229	0.0556
FOXED_p_TCGA_b122_128_SNP_N_GenomeWideSNP_6_A10_781806	16	53725401	54090589	287	-0.6911
FOXED_p_TCGA_b122_128_SNP_N_GenomeWideSNP_6_A10_781806	16	54094698	72144174	11211	0.0548
FOXED_p_TCGA_b122_128_SNP_N_GenomeWideSNP_6_A10_781806	16	72146666	72933804	417	-0.6326
FOXED_p_TCGA_b122_128_SNP_N_GenomeWideSNP_6_A10_781806	16	72939888	78219240	4150	0.0722
FOXED_p_TCGA_b122_128_SNP_N_GenomeWideSNP_6_A10_781806	16	78222725	78289692	77	0.5241
FOXED_p_TCGA_b122_128_SNP_N_GenomeWideSNP_6_A10_781806	16	78291173	78905503	786	0.0257
FOXED_p_TCGA_b122_128_SNP_N_GenomeWideSNP_6_A10_781806	16	78907003	79136345	336	-0.7965
FOXED_p_TCGA_b122_128_SNP_N_GenomeWideSNP_6_A10_781806	16	79141872	83654956	4872	0.0631
FOXED_p_TCGA_b122_128_SNP_N_GenomeWideSNP_6_A10_781806	16	83656646	83774365	155	-0.7322
FOXED_p_TCGA_b122_128_SNP_N_GenomeWideSNP_6_A10_781806	16	83774854	89477051	4255	0.0531
FOXED_p_TCGA_b122_128_SNP_N_GenomeWideSNP_6_A10_781806	16	89481019	89689937	112	0.5066
FOXED_p_TCGA_b122_128_SNP_N_GenomeWideSNP_6_A10_781806	16	89693029	90287535	222	0.0055
FOXED_p_TCGA_b122_128_SNP_N_GenomeWideSNP_6_A10_781806	17	526	4080137	2204	0.1503
FOXED_p_TCGA_b122_128_SNP_N_GenomeWideSNP_6_A10_781806	17	4081975	18319862	9226	-0.6324
FOXED_p_TCGA_b122_128_SNP_N_GenomeWideSNP_6_A10_781806	17	18355392	18453437	26	-1.6527
FOXED_p_TCGA_b122_128_SNP_N_GenomeWideSNP_6_A10_781806	17	18459272	22235650	1549	-0.5954
FOXED_p_TCGA_b122_128_SNP_N_GenomeWideSNP_6_A10_781806	17	25270411	44170127	10497	0.1168
FOXED_p_TCGA_b122_128_SNP_N_GenomeWideSNP_6_A10_781806	17	44176984	44364170	117	-0.1953
FOXED_p_TCGA_b122_128_SNP_N_GenomeWideSNP_6_A10_781806	17	44394412	44428681	7	0.2744
FOXED_p_TCGA_b122_128_SNP_N_GenomeWideSNP_6_A10_781806	17	44429320	44752300	41	0.8404
FOXED_p_TCGA_b122_128_SNP_N_GenomeWideSNP_6_A10_781806	17	44764994	50113517	2967	0.1451
FOXED_p_TCGA_b122_128_SNP_N_GenomeWideSNP_6_A10_781806	17	50119740	51003758	637	-0.6552
FOXED_p_TCGA_b122_128_SNP_N_GenomeWideSNP_6_A10_781806	17	51004293	51004890	3	-2.1702
FOXED_p_TCGA_b122_128_SNP_N_GenomeWideSNP_6_A10_781806	17	51005433	81049726	17967	-0.6808
FOXED_p_TCGA_b122_128_SNP_N_GenomeWideSNP_6_A10_781806	18	11543	392189	222	-0.6396
FOXED_p_TCGA_b122_128_SNP_N_GenomeWideSNP_6_A10_781806	18	392795	393413	2	-2.2465
FOXED_p_TCGA_b122_128_SNP_N_GenomeWideSNP_6_A10_781806	18	394762	463146	80	-0.7075
FOXED_p_TCGA_b122_128_SNP_N_GenomeWideSNP_6_A10_781806	18	463208	529676	39	0.0714
FOXED_p_TCGA_b122_128_SNP_N_GenomeWideSNP_6_A10_781806	18	532835	652797	103	-0.7069
FOXED_p_TCGA_b122_128_SNP_N_GenomeWideSNP_6_A10_781806	18	655837	5840503	3698	0.1095
FOXED_p_TCGA_b122_128_SNP_N_GenomeWideSNP_6_A10_781806	18	5843069	5843284	2	-2.0017
FOXED_p_TCGA_b122_128_SNP_N_GenomeWideSNP_6_A10_781806	18	5844290	12048802	4700	0.0456
FOXED_p_TCGA_b122_128_SNP_N_GenomeWideSNP_6_A10_781806	18	12057923	12071302	9	-0.7218
FOXED_p_TCGA_b122_128_SNP_N_GenomeWideSNP_6_A10_781806	18	12077565	14727429	1389	0.0745
FOXED_p_TCGA_b122_128_SNP_N_GenomeWideSNP_6_A10_781806	18	14727623	14752076	16	-0.3785
FOXED_p_TCGA_b122_128_SNP_N_GenomeWideSNP_6_A10_781806	18	14753435	14778691	14	0.1745
FOXED_p_TCGA_b122_128_SNP_N_GenomeWideSNP_6_A10_781806	18	14782550	15149068	136	-0.7179
FOXED_p_TCGA_b122_128_SNP_N_GenomeWideSNP_6_A10_781806	18	15152212	15396945	44	-0.384
FOXED_p_TCGA_b122_128_SNP_N_GenomeWideSNP_6_A10_781806	18	15401763	18923649	161	-0.648
FOXED_p_TCGA_b122_128_SNP_N_GenomeWideSNP_6_A10_781806	18	18925350	18971145	15	-0.0655
FOXED_p_TCGA_b122_128_SNP_N_GenomeWideSNP_6_A10_781806	18	18971643	19047343	41	-0.6457
FOXED_p_TCGA_b122_128_SNP_N_GenomeWideSNP_6_A10_781806	18	19048434	19578355	217	0.0861
FOXED_p_TCGA_b122_128_SNP_N_GenomeWideSNP_6_A10_781806	18	19580194	19811368	128	-0.6838
FOXED_p_TCGA_b122_128_SNP_N_GenomeWideSNP_6_A10_781806	18	19815477	22074797	1358	0.1089
FOXED_p_TCGA_b122_128_SNP_N_GenomeWideSNP_6_A10_781806	18	22076754	22149347	73	-0.6366
FOXED_p_TCGA_b122_128_SNP_N_GenomeWideSNP_6_A10_781806	18	22152236	27763856	3599	0.0534
FOXED_p_TCGA_b122_128_SNP_N_GenomeWideSNP_6_A10_781806	18	27764765	42800148	9762	-0.6524
FOXED_p_TCGA_b122_128_SNP_N_GenomeWideSNP_6_A10_781806	18	42802010	42803709	4	-3.2313
FOXED_p_TCGA_b122_128_SNP_N_GenomeWideSNP_6_A10_781806	18	42803829	78015057	24947	-0.6857
FOXED_p_TCGA_b122_128_SNP_N_GenomeWideSNP_6_A10_781806	19	90910	5506659	1599	0.0837
FOXED_p_TCGA_b122_128_SNP_N_GenomeWideSNP_6_A10_781806	19	5510239	5510653	3	-2.2603
FOXED_p_TCGA_b122_128_SNP_N_GenomeWideSNP_6_A10_781806	19	5510700	36830311	15692	0.0512
FOXED_p_TCGA_b122_128_SNP_N_GenomeWideSNP_6_A10_781806	19	36845875	36847413	9	-0.5395
FOXED_p_TCGA_b122_128_SNP_N_GenomeWideSNP_6_A10_781806	19	36847444	53518514	8624	0.0769
FOXED_p_TCGA_b122_128_SNP_N_GenomeWideSNP_6_A10_781806	19	53518747	53552229	22	0.4102
FOXED_p_TCGA_b122_128_SNP_N_GenomeWideSNP_6_A10_781806	19	53554240	54697869	753	0.0507
FOXED_p_TCGA_b122_128_SNP_N_GenomeWideSNP_6_A10_781806	19	54698127	54716840	21	0.5977
FOXED_p_TCGA_b122_128_SNP_N_GenomeWideSNP_6_A10_781806	19	54717050	59097854	2643	0.0476
FOXED_p_TCGA_b122_128_SNP_N_GenomeWideSNP_6_A10_781806	20	61305	1552457	1185	0.4632
FOXED_p_TCGA_b122_128_SNP_N_GenomeWideSNP_6_A10_781806	20	1552503	1560787	18	0.07
FOXED_p_TCGA_b122_128_SNP_N_GenomeWideSNP_6_A10_781806	20	1560802	1570774	15	-0.4683
FOXED_p_TCGA_b122_128_SNP_N_GenomeWideSNP_6_A10_781806	20	1570786	1582092	24	-0.0172
FOXED_p_TCGA_b122_128_SNP_N_GenomeWideSNP_6_A10_781806	20	1582207	7392739	4348	0.4879
FOXED_p_TCGA_b122_128_SNP_N_GenomeWideSNP_6_A10_781806	20	7400986	7406737	2	-0.6992
FOXED_p_TCGA_b122_128_SNP_N_GenomeWideSNP_6_A10_781806	20	7406908	14135764	5193	0.4792
FOXED_p_TCGA_b122_128_SNP_N_GenomeWideSNP_6_A10_781806	20	14136077	14342719	114	0.8317
FOXED_p_TCGA_b122_128_SNP_N_GenomeWideSNP_6_A10_781806	20	14346508	14643901	178	0.4883
FOXED_p_TCGA_b122_128_SNP_N_GenomeWideSNP_6_A10_781806	20	14644379	15009054	328	0.082
FOXED_p_TCGA_b122_128_SNP_N_GenomeWideSNP_6_A10_781806	20	15014097	15106978	101	0.5129
FOXED_p_TCGA_b122_128_SNP_N_GenomeWideSNP_6_A10_781806	20	15107038	15123360	18	-0.0686
FOXED_p_TCGA_b122_128_SNP_N_GenomeWideSNP_6_A10_781806	20	15125338	15301374	131	0.4153
FOXED_p_TCGA_b122_128_SNP_N_GenomeWideSNP_6_A10_781806	20	15301902	15302374	3	-0.6483
FOXED_p_TCGA_b122_128_SNP_N_GenomeWideSNP_6_A10_781806	20	15305258	62449320	30656	0.4659
FOXED_p_TCGA_b122_128_SNP_N_GenomeWideSNP_6_A10_781806	20	62449340	62453945	2	-0.6402
FOXED_p_TCGA_b122_128_SNP_N_GenomeWideSNP_6_A10_781806	20	62459663	62916068	204	0.3721
FOXED_p_TCGA_b122_128_SNP_N_GenomeWideSNP_6_A10_781806	20	62954695	62956153	5	-2.6389
FOXED_p_TCGA_b122_128_SNP_N_GenomeWideSNP_6_A10_781806	21	10736871	10942932	34	-0.8268
FOXED_p_TCGA_b122_128_SNP_N_GenomeWideSNP_6_A10_781806	21	10943554	14766174	218	-0.2593
FOXED_p_TCGA_b122_128_SNP_N_GenomeWideSNP_6_A10_781806	21	14767569	14769540	2	-2.6162
FOXED_p_TCGA_b122_128_SNP_N_GenomeWideSNP_6_A10_781806	21	14769586	20056087	3460	-0.2499
FOXED_p_TCGA_b122_128_SNP_N_GenomeWideSNP_6_A10_781806	21	20057678	20080384	26	0.1719
FOXED_p_TCGA_b122_128_SNP_N_GenomeWideSNP_6_A10_781806	21	20080934	28054302	6062	-0.283
FOXED_p_TCGA_b122_128_SNP_N_GenomeWideSNP_6_A10_781806	21	28057452	28058794	4	-1.3796
FOXED_p_TCGA_b122_128_SNP_N_GenomeWideSNP_6_A10_781806	21	28058892	29372432	1067	-0.2626
FOXED_p_TCGA_b122_128_SNP_N_GenomeWideSNP_6_A10_781806	21	29373749	29388938	12	-0.8193
FOXED_p_TCGA_b122_128_SNP_N_GenomeWideSNP_6_A10_781806	21	29389455	32664673	2330	-0.2521
FOXED_p_TCGA_b122_128_SNP_N_GenomeWideSNP_6_A10_781806	21	32667452	48096957	11169	-0.6807
FOXED_p_TCGA_b122_128_SNP_N_GenomeWideSNP_6_A10_781806	22	16052528	16683416	95	-0.2073
FOXED_p_TCGA_b122_128_SNP_N_GenomeWideSNP_6_A10_781806	22	16864898	18626910	1098	0.052
FOXED_p_TCGA_b122_128_SNP_N_GenomeWideSNP_6_A10_781806	22	18626997	18672885	20	-0.1404
FOXED_p_TCGA_b122_128_SNP_N_GenomeWideSNP_6_A10_781806	22	18673357	18810110	11	1.076
FOXED_p_TCGA_b122_128_SNP_N_GenomeWideSNP_6_A10_781806	22	18876428	20304875	919	-0.021
FOXED_p_TCGA_b122_128_SNP_N_GenomeWideSNP_6_A10_781806	22	20310369	20662706	11	0.5489
FOXED_p_TCGA_b122_128_SNP_N_GenomeWideSNP_6_A10_781806	22	20705775	20949832	150	0.0709
FOXED_p_TCGA_b122_128_SNP_N_GenomeWideSNP_6_A10_781806	22	20950269	20952909	4	-1.6316
FOXED_p_TCGA_b122_128_SNP_N_GenomeWideSNP_6_A10_781806	22	20953319	21465493	540	-0.0092
FOXED_p_TCGA_b122_128_SNP_N_GenomeWideSNP_6_A10_781806	22	21465630	21708108	12	0.6022
FOXED_p_TCGA_b122_128_SNP_N_GenomeWideSNP_6_A10_781806	22	21721603	22126838	147	0.0351
FOXED_p_TCGA_b122_128_SNP_N_GenomeWideSNP_6_A10_781806	22	22130539	22131325	3	0.9973
FOXED_p_TCGA_b122_128_SNP_N_GenomeWideSNP_6_A10_781806	22	22138132	22351024	112	0.0522
FOXED_p_TCGA_b122_128_SNP_N_GenomeWideSNP_6_A10_781806	22	22351131	22351183	2	-1.6443
FOXED_p_TCGA_b122_128_SNP_N_GenomeWideSNP_6_A10_781806	22	22351365	22468619	175	0.0574
FOXED_p_TCGA_b122_128_SNP_N_GenomeWideSNP_6_A10_781806	22	22473918	22474613	6	-0.7713
FOXED_p_TCGA_b122_128_SNP_N_GenomeWideSNP_6_A10_781806	22	22481498	24337949	1316	0.0404
FOXED_p_TCGA_b122_128_SNP_N_GenomeWideSNP_6_A10_781806	22	24344422	24402736	25	-0.3451
FOXED_p_TCGA_b122_128_SNP_N_GenomeWideSNP_6_A10_781806	22	24404830	25081338	349	0.0683
FOXED_p_TCGA_b122_128_SNP_N_GenomeWideSNP_6_A10_781806	22	25082115	25082534	3	-1.913
FOXED_p_TCGA_b122_128_SNP_N_GenomeWideSNP_6_A10_781806	22	25087674	39290920	10478	0.0423
FOXED_p_TCGA_b122_128_SNP_N_GenomeWideSNP_6_A10_781806	22	39295255	39296904	3	-3.2244
FOXED_p_TCGA_b122_128_SNP_N_GenomeWideSNP_6_A10_781806	22	39299114	45092192	3583	0.0417
FOXED_p_TCGA_b122_128_SNP_N_GenomeWideSNP_6_A10_781806	22	45095898	46554768	938	-0.7207
FOXED_p_TCGA_b122_128_SNP_N_GenomeWideSNP_6_A10_781806	22	46561274	51234455	3567	-0.0042
FOXED_p_TCGA_b122_128_SNP_N_GenomeWideSNP_6_A10_781806	X	168477	7047549	3448	-0.0019
FOXED_p_TCGA_b122_128_SNP_N_GenomeWideSNP_6_A10_781806	X	7048123	7327784	177	-0.8253
FOXED_p_TCGA_b122_128_SNP_N_GenomeWideSNP_6_A10_781806	X	7329175	7484729	123	0.1059
FOXED_p_TCGA_b122_128_SNP_N_GenomeWideSNP_6_A10_781806	X	7486556	7534067	29	-0.6538
FOXED_p_TCGA_b122_128_SNP_N_GenomeWideSNP_6_A10_781806	X	7535326	7991259	334	0.0174
FOXED_p_TCGA_b122_128_SNP_N_GenomeWideSNP_6_A10_781806	X	7993641	8104665	99	-0.8525
FOXED_p_TCGA_b122_128_SNP_N_GenomeWideSNP_6_A10_781806	X	8110256	26809365	12186	0.036
FOXED_p_TCGA_b122_128_SNP_N_GenomeWideSNP_6_A10_781806	X	26811112	26821008	9	0.7173
FOXED_p_TCGA_b122_128_SNP_N_GenomeWideSNP_6_A10_781806	X	26823484	76349873	23763	0.019
FOXED_p_TCGA_b122_128_SNP_N_GenomeWideSNP_6_A10_781806	X	76353650	76523952	18	-0.5936
FOXED_p_TCGA_b122_128_SNP_N_GenomeWideSNP_6_A10_781806	X	76545159	90085115	7178	0.018
FOXED_p_TCGA_b122_128_SNP_N_GenomeWideSNP_6_A10_781806	X	90088338	90090983	3	-1.0313
FOXED_p_TCGA_b122_128_SNP_N_GenomeWideSNP_6_A10_781806	X	90098899	116351599	14230	0.0263
FOXED_p_TCGA_b122_128_SNP_N_GenomeWideSNP_6_A10_781806	X	116352035	116409297	30	-0.7905
FOXED_p_TCGA_b122_128_SNP_N_GenomeWideSNP_6_A10_781806	X	116409548	155182354	23014	0.0144
FOXED_p_TCGA_b122_128_SNP_N_GenomeWideSNP_6_A10_781806	Y	2650438	2912181	133	-2.9768
FOXED_p_TCGA_b122_128_SNP_N_GenomeWideSNP_6_A10_781806	Y	2915500	6101425	738	-2.3811
FOXED_p_TCGA_b122_128_SNP_N_GenomeWideSNP_6_A10_781806	Y	6107901	6281935	78	-4.0888
FOXED_p_TCGA_b122_128_SNP_N_GenomeWideSNP_6_A10_781806	Y	6282097	19571480	4714	-3.044
FOXED_p_TCGA_b122_128_SNP_N_GenomeWideSNP_6_A10_781806	Y	19574890	21088297	704	-3.6683
FOXED_p_TCGA_b122_128_SNP_N_GenomeWideSNP_6_A10_781806	Y	21088485	23653771	978	-3.0743
FOXED_p_TCGA_b122_128_SNP_N_GenomeWideSNP_6_A10_781806	Y	23683731	23690350	2	-8.9658
FOXED_p_TCGA_b122_128_SNP_N_GenomeWideSNP_6_A10_781806	Y	23715701	24510518	263	-3.243
FOXED_p_TCGA_b122_128_SNP_N_GenomeWideSNP_6_A10_781806	Y	24514859	26190025	316	-3.7717
FOXED_p_TCGA_b122_128_SNP_N_GenomeWideSNP_6_A10_781806	Y	26193050	26408766	50	-2.9579
FOXED_p_TCGA_b122_128_SNP_N_GenomeWideSNP_6_A10_781806	Y	26409789	26412603	3	-6.0607
FOXED_p_TCGA_b122_128_SNP_N_GenomeWideSNP_6_A10_781806	Y	26417092	26517533	37	-2.7351
FOXED_p_TCGA_b122_128_SNP_N_GenomeWideSNP_6_A10_781806	Y	26526212	27240184	86	-4.1995
FOXED_p_TCGA_b122_128_SNP_N_GenomeWideSNP_6_A10_781806	Y	27254679	27695095	93	-2.8215
FOXED_p_TCGA_b122_128_SNP_N_GenomeWideSNP_6_A10_781806	Y	27717799	28051716	141	-3.8672
FOXED_p_TCGA_b122_128_SNP_N_GenomeWideSNP_6_A10_781806	Y	28052268	28114308	32	-2.7562
FOXED_p_TCGA_b122_128_SNP_N_GenomeWideSNP_6_A10_781806	Y	28117880	28452016	90	-3.8594
FOXED_p_TCGA_b122_128_SNP_N_GenomeWideSNP_6_A10_781806	Y	28457337	59018259	176	-2.6975
