Sample	Chromosome	Start	End	Num_Probes	Segment_Mean
USAGE_p_TCGA_132_133_136_SNP_N_GenomeWideSNP_6_A09_787482	1	61735	229158	21	-0.3694
USAGE_p_TCGA_132_133_136_SNP_N_GenomeWideSNP_6_A09_787482	1	229173	2452569	470	0.2264
USAGE_p_TCGA_132_133_136_SNP_N_GenomeWideSNP_6_A09_787482	1	2454930	2817421	82	-0.0702
USAGE_p_TCGA_132_133_136_SNP_N_GenomeWideSNP_6_A09_787482	1	2825367	16851514	8158	0.3887
USAGE_p_TCGA_132_133_136_SNP_N_GenomeWideSNP_6_A09_787482	1	16869363	17182437	104	-0.0148
USAGE_p_TCGA_132_133_136_SNP_N_GenomeWideSNP_6_A09_787482	1	17190004	25459959	5266	0.3993
USAGE_p_TCGA_132_133_136_SNP_N_GenomeWideSNP_6_A09_787482	1	25459973	25460099	5	-0.2536
USAGE_p_TCGA_132_133_136_SNP_N_GenomeWideSNP_6_A09_787482	1	25460115	25583341	65	0.3701
USAGE_p_TCGA_132_133_136_SNP_N_GenomeWideSNP_6_A09_787482	1	25593128	25662005	30	-1.2768
USAGE_p_TCGA_132_133_136_SNP_N_GenomeWideSNP_6_A09_787482	1	25662212	35091674	4969	0.3889
USAGE_p_TCGA_132_133_136_SNP_N_GenomeWideSNP_6_A09_787482	1	35102654	35104491	20	-0.45
USAGE_p_TCGA_132_133_136_SNP_N_GenomeWideSNP_6_A09_787482	1	35114268	66039858	19381	0.3549
USAGE_p_TCGA_132_133_136_SNP_N_GenomeWideSNP_6_A09_787482	1	66042898	66043112	3	-0.8031
USAGE_p_TCGA_132_133_136_SNP_N_GenomeWideSNP_6_A09_787482	1	66045927	73769173	5105	0.3117
USAGE_p_TCGA_132_133_136_SNP_N_GenomeWideSNP_6_A09_787482	1	73769200	73769215	2	-0.8558
USAGE_p_TCGA_132_133_136_SNP_N_GenomeWideSNP_6_A09_787482	1	73775929	110221727	23143	0.3108
USAGE_p_TCGA_132_133_136_SNP_N_GenomeWideSNP_6_A09_787482	1	110224384	110250235	40	-0.0185
USAGE_p_TCGA_132_133_136_SNP_N_GenomeWideSNP_6_A09_787482	1	110250236	144948968	7287	0.3498
USAGE_p_TCGA_132_133_136_SNP_N_GenomeWideSNP_6_A09_787482	1	144949070	145091196	54	-0.0806
USAGE_p_TCGA_132_133_136_SNP_N_GenomeWideSNP_6_A09_787482	1	145091858	149242663	1122	0.3042
USAGE_p_TCGA_132_133_136_SNP_N_GenomeWideSNP_6_A09_787482	1	149242725	149245189	8	1.0483
USAGE_p_TCGA_132_133_136_SNP_N_GenomeWideSNP_6_A09_787482	1	149246030	149256691	14	0.6135
USAGE_p_TCGA_132_133_136_SNP_N_GenomeWideSNP_6_A09_787482	1	149259416	149436842	31	0.2898
USAGE_p_TCGA_132_133_136_SNP_N_GenomeWideSNP_6_A09_787482	1	149521840	149664041	14	-0.3335
USAGE_p_TCGA_132_133_136_SNP_N_GenomeWideSNP_6_A09_787482	1	149676317	152759678	1691	0.3608
USAGE_p_TCGA_132_133_136_SNP_N_GenomeWideSNP_6_A09_787482	1	152761923	152768700	37	-0.0887
USAGE_p_TCGA_132_133_136_SNP_N_GenomeWideSNP_6_A09_787482	1	152773905	158866573	3624	0.3752
USAGE_p_TCGA_132_133_136_SNP_N_GenomeWideSNP_6_A09_787482	1	158868501	158869759	2	-0.769
USAGE_p_TCGA_132_133_136_SNP_N_GenomeWideSNP_6_A09_787482	1	158874818	160937020	1397	0.3668
USAGE_p_TCGA_132_133_136_SNP_N_GenomeWideSNP_6_A09_787482	1	160937964	160942342	5	-0.3625
USAGE_p_TCGA_132_133_136_SNP_N_GenomeWideSNP_6_A09_787482	1	160943839	165835364	3729	0.3441
USAGE_p_TCGA_132_133_136_SNP_N_GenomeWideSNP_6_A09_787482	1	165835548	165835690	3	1.2887
USAGE_p_TCGA_132_133_136_SNP_N_GenomeWideSNP_6_A09_787482	1	165837978	174796405	6119	0.3305
USAGE_p_TCGA_132_133_136_SNP_N_GenomeWideSNP_6_A09_787482	1	174796556	174802152	23	-0.3824
USAGE_p_TCGA_132_133_136_SNP_N_GenomeWideSNP_6_A09_787482	1	174802451	193155706	12255	0.3063
USAGE_p_TCGA_132_133_136_SNP_N_GenomeWideSNP_6_A09_787482	1	193155792	193156348	5	1.0889
USAGE_p_TCGA_132_133_136_SNP_N_GenomeWideSNP_6_A09_787482	1	193159723	210071062	11323	0.3334
USAGE_p_TCGA_132_133_136_SNP_N_GenomeWideSNP_6_A09_787482	1	210081613	210082065	2	-1.7716
USAGE_p_TCGA_132_133_136_SNP_N_GenomeWideSNP_6_A09_787482	1	210083984	213005012	1954	0.3376
USAGE_p_TCGA_132_133_136_SNP_N_GenomeWideSNP_6_A09_787482	1	213005118	213010436	6	-0.643
USAGE_p_TCGA_132_133_136_SNP_N_GenomeWideSNP_6_A09_787482	1	213014453	235280575	15363	0.3167
USAGE_p_TCGA_132_133_136_SNP_N_GenomeWideSNP_6_A09_787482	1	235287752	235287802	2	-0.9661
USAGE_p_TCGA_132_133_136_SNP_N_GenomeWideSNP_6_A09_787482	1	235299384	242119313	5261	0.305
USAGE_p_TCGA_132_133_136_SNP_N_GenomeWideSNP_6_A09_787482	1	242122020	242135977	5	-0.7118
USAGE_p_TCGA_132_133_136_SNP_N_GenomeWideSNP_6_A09_787482	1	242137964	249224388	4557	0.3164
USAGE_p_TCGA_132_133_136_SNP_N_GenomeWideSNP_6_A09_787482	2	12784	14706056	11055	-0.0127
USAGE_p_TCGA_132_133_136_SNP_N_GenomeWideSNP_6_A09_787482	2	14706269	14710092	10	-0.583
USAGE_p_TCGA_132_133_136_SNP_N_GenomeWideSNP_6_A09_787482	2	14710364	34691069	13055	0.0015
USAGE_p_TCGA_132_133_136_SNP_N_GenomeWideSNP_6_A09_787482	2	34699315	34740639	49	0.3231
USAGE_p_TCGA_132_133_136_SNP_N_GenomeWideSNP_6_A09_787482	2	34740757	35975973	874	-0.0224
USAGE_p_TCGA_132_133_136_SNP_N_GenomeWideSNP_6_A09_787482	2	35977790	35986908	5	0.9465
USAGE_p_TCGA_132_133_136_SNP_N_GenomeWideSNP_6_A09_787482	2	35987916	52743925	12168	0.009
USAGE_p_TCGA_132_133_136_SNP_N_GenomeWideSNP_6_A09_787482	2	52754468	52754881	7	0.7782
USAGE_p_TCGA_132_133_136_SNP_N_GenomeWideSNP_6_A09_787482	2	52758753	53648450	759	3e-04
USAGE_p_TCGA_132_133_136_SNP_N_GenomeWideSNP_6_A09_787482	2	53652716	53658392	16	-0.6776
USAGE_p_TCGA_132_133_136_SNP_N_GenomeWideSNP_6_A09_787482	2	53659941	87490657	21383	-0.0031
USAGE_p_TCGA_132_133_136_SNP_N_GenomeWideSNP_6_A09_787482	2	87491821	87526480	17	-0.6166
USAGE_p_TCGA_132_133_136_SNP_N_GenomeWideSNP_6_A09_787482	2	87526628	97865337	1917	0.0052
USAGE_p_TCGA_132_133_136_SNP_N_GenomeWideSNP_6_A09_787482	2	97865413	97877001	13	0.4977
USAGE_p_TCGA_132_133_136_SNP_N_GenomeWideSNP_6_A09_787482	2	97877173	98154265	30	-0.1401
USAGE_p_TCGA_132_133_136_SNP_N_GenomeWideSNP_6_A09_787482	2	98157272	98161710	3	-1.6737
USAGE_p_TCGA_132_133_136_SNP_N_GenomeWideSNP_6_A09_787482	2	98162189	115539056	10166	6e-04
USAGE_p_TCGA_132_133_136_SNP_N_GenomeWideSNP_6_A09_787482	2	115539077	115541716	14	-0.8554
USAGE_p_TCGA_132_133_136_SNP_N_GenomeWideSNP_6_A09_787482	2	115541744	126442223	6924	-0.0165
USAGE_p_TCGA_132_133_136_SNP_N_GenomeWideSNP_6_A09_787482	2	126451651	126451913	2	-2.921
USAGE_p_TCGA_132_133_136_SNP_N_GenomeWideSNP_6_A09_787482	2	126451932	146861404	12447	-0.0195
USAGE_p_TCGA_132_133_136_SNP_N_GenomeWideSNP_6_A09_787482	2	146861446	146877806	27	0.3334
USAGE_p_TCGA_132_133_136_SNP_N_GenomeWideSNP_6_A09_787482	2	146878395	172401763	15421	-0.0244
USAGE_p_TCGA_132_133_136_SNP_N_GenomeWideSNP_6_A09_787482	2	172402537	172402560	2	-1.1506
USAGE_p_TCGA_132_133_136_SNP_N_GenomeWideSNP_6_A09_787482	2	172403041	197697735	15201	-0.0215
USAGE_p_TCGA_132_133_136_SNP_N_GenomeWideSNP_6_A09_787482	2	197700961	197704048	2	-1.4435
USAGE_p_TCGA_132_133_136_SNP_N_GenomeWideSNP_6_A09_787482	2	197708712	208355338	6386	-0.015
USAGE_p_TCGA_132_133_136_SNP_N_GenomeWideSNP_6_A09_787482	2	208355696	208358287	8	-0.5854
USAGE_p_TCGA_132_133_136_SNP_N_GenomeWideSNP_6_A09_787482	2	208358731	213637303	3392	-0.0394
USAGE_p_TCGA_132_133_136_SNP_N_GenomeWideSNP_6_A09_787482	2	213639629	213723300	49	-1.4507
USAGE_p_TCGA_132_133_136_SNP_N_GenomeWideSNP_6_A09_787482	2	213735308	215722992	1254	-0.0546
USAGE_p_TCGA_132_133_136_SNP_N_GenomeWideSNP_6_A09_787482	2	215723306	215730821	3	0.717
USAGE_p_TCGA_132_133_136_SNP_N_GenomeWideSNP_6_A09_787482	2	215731190	229757006	9206	-0.016
USAGE_p_TCGA_132_133_136_SNP_N_GenomeWideSNP_6_A09_787482	2	229759479	229760147	11	-0.9142
USAGE_p_TCGA_132_133_136_SNP_N_GenomeWideSNP_6_A09_787482	2	229760168	233790911	2325	-0.0175
USAGE_p_TCGA_132_133_136_SNP_N_GenomeWideSNP_6_A09_787482	2	233791608	233792109	2	-1.4307
USAGE_p_TCGA_132_133_136_SNP_N_GenomeWideSNP_6_A09_787482	2	233796475	242773380	5768	0.0125
USAGE_p_TCGA_132_133_136_SNP_N_GenomeWideSNP_6_A09_787482	2	242774991	242775058	2	1.4187
USAGE_p_TCGA_132_133_136_SNP_N_GenomeWideSNP_6_A09_787482	2	242782271	243089456	145	-0.0246
USAGE_p_TCGA_132_133_136_SNP_N_GenomeWideSNP_6_A09_787482	3	60345	26057327	19716	-0.0679
USAGE_p_TCGA_132_133_136_SNP_N_GenomeWideSNP_6_A09_787482	3	26057476	26057799	2	-1.5793
USAGE_p_TCGA_132_133_136_SNP_N_GenomeWideSNP_6_A09_787482	3	26060294	53022949	16081	-0.0566
USAGE_p_TCGA_132_133_136_SNP_N_GenomeWideSNP_6_A09_787482	3	53023211	53039489	43	-0.4605
USAGE_p_TCGA_132_133_136_SNP_N_GenomeWideSNP_6_A09_787482	3	53039677	68746164	12036	-0.072
USAGE_p_TCGA_132_133_136_SNP_N_GenomeWideSNP_6_A09_787482	3	68746259	68748945	17	0.3983
USAGE_p_TCGA_132_133_136_SNP_N_GenomeWideSNP_6_A09_787482	3	68749052	75568549	4935	-0.0776
USAGE_p_TCGA_132_133_136_SNP_N_GenomeWideSNP_6_A09_787482	3	75572549	75586805	6	-1.5691
USAGE_p_TCGA_132_133_136_SNP_N_GenomeWideSNP_6_A09_787482	3	75595181	129760622	29808	-0.0975
USAGE_p_TCGA_132_133_136_SNP_N_GenomeWideSNP_6_A09_787482	3	129761124	129786739	12	-0.5294
USAGE_p_TCGA_132_133_136_SNP_N_GenomeWideSNP_6_A09_787482	3	129786753	129806236	42	-1.31
USAGE_p_TCGA_132_133_136_SNP_N_GenomeWideSNP_6_A09_787482	3	129806924	137033060	4511	-0.0657
USAGE_p_TCGA_132_133_136_SNP_N_GenomeWideSNP_6_A09_787482	3	137033260	137033262	2	1.1078
USAGE_p_TCGA_132_133_136_SNP_N_GenomeWideSNP_6_A09_787482	3	137033263	149564841	7816	-0.0919
USAGE_p_TCGA_132_133_136_SNP_N_GenomeWideSNP_6_A09_787482	3	149568748	150218614	378	-0.5644
USAGE_p_TCGA_132_133_136_SNP_N_GenomeWideSNP_6_A09_787482	3	150218780	162513092	7593	-0.0969
USAGE_p_TCGA_132_133_136_SNP_N_GenomeWideSNP_6_A09_787482	3	162513149	162625995	67	-1.6116
USAGE_p_TCGA_132_133_136_SNP_N_GenomeWideSNP_6_A09_787482	3	162626572	194731251	20465	-0.092
USAGE_p_TCGA_132_133_136_SNP_N_GenomeWideSNP_6_A09_787482	3	194731909	194733965	4	-1.4072
USAGE_p_TCGA_132_133_136_SNP_N_GenomeWideSNP_6_A09_787482	3	194737345	195182985	216	-0.0294
USAGE_p_TCGA_132_133_136_SNP_N_GenomeWideSNP_6_A09_787482	3	195183235	195194569	3	-1.5814
USAGE_p_TCGA_132_133_136_SNP_N_GenomeWideSNP_6_A09_787482	3	195195298	195456048	57	-0.247
USAGE_p_TCGA_132_133_136_SNP_N_GenomeWideSNP_6_A09_787482	3	195456889	195473796	9	0.5196
USAGE_p_TCGA_132_133_136_SNP_N_GenomeWideSNP_6_A09_787482	3	195474182	197079586	773	-0.0586
USAGE_p_TCGA_132_133_136_SNP_N_GenomeWideSNP_6_A09_787482	3	197079826	197081796	3	-1.1017
USAGE_p_TCGA_132_133_136_SNP_N_GenomeWideSNP_6_A09_787482	3	197085761	197896118	400	-0.0584
USAGE_p_TCGA_132_133_136_SNP_N_GenomeWideSNP_6_A09_787482	4	12281	16700	3	-0.2803
USAGE_p_TCGA_132_133_136_SNP_N_GenomeWideSNP_6_A09_787482	4	17518	78890	68	0.2818
USAGE_p_TCGA_132_133_136_SNP_N_GenomeWideSNP_6_A09_787482	4	79535	10210390	5734	-0.0146
USAGE_p_TCGA_132_133_136_SNP_N_GenomeWideSNP_6_A09_787482	4	10214160	10231498	29	-1.7671
USAGE_p_TCGA_132_133_136_SNP_N_GenomeWideSNP_6_A09_787482	4	10234214	10235268	7	-0.8606
USAGE_p_TCGA_132_133_136_SNP_N_GenomeWideSNP_6_A09_787482	4	10236142	32052675	15407	-0.0682
USAGE_p_TCGA_132_133_136_SNP_N_GenomeWideSNP_6_A09_787482	4	32054591	32059882	3	-1.2134
USAGE_p_TCGA_132_133_136_SNP_N_GenomeWideSNP_6_A09_787482	4	32063366	34778962	1582	-0.1053
USAGE_p_TCGA_132_133_136_SNP_N_GenomeWideSNP_6_A09_787482	4	34778975	34829872	44	0.4034
USAGE_p_TCGA_132_133_136_SNP_N_GenomeWideSNP_6_A09_787482	4	34829913	59973018	13836	-0.055
USAGE_p_TCGA_132_133_136_SNP_N_GenomeWideSNP_6_A09_787482	4	59974071	59989077	10	0.4647
USAGE_p_TCGA_132_133_136_SNP_N_GenomeWideSNP_6_A09_787482	4	59990876	64693940	2748	-0.1017
USAGE_p_TCGA_132_133_136_SNP_N_GenomeWideSNP_6_A09_787482	4	64697469	64704293	7	-1.5783
USAGE_p_TCGA_132_133_136_SNP_N_GenomeWideSNP_6_A09_787482	4	64705156	64705785	14	-0.3639
USAGE_p_TCGA_132_133_136_SNP_N_GenomeWideSNP_6_A09_787482	4	64707581	64708258	8	-2.6543
USAGE_p_TCGA_132_133_136_SNP_N_GenomeWideSNP_6_A09_787482	4	64716431	69745794	3054	-0.0826
USAGE_p_TCGA_132_133_136_SNP_N_GenomeWideSNP_6_A09_787482	4	69749750	69749788	2	-1.9701
USAGE_p_TCGA_132_133_136_SNP_N_GenomeWideSNP_6_A09_787482	4	69752148	70389349	383	0.023
USAGE_p_TCGA_132_133_136_SNP_N_GenomeWideSNP_6_A09_787482	4	70389486	70390779	4	-1.1066
USAGE_p_TCGA_132_133_136_SNP_N_GenomeWideSNP_6_A09_787482	4	70391888	115173700	27268	-0.0674
USAGE_p_TCGA_132_133_136_SNP_N_GenomeWideSNP_6_A09_787482	4	115175323	115184229	24	0.6084
USAGE_p_TCGA_132_133_136_SNP_N_GenomeWideSNP_6_A09_787482	4	115184252	117433487	1352	-0.086
USAGE_p_TCGA_132_133_136_SNP_N_GenomeWideSNP_6_A09_787482	4	117436153	117977599	365	-0.5834
USAGE_p_TCGA_132_133_136_SNP_N_GenomeWideSNP_6_A09_787482	4	117983104	122281973	2637	-0.0889
USAGE_p_TCGA_132_133_136_SNP_N_GenomeWideSNP_6_A09_787482	4	122282468	122291131	29	-1.1483
USAGE_p_TCGA_132_133_136_SNP_N_GenomeWideSNP_6_A09_787482	4	122291522	152791637	17791	-0.0858
USAGE_p_TCGA_132_133_136_SNP_N_GenomeWideSNP_6_A09_787482	4	152791654	152792525	8	-0.8516
USAGE_p_TCGA_132_133_136_SNP_N_GenomeWideSNP_6_A09_787482	4	152792546	155802548	1957	-0.0699
USAGE_p_TCGA_132_133_136_SNP_N_GenomeWideSNP_6_A09_787482	4	155803005	155803078	3	-3.2922
USAGE_p_TCGA_132_133_136_SNP_N_GenomeWideSNP_6_A09_787482	4	155803199	158561140	1852	-0.1066
USAGE_p_TCGA_132_133_136_SNP_N_GenomeWideSNP_6_A09_787482	4	158561347	158561723	4	-1.4231
USAGE_p_TCGA_132_133_136_SNP_N_GenomeWideSNP_6_A09_787482	4	158561859	161392655	1707	-0.0753
USAGE_p_TCGA_132_133_136_SNP_N_GenomeWideSNP_6_A09_787482	4	161398812	161501719	83	-0.5944
USAGE_p_TCGA_132_133_136_SNP_N_GenomeWideSNP_6_A09_787482	4	161503150	161874000	277	-0.1068
USAGE_p_TCGA_132_133_136_SNP_N_GenomeWideSNP_6_A09_787482	4	161880018	161884908	21	0.4071
USAGE_p_TCGA_132_133_136_SNP_N_GenomeWideSNP_6_A09_787482	4	161884919	170844144	5707	-0.0952
USAGE_p_TCGA_132_133_136_SNP_N_GenomeWideSNP_6_A09_787482	4	170844480	170847041	4	-1.0727
USAGE_p_TCGA_132_133_136_SNP_N_GenomeWideSNP_6_A09_787482	4	170847532	172987928	1377	-0.112
USAGE_p_TCGA_132_133_136_SNP_N_GenomeWideSNP_6_A09_787482	4	172989148	172989533	12	0.549
USAGE_p_TCGA_132_133_136_SNP_N_GenomeWideSNP_6_A09_787482	4	172995979	173422522	232	-0.0823
USAGE_p_TCGA_132_133_136_SNP_N_GenomeWideSNP_6_A09_787482	4	173424947	173428643	7	0.9025
USAGE_p_TCGA_132_133_136_SNP_N_GenomeWideSNP_6_A09_787482	4	173441132	180093706	4141	-0.0977
USAGE_p_TCGA_132_133_136_SNP_N_GenomeWideSNP_6_A09_787482	4	180097988	180098338	2	-2.0467
USAGE_p_TCGA_132_133_136_SNP_N_GenomeWideSNP_6_A09_787482	4	180101922	185291142	3890	-0.0828
USAGE_p_TCGA_132_133_136_SNP_N_GenomeWideSNP_6_A09_787482	4	185291289	186129083	563	-0.5531
USAGE_p_TCGA_132_133_136_SNP_N_GenomeWideSNP_6_A09_787482	4	186133578	189658600	2498	-0.0624
USAGE_p_TCGA_132_133_136_SNP_N_GenomeWideSNP_6_A09_787482	4	189659321	189660025	2	1.5435
USAGE_p_TCGA_132_133_136_SNP_N_GenomeWideSNP_6_A09_787482	4	189660193	191027923	798	-0.0429
USAGE_p_TCGA_132_133_136_SNP_N_GenomeWideSNP_6_A09_787482	5	15532	12800889	10228	-0.0619
USAGE_p_TCGA_132_133_136_SNP_N_GenomeWideSNP_6_A09_787482	5	12815780	12838533	14	-0.9762
USAGE_p_TCGA_132_133_136_SNP_N_GenomeWideSNP_6_A09_787482	5	12849201	15719350	1979	-0.0542
USAGE_p_TCGA_132_133_136_SNP_N_GenomeWideSNP_6_A09_787482	5	15720075	15720597	9	-1.2093
USAGE_p_TCGA_132_133_136_SNP_N_GenomeWideSNP_6_A09_787482	5	15723346	20458905	2992	-0.0628
USAGE_p_TCGA_132_133_136_SNP_N_GenomeWideSNP_6_A09_787482	5	20459328	20459619	4	-1.1324
USAGE_p_TCGA_132_133_136_SNP_N_GenomeWideSNP_6_A09_787482	5	20459793	34771465	8894	-0.0792
USAGE_p_TCGA_132_133_136_SNP_N_GenomeWideSNP_6_A09_787482	5	34771834	34771848	2	-2.5425
USAGE_p_TCGA_132_133_136_SNP_N_GenomeWideSNP_6_A09_787482	5	34777381	46191884	6685	-0.047
USAGE_p_TCGA_132_133_136_SNP_N_GenomeWideSNP_6_A09_787482	5	46195883	46199435	4	-1.1132
USAGE_p_TCGA_132_133_136_SNP_N_GenomeWideSNP_6_A09_787482	5	46209299	46271108	15	-0.0201
USAGE_p_TCGA_132_133_136_SNP_N_GenomeWideSNP_6_A09_787482	5	46271930	46273502	6	0.9436
USAGE_p_TCGA_132_133_136_SNP_N_GenomeWideSNP_6_A09_787482	5	46278212	100030725	29766	-0.0539
USAGE_p_TCGA_132_133_136_SNP_N_GenomeWideSNP_6_A09_787482	5	100031644	100031757	2	1.5797
USAGE_p_TCGA_132_133_136_SNP_N_GenomeWideSNP_6_A09_787482	5	100032335	114756455	9631	-0.0815
USAGE_p_TCGA_132_133_136_SNP_N_GenomeWideSNP_6_A09_787482	5	114756637	114756821	4	1.164
USAGE_p_TCGA_132_133_136_SNP_N_GenomeWideSNP_6_A09_787482	5	114756862	160253905	29377	-0.0486
USAGE_p_TCGA_132_133_136_SNP_N_GenomeWideSNP_6_A09_787482	5	160262071	160273954	6	-0.8165
USAGE_p_TCGA_132_133_136_SNP_N_GenomeWideSNP_6_A09_787482	5	160274823	160548155	226	-0.0675
USAGE_p_TCGA_132_133_136_SNP_N_GenomeWideSNP_6_A09_787482	5	160549698	160553410	4	-1.5241
USAGE_p_TCGA_132_133_136_SNP_N_GenomeWideSNP_6_A09_787482	5	160554141	168181632	5114	-0.0908
USAGE_p_TCGA_132_133_136_SNP_N_GenomeWideSNP_6_A09_787482	5	168182282	168182776	2	-1.3631
USAGE_p_TCGA_132_133_136_SNP_N_GenomeWideSNP_6_A09_787482	5	168186217	175619513	5536	-0.0209
USAGE_p_TCGA_132_133_136_SNP_N_GenomeWideSNP_6_A09_787482	5	175624282	175638369	3	-1.3072
USAGE_p_TCGA_132_133_136_SNP_N_GenomeWideSNP_6_A09_787482	5	175638630	180790320	2673	-0.0189
USAGE_p_TCGA_132_133_136_SNP_N_GenomeWideSNP_6_A09_787482	6	149661	254283	100	-0.4712
USAGE_p_TCGA_132_133_136_SNP_N_GenomeWideSNP_6_A09_787482	6	257353	384521	100	-1.0569
USAGE_p_TCGA_132_133_136_SNP_N_GenomeWideSNP_6_A09_787482	6	384546	29837188	21537	-0.4668
USAGE_p_TCGA_132_133_136_SNP_N_GenomeWideSNP_6_A09_787482	6	29837314	29849267	14	-1.1572
USAGE_p_TCGA_132_133_136_SNP_N_GenomeWideSNP_6_A09_787482	6	29850196	31277686	672	-0.3973
USAGE_p_TCGA_132_133_136_SNP_N_GenomeWideSNP_6_A09_787482	6	31280823	31295953	9	-1.6735
USAGE_p_TCGA_132_133_136_SNP_N_GenomeWideSNP_6_A09_787482	6	31295987	32595083	561	-0.4816
USAGE_p_TCGA_132_133_136_SNP_N_GenomeWideSNP_6_A09_787482	6	32595232	32602107	3	-2.0346
USAGE_p_TCGA_132_133_136_SNP_N_GenomeWideSNP_6_A09_787482	6	32602269	42366438	6380	-0.4289
USAGE_p_TCGA_132_133_136_SNP_N_GenomeWideSNP_6_A09_787482	6	42367862	45285896	1605	0.3639
USAGE_p_TCGA_132_133_136_SNP_N_GenomeWideSNP_6_A09_787482	6	45290634	53931230	5768	-0.4653
USAGE_p_TCGA_132_133_136_SNP_N_GenomeWideSNP_6_A09_787482	6	53931275	53935348	6	0.7486
USAGE_p_TCGA_132_133_136_SNP_N_GenomeWideSNP_6_A09_787482	6	53935415	57232791	1984	-0.4737
USAGE_p_TCGA_132_133_136_SNP_N_GenomeWideSNP_6_A09_787482	6	57233742	58069872	332	-0.1278
USAGE_p_TCGA_132_133_136_SNP_N_GenomeWideSNP_6_A09_787482	6	58070635	58422642	98	-0.4178
USAGE_p_TCGA_132_133_136_SNP_N_GenomeWideSNP_6_A09_787482	6	58426052	58427069	4	-2.3889
USAGE_p_TCGA_132_133_136_SNP_N_GenomeWideSNP_6_A09_787482	6	58432574	58724749	136	-0.3869
USAGE_p_TCGA_132_133_136_SNP_N_GenomeWideSNP_6_A09_787482	6	58726424	67038046	2938	-0.044
USAGE_p_TCGA_132_133_136_SNP_N_GenomeWideSNP_6_A09_787482	6	67040913	67043192	7	-1.1508
USAGE_p_TCGA_132_133_136_SNP_N_GenomeWideSNP_6_A09_787482	6	67043235	74591858	5019	-0.0496
USAGE_p_TCGA_132_133_136_SNP_N_GenomeWideSNP_6_A09_787482	6	74592225	74601410	10	1.1472
USAGE_p_TCGA_132_133_136_SNP_N_GenomeWideSNP_6_A09_787482	6	74603555	78962064	2764	-0.0248
USAGE_p_TCGA_132_133_136_SNP_N_GenomeWideSNP_6_A09_787482	6	78962225	79035185	120	-0.2548
USAGE_p_TCGA_132_133_136_SNP_N_GenomeWideSNP_6_A09_787482	6	79039234	101500364	14156	-0.0385
USAGE_p_TCGA_132_133_136_SNP_N_GenomeWideSNP_6_A09_787482	6	101510205	101799713	162	-0.6191
USAGE_p_TCGA_132_133_136_SNP_N_GenomeWideSNP_6_A09_787482	6	101801581	103738224	1181	-0.0571
USAGE_p_TCGA_132_133_136_SNP_N_GenomeWideSNP_6_A09_787482	6	103738289	103765711	44	0.2688
USAGE_p_TCGA_132_133_136_SNP_N_GenomeWideSNP_6_A09_787482	6	103765730	106822726	1951	-0.0418
USAGE_p_TCGA_132_133_136_SNP_N_GenomeWideSNP_6_A09_787482	6	106823525	106823539	2	-1.2501
USAGE_p_TCGA_132_133_136_SNP_N_GenomeWideSNP_6_A09_787482	6	106824147	113121589	3933	-0.0023
USAGE_p_TCGA_132_133_136_SNP_N_GenomeWideSNP_6_A09_787482	6	113121685	114221955	787	0.2911
USAGE_p_TCGA_132_133_136_SNP_N_GenomeWideSNP_6_A09_787482	6	114224841	114225016	2	-2.048
USAGE_p_TCGA_132_133_136_SNP_N_GenomeWideSNP_6_A09_787482	6	114225811	126515622	7408	0.2851
USAGE_p_TCGA_132_133_136_SNP_N_GenomeWideSNP_6_A09_787482	6	126515934	126516317	2	-0.9344
USAGE_p_TCGA_132_133_136_SNP_N_GenomeWideSNP_6_A09_787482	6	126521516	129076415	1400	0.2789
USAGE_p_TCGA_132_133_136_SNP_N_GenomeWideSNP_6_A09_787482	6	129076520	129079265	2	1.2603
USAGE_p_TCGA_132_133_136_SNP_N_GenomeWideSNP_6_A09_787482	6	129079343	161032565	21510	0.3026
USAGE_p_TCGA_132_133_136_SNP_N_GenomeWideSNP_6_A09_787482	6	161032719	161032877	3	1.3357
USAGE_p_TCGA_132_133_136_SNP_N_GenomeWideSNP_6_A09_787482	6	161033247	169512662	6347	0.3023
USAGE_p_TCGA_132_133_136_SNP_N_GenomeWideSNP_6_A09_787482	6	169513074	169517100	12	-0.1503
USAGE_p_TCGA_132_133_136_SNP_N_GenomeWideSNP_6_A09_787482	6	169518104	171051005	913	0.2871
USAGE_p_TCGA_132_133_136_SNP_N_GenomeWideSNP_6_A09_787482	7	43355	54380373	38589	0.8231
USAGE_p_TCGA_132_133_136_SNP_N_GenomeWideSNP_6_A09_787482	7	54386505	54386517	6	-1.0404
USAGE_p_TCGA_132_133_136_SNP_N_GenomeWideSNP_6_A09_787482	7	54393488	64930428	3311	0.7679
USAGE_p_TCGA_132_133_136_SNP_N_GenomeWideSNP_6_A09_787482	7	64933316	65066173	33	0.5021
USAGE_p_TCGA_132_133_136_SNP_N_GenomeWideSNP_6_A09_787482	7	65066355	66735541	586	0.8056
USAGE_p_TCGA_132_133_136_SNP_N_GenomeWideSNP_6_A09_787482	7	66755845	66758077	2	-0.5755
USAGE_p_TCGA_132_133_136_SNP_N_GenomeWideSNP_6_A09_787482	7	66772692	70420438	2368	0.8123
USAGE_p_TCGA_132_133_136_SNP_N_GenomeWideSNP_6_A09_787482	7	70423250	70426141	2	-2.3695
USAGE_p_TCGA_132_133_136_SNP_N_GenomeWideSNP_6_A09_787482	7	70428243	91446026	12194	0.776
USAGE_p_TCGA_132_133_136_SNP_N_GenomeWideSNP_6_A09_787482	7	91448843	91449195	2	-0.5745
USAGE_p_TCGA_132_133_136_SNP_N_GenomeWideSNP_6_A09_787482	7	91454284	109430050	10324	0.7142
USAGE_p_TCGA_132_133_136_SNP_N_GenomeWideSNP_6_A09_787482	7	109433747	109437100	11	0.2204
USAGE_p_TCGA_132_133_136_SNP_N_GenomeWideSNP_6_A09_787482	7	109437101	109441212	17	0.7268
USAGE_p_TCGA_132_133_136_SNP_N_GenomeWideSNP_6_A09_787482	7	109441244	109453910	11	1.3509
USAGE_p_TCGA_132_133_136_SNP_N_GenomeWideSNP_6_A09_787482	7	109453982	127962168	11366	0.7971
USAGE_p_TCGA_132_133_136_SNP_N_GenomeWideSNP_6_A09_787482	7	127962835	127965589	7	-0.3222
USAGE_p_TCGA_132_133_136_SNP_N_GenomeWideSNP_6_A09_787482	7	127966626	133775462	3388	0.8268
USAGE_p_TCGA_132_133_136_SNP_N_GenomeWideSNP_6_A09_787482	7	133778429	133798558	39	0.0729
USAGE_p_TCGA_132_133_136_SNP_N_GenomeWideSNP_6_A09_787482	7	133798846	142047109	5438	0.8162
USAGE_p_TCGA_132_133_136_SNP_N_GenomeWideSNP_6_A09_787482	7	142047132	142047648	5	1.736
USAGE_p_TCGA_132_133_136_SNP_N_GenomeWideSNP_6_A09_787482	7	142099013	142474939	254	0.8776
USAGE_p_TCGA_132_133_136_SNP_N_GenomeWideSNP_6_A09_787482	7	142476719	142479722	8	-3.0168
USAGE_p_TCGA_132_133_136_SNP_N_GenomeWideSNP_6_A09_787482	7	142479807	142485699	14	-0.8545
USAGE_p_TCGA_132_133_136_SNP_N_GenomeWideSNP_6_A09_787482	7	142485771	142486045	5	-2.1748
USAGE_p_TCGA_132_133_136_SNP_N_GenomeWideSNP_6_A09_787482	7	142486115	143870422	834	0.8103
USAGE_p_TCGA_132_133_136_SNP_N_GenomeWideSNP_6_A09_787482	7	143870505	144002397	30	1.1657
USAGE_p_TCGA_132_133_136_SNP_N_GenomeWideSNP_6_A09_787482	7	144003667	152827520	5335	0.8166
USAGE_p_TCGA_132_133_136_SNP_N_GenomeWideSNP_6_A09_787482	7	152829906	152830642	2	-0.6088
USAGE_p_TCGA_132_133_136_SNP_N_GenomeWideSNP_6_A09_787482	7	152831150	154389895	1133	0.8107
USAGE_p_TCGA_132_133_136_SNP_N_GenomeWideSNP_6_A09_787482	7	154393171	154399613	4	1.8579
USAGE_p_TCGA_132_133_136_SNP_N_GenomeWideSNP_6_A09_787482	7	154400830	159127004	3247	0.8173
USAGE_p_TCGA_132_133_136_SNP_N_GenomeWideSNP_6_A09_787482	8	31254	593041	327	0.3177
USAGE_p_TCGA_132_133_136_SNP_N_GenomeWideSNP_6_A09_787482	8	594944	595875	8	1.1712
USAGE_p_TCGA_132_133_136_SNP_N_GenomeWideSNP_6_A09_787482	8	595892	595908	2	3.8647
USAGE_p_TCGA_132_133_136_SNP_N_GenomeWideSNP_6_A09_787482	8	601043	6039176	6343	0.3237
USAGE_p_TCGA_132_133_136_SNP_N_GenomeWideSNP_6_A09_787482	8	6040105	6040150	2	-1.351
USAGE_p_TCGA_132_133_136_SNP_N_GenomeWideSNP_6_A09_787482	8	6040505	12034997	4631	0.3483
USAGE_p_TCGA_132_133_136_SNP_N_GenomeWideSNP_6_A09_787482	8	12162739	12240162	19	-0.2409
USAGE_p_TCGA_132_133_136_SNP_N_GenomeWideSNP_6_A09_787482	8	12240182	15292962	2750	0.3096
USAGE_p_TCGA_132_133_136_SNP_N_GenomeWideSNP_6_A09_787482	8	15293931	15295445	2	-1.1299
USAGE_p_TCGA_132_133_136_SNP_N_GenomeWideSNP_6_A09_787482	8	15296703	15401178	80	0.286
USAGE_p_TCGA_132_133_136_SNP_N_GenomeWideSNP_6_A09_787482	8	15403060	15413447	9	-0.591
USAGE_p_TCGA_132_133_136_SNP_N_GenomeWideSNP_6_A09_787482	8	15423270	24974522	7687	0.3509
USAGE_p_TCGA_132_133_136_SNP_N_GenomeWideSNP_6_A09_787482	8	24974577	24984333	24	1.1405
USAGE_p_TCGA_132_133_136_SNP_N_GenomeWideSNP_6_A09_787482	8	24991104	34269865	6360	0.3472
USAGE_p_TCGA_132_133_136_SNP_N_GenomeWideSNP_6_A09_787482	8	34275401	34275425	2	-1.0015
USAGE_p_TCGA_132_133_136_SNP_N_GenomeWideSNP_6_A09_787482	8	34277594	38312792	2194	0.3435
USAGE_p_TCGA_132_133_136_SNP_N_GenomeWideSNP_6_A09_787482	8	38312917	38318506	35	0.042
USAGE_p_TCGA_132_133_136_SNP_N_GenomeWideSNP_6_A09_787482	8	38319349	39230659	455	0.3527
USAGE_p_TCGA_132_133_136_SNP_N_GenomeWideSNP_6_A09_787482	8	39235603	39385194	58	1.0035
USAGE_p_TCGA_132_133_136_SNP_N_GenomeWideSNP_6_A09_787482	8	39386965	97049921	32906	0.3115
USAGE_p_TCGA_132_133_136_SNP_N_GenomeWideSNP_6_A09_787482	8	97052607	97266289	127	0.0262
USAGE_p_TCGA_132_133_136_SNP_N_GenomeWideSNP_6_A09_787482	8	97269046	108080619	6584	0.3264
USAGE_p_TCGA_132_133_136_SNP_N_GenomeWideSNP_6_A09_787482	8	108081817	108616854	368	-0.0323
USAGE_p_TCGA_132_133_136_SNP_N_GenomeWideSNP_6_A09_787482	8	108617360	112291494	2090	0.3062
USAGE_p_TCGA_132_133_136_SNP_N_GenomeWideSNP_6_A09_787482	8	112294279	112295260	10	-0.517
USAGE_p_TCGA_132_133_136_SNP_N_GenomeWideSNP_6_A09_787482	8	112300281	144692278	22431	0.3319
USAGE_p_TCGA_132_133_136_SNP_N_GenomeWideSNP_6_A09_787482	8	144692333	144707808	15	-0.1466
USAGE_p_TCGA_132_133_136_SNP_N_GenomeWideSNP_6_A09_787482	8	144718989	146298155	503	0.3121
USAGE_p_TCGA_132_133_136_SNP_N_GenomeWideSNP_6_A09_787482	9	46587	1400775	1404	-1.3215
USAGE_p_TCGA_132_133_136_SNP_N_GenomeWideSNP_6_A09_787482	9	1401099	1401357	2	-7.4546
USAGE_p_TCGA_132_133_136_SNP_N_GenomeWideSNP_6_A09_787482	9	1401898	7264558	5487	-1.3255
USAGE_p_TCGA_132_133_136_SNP_N_GenomeWideSNP_6_A09_787482	9	7264768	8972187	1649	-0.5691
USAGE_p_TCGA_132_133_136_SNP_N_GenomeWideSNP_6_A09_787482	9	8972798	9562067	531	-1.3314
USAGE_p_TCGA_132_133_136_SNP_N_GenomeWideSNP_6_A09_787482	9	9564401	9666565	87	-0.5833
USAGE_p_TCGA_132_133_136_SNP_N_GenomeWideSNP_6_A09_787482	9	9681202	13884030	3493	-1.2962
USAGE_p_TCGA_132_133_136_SNP_N_GenomeWideSNP_6_A09_787482	9	13889236	13977793	80	-0.6865
USAGE_p_TCGA_132_133_136_SNP_N_GenomeWideSNP_6_A09_787482	9	13978039	14866119	787	-1.3389
USAGE_p_TCGA_132_133_136_SNP_N_GenomeWideSNP_6_A09_787482	9	14866172	14868653	6	-3.7375
USAGE_p_TCGA_132_133_136_SNP_N_GenomeWideSNP_6_A09_787482	9	14869179	15154850	168	-1.3
USAGE_p_TCGA_132_133_136_SNP_N_GenomeWideSNP_6_A09_787482	9	15155907	15237785	83	-0.5425
USAGE_p_TCGA_132_133_136_SNP_N_GenomeWideSNP_6_A09_787482	9	15240033	17832232	2230	-1.3076
USAGE_p_TCGA_132_133_136_SNP_N_GenomeWideSNP_6_A09_787482	9	17833729	17833802	2	-6.2936
USAGE_p_TCGA_132_133_136_SNP_N_GenomeWideSNP_6_A09_787482	9	17834342	18420530	499	-1.3296
USAGE_p_TCGA_132_133_136_SNP_N_GenomeWideSNP_6_A09_787482	9	18425935	18426823	4	-3.2328
USAGE_p_TCGA_132_133_136_SNP_N_GenomeWideSNP_6_A09_787482	9	18430297	19932591	1241	-1.3186
USAGE_p_TCGA_132_133_136_SNP_N_GenomeWideSNP_6_A09_787482	9	19932998	19941897	26	-0.6527
USAGE_p_TCGA_132_133_136_SNP_N_GenomeWideSNP_6_A09_787482	9	19945420	19995212	50	-1.4924
USAGE_p_TCGA_132_133_136_SNP_N_GenomeWideSNP_6_A09_787482	9	19996292	20001563	10	-2.7882
USAGE_p_TCGA_132_133_136_SNP_N_GenomeWideSNP_6_A09_787482	9	20001647	22548707	1889	-1.2731
USAGE_p_TCGA_132_133_136_SNP_N_GenomeWideSNP_6_A09_787482	9	22550741	23361805	543	-0.5631
USAGE_p_TCGA_132_133_136_SNP_N_GenomeWideSNP_6_A09_787482	9	23363115	23379719	10	-1.9263
USAGE_p_TCGA_132_133_136_SNP_N_GenomeWideSNP_6_A09_787482	9	23380445	23881167	415	-0.6163
USAGE_p_TCGA_132_133_136_SNP_N_GenomeWideSNP_6_A09_787482	9	23896056	24105970	115	0.2992
USAGE_p_TCGA_132_133_136_SNP_N_GenomeWideSNP_6_A09_787482	9	24111280	24504125	267	-0.0358
USAGE_p_TCGA_132_133_136_SNP_N_GenomeWideSNP_6_A09_787482	9	24504668	24517682	18	-0.7218
USAGE_p_TCGA_132_133_136_SNP_N_GenomeWideSNP_6_A09_787482	9	24519684	26521295	1431	-0.0307
USAGE_p_TCGA_132_133_136_SNP_N_GenomeWideSNP_6_A09_787482	9	26521954	27142786	438	-1.2859
USAGE_p_TCGA_132_133_136_SNP_N_GenomeWideSNP_6_A09_787482	9	27144483	27220066	94	0.0098
USAGE_p_TCGA_132_133_136_SNP_N_GenomeWideSNP_6_A09_787482	9	27226419	27310415	102	0.3392
USAGE_p_TCGA_132_133_136_SNP_N_GenomeWideSNP_6_A09_787482	9	27311732	29018854	1417	-0.0039
USAGE_p_TCGA_132_133_136_SNP_N_GenomeWideSNP_6_A09_787482	9	29019023	29127932	71	0.2876
USAGE_p_TCGA_132_133_136_SNP_N_GenomeWideSNP_6_A09_787482	9	29129052	29664313	372	-0.0438
USAGE_p_TCGA_132_133_136_SNP_N_GenomeWideSNP_6_A09_787482	9	29664382	29850339	134	0.2715
USAGE_p_TCGA_132_133_136_SNP_N_GenomeWideSNP_6_A09_787482	9	29850690	31627443	1216	-0.0058
USAGE_p_TCGA_132_133_136_SNP_N_GenomeWideSNP_6_A09_787482	9	31627856	31717416	76	0.2628
USAGE_p_TCGA_132_133_136_SNP_N_GenomeWideSNP_6_A09_787482	9	31718660	32622026	658	-0.0027
USAGE_p_TCGA_132_133_136_SNP_N_GenomeWideSNP_6_A09_787482	9	32622389	32705362	50	0.3548
USAGE_p_TCGA_132_133_136_SNP_N_GenomeWideSNP_6_A09_787482	9	32706141	33800628	784	0.0617
USAGE_p_TCGA_132_133_136_SNP_N_GenomeWideSNP_6_A09_787482	9	33803005	33803889	2	1.4581
USAGE_p_TCGA_132_133_136_SNP_N_GenomeWideSNP_6_A09_787482	9	33803970	34259995	251	0.0313
USAGE_p_TCGA_132_133_136_SNP_N_GenomeWideSNP_6_A09_787482	9	34261117	34382817	53	0.3779
USAGE_p_TCGA_132_133_136_SNP_N_GenomeWideSNP_6_A09_787482	9	34384063	35440394	563	0.0514
USAGE_p_TCGA_132_133_136_SNP_N_GenomeWideSNP_6_A09_787482	9	35440434	35591039	71	0.3434
USAGE_p_TCGA_132_133_136_SNP_N_GenomeWideSNP_6_A09_787482	9	35593593	37359575	1066	0.0387
USAGE_p_TCGA_132_133_136_SNP_N_GenomeWideSNP_6_A09_787482	9	37364675	40619221	1180	0.3269
USAGE_p_TCGA_132_133_136_SNP_N_GenomeWideSNP_6_A09_787482	9	40619760	41842529	44	0.1027
USAGE_p_TCGA_132_133_136_SNP_N_GenomeWideSNP_6_A09_787482	9	41846811	41972506	6	0.7548
USAGE_p_TCGA_132_133_136_SNP_N_GenomeWideSNP_6_A09_787482	9	41978375	41985187	2	1.8226
USAGE_p_TCGA_132_133_136_SNP_N_GenomeWideSNP_6_A09_787482	9	42023107	44446136	112	0.4221
USAGE_p_TCGA_132_133_136_SNP_N_GenomeWideSNP_6_A09_787482	9	44469328	44855737	38	-0.7169
USAGE_p_TCGA_132_133_136_SNP_N_GenomeWideSNP_6_A09_787482	9	44866028	46210382	73	0.1959
USAGE_p_TCGA_132_133_136_SNP_N_GenomeWideSNP_6_A09_787482	9	46294329	46390914	13	-0.5061
USAGE_p_TCGA_132_133_136_SNP_N_GenomeWideSNP_6_A09_787482	9	46395014	69978022	289	0.2408
USAGE_p_TCGA_132_133_136_SNP_N_GenomeWideSNP_6_A09_787482	9	70940595	107993182	26111	0.5718
USAGE_p_TCGA_132_133_136_SNP_N_GenomeWideSNP_6_A09_787482	9	107993547	107993986	9	-0.0993
USAGE_p_TCGA_132_133_136_SNP_N_GenomeWideSNP_6_A09_787482	9	107994165	138214105	20829	0.6091
USAGE_p_TCGA_132_133_136_SNP_N_GenomeWideSNP_6_A09_787482	9	138215622	138216412	2	-2.9901
USAGE_p_TCGA_132_133_136_SNP_N_GenomeWideSNP_6_A09_787482	9	138217797	140252947	698	0.6173
USAGE_p_TCGA_132_133_136_SNP_N_GenomeWideSNP_6_A09_787482	9	140255642	140290805	10	-0.0428
USAGE_p_TCGA_132_133_136_SNP_N_GenomeWideSNP_6_A09_787482	9	140290821	141091394	406	0.6123
USAGE_p_TCGA_132_133_136_SNP_N_GenomeWideSNP_6_A09_787482	10	72759	15020417	12745	0.3417
USAGE_p_TCGA_132_133_136_SNP_N_GenomeWideSNP_6_A09_787482	10	15026047	15034944	6	-0.5079
USAGE_p_TCGA_132_133_136_SNP_N_GenomeWideSNP_6_A09_787482	10	15036214	15918562	661	0.3705
USAGE_p_TCGA_132_133_136_SNP_N_GenomeWideSNP_6_A09_787482	10	15919144	15941012	27	0.0395
USAGE_p_TCGA_132_133_136_SNP_N_GenomeWideSNP_6_A09_787482	10	15943346	18083562	1460	0.3409
USAGE_p_TCGA_132_133_136_SNP_N_GenomeWideSNP_6_A09_787482	10	18106443	18128247	3	-1.4495
USAGE_p_TCGA_132_133_136_SNP_N_GenomeWideSNP_6_A09_787482	10	18136748	20853201	2148	0.3004
USAGE_p_TCGA_132_133_136_SNP_N_GenomeWideSNP_6_A09_787482	10	20853272	20853503	2	-2.2646
USAGE_p_TCGA_132_133_136_SNP_N_GenomeWideSNP_6_A09_787482	10	20853534	42441972	12143	0.3296
USAGE_p_TCGA_132_133_136_SNP_N_GenomeWideSNP_6_A09_787482	10	42443238	46691480	2403	-0.0091
USAGE_p_TCGA_132_133_136_SNP_N_GenomeWideSNP_6_A09_787482	10	46917315	47603805	213	-0.6069
USAGE_p_TCGA_132_133_136_SNP_N_GenomeWideSNP_6_A09_787482	10	47604768	48736766	442	-0.0551
USAGE_p_TCGA_132_133_136_SNP_N_GenomeWideSNP_6_A09_787482	10	48771950	49363009	32	-0.8545
USAGE_p_TCGA_132_133_136_SNP_N_GenomeWideSNP_6_A09_787482	10	49381611	51635623	1410	0.0025
USAGE_p_TCGA_132_133_136_SNP_N_GenomeWideSNP_6_A09_787482	10	51641817	51659444	2	-1.4355
USAGE_p_TCGA_132_133_136_SNP_N_GenomeWideSNP_6_A09_787482	10	51735651	54071719	1670	-0.013
USAGE_p_TCGA_132_133_136_SNP_N_GenomeWideSNP_6_A09_787482	10	54077930	54363821	188	-0.501
USAGE_p_TCGA_132_133_136_SNP_N_GenomeWideSNP_6_A09_787482	10	54366747	57183351	2144	-0.0445
USAGE_p_TCGA_132_133_136_SNP_N_GenomeWideSNP_6_A09_787482	10	57183377	57183819	6	-0.8465
USAGE_p_TCGA_132_133_136_SNP_N_GenomeWideSNP_6_A09_787482	10	57190149	58818978	1176	-0.0269
USAGE_p_TCGA_132_133_136_SNP_N_GenomeWideSNP_6_A09_787482	10	58822244	58830309	9	0.3174
USAGE_p_TCGA_132_133_136_SNP_N_GenomeWideSNP_6_A09_787482	10	58830612	61358267	1838	-0.5695
USAGE_p_TCGA_132_133_136_SNP_N_GenomeWideSNP_6_A09_787482	10	61364115	61365264	8	-1.9657
USAGE_p_TCGA_132_133_136_SNP_N_GenomeWideSNP_6_A09_787482	10	61365482	61366264	5	0.2074
USAGE_p_TCGA_132_133_136_SNP_N_GenomeWideSNP_6_A09_787482	10	61366305	71140660	6507	-0.5599
USAGE_p_TCGA_132_133_136_SNP_N_GenomeWideSNP_6_A09_787482	10	71143154	71987583	690	-1.5703
USAGE_p_TCGA_132_133_136_SNP_N_GenomeWideSNP_6_A09_787482	10	71988512	85032258	8583	-0.5541
USAGE_p_TCGA_132_133_136_SNP_N_GenomeWideSNP_6_A09_787482	10	85032386	85049919	13	-1.2206
USAGE_p_TCGA_132_133_136_SNP_N_GenomeWideSNP_6_A09_787482	10	85049967	96862286	7741	-0.5441
USAGE_p_TCGA_132_133_136_SNP_N_GenomeWideSNP_6_A09_787482	10	96862419	96885334	27	-0.1317
USAGE_p_TCGA_132_133_136_SNP_N_GenomeWideSNP_6_A09_787482	10	96885983	109856031	8314	-0.5349
USAGE_p_TCGA_132_133_136_SNP_N_GenomeWideSNP_6_A09_787482	10	109856276	109856510	3	-2.2963
USAGE_p_TCGA_132_133_136_SNP_N_GenomeWideSNP_6_A09_787482	10	109856750	135506704	18412	-0.5691
USAGE_p_TCGA_132_133_136_SNP_N_GenomeWideSNP_6_A09_787482	11	198510	1644440	482	-0.4697
USAGE_p_TCGA_132_133_136_SNP_N_GenomeWideSNP_6_A09_787482	11	1644905	1650047	7	-3.5811
USAGE_p_TCGA_132_133_136_SNP_N_GenomeWideSNP_6_A09_787482	11	1650539	3486724	852	-0.5123
USAGE_p_TCGA_132_133_136_SNP_N_GenomeWideSNP_6_A09_787482	11	3488430	3488541	2	-3.9265
USAGE_p_TCGA_132_133_136_SNP_N_GenomeWideSNP_6_A09_787482	11	3506526	4968117	1126	-0.5105
USAGE_p_TCGA_132_133_136_SNP_N_GenomeWideSNP_6_A09_787482	11	4968510	4976865	39	0.0773
USAGE_p_TCGA_132_133_136_SNP_N_GenomeWideSNP_6_A09_787482	11	4976878	5787405	785	-0.5409
USAGE_p_TCGA_132_133_136_SNP_N_GenomeWideSNP_6_A09_787482	11	5788080	5809139	32	-2.2403
USAGE_p_TCGA_132_133_136_SNP_N_GenomeWideSNP_6_A09_787482	11	5809338	18617072	9181	-0.5384
USAGE_p_TCGA_132_133_136_SNP_N_GenomeWideSNP_6_A09_787482	11	18617184	18618426	3	-2.262
USAGE_p_TCGA_132_133_136_SNP_N_GenomeWideSNP_6_A09_787482	11	18620047	18961738	284	-0.5131
USAGE_p_TCGA_132_133_136_SNP_N_GenomeWideSNP_6_A09_787482	11	18961818	18970748	9	0.4042
USAGE_p_TCGA_132_133_136_SNP_N_GenomeWideSNP_6_A09_787482	11	18971175	55363340	21825	-0.5599
USAGE_p_TCGA_132_133_136_SNP_N_GenomeWideSNP_6_A09_787482	11	55374032	55453576	60	-0.1429
USAGE_p_TCGA_132_133_136_SNP_N_GenomeWideSNP_6_A09_787482	11	55460683	65017417	5267	-0.5243
USAGE_p_TCGA_132_133_136_SNP_N_GenomeWideSNP_6_A09_787482	11	65019059	65313469	117	-1.2391
USAGE_p_TCGA_132_133_136_SNP_N_GenomeWideSNP_6_A09_787482	11	65335354	69587583	1898	-0.5092
USAGE_p_TCGA_132_133_136_SNP_N_GenomeWideSNP_6_A09_787482	11	69592814	69593176	2	-3.2344
USAGE_p_TCGA_132_133_136_SNP_N_GenomeWideSNP_6_A09_787482	11	69594005	75967971	3372	-0.5085
USAGE_p_TCGA_132_133_136_SNP_N_GenomeWideSNP_6_A09_787482	11	75968227	75969633	3	-1.9881
USAGE_p_TCGA_132_133_136_SNP_N_GenomeWideSNP_6_A09_787482	11	75969749	92934333	11566	-0.5618
USAGE_p_TCGA_132_133_136_SNP_N_GenomeWideSNP_6_A09_787482	11	92936162	92938484	3	-2.5544
USAGE_p_TCGA_132_133_136_SNP_N_GenomeWideSNP_6_A09_787482	11	92941753	107045100	10072	-0.5738
USAGE_p_TCGA_132_133_136_SNP_N_GenomeWideSNP_6_A09_787482	11	107045633	107047996	3	-2.2891
USAGE_p_TCGA_132_133_136_SNP_N_GenomeWideSNP_6_A09_787482	11	107049000	133829706	19249	-0.5549
USAGE_p_TCGA_132_133_136_SNP_N_GenomeWideSNP_6_A09_787482	11	133830883	133832450	2	-2.765
USAGE_p_TCGA_132_133_136_SNP_N_GenomeWideSNP_6_A09_787482	11	133838071	134944770	825	-0.6208
USAGE_p_TCGA_132_133_136_SNP_N_GenomeWideSNP_6_A09_787482	12	150442	1646463	870	-0.5181
USAGE_p_TCGA_132_133_136_SNP_N_GenomeWideSNP_6_A09_787482	12	1646931	1647965	2	-2.2257
USAGE_p_TCGA_132_133_136_SNP_N_GenomeWideSNP_6_A09_787482	12	1648369	7994787	4499	-0.4651
USAGE_p_TCGA_132_133_136_SNP_N_GenomeWideSNP_6_A09_787482	12	8004425	8123900	60	0.3995
USAGE_p_TCGA_132_133_136_SNP_N_GenomeWideSNP_6_A09_787482	12	8130958	8542090	182	-0.4787
USAGE_p_TCGA_132_133_136_SNP_N_GenomeWideSNP_6_A09_787482	12	8552522	8584672	25	0.048
USAGE_p_TCGA_132_133_136_SNP_N_GenomeWideSNP_6_A09_787482	12	8594894	9633870	563	-0.4912
USAGE_p_TCGA_132_133_136_SNP_N_GenomeWideSNP_6_A09_787482	12	9637909	9715565	23	-1.5397
USAGE_p_TCGA_132_133_136_SNP_N_GenomeWideSNP_6_A09_787482	12	9728292	11220827	1046	-0.4767
USAGE_p_TCGA_132_133_136_SNP_N_GenomeWideSNP_6_A09_787482	12	11222368	11261335	14	-1.2679
USAGE_p_TCGA_132_133_136_SNP_N_GenomeWideSNP_6_A09_787482	12	11266831	13578350	1825	-0.463
USAGE_p_TCGA_132_133_136_SNP_N_GenomeWideSNP_6_A09_787482	12	13580554	13580648	2	-2.0659
USAGE_p_TCGA_132_133_136_SNP_N_GenomeWideSNP_6_A09_787482	12	13580706	33301520	13752	-0.4926
USAGE_p_TCGA_132_133_136_SNP_N_GenomeWideSNP_6_A09_787482	12	33301534	33307078	23	-2.6469
USAGE_p_TCGA_132_133_136_SNP_N_GenomeWideSNP_6_A09_787482	12	33307374	45905840	5619	-0.4933
USAGE_p_TCGA_132_133_136_SNP_N_GenomeWideSNP_6_A09_787482	12	45908740	45909537	2	-2.7991
USAGE_p_TCGA_132_133_136_SNP_N_GenomeWideSNP_6_A09_787482	12	45913292	48725042	1719	-0.4625
USAGE_p_TCGA_132_133_136_SNP_N_GenomeWideSNP_6_A09_787482	12	48725239	48725415	3	-1.9825
USAGE_p_TCGA_132_133_136_SNP_N_GenomeWideSNP_6_A09_787482	12	48730036	109852467	38836	-0.4935
USAGE_p_TCGA_132_133_136_SNP_N_GenomeWideSNP_6_A09_787482	12	109855438	109857136	2	-2.8696
USAGE_p_TCGA_132_133_136_SNP_N_GenomeWideSNP_6_A09_787482	12	109858020	112916027	1506	-0.4176
USAGE_p_TCGA_132_133_136_SNP_N_GenomeWideSNP_6_A09_787482	12	112916254	112916290	2	-2.5201
USAGE_p_TCGA_132_133_136_SNP_N_GenomeWideSNP_6_A09_787482	12	112916306	121859919	6391	-0.4692
USAGE_p_TCGA_132_133_136_SNP_N_GenomeWideSNP_6_A09_787482	12	121864165	123690445	690	-1.1008
USAGE_p_TCGA_132_133_136_SNP_N_GenomeWideSNP_6_A09_787482	12	123708150	127034622	2325	-0.4758
USAGE_p_TCGA_132_133_136_SNP_N_GenomeWideSNP_6_A09_787482	12	127034838	127035173	2	-2.018
USAGE_p_TCGA_132_133_136_SNP_N_GenomeWideSNP_6_A09_787482	12	127037208	132120715	4441	-0.5393
USAGE_p_TCGA_132_133_136_SNP_N_GenomeWideSNP_6_A09_787482	12	132132584	132133075	6	-2.0904
USAGE_p_TCGA_132_133_136_SNP_N_GenomeWideSNP_6_A09_787482	12	132133165	133778189	579	-0.4934
USAGE_p_TCGA_132_133_136_SNP_N_GenomeWideSNP_6_A09_787482	13	19026949	19369310	80	1.1204
USAGE_p_TCGA_132_133_136_SNP_N_GenomeWideSNP_6_A09_787482	13	19369436	19398807	7	0.1502
USAGE_p_TCGA_132_133_136_SNP_N_GenomeWideSNP_6_A09_787482	13	19399980	19455957	44	1.0043
USAGE_p_TCGA_132_133_136_SNP_N_GenomeWideSNP_6_A09_787482	13	19460340	24630915	3550	1.4466
USAGE_p_TCGA_132_133_136_SNP_N_GenomeWideSNP_6_A09_787482	13	24632140	24633050	4	0.2787
USAGE_p_TCGA_132_133_136_SNP_N_GenomeWideSNP_6_A09_787482	13	24635254	25035607	371	1.3907
USAGE_p_TCGA_132_133_136_SNP_N_GenomeWideSNP_6_A09_787482	13	25039590	25039598	3	-0.7851
USAGE_p_TCGA_132_133_136_SNP_N_GenomeWideSNP_6_A09_787482	13	25039678	48888494	16999	1.4099
USAGE_p_TCGA_132_133_136_SNP_N_GenomeWideSNP_6_A09_787482	13	48888509	48888602	3	0.012
USAGE_p_TCGA_132_133_136_SNP_N_GenomeWideSNP_6_A09_787482	13	48898148	54794405	3543	1.3925
USAGE_p_TCGA_132_133_136_SNP_N_GenomeWideSNP_6_A09_787482	13	54804131	55879791	612	0.2302
USAGE_p_TCGA_132_133_136_SNP_N_GenomeWideSNP_6_A09_787482	13	55880523	67501796	6819	1.3716
USAGE_p_TCGA_132_133_136_SNP_N_GenomeWideSNP_6_A09_787482	13	67503400	67510345	10	0.7485
USAGE_p_TCGA_132_133_136_SNP_N_GenomeWideSNP_6_A09_787482	13	67510457	69249481	1034	1.3636
USAGE_p_TCGA_132_133_136_SNP_N_GenomeWideSNP_6_A09_787482	13	69250779	69251019	4	0.2603
USAGE_p_TCGA_132_133_136_SNP_N_GenomeWideSNP_6_A09_787482	13	69251035	70736064	981	1.3542
USAGE_p_TCGA_132_133_136_SNP_N_GenomeWideSNP_6_A09_787482	13	70741397	70772895	48	0.653
USAGE_p_TCGA_132_133_136_SNP_N_GenomeWideSNP_6_A09_787482	13	70775771	72476988	1063	1.3657
USAGE_p_TCGA_132_133_136_SNP_N_GenomeWideSNP_6_A09_787482	13	72477555	72480556	4	-3.2904
USAGE_p_TCGA_132_133_136_SNP_N_GenomeWideSNP_6_A09_787482	13	72480605	85554074	8825	1.3676
USAGE_p_TCGA_132_133_136_SNP_N_GenomeWideSNP_6_A09_787482	13	85554117	85554392	8	0.5413
USAGE_p_TCGA_132_133_136_SNP_N_GenomeWideSNP_6_A09_787482	13	85554591	98175247	7890	1.3714
USAGE_p_TCGA_132_133_136_SNP_N_GenomeWideSNP_6_A09_787482	13	98177451	98177512	6	0.5544
USAGE_p_TCGA_132_133_136_SNP_N_GenomeWideSNP_6_A09_787482	13	98177517	113533876	11779	1.4108
USAGE_p_TCGA_132_133_136_SNP_N_GenomeWideSNP_6_A09_787482	13	113534061	113534208	3	2.6376
USAGE_p_TCGA_132_133_136_SNP_N_GenomeWideSNP_6_A09_787482	13	113534835	115108397	654	1.4018
USAGE_p_TCGA_132_133_136_SNP_N_GenomeWideSNP_6_A09_787482	14	19002124	19689317	48	-0.0725
USAGE_p_TCGA_132_133_136_SNP_N_GenomeWideSNP_6_A09_787482	14	19693231	20200381	35	-0.4924
USAGE_p_TCGA_132_133_136_SNP_N_GenomeWideSNP_6_A09_787482	14	20200409	20433057	119	-0.9154
USAGE_p_TCGA_132_133_136_SNP_N_GenomeWideSNP_6_A09_787482	14	20433101	34701611	9376	-0.5336
USAGE_p_TCGA_132_133_136_SNP_N_GenomeWideSNP_6_A09_787482	14	34702190	34703108	3	-2.1721
USAGE_p_TCGA_132_133_136_SNP_N_GenomeWideSNP_6_A09_787482	14	34703938	38635174	2363	-0.546
USAGE_p_TCGA_132_133_136_SNP_N_GenomeWideSNP_6_A09_787482	14	38635734	38635744	2	-3.1544
USAGE_p_TCGA_132_133_136_SNP_N_GenomeWideSNP_6_A09_787482	14	38635810	39261913	413	-0.5382
USAGE_p_TCGA_132_133_136_SNP_N_GenomeWideSNP_6_A09_787482	14	39263056	39317483	30	0.342
USAGE_p_TCGA_132_133_136_SNP_N_GenomeWideSNP_6_A09_787482	14	39325625	70018047	19302	-0.0538
USAGE_p_TCGA_132_133_136_SNP_N_GenomeWideSNP_6_A09_787482	14	70018368	70022467	8	-2.3187
USAGE_p_TCGA_132_133_136_SNP_N_GenomeWideSNP_6_A09_787482	14	70022713	73544390	2409	-0.036
USAGE_p_TCGA_132_133_136_SNP_N_GenomeWideSNP_6_A09_787482	14	73544618	73547424	2	-2.3158
USAGE_p_TCGA_132_133_136_SNP_N_GenomeWideSNP_6_A09_787482	14	73551694	74006707	216	-0.0382
USAGE_p_TCGA_132_133_136_SNP_N_GenomeWideSNP_6_A09_787482	14	74006851	74029900	8	-1.509
USAGE_p_TCGA_132_133_136_SNP_N_GenomeWideSNP_6_A09_787482	14	74029915	93150453	12590	-0.0595
USAGE_p_TCGA_132_133_136_SNP_N_GenomeWideSNP_6_A09_787482	14	93152220	93152306	2	-1.722
USAGE_p_TCGA_132_133_136_SNP_N_GenomeWideSNP_6_A09_787482	14	93160001	106460902	8209	-0.0199
USAGE_p_TCGA_132_133_136_SNP_N_GenomeWideSNP_6_A09_787482	14	106479675	106479941	2	2.3678
USAGE_p_TCGA_132_133_136_SNP_N_GenomeWideSNP_6_A09_787482	14	106482128	106526966	20	-0.0028
USAGE_p_TCGA_132_133_136_SNP_N_GenomeWideSNP_6_A09_787482	14	106530364	106569463	19	0.665
USAGE_p_TCGA_132_133_136_SNP_N_GenomeWideSNP_6_A09_787482	14	106574118	106777343	100	-0.0167
USAGE_p_TCGA_132_133_136_SNP_N_GenomeWideSNP_6_A09_787482	14	106783044	106821736	12	0.5434
USAGE_p_TCGA_132_133_136_SNP_N_GenomeWideSNP_6_A09_787482	14	106825916	107285437	304	-0.1121
USAGE_p_TCGA_132_133_136_SNP_N_GenomeWideSNP_6_A09_787482	15	20016328	20843562	159	-0.5181
USAGE_p_TCGA_132_133_136_SNP_N_GenomeWideSNP_6_A09_787482	15	20847933	21953711	145	-1.0601
USAGE_p_TCGA_132_133_136_SNP_N_GenomeWideSNP_6_A09_787482	15	22042518	22291024	8	0.1396
USAGE_p_TCGA_132_133_136_SNP_N_GenomeWideSNP_6_A09_787482	15	22293227	24058799	740	-0.5919
USAGE_p_TCGA_132_133_136_SNP_N_GenomeWideSNP_6_A09_787482	15	24058820	24058849	2	-3.6273
USAGE_p_TCGA_132_133_136_SNP_N_GenomeWideSNP_6_A09_787482	15	24058995	25936388	1252	-0.568
USAGE_p_TCGA_132_133_136_SNP_N_GenomeWideSNP_6_A09_787482	15	25936551	25942305	3	-2.7444
USAGE_p_TCGA_132_133_136_SNP_N_GenomeWideSNP_6_A09_787482	15	25942970	34719811	5495	-0.5717
USAGE_p_TCGA_132_133_136_SNP_N_GenomeWideSNP_6_A09_787482	15	34719935	34727172	5	-1.8071
USAGE_p_TCGA_132_133_136_SNP_N_GenomeWideSNP_6_A09_787482	15	34727189	38107408	2353	-0.5558
USAGE_p_TCGA_132_133_136_SNP_N_GenomeWideSNP_6_A09_787482	15	38108649	38109776	2	-2.9274
USAGE_p_TCGA_132_133_136_SNP_N_GenomeWideSNP_6_A09_787482	15	38111728	45143100	3917	-0.4998
USAGE_p_TCGA_132_133_136_SNP_N_GenomeWideSNP_6_A09_787482	15	45144218	45145386	3	-2.4089
USAGE_p_TCGA_132_133_136_SNP_N_GenomeWideSNP_6_A09_787482	15	45145764	53784991	5432	-0.5234
USAGE_p_TCGA_132_133_136_SNP_N_GenomeWideSNP_6_A09_787482	15	53785039	53785279	5	-1.8024
USAGE_p_TCGA_132_133_136_SNP_N_GenomeWideSNP_6_A09_787482	15	53790247	76891511	14801	-0.5157
USAGE_p_TCGA_132_133_136_SNP_N_GenomeWideSNP_6_A09_787482	15	76891627	76892225	9	-2.1185
USAGE_p_TCGA_132_133_136_SNP_N_GenomeWideSNP_6_A09_787482	15	76895064	102469040	17670	-0.5419
USAGE_p_TCGA_132_133_136_SNP_N_GenomeWideSNP_6_A09_787482	16	60777	5447856	2438	0.0382
USAGE_p_TCGA_132_133_136_SNP_N_GenomeWideSNP_6_A09_787482	16	5452943	5969315	624	-0.5375
USAGE_p_TCGA_132_133_136_SNP_N_GenomeWideSNP_6_A09_787482	16	5969865	6357060	444	0.0541
USAGE_p_TCGA_132_133_136_SNP_N_GenomeWideSNP_6_A09_787482	16	6360449	6428107	92	-1.4674
USAGE_p_TCGA_132_133_136_SNP_N_GenomeWideSNP_6_A09_787482	16	6428239	6731058	384	0.0331
USAGE_p_TCGA_132_133_136_SNP_N_GenomeWideSNP_6_A09_787482	16	6733300	6868286	200	-1.382
USAGE_p_TCGA_132_133_136_SNP_N_GenomeWideSNP_6_A09_787482	16	6868511	7081690	239	0.0018
USAGE_p_TCGA_132_133_136_SNP_N_GenomeWideSNP_6_A09_787482	16	7081751	7081768	2	-1.3957
USAGE_p_TCGA_132_133_136_SNP_N_GenomeWideSNP_6_A09_787482	16	7081962	7626636	720	0.0161
USAGE_p_TCGA_132_133_136_SNP_N_GenomeWideSNP_6_A09_787482	16	7626976	7776124	204	0.3741
USAGE_p_TCGA_132_133_136_SNP_N_GenomeWideSNP_6_A09_787482	16	7776363	10035407	2035	0.0522
USAGE_p_TCGA_132_133_136_SNP_N_GenomeWideSNP_6_A09_787482	16	10036393	10042272	7	-0.5565
USAGE_p_TCGA_132_133_136_SNP_N_GenomeWideSNP_6_A09_787482	16	10042721	11387545	1138	0.0696
USAGE_p_TCGA_132_133_136_SNP_N_GenomeWideSNP_6_A09_787482	16	11389048	11389136	2	-1.3707
USAGE_p_TCGA_132_133_136_SNP_N_GenomeWideSNP_6_A09_787482	16	11389628	12648859	901	0.0652
USAGE_p_TCGA_132_133_136_SNP_N_GenomeWideSNP_6_A09_787482	16	12648978	12648995	2	1.6351
USAGE_p_TCGA_132_133_136_SNP_N_GenomeWideSNP_6_A09_787482	16	12650247	18198717	3368	0.0151
USAGE_p_TCGA_132_133_136_SNP_N_GenomeWideSNP_6_A09_787482	16	18228118	18238289	2	1.6852
USAGE_p_TCGA_132_133_136_SNP_N_GenomeWideSNP_6_A09_787482	16	18242726	19944363	727	0.069
USAGE_p_TCGA_132_133_136_SNP_N_GenomeWideSNP_6_A09_787482	16	19945650	19967362	29	-0.496
USAGE_p_TCGA_132_133_136_SNP_N_GenomeWideSNP_6_A09_787482	16	19970254	20246025	216	0.0472
USAGE_p_TCGA_132_133_136_SNP_N_GenomeWideSNP_6_A09_787482	16	20246117	20488369	187	0.3832
USAGE_p_TCGA_132_133_136_SNP_N_GenomeWideSNP_6_A09_787482	16	20499588	21536725	510	0.0396
USAGE_p_TCGA_132_133_136_SNP_N_GenomeWideSNP_6_A09_787482	16	21537201	21593634	18	0.4382
USAGE_p_TCGA_132_133_136_SNP_N_GenomeWideSNP_6_A09_787482	16	21596313	22441974	363	-0.0384
USAGE_p_TCGA_132_133_136_SNP_N_GenomeWideSNP_6_A09_787482	16	22442020	22557932	2	0.9921
USAGE_p_TCGA_132_133_136_SNP_N_GenomeWideSNP_6_A09_787482	16	22558311	22702079	66	0.3329
USAGE_p_TCGA_132_133_136_SNP_N_GenomeWideSNP_6_A09_787482	16	22702121	22710742	6	0.7346
USAGE_p_TCGA_132_133_136_SNP_N_GenomeWideSNP_6_A09_787482	16	22712979	32146886	5172	0.0445
USAGE_p_TCGA_132_133_136_SNP_N_GenomeWideSNP_6_A09_787482	16	32158852	33801983	262	-0.3375
USAGE_p_TCGA_132_133_136_SNP_N_GenomeWideSNP_6_A09_787482	16	33811501	57488805	7987	0.0306
USAGE_p_TCGA_132_133_136_SNP_N_GenomeWideSNP_6_A09_787482	16	57494621	57567624	47	0.3192
USAGE_p_TCGA_132_133_136_SNP_N_GenomeWideSNP_6_A09_787482	16	57575397	78371608	13392	0.0201
USAGE_p_TCGA_132_133_136_SNP_N_GenomeWideSNP_6_A09_787482	16	78372440	78384738	15	-2.04
USAGE_p_TCGA_132_133_136_SNP_N_GenomeWideSNP_6_A09_787482	16	78384765	85981601	7877	0.0295
USAGE_p_TCGA_132_133_136_SNP_N_GenomeWideSNP_6_A09_787482	16	85987998	86910194	1099	0.405
USAGE_p_TCGA_132_133_136_SNP_N_GenomeWideSNP_6_A09_787482	16	86914742	88369331	929	0.0729
USAGE_p_TCGA_132_133_136_SNP_N_GenomeWideSNP_6_A09_787482	16	88370667	88376480	5	-0.9113
USAGE_p_TCGA_132_133_136_SNP_N_GenomeWideSNP_6_A09_787482	16	88376640	89374278	338	-0.0421
USAGE_p_TCGA_132_133_136_SNP_N_GenomeWideSNP_6_A09_787482	16	89375065	89490147	72	-0.6475
USAGE_p_TCGA_132_133_136_SNP_N_GenomeWideSNP_6_A09_787482	16	89499503	90287535	327	-0.0606
USAGE_p_TCGA_132_133_136_SNP_N_GenomeWideSNP_6_A09_787482	17	526	4540647	2444	-0.5139
USAGE_p_TCGA_132_133_136_SNP_N_GenomeWideSNP_6_A09_787482	17	4544331	4544466	2	-2.2736
USAGE_p_TCGA_132_133_136_SNP_N_GenomeWideSNP_6_A09_787482	17	4544551	15613135	7600	-0.5274
USAGE_p_TCGA_132_133_136_SNP_N_GenomeWideSNP_6_A09_787482	17	15614822	15632445	3	-1.9808
USAGE_p_TCGA_132_133_136_SNP_N_GenomeWideSNP_6_A09_787482	17	15633227	16654301	450	-0.4872
USAGE_p_TCGA_132_133_136_SNP_N_GenomeWideSNP_6_A09_787482	17	16657331	16719043	9	-1.493
USAGE_p_TCGA_132_133_136_SNP_N_GenomeWideSNP_6_A09_787482	17	16722801	16735532	2	-5.6035
USAGE_p_TCGA_132_133_136_SNP_N_GenomeWideSNP_6_A09_787482	17	16738160	18355392	922	-0.4832
USAGE_p_TCGA_132_133_136_SNP_N_GenomeWideSNP_6_A09_787482	17	18358946	18380394	11	0.8504
USAGE_p_TCGA_132_133_136_SNP_N_GenomeWideSNP_6_A09_787482	17	18381811	18464586	16	0.2692
USAGE_p_TCGA_132_133_136_SNP_N_GenomeWideSNP_6_A09_787482	17	18465221	44214166	12051	-0.4983
USAGE_p_TCGA_132_133_136_SNP_N_GenomeWideSNP_6_A09_787482	17	44215364	44794755	147	-0.1798
USAGE_p_TCGA_132_133_136_SNP_N_GenomeWideSNP_6_A09_787482	17	44795190	76446377	19328	-0.5091
USAGE_p_TCGA_132_133_136_SNP_N_GenomeWideSNP_6_A09_787482	17	76448405	76450151	5	-1.8516
USAGE_p_TCGA_132_133_136_SNP_N_GenomeWideSNP_6_A09_787482	17	76452784	81049726	2248	-0.5283
USAGE_p_TCGA_132_133_136_SNP_N_GenomeWideSNP_6_A09_787482	18	11543	1039386	751	0.2761
USAGE_p_TCGA_132_133_136_SNP_N_GenomeWideSNP_6_A09_787482	18	1046304	1046560	4	-1.3673
USAGE_p_TCGA_132_133_136_SNP_N_GenomeWideSNP_6_A09_787482	18	1047349	1221372	104	0.3117
USAGE_p_TCGA_132_133_136_SNP_N_GenomeWideSNP_6_A09_787482	18	1221687	1224703	4	-0.5434
USAGE_p_TCGA_132_133_136_SNP_N_GenomeWideSNP_6_A09_787482	18	1227832	2516420	936	0.3736
USAGE_p_TCGA_132_133_136_SNP_N_GenomeWideSNP_6_A09_787482	18	2517898	7986427	3954	-0.5489
USAGE_p_TCGA_132_133_136_SNP_N_GenomeWideSNP_6_A09_787482	18	7988643	11744053	2836	-0.0482
USAGE_p_TCGA_132_133_136_SNP_N_GenomeWideSNP_6_A09_787482	18	11746664	12729156	545	0.5429
USAGE_p_TCGA_132_133_136_SNP_N_GenomeWideSNP_6_A09_787482	18	12731148	14500713	1042	-0.5119
USAGE_p_TCGA_132_133_136_SNP_N_GenomeWideSNP_6_A09_787482	18	14503954	14756748	75	0.2538
USAGE_p_TCGA_132_133_136_SNP_N_GenomeWideSNP_6_A09_787482	18	14757013	15402408	194	1.1026
USAGE_p_TCGA_132_133_136_SNP_N_GenomeWideSNP_6_A09_787482	18	18529353	18843196	117	-0.0323
USAGE_p_TCGA_132_133_136_SNP_N_GenomeWideSNP_6_A09_787482	18	18846759	32074926	8216	-0.5505
USAGE_p_TCGA_132_133_136_SNP_N_GenomeWideSNP_6_A09_787482	18	32077019	32583061	318	-0.0519
USAGE_p_TCGA_132_133_136_SNP_N_GenomeWideSNP_6_A09_787482	18	32588499	49278534	11328	-0.5512
USAGE_p_TCGA_132_133_136_SNP_N_GenomeWideSNP_6_A09_787482	18	49283782	49283982	2	-2.4385
USAGE_p_TCGA_132_133_136_SNP_N_GenomeWideSNP_6_A09_787482	18	49284080	53144708	2470	-0.568
USAGE_p_TCGA_132_133_136_SNP_N_GenomeWideSNP_6_A09_787482	18	53144809	53144868	3	-2.4147
USAGE_p_TCGA_132_133_136_SNP_N_GenomeWideSNP_6_A09_787482	18	53144881	67488791	10305	-0.5625
USAGE_p_TCGA_132_133_136_SNP_N_GenomeWideSNP_6_A09_787482	18	67488940	68568490	647	-0.0553
USAGE_p_TCGA_132_133_136_SNP_N_GenomeWideSNP_6_A09_787482	18	68569578	78015057	6913	-0.5812
USAGE_p_TCGA_132_133_136_SNP_N_GenomeWideSNP_6_A09_787482	19	90910	4186143	1108	-0.4604
USAGE_p_TCGA_132_133_136_SNP_N_GenomeWideSNP_6_A09_787482	19	4194090	4338012	40	0.4555
USAGE_p_TCGA_132_133_136_SNP_N_GenomeWideSNP_6_A09_787482	19	4342353	6469847	883	-0.4592
USAGE_p_TCGA_132_133_136_SNP_N_GenomeWideSNP_6_A09_787482	19	6479571	7653218	575	0.3886
USAGE_p_TCGA_132_133_136_SNP_N_GenomeWideSNP_6_A09_787482	19	7654115	9094970	703	-0.4283
USAGE_p_TCGA_132_133_136_SNP_N_GenomeWideSNP_6_A09_787482	19	9097348	9118503	25	0.4087
USAGE_p_TCGA_132_133_136_SNP_N_GenomeWideSNP_6_A09_787482	19	9132615	10338676	598	-0.441
USAGE_p_TCGA_132_133_136_SNP_N_GenomeWideSNP_6_A09_787482	19	10355515	11407315	456	0.4483
USAGE_p_TCGA_132_133_136_SNP_N_GenomeWideSNP_6_A09_787482	19	11410068	11453351	24	-0.3574
USAGE_p_TCGA_132_133_136_SNP_N_GenomeWideSNP_6_A09_787482	19	11456011	11755737	125	0.4139
USAGE_p_TCGA_132_133_136_SNP_N_GenomeWideSNP_6_A09_787482	19	11763577	14322857	1178	-0.4262
USAGE_p_TCGA_132_133_136_SNP_N_GenomeWideSNP_6_A09_787482	19	14327383	14458122	47	0.4584
USAGE_p_TCGA_132_133_136_SNP_N_GenomeWideSNP_6_A09_787482	19	14469395	15089380	384	-0.457
USAGE_p_TCGA_132_133_136_SNP_N_GenomeWideSNP_6_A09_787482	19	15092332	15912871	594	0.3922
USAGE_p_TCGA_132_133_136_SNP_N_GenomeWideSNP_6_A09_787482	19	15914582	19191295	1512	-0.4232
USAGE_p_TCGA_132_133_136_SNP_N_GenomeWideSNP_6_A09_787482	19	19192052	19938798	344	0.4249
USAGE_p_TCGA_132_133_136_SNP_N_GenomeWideSNP_6_A09_787482	19	19939387	20245483	206	-0.5319
USAGE_p_TCGA_132_133_136_SNP_N_GenomeWideSNP_6_A09_787482	19	20249466	20342393	52	0.256
USAGE_p_TCGA_132_133_136_SNP_N_GenomeWideSNP_6_A09_787482	19	20352206	20594676	117	-0.5044
USAGE_p_TCGA_132_133_136_SNP_N_GenomeWideSNP_6_A09_787482	19	20596206	20721234	71	-2.1158
USAGE_p_TCGA_132_133_136_SNP_N_GenomeWideSNP_6_A09_787482	19	20721462	22270806	888	-0.5016
USAGE_p_TCGA_132_133_136_SNP_N_GenomeWideSNP_6_A09_787482	19	22280649	22594280	197	0.2778
USAGE_p_TCGA_132_133_136_SNP_N_GenomeWideSNP_6_A09_787482	19	22598014	29871932	2513	-0.5119
USAGE_p_TCGA_132_133_136_SNP_N_GenomeWideSNP_6_A09_787482	19	29875849	31390463	1114	0.376
USAGE_p_TCGA_132_133_136_SNP_N_GenomeWideSNP_6_A09_787482	19	31391275	31557426	104	-0.5407
USAGE_p_TCGA_132_133_136_SNP_N_GenomeWideSNP_6_A09_787482	19	31560164	31933544	279	0.3558
USAGE_p_TCGA_132_133_136_SNP_N_GenomeWideSNP_6_A09_787482	19	31936411	33283777	968	-0.5146
USAGE_p_TCGA_132_133_136_SNP_N_GenomeWideSNP_6_A09_787482	19	33285657	33562098	151	0.3899
USAGE_p_TCGA_132_133_136_SNP_N_GenomeWideSNP_6_A09_787482	19	33563127	34065833	331	-0.5091
USAGE_p_TCGA_132_133_136_SNP_N_GenomeWideSNP_6_A09_787482	19	34068435	34069101	2	-2.5728
USAGE_p_TCGA_132_133_136_SNP_N_GenomeWideSNP_6_A09_787482	19	34069166	35412248	903	-0.4602
USAGE_p_TCGA_132_133_136_SNP_N_GenomeWideSNP_6_A09_787482	19	35415021	36647758	708	0.4165
USAGE_p_TCGA_132_133_136_SNP_N_GenomeWideSNP_6_A09_787482	19	36655407	37598312	504	-0.431
USAGE_p_TCGA_132_133_136_SNP_N_GenomeWideSNP_6_A09_787482	19	37605917	37861459	96	0.4273
USAGE_p_TCGA_132_133_136_SNP_N_GenomeWideSNP_6_A09_787482	19	37864379	42807809	2535	-0.4485
USAGE_p_TCGA_132_133_136_SNP_N_GenomeWideSNP_6_A09_787482	19	42811716	43148255	156	0.4344
USAGE_p_TCGA_132_133_136_SNP_N_GenomeWideSNP_6_A09_787482	19	43151731	43156999	5	-0.4925
USAGE_p_TCGA_132_133_136_SNP_N_GenomeWideSNP_6_A09_787482	19	43162607	43542831	169	0.3342
USAGE_p_TCGA_132_133_136_SNP_N_GenomeWideSNP_6_A09_787482	19	43549014	45725211	1264	-0.4537
USAGE_p_TCGA_132_133_136_SNP_N_GenomeWideSNP_6_A09_787482	19	45734433	46372118	221	0.4404
USAGE_p_TCGA_132_133_136_SNP_N_GenomeWideSNP_6_A09_787482	19	46374371	48124652	770	-0.4392
USAGE_p_TCGA_132_133_136_SNP_N_GenomeWideSNP_6_A09_787482	19	48124695	48171518	27	0.4125
USAGE_p_TCGA_132_133_136_SNP_N_GenomeWideSNP_6_A09_787482	19	48174393	49688923	729	-0.4616
USAGE_p_TCGA_132_133_136_SNP_N_GenomeWideSNP_6_A09_787482	19	49694389	50117101	161	0.4163
USAGE_p_TCGA_132_133_136_SNP_N_GenomeWideSNP_6_A09_787482	19	50131865	50778629	305	-0.5256
USAGE_p_TCGA_132_133_136_SNP_N_GenomeWideSNP_6_A09_787482	19	50781661	51672114	440	0.4529
USAGE_p_TCGA_132_133_136_SNP_N_GenomeWideSNP_6_A09_787482	19	51676568	51726613	31	-0.4889
USAGE_p_TCGA_132_133_136_SNP_N_GenomeWideSNP_6_A09_787482	19	51726873	51917735	126	0.4408
USAGE_p_TCGA_132_133_136_SNP_N_GenomeWideSNP_6_A09_787482	19	51923363	52870052	690	-0.5145
USAGE_p_TCGA_132_133_136_SNP_N_GenomeWideSNP_6_A09_787482	19	52871665	53029610	101	0.3719
USAGE_p_TCGA_132_133_136_SNP_N_GenomeWideSNP_6_A09_787482	19	53030422	58796805	3625	-0.5166
USAGE_p_TCGA_132_133_136_SNP_N_GenomeWideSNP_6_A09_787482	19	58796881	59097854	147	0.226
USAGE_p_TCGA_132_133_136_SNP_N_GenomeWideSNP_6_A09_787482	20	61305	364747	229	0.3669
USAGE_p_TCGA_132_133_136_SNP_N_GenomeWideSNP_6_A09_787482	20	371337	378242	5	-0.7746
USAGE_p_TCGA_132_133_136_SNP_N_GenomeWideSNP_6_A09_787482	20	381808	1557190	953	0.3753
USAGE_p_TCGA_132_133_136_SNP_N_GenomeWideSNP_6_A09_787482	20	1557219	1582092	55	-0.3056
USAGE_p_TCGA_132_133_136_SNP_N_GenomeWideSNP_6_A09_787482	20	1582207	12410864	8310	0.3608
USAGE_p_TCGA_132_133_136_SNP_N_GenomeWideSNP_6_A09_787482	20	12413867	25342141	10123	-0.5526
USAGE_p_TCGA_132_133_136_SNP_N_GenomeWideSNP_6_A09_787482	20	25347221	25389746	17	0.3677
USAGE_p_TCGA_132_133_136_SNP_N_GenomeWideSNP_6_A09_787482	20	25393638	26305491	358	-0.4693
USAGE_p_TCGA_132_133_136_SNP_N_GenomeWideSNP_6_A09_787482	20	26305579	37690862	4176	0.4028
USAGE_p_TCGA_132_133_136_SNP_N_GenomeWideSNP_6_A09_787482	20	37695645	37696409	2	-2.0663
USAGE_p_TCGA_132_133_136_SNP_N_GenomeWideSNP_6_A09_787482	20	37696520	55972917	13573	0.4132
USAGE_p_TCGA_132_133_136_SNP_N_GenomeWideSNP_6_A09_787482	20	55975078	58024472	1595	0.6684
USAGE_p_TCGA_132_133_136_SNP_N_GenomeWideSNP_6_A09_787482	20	58025422	62916068	3104	0.3688
USAGE_p_TCGA_132_133_136_SNP_N_GenomeWideSNP_6_A09_787482	20	62954695	62956153	5	-0.5461
USAGE_p_TCGA_132_133_136_SNP_N_GenomeWideSNP_6_A09_787482	21	10736871	11163927	109	-0.0178
USAGE_p_TCGA_132_133_136_SNP_N_GenomeWideSNP_6_A09_787482	21	11173376	14570574	52	0.499
USAGE_p_TCGA_132_133_136_SNP_N_GenomeWideSNP_6_A09_787482	21	14594235	20883323	4237	-0.0418
USAGE_p_TCGA_132_133_136_SNP_N_GenomeWideSNP_6_A09_787482	21	20883568	20885988	2	-1.5423
USAGE_p_TCGA_132_133_136_SNP_N_GenomeWideSNP_6_A09_787482	21	20886867	44968053	18249	-0.0359
USAGE_p_TCGA_132_133_136_SNP_N_GenomeWideSNP_6_A09_787482	21	44970873	44972812	2	1.1329
USAGE_p_TCGA_132_133_136_SNP_N_GenomeWideSNP_6_A09_787482	21	44973667	45629368	355	0.0408
USAGE_p_TCGA_132_133_136_SNP_N_GenomeWideSNP_6_A09_787482	21	45630487	45633656	4	-1.303
USAGE_p_TCGA_132_133_136_SNP_N_GenomeWideSNP_6_A09_787482	21	45635075	48096957	1406	-0.031
USAGE_p_TCGA_132_133_136_SNP_N_GenomeWideSNP_6_A09_787482	22	16052528	16649985	91	-0.0923
USAGE_p_TCGA_132_133_136_SNP_N_GenomeWideSNP_6_A09_787482	22	16653212	24271745	4498	0.298
USAGE_p_TCGA_132_133_136_SNP_N_GenomeWideSNP_6_A09_787482	22	24283016	24344422	33	0.6633
USAGE_p_TCGA_132_133_136_SNP_N_GenomeWideSNP_6_A09_787482	22	24350529	24396814	19	-1.4649
USAGE_p_TCGA_132_133_136_SNP_N_GenomeWideSNP_6_A09_787482	22	24401529	25081338	354	0.3662
USAGE_p_TCGA_132_133_136_SNP_N_GenomeWideSNP_6_A09_787482	22	25082115	25082534	3	-1.28
USAGE_p_TCGA_132_133_136_SNP_N_GenomeWideSNP_6_A09_787482	22	25087674	51234455	18573	0.3828
USAGE_p_TCGA_132_133_136_SNP_N_GenomeWideSNP_6_A09_787482	X	168477	5158364	1911	0.0034
USAGE_p_TCGA_132_133_136_SNP_N_GenomeWideSNP_6_A09_787482	X	5160947	5162224	2	-3.3668
USAGE_p_TCGA_132_133_136_SNP_N_GenomeWideSNP_6_A09_787482	X	5165812	47980874	27333	0.014
USAGE_p_TCGA_132_133_136_SNP_N_GenomeWideSNP_6_A09_787482	X	47988177	48003925	3	-1.0524
USAGE_p_TCGA_132_133_136_SNP_N_GenomeWideSNP_6_A09_787482	X	48004056	55701259	3095	0.0218
USAGE_p_TCGA_132_133_136_SNP_N_GenomeWideSNP_6_A09_787482	X	55702659	55707556	3	-1.5912
USAGE_p_TCGA_132_133_136_SNP_N_GenomeWideSNP_6_A09_787482	X	55707686	76349873	7823	0.0119
USAGE_p_TCGA_132_133_136_SNP_N_GenomeWideSNP_6_A09_787482	X	76353650	76473278	13	-0.7654
USAGE_p_TCGA_132_133_136_SNP_N_GenomeWideSNP_6_A09_787482	X	76476301	95826804	10238	-0.0027
USAGE_p_TCGA_132_133_136_SNP_N_GenomeWideSNP_6_A09_787482	X	95827000	100090905	2398	0.4935
USAGE_p_TCGA_132_133_136_SNP_N_GenomeWideSNP_6_A09_787482	X	100096184	150292898	29384	0.0035
USAGE_p_TCGA_132_133_136_SNP_N_GenomeWideSNP_6_A09_787482	X	150293934	150295459	2	1.5908
USAGE_p_TCGA_132_133_136_SNP_N_GenomeWideSNP_6_A09_787482	X	150296555	154492713	2245	0.0076
USAGE_p_TCGA_132_133_136_SNP_N_GenomeWideSNP_6_A09_787482	X	154496659	154497242	2	-1.1152
USAGE_p_TCGA_132_133_136_SNP_N_GenomeWideSNP_6_A09_787482	X	154500407	154582472	27	-0.0049
USAGE_p_TCGA_132_133_136_SNP_N_GenomeWideSNP_6_A09_787482	X	154617590	155182354	159	0.5248
USAGE_p_TCGA_132_133_136_SNP_N_GenomeWideSNP_6_A09_787482	Y	2650438	2978678	151	-2.8506
USAGE_p_TCGA_132_133_136_SNP_N_GenomeWideSNP_6_A09_787482	Y	2985595	6101425	720	-2.2394
USAGE_p_TCGA_132_133_136_SNP_N_GenomeWideSNP_6_A09_787482	Y	6107901	6296423	85	-3.9366
USAGE_p_TCGA_132_133_136_SNP_N_GenomeWideSNP_6_A09_787482	Y	6299046	19571480	4707	-2.9562
USAGE_p_TCGA_132_133_136_SNP_N_GenomeWideSNP_6_A09_787482	Y	19574890	21088297	704	-3.5379
USAGE_p_TCGA_132_133_136_SNP_N_GenomeWideSNP_6_A09_787482	Y	21088485	23653771	978	-3.0082
USAGE_p_TCGA_132_133_136_SNP_N_GenomeWideSNP_6_A09_787482	Y	23683731	23690350	2	-8.8048
USAGE_p_TCGA_132_133_136_SNP_N_GenomeWideSNP_6_A09_787482	Y	23715701	24514859	264	-3.1464
USAGE_p_TCGA_132_133_136_SNP_N_GenomeWideSNP_6_A09_787482	Y	24515802	26430674	376	-3.5567
USAGE_p_TCGA_132_133_136_SNP_N_GenomeWideSNP_6_A09_787482	Y	26430908	26473956	18	-2.0238
USAGE_p_TCGA_132_133_136_SNP_N_GenomeWideSNP_6_A09_787482	Y	26482088	26513715	10	-2.6851
USAGE_p_TCGA_132_133_136_SNP_N_GenomeWideSNP_6_A09_787482	Y	26517533	27224321	86	-3.8996
USAGE_p_TCGA_132_133_136_SNP_N_GenomeWideSNP_6_A09_787482	Y	27240184	27529084	41	-2.6701
USAGE_p_TCGA_132_133_136_SNP_N_GenomeWideSNP_6_A09_787482	Y	27535030	27600323	21	-3.9598
USAGE_p_TCGA_132_133_136_SNP_N_GenomeWideSNP_6_A09_787482	Y	27601827	27721084	38	-2.6159
USAGE_p_TCGA_132_133_136_SNP_N_GenomeWideSNP_6_A09_787482	Y	27721117	28457337	258	-3.5924
USAGE_p_TCGA_132_133_136_SNP_N_GenomeWideSNP_6_A09_787482	Y	28458648	59018259	175	-2.2963
