Sample	Chromosome	Start	End	Num_Probes	Segment_Mean
FOXED_p_TCGA_b122_128_SNP_N_GenomeWideSNP_6_C01_781930	1	61735	6027733	2814	-0.056
FOXED_p_TCGA_b122_128_SNP_N_GenomeWideSNP_6_C01_781930	1	6029937	6031944	2	-1.3918
FOXED_p_TCGA_b122_128_SNP_N_GenomeWideSNP_6_C01_781930	1	6033868	17005978	5945	0.0067
FOXED_p_TCGA_b122_128_SNP_N_GenomeWideSNP_6_C01_781930	1	17011450	17082591	39	-0.49
FOXED_p_TCGA_b122_128_SNP_N_GenomeWideSNP_6_C01_781930	1	17087292	17190004	20	0.0695
FOXED_p_TCGA_b122_128_SNP_N_GenomeWideSNP_6_C01_781930	1	17190862	17284920	67	-0.3781
FOXED_p_TCGA_b122_128_SNP_N_GenomeWideSNP_6_C01_781930	1	17286210	22301569	3338	0.0116
FOXED_p_TCGA_b122_128_SNP_N_GenomeWideSNP_6_C01_781930	1	22309874	22330539	9	-0.8272
FOXED_p_TCGA_b122_128_SNP_N_GenomeWideSNP_6_C01_781930	1	22337243	30724627	4330	0.0178
FOXED_p_TCGA_b122_128_SNP_N_GenomeWideSNP_6_C01_781930	1	30726574	30747576	22	-0.5018
FOXED_p_TCGA_b122_128_SNP_N_GenomeWideSNP_6_C01_781930	1	30749660	69886702	24601	0.0263
FOXED_p_TCGA_b122_128_SNP_N_GenomeWideSNP_6_C01_781930	1	69886892	69891657	7	-0.6371
FOXED_p_TCGA_b122_128_SNP_N_GenomeWideSNP_6_C01_781930	1	69899166	72768916	1825	0.0402
FOXED_p_TCGA_b122_128_SNP_N_GenomeWideSNP_6_C01_781930	1	72768936	72811148	45	1.0593
FOXED_p_TCGA_b122_128_SNP_N_GenomeWideSNP_6_C01_781930	1	72811904	72820027	8	0.0218
FOXED_p_TCGA_b122_128_SNP_N_GenomeWideSNP_6_C01_781930	1	72822505	72822836	4	-1.0658
FOXED_p_TCGA_b122_128_SNP_N_GenomeWideSNP_6_C01_781930	1	72827978	103690449	19961	0.0216
FOXED_p_TCGA_b122_128_SNP_N_GenomeWideSNP_6_C01_781930	1	103696944	104067454	81	0.3004
FOXED_p_TCGA_b122_128_SNP_N_GenomeWideSNP_6_C01_781930	1	104098652	104120689	14	0.0021
FOXED_p_TCGA_b122_128_SNP_N_GenomeWideSNP_6_C01_781930	1	104121109	104163499	19	-0.6656
FOXED_p_TCGA_b122_128_SNP_N_GenomeWideSNP_6_C01_781930	1	104163787	110232974	3634	0.0256
FOXED_p_TCGA_b122_128_SNP_N_GenomeWideSNP_6_C01_781930	1	110233037	110240178	16	1.5448
FOXED_p_TCGA_b122_128_SNP_N_GenomeWideSNP_6_C01_781930	1	110242953	111360545	827	0.0138
FOXED_p_TCGA_b122_128_SNP_N_GenomeWideSNP_6_C01_781930	1	111363440	111388226	53	0.3471
FOXED_p_TCGA_b122_128_SNP_N_GenomeWideSNP_6_C01_781930	1	111392067	152555706	9143	0.0306
FOXED_p_TCGA_b122_128_SNP_N_GenomeWideSNP_6_C01_781930	1	152555767	152586540	32	-1.9125
FOXED_p_TCGA_b122_128_SNP_N_GenomeWideSNP_6_C01_781930	1	152586576	161517939	5490	0.0186
FOXED_p_TCGA_b122_128_SNP_N_GenomeWideSNP_6_C01_781930	1	161523550	161650494	51	0.383
FOXED_p_TCGA_b122_128_SNP_N_GenomeWideSNP_6_C01_781930	1	161650621	169216937	6011	0.0298
FOXED_p_TCGA_b122_128_SNP_N_GenomeWideSNP_6_C01_781930	1	169233974	169238731	5	-2.1306
FOXED_p_TCGA_b122_128_SNP_N_GenomeWideSNP_6_C01_781930	1	169238745	185103273	10552	0.0295
FOXED_p_TCGA_b122_128_SNP_N_GenomeWideSNP_6_C01_781930	1	185107854	185129437	12	0.7124
FOXED_p_TCGA_b122_128_SNP_N_GenomeWideSNP_6_C01_781930	1	185134066	193155792	5243	0.0058
FOXED_p_TCGA_b122_128_SNP_N_GenomeWideSNP_6_C01_781930	1	193156279	193156348	4	0.9007
FOXED_p_TCGA_b122_128_SNP_N_GenomeWideSNP_6_C01_781930	1	193159723	196709446	2397	0.0299
FOXED_p_TCGA_b122_128_SNP_N_GenomeWideSNP_6_C01_781930	1	196709760	196812530	100	0.4191
FOXED_p_TCGA_b122_128_SNP_N_GenomeWideSNP_6_C01_781930	1	196815791	199107702	1380	0.0366
FOXED_p_TCGA_b122_128_SNP_N_GenomeWideSNP_6_C01_781930	1	199111363	199114390	11	0.6995
FOXED_p_TCGA_b122_128_SNP_N_GenomeWideSNP_6_C01_781930	1	199114747	201908678	1953	0.0101
FOXED_p_TCGA_b122_128_SNP_N_GenomeWideSNP_6_C01_781930	1	201909126	202175885	157	0.358
FOXED_p_TCGA_b122_128_SNP_N_GenomeWideSNP_6_C01_781930	1	202177744	210071062	5318	0.023
FOXED_p_TCGA_b122_128_SNP_N_GenomeWideSNP_6_C01_781930	1	210081613	210083984	3	-2.5857
FOXED_p_TCGA_b122_128_SNP_N_GenomeWideSNP_6_C01_781930	1	210086552	220937791	7553	0.0333
FOXED_p_TCGA_b122_128_SNP_N_GenomeWideSNP_6_C01_781930	1	220939748	220953310	14	-0.5655
FOXED_p_TCGA_b122_128_SNP_N_GenomeWideSNP_6_C01_781930	1	220953777	225662318	3020	0.0204
FOXED_p_TCGA_b122_128_SNP_N_GenomeWideSNP_6_C01_781930	1	225662678	225670344	11	-0.6036
FOXED_p_TCGA_b122_128_SNP_N_GenomeWideSNP_6_C01_781930	1	225673293	246943345	15269	0.0154
FOXED_p_TCGA_b122_128_SNP_N_GenomeWideSNP_6_C01_781930	1	246943537	246945759	5	-1.1685
FOXED_p_TCGA_b122_128_SNP_N_GenomeWideSNP_6_C01_781930	1	246945775	249088245	1184	0.0353
FOXED_p_TCGA_b122_128_SNP_N_GenomeWideSNP_6_C01_781930	1	249090659	249104508	12	0.9414
FOXED_p_TCGA_b122_128_SNP_N_GenomeWideSNP_6_C01_781930	1	249111068	249170711	31	0.4934
FOXED_p_TCGA_b122_128_SNP_N_GenomeWideSNP_6_C01_781930	1	249171469	249188655	9	1.0145
FOXED_p_TCGA_b122_128_SNP_N_GenomeWideSNP_6_C01_781930	1	249190891	249224388	19	0.2432
FOXED_p_TCGA_b122_128_SNP_N_GenomeWideSNP_6_C01_781930	2	12784	5610163	4097	-0.0268
FOXED_p_TCGA_b122_128_SNP_N_GenomeWideSNP_6_C01_781930	2	5611779	5611821	2	-1.7328
FOXED_p_TCGA_b122_128_SNP_N_GenomeWideSNP_6_C01_781930	2	5615223	25304561	14220	0.0255
FOXED_p_TCGA_b122_128_SNP_N_GenomeWideSNP_6_C01_781930	2	25304574	25305136	2	-1.3642
FOXED_p_TCGA_b122_128_SNP_N_GenomeWideSNP_6_C01_781930	2	25305504	30420830	2970	0.0256
FOXED_p_TCGA_b122_128_SNP_N_GenomeWideSNP_6_C01_781930	2	30426596	30432115	3	-0.9961
FOXED_p_TCGA_b122_128_SNP_N_GenomeWideSNP_6_C01_781930	2	30433569	33762963	2073	0.0484
FOXED_p_TCGA_b122_128_SNP_N_GenomeWideSNP_6_C01_781930	2	33765768	33768112	2	-2.8231
FOXED_p_TCGA_b122_128_SNP_N_GenomeWideSNP_6_C01_781930	2	33770267	34520473	636	0.0262
FOXED_p_TCGA_b122_128_SNP_N_GenomeWideSNP_6_C01_781930	2	34523978	34525580	2	-2.1254
FOXED_p_TCGA_b122_128_SNP_N_GenomeWideSNP_6_C01_781930	2	34525967	34664750	90	-0.019
FOXED_p_TCGA_b122_128_SNP_N_GenomeWideSNP_6_C01_781930	2	34675467	34727867	49	-0.4735
FOXED_p_TCGA_b122_128_SNP_N_GenomeWideSNP_6_C01_781930	2	34736513	52754468	13051	0.0452
FOXED_p_TCGA_b122_128_SNP_N_GenomeWideSNP_6_C01_781930	2	52754480	52781542	39	0.8142
FOXED_p_TCGA_b122_128_SNP_N_GenomeWideSNP_6_C01_781930	2	52787949	89473832	22851	0.0349
FOXED_p_TCGA_b122_128_SNP_N_GenomeWideSNP_6_C01_781930	2	89477381	89922349	41	-0.4973
FOXED_p_TCGA_b122_128_SNP_N_GenomeWideSNP_6_C01_781930	2	89934959	90042904	27	0.0553
FOXED_p_TCGA_b122_128_SNP_N_GenomeWideSNP_6_C01_781930	2	90044863	91890841	198	-0.4268
FOXED_p_TCGA_b122_128_SNP_N_GenomeWideSNP_6_C01_781930	2	91891552	98154265	978	0.0287
FOXED_p_TCGA_b122_128_SNP_N_GenomeWideSNP_6_C01_781930	2	98157272	98161710	3	-1.4464
FOXED_p_TCGA_b122_128_SNP_N_GenomeWideSNP_6_C01_781930	2	98162189	106881633	5584	0.016
FOXED_p_TCGA_b122_128_SNP_N_GenomeWideSNP_6_C01_781930	2	106883229	106885357	8	0.8606
FOXED_p_TCGA_b122_128_SNP_N_GenomeWideSNP_6_C01_781930	2	106887255	132262229	14826	0.0222
FOXED_p_TCGA_b122_128_SNP_N_GenomeWideSNP_6_C01_781930	2	132265089	132269115	4	-1.0893
FOXED_p_TCGA_b122_128_SNP_N_GenomeWideSNP_6_C01_781930	2	132274077	133046772	253	0.0513
FOXED_p_TCGA_b122_128_SNP_N_GenomeWideSNP_6_C01_781930	2	133049047	133122139	30	0.5202
FOXED_p_TCGA_b122_128_SNP_N_GenomeWideSNP_6_C01_781930	2	133123699	137982148	3367	-0.0028
FOXED_p_TCGA_b122_128_SNP_N_GenomeWideSNP_6_C01_781930	2	137983647	137984261	5	-1.4619
FOXED_p_TCGA_b122_128_SNP_N_GenomeWideSNP_6_C01_781930	2	137985285	138704792	461	0.0689
FOXED_p_TCGA_b122_128_SNP_N_GenomeWideSNP_6_C01_781930	2	138705038	138707313	4	-1.1377
FOXED_p_TCGA_b122_128_SNP_N_GenomeWideSNP_6_C01_781930	2	138707686	146864429	5009	-0.0017
FOXED_p_TCGA_b122_128_SNP_N_GenomeWideSNP_6_C01_781930	2	146864443	146866934	22	0.9653
FOXED_p_TCGA_b122_128_SNP_N_GenomeWideSNP_6_C01_781930	2	146877806	153787191	4203	0.028
FOXED_p_TCGA_b122_128_SNP_N_GenomeWideSNP_6_C01_781930	2	153787485	153796784	4	-1.264
FOXED_p_TCGA_b122_128_SNP_N_GenomeWideSNP_6_C01_781930	2	153800569	243089456	54966	0.048
FOXED_p_TCGA_b122_128_SNP_N_GenomeWideSNP_6_C01_781930	3	60345	30274646	22642	0.0248
FOXED_p_TCGA_b122_128_SNP_N_GenomeWideSNP_6_C01_781930	3	30276090	30287557	12	0.5373
FOXED_p_TCGA_b122_128_SNP_N_GenomeWideSNP_6_C01_781930	3	30288996	60110586	18240	0.0335
FOXED_p_TCGA_b122_128_SNP_N_GenomeWideSNP_6_C01_781930	3	60110946	60368127	261	-0.2647
FOXED_p_TCGA_b122_128_SNP_N_GenomeWideSNP_6_C01_781930	3	60368382	60647490	321	0.0647
FOXED_p_TCGA_b122_128_SNP_N_GenomeWideSNP_6_C01_781930	3	60647540	60677352	19	-0.3964
FOXED_p_TCGA_b122_128_SNP_N_GenomeWideSNP_6_C01_781930	3	60677389	68746164	6373	0.04
FOXED_p_TCGA_b122_128_SNP_N_GenomeWideSNP_6_C01_781930	3	68746259	68747413	14	-1.4343
FOXED_p_TCGA_b122_128_SNP_N_GenomeWideSNP_6_C01_781930	3	68748758	75421170	4876	0.0222
FOXED_p_TCGA_b122_128_SNP_N_GenomeWideSNP_6_C01_781930	3	75427107	75639507	75	-1.1402
FOXED_p_TCGA_b122_128_SNP_N_GenomeWideSNP_6_C01_781930	3	75645384	90502862	8146	0.0181
FOXED_p_TCGA_b122_128_SNP_N_GenomeWideSNP_6_C01_781930	3	93519478	98936963	2860	0.3468
FOXED_p_TCGA_b122_128_SNP_N_GenomeWideSNP_6_C01_781930	3	98937784	98949308	37	0.724
FOXED_p_TCGA_b122_128_SNP_N_GenomeWideSNP_6_C01_781930	3	98949314	99207482	174	0.3369
FOXED_p_TCGA_b122_128_SNP_N_GenomeWideSNP_6_C01_781930	3	99207498	99207678	6	0.8956
FOXED_p_TCGA_b122_128_SNP_N_GenomeWideSNP_6_C01_781930	3	99207719	100340068	571	0.3828
FOXED_p_TCGA_b122_128_SNP_N_GenomeWideSNP_6_C01_781930	3	100340547	100340796	2	-0.912
FOXED_p_TCGA_b122_128_SNP_N_GenomeWideSNP_6_C01_781930	3	100342202	128380252	17369	0.3575
FOXED_p_TCGA_b122_128_SNP_N_GenomeWideSNP_6_C01_781930	3	128381249	128412331	16	1.2141
FOXED_p_TCGA_b122_128_SNP_N_GenomeWideSNP_6_C01_781930	3	128414161	129762859	625	0.3033
FOXED_p_TCGA_b122_128_SNP_N_GenomeWideSNP_6_C01_781930	3	129763698	129791630	25	-0.2638
FOXED_p_TCGA_b122_128_SNP_N_GenomeWideSNP_6_C01_781930	3	129792411	129806236	27	-0.6899
FOXED_p_TCGA_b122_128_SNP_N_GenomeWideSNP_6_C01_781930	3	129806924	157340086	17141	0.3607
FOXED_p_TCGA_b122_128_SNP_N_GenomeWideSNP_6_C01_781930	3	157341407	157341682	3	-0.9936
FOXED_p_TCGA_b122_128_SNP_N_GenomeWideSNP_6_C01_781930	3	157343492	162540490	3176	0.3616
FOXED_p_TCGA_b122_128_SNP_N_GenomeWideSNP_6_C01_781930	3	162545716	162615915	42	0.646
FOXED_p_TCGA_b122_128_SNP_N_GenomeWideSNP_6_C01_781930	3	162623842	162626603	8	0.0467
FOXED_p_TCGA_b122_128_SNP_N_GenomeWideSNP_6_C01_781930	3	162628614	162714517	70	0.4778
FOXED_p_TCGA_b122_128_SNP_N_GenomeWideSNP_6_C01_781930	3	162717727	162719562	2	-1.0449
FOXED_p_TCGA_b122_128_SNP_N_GenomeWideSNP_6_C01_781930	3	162726159	165271547	1414	0.3511
FOXED_p_TCGA_b122_128_SNP_N_GenomeWideSNP_6_C01_781930	3	165271850	165271911	3	-0.7858
FOXED_p_TCGA_b122_128_SNP_N_GenomeWideSNP_6_C01_781930	3	165276717	179631090	9085	0.387
FOXED_p_TCGA_b122_128_SNP_N_GenomeWideSNP_6_C01_781930	3	179633474	179633655	3	-0.808
FOXED_p_TCGA_b122_128_SNP_N_GenomeWideSNP_6_C01_781930	3	179641429	192874747	8625	0.3566
FOXED_p_TCGA_b122_128_SNP_N_GenomeWideSNP_6_C01_781930	3	192877902	192882903	20	-1.2306
FOXED_p_TCGA_b122_128_SNP_N_GenomeWideSNP_6_C01_781930	3	192886435	195262872	1479	0.3723
FOXED_p_TCGA_b122_128_SNP_N_GenomeWideSNP_6_C01_781930	3	195263161	195456889	44	-0.0377
FOXED_p_TCGA_b122_128_SNP_N_GenomeWideSNP_6_C01_781930	3	195460696	197834570	1153	0.3973
FOXED_p_TCGA_b122_128_SNP_N_GenomeWideSNP_6_C01_781930	3	197834720	197838578	11	0.0965
FOXED_p_TCGA_b122_128_SNP_N_GenomeWideSNP_6_C01_781930	3	197845216	197849705	11	-0.7463
FOXED_p_TCGA_b122_128_SNP_N_GenomeWideSNP_6_C01_781930	3	197851225	197896118	9	0.0986
FOXED_p_TCGA_b122_128_SNP_N_GenomeWideSNP_6_C01_781930	4	12281	35359	21	-0.1078
FOXED_p_TCGA_b122_128_SNP_N_GenomeWideSNP_6_C01_781930	4	35834	59072	29	-0.6549
FOXED_p_TCGA_b122_128_SNP_N_GenomeWideSNP_6_C01_781930	4	61775	296348	120	-0.3048
FOXED_p_TCGA_b122_128_SNP_N_GenomeWideSNP_6_C01_781930	4	296383	297989	3	-2.6417
FOXED_p_TCGA_b122_128_SNP_N_GenomeWideSNP_6_C01_781930	4	298772	10210390	5599	-0.4885
FOXED_p_TCGA_b122_128_SNP_N_GenomeWideSNP_6_C01_781930	4	10223416	10229920	16	0.5261
FOXED_p_TCGA_b122_128_SNP_N_GenomeWideSNP_6_C01_781930	4	10229950	12342109	1776	-0.4188
FOXED_p_TCGA_b122_128_SNP_N_GenomeWideSNP_6_C01_781930	4	12342959	12344126	4	-1.3855
FOXED_p_TCGA_b122_128_SNP_N_GenomeWideSNP_6_C01_781930	4	12344246	12380970	44	-0.4335
FOXED_p_TCGA_b122_128_SNP_N_GenomeWideSNP_6_C01_781930	4	12381087	12391010	25	-0.033
FOXED_p_TCGA_b122_128_SNP_N_GenomeWideSNP_6_C01_781930	4	12391898	25058232	9027	-0.4315
FOXED_p_TCGA_b122_128_SNP_N_GenomeWideSNP_6_C01_781930	4	25058914	25058990	2	-2.9576
FOXED_p_TCGA_b122_128_SNP_N_GenomeWideSNP_6_C01_781930	4	25059034	43147514	11686	-0.4179
FOXED_p_TCGA_b122_128_SNP_N_GenomeWideSNP_6_C01_781930	4	43148161	43148953	2	-2.2558
FOXED_p_TCGA_b122_128_SNP_N_GenomeWideSNP_6_C01_781930	4	43149962	56307214	5962	-0.4149
FOXED_p_TCGA_b122_128_SNP_N_GenomeWideSNP_6_C01_781930	4	56311248	56380484	43	0.3937
FOXED_p_TCGA_b122_128_SNP_N_GenomeWideSNP_6_C01_781930	4	56380501	56481653	57	0.777
FOXED_p_TCGA_b122_128_SNP_N_GenomeWideSNP_6_C01_781930	4	56482323	56656956	106	0.3322
FOXED_p_TCGA_b122_128_SNP_N_GenomeWideSNP_6_C01_781930	4	56657195	65052828	5053	-0.4241
FOXED_p_TCGA_b122_128_SNP_N_GenomeWideSNP_6_C01_781930	4	65068892	65785626	472	0.3616
FOXED_p_TCGA_b122_128_SNP_N_GenomeWideSNP_6_C01_781930	4	65797233	69374955	2256	-0.409
FOXED_p_TCGA_b122_128_SNP_N_GenomeWideSNP_6_C01_781930	4	69375160	69591782	76	0.1617
FOXED_p_TCGA_b122_128_SNP_N_GenomeWideSNP_6_C01_781930	4	69595591	70330171	437	-0.3171
FOXED_p_TCGA_b122_128_SNP_N_GenomeWideSNP_6_C01_781930	4	70331481	71235839	602	0.4164
FOXED_p_TCGA_b122_128_SNP_N_GenomeWideSNP_6_C01_781930	4	71237277	73625273	1342	-0.408
FOXED_p_TCGA_b122_128_SNP_N_GenomeWideSNP_6_C01_781930	4	73625610	76240854	1583	0.4082
FOXED_p_TCGA_b122_128_SNP_N_GenomeWideSNP_6_C01_781930	4	76245805	91616810	9692	-0.3901
FOXED_p_TCGA_b122_128_SNP_N_GenomeWideSNP_6_C01_781930	4	91619018	91980874	248	-1.0702
FOXED_p_TCGA_b122_128_SNP_N_GenomeWideSNP_6_C01_781930	4	91984931	98697772	3923	-0.3995
FOXED_p_TCGA_b122_128_SNP_N_GenomeWideSNP_6_C01_781930	4	98698380	98817190	44	-1.0352
FOXED_p_TCGA_b122_128_SNP_N_GenomeWideSNP_6_C01_781930	4	98818784	105497209	3938	-0.4062
FOXED_p_TCGA_b122_128_SNP_N_GenomeWideSNP_6_C01_781930	4	105498210	105499896	2	-2.3997
FOXED_p_TCGA_b122_128_SNP_N_GenomeWideSNP_6_C01_781930	4	105502099	117541317	7342	-0.3782
FOXED_p_TCGA_b122_128_SNP_N_GenomeWideSNP_6_C01_781930	4	117547404	117572197	28	0.0327
FOXED_p_TCGA_b122_128_SNP_N_GenomeWideSNP_6_C01_781930	4	117577419	130062751	7285	-0.4111
FOXED_p_TCGA_b122_128_SNP_N_GenomeWideSNP_6_C01_781930	4	130067546	130068160	2	-3.7134
FOXED_p_TCGA_b122_128_SNP_N_GenomeWideSNP_6_C01_781930	4	130072563	172987928	26389	-0.4021
FOXED_p_TCGA_b122_128_SNP_N_GenomeWideSNP_6_C01_781930	4	172989148	172995979	13	0.4696
FOXED_p_TCGA_b122_128_SNP_N_GenomeWideSNP_6_C01_781930	4	172996893	173422322	227	-0.4029
FOXED_p_TCGA_b122_128_SNP_N_GenomeWideSNP_6_C01_781930	4	173422329	173441132	11	0.4711
FOXED_p_TCGA_b122_128_SNP_N_GenomeWideSNP_6_C01_781930	4	173453708	187620644	9652	-0.4277
FOXED_p_TCGA_b122_128_SNP_N_GenomeWideSNP_6_C01_781930	4	187621281	187621568	2	-3.6565
FOXED_p_TCGA_b122_128_SNP_N_GenomeWideSNP_6_C01_781930	4	187622150	191027923	2216	-0.3981
FOXED_p_TCGA_b122_128_SNP_N_GenomeWideSNP_6_C01_781930	5	15532	896815	383	0.5709
FOXED_p_TCGA_b122_128_SNP_N_GenomeWideSNP_6_C01_781930	5	905701	908540	3	-0.6827
FOXED_p_TCGA_b122_128_SNP_N_GenomeWideSNP_6_C01_781930	5	913391	2038142	673	0.5766
FOXED_p_TCGA_b122_128_SNP_N_GenomeWideSNP_6_C01_781930	5	2044129	2069531	21	-0.8821
FOXED_p_TCGA_b122_128_SNP_N_GenomeWideSNP_6_C01_781930	5	2070868	11161625	8054	0.5896
FOXED_p_TCGA_b122_128_SNP_N_GenomeWideSNP_6_C01_781930	5	11162636	11162771	3	-3.2905
FOXED_p_TCGA_b122_128_SNP_N_GenomeWideSNP_6_C01_781930	5	11167277	15719222	3082	0.6385
FOXED_p_TCGA_b122_128_SNP_N_GenomeWideSNP_6_C01_781930	5	15719350	15720478	9	0.1111
FOXED_p_TCGA_b122_128_SNP_N_GenomeWideSNP_6_C01_781930	5	15720597	20401286	2928	0.62
FOXED_p_TCGA_b122_128_SNP_N_GenomeWideSNP_6_C01_781930	5	20401544	20440319	29	0.9817
FOXED_p_TCGA_b122_128_SNP_N_GenomeWideSNP_6_C01_781930	5	20440339	21376844	553	0.6013
FOXED_p_TCGA_b122_128_SNP_N_GenomeWideSNP_6_C01_781930	5	21377839	21377853	2	2.0786
FOXED_p_TCGA_b122_128_SNP_N_GenomeWideSNP_6_C01_781930	5	21386066	21436752	38	0.6892
FOXED_p_TCGA_b122_128_SNP_N_GenomeWideSNP_6_C01_781930	5	21438672	21452438	12	1.2477
FOXED_p_TCGA_b122_128_SNP_N_GenomeWideSNP_6_C01_781930	5	21452496	49432831	15063	0.6165
FOXED_p_TCGA_b122_128_SNP_N_GenomeWideSNP_6_C01_781930	5	49441958	57321586	5053	-0.4203
FOXED_p_TCGA_b122_128_SNP_N_GenomeWideSNP_6_C01_781930	5	57326027	57333533	32	0.7832
FOXED_p_TCGA_b122_128_SNP_N_GenomeWideSNP_6_C01_781930	5	57338357	75440082	10430	-0.4077
FOXED_p_TCGA_b122_128_SNP_N_GenomeWideSNP_6_C01_781930	5	75440130	75450127	17	-0.9867
FOXED_p_TCGA_b122_128_SNP_N_GenomeWideSNP_6_C01_781930	5	75450144	75837729	331	-0.4388
FOXED_p_TCGA_b122_128_SNP_N_GenomeWideSNP_6_C01_781930	5	75837834	75839350	5	-1.9667
FOXED_p_TCGA_b122_128_SNP_N_GenomeWideSNP_6_C01_781930	5	75839369	114756455	23448	-0.4144
FOXED_p_TCGA_b122_128_SNP_N_GenomeWideSNP_6_C01_781930	5	114756637	114756862	5	0.8652
FOXED_p_TCGA_b122_128_SNP_N_GenomeWideSNP_6_C01_781930	5	114759078	120055330	3729	-0.4188
FOXED_p_TCGA_b122_128_SNP_N_GenomeWideSNP_6_C01_781930	5	120056635	120069965	16	0.3773
FOXED_p_TCGA_b122_128_SNP_N_GenomeWideSNP_6_C01_781930	5	120070942	151697266	19775	-0.4179
FOXED_p_TCGA_b122_128_SNP_N_GenomeWideSNP_6_C01_781930	5	151697440	151699044	2	-3.1
FOXED_p_TCGA_b122_128_SNP_N_GenomeWideSNP_6_C01_781930	5	151699569	171599427	13749	-0.4417
FOXED_p_TCGA_b122_128_SNP_N_GenomeWideSNP_6_C01_781930	5	171603491	171605910	4	-1.9419
FOXED_p_TCGA_b122_128_SNP_N_GenomeWideSNP_6_C01_781930	5	171608369	173202507	1156	-0.4575
FOXED_p_TCGA_b122_128_SNP_N_GenomeWideSNP_6_C01_781930	5	173205058	173206216	7	-1.7359
FOXED_p_TCGA_b122_128_SNP_N_GenomeWideSNP_6_C01_781930	5	173206371	180374523	4206	-0.4636
FOXED_p_TCGA_b122_128_SNP_N_GenomeWideSNP_6_C01_781930	5	180378710	180417207	15	0.2645
FOXED_p_TCGA_b122_128_SNP_N_GenomeWideSNP_6_C01_781930	5	180417614	180790320	175	-0.5044
FOXED_p_TCGA_b122_128_SNP_N_GenomeWideSNP_6_C01_781930	6	149661	26732406	20292	0.3565
FOXED_p_TCGA_b122_128_SNP_N_GenomeWideSNP_6_C01_781930	6	26737032	26755915	15	-0.8023
FOXED_p_TCGA_b122_128_SNP_N_GenomeWideSNP_6_C01_781930	6	26758030	26762638	4	0.4813
FOXED_p_TCGA_b122_128_SNP_N_GenomeWideSNP_6_C01_781930	6	26763081	26773063	7	-0.6252
FOXED_p_TCGA_b122_128_SNP_N_GenomeWideSNP_6_C01_781930	6	26773509	29837072	1439	0.3243
FOXED_p_TCGA_b122_128_SNP_N_GenomeWideSNP_6_C01_781930	6	29837187	29901576	37	0.7006
FOXED_p_TCGA_b122_128_SNP_N_GenomeWideSNP_6_C01_781930	6	29908469	32452929	1173	0.3511
FOXED_p_TCGA_b122_128_SNP_N_GenomeWideSNP_6_C01_781930	6	32454275	32609427	59	0.0303
FOXED_p_TCGA_b122_128_SNP_N_GenomeWideSNP_6_C01_781930	6	32619613	32686196	45	0.4772
FOXED_p_TCGA_b122_128_SNP_N_GenomeWideSNP_6_C01_781930	6	32688615	32711857	23	0.8937
FOXED_p_TCGA_b122_128_SNP_N_GenomeWideSNP_6_C01_781930	6	32712104	53931151	13690	0.3682
FOXED_p_TCGA_b122_128_SNP_N_GenomeWideSNP_6_C01_781930	6	53931230	53931803	5	-0.607
FOXED_p_TCGA_b122_128_SNP_N_GenomeWideSNP_6_C01_781930	6	53931855	57312892	2020	0.4031
FOXED_p_TCGA_b122_128_SNP_N_GenomeWideSNP_6_C01_781930	6	57324832	57340385	11	-0.409
FOXED_p_TCGA_b122_128_SNP_N_GenomeWideSNP_6_C01_781930	6	57343518	57475654	55	0.0057
FOXED_p_TCGA_b122_128_SNP_N_GenomeWideSNP_6_C01_781930	6	57480747	58082951	242	-0.3254
FOXED_p_TCGA_b122_128_SNP_N_GenomeWideSNP_6_C01_781930	6	58140300	58774716	250	0.3786
FOXED_p_TCGA_b122_128_SNP_N_GenomeWideSNP_6_C01_781930	6	61886440	74591801	7933	-0.4157
FOXED_p_TCGA_b122_128_SNP_N_GenomeWideSNP_6_C01_781930	6	74591858	74597341	10	-1.724
FOXED_p_TCGA_b122_128_SNP_N_GenomeWideSNP_6_C01_781930	6	74601410	75533512	612	-0.385
FOXED_p_TCGA_b122_128_SNP_N_GenomeWideSNP_6_C01_781930	6	75534180	75534181	2	1.1448
FOXED_p_TCGA_b122_128_SNP_N_GenomeWideSNP_6_C01_781930	6	75534396	78962889	2156	-0.3897
FOXED_p_TCGA_b122_128_SNP_N_GenomeWideSNP_6_C01_781930	6	78969065	79045766	119	-0.0017
FOXED_p_TCGA_b122_128_SNP_N_GenomeWideSNP_6_C01_781930	6	79045902	81364487	1529	-0.4011
FOXED_p_TCGA_b122_128_SNP_N_GenomeWideSNP_6_C01_781930	6	81367313	81409275	34	-4.4913
FOXED_p_TCGA_b122_128_SNP_N_GenomeWideSNP_6_C01_781930	6	81410000	81425969	7	-1.243
FOXED_p_TCGA_b122_128_SNP_N_GenomeWideSNP_6_C01_781930	6	81428748	103734645	13890	-0.4244
FOXED_p_TCGA_b122_128_SNP_N_GenomeWideSNP_6_C01_781930	6	103734803	103765711	53	0.2201
FOXED_p_TCGA_b122_128_SNP_N_GenomeWideSNP_6_C01_781930	6	103765730	168577928	42462	-0.4323
FOXED_p_TCGA_b122_128_SNP_N_GenomeWideSNP_6_C01_781930	6	168577986	168583006	2	-3.2999
FOXED_p_TCGA_b122_128_SNP_N_GenomeWideSNP_6_C01_781930	6	168583032	170982534	1689	-0.5206
FOXED_p_TCGA_b122_128_SNP_N_GenomeWideSNP_6_C01_781930	6	171050379	171051005	2	0.443
FOXED_p_TCGA_b122_128_SNP_N_GenomeWideSNP_6_C01_781930	7	43355	21000512	14940	0.8258
FOXED_p_TCGA_b122_128_SNP_N_GenomeWideSNP_6_C01_781930	7	21001138	21002126	2	-1.6063
FOXED_p_TCGA_b122_128_SNP_N_GenomeWideSNP_6_C01_781930	7	21002212	23728095	2044	0.7946
FOXED_p_TCGA_b122_128_SNP_N_GenomeWideSNP_6_C01_781930	7	23728922	23731169	3	-0.4571
FOXED_p_TCGA_b122_128_SNP_N_GenomeWideSNP_6_C01_781930	7	23732820	54380373	21611	0.8091
FOXED_p_TCGA_b122_128_SNP_N_GenomeWideSNP_6_C01_781930	7	54386505	54386517	6	2.6033
FOXED_p_TCGA_b122_128_SNP_N_GenomeWideSNP_6_C01_781930	7	54393488	63116350	2457	0.7784
FOXED_p_TCGA_b122_128_SNP_N_GenomeWideSNP_6_C01_781930	7	63121038	64594341	684	-7e-04
FOXED_p_TCGA_b122_128_SNP_N_GenomeWideSNP_6_C01_781930	7	64594929	64595698	4	0.986
FOXED_p_TCGA_b122_128_SNP_N_GenomeWideSNP_6_C01_781930	7	64637128	65261298	261	0.035
FOXED_p_TCGA_b122_128_SNP_N_GenomeWideSNP_6_C01_781930	7	65264524	65292958	11	0.7539
FOXED_p_TCGA_b122_128_SNP_N_GenomeWideSNP_6_C01_781930	7	65295027	70420438	2881	-0.008
FOXED_p_TCGA_b122_128_SNP_N_GenomeWideSNP_6_C01_781930	7	70423250	70426141	2	-2.3319
FOXED_p_TCGA_b122_128_SNP_N_GenomeWideSNP_6_C01_781930	7	70428243	79495978	4424	0.0259
FOXED_p_TCGA_b122_128_SNP_N_GenomeWideSNP_6_C01_781930	7	79500152	79507348	10	0.4319
FOXED_p_TCGA_b122_128_SNP_N_GenomeWideSNP_6_C01_781930	7	79507632	88751636	5913	0.0228
FOXED_p_TCGA_b122_128_SNP_N_GenomeWideSNP_6_C01_781930	7	88751897	88754257	3	-1.231
FOXED_p_TCGA_b122_128_SNP_N_GenomeWideSNP_6_C01_781930	7	88754577	109433798	12168	0.0267
FOXED_p_TCGA_b122_128_SNP_N_GenomeWideSNP_6_C01_781930	7	109437092	109437757	14	-0.7335
FOXED_p_TCGA_b122_128_SNP_N_GenomeWideSNP_6_C01_781930	7	109437772	109441212	10	0.3565
FOXED_p_TCGA_b122_128_SNP_N_GenomeWideSNP_6_C01_781930	7	109441244	109453910	11	-2.1556
FOXED_p_TCGA_b122_128_SNP_N_GenomeWideSNP_6_C01_781930	7	109453982	111049731	1075	0.0245
FOXED_p_TCGA_b122_128_SNP_N_GenomeWideSNP_6_C01_781930	7	111049812	111066659	21	0.5512
FOXED_p_TCGA_b122_128_SNP_N_GenomeWideSNP_6_C01_781930	7	111069414	133785195	13662	0.0374
FOXED_p_TCGA_b122_128_SNP_N_GenomeWideSNP_6_C01_781930	7	133785211	133795634	24	-2.0065
FOXED_p_TCGA_b122_128_SNP_N_GenomeWideSNP_6_C01_781930	7	133795665	133799197	11	-0.8908
FOXED_p_TCGA_b122_128_SNP_N_GenomeWideSNP_6_C01_781930	7	133806244	141770509	5204	0.0104
FOXED_p_TCGA_b122_128_SNP_N_GenomeWideSNP_6_C01_781930	7	141770532	141798990	36	-0.3914
FOXED_p_TCGA_b122_128_SNP_N_GenomeWideSNP_6_C01_781930	7	141799117	142474939	447	0.03
FOXED_p_TCGA_b122_128_SNP_N_GenomeWideSNP_6_C01_781930	7	142476719	142486045	27	0.8722
FOXED_p_TCGA_b122_128_SNP_N_GenomeWideSNP_6_C01_781930	7	142486115	143216852	466	0.0295
FOXED_p_TCGA_b122_128_SNP_N_GenomeWideSNP_6_C01_781930	7	143217246	143448379	56	0.3139
FOXED_p_TCGA_b122_128_SNP_N_GenomeWideSNP_6_C01_781930	7	143448381	143530969	35	0.7066
FOXED_p_TCGA_b122_128_SNP_N_GenomeWideSNP_6_C01_781930	7	143532868	143977353	304	0.0722
FOXED_p_TCGA_b122_128_SNP_N_GenomeWideSNP_6_C01_781930	7	143977392	144014228	10	0.7454
FOXED_p_TCGA_b122_128_SNP_N_GenomeWideSNP_6_C01_781930	7	144017309	150285104	3868	0.0063
FOXED_p_TCGA_b122_128_SNP_N_GenomeWideSNP_6_C01_781930	7	150285801	150301569	8	-0.9677
FOXED_p_TCGA_b122_128_SNP_N_GenomeWideSNP_6_C01_781930	7	150307922	159127004	5832	-0.0106
FOXED_p_TCGA_b122_128_SNP_N_GenomeWideSNP_6_C01_781930	8	31254	2204639	1574	-1.2751
FOXED_p_TCGA_b122_128_SNP_N_GenomeWideSNP_6_C01_781930	8	2205102	2207913	4	-6.5964
FOXED_p_TCGA_b122_128_SNP_N_GenomeWideSNP_6_C01_781930	8	2212785	2890763	657	-1.1392
FOXED_p_TCGA_b122_128_SNP_N_GenomeWideSNP_6_C01_781930	8	2897273	2899276	2	-6.2506
FOXED_p_TCGA_b122_128_SNP_N_GenomeWideSNP_6_C01_781930	8	2899298	3392555	542	-1.2038
FOXED_p_TCGA_b122_128_SNP_N_GenomeWideSNP_6_C01_781930	8	3393402	3396338	8	-3.9747
FOXED_p_TCGA_b122_128_SNP_N_GenomeWideSNP_6_C01_781930	8	3396378	3583462	264	-1.2792
FOXED_p_TCGA_b122_128_SNP_N_GenomeWideSNP_6_C01_781930	8	3583503	3585352	8	-4.0724
FOXED_p_TCGA_b122_128_SNP_N_GenomeWideSNP_6_C01_781930	8	3585967	5525983	2801	-1.2176
FOXED_p_TCGA_b122_128_SNP_N_GenomeWideSNP_6_C01_781930	8	5526424	5526514	2	-7.3048
FOXED_p_TCGA_b122_128_SNP_N_GenomeWideSNP_6_C01_781930	8	5526625	5537203	13	-1.1715
FOXED_p_TCGA_b122_128_SNP_N_GenomeWideSNP_6_C01_781930	8	5538159	5538681	3	-2.5521
FOXED_p_TCGA_b122_128_SNP_N_GenomeWideSNP_6_C01_781930	8	5539749	5598796	84	-1.1155
FOXED_p_TCGA_b122_128_SNP_N_GenomeWideSNP_6_C01_781930	8	5599155	5604495	20	-2.2184
FOXED_p_TCGA_b122_128_SNP_N_GenomeWideSNP_6_C01_781930	8	5607088	5818671	266	-1.0179
FOXED_p_TCGA_b122_128_SNP_N_GenomeWideSNP_6_C01_781930	8	5819329	5821309	3	-4.9304
FOXED_p_TCGA_b122_128_SNP_N_GenomeWideSNP_6_C01_781930	8	5821370	6019169	250	-1.2961
FOXED_p_TCGA_b122_128_SNP_N_GenomeWideSNP_6_C01_781930	8	6020683	6023081	3	-6.8632
FOXED_p_TCGA_b122_128_SNP_N_GenomeWideSNP_6_C01_781930	8	6025992	6749911	915	-1.2002
FOXED_p_TCGA_b122_128_SNP_N_GenomeWideSNP_6_C01_781930	8	6752007	6752085	2	-7.6439
FOXED_p_TCGA_b122_128_SNP_N_GenomeWideSNP_6_C01_781930	8	6753715	10135235	2272	-1.2068
FOXED_p_TCGA_b122_128_SNP_N_GenomeWideSNP_6_C01_781930	8	10135940	10135976	2	-7.5123
FOXED_p_TCGA_b122_128_SNP_N_GenomeWideSNP_6_C01_781930	8	10136415	27752630	13850	-1.1861
FOXED_p_TCGA_b122_128_SNP_N_GenomeWideSNP_6_C01_781930	8	27752658	27755403	3	-6.2401
FOXED_p_TCGA_b122_128_SNP_N_GenomeWideSNP_6_C01_781930	8	27758244	38128246	6199	-1.1573
FOXED_p_TCGA_b122_128_SNP_N_GenomeWideSNP_6_C01_781930	8	38129578	38171486	20	0.0258
FOXED_p_TCGA_b122_128_SNP_N_GenomeWideSNP_6_C01_781930	8	38185323	38673606	309	0.9819
FOXED_p_TCGA_b122_128_SNP_N_GenomeWideSNP_6_C01_781930	8	38681076	39230659	261	0.0813
FOXED_p_TCGA_b122_128_SNP_N_GenomeWideSNP_6_C01_781930	8	39235603	39362946	49	0.9369
FOXED_p_TCGA_b122_128_SNP_N_GenomeWideSNP_6_C01_781930	8	39368908	39374732	3	-0.4472
FOXED_p_TCGA_b122_128_SNP_N_GenomeWideSNP_6_C01_781930	8	39375158	39386965	7	1.0586
FOXED_p_TCGA_b122_128_SNP_N_GenomeWideSNP_6_C01_781930	8	39388299	40182117	587	0.0265
FOXED_p_TCGA_b122_128_SNP_N_GenomeWideSNP_6_C01_781930	8	40183797	40184325	8	0.4835
FOXED_p_TCGA_b122_128_SNP_N_GenomeWideSNP_6_C01_781930	8	40184398	40188348	14	-0.0576
FOXED_p_TCGA_b122_128_SNP_N_GenomeWideSNP_6_C01_781930	8	40188411	40189511	12	0.3501
FOXED_p_TCGA_b122_128_SNP_N_GenomeWideSNP_6_C01_781930	8	40192910	40235887	34	-0.0432
FOXED_p_TCGA_b122_128_SNP_N_GenomeWideSNP_6_C01_781930	8	40237259	40237469	2	-1.3597
FOXED_p_TCGA_b122_128_SNP_N_GenomeWideSNP_6_C01_781930	8	40237630	41899617	1106	-0.0187
FOXED_p_TCGA_b122_128_SNP_N_GenomeWideSNP_6_C01_781930	8	41903547	51030772	2828	0.5792
FOXED_p_TCGA_b122_128_SNP_N_GenomeWideSNP_6_C01_781930	8	51032011	51032387	8	-1.8907
FOXED_p_TCGA_b122_128_SNP_N_GenomeWideSNP_6_C01_781930	8	51033423	58115275	4595	0.5913
FOXED_p_TCGA_b122_128_SNP_N_GenomeWideSNP_6_C01_781930	8	58116550	58130025	5	-0.6527
FOXED_p_TCGA_b122_128_SNP_N_GenomeWideSNP_6_C01_781930	8	58132798	59075190	689	0.5402
FOXED_p_TCGA_b122_128_SNP_N_GenomeWideSNP_6_C01_781930	8	59075434	59079033	2	-1.3866
FOXED_p_TCGA_b122_128_SNP_N_GenomeWideSNP_6_C01_781930	8	59079038	70206603	6817	0.3875
FOXED_p_TCGA_b122_128_SNP_N_GenomeWideSNP_6_C01_781930	8	70207597	70208317	7	0.0305
FOXED_p_TCGA_b122_128_SNP_N_GenomeWideSNP_6_C01_781930	8	70211572	70954354	506	0.5901
FOXED_p_TCGA_b122_128_SNP_N_GenomeWideSNP_6_C01_781930	8	70954676	70954834	4	-0.6503
FOXED_p_TCGA_b122_128_SNP_N_GenomeWideSNP_6_C01_781930	8	70961161	112291494	24849	0.6037
FOXED_p_TCGA_b122_128_SNP_N_GenomeWideSNP_6_C01_781930	8	112294279	112295260	10	1.398
FOXED_p_TCGA_b122_128_SNP_N_GenomeWideSNP_6_C01_781930	8	112300281	112788549	261	0.6014
FOXED_p_TCGA_b122_128_SNP_N_GenomeWideSNP_6_C01_781930	8	112792066	113717716	502	1.2405
FOXED_p_TCGA_b122_128_SNP_N_GenomeWideSNP_6_C01_781930	8	113732472	113842824	65	1.9255
FOXED_p_TCGA_b122_128_SNP_N_GenomeWideSNP_6_C01_781930	8	113845946	113872936	22	1.2992
FOXED_p_TCGA_b122_128_SNP_N_GenomeWideSNP_6_C01_781930	8	113876838	114039680	86	1.9541
FOXED_p_TCGA_b122_128_SNP_N_GenomeWideSNP_6_C01_781930	8	114039891	114044650	4	-0.5577
FOXED_p_TCGA_b122_128_SNP_N_GenomeWideSNP_6_C01_781930	8	114048396	114091732	21	1.9325
FOXED_p_TCGA_b122_128_SNP_N_GenomeWideSNP_6_C01_781930	8	114094169	114117608	12	1.2286
FOXED_p_TCGA_b122_128_SNP_N_GenomeWideSNP_6_C01_781930	8	114118888	120152010	4002	0.5942
FOXED_p_TCGA_b122_128_SNP_N_GenomeWideSNP_6_C01_781930	8	120154784	120159446	4	-0.6119
FOXED_p_TCGA_b122_128_SNP_N_GenomeWideSNP_6_C01_781930	8	120162854	126541659	4254	0.7911
FOXED_p_TCGA_b122_128_SNP_N_GenomeWideSNP_6_C01_781930	8	126543476	126543928	2	-1.0956
FOXED_p_TCGA_b122_128_SNP_N_GenomeWideSNP_6_C01_781930	8	126546197	137893470	8731	0.7864
FOXED_p_TCGA_b122_128_SNP_N_GenomeWideSNP_6_C01_781930	8	137894500	137894514	2	-0.7798
FOXED_p_TCGA_b122_128_SNP_N_GenomeWideSNP_6_C01_781930	8	137900733	141650616	2996	0.7518
FOXED_p_TCGA_b122_128_SNP_N_GenomeWideSNP_6_C01_781930	8	141656155	142001124	167	0.9819
FOXED_p_TCGA_b122_128_SNP_N_GenomeWideSNP_6_C01_781930	8	142001140	144304632	1177	0.7467
FOXED_p_TCGA_b122_128_SNP_N_GenomeWideSNP_6_C01_781930	8	144309755	144310617	10	-0.414
FOXED_p_TCGA_b122_128_SNP_N_GenomeWideSNP_6_C01_781930	8	144314377	146298155	634	0.798
FOXED_p_TCGA_b122_128_SNP_N_GenomeWideSNP_6_C01_781930	9	46587	11532517	10929	0.0278
FOXED_p_TCGA_b122_128_SNP_N_GenomeWideSNP_6_C01_781930	9	11535868	11538142	6	-1.1201
FOXED_p_TCGA_b122_128_SNP_N_GenomeWideSNP_6_C01_781930	9	11541719	16907149	4399	0.0542
FOXED_p_TCGA_b122_128_SNP_N_GenomeWideSNP_6_C01_781930	9	16909633	16911892	17	0.3249
FOXED_p_TCGA_b122_128_SNP_N_GenomeWideSNP_6_C01_781930	9	16912100	22492889	4531	0.0505
FOXED_p_TCGA_b122_128_SNP_N_GenomeWideSNP_6_C01_781930	9	22501913	22502699	2	-3.7263
FOXED_p_TCGA_b122_128_SNP_N_GenomeWideSNP_6_C01_781930	9	22509340	46347431	11714	0.0239
FOXED_p_TCGA_b122_128_SNP_N_GenomeWideSNP_6_C01_781930	9	46375542	46395059	9	-0.996
FOXED_p_TCGA_b122_128_SNP_N_GenomeWideSNP_6_C01_781930	9	46397841	79120919	6235	0.0417
FOXED_p_TCGA_b122_128_SNP_N_GenomeWideSNP_6_C01_781930	9	79122346	79125310	12	-1.0742
FOXED_p_TCGA_b122_128_SNP_N_GenomeWideSNP_6_C01_781930	9	79125327	96349019	12110	0.0068
FOXED_p_TCGA_b122_128_SNP_N_GenomeWideSNP_6_C01_781930	9	96351217	96355938	6	-0.8884
FOXED_p_TCGA_b122_128_SNP_N_GenomeWideSNP_6_C01_781930	9	96356579	97331983	546	0.0461
FOXED_p_TCGA_b122_128_SNP_N_GenomeWideSNP_6_C01_781930	9	97333275	97333987	3	-1.0156
FOXED_p_TCGA_b122_128_SNP_N_GenomeWideSNP_6_C01_781930	9	97334524	104781568	4973	0.0275
FOXED_p_TCGA_b122_128_SNP_N_GenomeWideSNP_6_C01_781930	9	104781700	104790769	10	-0.5508
FOXED_p_TCGA_b122_128_SNP_N_GenomeWideSNP_6_C01_781930	9	104790944	105810154	749	0.0303
FOXED_p_TCGA_b122_128_SNP_N_GenomeWideSNP_6_C01_781930	9	105812798	105846458	17	0.4406
FOXED_p_TCGA_b122_128_SNP_N_GenomeWideSNP_6_C01_781930	9	105846482	107360087	1125	0.0278
FOXED_p_TCGA_b122_128_SNP_N_GenomeWideSNP_6_C01_781930	9	107360140	107365230	28	0.3975
FOXED_p_TCGA_b122_128_SNP_N_GenomeWideSNP_6_C01_781930	9	107365895	137781941	21077	0.0237
FOXED_p_TCGA_b122_128_SNP_N_GenomeWideSNP_6_C01_781930	9	137782277	137784868	2	-1.594
FOXED_p_TCGA_b122_128_SNP_N_GenomeWideSNP_6_C01_781930	9	137786803	140252947	1006	-0.0481
FOXED_p_TCGA_b122_128_SNP_N_GenomeWideSNP_6_C01_781930	9	140255642	140255833	3	-1.23
FOXED_p_TCGA_b122_128_SNP_N_GenomeWideSNP_6_C01_781930	9	140273003	140969780	321	-0.0031
FOXED_p_TCGA_b122_128_SNP_N_GenomeWideSNP_6_C01_781930	9	140971315	140972791	6	-0.6548
FOXED_p_TCGA_b122_128_SNP_N_GenomeWideSNP_6_C01_781930	9	140973133	141091394	86	0.0263
FOXED_p_TCGA_b122_128_SNP_N_GenomeWideSNP_6_C01_781930	10	72759	1752021	1158	-0.0221
FOXED_p_TCGA_b122_128_SNP_N_GenomeWideSNP_6_C01_781930	10	1752912	1753561	2	-1.9387
FOXED_p_TCGA_b122_128_SNP_N_GenomeWideSNP_6_C01_781930	10	1756131	6654129	4517	0.0144
FOXED_p_TCGA_b122_128_SNP_N_GenomeWideSNP_6_C01_781930	10	6657775	6664507	25	-0.4691
FOXED_p_TCGA_b122_128_SNP_N_GenomeWideSNP_6_C01_781930	10	6664668	24377674	13537	0.0061
FOXED_p_TCGA_b122_128_SNP_N_GenomeWideSNP_6_C01_781930	10	24377675	24379039	14	-1.3511
FOXED_p_TCGA_b122_128_SNP_N_GenomeWideSNP_6_C01_781930	10	24380660	47771030	12686	0.0027
FOXED_p_TCGA_b122_128_SNP_N_GenomeWideSNP_6_C01_781930	10	47897394	47967311	8	-0.9158
FOXED_p_TCGA_b122_128_SNP_N_GenomeWideSNP_6_C01_781930	10	48005227	49731201	573	-0.0017
FOXED_p_TCGA_b122_128_SNP_N_GenomeWideSNP_6_C01_781930	10	49732975	49732988	2	-3.2628
FOXED_p_TCGA_b122_128_SNP_N_GenomeWideSNP_6_C01_781930	10	49733261	92462715	29217	0.0229
FOXED_p_TCGA_b122_128_SNP_N_GenomeWideSNP_6_C01_781930	10	92462824	92463291	2	-4.608
FOXED_p_TCGA_b122_128_SNP_N_GenomeWideSNP_6_C01_781930	10	92471580	95349009	1702	0.0314
FOXED_p_TCGA_b122_128_SNP_N_GenomeWideSNP_6_C01_781930	10	95350480	95350658	2	-1.4063
FOXED_p_TCGA_b122_128_SNP_N_GenomeWideSNP_6_C01_781930	10	95355239	128247728	22500	0.0279
FOXED_p_TCGA_b122_128_SNP_N_GenomeWideSNP_6_C01_781930	10	128248846	135506704	5130	0.2979
FOXED_p_TCGA_b122_128_SNP_N_GenomeWideSNP_6_C01_781930	11	198510	4970243	2480	-0.0168
FOXED_p_TCGA_b122_128_SNP_N_GenomeWideSNP_6_C01_781930	11	4970277	4976272	28	-1.6533
FOXED_p_TCGA_b122_128_SNP_N_GenomeWideSNP_6_C01_781930	11	4976334	5778523	789	-0.0059
FOXED_p_TCGA_b122_128_SNP_N_GenomeWideSNP_6_C01_781930	11	5782925	5799830	29	0.5042
FOXED_p_TCGA_b122_128_SNP_N_GenomeWideSNP_6_C01_781930	11	5802516	55376280	31357	0.0134
FOXED_p_TCGA_b122_128_SNP_N_GenomeWideSNP_6_C01_781930	11	55376498	55463154	56	0.4125
FOXED_p_TCGA_b122_128_SNP_N_GenomeWideSNP_6_C01_781930	11	55468524	101594384	28639	0.0134
FOXED_p_TCGA_b122_128_SNP_N_GenomeWideSNP_6_C01_781930	11	101597860	101597964	4	1.1528
FOXED_p_TCGA_b122_128_SNP_N_GenomeWideSNP_6_C01_781930	11	101598212	125074502	16183	0.0077
FOXED_p_TCGA_b122_128_SNP_N_GenomeWideSNP_6_C01_781930	11	125075288	125083704	31	-0.5506
FOXED_p_TCGA_b122_128_SNP_N_GenomeWideSNP_6_C01_781930	11	125088270	126942485	1379	-0.0067
FOXED_p_TCGA_b122_128_SNP_N_GenomeWideSNP_6_C01_781930	11	126944437	126944508	2	-1.8347
FOXED_p_TCGA_b122_128_SNP_N_GenomeWideSNP_6_C01_781930	11	126944777	134944770	6165	-0.0342
FOXED_p_TCGA_b122_128_SNP_N_GenomeWideSNP_6_C01_781930	12	150442	8559516	5625	0.352
FOXED_p_TCGA_b122_128_SNP_N_GenomeWideSNP_6_C01_781930	12	8559665	8584672	15	-0.2934
FOXED_p_TCGA_b122_128_SNP_N_GenomeWideSNP_6_C01_781930	12	8594894	9436144	476	0.299
FOXED_p_TCGA_b122_128_SNP_N_GenomeWideSNP_6_C01_781930	12	9436635	9456821	4	-0.6874
FOXED_p_TCGA_b122_128_SNP_N_GenomeWideSNP_6_C01_781930	12	9460534	9630556	84	0.1939
FOXED_p_TCGA_b122_128_SNP_N_GenomeWideSNP_6_C01_781930	12	9633870	9728292	25	1.5504
FOXED_p_TCGA_b122_128_SNP_N_GenomeWideSNP_6_C01_781930	12	9734969	11220827	1046	0.3462
FOXED_p_TCGA_b122_128_SNP_N_GenomeWideSNP_6_C01_781930	12	11222368	11241532	10	-1.2052
FOXED_p_TCGA_b122_128_SNP_N_GenomeWideSNP_6_C01_781930	12	11251874	11512492	135	0.4195
FOXED_p_TCGA_b122_128_SNP_N_GenomeWideSNP_6_C01_781930	12	11512531	11543406	29	0.9626
FOXED_p_TCGA_b122_128_SNP_N_GenomeWideSNP_6_C01_781930	12	11552192	30393801	13346	0.3783
FOXED_p_TCGA_b122_128_SNP_N_GenomeWideSNP_6_C01_781930	12	30396544	30396586	2	-1.3891
FOXED_p_TCGA_b122_128_SNP_N_GenomeWideSNP_6_C01_781930	12	30397029	33294545	2080	0.3717
FOXED_p_TCGA_b122_128_SNP_N_GenomeWideSNP_6_C01_781930	12	33294587	33343593	64	0.7039
FOXED_p_TCGA_b122_128_SNP_N_GenomeWideSNP_6_C01_781930	12	33350944	34683348	730	0.3959
FOXED_p_TCGA_b122_128_SNP_N_GenomeWideSNP_6_C01_781930	12	34697246	34697403	4	-0.6571
FOXED_p_TCGA_b122_128_SNP_N_GenomeWideSNP_6_C01_781930	12	34697492	38207042	127	0.1597
FOXED_p_TCGA_b122_128_SNP_N_GenomeWideSNP_6_C01_781930	12	38219293	38219777	3	-2.296
FOXED_p_TCGA_b122_128_SNP_N_GenomeWideSNP_6_C01_781930	12	38268840	53459881	9142	0.0311
FOXED_p_TCGA_b122_128_SNP_N_GenomeWideSNP_6_C01_781930	12	53462596	53463050	2	-1.4274
FOXED_p_TCGA_b122_128_SNP_N_GenomeWideSNP_6_C01_781930	12	53463351	56478336	1623	0.0399
FOXED_p_TCGA_b122_128_SNP_N_GenomeWideSNP_6_C01_781930	12	56478356	56481119	6	0.6428
FOXED_p_TCGA_b122_128_SNP_N_GenomeWideSNP_6_C01_781930	12	56481201	56880672	237	-0.0081
FOXED_p_TCGA_b122_128_SNP_N_GenomeWideSNP_6_C01_781930	12	56881352	56885825	2	-1.5495
FOXED_p_TCGA_b122_128_SNP_N_GenomeWideSNP_6_C01_781930	12	56886395	70871858	8920	0.0241
FOXED_p_TCGA_b122_128_SNP_N_GenomeWideSNP_6_C01_781930	12	70872675	70878027	9	-0.719
FOXED_p_TCGA_b122_128_SNP_N_GenomeWideSNP_6_C01_781930	12	70879385	78395973	4849	0.0419
FOXED_p_TCGA_b122_128_SNP_N_GenomeWideSNP_6_C01_781930	12	78396276	79394993	666	-0.4408
FOXED_p_TCGA_b122_128_SNP_N_GenomeWideSNP_6_C01_781930	12	79398101	133778189	35826	0.0113
FOXED_p_TCGA_b122_128_SNP_N_GenomeWideSNP_6_C01_781930	13	19026949	57751096	26142	0.9831
FOXED_p_TCGA_b122_128_SNP_N_GenomeWideSNP_6_C01_781930	13	57758270	57778368	33	0.2382
FOXED_p_TCGA_b122_128_SNP_N_GenomeWideSNP_6_C01_781930	13	57778380	64118270	3743	0.9752
FOXED_p_TCGA_b122_128_SNP_N_GenomeWideSNP_6_C01_781930	13	64119147	64143849	13	0.561
FOXED_p_TCGA_b122_128_SNP_N_GenomeWideSNP_6_C01_781930	13	64152807	66157389	1157	1.0106
FOXED_p_TCGA_b122_128_SNP_N_GenomeWideSNP_6_C01_781930	13	66160911	66165179	4	0.1287
FOXED_p_TCGA_b122_128_SNP_N_GenomeWideSNP_6_C01_781930	13	66165192	67006181	578	0.9573
FOXED_p_TCGA_b122_128_SNP_N_GenomeWideSNP_6_C01_781930	13	67006349	67012476	6	1.7008
FOXED_p_TCGA_b122_128_SNP_N_GenomeWideSNP_6_C01_781930	13	67014426	69249481	1412	0.9863
FOXED_p_TCGA_b122_128_SNP_N_GenomeWideSNP_6_C01_781930	13	69250779	69259015	10	0.0646
FOXED_p_TCGA_b122_128_SNP_N_GenomeWideSNP_6_C01_781930	13	69259214	98175247	18817	0.9226
FOXED_p_TCGA_b122_128_SNP_N_GenomeWideSNP_6_C01_781930	13	98177451	98177512	6	0.1025
FOXED_p_TCGA_b122_128_SNP_N_GenomeWideSNP_6_C01_781930	13	98177517	100384103	1539	0.8334
FOXED_p_TCGA_b122_128_SNP_N_GenomeWideSNP_6_C01_781930	13	100384766	100389732	4	-0.1328
FOXED_p_TCGA_b122_128_SNP_N_GenomeWideSNP_6_C01_781930	13	100389873	115108397	10895	0.821
FOXED_p_TCGA_b122_128_SNP_N_GenomeWideSNP_6_C01_781930	14	19002124	20501335	244	0.026
FOXED_p_TCGA_b122_128_SNP_N_GenomeWideSNP_6_C01_781930	14	20501350	22393148	1298	-0.3899
FOXED_p_TCGA_b122_128_SNP_N_GenomeWideSNP_6_C01_781930	14	22393359	22393724	6	-1.3386
FOXED_p_TCGA_b122_128_SNP_N_GenomeWideSNP_6_C01_781930	14	22393993	33827483	7252	-0.4002
FOXED_p_TCGA_b122_128_SNP_N_GenomeWideSNP_6_C01_781930	14	33827632	33829068	3	-2.2207
FOXED_p_TCGA_b122_128_SNP_N_GenomeWideSNP_6_C01_781930	14	33830186	41608358	5003	-0.3975
FOXED_p_TCGA_b122_128_SNP_N_GenomeWideSNP_6_C01_781930	14	41610496	41657349	13	-1.782
FOXED_p_TCGA_b122_128_SNP_N_GenomeWideSNP_6_C01_781930	14	41670102	106054897	41053	-0.437
FOXED_p_TCGA_b122_128_SNP_N_GenomeWideSNP_6_C01_781930	14	106078690	106123239	11	-1.7215
FOXED_p_TCGA_b122_128_SNP_N_GenomeWideSNP_6_C01_781930	14	106125398	106223600	13	-0.5878
FOXED_p_TCGA_b122_128_SNP_N_GenomeWideSNP_6_C01_781930	14	106223860	106547314	129	-0.37
FOXED_p_TCGA_b122_128_SNP_N_GenomeWideSNP_6_C01_781930	14	106547507	106561441	9	-3.0663
FOXED_p_TCGA_b122_128_SNP_N_GenomeWideSNP_6_C01_781930	14	106567100	106715489	67	-0.3275
FOXED_p_TCGA_b122_128_SNP_N_GenomeWideSNP_6_C01_781930	14	106717356	106722756	5	-1.2303
FOXED_p_TCGA_b122_128_SNP_N_GenomeWideSNP_6_C01_781930	14	106723354	106783044	31	-0.3146
FOXED_p_TCGA_b122_128_SNP_N_GenomeWideSNP_6_C01_781930	14	106796025	106802053	7	-2.0645
FOXED_p_TCGA_b122_128_SNP_N_GenomeWideSNP_6_C01_781930	14	106815943	106918649	85	-0.1308
FOXED_p_TCGA_b122_128_SNP_N_GenomeWideSNP_6_C01_781930	14	106922531	107285437	222	-0.4581
FOXED_p_TCGA_b122_128_SNP_N_GenomeWideSNP_6_C01_781930	15	20016328	20203961	47	-0.1775
FOXED_p_TCGA_b122_128_SNP_N_GenomeWideSNP_6_C01_781930	15	20206939	20578421	51	0.2524
FOXED_p_TCGA_b122_128_SNP_N_GenomeWideSNP_6_C01_781930	15	20581451	20581455	5	-0.9724
FOXED_p_TCGA_b122_128_SNP_N_GenomeWideSNP_6_C01_781930	15	20581562	22042753	203	0.4616
FOXED_p_TCGA_b122_128_SNP_N_GenomeWideSNP_6_C01_781930	15	22263557	22321229	16	0.2251
FOXED_p_TCGA_b122_128_SNP_N_GenomeWideSNP_6_C01_781930	15	22329026	22350997	7	-0.4458
FOXED_p_TCGA_b122_128_SNP_N_GenomeWideSNP_6_C01_781930	15	22351118	22421411	28	0.1349
FOXED_p_TCGA_b122_128_SNP_N_GenomeWideSNP_6_C01_781930	15	22422348	23253980	370	-0.3413
FOXED_p_TCGA_b122_128_SNP_N_GenomeWideSNP_6_C01_781930	15	23266351	23300773	7	-1.2282
FOXED_p_TCGA_b122_128_SNP_N_GenomeWideSNP_6_C01_781930	15	23389113	29411991	3699	-0.4956
FOXED_p_TCGA_b122_128_SNP_N_GenomeWideSNP_6_C01_781930	15	29412047	29424755	6	-1.6956
FOXED_p_TCGA_b122_128_SNP_N_GenomeWideSNP_6_C01_781930	15	29425240	34719811	3363	-0.4349
FOXED_p_TCGA_b122_128_SNP_N_GenomeWideSNP_6_C01_781930	15	34719935	34818317	67	-2.2423
FOXED_p_TCGA_b122_128_SNP_N_GenomeWideSNP_6_C01_781930	15	34830253	48111460	8099	-0.422
FOXED_p_TCGA_b122_128_SNP_N_GenomeWideSNP_6_C01_781930	15	48113302	48113580	2	-2.5885
FOXED_p_TCGA_b122_128_SNP_N_GenomeWideSNP_6_C01_781930	15	48113943	69609496	14227	-0.4353
FOXED_p_TCGA_b122_128_SNP_N_GenomeWideSNP_6_C01_781930	15	69618161	69618179	2	-2.4969
FOXED_p_TCGA_b122_128_SNP_N_GenomeWideSNP_6_C01_781930	15	69619692	76891241	4092	-0.4455
FOXED_p_TCGA_b122_128_SNP_N_GenomeWideSNP_6_C01_781930	15	76891511	76895344	14	-1.5163
FOXED_p_TCGA_b122_128_SNP_N_GenomeWideSNP_6_C01_781930	15	76895767	101925767	17248	-0.4541
FOXED_p_TCGA_b122_128_SNP_N_GenomeWideSNP_6_C01_781930	15	101926752	101927073	2	-4.4578
FOXED_p_TCGA_b122_128_SNP_N_GenomeWideSNP_6_C01_781930	15	101927877	102469040	377	-0.4594
FOXED_p_TCGA_b122_128_SNP_N_GenomeWideSNP_6_C01_781930	16	60777	29347129	19171	-0.0029
FOXED_p_TCGA_b122_128_SNP_N_GenomeWideSNP_6_C01_781930	16	29351778	34459601	1366	0.3067
FOXED_p_TCGA_b122_128_SNP_N_GenomeWideSNP_6_C01_781930	16	34459709	34757071	170	0.7689
FOXED_p_TCGA_b122_128_SNP_N_GenomeWideSNP_6_C01_781930	16	34760967	55796594	6614	0.3502
FOXED_p_TCGA_b122_128_SNP_N_GenomeWideSNP_6_C01_781930	16	55798222	55798779	3	2.8844
FOXED_p_TCGA_b122_128_SNP_N_GenomeWideSNP_6_C01_781930	16	55804348	90287535	25111	0.3317
FOXED_p_TCGA_b122_128_SNP_N_GenomeWideSNP_6_C01_781930	17	526	18317181	11400	-0.4818
FOXED_p_TCGA_b122_128_SNP_N_GenomeWideSNP_6_C01_781930	17	18317193	18532410	43	0.1212
FOXED_p_TCGA_b122_128_SNP_N_GenomeWideSNP_6_C01_781930	17	18533676	22235650	1534	-0.4319
FOXED_p_TCGA_b122_128_SNP_N_GenomeWideSNP_6_C01_781930	17	25270411	39423103	7952	0.0071
FOXED_p_TCGA_b122_128_SNP_N_GenomeWideSNP_6_C01_781930	17	39423153	39430186	16	-0.5881
FOXED_p_TCGA_b122_128_SNP_N_GenomeWideSNP_6_C01_781930	17	39430450	39443549	22	0.2873
FOXED_p_TCGA_b122_128_SNP_N_GenomeWideSNP_6_C01_781930	17	39444029	43586097	2141	0.0107
FOXED_p_TCGA_b122_128_SNP_N_GenomeWideSNP_6_C01_781930	17	43586409	43655090	5	-0.9582
FOXED_p_TCGA_b122_128_SNP_N_GenomeWideSNP_6_C01_781930	17	43656380	44195725	366	-0.0097
FOXED_p_TCGA_b122_128_SNP_N_GenomeWideSNP_6_C01_781930	17	44197603	44364170	103	0.2017
FOXED_p_TCGA_b122_128_SNP_N_GenomeWideSNP_6_C01_781930	17	44394412	44505241	13	0.5032
FOXED_p_TCGA_b122_128_SNP_N_GenomeWideSNP_6_C01_781930	17	44523711	44546329	3	1.6675
FOXED_p_TCGA_b122_128_SNP_N_GenomeWideSNP_6_C01_781930	17	44546461	44791287	42	0.5424
FOXED_p_TCGA_b122_128_SNP_N_GenomeWideSNP_6_C01_781930	17	44794584	81049726	21607	0.0098
FOXED_p_TCGA_b122_128_SNP_N_GenomeWideSNP_6_C01_781930	18	11543	4453640	3231	-0.4176
FOXED_p_TCGA_b122_128_SNP_N_GenomeWideSNP_6_C01_781930	18	4454150	4498302	27	-1.382
FOXED_p_TCGA_b122_128_SNP_N_GenomeWideSNP_6_C01_781930	18	4498842	15081797	7080	-0.4767
FOXED_p_TCGA_b122_128_SNP_N_GenomeWideSNP_6_C01_781930	18	15082667	15401763	67	-0.1139
FOXED_p_TCGA_b122_128_SNP_N_GenomeWideSNP_6_C01_781930	18	15402408	22825586	2492	-0.4105
FOXED_p_TCGA_b122_128_SNP_N_GenomeWideSNP_6_C01_781930	18	22833628	22919796	47	-1.0964
FOXED_p_TCGA_b122_128_SNP_N_GenomeWideSNP_6_C01_781930	18	22924196	23704005	501	-0.4628
FOXED_p_TCGA_b122_128_SNP_N_GenomeWideSNP_6_C01_781930	18	23706708	23874217	74	-1.0457
FOXED_p_TCGA_b122_128_SNP_N_GenomeWideSNP_6_C01_781930	18	23874824	23877175	2	-3.5504
FOXED_p_TCGA_b122_128_SNP_N_GenomeWideSNP_6_C01_781930	18	23877268	24349178	316	-1.1597
FOXED_p_TCGA_b122_128_SNP_N_GenomeWideSNP_6_C01_781930	18	24353681	26159336	1165	-0.4504
FOXED_p_TCGA_b122_128_SNP_N_GenomeWideSNP_6_C01_781930	18	26162148	26173845	25	-0.995
FOXED_p_TCGA_b122_128_SNP_N_GenomeWideSNP_6_C01_781930	18	26181793	26450439	182	-0.4156
FOXED_p_TCGA_b122_128_SNP_N_GenomeWideSNP_6_C01_781930	18	26453011	71544747	30472	-1.1172
FOXED_p_TCGA_b122_128_SNP_N_GenomeWideSNP_6_C01_781930	18	71545228	71545304	2	-7.3514
FOXED_p_TCGA_b122_128_SNP_N_GenomeWideSNP_6_C01_781930	18	71546218	71854958	234	-1.358
FOXED_p_TCGA_b122_128_SNP_N_GenomeWideSNP_6_C01_781930	18	71855193	72041581	155	-0.4173
FOXED_p_TCGA_b122_128_SNP_N_GenomeWideSNP_6_C01_781930	18	72041872	72344238	222	-1.2755
FOXED_p_TCGA_b122_128_SNP_N_GenomeWideSNP_6_C01_781930	18	72345890	73323599	692	-0.4767
FOXED_p_TCGA_b122_128_SNP_N_GenomeWideSNP_6_C01_781930	18	73323816	73378329	62	-0.0152
FOXED_p_TCGA_b122_128_SNP_N_GenomeWideSNP_6_C01_781930	18	73378887	73755816	351	-0.4427
FOXED_p_TCGA_b122_128_SNP_N_GenomeWideSNP_6_C01_781930	18	73756507	73897829	142	-1.2032
FOXED_p_TCGA_b122_128_SNP_N_GenomeWideSNP_6_C01_781930	18	73898489	74310860	283	-0.5205
FOXED_p_TCGA_b122_128_SNP_N_GenomeWideSNP_6_C01_781930	18	74314420	74468998	100	-1.3501
FOXED_p_TCGA_b122_128_SNP_N_GenomeWideSNP_6_C01_781930	18	74469139	74469493	2	-7.2696
FOXED_p_TCGA_b122_128_SNP_N_GenomeWideSNP_6_C01_781930	18	74471031	74785502	219	-1.2875
FOXED_p_TCGA_b122_128_SNP_N_GenomeWideSNP_6_C01_781930	18	74785710	74791074	5	-4.8364
FOXED_p_TCGA_b122_128_SNP_N_GenomeWideSNP_6_C01_781930	18	74791852	74841184	40	-1.2886
FOXED_p_TCGA_b122_128_SNP_N_GenomeWideSNP_6_C01_781930	18	74845353	74871617	20	-3.0397
FOXED_p_TCGA_b122_128_SNP_N_GenomeWideSNP_6_C01_781930	18	74872606	76165831	983	-1.245
FOXED_p_TCGA_b122_128_SNP_N_GenomeWideSNP_6_C01_781930	18	76168275	76168940	4	-5.1251
FOXED_p_TCGA_b122_128_SNP_N_GenomeWideSNP_6_C01_781930	18	76170411	76420907	164	-1.1538
FOXED_p_TCGA_b122_128_SNP_N_GenomeWideSNP_6_C01_781930	18	76421248	76421580	4	-4.383
FOXED_p_TCGA_b122_128_SNP_N_GenomeWideSNP_6_C01_781930	18	76426055	76951493	324	-1.1709
FOXED_p_TCGA_b122_128_SNP_N_GenomeWideSNP_6_C01_781930	18	76951623	77111383	86	-0.6789
FOXED_p_TCGA_b122_128_SNP_N_GenomeWideSNP_6_C01_781930	18	77111540	77875958	334	-1.2117
FOXED_p_TCGA_b122_128_SNP_N_GenomeWideSNP_6_C01_781930	18	77876701	78015057	86	-0.4778
FOXED_p_TCGA_b122_128_SNP_N_GenomeWideSNP_6_C01_781930	19	90910	20598770	8984	-0.0125
FOXED_p_TCGA_b122_128_SNP_N_GenomeWideSNP_6_C01_781930	19	20603330	20721234	67	-1.0583
FOXED_p_TCGA_b122_128_SNP_N_GenomeWideSNP_6_C01_781930	19	20721462	21153058	241	0.073
FOXED_p_TCGA_b122_128_SNP_N_GenomeWideSNP_6_C01_781930	19	21153079	21153474	2	-1.8551
FOXED_p_TCGA_b122_128_SNP_N_GenomeWideSNP_6_C01_781930	19	21154168	38410042	8795	-0.0285
FOXED_p_TCGA_b122_128_SNP_N_GenomeWideSNP_6_C01_781930	19	38415814	38418205	3	-1.441
FOXED_p_TCGA_b122_128_SNP_N_GenomeWideSNP_6_C01_781930	19	38421176	43542831	2596	-0.0044
FOXED_p_TCGA_b122_128_SNP_N_GenomeWideSNP_6_C01_781930	19	43549014	43846394	136	-0.4052
FOXED_p_TCGA_b122_128_SNP_N_GenomeWideSNP_6_C01_781930	19	43852601	56282369	6669	-0.0031
FOXED_p_TCGA_b122_128_SNP_N_GenomeWideSNP_6_C01_781930	19	56282535	56283067	3	-3.5324
FOXED_p_TCGA_b122_128_SNP_N_GenomeWideSNP_6_C01_781930	19	56286293	59097854	1850	-0.0521
FOXED_p_TCGA_b122_128_SNP_N_GenomeWideSNP_6_C01_781930	20	61305	1560562	1202	0.5653
FOXED_p_TCGA_b122_128_SNP_N_GenomeWideSNP_6_C01_781930	20	1560787	1582207	41	-0.2607
FOXED_p_TCGA_b122_128_SNP_N_GenomeWideSNP_6_C01_781930	20	1590257	18204790	13035	0.5928
FOXED_p_TCGA_b122_128_SNP_N_GenomeWideSNP_6_C01_781930	20	18204973	18205031	2	-1.1525
FOXED_p_TCGA_b122_128_SNP_N_GenomeWideSNP_6_C01_781930	20	18212179	22186593	2936	0.5833
FOXED_p_TCGA_b122_128_SNP_N_GenomeWideSNP_6_C01_781930	20	22186604	22186623	2	-1.0675
FOXED_p_TCGA_b122_128_SNP_N_GenomeWideSNP_6_C01_781930	20	22187693	37690862	7028	0.682
FOXED_p_TCGA_b122_128_SNP_N_GenomeWideSNP_6_C01_781930	20	37695645	37696409	2	-2.1213
FOXED_p_TCGA_b122_128_SNP_N_GenomeWideSNP_6_C01_781930	20	37696520	40359519	1825	0.7758
FOXED_p_TCGA_b122_128_SNP_N_GenomeWideSNP_6_C01_781930	20	40360023	40360027	5	-0.1464
FOXED_p_TCGA_b122_128_SNP_N_GenomeWideSNP_6_C01_781930	20	40360784	41263421	835	0.7709
FOXED_p_TCGA_b122_128_SNP_N_GenomeWideSNP_6_C01_781930	20	41265308	41268091	5	0.0241
FOXED_p_TCGA_b122_128_SNP_N_GenomeWideSNP_6_C01_781930	20	41268123	44201884	2059	0.7865
FOXED_p_TCGA_b122_128_SNP_N_GenomeWideSNP_6_C01_781930	20	44204543	44204771	2	-0.5254
FOXED_p_TCGA_b122_128_SNP_N_GenomeWideSNP_6_C01_781930	20	44209518	52644868	6041	0.7896
FOXED_p_TCGA_b122_128_SNP_N_GenomeWideSNP_6_C01_781930	20	52647808	52658651	38	-0.2508
FOXED_p_TCGA_b122_128_SNP_N_GenomeWideSNP_6_C01_781930	20	52662574	62956153	7466	0.7683
FOXED_p_TCGA_b122_128_SNP_N_GenomeWideSNP_6_C01_781930	21	10736871	11173376	110	-0.0976
FOXED_p_TCGA_b122_128_SNP_N_GenomeWideSNP_6_C01_781930	21	11173694	14425889	16	0.602
FOXED_p_TCGA_b122_128_SNP_N_GenomeWideSNP_6_C01_781930	21	14428996	14681119	93	0.0703
FOXED_p_TCGA_b122_128_SNP_N_GenomeWideSNP_6_C01_781930	21	14681134	14693109	13	-0.4993
FOXED_p_TCGA_b122_128_SNP_N_GenomeWideSNP_6_C01_781930	21	14693134	48096957	24176	0.0131
FOXED_p_TCGA_b122_128_SNP_N_GenomeWideSNP_6_C01_781930	22	16052528	20950564	2307	-0.0061
FOXED_p_TCGA_b122_128_SNP_N_GenomeWideSNP_6_C01_781930	22	20952909	20956163	3	-2.0737
FOXED_p_TCGA_b122_128_SNP_N_GenomeWideSNP_6_C01_781930	22	20958301	21542615	541	-0.0442
FOXED_p_TCGA_b122_128_SNP_N_GenomeWideSNP_6_C01_781930	22	21567231	21708030	7	-2.3098
FOXED_p_TCGA_b122_128_SNP_N_GenomeWideSNP_6_C01_781930	22	21708108	39290920	12603	-0.0101
FOXED_p_TCGA_b122_128_SNP_N_GenomeWideSNP_6_C01_781930	22	39295255	39296904	3	-2.8956
FOXED_p_TCGA_b122_128_SNP_N_GenomeWideSNP_6_C01_781930	22	39299114	39394473	68	0.3299
FOXED_p_TCGA_b122_128_SNP_N_GenomeWideSNP_6_C01_781930	22	39395282	51234455	8016	-0.0392
FOXED_p_TCGA_b122_128_SNP_N_GenomeWideSNP_6_C01_781930	X	168477	155182354	84489	0.0021
FOXED_p_TCGA_b122_128_SNP_N_GenomeWideSNP_6_C01_781930	Y	2650438	59018259	8635	-0.5425
