Sample	Chromosome	Start	End	Num_Probes	Segment_Mean
FOXED_p_TCGA_b122_128_SNP_N_GenomeWideSNP_6_D04_781908	1	61735	625470	34	0.3065
FOXED_p_TCGA_b122_128_SNP_N_GenomeWideSNP_6_D04_781908	1	707099	25583341	14054	-0.5318
FOXED_p_TCGA_b122_128_SNP_N_GenomeWideSNP_6_D04_781908	1	25593128	25646689	25	-1.8643
FOXED_p_TCGA_b122_128_SNP_N_GenomeWideSNP_6_D04_781908	1	25646744	25646986	3	-1.1051
FOXED_p_TCGA_b122_128_SNP_N_GenomeWideSNP_6_D04_781908	1	25661501	30726875	2381	-0.5038
FOXED_p_TCGA_b122_128_SNP_N_GenomeWideSNP_6_D04_781908	1	30731522	30738534	10	-1.5591
FOXED_p_TCGA_b122_128_SNP_N_GenomeWideSNP_6_D04_781908	1	30739299	30739796	3	-6.2063
FOXED_p_TCGA_b122_128_SNP_N_GenomeWideSNP_6_D04_781908	1	30741496	46398959	8820	-0.5139
FOXED_p_TCGA_b122_128_SNP_N_GenomeWideSNP_6_D04_781908	1	46400821	46427878	24	-0.0233
FOXED_p_TCGA_b122_128_SNP_N_GenomeWideSNP_6_D04_781908	1	46437763	49157928	1665	-0.4427
FOXED_p_TCGA_b122_128_SNP_N_GenomeWideSNP_6_D04_781908	1	49158535	49162396	4	-1.3953
FOXED_p_TCGA_b122_128_SNP_N_GenomeWideSNP_6_D04_781908	1	49164608	50816576	837	-0.4684
FOXED_p_TCGA_b122_128_SNP_N_GenomeWideSNP_6_D04_781908	1	50817553	50817701	2	-2.4806
FOXED_p_TCGA_b122_128_SNP_N_GenomeWideSNP_6_D04_781908	1	50818087	51259041	195	-0.4542
FOXED_p_TCGA_b122_128_SNP_N_GenomeWideSNP_6_D04_781908	1	51261588	51391824	56	-0.1976
FOXED_p_TCGA_b122_128_SNP_N_GenomeWideSNP_6_D04_781908	1	51392061	62114006	7399	-0.4759
FOXED_p_TCGA_b122_128_SNP_N_GenomeWideSNP_6_D04_781908	1	62114181	62118187	3	-2.9392
FOXED_p_TCGA_b122_128_SNP_N_GenomeWideSNP_6_D04_781908	1	62119809	72768916	7370	-0.4206
FOXED_p_TCGA_b122_128_SNP_N_GenomeWideSNP_6_D04_781908	1	72768936	72811904	46	-1.4978
FOXED_p_TCGA_b122_128_SNP_N_GenomeWideSNP_6_D04_781908	1	72812440	106013376	20998	-0.4409
FOXED_p_TCGA_b122_128_SNP_N_GenomeWideSNP_6_D04_781908	1	106019205	106024070	19	0.332
FOXED_p_TCGA_b122_128_SNP_N_GenomeWideSNP_6_D04_781908	1	106024090	110227515	2667	-0.4323
FOXED_p_TCGA_b122_128_SNP_N_GenomeWideSNP_6_D04_781908	1	110232974	110242953	18	-1.0597
FOXED_p_TCGA_b122_128_SNP_N_GenomeWideSNP_6_D04_781908	1	110244998	110250235	7	0.3301
FOXED_p_TCGA_b122_128_SNP_N_GenomeWideSNP_6_D04_781908	1	110250236	111348029	808	-0.4811
FOXED_p_TCGA_b122_128_SNP_N_GenomeWideSNP_6_D04_781908	1	111353290	111393297	64	-0.1395
FOXED_p_TCGA_b122_128_SNP_N_GenomeWideSNP_6_D04_781908	1	111393396	111909556	432	-0.4596
FOXED_p_TCGA_b122_128_SNP_N_GenomeWideSNP_6_D04_781908	1	111913523	111914431	2	-2.6994
FOXED_p_TCGA_b122_128_SNP_N_GenomeWideSNP_6_D04_781908	1	111920625	112690326	638	-0.4993
FOXED_p_TCGA_b122_128_SNP_N_GenomeWideSNP_6_D04_781908	1	112695965	112697390	25	-1.2625
FOXED_p_TCGA_b122_128_SNP_N_GenomeWideSNP_6_D04_781908	1	112705956	119647946	4378	-0.4516
FOXED_p_TCGA_b122_128_SNP_N_GenomeWideSNP_6_D04_781908	1	119657824	152551325	3646	0.3187
FOXED_p_TCGA_b122_128_SNP_N_GenomeWideSNP_6_D04_781908	1	152551464	152586117	39	0.7022
FOXED_p_TCGA_b122_128_SNP_N_GenomeWideSNP_6_D04_781908	1	152586238	153718220	856	0.3184
FOXED_p_TCGA_b122_128_SNP_N_GenomeWideSNP_6_D04_781908	1	153718472	153718746	2	-0.837
FOXED_p_TCGA_b122_128_SNP_N_GenomeWideSNP_6_D04_781908	1	153725210	159927798	3694	0.3054
FOXED_p_TCGA_b122_128_SNP_N_GenomeWideSNP_6_D04_781908	1	159928059	159928711	2	-0.9217
FOXED_p_TCGA_b122_128_SNP_N_GenomeWideSNP_6_D04_781908	1	159931139	189547638	20404	0.3104
FOXED_p_TCGA_b122_128_SNP_N_GenomeWideSNP_6_D04_781908	1	189549597	189552871	6	-1.1648
FOXED_p_TCGA_b122_128_SNP_N_GenomeWideSNP_6_D04_781908	1	189554067	196698272	4804	0.3211
FOXED_p_TCGA_b122_128_SNP_N_GenomeWideSNP_6_D04_781908	1	196698299	196884185	170	0.5595
FOXED_p_TCGA_b122_128_SNP_N_GenomeWideSNP_6_D04_781908	1	196885685	210071062	8767	0.313
FOXED_p_TCGA_b122_128_SNP_N_GenomeWideSNP_6_D04_781908	1	210081613	210082065	2	-1.5178
FOXED_p_TCGA_b122_128_SNP_N_GenomeWideSNP_6_D04_781908	1	210083984	220933100	7556	0.3132
FOXED_p_TCGA_b122_128_SNP_N_GenomeWideSNP_6_D04_781908	1	220936372	220953310	17	-0.205
FOXED_p_TCGA_b122_128_SNP_N_GenomeWideSNP_6_D04_781908	1	220953777	229811169	5496	0.2893
FOXED_p_TCGA_b122_128_SNP_N_GenomeWideSNP_6_D04_781908	1	229816856	229820196	3	-3.4491
FOXED_p_TCGA_b122_128_SNP_N_GenomeWideSNP_6_D04_781908	1	229820456	229821211	6	-0.3673
FOXED_p_TCGA_b122_128_SNP_N_GenomeWideSNP_6_D04_781908	1	229821753	231780909	1405	0.2963
FOXED_p_TCGA_b122_128_SNP_N_GenomeWideSNP_6_D04_781908	1	231782203	231806495	13	0.6792
FOXED_p_TCGA_b122_128_SNP_N_GenomeWideSNP_6_D04_781908	1	231806852	234908287	2620	0.3168
FOXED_p_TCGA_b122_128_SNP_N_GenomeWideSNP_6_D04_781908	1	234912288	234915914	3	-0.642
FOXED_p_TCGA_b122_128_SNP_N_GenomeWideSNP_6_D04_781908	1	234930171	240192359	3902	0.3093
FOXED_p_TCGA_b122_128_SNP_N_GenomeWideSNP_6_D04_781908	1	240197007	240200578	4	0.9135
FOXED_p_TCGA_b122_128_SNP_N_GenomeWideSNP_6_D04_781908	1	240204140	240391247	176	0.2944
FOXED_p_TCGA_b122_128_SNP_N_GenomeWideSNP_6_D04_781908	1	240391740	240394139	7	0.9493
FOXED_p_TCGA_b122_128_SNP_N_GenomeWideSNP_6_D04_781908	1	240396105	248687815	5742	0.2981
FOXED_p_TCGA_b122_128_SNP_N_GenomeWideSNP_6_D04_781908	1	248687845	248789692	39	0.7134
FOXED_p_TCGA_b122_128_SNP_N_GenomeWideSNP_6_D04_781908	1	248789873	249224388	153	0.3285
FOXED_p_TCGA_b122_128_SNP_N_GenomeWideSNP_6_D04_781908	2	12784	6639493	5042	-0.0341
FOXED_p_TCGA_b122_128_SNP_N_GenomeWideSNP_6_D04_781908	2	6641549	7270322	557	-1.2933
FOXED_p_TCGA_b122_128_SNP_N_GenomeWideSNP_6_D04_781908	2	7272711	34691069	18501	-0.0018
FOXED_p_TCGA_b122_128_SNP_N_GenomeWideSNP_6_D04_781908	2	34699315	34737057	46	0.6802
FOXED_p_TCGA_b122_128_SNP_N_GenomeWideSNP_6_D04_781908	2	34737163	41238235	4832	0.0177
FOXED_p_TCGA_b122_128_SNP_N_GenomeWideSNP_6_D04_781908	2	41238443	41243339	19	-0.7353
FOXED_p_TCGA_b122_128_SNP_N_GenomeWideSNP_6_D04_781908	2	41243427	48850005	5402	0.0119
FOXED_p_TCGA_b122_128_SNP_N_GenomeWideSNP_6_D04_781908	2	48851152	48855934	3	-1.1379
FOXED_p_TCGA_b122_128_SNP_N_GenomeWideSNP_6_D04_781908	2	48861904	52596977	2672	-7e-04
FOXED_p_TCGA_b122_128_SNP_N_GenomeWideSNP_6_D04_781908	2	52599360	52600309	3	-1.2802
FOXED_p_TCGA_b122_128_SNP_N_GenomeWideSNP_6_D04_781908	2	52602640	52754561	121	-0.0409
FOXED_p_TCGA_b122_128_SNP_N_GenomeWideSNP_6_D04_781908	2	52754728	52754881	3	-1.748
FOXED_p_TCGA_b122_128_SNP_N_GenomeWideSNP_6_D04_781908	2	52758753	52781542	33	0.8206
FOXED_p_TCGA_b122_128_SNP_N_GenomeWideSNP_6_D04_781908	2	52787949	54482553	1276	0.0084
FOXED_p_TCGA_b122_128_SNP_N_GenomeWideSNP_6_D04_781908	2	54482942	54482964	2	-2.0293
FOXED_p_TCGA_b122_128_SNP_N_GenomeWideSNP_6_D04_781908	2	54486141	57407673	2100	0.0308
FOXED_p_TCGA_b122_128_SNP_N_GenomeWideSNP_6_D04_781908	2	57407688	57407901	3	1.1597
FOXED_p_TCGA_b122_128_SNP_N_GenomeWideSNP_6_D04_781908	2	57408321	69481311	7702	0.0027
FOXED_p_TCGA_b122_128_SNP_N_GenomeWideSNP_6_D04_781908	2	69486502	69740091	138	0.3044
FOXED_p_TCGA_b122_128_SNP_N_GenomeWideSNP_6_D04_781908	2	69744840	88441725	11116	0.0029
FOXED_p_TCGA_b122_128_SNP_N_GenomeWideSNP_6_D04_781908	2	88443878	88444480	2	-1.6743
FOXED_p_TCGA_b122_128_SNP_N_GenomeWideSNP_6_D04_781908	2	88445815	133046772	22431	-0.001
FOXED_p_TCGA_b122_128_SNP_N_GenomeWideSNP_6_D04_781908	2	133049047	133121946	29	0.8265
FOXED_p_TCGA_b122_128_SNP_N_GenomeWideSNP_6_D04_781908	2	133122139	138453808	3659	-0.0147
FOXED_p_TCGA_b122_128_SNP_N_GenomeWideSNP_6_D04_781908	2	138453860	138455271	5	-1.1619
FOXED_p_TCGA_b122_128_SNP_N_GenomeWideSNP_6_D04_781908	2	138455639	146862085	5184	-0.0085
FOXED_p_TCGA_b122_128_SNP_N_GenomeWideSNP_6_D04_781908	2	146864404	146866934	24	-1.9301
FOXED_p_TCGA_b122_128_SNP_N_GenomeWideSNP_6_D04_781908	2	146877806	180413371	20525	0.0332
FOXED_p_TCGA_b122_128_SNP_N_GenomeWideSNP_6_D04_781908	2	180418211	180422137	30	-0.5606
FOXED_p_TCGA_b122_128_SNP_N_GenomeWideSNP_6_D04_781908	2	180425643	184573947	2620	0.0369
FOXED_p_TCGA_b122_128_SNP_N_GenomeWideSNP_6_D04_781908	2	184577193	184577324	3	-1.1862
FOXED_p_TCGA_b122_128_SNP_N_GenomeWideSNP_6_D04_781908	2	184580895	213186549	16898	0.0444
FOXED_p_TCGA_b122_128_SNP_N_GenomeWideSNP_6_D04_781908	2	213187203	213191812	23	-0.622
FOXED_p_TCGA_b122_128_SNP_N_GenomeWideSNP_6_D04_781908	2	213191825	234879045	13876	0.0157
FOXED_p_TCGA_b122_128_SNP_N_GenomeWideSNP_6_D04_781908	2	234879853	234886430	3	-1.1844
FOXED_p_TCGA_b122_128_SNP_N_GenomeWideSNP_6_D04_781908	2	234886692	243089456	5200	-0.0662
FOXED_p_TCGA_b122_128_SNP_N_GenomeWideSNP_6_D04_781908	3	60345	6646543	5845	-0.0068
FOXED_p_TCGA_b122_128_SNP_N_GenomeWideSNP_6_D04_781908	3	6651128	6653332	23	-3.1445
FOXED_p_TCGA_b122_128_SNP_N_GenomeWideSNP_6_D04_781908	3	6655078	14948702	6259	3e-04
FOXED_p_TCGA_b122_128_SNP_N_GenomeWideSNP_6_D04_781908	3	14949899	15152062	109	-1.2135
FOXED_p_TCGA_b122_128_SNP_N_GenomeWideSNP_6_D04_781908	3	15153969	64641698	32615	0.0131
FOXED_p_TCGA_b122_128_SNP_N_GenomeWideSNP_6_D04_781908	3	64641906	64642056	2	-1.41
FOXED_p_TCGA_b122_128_SNP_N_GenomeWideSNP_6_D04_781908	3	64642342	65206944	587	-0.0273
FOXED_p_TCGA_b122_128_SNP_N_GenomeWideSNP_6_D04_781908	3	65207331	65207730	4	-0.7458
FOXED_p_TCGA_b122_128_SNP_N_GenomeWideSNP_6_D04_781908	3	65209977	67517484	1654	0.0415
FOXED_p_TCGA_b122_128_SNP_N_GenomeWideSNP_6_D04_781908	3	67518903	67529166	10	-0.4259
FOXED_p_TCGA_b122_128_SNP_N_GenomeWideSNP_6_D04_781908	3	67529184	68746164	765	0.0166
FOXED_p_TCGA_b122_128_SNP_N_GenomeWideSNP_6_D04_781908	3	68746259	68747413	14	-1.4478
FOXED_p_TCGA_b122_128_SNP_N_GenomeWideSNP_6_D04_781908	3	68748758	120464778	29252	0.0269
FOXED_p_TCGA_b122_128_SNP_N_GenomeWideSNP_6_D04_781908	3	120465842	120482414	11	0.4735
FOXED_p_TCGA_b122_128_SNP_N_GenomeWideSNP_6_D04_781908	3	120483237	127929120	4546	-9e-04
FOXED_p_TCGA_b122_128_SNP_N_GenomeWideSNP_6_D04_781908	3	127929154	127929994	2	-1.4077
FOXED_p_TCGA_b122_128_SNP_N_GenomeWideSNP_6_D04_781908	3	127931340	128380252	293	-0.0393
FOXED_p_TCGA_b122_128_SNP_N_GenomeWideSNP_6_D04_781908	3	128381249	128421595	20	0.4892
FOXED_p_TCGA_b122_128_SNP_N_GenomeWideSNP_6_D04_781908	3	128424358	129762859	621	-0.0182
FOXED_p_TCGA_b122_128_SNP_N_GenomeWideSNP_6_D04_781908	3	129763698	129806236	52	-1.0595
FOXED_p_TCGA_b122_128_SNP_N_GenomeWideSNP_6_D04_781908	3	129806924	142940246	8102	0.0161
FOXED_p_TCGA_b122_128_SNP_N_GenomeWideSNP_6_D04_781908	3	142940517	142943324	3	-1.1234
FOXED_p_TCGA_b122_128_SNP_N_GenomeWideSNP_6_D04_781908	3	142946549	155487012	7893	0.0442
FOXED_p_TCGA_b122_128_SNP_N_GenomeWideSNP_6_D04_781908	3	155487202	155492142	20	0.4785
FOXED_p_TCGA_b122_128_SNP_N_GenomeWideSNP_6_D04_781908	3	155492177	162504667	4276	0.0342
FOXED_p_TCGA_b122_128_SNP_N_GenomeWideSNP_6_D04_781908	3	162506530	162634145	93	0.3624
FOXED_p_TCGA_b122_128_SNP_N_GenomeWideSNP_6_D04_781908	3	162634315	165059374	1324	0.053
FOXED_p_TCGA_b122_128_SNP_N_GenomeWideSNP_6_D04_781908	3	165059385	165093633	42	0.3635
FOXED_p_TCGA_b122_128_SNP_N_GenomeWideSNP_6_D04_781908	3	165093775	168730180	2062	0.0798
FOXED_p_TCGA_b122_128_SNP_N_GenomeWideSNP_6_D04_781908	3	168733402	168738628	2	-1.6861
FOXED_p_TCGA_b122_128_SNP_N_GenomeWideSNP_6_D04_781908	3	168739827	169348944	466	0.0841
FOXED_p_TCGA_b122_128_SNP_N_GenomeWideSNP_6_D04_781908	3	169349862	169352825	4	-1.2685
FOXED_p_TCGA_b122_128_SNP_N_GenomeWideSNP_6_D04_781908	3	169353852	189360754	12776	0.0399
FOXED_p_TCGA_b122_128_SNP_N_GenomeWideSNP_6_D04_781908	3	189363678	189371014	13	-1.0141
FOXED_p_TCGA_b122_128_SNP_N_GenomeWideSNP_6_D04_781908	3	189372351	192877902	2497	0.0434
FOXED_p_TCGA_b122_128_SNP_N_GenomeWideSNP_6_D04_781908	3	192877962	192882466	13	0.6811
FOXED_p_TCGA_b122_128_SNP_N_GenomeWideSNP_6_D04_781908	3	192882483	194600567	1149	0.0458
FOXED_p_TCGA_b122_128_SNP_N_GenomeWideSNP_6_D04_781908	3	194603922	194604054	2	-1.221
FOXED_p_TCGA_b122_128_SNP_N_GenomeWideSNP_6_D04_781908	3	194606652	194723000	94	0.0556
FOXED_p_TCGA_b122_128_SNP_N_GenomeWideSNP_6_D04_781908	3	194723092	194723612	3	-0.8454
FOXED_p_TCGA_b122_128_SNP_N_GenomeWideSNP_6_D04_781908	3	194731251	195285664	244	-0.0204
FOXED_p_TCGA_b122_128_SNP_N_GenomeWideSNP_6_D04_781908	3	195285898	195474763	48	0.5344
FOXED_p_TCGA_b122_128_SNP_N_GenomeWideSNP_6_D04_781908	3	195478694	196664159	545	0.0142
FOXED_p_TCGA_b122_128_SNP_N_GenomeWideSNP_6_D04_781908	3	196665798	196674749	3	-1.1631
FOXED_p_TCGA_b122_128_SNP_N_GenomeWideSNP_6_D04_781908	3	196674879	197896118	624	0.0689
FOXED_p_TCGA_b122_128_SNP_N_GenomeWideSNP_6_D04_781908	4	12281	296383	171	0.3844
FOXED_p_TCGA_b122_128_SNP_N_GenomeWideSNP_6_D04_781908	4	297932	329686	17	-0.0788
FOXED_p_TCGA_b122_128_SNP_N_GenomeWideSNP_6_D04_781908	4	337186	9456977	5063	0.2985
FOXED_p_TCGA_b122_128_SNP_N_GenomeWideSNP_6_D04_781908	4	9461230	9470734	4	-1.1947
FOXED_p_TCGA_b122_128_SNP_N_GenomeWideSNP_6_D04_781908	4	9471258	9859897	169	0.2872
FOXED_p_TCGA_b122_128_SNP_N_GenomeWideSNP_6_D04_781908	4	9859901	9865042	4	-1.0329
FOXED_p_TCGA_b122_128_SNP_N_GenomeWideSNP_6_D04_781908	4	9867502	10210390	378	0.3769
FOXED_p_TCGA_b122_128_SNP_N_GenomeWideSNP_6_D04_781908	4	10223416	10235268	35	1.6719
FOXED_p_TCGA_b122_128_SNP_N_GenomeWideSNP_6_D04_781908	4	10236142	10390715	171	0.3343
FOXED_p_TCGA_b122_128_SNP_N_GenomeWideSNP_6_D04_781908	4	10392354	10400668	16	-0.2574
FOXED_p_TCGA_b122_128_SNP_N_GenomeWideSNP_6_D04_781908	4	10402718	34779040	16816	0.3458
FOXED_p_TCGA_b122_128_SNP_N_GenomeWideSNP_6_D04_781908	4	34779054	34829872	40	1.0359
FOXED_p_TCGA_b122_128_SNP_N_GenomeWideSNP_6_D04_781908	4	34829913	36844260	1327	0.3813
FOXED_p_TCGA_b122_128_SNP_N_GenomeWideSNP_6_D04_781908	4	36845644	36848556	4	-0.1442
FOXED_p_TCGA_b122_128_SNP_N_GenomeWideSNP_6_D04_781908	4	36849494	37759614	714	0.4282
FOXED_p_TCGA_b122_128_SNP_N_GenomeWideSNP_6_D04_781908	4	37759944	37759953	2	-0.5802
FOXED_p_TCGA_b122_128_SNP_N_GenomeWideSNP_6_D04_781908	4	37760354	43146050	3492	0.3659
FOXED_p_TCGA_b122_128_SNP_N_GenomeWideSNP_6_D04_781908	4	43146135	43150072	8	-0.4347
FOXED_p_TCGA_b122_128_SNP_N_GenomeWideSNP_6_D04_781908	4	43156435	43187028	27	0.6026
FOXED_p_TCGA_b122_128_SNP_N_GenomeWideSNP_6_D04_781908	4	43188308	44049074	497	0.3405
FOXED_p_TCGA_b122_128_SNP_N_GenomeWideSNP_6_D04_781908	4	44050078	48336371	2596	0.0358
FOXED_p_TCGA_b122_128_SNP_N_GenomeWideSNP_6_D04_781908	4	48336820	48336922	2	-2.6176
FOXED_p_TCGA_b122_128_SNP_N_GenomeWideSNP_6_D04_781908	4	48338344	48458622	49	0.0942
FOXED_p_TCGA_b122_128_SNP_N_GenomeWideSNP_6_D04_781908	4	48462164	48468746	6	-0.7341
FOXED_p_TCGA_b122_128_SNP_N_GenomeWideSNP_6_D04_781908	4	48468977	48483930	8	-0.0204
FOXED_p_TCGA_b122_128_SNP_N_GenomeWideSNP_6_D04_781908	4	48484450	49148834	248	0.2405
FOXED_p_TCGA_b122_128_SNP_N_GenomeWideSNP_6_D04_781908	4	49148922	59280450	4485	0.0014
FOXED_p_TCGA_b122_128_SNP_N_GenomeWideSNP_6_D04_781908	4	59281223	59285117	2	-1.7276
FOXED_p_TCGA_b122_128_SNP_N_GenomeWideSNP_6_D04_781908	4	59285244	60059373	453	0.0034
FOXED_p_TCGA_b122_128_SNP_N_GenomeWideSNP_6_D04_781908	4	60060148	60060761	5	-1.3126
FOXED_p_TCGA_b122_128_SNP_N_GenomeWideSNP_6_D04_781908	4	60061718	61936938	1170	-0.0109
FOXED_p_TCGA_b122_128_SNP_N_GenomeWideSNP_6_D04_781908	4	61940935	61941952	2	-1.4718
FOXED_p_TCGA_b122_128_SNP_N_GenomeWideSNP_6_D04_781908	4	61945686	63667834	939	-8e-04
FOXED_p_TCGA_b122_128_SNP_N_GenomeWideSNP_6_D04_781908	4	63669936	63671662	8	-1.9264
FOXED_p_TCGA_b122_128_SNP_N_GenomeWideSNP_6_D04_781908	4	63679630	64693940	556	0.0389
FOXED_p_TCGA_b122_128_SNP_N_GenomeWideSNP_6_D04_781908	4	64697469	64697828	6	-2.009
FOXED_p_TCGA_b122_128_SNP_N_GenomeWideSNP_6_D04_781908	4	64704293	64707605	17	-0.8669
FOXED_p_TCGA_b122_128_SNP_N_GenomeWideSNP_6_D04_781908	4	64707754	64708258	6	-3.3321
FOXED_p_TCGA_b122_128_SNP_N_GenomeWideSNP_6_D04_781908	4	64716431	65819967	661	0.0192
FOXED_p_TCGA_b122_128_SNP_N_GenomeWideSNP_6_D04_781908	4	65819993	65837057	32	0.3164
FOXED_p_TCGA_b122_128_SNP_N_GenomeWideSNP_6_D04_781908	4	65837085	68890095	1970	0.01
FOXED_p_TCGA_b122_128_SNP_N_GenomeWideSNP_6_D04_781908	4	68890194	68912860	13	0.5103
FOXED_p_TCGA_b122_128_SNP_N_GenomeWideSNP_6_D04_781908	4	68919096	69260073	185	0.0587
FOXED_p_TCGA_b122_128_SNP_N_GenomeWideSNP_6_D04_781908	4	69260551	69485979	88	0.4902
FOXED_p_TCGA_b122_128_SNP_N_GenomeWideSNP_6_D04_781908	4	69489335	70121263	327	0.1113
FOXED_p_TCGA_b122_128_SNP_N_GenomeWideSNP_6_D04_781908	4	70123510	70232022	56	-0.7789
FOXED_p_TCGA_b122_128_SNP_N_GenomeWideSNP_6_D04_781908	4	70232124	70252416	12	0.0583
FOXED_p_TCGA_b122_128_SNP_N_GenomeWideSNP_6_D04_781908	4	70258331	70278449	11	-0.557
FOXED_p_TCGA_b122_128_SNP_N_GenomeWideSNP_6_D04_781908	4	70280532	70389716	88	0.0506
FOXED_p_TCGA_b122_128_SNP_N_GenomeWideSNP_6_D04_781908	4	70389861	70390779	2	1.2438
FOXED_p_TCGA_b122_128_SNP_N_GenomeWideSNP_6_D04_781908	4	70391888	76812031	3811	0.0596
FOXED_p_TCGA_b122_128_SNP_N_GenomeWideSNP_6_D04_781908	4	76815441	77738163	657	-0.4062
FOXED_p_TCGA_b122_128_SNP_N_GenomeWideSNP_6_D04_781908	4	77747075	86102478	5230	0.0596
FOXED_p_TCGA_b122_128_SNP_N_GenomeWideSNP_6_D04_781908	4	86105252	86128753	14	0.4647
FOXED_p_TCGA_b122_128_SNP_N_GenomeWideSNP_6_D04_781908	4	86129520	86825557	518	0.0218
FOXED_p_TCGA_b122_128_SNP_N_GenomeWideSNP_6_D04_781908	4	86826053	86836423	6	-0.4715
FOXED_p_TCGA_b122_128_SNP_N_GenomeWideSNP_6_D04_781908	4	86837843	86975223	104	-0.011
FOXED_p_TCGA_b122_128_SNP_N_GenomeWideSNP_6_D04_781908	4	86976094	86979944	19	-0.843
FOXED_p_TCGA_b122_128_SNP_N_GenomeWideSNP_6_D04_781908	4	86980089	87184332	134	0.0523
FOXED_p_TCGA_b122_128_SNP_N_GenomeWideSNP_6_D04_781908	4	87187053	121523579	20628	-0.4069
FOXED_p_TCGA_b122_128_SNP_N_GenomeWideSNP_6_D04_781908	4	121526819	121737208	128	-1.1356
FOXED_p_TCGA_b122_128_SNP_N_GenomeWideSNP_6_D04_781908	4	121737529	130198465	4823	-0.4178
FOXED_p_TCGA_b122_128_SNP_N_GenomeWideSNP_6_D04_781908	4	130199565	130204663	3	-2.0226
FOXED_p_TCGA_b122_128_SNP_N_GenomeWideSNP_6_D04_781908	4	130206071	138182433	4530	-0.4322
FOXED_p_TCGA_b122_128_SNP_N_GenomeWideSNP_6_D04_781908	4	138182481	138183298	21	0.0902
FOXED_p_TCGA_b122_128_SNP_N_GenomeWideSNP_6_D04_781908	4	138183527	144958579	4426	-0.4169
FOXED_p_TCGA_b122_128_SNP_N_GenomeWideSNP_6_D04_781908	4	144958726	144959327	4	-0.9822
FOXED_p_TCGA_b122_128_SNP_N_GenomeWideSNP_6_D04_781908	4	144972189	144982878	16	0.1449
FOXED_p_TCGA_b122_128_SNP_N_GenomeWideSNP_6_D04_781908	4	144983251	154772158	5637	-0.4212
FOXED_p_TCGA_b122_128_SNP_N_GenomeWideSNP_6_D04_781908	4	154772353	154772774	2	-2.0382
FOXED_p_TCGA_b122_128_SNP_N_GenomeWideSNP_6_D04_781908	4	154772946	155802548	639	-0.4299
FOXED_p_TCGA_b122_128_SNP_N_GenomeWideSNP_6_D04_781908	4	155803005	155803078	3	-3.5294
FOXED_p_TCGA_b122_128_SNP_N_GenomeWideSNP_6_D04_781908	4	155803199	186465361	20039	-0.4366
FOXED_p_TCGA_b122_128_SNP_N_GenomeWideSNP_6_D04_781908	4	186466423	186467489	5	-2.0423
FOXED_p_TCGA_b122_128_SNP_N_GenomeWideSNP_6_D04_781908	4	186467810	187620644	873	-0.4201
FOXED_p_TCGA_b122_128_SNP_N_GenomeWideSNP_6_D04_781908	4	187621281	187622150	3	-2.9818
FOXED_p_TCGA_b122_128_SNP_N_GenomeWideSNP_6_D04_781908	4	187624194	187861272	166	-0.3874
FOXED_p_TCGA_b122_128_SNP_N_GenomeWideSNP_6_D04_781908	4	187862197	187862518	2	-3.1455
FOXED_p_TCGA_b122_128_SNP_N_GenomeWideSNP_6_D04_781908	4	187863087	190931195	2035	-0.4346
FOXED_p_TCGA_b122_128_SNP_N_GenomeWideSNP_6_D04_781908	4	190934936	191027923	10	0.295
FOXED_p_TCGA_b122_128_SNP_N_GenomeWideSNP_6_D04_781908	5	15532	685748	307	-0.0162
FOXED_p_TCGA_b122_128_SNP_N_GenomeWideSNP_6_D04_781908	5	698371	817992	45	0.3521
FOXED_p_TCGA_b122_128_SNP_N_GenomeWideSNP_6_D04_781908	5	818541	10937933	8567	-0.0597
FOXED_p_TCGA_b122_128_SNP_N_GenomeWideSNP_6_D04_781908	5	10938059	10938125	3	-1.0219
FOXED_p_TCGA_b122_128_SNP_N_GenomeWideSNP_6_D04_781908	5	10938199	12819313	1299	-0.0423
FOXED_p_TCGA_b122_128_SNP_N_GenomeWideSNP_6_D04_781908	5	12819375	12826650	8	1.2429
FOXED_p_TCGA_b122_128_SNP_N_GenomeWideSNP_6_D04_781908	5	12833857	13802063	564	-0.0026
FOXED_p_TCGA_b122_128_SNP_N_GenomeWideSNP_6_D04_781908	5	13802998	13815095	8	0.5903
FOXED_p_TCGA_b122_128_SNP_N_GenomeWideSNP_6_D04_781908	5	13821751	15709298	1401	0.0539
FOXED_p_TCGA_b122_128_SNP_N_GenomeWideSNP_6_D04_781908	5	15710580	15746037	34	0.343
FOXED_p_TCGA_b122_128_SNP_N_GenomeWideSNP_6_D04_781908	5	15746398	20989458	3260	-0.0139
FOXED_p_TCGA_b122_128_SNP_N_GenomeWideSNP_6_D04_781908	5	20991405	20991936	3	-1.0919
FOXED_p_TCGA_b122_128_SNP_N_GenomeWideSNP_6_D04_781908	5	20992530	21376844	228	-0.019
FOXED_p_TCGA_b122_128_SNP_N_GenomeWideSNP_6_D04_781908	5	21377839	21377853	2	1.82
FOXED_p_TCGA_b122_128_SNP_N_GenomeWideSNP_6_D04_781908	5	21386066	21434878	36	0.041
FOXED_p_TCGA_b122_128_SNP_N_GenomeWideSNP_6_D04_781908	5	21435363	21542364	35	0.3593
FOXED_p_TCGA_b122_128_SNP_N_GenomeWideSNP_6_D04_781908	5	21542575	45391105	14732	-0.0085
FOXED_p_TCGA_b122_128_SNP_N_GenomeWideSNP_6_D04_781908	5	45394184	45575136	61	0.251
FOXED_p_TCGA_b122_128_SNP_N_GenomeWideSNP_6_D04_781908	5	45578409	46271930	219	0.0403
FOXED_p_TCGA_b122_128_SNP_N_GenomeWideSNP_6_D04_781908	5	46272521	46273502	5	-2.0876
FOXED_p_TCGA_b122_128_SNP_N_GenomeWideSNP_6_D04_781908	5	46278212	52402048	1719	0.0335
FOXED_p_TCGA_b122_128_SNP_N_GenomeWideSNP_6_D04_781908	5	52404519	52409439	3	-1.0417
FOXED_p_TCGA_b122_128_SNP_N_GenomeWideSNP_6_D04_781908	5	52411785	57321646	3362	-0.0063
FOXED_p_TCGA_b122_128_SNP_N_GenomeWideSNP_6_D04_781908	5	57326027	57333533	32	1.512
FOXED_p_TCGA_b122_128_SNP_N_GenomeWideSNP_6_D04_781908	5	57338357	68846303	7303	0.0104
FOXED_p_TCGA_b122_128_SNP_N_GenomeWideSNP_6_D04_781908	5	68867294	69118135	5	0.9047
FOXED_p_TCGA_b122_128_SNP_N_GenomeWideSNP_6_D04_781908	5	69233427	97093060	15678	0.0065
FOXED_p_TCGA_b122_128_SNP_N_GenomeWideSNP_6_D04_781908	5	97093098	97168569	41	0.3215
FOXED_p_TCGA_b122_128_SNP_N_GenomeWideSNP_6_D04_781908	5	97170401	97485129	172	0.0335
FOXED_p_TCGA_b122_128_SNP_N_GenomeWideSNP_6_D04_781908	5	97487008	97487225	4	1.1525
FOXED_p_TCGA_b122_128_SNP_N_GenomeWideSNP_6_D04_781908	5	97492056	109394587	7254	0.0273
FOXED_p_TCGA_b122_128_SNP_N_GenomeWideSNP_6_D04_781908	5	109396784	109396786	2	-1.5838
FOXED_p_TCGA_b122_128_SNP_N_GenomeWideSNP_6_D04_781908	5	109397069	109591199	124	-0.0291
FOXED_p_TCGA_b122_128_SNP_N_GenomeWideSNP_6_D04_781908	5	109594268	109594531	2	-1.2145
FOXED_p_TCGA_b122_128_SNP_N_GenomeWideSNP_6_D04_781908	5	109594854	133131129	15545	0.0179
FOXED_p_TCGA_b122_128_SNP_N_GenomeWideSNP_6_D04_781908	5	133131473	133135566	4	-1.0808
FOXED_p_TCGA_b122_128_SNP_N_GenomeWideSNP_6_D04_781908	5	133138065	154867594	13820	2e-04
FOXED_p_TCGA_b122_128_SNP_N_GenomeWideSNP_6_D04_781908	5	154869078	154929106	37	0.3135
FOXED_p_TCGA_b122_128_SNP_N_GenomeWideSNP_6_D04_781908	5	154929181	154979916	36	-0.015
FOXED_p_TCGA_b122_128_SNP_N_GenomeWideSNP_6_D04_781908	5	154980601	154988107	6	-0.7656
FOXED_p_TCGA_b122_128_SNP_N_GenomeWideSNP_6_D04_781908	5	154988618	155482010	350	-0.0034
FOXED_p_TCGA_b122_128_SNP_N_GenomeWideSNP_6_D04_781908	5	155482196	155495250	8	0.7202
FOXED_p_TCGA_b122_128_SNP_N_GenomeWideSNP_6_D04_781908	5	155495253	165658605	6736	-0.009
FOXED_p_TCGA_b122_128_SNP_N_GenomeWideSNP_6_D04_781908	5	165666562	165666696	2	-1.9298
FOXED_p_TCGA_b122_128_SNP_N_GenomeWideSNP_6_D04_781908	5	165668644	173202507	5679	-0.0417
FOXED_p_TCGA_b122_128_SNP_N_GenomeWideSNP_6_D04_781908	5	173205058	173206216	7	-1.1958
FOXED_p_TCGA_b122_128_SNP_N_GenomeWideSNP_6_D04_781908	5	173206371	177390271	2429	-0.038
FOXED_p_TCGA_b122_128_SNP_N_GenomeWideSNP_6_D04_781908	5	177391446	177400868	6	-1.8876
FOXED_p_TCGA_b122_128_SNP_N_GenomeWideSNP_6_D04_781908	5	177401382	177888509	270	-0.0858
FOXED_p_TCGA_b122_128_SNP_N_GenomeWideSNP_6_D04_781908	5	177890055	177892956	5	-0.9847
FOXED_p_TCGA_b122_128_SNP_N_GenomeWideSNP_6_D04_781908	5	177893881	180378888	1511	-0.0803
FOXED_p_TCGA_b122_128_SNP_N_GenomeWideSNP_6_D04_781908	5	180380203	180417614	14	0.6068
FOXED_p_TCGA_b122_128_SNP_N_GenomeWideSNP_6_D04_781908	5	180417660	180790320	174	-0.0753
FOXED_p_TCGA_b122_128_SNP_N_GenomeWideSNP_6_D04_781908	6	149661	254283	101	0.0182
FOXED_p_TCGA_b122_128_SNP_N_GenomeWideSNP_6_D04_781908	6	257353	376937	96	0.4604
FOXED_p_TCGA_b122_128_SNP_N_GenomeWideSNP_6_D04_781908	6	378703	4371610	3277	-0.0124
FOXED_p_TCGA_b122_128_SNP_N_GenomeWideSNP_6_D04_781908	6	4373213	4387069	10	-0.6517
FOXED_p_TCGA_b122_128_SNP_N_GenomeWideSNP_6_D04_781908	6	4391550	6026211	1375	-0.0278
FOXED_p_TCGA_b122_128_SNP_N_GenomeWideSNP_6_D04_781908	6	6033931	6034436	3	-1.5829
FOXED_p_TCGA_b122_128_SNP_N_GenomeWideSNP_6_D04_781908	6	6037045	29850380	16906	0.0037
FOXED_p_TCGA_b122_128_SNP_N_GenomeWideSNP_6_D04_781908	6	29871636	29898897	11	-1.5639
FOXED_p_TCGA_b122_128_SNP_N_GenomeWideSNP_6_D04_781908	6	29899677	32454523	1179	-0.0094
FOXED_p_TCGA_b122_128_SNP_N_GenomeWideSNP_6_D04_781908	6	32456683	32626618	65	-0.499
FOXED_p_TCGA_b122_128_SNP_N_GenomeWideSNP_6_D04_781908	6	32650612	40364325	4974	-0.0247
FOXED_p_TCGA_b122_128_SNP_N_GenomeWideSNP_6_D04_781908	6	40365601	40369293	6	-1.8326
FOXED_p_TCGA_b122_128_SNP_N_GenomeWideSNP_6_D04_781908	6	40370499	45975354	3510	-0.0018
FOXED_p_TCGA_b122_128_SNP_N_GenomeWideSNP_6_D04_781908	6	45975798	45978236	4	-0.691
FOXED_p_TCGA_b122_128_SNP_N_GenomeWideSNP_6_D04_781908	6	45980557	50892688	3035	0.041
FOXED_p_TCGA_b122_128_SNP_N_GenomeWideSNP_6_D04_781908	6	50892728	50893291	3	0.9148
FOXED_p_TCGA_b122_128_SNP_N_GenomeWideSNP_6_D04_781908	6	50899273	53925204	2209	0.0569
FOXED_p_TCGA_b122_128_SNP_N_GenomeWideSNP_6_D04_781908	6	53931067	53935348	10	-0.529
FOXED_p_TCGA_b122_128_SNP_N_GenomeWideSNP_6_D04_781908	6	53935415	65825628	4676	0.0614
FOXED_p_TCGA_b122_128_SNP_N_GenomeWideSNP_6_D04_781908	6	65826547	65831684	11	-0.605
FOXED_p_TCGA_b122_128_SNP_N_GenomeWideSNP_6_D04_781908	6	65834181	67785664	1459	0.0266
FOXED_p_TCGA_b122_128_SNP_N_GenomeWideSNP_6_D04_781908	6	67785737	67802497	25	0.3623
FOXED_p_TCGA_b122_128_SNP_N_GenomeWideSNP_6_D04_781908	6	67802735	69938266	1351	0.0351
FOXED_p_TCGA_b122_128_SNP_N_GenomeWideSNP_6_D04_781908	6	69938517	69940937	2	-1.4926
FOXED_p_TCGA_b122_128_SNP_N_GenomeWideSNP_6_D04_781908	6	69940955	75533512	3622	0.0426
FOXED_p_TCGA_b122_128_SNP_N_GenomeWideSNP_6_D04_781908	6	75534180	75534181	2	1.4823
FOXED_p_TCGA_b122_128_SNP_N_GenomeWideSNP_6_D04_781908	6	75534396	77014948	858	0.0666
FOXED_p_TCGA_b122_128_SNP_N_GenomeWideSNP_6_D04_781908	6	77016900	77016926	3	1.0982
FOXED_p_TCGA_b122_128_SNP_N_GenomeWideSNP_6_D04_781908	6	77016993	91125735	8970	0.034
FOXED_p_TCGA_b122_128_SNP_N_GenomeWideSNP_6_D04_781908	6	91126289	91126622	5	-1.2984
FOXED_p_TCGA_b122_128_SNP_N_GenomeWideSNP_6_D04_781908	6	91126673	95190723	2823	0.0193
FOXED_p_TCGA_b122_128_SNP_N_GenomeWideSNP_6_D04_781908	6	95193106	95193725	2	-1.4067
FOXED_p_TCGA_b122_128_SNP_N_GenomeWideSNP_6_D04_781908	6	95196646	121779126	16221	0.0359
FOXED_p_TCGA_b122_128_SNP_N_GenomeWideSNP_6_D04_781908	6	121779646	121780762	2	-1.4104
FOXED_p_TCGA_b122_128_SNP_N_GenomeWideSNP_6_D04_781908	6	121782813	124275231	1511	0.039
FOXED_p_TCGA_b122_128_SNP_N_GenomeWideSNP_6_D04_781908	6	124275316	124292594	13	-0.4737
FOXED_p_TCGA_b122_128_SNP_N_GenomeWideSNP_6_D04_781908	6	124292671	137978844	9143	0.057
FOXED_p_TCGA_b122_128_SNP_N_GenomeWideSNP_6_D04_781908	6	137979598	137979971	3	-2.2624
FOXED_p_TCGA_b122_128_SNP_N_GenomeWideSNP_6_D04_781908	6	137980107	160626073	14928	0.0219
FOXED_p_TCGA_b122_128_SNP_N_GenomeWideSNP_6_D04_781908	6	160628807	160637239	7	-1.1855
FOXED_p_TCGA_b122_128_SNP_N_GenomeWideSNP_6_D04_781908	6	160642528	171051005	7591	-0.0331
FOXED_p_TCGA_b122_128_SNP_N_GenomeWideSNP_6_D04_781908	7	43355	9020137	5294	0.3447
FOXED_p_TCGA_b122_128_SNP_N_GenomeWideSNP_6_D04_781908	7	9020538	9063786	36	0.0569
FOXED_p_TCGA_b122_128_SNP_N_GenomeWideSNP_6_D04_781908	7	9064243	9215547	135	0.4558
FOXED_p_TCGA_b122_128_SNP_N_GenomeWideSNP_6_D04_781908	7	9222669	9226970	7	-0.3268
FOXED_p_TCGA_b122_128_SNP_N_GenomeWideSNP_6_D04_781908	7	9227852	9590161	255	0.3698
FOXED_p_TCGA_b122_128_SNP_N_GenomeWideSNP_6_D04_781908	7	9590390	9591404	6	0.9011
FOXED_p_TCGA_b122_128_SNP_N_GenomeWideSNP_6_D04_781908	7	9592644	9765263	160	0.3671
FOXED_p_TCGA_b122_128_SNP_N_GenomeWideSNP_6_D04_781908	7	9767469	9767984	3	-0.5792
FOXED_p_TCGA_b122_128_SNP_N_GenomeWideSNP_6_D04_781908	7	9769216	54366489	32698	0.3684
FOXED_p_TCGA_b122_128_SNP_N_GenomeWideSNP_6_D04_781908	7	54366714	54386517	13	0.83
FOXED_p_TCGA_b122_128_SNP_N_GenomeWideSNP_6_D04_781908	7	54393488	54928975	403	0.3574
FOXED_p_TCGA_b122_128_SNP_N_GenomeWideSNP_6_D04_781908	7	54931806	54931979	2	-0.5214
FOXED_p_TCGA_b122_128_SNP_N_GenomeWideSNP_6_D04_781908	7	54932257	76504717	8295	0.3013
FOXED_p_TCGA_b122_128_SNP_N_GenomeWideSNP_6_D04_781908	7	76504928	76513172	17	-0.2674
FOXED_p_TCGA_b122_128_SNP_N_GenomeWideSNP_6_D04_781908	7	76513730	88751636	7935	0.4456
FOXED_p_TCGA_b122_128_SNP_N_GenomeWideSNP_6_D04_781908	7	88751897	88753282	2	-0.7647
FOXED_p_TCGA_b122_128_SNP_N_GenomeWideSNP_6_D04_781908	7	88754257	91357450	1754	0.4467
FOXED_p_TCGA_b122_128_SNP_N_GenomeWideSNP_6_D04_781908	7	91357854	91358540	5	-0.5432
FOXED_p_TCGA_b122_128_SNP_N_GenomeWideSNP_6_D04_781908	7	91358771	97395470	3762	0.4346
FOXED_p_TCGA_b122_128_SNP_N_GenomeWideSNP_6_D04_781908	7	97395471	97402475	11	-0.5127
FOXED_p_TCGA_b122_128_SNP_N_GenomeWideSNP_6_D04_781908	7	97404240	105153512	3812	0.4053
FOXED_p_TCGA_b122_128_SNP_N_GenomeWideSNP_6_D04_781908	7	105157540	105166520	5	1.1974
FOXED_p_TCGA_b122_128_SNP_N_GenomeWideSNP_6_D04_781908	7	105166776	109437680	2836	0.4481
FOXED_p_TCGA_b122_128_SNP_N_GenomeWideSNP_6_D04_781908	7	109437757	109437774	3	1.5979
FOXED_p_TCGA_b122_128_SNP_N_GenomeWideSNP_6_D04_781908	7	109440917	109441244	9	0.5509
FOXED_p_TCGA_b122_128_SNP_N_GenomeWideSNP_6_D04_781908	7	109441629	109453910	10	1.4496
FOXED_p_TCGA_b122_128_SNP_N_GenomeWideSNP_6_D04_781908	7	109453982	117923887	5194	0.4521
FOXED_p_TCGA_b122_128_SNP_N_GenomeWideSNP_6_D04_781908	7	117924673	118031979	53	0.724
FOXED_p_TCGA_b122_128_SNP_N_GenomeWideSNP_6_D04_781908	7	118035293	122785216	2782	0.4529
FOXED_p_TCGA_b122_128_SNP_N_GenomeWideSNP_6_D04_781908	7	122785671	122789379	3	-0.3539
FOXED_p_TCGA_b122_128_SNP_N_GenomeWideSNP_6_D04_781908	7	122792270	133785377	6739	0.4229
FOXED_p_TCGA_b122_128_SNP_N_GenomeWideSNP_6_D04_781908	7	133785417	133799154	30	-0.0144
FOXED_p_TCGA_b122_128_SNP_N_GenomeWideSNP_6_D04_781908	7	133799197	141786850	5223	0.4112
FOXED_p_TCGA_b122_128_SNP_N_GenomeWideSNP_6_D04_781908	7	141787130	141787532	6	1.1369
FOXED_p_TCGA_b122_128_SNP_N_GenomeWideSNP_6_D04_781908	7	141787628	142474939	462	0.4614
FOXED_p_TCGA_b122_128_SNP_N_GenomeWideSNP_6_D04_781908	7	142476719	142486045	27	1.3487
FOXED_p_TCGA_b122_128_SNP_N_GenomeWideSNP_6_D04_781908	7	142486115	143223081	471	0.4437
FOXED_p_TCGA_b122_128_SNP_N_GenomeWideSNP_6_D04_781908	7	143223768	143307749	26	0.9407
FOXED_p_TCGA_b122_128_SNP_N_GenomeWideSNP_6_D04_781908	7	143307885	143431034	22	0.5586
FOXED_p_TCGA_b122_128_SNP_N_GenomeWideSNP_6_D04_781908	7	143444216	143532868	39	0.9213
FOXED_p_TCGA_b122_128_SNP_N_GenomeWideSNP_6_D04_781908	7	143532978	143909445	285	0.4266
FOXED_p_TCGA_b122_128_SNP_N_GenomeWideSNP_6_D04_781908	7	143911624	143977392	19	0.1091
FOXED_p_TCGA_b122_128_SNP_N_GenomeWideSNP_6_D04_781908	7	143992530	144009564	7	-0.5244
FOXED_p_TCGA_b122_128_SNP_N_GenomeWideSNP_6_D04_781908	7	144014189	154389895	6466	0.4109
FOXED_p_TCGA_b122_128_SNP_N_GenomeWideSNP_6_D04_781908	7	154393171	154399613	4	1.5788
FOXED_p_TCGA_b122_128_SNP_N_GenomeWideSNP_6_D04_781908	7	154400830	159127004	3247	0.3805
FOXED_p_TCGA_b122_128_SNP_N_GenomeWideSNP_6_D04_781908	8	31254	113380	4	0.4287
FOXED_p_TCGA_b122_128_SNP_N_GenomeWideSNP_6_D04_781908	8	158062	595875	331	-0.4104
FOXED_p_TCGA_b122_128_SNP_N_GenomeWideSNP_6_D04_781908	8	595892	595908	2	2.6448
FOXED_p_TCGA_b122_128_SNP_N_GenomeWideSNP_6_D04_781908	8	601043	2701934	1782	-0.3788
FOXED_p_TCGA_b122_128_SNP_N_GenomeWideSNP_6_D04_781908	8	2703533	2703899	7	-1.6824
FOXED_p_TCGA_b122_128_SNP_N_GenomeWideSNP_6_D04_781908	8	2707171	6922109	5647	-0.3484
FOXED_p_TCGA_b122_128_SNP_N_GenomeWideSNP_6_D04_781908	8	6925112	6999220	23	-1.0508
FOXED_p_TCGA_b122_128_SNP_N_GenomeWideSNP_6_D04_781908	8	7009595	7238019	42	-0.0661
FOXED_p_TCGA_b122_128_SNP_N_GenomeWideSNP_6_D04_781908	8	7250380	7798851	148	-0.7318
FOXED_p_TCGA_b122_128_SNP_N_GenomeWideSNP_6_D04_781908	8	7799390	12162782	3294	-0.3506
FOXED_p_TCGA_b122_128_SNP_N_GenomeWideSNP_6_D04_781908	8	12181281	12240162	17	0.3031
FOXED_p_TCGA_b122_128_SNP_N_GenomeWideSNP_6_D04_781908	8	12240182	12242155	11	-0.4455
FOXED_p_TCGA_b122_128_SNP_N_GenomeWideSNP_6_D04_781908	8	12242515	12247188	13	0.1404
FOXED_p_TCGA_b122_128_SNP_N_GenomeWideSNP_6_D04_781908	8	12247322	13485292	983	-0.3375
FOXED_p_TCGA_b122_128_SNP_N_GenomeWideSNP_6_D04_781908	8	13485921	13487425	4	-1.3659
FOXED_p_TCGA_b122_128_SNP_N_GenomeWideSNP_6_D04_781908	8	13487690	13574131	87	-0.267
FOXED_p_TCGA_b122_128_SNP_N_GenomeWideSNP_6_D04_781908	8	13576566	13603476	49	0.0477
FOXED_p_TCGA_b122_128_SNP_N_GenomeWideSNP_6_D04_781908	8	13609668	14284690	679	-0.3141
FOXED_p_TCGA_b122_128_SNP_N_GenomeWideSNP_6_D04_781908	8	14285211	14286320	4	-1.8271
FOXED_p_TCGA_b122_128_SNP_N_GenomeWideSNP_6_D04_781908	8	14286552	23005157	7293	-0.3277
FOXED_p_TCGA_b122_128_SNP_N_GenomeWideSNP_6_D04_781908	8	23005813	23006176	3	-2.4532
FOXED_p_TCGA_b122_128_SNP_N_GenomeWideSNP_6_D04_781908	8	23007178	24974443	1386	-0.33
FOXED_p_TCGA_b122_128_SNP_N_GenomeWideSNP_6_D04_781908	8	24974476	24984333	26	0.5702
FOXED_p_TCGA_b122_128_SNP_N_GenomeWideSNP_6_D04_781908	8	24991104	34604524	6540	-0.3264
FOXED_p_TCGA_b122_128_SNP_N_GenomeWideSNP_6_D04_781908	8	34604722	39362946	2546	0.0306
FOXED_p_TCGA_b122_128_SNP_N_GenomeWideSNP_6_D04_781908	8	39368908	39370474	2	-1.5417
FOXED_p_TCGA_b122_128_SNP_N_GenomeWideSNP_6_D04_781908	8	39374732	40235887	665	0.0651
FOXED_p_TCGA_b122_128_SNP_N_GenomeWideSNP_6_D04_781908	8	40237259	40237469	2	-1.1075
FOXED_p_TCGA_b122_128_SNP_N_GenomeWideSNP_6_D04_781908	8	40237630	40771996	415	0.0055
FOXED_p_TCGA_b122_128_SNP_N_GenomeWideSNP_6_D04_781908	8	40777852	40778471	2	-2.1027
FOXED_p_TCGA_b122_128_SNP_N_GenomeWideSNP_6_D04_781908	8	40783680	55292887	6262	0.0055
FOXED_p_TCGA_b122_128_SNP_N_GenomeWideSNP_6_D04_781908	8	55294867	55298390	4	-1.4545
FOXED_p_TCGA_b122_128_SNP_N_GenomeWideSNP_6_D04_781908	8	55298780	57021681	1193	0.0236
FOXED_p_TCGA_b122_128_SNP_N_GenomeWideSNP_6_D04_781908	8	57022057	57090098	26	0.3473
FOXED_p_TCGA_b122_128_SNP_N_GenomeWideSNP_6_D04_781908	8	57092736	74545550	11072	0.0139
FOXED_p_TCGA_b122_128_SNP_N_GenomeWideSNP_6_D04_781908	8	74548277	74555276	2	-1.0987
FOXED_p_TCGA_b122_128_SNP_N_GenomeWideSNP_6_D04_781908	8	74555282	88821875	8113	0.0298
FOXED_p_TCGA_b122_128_SNP_N_GenomeWideSNP_6_D04_781908	8	88823786	97254372	5277	0.2885
FOXED_p_TCGA_b122_128_SNP_N_GenomeWideSNP_6_D04_781908	8	97259223	97281761	10	0.6273
FOXED_p_TCGA_b122_128_SNP_N_GenomeWideSNP_6_D04_781908	8	97282344	103992590	4036	0.2834
FOXED_p_TCGA_b122_128_SNP_N_GenomeWideSNP_6_D04_781908	8	103994911	103997435	3	-3.3989
FOXED_p_TCGA_b122_128_SNP_N_GenomeWideSNP_6_D04_781908	8	103998546	112291494	5000	0.2852
FOXED_p_TCGA_b122_128_SNP_N_GenomeWideSNP_6_D04_781908	8	112294279	112295260	10	1.3631
FOXED_p_TCGA_b122_128_SNP_N_GenomeWideSNP_6_D04_781908	8	112300281	115631436	1827	0.2665
FOXED_p_TCGA_b122_128_SNP_N_GenomeWideSNP_6_D04_781908	8	115632043	115638395	16	-0.7653
FOXED_p_TCGA_b122_128_SNP_N_GenomeWideSNP_6_D04_781908	8	115638467	115883276	173	-0.1891
FOXED_p_TCGA_b122_128_SNP_N_GenomeWideSNP_6_D04_781908	8	115886232	115886433	3	-0.8941
FOXED_p_TCGA_b122_128_SNP_N_GenomeWideSNP_6_D04_781908	8	115891626	116603696	455	-0.0189
FOXED_p_TCGA_b122_128_SNP_N_GenomeWideSNP_6_D04_781908	8	116604519	117631586	611	0.2241
FOXED_p_TCGA_b122_128_SNP_N_GenomeWideSNP_6_D04_781908	8	117631601	117631855	2	-0.5516
FOXED_p_TCGA_b122_128_SNP_N_GenomeWideSNP_6_D04_781908	8	117631964	125823966	5664	0.3047
FOXED_p_TCGA_b122_128_SNP_N_GenomeWideSNP_6_D04_781908	8	125824314	125831816	6	-0.6314
FOXED_p_TCGA_b122_128_SNP_N_GenomeWideSNP_6_D04_781908	8	125835620	131851699	4355	0.2958
FOXED_p_TCGA_b122_128_SNP_N_GenomeWideSNP_6_D04_781908	8	131852615	131855192	2	-1.406
FOXED_p_TCGA_b122_128_SNP_N_GenomeWideSNP_6_D04_781908	8	131855724	146298155	9836	0.2577
FOXED_p_TCGA_b122_128_SNP_N_GenomeWideSNP_6_D04_781908	9	46587	5322057	5430	-0.4805
FOXED_p_TCGA_b122_128_SNP_N_GenomeWideSNP_6_D04_781908	9	5322157	5328915	2	-2.558
FOXED_p_TCGA_b122_128_SNP_N_GenomeWideSNP_6_D04_781908	9	5331307	7335136	1611	-0.4235
FOXED_p_TCGA_b122_128_SNP_N_GenomeWideSNP_6_D04_781908	9	7337984	7357693	21	-1.0675
FOXED_p_TCGA_b122_128_SNP_N_GenomeWideSNP_6_D04_781908	9	7360902	22916259	13059	-0.4248
FOXED_p_TCGA_b122_128_SNP_N_GenomeWideSNP_6_D04_781908	9	22916730	22917331	3	-2.5636
FOXED_p_TCGA_b122_128_SNP_N_GenomeWideSNP_6_D04_781908	9	22918025	25953110	2149	-0.4397
FOXED_p_TCGA_b122_128_SNP_N_GenomeWideSNP_6_D04_781908	9	25953799	25953815	2	-2.6986
FOXED_p_TCGA_b122_128_SNP_N_GenomeWideSNP_6_D04_781908	9	25954053	29959700	3118	-0.4407
FOXED_p_TCGA_b122_128_SNP_N_GenomeWideSNP_6_D04_781908	9	29960036	29969710	10	-1.3073
FOXED_p_TCGA_b122_128_SNP_N_GenomeWideSNP_6_D04_781908	9	29969777	39061371	5756	-0.4674
FOXED_p_TCGA_b122_128_SNP_N_GenomeWideSNP_6_D04_781908	9	39081473	44209795	232	-0.2041
FOXED_p_TCGA_b122_128_SNP_N_GenomeWideSNP_6_D04_781908	9	44213647	44629223	29	-0.5461
FOXED_p_TCGA_b122_128_SNP_N_GenomeWideSNP_6_D04_781908	9	44727859	44873200	38	-1.3182
FOXED_p_TCGA_b122_128_SNP_N_GenomeWideSNP_6_D04_781908	9	44875942	70940595	374	-0.1669
FOXED_p_TCGA_b122_128_SNP_N_GenomeWideSNP_6_D04_781908	9	70943830	79424168	6218	-0.4329
FOXED_p_TCGA_b122_128_SNP_N_GenomeWideSNP_6_D04_781908	9	79424845	79426642	3	-2.54
FOXED_p_TCGA_b122_128_SNP_N_GenomeWideSNP_6_D04_781908	9	79427051	83213180	2730	-0.4797
FOXED_p_TCGA_b122_128_SNP_N_GenomeWideSNP_6_D04_781908	9	83219719	83219795	2	-1.9819
FOXED_p_TCGA_b122_128_SNP_N_GenomeWideSNP_6_D04_781908	9	83219809	85163955	1253	-0.4614
FOXED_p_TCGA_b122_128_SNP_N_GenomeWideSNP_6_D04_781908	9	85165993	85166081	3	-2.8868
FOXED_p_TCGA_b122_128_SNP_N_GenomeWideSNP_6_D04_781908	9	85166369	106804966	14770	-0.4822
FOXED_p_TCGA_b122_128_SNP_N_GenomeWideSNP_6_D04_781908	9	106811180	106841293	50	-0.1342
FOXED_p_TCGA_b122_128_SNP_N_GenomeWideSNP_6_D04_781908	9	106843211	140520623	22548	-0.4861
FOXED_p_TCGA_b122_128_SNP_N_GenomeWideSNP_6_D04_781908	9	140527433	140528131	2	-2.1666
FOXED_p_TCGA_b122_128_SNP_N_GenomeWideSNP_6_D04_781908	9	140533378	140969780	246	-0.5288
FOXED_p_TCGA_b122_128_SNP_N_GenomeWideSNP_6_D04_781908	9	140971315	140973133	7	-1.2259
FOXED_p_TCGA_b122_128_SNP_N_GenomeWideSNP_6_D04_781908	9	140974765	141091394	85	-0.4401
FOXED_p_TCGA_b122_128_SNP_N_GenomeWideSNP_6_D04_781908	10	72759	690039	363	-0.53
FOXED_p_TCGA_b122_128_SNP_N_GenomeWideSNP_6_D04_781908	10	691255	31246510	23933	-0.019
FOXED_p_TCGA_b122_128_SNP_N_GenomeWideSNP_6_D04_781908	10	31251334	31251779	11	-0.9894
FOXED_p_TCGA_b122_128_SNP_N_GenomeWideSNP_6_D04_781908	10	31251822	47059633	7368	-0.0218
FOXED_p_TCGA_b122_128_SNP_N_GenomeWideSNP_6_D04_781908	10	47059673	47084865	25	-0.4077
FOXED_p_TCGA_b122_128_SNP_N_GenomeWideSNP_6_D04_781908	10	47085303	47692945	225	-0.059
FOXED_p_TCGA_b122_128_SNP_N_GenomeWideSNP_6_D04_781908	10	47695269	47695563	2	-1.4078
FOXED_p_TCGA_b122_128_SNP_N_GenomeWideSNP_6_D04_781908	10	47699952	48380952	72	0.0329
FOXED_p_TCGA_b122_128_SNP_N_GenomeWideSNP_6_D04_781908	10	48381304	48404554	14	-0.4778
FOXED_p_TCGA_b122_128_SNP_N_GenomeWideSNP_6_D04_781908	10	48405479	48698626	223	-0.0326
FOXED_p_TCGA_b122_128_SNP_N_GenomeWideSNP_6_D04_781908	10	48714583	49082219	19	0.5029
FOXED_p_TCGA_b122_128_SNP_N_GenomeWideSNP_6_D04_781908	10	49082570	59094960	6827	-0.0021
FOXED_p_TCGA_b122_128_SNP_N_GenomeWideSNP_6_D04_781908	10	59095045	59095203	4	1.19
FOXED_p_TCGA_b122_128_SNP_N_GenomeWideSNP_6_D04_781908	10	59095288	67306276	5663	0.0284
FOXED_p_TCGA_b122_128_SNP_N_GenomeWideSNP_6_D04_781908	10	67307923	67314430	27	0.4315
FOXED_p_TCGA_b122_128_SNP_N_GenomeWideSNP_6_D04_781908	10	67314446	81251331	9244	-0.0285
FOXED_p_TCGA_b122_128_SNP_N_GenomeWideSNP_6_D04_781908	10	81283267	81559401	29	0.2629
FOXED_p_TCGA_b122_128_SNP_N_GenomeWideSNP_6_D04_781908	10	81562187	81706135	52	-0.0242
FOXED_p_TCGA_b122_128_SNP_N_GenomeWideSNP_6_D04_781908	10	81706324	81707613	3	-1.4721
FOXED_p_TCGA_b122_128_SNP_N_GenomeWideSNP_6_D04_781908	10	81724796	82878159	815	-0.0089
FOXED_p_TCGA_b122_128_SNP_N_GenomeWideSNP_6_D04_781908	10	82881330	82889783	10	-1.5715
FOXED_p_TCGA_b122_128_SNP_N_GenomeWideSNP_6_D04_781908	10	82894469	102955557	13290	-2e-04
FOXED_p_TCGA_b122_128_SNP_N_GenomeWideSNP_6_D04_781908	10	102955952	102962134	3	-2.4949
FOXED_p_TCGA_b122_128_SNP_N_GenomeWideSNP_6_D04_781908	10	102964750	111357179	5481	-0.0257
FOXED_p_TCGA_b122_128_SNP_N_GenomeWideSNP_6_D04_781908	10	111360591	111403316	31	0.3965
FOXED_p_TCGA_b122_128_SNP_N_GenomeWideSNP_6_D04_781908	10	111405137	111612350	120	0.054
FOXED_p_TCGA_b122_128_SNP_N_GenomeWideSNP_6_D04_781908	10	111612509	111614293	5	-1.0709
FOXED_p_TCGA_b122_128_SNP_N_GenomeWideSNP_6_D04_781908	10	111617982	135449357	17236	-0.0354
FOXED_p_TCGA_b122_128_SNP_N_GenomeWideSNP_6_D04_781908	10	135449977	135506704	4	-0.5544
FOXED_p_TCGA_b122_128_SNP_N_GenomeWideSNP_6_D04_781908	11	198510	4272420	1802	0.2938
FOXED_p_TCGA_b122_128_SNP_N_GenomeWideSNP_6_D04_781908	11	4272462	4328172	15	-0.9863
FOXED_p_TCGA_b122_128_SNP_N_GenomeWideSNP_6_D04_781908	11	4335878	4967061	656	0.3243
FOXED_p_TCGA_b122_128_SNP_N_GenomeWideSNP_6_D04_781908	11	4967103	4970367	14	0.8821
FOXED_p_TCGA_b122_128_SNP_N_GenomeWideSNP_6_D04_781908	11	4972005	4973863	15	1.4864
FOXED_p_TCGA_b122_128_SNP_N_GenomeWideSNP_6_D04_781908	11	4973878	4976614	15	0.8502
FOXED_p_TCGA_b122_128_SNP_N_GenomeWideSNP_6_D04_781908	11	4976814	5472822	466	0.3107
FOXED_p_TCGA_b122_128_SNP_N_GenomeWideSNP_6_D04_781908	11	5472989	5474350	4	-0.4757
FOXED_p_TCGA_b122_128_SNP_N_GenomeWideSNP_6_D04_781908	11	5475687	5522151	76	0.3281
FOXED_p_TCGA_b122_128_SNP_N_GenomeWideSNP_6_D04_781908	11	5522175	5522564	5	-0.617
FOXED_p_TCGA_b122_128_SNP_N_GenomeWideSNP_6_D04_781908	11	5523593	5778523	231	0.294
FOXED_p_TCGA_b122_128_SNP_N_GenomeWideSNP_6_D04_781908	11	5782925	5816232	46	0.6836
FOXED_p_TCGA_b122_128_SNP_N_GenomeWideSNP_6_D04_781908	11	5816285	6117976	242	0.3457
FOXED_p_TCGA_b122_128_SNP_N_GenomeWideSNP_6_D04_781908	11	6120647	6122094	2	1.9776
FOXED_p_TCGA_b122_128_SNP_N_GenomeWideSNP_6_D04_781908	11	6122503	7809678	1257	0.3271
FOXED_p_TCGA_b122_128_SNP_N_GenomeWideSNP_6_D04_781908	11	7813040	7814176	3	-0.8603
FOXED_p_TCGA_b122_128_SNP_N_GenomeWideSNP_6_D04_781908	11	7824310	38477286	22297	0.3191
FOXED_p_TCGA_b122_128_SNP_N_GenomeWideSNP_6_D04_781908	11	38477541	38478020	5	0.8595
FOXED_p_TCGA_b122_128_SNP_N_GenomeWideSNP_6_D04_781908	11	38478743	48598422	6310	0.2891
FOXED_p_TCGA_b122_128_SNP_N_GenomeWideSNP_6_D04_781908	11	48601434	48602676	2	-1.7194
FOXED_p_TCGA_b122_128_SNP_N_GenomeWideSNP_6_D04_781908	11	48606318	51096372	837	0.2986
FOXED_p_TCGA_b122_128_SNP_N_GenomeWideSNP_6_D04_781908	11	51126742	51192870	10	0.8089
FOXED_p_TCGA_b122_128_SNP_N_GenomeWideSNP_6_D04_781908	11	51195051	51337258	45	0.2727
FOXED_p_TCGA_b122_128_SNP_N_GenomeWideSNP_6_D04_781908	11	51352990	51357245	3	-0.8191
FOXED_p_TCGA_b122_128_SNP_N_GenomeWideSNP_6_D04_781908	11	51375310	55376280	337	0.354
FOXED_p_TCGA_b122_128_SNP_N_GenomeWideSNP_6_D04_781908	11	55376498	55429973	34	0.785
FOXED_p_TCGA_b122_128_SNP_N_GenomeWideSNP_6_D04_781908	11	55431064	81503992	14648	0.3027
FOXED_p_TCGA_b122_128_SNP_N_GenomeWideSNP_6_D04_781908	11	81505463	81517158	9	-0.7156
FOXED_p_TCGA_b122_128_SNP_N_GenomeWideSNP_6_D04_781908	11	81522632	89466732	5296	0.3298
FOXED_p_TCGA_b122_128_SNP_N_GenomeWideSNP_6_D04_781908	11	89467221	89546927	15	-0.1769
FOXED_p_TCGA_b122_128_SNP_N_GenomeWideSNP_6_D04_781908	11	89548104	95184355	3855	0.3169
FOXED_p_TCGA_b122_128_SNP_N_GenomeWideSNP_6_D04_781908	11	95186029	95186913	4	-0.7059
FOXED_p_TCGA_b122_128_SNP_N_GenomeWideSNP_6_D04_781908	11	95188170	97258038	1446	0.3499
FOXED_p_TCGA_b122_128_SNP_N_GenomeWideSNP_6_D04_781908	11	97260246	97265879	7	-0.6033
FOXED_p_TCGA_b122_128_SNP_N_GenomeWideSNP_6_D04_781908	11	97266804	97455989	160	0.3274
FOXED_p_TCGA_b122_128_SNP_N_GenomeWideSNP_6_D04_781908	11	97458731	97497010	25	0.6399
FOXED_p_TCGA_b122_128_SNP_N_GenomeWideSNP_6_D04_781908	11	97498390	101594369	3215	0.3212
FOXED_p_TCGA_b122_128_SNP_N_GenomeWideSNP_6_D04_781908	11	101594384	101598212	6	1.095
FOXED_p_TCGA_b122_128_SNP_N_GenomeWideSNP_6_D04_781908	11	101599898	107646932	4121	0.322
FOXED_p_TCGA_b122_128_SNP_N_GenomeWideSNP_6_D04_781908	11	107648317	107678920	21	0.7341
FOXED_p_TCGA_b122_128_SNP_N_GenomeWideSNP_6_D04_781908	11	107679828	107916916	135	0.3449
FOXED_p_TCGA_b122_128_SNP_N_GenomeWideSNP_6_D04_781908	11	107917087	107920369	2	-0.8059
FOXED_p_TCGA_b122_128_SNP_N_GenomeWideSNP_6_D04_781908	11	107920624	134944770	19499	0.2931
FOXED_p_TCGA_b122_128_SNP_N_GenomeWideSNP_6_D04_781908	12	150442	9633870	6205	-0.04
FOXED_p_TCGA_b122_128_SNP_N_GenomeWideSNP_6_D04_781908	12	9637909	9728292	24	0.7058
FOXED_p_TCGA_b122_128_SNP_N_GenomeWideSNP_6_D04_781908	12	9734969	11215372	1042	-0.0069
FOXED_p_TCGA_b122_128_SNP_N_GenomeWideSNP_6_D04_781908	12	11216849	11241532	14	0.7688
FOXED_p_TCGA_b122_128_SNP_N_GenomeWideSNP_6_D04_781908	12	11251874	11299627	21	0.2613
FOXED_p_TCGA_b122_128_SNP_N_GenomeWideSNP_6_D04_781908	12	11305193	11305337	2	1.0675
FOXED_p_TCGA_b122_128_SNP_N_GenomeWideSNP_6_D04_781908	12	11308174	11497999	97	0.0563
FOXED_p_TCGA_b122_128_SNP_N_GenomeWideSNP_6_D04_781908	12	11503126	11503439	7	0.5145
FOXED_p_TCGA_b122_128_SNP_N_GenomeWideSNP_6_D04_781908	12	11503513	12913903	1159	0.0285
FOXED_p_TCGA_b122_128_SNP_N_GenomeWideSNP_6_D04_781908	12	12914612	14291300	1122	-0.4509
FOXED_p_TCGA_b122_128_SNP_N_GenomeWideSNP_6_D04_781908	12	14296278	20237312	3735	0.0389
FOXED_p_TCGA_b122_128_SNP_N_GenomeWideSNP_6_D04_781908	12	20238545	20238866	2	-1.5305
FOXED_p_TCGA_b122_128_SNP_N_GenomeWideSNP_6_D04_781908	12	20240305	22248818	1310	0.032
FOXED_p_TCGA_b122_128_SNP_N_GenomeWideSNP_6_D04_781908	12	22248935	22252932	9	0.6909
FOXED_p_TCGA_b122_128_SNP_N_GenomeWideSNP_6_D04_781908	12	22252945	25190921	2063	0.0122
FOXED_p_TCGA_b122_128_SNP_N_GenomeWideSNP_6_D04_781908	12	25193158	25196466	3	-1.0558
FOXED_p_TCGA_b122_128_SNP_N_GenomeWideSNP_6_D04_781908	12	25200565	27147931	1528	0.0214
FOXED_p_TCGA_b122_128_SNP_N_GenomeWideSNP_6_D04_781908	12	27151866	27152666	4	-1.5253
FOXED_p_TCGA_b122_128_SNP_N_GenomeWideSNP_6_D04_781908	12	27155285	28094763	671	0.0521
FOXED_p_TCGA_b122_128_SNP_N_GenomeWideSNP_6_D04_781908	12	28094921	28097644	12	-1.1585
FOXED_p_TCGA_b122_128_SNP_N_GenomeWideSNP_6_D04_781908	12	28103460	28135996	14	0.1515
FOXED_p_TCGA_b122_128_SNP_N_GenomeWideSNP_6_D04_781908	12	28139846	28142465	2	-1.5466
FOXED_p_TCGA_b122_128_SNP_N_GenomeWideSNP_6_D04_781908	12	28142597	29163628	744	0.0169
FOXED_p_TCGA_b122_128_SNP_N_GenomeWideSNP_6_D04_781908	12	29164321	29164522	2	-1.6083
FOXED_p_TCGA_b122_128_SNP_N_GenomeWideSNP_6_D04_781908	12	29167983	30235581	783	-0.0091
FOXED_p_TCGA_b122_128_SNP_N_GenomeWideSNP_6_D04_781908	12	30239267	30243631	21	-1.704
FOXED_p_TCGA_b122_128_SNP_N_GenomeWideSNP_6_D04_781908	12	30243665	33294660	2273	0.0068
FOXED_p_TCGA_b122_128_SNP_N_GenomeWideSNP_6_D04_781908	12	33301406	33307374	27	-0.7482
FOXED_p_TCGA_b122_128_SNP_N_GenomeWideSNP_6_D04_781908	12	33308360	43573801	4254	0.0242
FOXED_p_TCGA_b122_128_SNP_N_GenomeWideSNP_6_D04_781908	12	43573966	43579716	4	-0.6505
FOXED_p_TCGA_b122_128_SNP_N_GenomeWideSNP_6_D04_781908	12	43580220	44701141	669	0.0415
FOXED_p_TCGA_b122_128_SNP_N_GenomeWideSNP_6_D04_781908	12	44701284	44701619	2	-1.6273
FOXED_p_TCGA_b122_128_SNP_N_GenomeWideSNP_6_D04_781908	12	44706027	45899504	698	-0.0018
FOXED_p_TCGA_b122_128_SNP_N_GenomeWideSNP_6_D04_781908	12	45899825	45909537	5	1.2785
FOXED_p_TCGA_b122_128_SNP_N_GenomeWideSNP_6_D04_781908	12	45913292	48145456	1334	0.0293
FOXED_p_TCGA_b122_128_SNP_N_GenomeWideSNP_6_D04_781908	12	48146435	48150794	3	-1.3022
FOXED_p_TCGA_b122_128_SNP_N_GenomeWideSNP_6_D04_781908	12	48150951	92079357	26983	0.0203
FOXED_p_TCGA_b122_128_SNP_N_GenomeWideSNP_6_D04_781908	12	92082429	92083435	2	-1.8326
FOXED_p_TCGA_b122_128_SNP_N_GenomeWideSNP_6_D04_781908	12	92084627	99795773	5436	0.013
FOXED_p_TCGA_b122_128_SNP_N_GenomeWideSNP_6_D04_781908	12	99795851	99798062	19	0.4322
FOXED_p_TCGA_b122_128_SNP_N_GenomeWideSNP_6_D04_781908	12	99798152	100005896	143	0.0428
FOXED_p_TCGA_b122_128_SNP_N_GenomeWideSNP_6_D04_781908	12	100006633	100015840	7	-0.6909
FOXED_p_TCGA_b122_128_SNP_N_GenomeWideSNP_6_D04_781908	12	100017772	132120715	22045	-0.0412
FOXED_p_TCGA_b122_128_SNP_N_GenomeWideSNP_6_D04_781908	12	132132584	132133335	13	-2.0615
FOXED_p_TCGA_b122_128_SNP_N_GenomeWideSNP_6_D04_781908	12	132142331	133778189	572	-0.0407
FOXED_p_TCGA_b122_128_SNP_N_GenomeWideSNP_6_D04_781908	13	19026949	23629187	2898	0.3209
FOXED_p_TCGA_b122_128_SNP_N_GenomeWideSNP_6_D04_781908	13	23629210	23633515	13	-1.4836
FOXED_p_TCGA_b122_128_SNP_N_GenomeWideSNP_6_D04_781908	13	23638195	25029083	1133	0.3509
FOXED_p_TCGA_b122_128_SNP_N_GenomeWideSNP_6_D04_781908	13	25029295	25031114	12	-0.084
FOXED_p_TCGA_b122_128_SNP_N_GenomeWideSNP_6_D04_781908	13	25035607	25039598	4	-0.8046
FOXED_p_TCGA_b122_128_SNP_N_GenomeWideSNP_6_D04_781908	13	25039678	26078159	706	0.3242
FOXED_p_TCGA_b122_128_SNP_N_GenomeWideSNP_6_D04_781908	13	26079627	26079717	2	-1.9099
FOXED_p_TCGA_b122_128_SNP_N_GenomeWideSNP_6_D04_781908	13	26080503	27239161	839	0.306
FOXED_p_TCGA_b122_128_SNP_N_GenomeWideSNP_6_D04_781908	13	27240714	27240728	2	-1.0979
FOXED_p_TCGA_b122_128_SNP_N_GenomeWideSNP_6_D04_781908	13	27243147	28193527	760	0.3331
FOXED_p_TCGA_b122_128_SNP_N_GenomeWideSNP_6_D04_781908	13	28197436	29692759	1106	2.066
FOXED_p_TCGA_b122_128_SNP_N_GenomeWideSNP_6_D04_781908	13	29694931	38071135	6096	0.3145
FOXED_p_TCGA_b122_128_SNP_N_GenomeWideSNP_6_D04_781908	13	38072036	38084757	16	-1.6929
FOXED_p_TCGA_b122_128_SNP_N_GenomeWideSNP_6_D04_781908	13	38088330	72476988	21588	0.3509
FOXED_p_TCGA_b122_128_SNP_N_GenomeWideSNP_6_D04_781908	13	72477555	72480556	4	1.5439
FOXED_p_TCGA_b122_128_SNP_N_GenomeWideSNP_6_D04_781908	13	72480605	80388625	5561	0.3878
FOXED_p_TCGA_b122_128_SNP_N_GenomeWideSNP_6_D04_781908	13	80390959	80398379	3	-0.7114
FOXED_p_TCGA_b122_128_SNP_N_GenomeWideSNP_6_D04_781908	13	80398632	102733979	14434	0.3441
FOXED_p_TCGA_b122_128_SNP_N_GenomeWideSNP_6_D04_781908	13	102738606	102739440	2	-1.7249
FOXED_p_TCGA_b122_128_SNP_N_GenomeWideSNP_6_D04_781908	13	102740371	105453010	2275	0.3559
FOXED_p_TCGA_b122_128_SNP_N_GenomeWideSNP_6_D04_781908	13	105454168	105454255	2	-1.1465
FOXED_p_TCGA_b122_128_SNP_N_GenomeWideSNP_6_D04_781908	13	105454868	114807997	6747	0.3425
FOXED_p_TCGA_b122_128_SNP_N_GenomeWideSNP_6_D04_781908	13	114817588	114837707	12	-0.2542
FOXED_p_TCGA_b122_128_SNP_N_GenomeWideSNP_6_D04_781908	13	114837726	115108397	126	0.2833
FOXED_p_TCGA_b122_128_SNP_N_GenomeWideSNP_6_D04_781908	14	19002124	19438611	33	-0.242
FOXED_p_TCGA_b122_128_SNP_N_GenomeWideSNP_6_D04_781908	14	19451076	19469520	5	-2.2331
FOXED_p_TCGA_b122_128_SNP_N_GenomeWideSNP_6_D04_781908	14	19541714	20259963	71	-0.3844
FOXED_p_TCGA_b122_128_SNP_N_GenomeWideSNP_6_D04_781908	14	20263276	20424926	82	-0.7906
FOXED_p_TCGA_b122_128_SNP_N_GenomeWideSNP_6_D04_781908	14	20425509	40608928	12897	-0.4249
FOXED_p_TCGA_b122_128_SNP_N_GenomeWideSNP_6_D04_781908	14	40613922	40616919	2	-2.5023
FOXED_p_TCGA_b122_128_SNP_N_GenomeWideSNP_6_D04_781908	14	40618165	41469731	568	-0.4278
FOXED_p_TCGA_b122_128_SNP_N_GenomeWideSNP_6_D04_781908	14	41469945	41470426	2	-2.0181
FOXED_p_TCGA_b122_128_SNP_N_GenomeWideSNP_6_D04_781908	14	41472014	41615120	154	-0.3792
FOXED_p_TCGA_b122_128_SNP_N_GenomeWideSNP_6_D04_781908	14	41628229	41637429	8	0.3089
FOXED_p_TCGA_b122_128_SNP_N_GenomeWideSNP_6_D04_781908	14	41637815	43786550	1331	-0.4414
FOXED_p_TCGA_b122_128_SNP_N_GenomeWideSNP_6_D04_781908	14	43788084	43792212	3	-1.9171
FOXED_p_TCGA_b122_128_SNP_N_GenomeWideSNP_6_D04_781908	14	43794611	44148955	167	-0.3728
FOXED_p_TCGA_b122_128_SNP_N_GenomeWideSNP_6_D04_781908	14	44149040	44149461	2	-1.9531
FOXED_p_TCGA_b122_128_SNP_N_GenomeWideSNP_6_D04_781908	14	44151321	45174100	619	-0.3771
FOXED_p_TCGA_b122_128_SNP_N_GenomeWideSNP_6_D04_781908	14	45182148	45223590	30	-4.1149
FOXED_p_TCGA_b122_128_SNP_N_GenomeWideSNP_6_D04_781908	14	45223609	45223713	2	-2.1079
FOXED_p_TCGA_b122_128_SNP_N_GenomeWideSNP_6_D04_781908	14	45226859	63326784	11555	-0.4502
FOXED_p_TCGA_b122_128_SNP_N_GenomeWideSNP_6_D04_781908	14	63328525	63328809	2	-2.6794
FOXED_p_TCGA_b122_128_SNP_N_GenomeWideSNP_6_D04_781908	14	63332083	70018047	4107	-0.4402
FOXED_p_TCGA_b122_128_SNP_N_GenomeWideSNP_6_D04_781908	14	70018368	70022467	8	-2.9503
FOXED_p_TCGA_b122_128_SNP_N_GenomeWideSNP_6_D04_781908	14	70022713	74006707	2621	-0.481
FOXED_p_TCGA_b122_128_SNP_N_GenomeWideSNP_6_D04_781908	14	74006851	74020979	7	-2.1512
FOXED_p_TCGA_b122_128_SNP_N_GenomeWideSNP_6_D04_781908	14	74029900	106460902	20738	-0.4913
FOXED_p_TCGA_b122_128_SNP_N_GenomeWideSNP_6_D04_781908	14	106479675	106524382	19	0.104
FOXED_p_TCGA_b122_128_SNP_N_GenomeWideSNP_6_D04_781908	14	106525223	106547507	12	-0.854
FOXED_p_TCGA_b122_128_SNP_N_GenomeWideSNP_6_D04_781908	14	106548213	106561441	8	-2.9456
FOXED_p_TCGA_b122_128_SNP_N_GenomeWideSNP_6_D04_781908	14	106567100	106715489	67	-0.3164
FOXED_p_TCGA_b122_128_SNP_N_GenomeWideSNP_6_D04_781908	14	106717356	106740774	13	-1.0736
FOXED_p_TCGA_b122_128_SNP_N_GenomeWideSNP_6_D04_781908	14	106746725	106820744	33	-0.267
FOXED_p_TCGA_b122_128_SNP_N_GenomeWideSNP_6_D04_781908	14	106821736	106934548	88	-0.0568
FOXED_p_TCGA_b122_128_SNP_N_GenomeWideSNP_6_D04_781908	14	106939788	107285437	216	-0.4084
FOXED_p_TCGA_b122_128_SNP_N_GenomeWideSNP_6_D04_781908	15	20016328	30501833	5112	0.0508
FOXED_p_TCGA_b122_128_SNP_N_GenomeWideSNP_6_D04_781908	15	30501853	30900878	100	0.4469
FOXED_p_TCGA_b122_128_SNP_N_GenomeWideSNP_6_D04_781908	15	30913587	31372016	258	0.0018
FOXED_p_TCGA_b122_128_SNP_N_GenomeWideSNP_6_D04_781908	15	31376696	31381989	2	-1.4723
FOXED_p_TCGA_b122_128_SNP_N_GenomeWideSNP_6_D04_781908	15	31383623	32428079	775	0.0579
FOXED_p_TCGA_b122_128_SNP_N_GenomeWideSNP_6_D04_781908	15	32429698	32799377	70	0.3751
FOXED_p_TCGA_b122_128_SNP_N_GenomeWideSNP_6_D04_781908	15	32799827	38107408	3865	0.0015
FOXED_p_TCGA_b122_128_SNP_N_GenomeWideSNP_6_D04_781908	15	38108649	38109776	2	-1.6947
FOXED_p_TCGA_b122_128_SNP_N_GenomeWideSNP_6_D04_781908	15	38111728	42717367	2892	0.0077
FOXED_p_TCGA_b122_128_SNP_N_GenomeWideSNP_6_D04_781908	15	42718917	42777032	30	0.6013
FOXED_p_TCGA_b122_128_SNP_N_GenomeWideSNP_6_D04_781908	15	42780545	76891241	21259	-0.0035
FOXED_p_TCGA_b122_128_SNP_N_GenomeWideSNP_6_D04_781908	15	76891511	76895344	14	-2.3697
FOXED_p_TCGA_b122_128_SNP_N_GenomeWideSNP_6_D04_781908	15	76895767	83043161	3666	-0.011
FOXED_p_TCGA_b122_128_SNP_N_GenomeWideSNP_6_D04_781908	15	83046078	83108839	7	-1.2889
FOXED_p_TCGA_b122_128_SNP_N_GenomeWideSNP_6_D04_781908	15	83169549	83551383	247	-0.0333
FOXED_p_TCGA_b122_128_SNP_N_GenomeWideSNP_6_D04_781908	15	83557883	83558071	3	-1.3979
FOXED_p_TCGA_b122_128_SNP_N_GenomeWideSNP_6_D04_781908	15	83559421	101910550	13366	-0.0142
FOXED_p_TCGA_b122_128_SNP_N_GenomeWideSNP_6_D04_781908	15	101910961	101928785	25	-0.5483
FOXED_p_TCGA_b122_128_SNP_N_GenomeWideSNP_6_D04_781908	15	101929825	102469040	373	0.0465
FOXED_p_TCGA_b122_128_SNP_N_GenomeWideSNP_6_D04_781908	16	60777	62016	3	-0.0403
FOXED_p_TCGA_b122_128_SNP_N_GenomeWideSNP_6_D04_781908	16	85827	6102912	3193	0.495
FOXED_p_TCGA_b122_128_SNP_N_GenomeWideSNP_6_D04_781908	16	6104118	6108983	9	-0.0828
FOXED_p_TCGA_b122_128_SNP_N_GenomeWideSNP_6_D04_781908	16	6109221	6285234	212	0.4615
FOXED_p_TCGA_b122_128_SNP_N_GenomeWideSNP_6_D04_781908	16	6291019	6430505	186	0.0109
FOXED_p_TCGA_b122_128_SNP_N_GenomeWideSNP_6_D04_781908	16	6431922	6464143	42	-0.2007
FOXED_p_TCGA_b122_128_SNP_N_GenomeWideSNP_6_D04_781908	16	6464203	6531961	72	-0.7969
FOXED_p_TCGA_b122_128_SNP_N_GenomeWideSNP_6_D04_781908	16	6534602	6590119	79	-1.3907
FOXED_p_TCGA_b122_128_SNP_N_GenomeWideSNP_6_D04_781908	16	6591471	6810311	321	-0.8502
FOXED_p_TCGA_b122_128_SNP_N_GenomeWideSNP_6_D04_781908	16	6810812	6868511	59	-1.576
FOXED_p_TCGA_b122_128_SNP_N_GenomeWideSNP_6_D04_781908	16	6868721	6892507	21	-1.0718
FOXED_p_TCGA_b122_128_SNP_N_GenomeWideSNP_6_D04_781908	16	6894272	6974619	103	0.0807
FOXED_p_TCGA_b122_128_SNP_N_GenomeWideSNP_6_D04_781908	16	6977964	12648859	5123	0.5178
FOXED_p_TCGA_b122_128_SNP_N_GenomeWideSNP_6_D04_781908	16	12648978	12648995	2	2.549
FOXED_p_TCGA_b122_128_SNP_N_GenomeWideSNP_6_D04_781908	16	12650247	22577590	5429	0.5353
FOXED_p_TCGA_b122_128_SNP_N_GenomeWideSNP_6_D04_781908	16	22577603	22710742	68	0.7809
FOXED_p_TCGA_b122_128_SNP_N_GenomeWideSNP_6_D04_781908	16	22712979	32040483	5158	0.5148
FOXED_p_TCGA_b122_128_SNP_N_GenomeWideSNP_6_D04_781908	16	32040814	32588619	82	0.7823
FOXED_p_TCGA_b122_128_SNP_N_GenomeWideSNP_6_D04_781908	16	32588621	32655239	30	1.1034
FOXED_p_TCGA_b122_128_SNP_N_GenomeWideSNP_6_D04_781908	16	32655295	33369764	63	0.4856
FOXED_p_TCGA_b122_128_SNP_N_GenomeWideSNP_6_D04_781908	16	33371606	33773065	98	0.8773
FOXED_p_TCGA_b122_128_SNP_N_GenomeWideSNP_6_D04_781908	16	33773972	34459601	194	0.5438
FOXED_p_TCGA_b122_128_SNP_N_GenomeWideSNP_6_D04_781908	16	34459709	34757071	170	0.9282
FOXED_p_TCGA_b122_128_SNP_N_GenomeWideSNP_6_D04_781908	16	34760967	55795048	6610	0.5386
FOXED_p_TCGA_b122_128_SNP_N_GenomeWideSNP_6_D04_781908	16	55795214	55842354	26	-0.4088
FOXED_p_TCGA_b122_128_SNP_N_GenomeWideSNP_6_D04_781908	16	55842382	55847821	8	1.1082
FOXED_p_TCGA_b122_128_SNP_N_GenomeWideSNP_6_D04_781908	16	55848068	70136868	8755	0.5398
FOXED_p_TCGA_b122_128_SNP_N_GenomeWideSNP_6_D04_781908	16	70139542	70213044	19	0.0905
FOXED_p_TCGA_b122_128_SNP_N_GenomeWideSNP_6_D04_781908	16	70234536	74405191	2430	0.5447
FOXED_p_TCGA_b122_128_SNP_N_GenomeWideSNP_6_D04_781908	16	74407012	74452036	4	-0.296
FOXED_p_TCGA_b122_128_SNP_N_GenomeWideSNP_6_D04_781908	16	74456601	78371608	3214	0.5351
FOXED_p_TCGA_b122_128_SNP_N_GenomeWideSNP_6_D04_781908	16	78372440	78373764	5	1.1443
FOXED_p_TCGA_b122_128_SNP_N_GenomeWideSNP_6_D04_781908	16	78373817	79114484	1022	0.4658
FOXED_p_TCGA_b122_128_SNP_N_GenomeWideSNP_6_D04_781908	16	79115961	79117608	5	-0.2155
FOXED_p_TCGA_b122_128_SNP_N_GenomeWideSNP_6_D04_781908	16	79118610	79444498	370	0.5028
FOXED_p_TCGA_b122_128_SNP_N_GenomeWideSNP_6_D04_781908	16	79445086	79451202	10	0.0701
FOXED_p_TCGA_b122_128_SNP_N_GenomeWideSNP_6_D04_781908	16	79453355	80898374	1561	0.5143
FOXED_p_TCGA_b122_128_SNP_N_GenomeWideSNP_6_D04_781908	16	80900186	80904259	4	-0.1988
FOXED_p_TCGA_b122_128_SNP_N_GenomeWideSNP_6_D04_781908	16	80905038	81230444	319	0.5214
FOXED_p_TCGA_b122_128_SNP_N_GenomeWideSNP_6_D04_781908	16	81232275	81232590	3	-0.8986
FOXED_p_TCGA_b122_128_SNP_N_GenomeWideSNP_6_D04_781908	16	81233418	90287535	7368	0.5175
FOXED_p_TCGA_b122_128_SNP_N_GenomeWideSNP_6_D04_781908	17	526	18289210	11401	-0.5235
FOXED_p_TCGA_b122_128_SNP_N_GenomeWideSNP_6_D04_781908	17	18289404	18532410	53	0.0961
FOXED_p_TCGA_b122_128_SNP_N_GenomeWideSNP_6_D04_781908	17	18533676	22235650	1535	-0.4493
FOXED_p_TCGA_b122_128_SNP_N_GenomeWideSNP_6_D04_781908	17	25270411	44208674	10517	-0.0238
FOXED_p_TCGA_b122_128_SNP_N_GenomeWideSNP_6_D04_781908	17	44212428	44292755	72	-0.4347
FOXED_p_TCGA_b122_128_SNP_N_GenomeWideSNP_6_D04_781908	17	44295834	44364170	17	-0.0229
FOXED_p_TCGA_b122_128_SNP_N_GenomeWideSNP_6_D04_781908	17	44394412	44764994	49	0.8107
FOXED_p_TCGA_b122_128_SNP_N_GenomeWideSNP_6_D04_781908	17	44784652	49540193	2498	-0.0166
FOXED_p_TCGA_b122_128_SNP_N_GenomeWideSNP_6_D04_781908	17	49542177	49542219	2	-1.5821
FOXED_p_TCGA_b122_128_SNP_N_GenomeWideSNP_6_D04_781908	17	49542718	54160914	3314	-0.0042
FOXED_p_TCGA_b122_128_SNP_N_GenomeWideSNP_6_D04_781908	17	54161009	54172823	27	-0.5954
FOXED_p_TCGA_b122_128_SNP_N_GenomeWideSNP_6_D04_781908	17	54173247	67942080	7933	-0.0139
FOXED_p_TCGA_b122_128_SNP_N_GenomeWideSNP_6_D04_781908	17	67948764	67957827	12	0.4526
FOXED_p_TCGA_b122_128_SNP_N_GenomeWideSNP_6_D04_781908	17	67959344	72630431	3584	-0.0258
FOXED_p_TCGA_b122_128_SNP_N_GenomeWideSNP_6_D04_781908	17	72633815	72649120	15	-0.7502
FOXED_p_TCGA_b122_128_SNP_N_GenomeWideSNP_6_D04_781908	17	72649463	81029209	4230	-0.0527
FOXED_p_TCGA_b122_128_SNP_N_GenomeWideSNP_6_D04_781908	17	81029590	81049726	6	-0.3501
FOXED_p_TCGA_b122_128_SNP_N_GenomeWideSNP_6_D04_781908	18	11543	392795	222	-0.495
FOXED_p_TCGA_b122_128_SNP_N_GenomeWideSNP_6_D04_781908	18	393413	394762	2	-2.3855
FOXED_p_TCGA_b122_128_SNP_N_GenomeWideSNP_6_D04_781908	18	395016	15092486	10128	-0.482
FOXED_p_TCGA_b122_128_SNP_N_GenomeWideSNP_6_D04_781908	18	15093591	18572428	81	-0.1401
FOXED_p_TCGA_b122_128_SNP_N_GenomeWideSNP_6_D04_781908	18	18573666	34979960	10194	-0.4437
FOXED_p_TCGA_b122_128_SNP_N_GenomeWideSNP_6_D04_781908	18	34980024	34981800	3	-1.6923
FOXED_p_TCGA_b122_128_SNP_N_GenomeWideSNP_6_D04_781908	18	34983242	38260470	2162	-0.4828
FOXED_p_TCGA_b122_128_SNP_N_GenomeWideSNP_6_D04_781908	18	38260480	38269812	18	-1.282
FOXED_p_TCGA_b122_128_SNP_N_GenomeWideSNP_6_D04_781908	18	38270072	41069732	1855	-0.4555
FOXED_p_TCGA_b122_128_SNP_N_GenomeWideSNP_6_D04_781908	18	41069878	41079541	5	-1.6785
FOXED_p_TCGA_b122_128_SNP_N_GenomeWideSNP_6_D04_781908	18	41079581	41244833	88	-0.4947
FOXED_p_TCGA_b122_128_SNP_N_GenomeWideSNP_6_D04_781908	18	41244911	41245773	3	-1.6738
FOXED_p_TCGA_b122_128_SNP_N_GenomeWideSNP_6_D04_781908	18	41247252	41974818	409	-0.4524
FOXED_p_TCGA_b122_128_SNP_N_GenomeWideSNP_6_D04_781908	18	41976886	41978522	5	-2.864
FOXED_p_TCGA_b122_128_SNP_N_GenomeWideSNP_6_D04_781908	18	41978625	63727545	15111	-0.4567
FOXED_p_TCGA_b122_128_SNP_N_GenomeWideSNP_6_D04_781908	18	63727599	63728340	10	-1.8403
FOXED_p_TCGA_b122_128_SNP_N_GenomeWideSNP_6_D04_781908	18	63732738	70344059	4800	-0.4376
FOXED_p_TCGA_b122_128_SNP_N_GenomeWideSNP_6_D04_781908	18	70344450	70348081	3	-3.413
FOXED_p_TCGA_b122_128_SNP_N_GenomeWideSNP_6_D04_781908	18	70348866	75069046	3754	-0.4982
FOXED_p_TCGA_b122_128_SNP_N_GenomeWideSNP_6_D04_781908	18	75072878	75073275	3	-2.9443
FOXED_p_TCGA_b122_128_SNP_N_GenomeWideSNP_6_D04_781908	18	75076696	78015057	1846	-0.5271
FOXED_p_TCGA_b122_128_SNP_N_GenomeWideSNP_6_D04_781908	19	90910	2268055	517	0.2831
FOXED_p_TCGA_b122_128_SNP_N_GenomeWideSNP_6_D04_781908	19	2283140	5506659	1076	-0.5324
FOXED_p_TCGA_b122_128_SNP_N_GenomeWideSNP_6_D04_781908	19	5510239	5510653	3	-2.3384
FOXED_p_TCGA_b122_128_SNP_N_GenomeWideSNP_6_D04_781908	19	5510700	5766090	112	-0.5828
FOXED_p_TCGA_b122_128_SNP_N_GenomeWideSNP_6_D04_781908	19	5769444	7558024	866	0.2397
FOXED_p_TCGA_b122_128_SNP_N_GenomeWideSNP_6_D04_781908	19	7561723	13680764	2915	-0.5189
FOXED_p_TCGA_b122_128_SNP_N_GenomeWideSNP_6_D04_781908	19	13682055	14423112	260	0.2648
FOXED_p_TCGA_b122_128_SNP_N_GenomeWideSNP_6_D04_781908	19	14424032	14425184	2	-0.7238
FOXED_p_TCGA_b122_128_SNP_N_GenomeWideSNP_6_D04_781908	19	14426595	14633679	73	0.294
FOXED_p_TCGA_b122_128_SNP_N_GenomeWideSNP_6_D04_781908	19	14643499	14643514	2	-1.2052
FOXED_p_TCGA_b122_128_SNP_N_GenomeWideSNP_6_D04_781908	19	14644804	14752649	49	0.2922
FOXED_p_TCGA_b122_128_SNP_N_GenomeWideSNP_6_D04_781908	19	14753608	14757402	3	1.4463
FOXED_p_TCGA_b122_128_SNP_N_GenomeWideSNP_6_D04_781908	19	14758000	16291616	1093	0.2506
FOXED_p_TCGA_b122_128_SNP_N_GenomeWideSNP_6_D04_781908	19	16296180	19860495	1577	-0.5166
FOXED_p_TCGA_b122_128_SNP_N_GenomeWideSNP_6_D04_781908	19	19861682	19863631	2	-2.5694
FOXED_p_TCGA_b122_128_SNP_N_GenomeWideSNP_6_D04_781908	19	19869344	24583312	2683	-0.461
FOXED_p_TCGA_b122_128_SNP_N_GenomeWideSNP_6_D04_781908	19	24596750	35849322	5566	0.2407
FOXED_p_TCGA_b122_128_SNP_N_GenomeWideSNP_6_D04_781908	19	35849493	35861848	22	-2.1922
FOXED_p_TCGA_b122_128_SNP_N_GenomeWideSNP_6_D04_781908	19	35866744	41134455	2680	0.2436
FOXED_p_TCGA_b122_128_SNP_N_GenomeWideSNP_6_D04_781908	19	41135772	41165252	11	-0.2312
FOXED_p_TCGA_b122_128_SNP_N_GenomeWideSNP_6_D04_781908	19	41165613	54722275	7190	0.2542
FOXED_p_TCGA_b122_128_SNP_N_GenomeWideSNP_6_D04_781908	19	54730202	54817483	44	0.652
FOXED_p_TCGA_b122_128_SNP_N_GenomeWideSNP_6_D04_781908	19	54818035	56282535	737	0.2397
FOXED_p_TCGA_b122_128_SNP_N_GenomeWideSNP_6_D04_781908	19	56283029	56283067	2	-2.7549
FOXED_p_TCGA_b122_128_SNP_N_GenomeWideSNP_6_D04_781908	19	56286293	59097854	1850	0.2218
FOXED_p_TCGA_b122_128_SNP_N_GenomeWideSNP_6_D04_781908	20	61305	1094915	828	-0.5033
FOXED_p_TCGA_b122_128_SNP_N_GenomeWideSNP_6_D04_781908	20	1097301	1098486	4	0.7388
FOXED_p_TCGA_b122_128_SNP_N_GenomeWideSNP_6_D04_781908	20	1110251	3827309	1984	-0.5211
FOXED_p_TCGA_b122_128_SNP_N_GenomeWideSNP_6_D04_781908	20	3829667	3843027	5	-1.8504
FOXED_p_TCGA_b122_128_SNP_N_GenomeWideSNP_6_D04_781908	20	3843393	4813056	800	-0.5246
FOXED_p_TCGA_b122_128_SNP_N_GenomeWideSNP_6_D04_781908	20	4813678	4819101	5	-1.4815
FOXED_p_TCGA_b122_128_SNP_N_GenomeWideSNP_6_D04_781908	20	4820603	7982090	2385	-0.4725
FOXED_p_TCGA_b122_128_SNP_N_GenomeWideSNP_6_D04_781908	20	7985376	8586526	453	0.3669
FOXED_p_TCGA_b122_128_SNP_N_GenomeWideSNP_6_D04_781908	20	8587297	9191578	553	-0.4516
FOXED_p_TCGA_b122_128_SNP_N_GenomeWideSNP_6_D04_781908	20	9191884	9194973	3	-1.5468
FOXED_p_TCGA_b122_128_SNP_N_GenomeWideSNP_6_D04_781908	20	9198462	9637048	360	-0.4136
FOXED_p_TCGA_b122_128_SNP_N_GenomeWideSNP_6_D04_781908	20	9639608	9645874	8	0.3694
FOXED_p_TCGA_b122_128_SNP_N_GenomeWideSNP_6_D04_781908	20	9646608	9967393	266	-0.4467
FOXED_p_TCGA_b122_128_SNP_N_GenomeWideSNP_6_D04_781908	20	9971124	12172911	1671	0.3322
FOXED_p_TCGA_b122_128_SNP_N_GenomeWideSNP_6_D04_781908	20	12174020	12191861	12	-0.1047
FOXED_p_TCGA_b122_128_SNP_N_GenomeWideSNP_6_D04_781908	20	12194009	15122654	2168	0.3086
FOXED_p_TCGA_b122_128_SNP_N_GenomeWideSNP_6_D04_781908	20	15123360	15130413	4	-0.571
FOXED_p_TCGA_b122_128_SNP_N_GenomeWideSNP_6_D04_781908	20	15130818	26278316	8537	0.315
FOXED_p_TCGA_b122_128_SNP_N_GenomeWideSNP_6_D04_781908	20	26280601	36324206	3330	1.1264
FOXED_p_TCGA_b122_128_SNP_N_GenomeWideSNP_6_D04_781908	20	36325407	36325815	3	0.2659
FOXED_p_TCGA_b122_128_SNP_N_GenomeWideSNP_6_D04_781908	20	36325847	37690862	850	1.3251
FOXED_p_TCGA_b122_128_SNP_N_GenomeWideSNP_6_D04_781908	20	37695645	37696409	2	0.0371
FOXED_p_TCGA_b122_128_SNP_N_GenomeWideSNP_6_D04_781908	20	37696520	40359519	1825	1.3156
FOXED_p_TCGA_b122_128_SNP_N_GenomeWideSNP_6_D04_781908	20	40360023	40360027	5	0.2039
FOXED_p_TCGA_b122_128_SNP_N_GenomeWideSNP_6_D04_781908	20	40360784	41263421	836	1.2843
FOXED_p_TCGA_b122_128_SNP_N_GenomeWideSNP_6_D04_781908	20	41265308	41268091	5	0.2739
FOXED_p_TCGA_b122_128_SNP_N_GenomeWideSNP_6_D04_781908	20	41268123	42913652	1259	1.3061
FOXED_p_TCGA_b122_128_SNP_N_GenomeWideSNP_6_D04_781908	20	42924791	45713931	1903	1.6226
FOXED_p_TCGA_b122_128_SNP_N_GenomeWideSNP_6_D04_781908	20	45716504	61179294	11730	1.3387
FOXED_p_TCGA_b122_128_SNP_N_GenomeWideSNP_6_D04_781908	20	61179388	61182062	2	-0.5326
FOXED_p_TCGA_b122_128_SNP_N_GenomeWideSNP_6_D04_781908	20	61183145	62956153	712	1.3102
FOXED_p_TCGA_b122_128_SNP_N_GenomeWideSNP_6_D04_781908	21	10736871	17594404	2039	0.0289
FOXED_p_TCGA_b122_128_SNP_N_GenomeWideSNP_6_D04_781908	21	17607482	18373340	523	-0.4045
FOXED_p_TCGA_b122_128_SNP_N_GenomeWideSNP_6_D04_781908	21	18376608	20056087	1152	0.0757
FOXED_p_TCGA_b122_128_SNP_N_GenomeWideSNP_6_D04_781908	21	20057678	20080384	26	0.6439
FOXED_p_TCGA_b122_128_SNP_N_GenomeWideSNP_6_D04_781908	21	20080934	21307939	955	0.0054
FOXED_p_TCGA_b122_128_SNP_N_GenomeWideSNP_6_D04_781908	21	21310635	21325893	8	0.6918
FOXED_p_TCGA_b122_128_SNP_N_GenomeWideSNP_6_D04_781908	21	21326685	22240090	696	0.0055
FOXED_p_TCGA_b122_128_SNP_N_GenomeWideSNP_6_D04_781908	21	22249786	24505930	1721	-0.4582
FOXED_p_TCGA_b122_128_SNP_N_GenomeWideSNP_6_D04_781908	21	24506086	24519355	8	0.3655
FOXED_p_TCGA_b122_128_SNP_N_GenomeWideSNP_6_D04_781908	21	24521102	24601598	66	-0.2405
FOXED_p_TCGA_b122_128_SNP_N_GenomeWideSNP_6_D04_781908	21	24604246	25228761	503	-0.4561
FOXED_p_TCGA_b122_128_SNP_N_GenomeWideSNP_6_D04_781908	21	25229806	27375997	1583	-0.0085
FOXED_p_TCGA_b122_128_SNP_N_GenomeWideSNP_6_D04_781908	21	27376404	28351958	822	-0.4829
FOXED_p_TCGA_b122_128_SNP_N_GenomeWideSNP_6_D04_781908	21	28357999	39968534	8500	-0.0054
FOXED_p_TCGA_b122_128_SNP_N_GenomeWideSNP_6_D04_781908	21	39973752	44271989	3614	-0.4893
FOXED_p_TCGA_b122_128_SNP_N_GenomeWideSNP_6_D04_781908	21	44272744	44791843	299	-0.0692
FOXED_p_TCGA_b122_128_SNP_N_GenomeWideSNP_6_D04_781908	21	44793184	45721360	510	-0.5132
FOXED_p_TCGA_b122_128_SNP_N_GenomeWideSNP_6_D04_781908	21	45724055	46261211	301	-0.0201
FOXED_p_TCGA_b122_128_SNP_N_GenomeWideSNP_6_D04_781908	21	46261390	46583589	180	-0.5848
FOXED_p_TCGA_b122_128_SNP_N_GenomeWideSNP_6_D04_781908	21	46583897	48096957	883	-0.0904
FOXED_p_TCGA_b122_128_SNP_N_GenomeWideSNP_6_D04_781908	22	16052528	24271745	4588	-0.0242
FOXED_p_TCGA_b122_128_SNP_N_GenomeWideSNP_6_D04_781908	22	24283016	24344422	33	0.4364
FOXED_p_TCGA_b122_128_SNP_N_GenomeWideSNP_6_D04_781908	22	24350529	24396814	19	-2.2297
FOXED_p_TCGA_b122_128_SNP_N_GenomeWideSNP_6_D04_781908	22	24401529	25910605	1093	-0.0342
FOXED_p_TCGA_b122_128_SNP_N_GenomeWideSNP_6_D04_781908	22	25910756	25911100	9	0.5914
FOXED_p_TCGA_b122_128_SNP_N_GenomeWideSNP_6_D04_781908	22	25911277	25911448	6	0.1972
FOXED_p_TCGA_b122_128_SNP_N_GenomeWideSNP_6_D04_781908	22	25914024	42892439	11678	-0.0539
FOXED_p_TCGA_b122_128_SNP_N_GenomeWideSNP_6_D04_781908	22	42892582	42932418	23	0.8676
FOXED_p_TCGA_b122_128_SNP_N_GenomeWideSNP_6_D04_781908	22	42934462	51234455	6110	-0.0902
FOXED_p_TCGA_b122_128_SNP_N_GenomeWideSNP_6_D04_781908	X	168477	4292415	1238	0.0178
FOXED_p_TCGA_b122_128_SNP_N_GenomeWideSNP_6_D04_781908	X	4293277	4293736	2	-2.6718
FOXED_p_TCGA_b122_128_SNP_N_GenomeWideSNP_6_D04_781908	X	4293763	12175706	5846	-0.0169
FOXED_p_TCGA_b122_128_SNP_N_GenomeWideSNP_6_D04_781908	X	12175845	12178958	12	-0.7106
FOXED_p_TCGA_b122_128_SNP_N_GenomeWideSNP_6_D04_781908	X	12181231	28841658	10541	0.0276
FOXED_p_TCGA_b122_128_SNP_N_GenomeWideSNP_6_D04_781908	X	28841829	28843102	3	-2.3462
FOXED_p_TCGA_b122_128_SNP_N_GenomeWideSNP_6_D04_781908	X	28850223	65255942	17183	0.0156
FOXED_p_TCGA_b122_128_SNP_N_GenomeWideSNP_6_D04_781908	X	65261271	65263092	2	-3.5237
FOXED_p_TCGA_b122_128_SNP_N_GenomeWideSNP_6_D04_781908	X	65265179	114177066	25263	0.0292
FOXED_p_TCGA_b122_128_SNP_N_GenomeWideSNP_6_D04_781908	X	114177872	114178695	3	-2.3338
FOXED_p_TCGA_b122_128_SNP_N_GenomeWideSNP_6_D04_781908	X	114178964	115360523	642	0.027
FOXED_p_TCGA_b122_128_SNP_N_GenomeWideSNP_6_D04_781908	X	115360600	115362929	10	-1.0237
FOXED_p_TCGA_b122_128_SNP_N_GenomeWideSNP_6_D04_781908	X	115363988	155182354	23560	-0.0012
FOXED_p_TCGA_b122_128_SNP_N_GenomeWideSNP_6_D04_781908	Y	2650438	2912181	133	-2.3324
FOXED_p_TCGA_b122_128_SNP_N_GenomeWideSNP_6_D04_781908	Y	2915500	5568291	590	-2.0304
FOXED_p_TCGA_b122_128_SNP_N_GenomeWideSNP_6_D04_781908	Y	5578642	5658006	21	-0.5707
FOXED_p_TCGA_b122_128_SNP_N_GenomeWideSNP_6_D04_781908	Y	5658262	5944602	59	-2.0073
FOXED_p_TCGA_b122_128_SNP_N_GenomeWideSNP_6_D04_781908	Y	5944603	13871764	1947	-2.3686
FOXED_p_TCGA_b122_128_SNP_N_GenomeWideSNP_6_D04_781908	Y	13885614	13974078	38	-0.6646
FOXED_p_TCGA_b122_128_SNP_N_GenomeWideSNP_6_D04_781908	Y	13983218	17082018	1544	-2.3602
FOXED_p_TCGA_b122_128_SNP_N_GenomeWideSNP_6_D04_781908	Y	17084741	17725611	373	-0.5795
FOXED_p_TCGA_b122_128_SNP_N_GenomeWideSNP_6_D04_781908	Y	17728858	19566597	950	-2.3768
FOXED_p_TCGA_b122_128_SNP_N_GenomeWideSNP_6_D04_781908	Y	19567406	19854833	131	-1.2534
FOXED_p_TCGA_b122_128_SNP_N_GenomeWideSNP_6_D04_781908	Y	19858801	20321309	195	-2.5592
FOXED_p_TCGA_b122_128_SNP_N_GenomeWideSNP_6_D04_781908	Y	20325334	20669581	152	-1.2866
FOXED_p_TCGA_b122_128_SNP_N_GenomeWideSNP_6_D04_781908	Y	20670142	20974262	179	-0.5541
FOXED_p_TCGA_b122_128_SNP_N_GenomeWideSNP_6_D04_781908	Y	20974602	21029230	22	-1.2292
FOXED_p_TCGA_b122_128_SNP_N_GenomeWideSNP_6_D04_781908	Y	21035425	25608980	1408	-2.4229
FOXED_p_TCGA_b122_128_SNP_N_GenomeWideSNP_6_D04_781908	Y	25609441	25729067	4	-1.3475
FOXED_p_TCGA_b122_128_SNP_N_GenomeWideSNP_6_D04_781908	Y	25730517	25825092	13	-2.0383
FOXED_p_TCGA_b122_128_SNP_N_GenomeWideSNP_6_D04_781908	Y	25849111	25907031	31	-1.2287
FOXED_p_TCGA_b122_128_SNP_N_GenomeWideSNP_6_D04_781908	Y	25908370	26202172	134	-2.7507
FOXED_p_TCGA_b122_128_SNP_N_GenomeWideSNP_6_D04_781908	Y	26215948	26430674	58	-2.4488
FOXED_p_TCGA_b122_128_SNP_N_GenomeWideSNP_6_D04_781908	Y	26430908	26469059	17	-1.5375
FOXED_p_TCGA_b122_128_SNP_N_GenomeWideSNP_6_D04_781908	Y	26473956	26630929	19	-2.238
FOXED_p_TCGA_b122_128_SNP_N_GenomeWideSNP_6_D04_781908	Y	26631228	27240184	79	-2.6794
FOXED_p_TCGA_b122_128_SNP_N_GenomeWideSNP_6_D04_781908	Y	27254679	27720551	98	-2.1517
FOXED_p_TCGA_b122_128_SNP_N_GenomeWideSNP_6_D04_781908	Y	27721084	28056410	141	-2.721
FOXED_p_TCGA_b122_128_SNP_N_GenomeWideSNP_6_D04_781908	Y	28057890	28344517	71	-1.4891
FOXED_p_TCGA_b122_128_SNP_N_GenomeWideSNP_6_D04_781908	Y	28353043	59018259	222	-2.1754
