Sample	Chromosome	Start	End	Num_Probes	Segment_Mean
OWNED_p_TCGA_b102_105_SNP_N_GenomeWideSNP_6_C07_777000	1	61735	824136	70	-0.2851
OWNED_p_TCGA_b102_105_SNP_N_GenomeWideSNP_6_C07_777000	1	836713	16886135	8630	-0.0301
OWNED_p_TCGA_b102_105_SNP_N_GenomeWideSNP_6_C07_777000	1	16886193	17016880	60	-0.4207
OWNED_p_TCGA_b102_105_SNP_N_GenomeWideSNP_6_C07_777000	1	17017078	17790022	481	-0.0161
OWNED_p_TCGA_b102_105_SNP_N_GenomeWideSNP_6_C07_777000	1	17790244	17940434	78	0.3036
OWNED_p_TCGA_b102_105_SNP_N_GenomeWideSNP_6_C07_777000	1	17946183	56244947	21773	-0.0536
OWNED_p_TCGA_b102_105_SNP_N_GenomeWideSNP_6_C07_777000	1	56245389	56260814	6	-0.4816
OWNED_p_TCGA_b102_105_SNP_N_GenomeWideSNP_6_C07_777000	1	56263399	72749848	11847	-0.1148
OWNED_p_TCGA_b102_105_SNP_N_GenomeWideSNP_6_C07_777000	1	72750353	72763370	10	-0.8026
OWNED_p_TCGA_b102_105_SNP_N_GenomeWideSNP_6_C07_777000	1	72768418	72811148	48	0.229
OWNED_p_TCGA_b102_105_SNP_N_GenomeWideSNP_6_C07_777000	1	72811904	89475255	10955	-0.1327
OWNED_p_TCGA_b102_105_SNP_N_GenomeWideSNP_6_C07_777000	1	89477958	89478205	2	-2.5939
OWNED_p_TCGA_b102_105_SNP_N_GenomeWideSNP_6_C07_777000	1	89481524	102816541	8441	-0.1209
OWNED_p_TCGA_b102_105_SNP_N_GenomeWideSNP_6_C07_777000	1	102818617	102818686	2	-3.4347
OWNED_p_TCGA_b102_105_SNP_N_GenomeWideSNP_6_C07_777000	1	102818702	106019205	1593	-0.1382
OWNED_p_TCGA_b102_105_SNP_N_GenomeWideSNP_6_C07_777000	1	106019236	106024090	19	-0.5735
OWNED_p_TCGA_b102_105_SNP_N_GenomeWideSNP_6_C07_777000	1	106024137	110227515	2663	-0.1001
OWNED_p_TCGA_b102_105_SNP_N_GenomeWideSNP_6_C07_777000	1	110232974	110234628	11	0.9846
OWNED_p_TCGA_b102_105_SNP_N_GenomeWideSNP_6_C07_777000	1	110235032	120002455	6600	-0.0942
OWNED_p_TCGA_b102_105_SNP_N_GenomeWideSNP_6_C07_777000	1	120002928	120004319	2	-2.0706
OWNED_p_TCGA_b102_105_SNP_N_GenomeWideSNP_6_C07_777000	1	120004692	152555527	3402	-0.1044
OWNED_p_TCGA_b102_105_SNP_N_GenomeWideSNP_6_C07_777000	1	152555706	152586238	31	1.4377
OWNED_p_TCGA_b102_105_SNP_N_GenomeWideSNP_6_C07_777000	1	152586278	210708968	39065	-0.1097
OWNED_p_TCGA_b102_105_SNP_N_GenomeWideSNP_6_C07_777000	1	210709330	210709361	2	-2.8028
OWNED_p_TCGA_b102_105_SNP_N_GenomeWideSNP_6_C07_777000	1	210709616	240391740	20678	-0.1214
OWNED_p_TCGA_b102_105_SNP_N_GenomeWideSNP_6_C07_777000	1	240394015	240394139	6	-1.0528
OWNED_p_TCGA_b102_105_SNP_N_GenomeWideSNP_6_C07_777000	1	240396105	245875684	3883	-0.1418
OWNED_p_TCGA_b102_105_SNP_N_GenomeWideSNP_6_C07_777000	1	245880922	245940820	60	-1.0336
OWNED_p_TCGA_b102_105_SNP_N_GenomeWideSNP_6_C07_777000	1	245943995	249224388	1975	-0.1019
OWNED_p_TCGA_b102_105_SNP_N_GenomeWideSNP_6_C07_777000	2	12784	4205687	2986	0.0671
OWNED_p_TCGA_b102_105_SNP_N_GenomeWideSNP_6_C07_777000	2	4213864	4224019	42	-0.5177
OWNED_p_TCGA_b102_105_SNP_N_GenomeWideSNP_6_C07_777000	2	4230062	10525727	4940	0.0418
OWNED_p_TCGA_b102_105_SNP_N_GenomeWideSNP_6_C07_777000	2	10526124	10526385	3	1.0873
OWNED_p_TCGA_b102_105_SNP_N_GenomeWideSNP_6_C07_777000	2	10529792	14352324	2748	0.0499
OWNED_p_TCGA_b102_105_SNP_N_GenomeWideSNP_6_C07_777000	2	14353910	14360764	34	0.3587
OWNED_p_TCGA_b102_105_SNP_N_GenomeWideSNP_6_C07_777000	2	14360780	14372695	26	0.6656
OWNED_p_TCGA_b102_105_SNP_N_GenomeWideSNP_6_C07_777000	2	14379327	52741737	26348	0.0474
OWNED_p_TCGA_b102_105_SNP_N_GenomeWideSNP_6_C07_777000	2	52743925	52781295	33	0.663
OWNED_p_TCGA_b102_105_SNP_N_GenomeWideSNP_6_C07_777000	2	52781326	60309952	5335	0.031
OWNED_p_TCGA_b102_105_SNP_N_GenomeWideSNP_6_C07_777000	2	60310540	60317395	3	-0.947
OWNED_p_TCGA_b102_105_SNP_N_GenomeWideSNP_6_C07_777000	2	60317433	75375179	9141	0.0489
OWNED_p_TCGA_b102_105_SNP_N_GenomeWideSNP_6_C07_777000	2	75381677	75381796	5	-0.9591
OWNED_p_TCGA_b102_105_SNP_N_GenomeWideSNP_6_C07_777000	2	75381837	82370909	4822	0.0236
OWNED_p_TCGA_b102_105_SNP_N_GenomeWideSNP_6_C07_777000	2	82373159	82509089	94	0.4833
OWNED_p_TCGA_b102_105_SNP_N_GenomeWideSNP_6_C07_777000	2	82509665	90242076	3607	0.0342
OWNED_p_TCGA_b102_105_SNP_N_GenomeWideSNP_6_C07_777000	2	90242268	92286207	150	-0.2729
OWNED_p_TCGA_b102_105_SNP_N_GenomeWideSNP_6_C07_777000	2	92288268	130793856	20818	0.0499
OWNED_p_TCGA_b102_105_SNP_N_GenomeWideSNP_6_C07_777000	2	130793883	130874488	16	-0.5439
OWNED_p_TCGA_b102_105_SNP_N_GenomeWideSNP_6_C07_777000	2	130874876	137866132	4019	0.0272
OWNED_p_TCGA_b102_105_SNP_N_GenomeWideSNP_6_C07_777000	2	137867796	137868836	4	-2.577
OWNED_p_TCGA_b102_105_SNP_N_GenomeWideSNP_6_C07_777000	2	137868986	146865079	5565	-0.0094
OWNED_p_TCGA_b102_105_SNP_N_GenomeWideSNP_6_C07_777000	2	146865094	146880254	29	0.5898
OWNED_p_TCGA_b102_105_SNP_N_GenomeWideSNP_6_C07_777000	2	146880424	243089456	59061	0.0237
OWNED_p_TCGA_b102_105_SNP_N_GenomeWideSNP_6_C07_777000	3	60345	224602	156	0.0853
OWNED_p_TCGA_b102_105_SNP_N_GenomeWideSNP_6_C07_777000	3	230022	232800	4	-3.0291
OWNED_p_TCGA_b102_105_SNP_N_GenomeWideSNP_6_C07_777000	3	234877	6651128	5678	0.0479
OWNED_p_TCGA_b102_105_SNP_N_GenomeWideSNP_6_C07_777000	3	6651211	6653332	22	-0.5612
OWNED_p_TCGA_b102_105_SNP_N_GenomeWideSNP_6_C07_777000	3	6655078	8821742	1886	0.014
OWNED_p_TCGA_b102_105_SNP_N_GenomeWideSNP_6_C07_777000	3	8821804	8858201	29	0.5869
OWNED_p_TCGA_b102_105_SNP_N_GenomeWideSNP_6_C07_777000	3	8866808	53022867	27951	0.0511
OWNED_p_TCGA_b102_105_SNP_N_GenomeWideSNP_6_C07_777000	3	53022893	53039263	43	-0.4759
OWNED_p_TCGA_b102_105_SNP_N_GenomeWideSNP_6_C07_777000	3	53039279	75507892	16940	0.0446
OWNED_p_TCGA_b102_105_SNP_N_GenomeWideSNP_6_C07_777000	3	75508554	75568549	24	-0.385
OWNED_p_TCGA_b102_105_SNP_N_GenomeWideSNP_6_C07_777000	3	75572549	85026701	5243	-0.0158
OWNED_p_TCGA_b102_105_SNP_N_GenomeWideSNP_6_C07_777000	3	85029725	85411279	199	0.3495
OWNED_p_TCGA_b102_105_SNP_N_GenomeWideSNP_6_C07_777000	3	85420360	98937784	5567	0.001
OWNED_p_TCGA_b102_105_SNP_N_GenomeWideSNP_6_C07_777000	3	98944458	98950964	39	-0.4933
OWNED_p_TCGA_b102_105_SNP_N_GenomeWideSNP_6_C07_777000	3	98951383	100326305	747	0.0504
OWNED_p_TCGA_b102_105_SNP_N_GenomeWideSNP_6_C07_777000	3	100340068	100442509	59	0.7942
OWNED_p_TCGA_b102_105_SNP_N_GenomeWideSNP_6_C07_777000	3	100446616	162484912	38204	0.0228
OWNED_p_TCGA_b102_105_SNP_N_GenomeWideSNP_6_C07_777000	3	162487681	162623853	91	0.2716
OWNED_p_TCGA_b102_105_SNP_N_GenomeWideSNP_6_C07_777000	3	162623881	162625995	4	-0.2519
OWNED_p_TCGA_b102_105_SNP_N_GenomeWideSNP_6_C07_777000	3	162626572	162626603	2	-1.7875
OWNED_p_TCGA_b102_105_SNP_N_GenomeWideSNP_6_C07_777000	3	162628614	162714517	70	0.0827
OWNED_p_TCGA_b102_105_SNP_N_GenomeWideSNP_6_C07_777000	3	162717727	162719562	2	-2.1698
OWNED_p_TCGA_b102_105_SNP_N_GenomeWideSNP_6_C07_777000	3	162726159	175080592	7584	0.0165
OWNED_p_TCGA_b102_105_SNP_N_GenomeWideSNP_6_C07_777000	3	175080611	175081226	5	-0.8308
OWNED_p_TCGA_b102_105_SNP_N_GenomeWideSNP_6_C07_777000	3	175081325	175224459	130	0.0655
OWNED_p_TCGA_b102_105_SNP_N_GenomeWideSNP_6_C07_777000	3	175224522	175531682	175	0.4763
OWNED_p_TCGA_b102_105_SNP_N_GenomeWideSNP_6_C07_777000	3	175532367	192874747	11205	0.0232
OWNED_p_TCGA_b102_105_SNP_N_GenomeWideSNP_6_C07_777000	3	192877902	192882772	17	-0.431
OWNED_p_TCGA_b102_105_SNP_N_GenomeWideSNP_6_C07_777000	3	192882869	197896118	2706	0.0694
OWNED_p_TCGA_b102_105_SNP_N_GenomeWideSNP_6_C07_777000	4	12281	66719	58	-0.8104
OWNED_p_TCGA_b102_105_SNP_N_GenomeWideSNP_6_C07_777000	4	68821	1335366	508	0.1108
OWNED_p_TCGA_b102_105_SNP_N_GenomeWideSNP_6_C07_777000	4	1343405	1405675	19	0.5155
OWNED_p_TCGA_b102_105_SNP_N_GenomeWideSNP_6_C07_777000	4	1411559	3463882	870	0.0833
OWNED_p_TCGA_b102_105_SNP_N_GenomeWideSNP_6_C07_777000	4	3469443	3522683	21	0.3847
OWNED_p_TCGA_b102_105_SNP_N_GenomeWideSNP_6_C07_777000	4	3529870	3599450	34	0.0264
OWNED_p_TCGA_b102_105_SNP_N_GenomeWideSNP_6_C07_777000	4	3599869	3602184	2	-1.6923
OWNED_p_TCGA_b102_105_SNP_N_GenomeWideSNP_6_C07_777000	4	3609390	3874896	128	0.0648
OWNED_p_TCGA_b102_105_SNP_N_GenomeWideSNP_6_C07_777000	4	3877790	4176629	80	-0.2459
OWNED_p_TCGA_b102_105_SNP_N_GenomeWideSNP_6_C07_777000	4	4177173	8724543	3458	0.0572
OWNED_p_TCGA_b102_105_SNP_N_GenomeWideSNP_6_C07_777000	4	9370690	9586764	101	-0.7581
OWNED_p_TCGA_b102_105_SNP_N_GenomeWideSNP_6_C07_777000	4	9589310	10210390	511	0.0267
OWNED_p_TCGA_b102_105_SNP_N_GenomeWideSNP_6_C07_777000	4	10223416	10230797	22	0.5211
OWNED_p_TCGA_b102_105_SNP_N_GenomeWideSNP_6_C07_777000	4	10230812	10392354	185	0.0506
OWNED_p_TCGA_b102_105_SNP_N_GenomeWideSNP_6_C07_777000	4	10393154	10399275	8	-0.6991
OWNED_p_TCGA_b102_105_SNP_N_GenomeWideSNP_6_C07_777000	4	10399287	34786955	16787	-0.0248
OWNED_p_TCGA_b102_105_SNP_N_GenomeWideSNP_6_C07_777000	4	34786990	34829928	39	0.3422
OWNED_p_TCGA_b102_105_SNP_N_GenomeWideSNP_6_C07_777000	4	34829949	49216631	8968	2e-04
OWNED_p_TCGA_b102_105_SNP_N_GenomeWideSNP_6_C07_777000	4	49267784	49584109	13	-1.1293
OWNED_p_TCGA_b102_105_SNP_N_GenomeWideSNP_6_C07_777000	4	49589148	49656513	10	-0.4744
OWNED_p_TCGA_b102_105_SNP_N_GenomeWideSNP_6_C07_777000	4	49656595	60961261	5437	-0.0059
OWNED_p_TCGA_b102_105_SNP_N_GenomeWideSNP_6_C07_777000	4	60962352	60962421	2	1.5303
OWNED_p_TCGA_b102_105_SNP_N_GenomeWideSNP_6_C07_777000	4	60964359	63667834	1561	-0.0568
OWNED_p_TCGA_b102_105_SNP_N_GenomeWideSNP_6_C07_777000	4	63669936	63671662	8	-1.639
OWNED_p_TCGA_b102_105_SNP_N_GenomeWideSNP_6_C07_777000	4	63679630	64693940	556	-0.0587
OWNED_p_TCGA_b102_105_SNP_N_GenomeWideSNP_6_C07_777000	4	64697469	64707605	22	-0.6635
OWNED_p_TCGA_b102_105_SNP_N_GenomeWideSNP_6_C07_777000	4	64707754	64708258	6	-2.4313
OWNED_p_TCGA_b102_105_SNP_N_GenomeWideSNP_6_C07_777000	4	64716431	91966615	16844	-0.0141
OWNED_p_TCGA_b102_105_SNP_N_GenomeWideSNP_6_C07_777000	4	91975323	92184101	136	-0.7244
OWNED_p_TCGA_b102_105_SNP_N_GenomeWideSNP_6_C07_777000	4	92188631	131171096	23182	-0.0317
OWNED_p_TCGA_b102_105_SNP_N_GenomeWideSNP_6_C07_777000	4	131171114	131171505	8	0.8101
OWNED_p_TCGA_b102_105_SNP_N_GenomeWideSNP_6_C07_777000	4	131171827	131923062	429	-0.0366
OWNED_p_TCGA_b102_105_SNP_N_GenomeWideSNP_6_C07_777000	4	131923256	131940207	9	0.3488
OWNED_p_TCGA_b102_105_SNP_N_GenomeWideSNP_6_C07_777000	4	131946375	140542460	4997	-0.0418
OWNED_p_TCGA_b102_105_SNP_N_GenomeWideSNP_6_C07_777000	4	140542633	140543077	2	-1.4246
OWNED_p_TCGA_b102_105_SNP_N_GenomeWideSNP_6_C07_777000	4	140543262	161835997	13029	-0.0193
OWNED_p_TCGA_b102_105_SNP_N_GenomeWideSNP_6_C07_777000	4	161837715	161838885	3	1.2659
OWNED_p_TCGA_b102_105_SNP_N_GenomeWideSNP_6_C07_777000	4	161839490	172369346	6733	-0.0375
OWNED_p_TCGA_b102_105_SNP_N_GenomeWideSNP_6_C07_777000	4	172374884	172377288	7	0.9128
OWNED_p_TCGA_b102_105_SNP_N_GenomeWideSNP_6_C07_777000	4	172377444	181748892	6031	-0.0481
OWNED_p_TCGA_b102_105_SNP_N_GenomeWideSNP_6_C07_777000	4	181749004	181749157	2	-1.5965
OWNED_p_TCGA_b102_105_SNP_N_GenomeWideSNP_6_C07_777000	4	181749421	183354439	1345	-0.0563
OWNED_p_TCGA_b102_105_SNP_N_GenomeWideSNP_6_C07_777000	4	183354559	183355469	2	-1.787
OWNED_p_TCGA_b102_105_SNP_N_GenomeWideSNP_6_C07_777000	4	183356002	191027923	5141	-0.0031
OWNED_p_TCGA_b102_105_SNP_N_GenomeWideSNP_6_C07_777000	5	15532	9263933	7472	0.0345
OWNED_p_TCGA_b102_105_SNP_N_GenomeWideSNP_6_C07_777000	5	9264682	9272665	8	-0.8422
OWNED_p_TCGA_b102_105_SNP_N_GenomeWideSNP_6_C07_777000	5	9277764	12819375	2733	0.0233
OWNED_p_TCGA_b102_105_SNP_N_GenomeWideSNP_6_C07_777000	5	12819666	12838533	10	0.6586
OWNED_p_TCGA_b102_105_SNP_N_GenomeWideSNP_6_C07_777000	5	12849201	28718322	9773	-0.0021
OWNED_p_TCGA_b102_105_SNP_N_GenomeWideSNP_6_C07_777000	5	28719376	28719681	3	1.2339
OWNED_p_TCGA_b102_105_SNP_N_GenomeWideSNP_6_C07_777000	5	28720094	39808632	7459	0.0085
OWNED_p_TCGA_b102_105_SNP_N_GenomeWideSNP_6_C07_777000	5	39808954	39808969	2	-1.8071
OWNED_p_TCGA_b102_105_SNP_N_GenomeWideSNP_6_C07_777000	5	39808985	46271108	3301	0.0104
OWNED_p_TCGA_b102_105_SNP_N_GenomeWideSNP_6_C07_777000	5	46271930	46273502	6	-2.047
OWNED_p_TCGA_b102_105_SNP_N_GenomeWideSNP_6_C07_777000	5	46278212	57319482	5076	0.007
OWNED_p_TCGA_b102_105_SNP_N_GenomeWideSNP_6_C07_777000	5	57321586	57340073	36	-0.2743
OWNED_p_TCGA_b102_105_SNP_N_GenomeWideSNP_6_C07_777000	5	57341014	150202205	56628	-0.0064
OWNED_p_TCGA_b102_105_SNP_N_GenomeWideSNP_6_C07_777000	5	150205500	150218604	8	-1.8855
OWNED_p_TCGA_b102_105_SNP_N_GenomeWideSNP_6_C07_777000	5	150223387	155475105	3631	-0.0116
OWNED_p_TCGA_b102_105_SNP_N_GenomeWideSNP_6_C07_777000	5	155476772	155482729	14	-1.5898
OWNED_p_TCGA_b102_105_SNP_N_GenomeWideSNP_6_C07_777000	5	155495250	177142081	14792	-0.0044
OWNED_p_TCGA_b102_105_SNP_N_GenomeWideSNP_6_C07_777000	5	177143933	177232605	10	-0.5289
OWNED_p_TCGA_b102_105_SNP_N_GenomeWideSNP_6_C07_777000	5	177254965	178107822	447	0.072
OWNED_p_TCGA_b102_105_SNP_N_GenomeWideSNP_6_C07_777000	5	178109975	178113163	3	-1.6324
OWNED_p_TCGA_b102_105_SNP_N_GenomeWideSNP_6_C07_777000	5	178118855	180790320	1546	0.0483
OWNED_p_TCGA_b102_105_SNP_N_GenomeWideSNP_6_C07_777000	6	149661	29837188	21719	0.0526
OWNED_p_TCGA_b102_105_SNP_N_GenomeWideSNP_6_C07_777000	6	29837314	29849267	14	-0.8211
OWNED_p_TCGA_b102_105_SNP_N_GenomeWideSNP_6_C07_777000	6	29850196	31280823	670	0.0768
OWNED_p_TCGA_b102_105_SNP_N_GenomeWideSNP_6_C07_777000	6	31286276	31296451	11	-0.8483
OWNED_p_TCGA_b102_105_SNP_N_GenomeWideSNP_6_C07_777000	6	31309924	32454523	509	0.0941
OWNED_p_TCGA_b102_105_SNP_N_GenomeWideSNP_6_C07_777000	6	32456683	32602107	51	-0.3832
OWNED_p_TCGA_b102_105_SNP_N_GenomeWideSNP_6_C07_777000	6	32602269	33937999	823	0.126
OWNED_p_TCGA_b102_105_SNP_N_GenomeWideSNP_6_C07_777000	6	33938743	33942611	6	-1.1356
OWNED_p_TCGA_b102_105_SNP_N_GenomeWideSNP_6_C07_777000	6	33942705	42938751	5822	0.0741
OWNED_p_TCGA_b102_105_SNP_N_GenomeWideSNP_6_C07_777000	6	42942700	43026858	38	-0.5466
OWNED_p_TCGA_b102_105_SNP_N_GenomeWideSNP_6_C07_777000	6	43031255	43889942	443	0.0687
OWNED_p_TCGA_b102_105_SNP_N_GenomeWideSNP_6_C07_777000	6	43890856	43905037	21	0.3858
OWNED_p_TCGA_b102_105_SNP_N_GenomeWideSNP_6_C07_777000	6	43905377	45975798	1335	0.0725
OWNED_p_TCGA_b102_105_SNP_N_GenomeWideSNP_6_C07_777000	6	45978143	45978236	3	-1.3648
OWNED_p_TCGA_b102_105_SNP_N_GenomeWideSNP_6_C07_777000	6	45980557	77436532	17540	0.0231
OWNED_p_TCGA_b102_105_SNP_N_GenomeWideSNP_6_C07_777000	6	77439868	77461073	22	0.4604
OWNED_p_TCGA_b102_105_SNP_N_GenomeWideSNP_6_C07_777000	6	77467931	78875970	908	0.0038
OWNED_p_TCGA_b102_105_SNP_N_GenomeWideSNP_6_C07_777000	6	78876508	78930181	36	0.2752
OWNED_p_TCGA_b102_105_SNP_N_GenomeWideSNP_6_C07_777000	6	78930218	78962889	34	-0.0324
OWNED_p_TCGA_b102_105_SNP_N_GenomeWideSNP_6_C07_777000	6	78969065	79035185	112	-1.82
OWNED_p_TCGA_b102_105_SNP_N_GenomeWideSNP_6_C07_777000	6	79039234	104917135	16255	0.0106
OWNED_p_TCGA_b102_105_SNP_N_GenomeWideSNP_6_C07_777000	6	104917963	104918433	2	-1.2914
OWNED_p_TCGA_b102_105_SNP_N_GenomeWideSNP_6_C07_777000	6	104918897	165298816	39502	0.0193
OWNED_p_TCGA_b102_105_SNP_N_GenomeWideSNP_6_C07_777000	6	165299302	165309456	2	-1.5782
OWNED_p_TCGA_b102_105_SNP_N_GenomeWideSNP_6_C07_777000	6	165309528	168772680	2365	0.0669
OWNED_p_TCGA_b102_105_SNP_N_GenomeWideSNP_6_C07_777000	6	168783281	168791446	15	0.6296
OWNED_p_TCGA_b102_105_SNP_N_GenomeWideSNP_6_C07_777000	6	168796995	171051005	1555	0.0901
OWNED_p_TCGA_b102_105_SNP_N_GenomeWideSNP_6_C07_777000	7	43355	6833877	3430	0.5491
OWNED_p_TCGA_b102_105_SNP_N_GenomeWideSNP_6_C07_777000	7	6837006	6838724	3	-1.2182
OWNED_p_TCGA_b102_105_SNP_N_GenomeWideSNP_6_C07_777000	7	6854110	15431632	6968	0.4599
OWNED_p_TCGA_b102_105_SNP_N_GenomeWideSNP_6_C07_777000	7	15431670	15433289	2	-1.6464
OWNED_p_TCGA_b102_105_SNP_N_GenomeWideSNP_6_C07_777000	7	15434065	56785488	29729	0.4739
OWNED_p_TCGA_b102_105_SNP_N_GenomeWideSNP_6_C07_777000	7	56785557	57195111	63	0.0526
OWNED_p_TCGA_b102_105_SNP_N_GenomeWideSNP_6_C07_777000	7	57197823	68399773	3429	0.419
OWNED_p_TCGA_b102_105_SNP_N_GenomeWideSNP_6_C07_777000	7	68406060	68407050	2	-1.1884
OWNED_p_TCGA_b102_105_SNP_N_GenomeWideSNP_6_C07_777000	7	68407196	102235712	19138	0.4551
OWNED_p_TCGA_b102_105_SNP_N_GenomeWideSNP_6_C07_777000	7	102238133	102356501	29	0.0808
OWNED_p_TCGA_b102_105_SNP_N_GenomeWideSNP_6_C07_777000	7	102357363	109441629	4574	0.4689
OWNED_p_TCGA_b102_105_SNP_N_GenomeWideSNP_6_C07_777000	7	109441779	109453910	9	1.0742
OWNED_p_TCGA_b102_105_SNP_N_GenomeWideSNP_6_C07_777000	7	109453982	115934700	3898	0.4306
OWNED_p_TCGA_b102_105_SNP_N_GenomeWideSNP_6_C07_777000	7	115935011	115941057	3	-1.937
OWNED_p_TCGA_b102_105_SNP_N_GenomeWideSNP_6_C07_777000	7	115941311	122529379	3939	0.4287
OWNED_p_TCGA_b102_105_SNP_N_GenomeWideSNP_6_C07_777000	7	122529390	122615717	62	0.0375
OWNED_p_TCGA_b102_105_SNP_N_GenomeWideSNP_6_C07_777000	7	122616642	126046876	2141	0.4361
OWNED_p_TCGA_b102_105_SNP_N_GenomeWideSNP_6_C07_777000	7	126046877	126046881	5	-0.4077
OWNED_p_TCGA_b102_105_SNP_N_GenomeWideSNP_6_C07_777000	7	126052766	127928882	1275	0.481
OWNED_p_TCGA_b102_105_SNP_N_GenomeWideSNP_6_C07_777000	7	127928927	127929012	3	-0.4195
OWNED_p_TCGA_b102_105_SNP_N_GenomeWideSNP_6_C07_777000	7	127929066	141763124	8647	0.4657
OWNED_p_TCGA_b102_105_SNP_N_GenomeWideSNP_6_C07_777000	7	141769643	141792107	42	-0.2699
OWNED_p_TCGA_b102_105_SNP_N_GenomeWideSNP_6_C07_777000	7	141795281	141828614	21	0.3035
OWNED_p_TCGA_b102_105_SNP_N_GenomeWideSNP_6_C07_777000	7	141830287	142474939	430	0.5361
OWNED_p_TCGA_b102_105_SNP_N_GenomeWideSNP_6_C07_777000	7	142476719	142486345	29	-1.7438
OWNED_p_TCGA_b102_105_SNP_N_GenomeWideSNP_6_C07_777000	7	142486495	143873377	834	0.4662
OWNED_p_TCGA_b102_105_SNP_N_GenomeWideSNP_6_C07_777000	7	143873952	144066947	45	1.1734
OWNED_p_TCGA_b102_105_SNP_N_GenomeWideSNP_6_C07_777000	7	144074929	153147638	5579	0.4703
OWNED_p_TCGA_b102_105_SNP_N_GenomeWideSNP_6_C07_777000	7	153147645	153147712	2	-1.517
OWNED_p_TCGA_b102_105_SNP_N_GenomeWideSNP_6_C07_777000	7	153147715	155206518	1607	0.4875
OWNED_p_TCGA_b102_105_SNP_N_GenomeWideSNP_6_C07_777000	7	155206748	155211686	5	1.2376
OWNED_p_TCGA_b102_105_SNP_N_GenomeWideSNP_6_C07_777000	7	155212392	158717184	2220	0.5362
OWNED_p_TCGA_b102_105_SNP_N_GenomeWideSNP_6_C07_777000	7	158718635	158718805	6	-0.1636
OWNED_p_TCGA_b102_105_SNP_N_GenomeWideSNP_6_C07_777000	7	158718951	159039807	190	0.5893
OWNED_p_TCGA_b102_105_SNP_N_GenomeWideSNP_6_C07_777000	7	159039863	159127004	83	0.0724
OWNED_p_TCGA_b102_105_SNP_N_GenomeWideSNP_6_C07_777000	8	31254	593041	325	-0.6585
OWNED_p_TCGA_b102_105_SNP_N_GenomeWideSNP_6_C07_777000	8	594944	595908	10	1.1673
OWNED_p_TCGA_b102_105_SNP_N_GenomeWideSNP_6_C07_777000	8	601043	782468	111	-0.6534
OWNED_p_TCGA_b102_105_SNP_N_GenomeWideSNP_6_C07_777000	8	782845	783664	3	-3.9896
OWNED_p_TCGA_b102_105_SNP_N_GenomeWideSNP_6_C07_777000	8	783956	2204639	1162	-0.6897
OWNED_p_TCGA_b102_105_SNP_N_GenomeWideSNP_6_C07_777000	8	2205102	2205950	2	-3.2934
OWNED_p_TCGA_b102_105_SNP_N_GenomeWideSNP_6_C07_777000	8	2206486	2874353	668	-0.6646
OWNED_p_TCGA_b102_105_SNP_N_GenomeWideSNP_6_C07_777000	8	2889892	2897273	5	-2.2439
OWNED_p_TCGA_b102_105_SNP_N_GenomeWideSNP_6_C07_777000	8	2899276	5225512	3271	-0.7069
OWNED_p_TCGA_b102_105_SNP_N_GenomeWideSNP_6_C07_777000	8	5225682	5226628	3	-3.793
OWNED_p_TCGA_b102_105_SNP_N_GenomeWideSNP_6_C07_777000	8	5227409	33893567	22178	-0.6906
OWNED_p_TCGA_b102_105_SNP_N_GenomeWideSNP_6_C07_777000	8	33898739	35411758	873	-0.2088
OWNED_p_TCGA_b102_105_SNP_N_GenomeWideSNP_6_C07_777000	8	35413689	39226349	2036	0.3049
OWNED_p_TCGA_b102_105_SNP_N_GenomeWideSNP_6_C07_777000	8	39230183	39230659	3	-0.1033
OWNED_p_TCGA_b102_105_SNP_N_GenomeWideSNP_6_C07_777000	8	39235603	39386965	58	1.0253
OWNED_p_TCGA_b102_105_SNP_N_GenomeWideSNP_6_C07_777000	8	39388299	46912027	2589	0.3003
OWNED_p_TCGA_b102_105_SNP_N_GenomeWideSNP_6_C07_777000	8	46912314	47527548	180	0.6646
OWNED_p_TCGA_b102_105_SNP_N_GenomeWideSNP_6_C07_777000	8	47527648	47534633	6	1.4244
OWNED_p_TCGA_b102_105_SNP_N_GenomeWideSNP_6_C07_777000	8	47535266	49793158	1062	0.6102
OWNED_p_TCGA_b102_105_SNP_N_GenomeWideSNP_6_C07_777000	8	49796691	49797822	2	-1.0593
OWNED_p_TCGA_b102_105_SNP_N_GenomeWideSNP_6_C07_777000	8	49801281	54880826	3253	0.6
OWNED_p_TCGA_b102_105_SNP_N_GenomeWideSNP_6_C07_777000	8	54889118	54919891	23	-0.2485
OWNED_p_TCGA_b102_105_SNP_N_GenomeWideSNP_6_C07_777000	8	54930954	70952673	10087	0.5997
OWNED_p_TCGA_b102_105_SNP_N_GenomeWideSNP_6_C07_777000	8	70952739	70963372	18	0.1498
OWNED_p_TCGA_b102_105_SNP_N_GenomeWideSNP_6_C07_777000	8	70963432	72212365	682	0.5872
OWNED_p_TCGA_b102_105_SNP_N_GenomeWideSNP_6_C07_777000	8	72215311	72216599	9	-0.2697
OWNED_p_TCGA_b102_105_SNP_N_GenomeWideSNP_6_C07_777000	8	72219863	78755329	4181	0.5803
OWNED_p_TCGA_b102_105_SNP_N_GenomeWideSNP_6_C07_777000	8	78756303	78757703	7	1.2745
OWNED_p_TCGA_b102_105_SNP_N_GenomeWideSNP_6_C07_777000	8	78757728	85257989	3777	0.581
OWNED_p_TCGA_b102_105_SNP_N_GenomeWideSNP_6_C07_777000	8	85262883	85270801	22	0.2158
OWNED_p_TCGA_b102_105_SNP_N_GenomeWideSNP_6_C07_777000	8	85270849	90187417	2625	0.5589
OWNED_p_TCGA_b102_105_SNP_N_GenomeWideSNP_6_C07_777000	8	90187541	90421450	202	0.2355
OWNED_p_TCGA_b102_105_SNP_N_GenomeWideSNP_6_C07_777000	8	90424074	90495748	29	0.669
OWNED_p_TCGA_b102_105_SNP_N_GenomeWideSNP_6_C07_777000	8	90500359	90532927	11	0.3351
OWNED_p_TCGA_b102_105_SNP_N_GenomeWideSNP_6_C07_777000	8	90533175	90547124	8	0.9149
OWNED_p_TCGA_b102_105_SNP_N_GenomeWideSNP_6_C07_777000	8	90553156	90674490	100	0.2345
OWNED_p_TCGA_b102_105_SNP_N_GenomeWideSNP_6_C07_777000	8	90676237	93019652	1345	0.5712
OWNED_p_TCGA_b102_105_SNP_N_GenomeWideSNP_6_C07_777000	8	93019961	93020129	4	-0.1738
OWNED_p_TCGA_b102_105_SNP_N_GenomeWideSNP_6_C07_777000	8	93020588	112291494	11802	0.6003
OWNED_p_TCGA_b102_105_SNP_N_GenomeWideSNP_6_C07_777000	8	112294279	112295260	10	-0.8245
OWNED_p_TCGA_b102_105_SNP_N_GenomeWideSNP_6_C07_777000	8	112300281	125127577	8278	0.5918
OWNED_p_TCGA_b102_105_SNP_N_GenomeWideSNP_6_C07_777000	8	125130966	125263481	88	0.3003
OWNED_p_TCGA_b102_105_SNP_N_GenomeWideSNP_6_C07_777000	8	125263818	142004304	12748	0.6233
OWNED_p_TCGA_b102_105_SNP_N_GenomeWideSNP_6_C07_777000	8	142004319	142006935	19	0.1282
OWNED_p_TCGA_b102_105_SNP_N_GenomeWideSNP_6_C07_777000	8	142006947	144295782	1138	0.8039
OWNED_p_TCGA_b102_105_SNP_N_GenomeWideSNP_6_C07_777000	8	144299106	144310617	16	0.0967
OWNED_p_TCGA_b102_105_SNP_N_GenomeWideSNP_6_C07_777000	8	144314377	146298155	632	0.7409
OWNED_p_TCGA_b102_105_SNP_N_GenomeWideSNP_6_C07_777000	9	46587	59985	4	-0.6132
OWNED_p_TCGA_b102_105_SNP_N_GenomeWideSNP_6_C07_777000	9	60015	32875606	27422	-0.1156
OWNED_p_TCGA_b102_105_SNP_N_GenomeWideSNP_6_C07_777000	9	32876777	32876932	2	-1.5733
OWNED_p_TCGA_b102_105_SNP_N_GenomeWideSNP_6_C07_777000	9	32877013	33800628	636	-0.0672
OWNED_p_TCGA_b102_105_SNP_N_GenomeWideSNP_6_C07_777000	9	33803005	33803889	2	1.1724
OWNED_p_TCGA_b102_105_SNP_N_GenomeWideSNP_6_C07_777000	9	33803970	44629223	3341	-0.0978
OWNED_p_TCGA_b102_105_SNP_N_GenomeWideSNP_6_C07_777000	9	44727859	44824263	30	-1.0452
OWNED_p_TCGA_b102_105_SNP_N_GenomeWideSNP_6_C07_777000	9	44827045	44830239	2	-6.7259
OWNED_p_TCGA_b102_105_SNP_N_GenomeWideSNP_6_C07_777000	9	44835150	44855737	4	-1.5398
OWNED_p_TCGA_b102_105_SNP_N_GenomeWideSNP_6_C07_777000	9	44866028	90815688	14747	-0.1204
OWNED_p_TCGA_b102_105_SNP_N_GenomeWideSNP_6_C07_777000	9	90819763	90822113	5	-1.4343
OWNED_p_TCGA_b102_105_SNP_N_GenomeWideSNP_6_C07_777000	9	90823046	136529766	31442	-0.0779
OWNED_p_TCGA_b102_105_SNP_N_GenomeWideSNP_6_C07_777000	9	136530020	136535483	2	-1.5158
OWNED_p_TCGA_b102_105_SNP_N_GenomeWideSNP_6_C07_777000	9	136538149	141091394	2105	-0.0132
OWNED_p_TCGA_b102_105_SNP_N_GenomeWideSNP_6_C07_777000	10	72759	13050005	10911	0.0683
OWNED_p_TCGA_b102_105_SNP_N_GenomeWideSNP_6_C07_777000	10	13050023	13050170	4	-1.2498
OWNED_p_TCGA_b102_105_SNP_N_GenomeWideSNP_6_C07_777000	10	13050428	24377674	8291	0.0519
OWNED_p_TCGA_b102_105_SNP_N_GenomeWideSNP_6_C07_777000	10	24377675	24378054	10	0.9233
OWNED_p_TCGA_b102_105_SNP_N_GenomeWideSNP_6_C07_777000	10	24378908	31246492	5038	0.0573
OWNED_p_TCGA_b102_105_SNP_N_GenomeWideSNP_6_C07_777000	10	31246510	31251726	10	-0.5094
OWNED_p_TCGA_b102_105_SNP_N_GenomeWideSNP_6_C07_777000	10	31251738	42525124	4885	0.0594
OWNED_p_TCGA_b102_105_SNP_N_GenomeWideSNP_6_C07_777000	10	42614436	42760053	25	-0.3197
OWNED_p_TCGA_b102_105_SNP_N_GenomeWideSNP_6_C07_777000	10	42763230	46527677	2350	0.0634
OWNED_p_TCGA_b102_105_SNP_N_GenomeWideSNP_6_C07_777000	10	46543857	46691480	6	-0.151
OWNED_p_TCGA_b102_105_SNP_N_GenomeWideSNP_6_C07_777000	10	46917315	46963612	26	-0.782
OWNED_p_TCGA_b102_105_SNP_N_GenomeWideSNP_6_C07_777000	10	46969045	47546130	155	-0.2831
OWNED_p_TCGA_b102_105_SNP_N_GenomeWideSNP_6_C07_777000	10	47546323	48840627	483	0.1069
OWNED_p_TCGA_b102_105_SNP_N_GenomeWideSNP_6_C07_777000	10	48883402	49333790	28	-0.6761
OWNED_p_TCGA_b102_105_SNP_N_GenomeWideSNP_6_C07_777000	10	49363009	52449925	1821	0.0643
OWNED_p_TCGA_b102_105_SNP_N_GenomeWideSNP_6_C07_777000	10	52451272	52463621	5	-0.6972
OWNED_p_TCGA_b102_105_SNP_N_GenomeWideSNP_6_C07_777000	10	52465494	52640063	71	0.0424
OWNED_p_TCGA_b102_105_SNP_N_GenomeWideSNP_6_C07_777000	10	52642397	52968501	237	-0.7003
OWNED_p_TCGA_b102_105_SNP_N_GenomeWideSNP_6_C07_777000	10	52972965	56680277	2958	-8e-04
OWNED_p_TCGA_b102_105_SNP_N_GenomeWideSNP_6_C07_777000	10	56683090	56684037	2	-2.4002
OWNED_p_TCGA_b102_105_SNP_N_GenomeWideSNP_6_C07_777000	10	56687294	59833280	2281	0.0359
OWNED_p_TCGA_b102_105_SNP_N_GenomeWideSNP_6_C07_777000	10	59833441	66234568	4275	-0.6741
OWNED_p_TCGA_b102_105_SNP_N_GenomeWideSNP_6_C07_777000	10	66237728	67309007	779	0.0114
OWNED_p_TCGA_b102_105_SNP_N_GenomeWideSNP_6_C07_777000	10	67309010	67314446	14	-0.6499
OWNED_p_TCGA_b102_105_SNP_N_GenomeWideSNP_6_C07_777000	10	67322795	81075975	9100	0.0753
OWNED_p_TCGA_b102_105_SNP_N_GenomeWideSNP_6_C07_777000	10	81077765	89612024	5602	-0.6801
OWNED_p_TCGA_b102_105_SNP_N_GenomeWideSNP_6_C07_777000	10	89615137	89745749	224	-0.3916
OWNED_p_TCGA_b102_105_SNP_N_GenomeWideSNP_6_C07_777000	10	89745814	103556651	8654	-0.6525
OWNED_p_TCGA_b102_105_SNP_N_GenomeWideSNP_6_C07_777000	10	103559631	129336123	18240	0.0583
OWNED_p_TCGA_b102_105_SNP_N_GenomeWideSNP_6_C07_777000	10	129342143	132338146	2383	-0.721
OWNED_p_TCGA_b102_105_SNP_N_GenomeWideSNP_6_C07_777000	10	132341177	135506704	1936	0.1213
OWNED_p_TCGA_b102_105_SNP_N_GenomeWideSNP_6_C07_777000	11	198510	2119570	686	0.1386
OWNED_p_TCGA_b102_105_SNP_N_GenomeWideSNP_6_C07_777000	11	2128186	2308304	67	0.7435
OWNED_p_TCGA_b102_105_SNP_N_GenomeWideSNP_6_C07_777000	11	2309367	4967650	1721	0.0795
OWNED_p_TCGA_b102_105_SNP_N_GenomeWideSNP_6_C07_777000	11	4968117	4976272	31	-1.1368
OWNED_p_TCGA_b102_105_SNP_N_GenomeWideSNP_6_C07_777000	11	4976334	20769101	11904	0.0601
OWNED_p_TCGA_b102_105_SNP_N_GenomeWideSNP_6_C07_777000	11	20769797	20773322	3	-0.9281
OWNED_p_TCGA_b102_105_SNP_N_GenomeWideSNP_6_C07_777000	11	20775758	21620363	814	0.033
OWNED_p_TCGA_b102_105_SNP_N_GenomeWideSNP_6_C07_777000	11	21635282	25683994	2870	-0.5954
OWNED_p_TCGA_b102_105_SNP_N_GenomeWideSNP_6_C07_777000	11	25684596	42957168	11981	0.0219
OWNED_p_TCGA_b102_105_SNP_N_GenomeWideSNP_6_C07_777000	11	42958117	42971168	11	0.629
OWNED_p_TCGA_b102_105_SNP_N_GenomeWideSNP_6_C07_777000	11	42976631	44992053	1486	0.0551
OWNED_p_TCGA_b102_105_SNP_N_GenomeWideSNP_6_C07_777000	11	44994194	44995875	3	-1.0997
OWNED_p_TCGA_b102_105_SNP_N_GenomeWideSNP_6_C07_777000	11	44997162	55374203	3016	0.0494
OWNED_p_TCGA_b102_105_SNP_N_GenomeWideSNP_6_C07_777000	11	55376023	55463154	60	-0.2782
OWNED_p_TCGA_b102_105_SNP_N_GenomeWideSNP_6_C07_777000	11	55468524	62123918	3997	0.0604
OWNED_p_TCGA_b102_105_SNP_N_GenomeWideSNP_6_C07_777000	11	62124745	62131660	5	-2.0715
OWNED_p_TCGA_b102_105_SNP_N_GenomeWideSNP_6_C07_777000	11	62132076	126689033	41947	0.04
OWNED_p_TCGA_b102_105_SNP_N_GenomeWideSNP_6_C07_777000	11	126689554	126691069	3	-1.1272
OWNED_p_TCGA_b102_105_SNP_N_GenomeWideSNP_6_C07_777000	11	126692197	127743989	827	0.0065
OWNED_p_TCGA_b102_105_SNP_N_GenomeWideSNP_6_C07_777000	11	127746515	127747129	2	-1.37
OWNED_p_TCGA_b102_105_SNP_N_GenomeWideSNP_6_C07_777000	11	127747436	134944770	5550	0.0509
OWNED_p_TCGA_b102_105_SNP_N_GenomeWideSNP_6_C07_777000	12	150442	9630556	6193	0.0278
OWNED_p_TCGA_b102_105_SNP_N_GenomeWideSNP_6_C07_777000	12	9633870	9728292	25	0.7657
OWNED_p_TCGA_b102_105_SNP_N_GenomeWideSNP_6_C07_777000	12	9734969	10349643	467	-0.0104
OWNED_p_TCGA_b102_105_SNP_N_GenomeWideSNP_6_C07_777000	12	10350033	10350587	2	-1.3438
OWNED_p_TCGA_b102_105_SNP_N_GenomeWideSNP_6_C07_777000	12	10351529	11511577	717	0.0384
OWNED_p_TCGA_b102_105_SNP_N_GenomeWideSNP_6_C07_777000	12	11511578	11543386	30	-0.6362
OWNED_p_TCGA_b102_105_SNP_N_GenomeWideSNP_6_C07_777000	12	11543406	29333734	12441	-0.0083
OWNED_p_TCGA_b102_105_SNP_N_GenomeWideSNP_6_C07_777000	12	29333771	29334901	20	0.6044
OWNED_p_TCGA_b102_105_SNP_N_GenomeWideSNP_6_C07_777000	12	29338439	33301520	2933	0.0201
OWNED_p_TCGA_b102_105_SNP_N_GenomeWideSNP_6_C07_777000	12	33301534	33306965	22	0.4489
OWNED_p_TCGA_b102_105_SNP_N_GenomeWideSNP_6_C07_777000	12	33307078	45905840	5612	-0.0105
OWNED_p_TCGA_b102_105_SNP_N_GenomeWideSNP_6_C07_777000	12	45908740	45909537	2	-1.7831
OWNED_p_TCGA_b102_105_SNP_N_GenomeWideSNP_6_C07_777000	12	45913292	48724820	1713	0.0435
OWNED_p_TCGA_b102_105_SNP_N_GenomeWideSNP_6_C07_777000	12	48725019	48725415	5	0.8157
OWNED_p_TCGA_b102_105_SNP_N_GenomeWideSNP_6_C07_777000	12	48730036	60489522	6744	0.0576
OWNED_p_TCGA_b102_105_SNP_N_GenomeWideSNP_6_C07_777000	12	60490340	60490365	2	-1.6992
OWNED_p_TCGA_b102_105_SNP_N_GenomeWideSNP_6_C07_777000	12	60490534	64884359	2633	0.0147
OWNED_p_TCGA_b102_105_SNP_N_GenomeWideSNP_6_C07_777000	12	64885060	65042887	111	0.6891
OWNED_p_TCGA_b102_105_SNP_N_GenomeWideSNP_6_C07_777000	12	65044498	90483350	16037	0.0022
OWNED_p_TCGA_b102_105_SNP_N_GenomeWideSNP_6_C07_777000	12	90491669	90492074	7	-0.7562
OWNED_p_TCGA_b102_105_SNP_N_GenomeWideSNP_6_C07_777000	12	90493557	109549579	13045	0.0306
OWNED_p_TCGA_b102_105_SNP_N_GenomeWideSNP_6_C07_777000	12	109549905	109661750	85	0.5072
OWNED_p_TCGA_b102_105_SNP_N_GenomeWideSNP_6_C07_777000	12	109663100	109852467	130	0.0491
OWNED_p_TCGA_b102_105_SNP_N_GenomeWideSNP_6_C07_777000	12	109855438	109857136	2	-2.282
OWNED_p_TCGA_b102_105_SNP_N_GenomeWideSNP_6_C07_777000	12	109858020	133778189	15953	0.0666
OWNED_p_TCGA_b102_105_SNP_N_GenomeWideSNP_6_C07_777000	13	19026949	19455957	131	0.1803
OWNED_p_TCGA_b102_105_SNP_N_GenomeWideSNP_6_C07_777000	13	19460340	24142867	3165	0.5162
OWNED_p_TCGA_b102_105_SNP_N_GenomeWideSNP_6_C07_777000	13	24148293	24156764	2	-1.5193
OWNED_p_TCGA_b102_105_SNP_N_GenomeWideSNP_6_C07_777000	13	24156765	38075965	10255	0.5104
OWNED_p_TCGA_b102_105_SNP_N_GenomeWideSNP_6_C07_777000	13	38076267	38084543	10	1.3118
OWNED_p_TCGA_b102_105_SNP_N_GenomeWideSNP_6_C07_777000	13	38084732	39052811	700	0.4612
OWNED_p_TCGA_b102_105_SNP_N_GenomeWideSNP_6_C07_777000	13	39057572	39058056	2	-0.7333
OWNED_p_TCGA_b102_105_SNP_N_GenomeWideSNP_6_C07_777000	13	39065057	72476988	20857	0.4866
OWNED_p_TCGA_b102_105_SNP_N_GenomeWideSNP_6_C07_777000	13	72477555	72480556	4	-2.2531
OWNED_p_TCGA_b102_105_SNP_N_GenomeWideSNP_6_C07_777000	13	72480605	113603006	28514	0.4825
OWNED_p_TCGA_b102_105_SNP_N_GenomeWideSNP_6_C07_777000	13	113606832	113754904	73	0.9185
OWNED_p_TCGA_b102_105_SNP_N_GenomeWideSNP_6_C07_777000	13	113757192	114639187	377	0.6001
OWNED_p_TCGA_b102_105_SNP_N_GenomeWideSNP_6_C07_777000	13	114740938	114820990	22	1.039
OWNED_p_TCGA_b102_105_SNP_N_GenomeWideSNP_6_C07_777000	13	114821176	115108397	136	0.5409
OWNED_p_TCGA_b102_105_SNP_N_GenomeWideSNP_6_C07_777000	14	19002124	20424926	190	-0.3455
OWNED_p_TCGA_b102_105_SNP_N_GenomeWideSNP_6_C07_777000	14	20425509	35020985	9587	0.0638
OWNED_p_TCGA_b102_105_SNP_N_GenomeWideSNP_6_C07_777000	14	35027042	35039003	18	-0.3563
OWNED_p_TCGA_b102_105_SNP_N_GenomeWideSNP_6_C07_777000	14	35039094	57006058	13700	0.045
OWNED_p_TCGA_b102_105_SNP_N_GenomeWideSNP_6_C07_777000	14	57006233	57007506	4	-1.3657
OWNED_p_TCGA_b102_105_SNP_N_GenomeWideSNP_6_C07_777000	14	57007527	106460902	31534	0.0577
OWNED_p_TCGA_b102_105_SNP_N_GenomeWideSNP_6_C07_777000	14	106479675	106479941	2	1.354
OWNED_p_TCGA_b102_105_SNP_N_GenomeWideSNP_6_C07_777000	14	106482128	106526966	20	0.1503
OWNED_p_TCGA_b102_105_SNP_N_GenomeWideSNP_6_C07_777000	14	106530364	106538062	5	-0.7853
OWNED_p_TCGA_b102_105_SNP_N_GenomeWideSNP_6_C07_777000	14	106541753	106561441	12	-1.9535
OWNED_p_TCGA_b102_105_SNP_N_GenomeWideSNP_6_C07_777000	14	106567100	106783044	103	-0.0407
OWNED_p_TCGA_b102_105_SNP_N_GenomeWideSNP_6_C07_777000	14	106796025	106821736	11	-1.021
OWNED_p_TCGA_b102_105_SNP_N_GenomeWideSNP_6_C07_777000	14	106825916	107153042	211	0.1122
OWNED_p_TCGA_b102_105_SNP_N_GenomeWideSNP_6_C07_777000	14	107153067	107179496	23	-0.3032
OWNED_p_TCGA_b102_105_SNP_N_GenomeWideSNP_6_C07_777000	14	107179847	107285437	70	0.0916
OWNED_p_TCGA_b102_105_SNP_N_GenomeWideSNP_6_C07_777000	15	20016328	20412026	62	-0.5148
OWNED_p_TCGA_b102_105_SNP_N_GenomeWideSNP_6_C07_777000	15	20412478	20532617	15	-1.0789
OWNED_p_TCGA_b102_105_SNP_N_GenomeWideSNP_6_C07_777000	15	20541980	20573344	7	-2.2321
OWNED_p_TCGA_b102_105_SNP_N_GenomeWideSNP_6_C07_777000	15	20574158	22558425	326	-0.9041
OWNED_p_TCGA_b102_105_SNP_N_GenomeWideSNP_6_C07_777000	15	22560362	22582902	6	-3.2743
OWNED_p_TCGA_b102_105_SNP_N_GenomeWideSNP_6_C07_777000	15	22584431	71723603	31017	-0.6363
OWNED_p_TCGA_b102_105_SNP_N_GenomeWideSNP_6_C07_777000	15	71729830	76869789	2653	-0.3461
OWNED_p_TCGA_b102_105_SNP_N_GenomeWideSNP_6_C07_777000	15	76869929	76895775	24	0.281
OWNED_p_TCGA_b102_105_SNP_N_GenomeWideSNP_6_C07_777000	15	76902179	76903196	12	-0.0523
OWNED_p_TCGA_b102_105_SNP_N_GenomeWideSNP_6_C07_777000	15	76906347	102429001	17592	-0.3976
OWNED_p_TCGA_b102_105_SNP_N_GenomeWideSNP_6_C07_777000	15	102429037	102469040	8	-0.8946
OWNED_p_TCGA_b102_105_SNP_N_GenomeWideSNP_6_C07_777000	16	60777	5823483	2893	0.1313
OWNED_p_TCGA_b102_105_SNP_N_GenomeWideSNP_6_C07_777000	16	5825887	5920511	95	-0.6566
OWNED_p_TCGA_b102_105_SNP_N_GenomeWideSNP_6_C07_777000	16	5923236	6897765	1216	0.0421
OWNED_p_TCGA_b102_105_SNP_N_GenomeWideSNP_6_C07_777000	16	6898514	7340953	570	-0.6841
OWNED_p_TCGA_b102_105_SNP_N_GenomeWideSNP_6_C07_777000	16	7342777	9248089	1808	0.0939
OWNED_p_TCGA_b102_105_SNP_N_GenomeWideSNP_6_C07_777000	16	9249824	9283990	26	-0.2769
OWNED_p_TCGA_b102_105_SNP_N_GenomeWideSNP_6_C07_777000	16	9284960	14896197	4478	0.1218
OWNED_p_TCGA_b102_105_SNP_N_GenomeWideSNP_6_C07_777000	16	14897801	15116257	78	-0.3839
OWNED_p_TCGA_b102_105_SNP_N_GenomeWideSNP_6_C07_777000	16	15125441	15129970	6	0.3663
OWNED_p_TCGA_b102_105_SNP_N_GenomeWideSNP_6_C07_777000	16	15134375	15194062	27	-0.042
OWNED_p_TCGA_b102_105_SNP_N_GenomeWideSNP_6_C07_777000	16	15241294	15316726	13	0.6218
OWNED_p_TCGA_b102_105_SNP_N_GenomeWideSNP_6_C07_777000	16	15351682	17678449	1197	0.0661
OWNED_p_TCGA_b102_105_SNP_N_GenomeWideSNP_6_C07_777000	16	17678721	17679976	2	-1.8918
OWNED_p_TCGA_b102_105_SNP_N_GenomeWideSNP_6_C07_777000	16	17681349	19944363	1082	0.0853
OWNED_p_TCGA_b102_105_SNP_N_GenomeWideSNP_6_C07_777000	16	19945650	19967362	29	-0.7496
OWNED_p_TCGA_b102_105_SNP_N_GenomeWideSNP_6_C07_777000	16	19970254	55795214	13748	0.0822
OWNED_p_TCGA_b102_105_SNP_N_GenomeWideSNP_6_C07_777000	16	55796389	55816646	18	-0.4887
OWNED_p_TCGA_b102_105_SNP_N_GenomeWideSNP_6_C07_777000	16	55816705	56697738	558	0.0979
OWNED_p_TCGA_b102_105_SNP_N_GenomeWideSNP_6_C07_777000	16	56697798	56699501	2	-1.1778
OWNED_p_TCGA_b102_105_SNP_N_GenomeWideSNP_6_C07_777000	16	56703914	80975647	16895	0.0648
OWNED_p_TCGA_b102_105_SNP_N_GenomeWideSNP_6_C07_777000	16	80975931	80986257	10	-0.5164
OWNED_p_TCGA_b102_105_SNP_N_GenomeWideSNP_6_C07_777000	16	80986546	90287535	7577	0.1223
OWNED_p_TCGA_b102_105_SNP_N_GenomeWideSNP_6_C07_777000	17	526	18827	8	-0.0786
OWNED_p_TCGA_b102_105_SNP_N_GenomeWideSNP_6_C07_777000	17	18901	34308470	18105	-0.6244
OWNED_p_TCGA_b102_105_SNP_N_GenomeWideSNP_6_C07_777000	17	34308682	34311387	2	-4.9105
OWNED_p_TCGA_b102_105_SNP_N_GenomeWideSNP_6_C07_777000	17	34312153	39421708	2671	-0.5919
OWNED_p_TCGA_b102_105_SNP_N_GenomeWideSNP_6_C07_777000	17	39423014	39430531	24	0.7344
OWNED_p_TCGA_b102_105_SNP_N_GenomeWideSNP_6_C07_777000	17	39432724	44215364	2537	-0.5723
OWNED_p_TCGA_b102_105_SNP_N_GenomeWideSNP_6_C07_777000	17	44215474	44364170	85	-1.0323
OWNED_p_TCGA_b102_105_SNP_N_GenomeWideSNP_6_C07_777000	17	44394412	44752300	48	0.0564
OWNED_p_TCGA_b102_105_SNP_N_GenomeWideSNP_6_C07_777000	17	44764994	54161171	5773	-0.6142
OWNED_p_TCGA_b102_105_SNP_N_GenomeWideSNP_6_C07_777000	17	54161214	54172591	23	-4.068
OWNED_p_TCGA_b102_105_SNP_N_GenomeWideSNP_6_C07_777000	17	54172823	55562151	1081	-0.6523
OWNED_p_TCGA_b102_105_SNP_N_GenomeWideSNP_6_C07_777000	17	55562228	55564211	2	-2.6184
OWNED_p_TCGA_b102_105_SNP_N_GenomeWideSNP_6_C07_777000	17	55564743	55988236	322	-0.6412
OWNED_p_TCGA_b102_105_SNP_N_GenomeWideSNP_6_C07_777000	17	55990100	63251944	3502	0.0359
OWNED_p_TCGA_b102_105_SNP_N_GenomeWideSNP_6_C07_777000	17	63252030	63547147	205	0.8133
OWNED_p_TCGA_b102_105_SNP_N_GenomeWideSNP_6_C07_777000	17	63558332	77363513	8990	0.0419
OWNED_p_TCGA_b102_105_SNP_N_GenomeWideSNP_6_C07_777000	17	77365534	77388476	18	0.9972
OWNED_p_TCGA_b102_105_SNP_N_GenomeWideSNP_6_C07_777000	17	77389101	77851318	175	0.0913
OWNED_p_TCGA_b102_105_SNP_N_GenomeWideSNP_6_C07_777000	17	77852795	77852949	4	-1.3656
OWNED_p_TCGA_b102_105_SNP_N_GenomeWideSNP_6_C07_777000	17	77856615	81049726	1433	0.0921
OWNED_p_TCGA_b102_105_SNP_N_GenomeWideSNP_6_C07_777000	18	11543	2056520	1455	-0.6534
OWNED_p_TCGA_b102_105_SNP_N_GenomeWideSNP_6_C07_777000	18	2057961	2058336	3	-3.5945
OWNED_p_TCGA_b102_105_SNP_N_GenomeWideSNP_6_C07_777000	18	2059412	63200076	38203	-0.663
OWNED_p_TCGA_b102_105_SNP_N_GenomeWideSNP_6_C07_777000	18	63200357	63207211	22	0.2338
OWNED_p_TCGA_b102_105_SNP_N_GenomeWideSNP_6_C07_777000	18	63207257	78015057	10709	-0.671
OWNED_p_TCGA_b102_105_SNP_N_GenomeWideSNP_6_C07_777000	19	90910	16753580	7213	0.1293
OWNED_p_TCGA_b102_105_SNP_N_GenomeWideSNP_6_C07_777000	19	16754780	17660608	406	-0.5746
OWNED_p_TCGA_b102_105_SNP_N_GenomeWideSNP_6_C07_777000	19	17670975	43404639	12968	0.0847
OWNED_p_TCGA_b102_105_SNP_N_GenomeWideSNP_6_C07_777000	19	43412551	46007334	1437	-0.5925
OWNED_p_TCGA_b102_105_SNP_N_GenomeWideSNP_6_C07_777000	19	46027752	47515513	625	0.0459
OWNED_p_TCGA_b102_105_SNP_N_GenomeWideSNP_6_C07_777000	19	47518852	51393581	1723	-0.5911
OWNED_p_TCGA_b102_105_SNP_N_GenomeWideSNP_6_C07_777000	19	51393831	51396580	2	-4.9287
OWNED_p_TCGA_b102_105_SNP_N_GenomeWideSNP_6_C07_777000	19	51396669	56466124	3204	-0.6459
OWNED_p_TCGA_b102_105_SNP_N_GenomeWideSNP_6_C07_777000	19	56466227	56466681	2	-4.8296
OWNED_p_TCGA_b102_105_SNP_N_GenomeWideSNP_6_C07_777000	19	56466705	59097854	1652	-0.6433
OWNED_p_TCGA_b102_105_SNP_N_GenomeWideSNP_6_C07_777000	20	61305	1547885	1176	0.0864
OWNED_p_TCGA_b102_105_SNP_N_GenomeWideSNP_6_C07_777000	20	1548016	1582207	64	-0.4314
OWNED_p_TCGA_b102_105_SNP_N_GenomeWideSNP_6_C07_777000	20	1590257	4037528	1694	0.0812
OWNED_p_TCGA_b102_105_SNP_N_GenomeWideSNP_6_C07_777000	20	4037627	4038666	3	-7.426
OWNED_p_TCGA_b102_105_SNP_N_GenomeWideSNP_6_C07_777000	20	4039184	14815696	8255	0.0648
OWNED_p_TCGA_b102_105_SNP_N_GenomeWideSNP_6_C07_777000	20	14816315	14924259	135	-0.638
OWNED_p_TCGA_b102_105_SNP_N_GenomeWideSNP_6_C07_777000	20	14932896	17770946	2622	0.067
OWNED_p_TCGA_b102_105_SNP_N_GenomeWideSNP_6_C07_777000	20	17773838	17782277	20	-0.6888
OWNED_p_TCGA_b102_105_SNP_N_GenomeWideSNP_6_C07_777000	20	17790478	29651749	6104	0.0897
OWNED_p_TCGA_b102_105_SNP_N_GenomeWideSNP_6_C07_777000	20	29835049	41263421	6769	0.54
OWNED_p_TCGA_b102_105_SNP_N_GenomeWideSNP_6_C07_777000	20	41265308	41268523	11	-0.0127
OWNED_p_TCGA_b102_105_SNP_N_GenomeWideSNP_6_C07_777000	20	41268550	62956153	15574	0.5566
OWNED_p_TCGA_b102_105_SNP_N_GenomeWideSNP_6_C07_777000	21	10736871	10967060	52	-0.0023
OWNED_p_TCGA_b102_105_SNP_N_GenomeWideSNP_6_C07_777000	21	10967659	14446712	78	-0.3558
OWNED_p_TCGA_b102_105_SNP_N_GenomeWideSNP_6_C07_777000	21	14452862	17337406	1721	-0.6573
OWNED_p_TCGA_b102_105_SNP_N_GenomeWideSNP_6_C07_777000	21	17340968	18030352	457	-0.0893
OWNED_p_TCGA_b102_105_SNP_N_GenomeWideSNP_6_C07_777000	21	18030764	18049540	14	0.3959
OWNED_p_TCGA_b102_105_SNP_N_GenomeWideSNP_6_C07_777000	21	18052878	18572836	330	-0.1307
OWNED_p_TCGA_b102_105_SNP_N_GenomeWideSNP_6_C07_777000	21	18577621	18820248	138	0.2536
OWNED_p_TCGA_b102_105_SNP_N_GenomeWideSNP_6_C07_777000	21	18820274	23315686	3414	0.031
OWNED_p_TCGA_b102_105_SNP_N_GenomeWideSNP_6_C07_777000	21	23315891	23318915	2	-1.6452
OWNED_p_TCGA_b102_105_SNP_N_GenomeWideSNP_6_C07_777000	21	23320123	23651134	238	-0.0034
OWNED_p_TCGA_b102_105_SNP_N_GenomeWideSNP_6_C07_777000	21	23655900	23664658	9	-0.8505
OWNED_p_TCGA_b102_105_SNP_N_GenomeWideSNP_6_C07_777000	21	23666999	28444652	3700	0.0112
OWNED_p_TCGA_b102_105_SNP_N_GenomeWideSNP_6_C07_777000	21	28451370	28457935	10	-0.6435
OWNED_p_TCGA_b102_105_SNP_N_GenomeWideSNP_6_C07_777000	21	28459911	30007411	1150	0.0256
OWNED_p_TCGA_b102_105_SNP_N_GenomeWideSNP_6_C07_777000	21	30008050	31220453	902	0.4822
OWNED_p_TCGA_b102_105_SNP_N_GenomeWideSNP_6_C07_777000	21	31231138	35221163	2670	0.0794
OWNED_p_TCGA_b102_105_SNP_N_GenomeWideSNP_6_C07_777000	21	35224486	35985895	592	-0.6299
OWNED_p_TCGA_b102_105_SNP_N_GenomeWideSNP_6_C07_777000	21	35988782	36661051	529	0.0809
OWNED_p_TCGA_b102_105_SNP_N_GenomeWideSNP_6_C07_777000	21	36661639	38489494	1292	0.5222
OWNED_p_TCGA_b102_105_SNP_N_GenomeWideSNP_6_C07_777000	21	38494313	38832914	196	0.0986
OWNED_p_TCGA_b102_105_SNP_N_GenomeWideSNP_6_C07_777000	21	38837252	40516070	1578	0.529
OWNED_p_TCGA_b102_105_SNP_N_GenomeWideSNP_6_C07_777000	21	40517996	41599146	926	0.0912
OWNED_p_TCGA_b102_105_SNP_N_GenomeWideSNP_6_C07_777000	21	41599180	47634395	4068	0.5818
OWNED_p_TCGA_b102_105_SNP_N_GenomeWideSNP_6_C07_777000	21	47639992	48096957	309	0.0792
OWNED_p_TCGA_b102_105_SNP_N_GenomeWideSNP_6_C07_777000	22	16052528	17286712	239	-0.2172
OWNED_p_TCGA_b102_105_SNP_N_GenomeWideSNP_6_C07_777000	22	17288220	20330744	1904	0.0649
OWNED_p_TCGA_b102_105_SNP_N_GenomeWideSNP_6_C07_777000	22	20397856	20716936	8	-0.5024
OWNED_p_TCGA_b102_105_SNP_N_GenomeWideSNP_6_C07_777000	22	20717206	21572214	698	-0.0012
OWNED_p_TCGA_b102_105_SNP_N_GenomeWideSNP_6_C07_777000	22	21595029	21595178	2	-1.6409
OWNED_p_TCGA_b102_105_SNP_N_GenomeWideSNP_6_C07_777000	22	21607084	23027928	923	0.0286
OWNED_p_TCGA_b102_105_SNP_N_GenomeWideSNP_6_C07_777000	22	23031351	23031508	2	-1.6989
OWNED_p_TCGA_b102_105_SNP_N_GenomeWideSNP_6_C07_777000	22	23033257	24271611	802	0.0545
OWNED_p_TCGA_b102_105_SNP_N_GenomeWideSNP_6_C07_777000	22	24271661	24330218	30	-0.3477
OWNED_p_TCGA_b102_105_SNP_N_GenomeWideSNP_6_C07_777000	22	24330269	24332933	4	-1.5773
OWNED_p_TCGA_b102_105_SNP_N_GenomeWideSNP_6_C07_777000	22	24337307	24396814	22	0.5898
OWNED_p_TCGA_b102_105_SNP_N_GenomeWideSNP_6_C07_777000	22	24401529	25081338	353	0.0636
OWNED_p_TCGA_b102_105_SNP_N_GenomeWideSNP_6_C07_777000	22	25082115	25087674	4	-0.8489
OWNED_p_TCGA_b102_105_SNP_N_GenomeWideSNP_6_C07_777000	22	25087688	39290920	10446	0.0512
OWNED_p_TCGA_b102_105_SNP_N_GenomeWideSNP_6_C07_777000	22	39295255	39296904	3	-2.4434
OWNED_p_TCGA_b102_105_SNP_N_GenomeWideSNP_6_C07_777000	22	39299114	42892596	1954	0.0533
OWNED_p_TCGA_b102_105_SNP_N_GenomeWideSNP_6_C07_777000	22	42897282	42932418	21	0.6702
OWNED_p_TCGA_b102_105_SNP_N_GenomeWideSNP_6_C07_777000	22	42934462	49252524	4860	0.0752
OWNED_p_TCGA_b102_105_SNP_N_GenomeWideSNP_6_C07_777000	22	49255269	49270542	8	-0.8573
OWNED_p_TCGA_b102_105_SNP_N_GenomeWideSNP_6_C07_777000	22	49273291	49503943	222	0.0942
OWNED_p_TCGA_b102_105_SNP_N_GenomeWideSNP_6_C07_777000	22	49504256	49504535	2	1.8267
OWNED_p_TCGA_b102_105_SNP_N_GenomeWideSNP_6_C07_777000	22	49504707	51222515	1008	0.1249
OWNED_p_TCGA_b102_105_SNP_N_GenomeWideSNP_6_C07_777000	22	51223995	51234455	3	-0.584
OWNED_p_TCGA_b102_105_SNP_N_GenomeWideSNP_6_C07_777000	X	168477	152203512	82533	0.0098
OWNED_p_TCGA_b102_105_SNP_N_GenomeWideSNP_6_C07_777000	X	152205213	152205822	2	-6.1112
OWNED_p_TCGA_b102_105_SNP_N_GenomeWideSNP_6_C07_777000	X	152210372	155182354	1172	0.0561
OWNED_p_TCGA_b102_105_SNP_N_GenomeWideSNP_6_C07_777000	Y	2650438	19515512	5635	-1.9632
OWNED_p_TCGA_b102_105_SNP_N_GenomeWideSNP_6_C07_777000	Y	19516159	21088297	727	-2.2704
OWNED_p_TCGA_b102_105_SNP_N_GenomeWideSNP_6_C07_777000	Y	21088485	24485369	1232	-2.005
OWNED_p_TCGA_b102_105_SNP_N_GenomeWideSNP_6_C07_777000	Y	24493101	28423938	850	-2.2718
OWNED_p_TCGA_b102_105_SNP_N_GenomeWideSNP_6_C07_777000	Y	28438116	59018259	183	-1.9577
