Sample	Chromosome	Start	End	Num_Probes	Segment_Mean
OWNED_p_TCGA_b102_105_SNP_N_GenomeWideSNP_6_B09_777082	1	61735	742293	41	-0.2667
OWNED_p_TCGA_b102_105_SNP_N_GenomeWideSNP_6_B09_777082	1	745913	1628418	187	0.0688
OWNED_p_TCGA_b102_105_SNP_N_GenomeWideSNP_6_B09_777082	1	1628826	1672603	15	0.5575
OWNED_p_TCGA_b102_105_SNP_N_GenomeWideSNP_6_B09_777082	1	1687587	4443386	1184	-0.027
OWNED_p_TCGA_b102_105_SNP_N_GenomeWideSNP_6_B09_777082	1	4444539	4444706	2	-1.9101
OWNED_p_TCGA_b102_105_SNP_N_GenomeWideSNP_6_B09_777082	1	4445917	17190004	7371	-0.0597
OWNED_p_TCGA_b102_105_SNP_N_GenomeWideSNP_6_B09_777082	1	17190862	17224970	12	-1.079
OWNED_p_TCGA_b102_105_SNP_N_GenomeWideSNP_6_B09_777082	1	17225225	17284920	55	-0.4087
OWNED_p_TCGA_b102_105_SNP_N_GenomeWideSNP_6_B09_777082	1	17286210	25583341	5249	-0.0389
OWNED_p_TCGA_b102_105_SNP_N_GenomeWideSNP_6_B09_777082	1	25593128	25646946	27	-1.2622
OWNED_p_TCGA_b102_105_SNP_N_GenomeWideSNP_6_B09_777082	1	25646986	45759287	10954	-0.0625
OWNED_p_TCGA_b102_105_SNP_N_GenomeWideSNP_6_B09_777082	1	45761866	45804050	22	0.4079
OWNED_p_TCGA_b102_105_SNP_N_GenomeWideSNP_6_B09_777082	1	45810091	62114181	10461	-0.047
OWNED_p_TCGA_b102_105_SNP_N_GenomeWideSNP_6_B09_777082	1	62114951	62118187	2	-2.6625
OWNED_p_TCGA_b102_105_SNP_N_GenomeWideSNP_6_B09_777082	1	62119809	68167491	4473	-0.058
OWNED_p_TCGA_b102_105_SNP_N_GenomeWideSNP_6_B09_777082	1	68167815	68255001	65	0.342
OWNED_p_TCGA_b102_105_SNP_N_GenomeWideSNP_6_B09_777082	1	68256929	72768916	2831	-0.0664
OWNED_p_TCGA_b102_105_SNP_N_GenomeWideSNP_6_B09_777082	1	72768936	72811133	44	-0.9723
OWNED_p_TCGA_b102_105_SNP_N_GenomeWideSNP_6_B09_777082	1	72811148	107235139	21800	-0.0676
OWNED_p_TCGA_b102_105_SNP_N_GenomeWideSNP_6_B09_777082	1	107240612	107241002	2	-2.55
OWNED_p_TCGA_b102_105_SNP_N_GenomeWideSNP_6_B09_777082	1	107242096	110227515	1869	-0.042
OWNED_p_TCGA_b102_105_SNP_N_GenomeWideSNP_6_B09_777082	1	110232974	110242953	18	1.5112
OWNED_p_TCGA_b102_105_SNP_N_GenomeWideSNP_6_B09_777082	1	110244998	204168856	44553	-0.0649
OWNED_p_TCGA_b102_105_SNP_N_GenomeWideSNP_6_B09_777082	1	204170657	204209625	39	0.4498
OWNED_p_TCGA_b102_105_SNP_N_GenomeWideSNP_6_B09_777082	1	204209991	229811169	17063	-0.0629
OWNED_p_TCGA_b102_105_SNP_N_GenomeWideSNP_6_B09_777082	1	229816856	229820196	3	-2.7948
OWNED_p_TCGA_b102_105_SNP_N_GenomeWideSNP_6_B09_777082	1	229820456	234961214	4046	-0.0571
OWNED_p_TCGA_b102_105_SNP_N_GenomeWideSNP_6_B09_777082	1	234962529	235001174	40	0.7407
OWNED_p_TCGA_b102_105_SNP_N_GenomeWideSNP_6_B09_777082	1	235005122	249224388	9938	-0.0771
OWNED_p_TCGA_b102_105_SNP_N_GenomeWideSNP_6_B09_777082	2	12784	34691069	24075	0.3024
OWNED_p_TCGA_b102_105_SNP_N_GenomeWideSNP_6_B09_777082	2	34699315	34737057	46	-1.3294
OWNED_p_TCGA_b102_105_SNP_N_GenomeWideSNP_6_B09_777082	2	34737163	52754468	13022	0.3026
OWNED_p_TCGA_b102_105_SNP_N_GenomeWideSNP_6_B09_777082	2	52754480	52781542	39	-1.505
OWNED_p_TCGA_b102_105_SNP_N_GenomeWideSNP_6_B09_777082	2	52787949	86937687	21925	0.2962
OWNED_p_TCGA_b102_105_SNP_N_GenomeWideSNP_6_B09_777082	2	86953070	86953854	2	-0.9915
OWNED_p_TCGA_b102_105_SNP_N_GenomeWideSNP_6_B09_777082	2	86970406	90274766	1102	0.2136
OWNED_p_TCGA_b102_105_SNP_N_GenomeWideSNP_6_B09_777082	2	90301264	91849290	60	-0.2797
OWNED_p_TCGA_b102_105_SNP_N_GenomeWideSNP_6_B09_777082	2	91858949	98025647	977	0.2289
OWNED_p_TCGA_b102_105_SNP_N_GenomeWideSNP_6_B09_777082	2	98063372	98190149	22	-0.5015
OWNED_p_TCGA_b102_105_SNP_N_GenomeWideSNP_6_B09_777082	2	98203869	106874649	5565	0.3031
OWNED_p_TCGA_b102_105_SNP_N_GenomeWideSNP_6_B09_777082	2	106874722	106887255	14	-0.2108
OWNED_p_TCGA_b102_105_SNP_N_GenomeWideSNP_6_B09_777082	2	106887408	123477014	9545	0.3028
OWNED_p_TCGA_b102_105_SNP_N_GenomeWideSNP_6_B09_777082	2	123479899	123482241	9	-0.6391
OWNED_p_TCGA_b102_105_SNP_N_GenomeWideSNP_6_B09_777082	2	123483653	132714344	5432	0.2795
OWNED_p_TCGA_b102_105_SNP_N_GenomeWideSNP_6_B09_777082	2	132719715	132943235	70	0.0043
OWNED_p_TCGA_b102_105_SNP_N_GenomeWideSNP_6_B09_777082	2	132950083	141231854	5405	0.2998
OWNED_p_TCGA_b102_105_SNP_N_GenomeWideSNP_6_B09_777082	2	141231988	141232306	4	-1.0702
OWNED_p_TCGA_b102_105_SNP_N_GenomeWideSNP_6_B09_777082	2	141237995	146862085	3473	0.2675
OWNED_p_TCGA_b102_105_SNP_N_GenomeWideSNP_6_B09_777082	2	146864404	146866934	24	-0.0699
OWNED_p_TCGA_b102_105_SNP_N_GenomeWideSNP_6_B09_777082	2	146877806	168095806	12576	0.2914
OWNED_p_TCGA_b102_105_SNP_N_GenomeWideSNP_6_B09_777082	2	168098062	168099775	3	-0.8359
OWNED_p_TCGA_b102_105_SNP_N_GenomeWideSNP_6_B09_777082	2	168103701	199617826	19120	0.3012
OWNED_p_TCGA_b102_105_SNP_N_GenomeWideSNP_6_B09_777082	2	199618370	199641923	24	0.8708
OWNED_p_TCGA_b102_105_SNP_N_GenomeWideSNP_6_B09_777082	2	199644601	219393414	12409	0.2979
OWNED_p_TCGA_b102_105_SNP_N_GenomeWideSNP_6_B09_777082	2	219397815	219513282	56	0.7526
OWNED_p_TCGA_b102_105_SNP_N_GenomeWideSNP_6_B09_777082	2	219513547	228246529	5716	0.3067
OWNED_p_TCGA_b102_105_SNP_N_GenomeWideSNP_6_B09_777082	2	228246688	228254272	5	1.0576
OWNED_p_TCGA_b102_105_SNP_N_GenomeWideSNP_6_B09_777082	2	228258857	228560676	190	0.2903
OWNED_p_TCGA_b102_105_SNP_N_GenomeWideSNP_6_B09_777082	2	228561253	229432620	592	0.848
OWNED_p_TCGA_b102_105_SNP_N_GenomeWideSNP_6_B09_777082	2	229439057	243089456	8425	0.3184
OWNED_p_TCGA_b102_105_SNP_N_GenomeWideSNP_6_B09_777082	3	60345	6646543	5840	-0.1055
OWNED_p_TCGA_b102_105_SNP_N_GenomeWideSNP_6_B09_777082	3	6651128	6653244	22	-0.6429
OWNED_p_TCGA_b102_105_SNP_N_GenomeWideSNP_6_B09_777082	3	6653332	22031153	10719	-0.0651
OWNED_p_TCGA_b102_105_SNP_N_GenomeWideSNP_6_B09_777082	3	22031199	22039759	16	-0.6668
OWNED_p_TCGA_b102_105_SNP_N_GenomeWideSNP_6_B09_777082	3	22039935	26613201	3440	-0.0873
OWNED_p_TCGA_b102_105_SNP_N_GenomeWideSNP_6_B09_777082	3	26614974	26614985	8	-0.9462
OWNED_p_TCGA_b102_105_SNP_N_GenomeWideSNP_6_B09_777082	3	26615949	47478509	13453	-0.0545
OWNED_p_TCGA_b102_105_SNP_N_GenomeWideSNP_6_B09_777082	3	47491822	47492720	2	-1.7303
OWNED_p_TCGA_b102_105_SNP_N_GenomeWideSNP_6_B09_777082	3	47497214	60264473	7484	-0.0666
OWNED_p_TCGA_b102_105_SNP_N_GenomeWideSNP_6_B09_777082	3	60271725	60461416	196	-0.7656
OWNED_p_TCGA_b102_105_SNP_N_GenomeWideSNP_6_B09_777082	3	60461630	60512703	73	-3.2362
OWNED_p_TCGA_b102_105_SNP_N_GenomeWideSNP_6_B09_777082	3	60512889	60592860	89	-0.8109
OWNED_p_TCGA_b102_105_SNP_N_GenomeWideSNP_6_B09_777082	3	60593028	60647490	52	-0.1015
OWNED_p_TCGA_b102_105_SNP_N_GenomeWideSNP_6_B09_777082	3	60647540	60648069	2	-1.736
OWNED_p_TCGA_b102_105_SNP_N_GenomeWideSNP_6_B09_777082	3	60654169	68746164	6378	-0.0569
OWNED_p_TCGA_b102_105_SNP_N_GenomeWideSNP_6_B09_777082	3	68746259	68747329	12	-1.0363
OWNED_p_TCGA_b102_105_SNP_N_GenomeWideSNP_6_B09_777082	3	68747364	98937784	15924	-0.0716
OWNED_p_TCGA_b102_105_SNP_N_GenomeWideSNP_6_B09_777082	3	98944458	98949314	37	-0.5467
OWNED_p_TCGA_b102_105_SNP_N_GenomeWideSNP_6_B09_777082	3	98949421	135886788	22740	-0.0684
OWNED_p_TCGA_b102_105_SNP_N_GenomeWideSNP_6_B09_777082	3	135889796	136617553	255	-0.6029
OWNED_p_TCGA_b102_105_SNP_N_GenomeWideSNP_6_B09_777082	3	136623791	141022270	2754	-0.0591
OWNED_p_TCGA_b102_105_SNP_N_GenomeWideSNP_6_B09_777082	3	141022487	141111750	62	0.3071
OWNED_p_TCGA_b102_105_SNP_N_GenomeWideSNP_6_B09_777082	3	141113312	162506530	13205	-0.0685
OWNED_p_TCGA_b102_105_SNP_N_GenomeWideSNP_6_B09_777082	3	162508178	162625995	73	0.3528
OWNED_p_TCGA_b102_105_SNP_N_GenomeWideSNP_6_B09_777082	3	162626572	175883749	8156	-0.0598
OWNED_p_TCGA_b102_105_SNP_N_GenomeWideSNP_6_B09_777082	3	175888059	175914479	34	-0.7759
OWNED_p_TCGA_b102_105_SNP_N_GenomeWideSNP_6_B09_777082	3	175916221	190017636	8957	-0.0591
OWNED_p_TCGA_b102_105_SNP_N_GenomeWideSNP_6_B09_777082	3	190019551	190022323	4	-1.4952
OWNED_p_TCGA_b102_105_SNP_N_GenomeWideSNP_6_B09_777082	3	190022516	197838213	4719	-0.0547
OWNED_p_TCGA_b102_105_SNP_N_GenomeWideSNP_6_B09_777082	3	197838338	197896118	23	-0.5587
OWNED_p_TCGA_b102_105_SNP_N_GenomeWideSNP_6_B09_777082	4	12281	59072	50	-0.5036
OWNED_p_TCGA_b102_105_SNP_N_GenomeWideSNP_6_B09_777082	4	61775	769906	269	-0.0554
OWNED_p_TCGA_b102_105_SNP_N_GenomeWideSNP_6_B09_777082	4	770161	793931	9	0.6289
OWNED_p_TCGA_b102_105_SNP_N_GenomeWideSNP_6_B09_777082	4	796221	10210294	5455	-0.0656
OWNED_p_TCGA_b102_105_SNP_N_GenomeWideSNP_6_B09_777082	4	10210390	10234266	31	0.3222
OWNED_p_TCGA_b102_105_SNP_N_GenomeWideSNP_6_B09_777082	4	10234608	49115981	25959	-0.0658
OWNED_p_TCGA_b102_105_SNP_N_GenomeWideSNP_6_B09_777082	4	49143263	49590602	28	-0.5218
OWNED_p_TCGA_b102_105_SNP_N_GenomeWideSNP_6_B09_777082	4	49590656	58857519	4208	-0.0651
OWNED_p_TCGA_b102_105_SNP_N_GenomeWideSNP_6_B09_777082	4	58857810	58858084	2	-1.9356
OWNED_p_TCGA_b102_105_SNP_N_GenomeWideSNP_6_B09_777082	4	58858161	69372003	6267	-0.0778
OWNED_p_TCGA_b102_105_SNP_N_GenomeWideSNP_6_B09_777082	4	69374941	69489335	65	0.2994
OWNED_p_TCGA_b102_105_SNP_N_GenomeWideSNP_6_B09_777082	4	69505115	70389716	493	-0.0685
OWNED_p_TCGA_b102_105_SNP_N_GenomeWideSNP_6_B09_777082	4	70389861	70390779	2	-1.8957
OWNED_p_TCGA_b102_105_SNP_N_GenomeWideSNP_6_B09_777082	4	70391888	115508166	27451	-0.0597
OWNED_p_TCGA_b102_105_SNP_N_GenomeWideSNP_6_B09_777082	4	115509993	115514426	3	-1.6926
OWNED_p_TCGA_b102_105_SNP_N_GenomeWideSNP_6_B09_777082	4	115514740	122281973	4109	-0.0538
OWNED_p_TCGA_b102_105_SNP_N_GenomeWideSNP_6_B09_777082	4	122282468	122291627	31	-0.6443
OWNED_p_TCGA_b102_105_SNP_N_GenomeWideSNP_6_B09_777082	4	122292155	137939297	8753	-0.078
OWNED_p_TCGA_b102_105_SNP_N_GenomeWideSNP_6_B09_777082	4	137939370	137963517	33	-0.4733
OWNED_p_TCGA_b102_105_SNP_N_GenomeWideSNP_6_B09_777082	4	137963565	152150137	8631	-0.0602
OWNED_p_TCGA_b102_105_SNP_N_GenomeWideSNP_6_B09_777082	4	152161387	152677404	252	-0.6091
OWNED_p_TCGA_b102_105_SNP_N_GenomeWideSNP_6_B09_777082	4	152677580	156967975	2880	-0.0508
OWNED_p_TCGA_b102_105_SNP_N_GenomeWideSNP_6_B09_777082	4	156968088	156973205	15	-0.7148
OWNED_p_TCGA_b102_105_SNP_N_GenomeWideSNP_6_B09_777082	4	156974697	172752260	9996	-0.0635
OWNED_p_TCGA_b102_105_SNP_N_GenomeWideSNP_6_B09_777082	4	172752296	172761464	9	-1.0287
OWNED_p_TCGA_b102_105_SNP_N_GenomeWideSNP_6_B09_777082	4	172762249	172987827	156	-0.1176
OWNED_p_TCGA_b102_105_SNP_N_GenomeWideSNP_6_B09_777082	4	172987857	172989533	14	-0.8268
OWNED_p_TCGA_b102_105_SNP_N_GenomeWideSNP_6_B09_777082	4	172995979	190543118	11913	-0.086
OWNED_p_TCGA_b102_105_SNP_N_GenomeWideSNP_6_B09_777082	4	190543148	190545359	2	-1.9559
OWNED_p_TCGA_b102_105_SNP_N_GenomeWideSNP_6_B09_777082	4	190545671	191027923	182	-0.2509
OWNED_p_TCGA_b102_105_SNP_N_GenomeWideSNP_6_B09_777082	5	15532	7169476	5730	-0.1036
OWNED_p_TCGA_b102_105_SNP_N_GenomeWideSNP_6_B09_777082	5	7177338	7202635	27	-0.6915
OWNED_p_TCGA_b102_105_SNP_N_GenomeWideSNP_6_B09_777082	5	7202820	10129841	2493	-0.0747
OWNED_p_TCGA_b102_105_SNP_N_GenomeWideSNP_6_B09_777082	5	10132963	10165868	39	0.3184
OWNED_p_TCGA_b102_105_SNP_N_GenomeWideSNP_6_B09_777082	5	10168965	15718492	3891	-0.0731
OWNED_p_TCGA_b102_105_SNP_N_GenomeWideSNP_6_B09_777082	5	15719222	15720597	11	-0.8484
OWNED_p_TCGA_b102_105_SNP_N_GenomeWideSNP_6_B09_777082	5	15723346	46271930	18552	-0.0782
OWNED_p_TCGA_b102_105_SNP_N_GenomeWideSNP_6_B09_777082	5	46272521	46273502	5	-1.6137
OWNED_p_TCGA_b102_105_SNP_N_GenomeWideSNP_6_B09_777082	5	46278212	58500858	6026	-0.0585
OWNED_p_TCGA_b102_105_SNP_N_GenomeWideSNP_6_B09_777082	5	58500896	58501622	2	-1.6753
OWNED_p_TCGA_b102_105_SNP_N_GenomeWideSNP_6_B09_777082	5	58501949	88184003	17066	-0.0667
OWNED_p_TCGA_b102_105_SNP_N_GenomeWideSNP_6_B09_777082	5	88188058	88188238	2	-2.2549
OWNED_p_TCGA_b102_105_SNP_N_GenomeWideSNP_6_B09_777082	5	88189524	155476772	42241	-0.0751
OWNED_p_TCGA_b102_105_SNP_N_GenomeWideSNP_6_B09_777082	5	155476920	155482729	13	-1.3755
OWNED_p_TCGA_b102_105_SNP_N_GenomeWideSNP_6_B09_777082	5	155495250	169863263	10100	-0.091
OWNED_p_TCGA_b102_105_SNP_N_GenomeWideSNP_6_B09_777082	5	169865293	169869644	5	-2.4491
OWNED_p_TCGA_b102_105_SNP_N_GenomeWideSNP_6_B09_777082	5	169870314	175460087	3965	-0.0833
OWNED_p_TCGA_b102_105_SNP_N_GenomeWideSNP_6_B09_777082	5	175465689	175477180	5	-1.2127
OWNED_p_TCGA_b102_105_SNP_N_GenomeWideSNP_6_B09_777082	5	175524197	180374523	2537	-0.0894
OWNED_p_TCGA_b102_105_SNP_N_GenomeWideSNP_6_B09_777082	5	180378710	180418103	19	-1.3954
OWNED_p_TCGA_b102_105_SNP_N_GenomeWideSNP_6_B09_777082	5	180433225	180790320	169	-0.1113
OWNED_p_TCGA_b102_105_SNP_N_GenomeWideSNP_6_B09_777082	6	149661	245247	85	-0.0962
OWNED_p_TCGA_b102_105_SNP_N_GenomeWideSNP_6_B09_777082	6	245798	382559	114	-0.3937
OWNED_p_TCGA_b102_105_SNP_N_GenomeWideSNP_6_B09_777082	6	382897	6153379	4755	-0.0736
OWNED_p_TCGA_b102_105_SNP_N_GenomeWideSNP_6_B09_777082	6	6153443	6154058	3	-1.4393
OWNED_p_TCGA_b102_105_SNP_N_GenomeWideSNP_6_B09_777082	6	6154607	29874642	16766	-0.0706
OWNED_p_TCGA_b102_105_SNP_N_GenomeWideSNP_6_B09_777082	6	29874709	29898897	10	-1.2773
OWNED_p_TCGA_b102_105_SNP_N_GenomeWideSNP_6_B09_777082	6	29899677	32581889	1216	-0.0567
OWNED_p_TCGA_b102_105_SNP_N_GenomeWideSNP_6_B09_777082	6	32582203	32605576	13	-0.8331
OWNED_p_TCGA_b102_105_SNP_N_GenomeWideSNP_6_B09_777082	6	32605884	34132608	945	-0.0656
OWNED_p_TCGA_b102_105_SNP_N_GenomeWideSNP_6_B09_777082	6	34134520	34134864	3	-2.4254
OWNED_p_TCGA_b102_105_SNP_N_GenomeWideSNP_6_B09_777082	6	34137652	52624598	11785	-0.0563
OWNED_p_TCGA_b102_105_SNP_N_GenomeWideSNP_6_B09_777082	6	52625050	52664482	39	-0.3625
OWNED_p_TCGA_b102_105_SNP_N_GenomeWideSNP_6_B09_777082	6	52664572	67008286	6403	-0.0585
OWNED_p_TCGA_b102_105_SNP_N_GenomeWideSNP_6_B09_777082	6	67009023	67054884	60	-0.5469
OWNED_p_TCGA_b102_105_SNP_N_GenomeWideSNP_6_B09_777082	6	67054961	79520689	8191	-0.0679
OWNED_p_TCGA_b102_105_SNP_N_GenomeWideSNP_6_B09_777082	6	79521062	79531255	4	-0.801
OWNED_p_TCGA_b102_105_SNP_N_GenomeWideSNP_6_B09_777082	6	79532215	124234206	27692	-0.0651
OWNED_p_TCGA_b102_105_SNP_N_GenomeWideSNP_6_B09_777082	6	124234359	124236318	7	-1.0256
OWNED_p_TCGA_b102_105_SNP_N_GenomeWideSNP_6_B09_777082	6	124236735	128456437	2597	-0.0625
OWNED_p_TCGA_b102_105_SNP_N_GenomeWideSNP_6_B09_777082	6	128459264	128586396	77	-0.6074
OWNED_p_TCGA_b102_105_SNP_N_GenomeWideSNP_6_B09_777082	6	128587214	142129852	8925	-0.0613
OWNED_p_TCGA_b102_105_SNP_N_GenomeWideSNP_6_B09_777082	6	142134455	142134650	2	-1.7252
OWNED_p_TCGA_b102_105_SNP_N_GenomeWideSNP_6_B09_777082	6	142134744	147846161	3641	-0.0548
OWNED_p_TCGA_b102_105_SNP_N_GenomeWideSNP_6_B09_777082	6	147846247	148236385	281	-0.6903
OWNED_p_TCGA_b102_105_SNP_N_GenomeWideSNP_6_B09_777082	6	148236617	150785313	1827	-0.069
OWNED_p_TCGA_b102_105_SNP_N_GenomeWideSNP_6_B09_777082	6	150787534	150802064	16	-0.5809
OWNED_p_TCGA_b102_105_SNP_N_GenomeWideSNP_6_B09_777082	6	150802166	162573994	8291	-0.0796
OWNED_p_TCGA_b102_105_SNP_N_GenomeWideSNP_6_B09_777082	6	162575221	162575299	2	-1.5793
OWNED_p_TCGA_b102_105_SNP_N_GenomeWideSNP_6_B09_777082	6	162575514	162709948	98	-0.1126
OWNED_p_TCGA_b102_105_SNP_N_GenomeWideSNP_6_B09_777082	6	162712347	162813977	98	-0.7191
OWNED_p_TCGA_b102_105_SNP_N_GenomeWideSNP_6_B09_777082	6	162820486	171051005	5801	-0.0831
OWNED_p_TCGA_b102_105_SNP_N_GenomeWideSNP_6_B09_777082	7	43355	5948828	3071	0.3398
OWNED_p_TCGA_b102_105_SNP_N_GenomeWideSNP_6_B09_777082	7	5950828	6003905	10	-0.4328
OWNED_p_TCGA_b102_105_SNP_N_GenomeWideSNP_6_B09_777082	7	6026607	6864083	356	0.3175
OWNED_p_TCGA_b102_105_SNP_N_GenomeWideSNP_6_B09_777082	7	6864247	6960802	35	-0.0311
OWNED_p_TCGA_b102_105_SNP_N_GenomeWideSNP_6_B09_777082	7	6963659	44464538	27998	0.3215
OWNED_p_TCGA_b102_105_SNP_N_GenomeWideSNP_6_B09_777082	7	44466007	44539478	45	0.8317
OWNED_p_TCGA_b102_105_SNP_N_GenomeWideSNP_6_B09_777082	7	44539829	61766549	9133	0.3133
OWNED_p_TCGA_b102_105_SNP_N_GenomeWideSNP_6_B09_777082	7	61768646	61841806	25	-0.2818
OWNED_p_TCGA_b102_105_SNP_N_GenomeWideSNP_6_B09_777082	7	61846306	80775467	9462	0.2874
OWNED_p_TCGA_b102_105_SNP_N_GenomeWideSNP_6_B09_777082	7	80775656	80776153	2	-1.1367
OWNED_p_TCGA_b102_105_SNP_N_GenomeWideSNP_6_B09_777082	7	80779298	84212822	2387	0.3236
OWNED_p_TCGA_b102_105_SNP_N_GenomeWideSNP_6_B09_777082	7	84218035	84227056	7	-0.8338
OWNED_p_TCGA_b102_105_SNP_N_GenomeWideSNP_6_B09_777082	7	84227474	86932765	1543	0.3198
OWNED_p_TCGA_b102_105_SNP_N_GenomeWideSNP_6_B09_777082	7	86940803	86946888	3	-1.0349
OWNED_p_TCGA_b102_105_SNP_N_GenomeWideSNP_6_B09_777082	7	86948227	91208142	2758	0.3008
OWNED_p_TCGA_b102_105_SNP_N_GenomeWideSNP_6_B09_777082	7	91218884	91219132	3	-1.5752
OWNED_p_TCGA_b102_105_SNP_N_GenomeWideSNP_6_B09_777082	7	91225032	97385970	3847	0.3132
OWNED_p_TCGA_b102_105_SNP_N_GenomeWideSNP_6_B09_777082	7	97395460	97395509	8	-0.3636
OWNED_p_TCGA_b102_105_SNP_N_GenomeWideSNP_6_B09_777082	7	97401932	109437099	6646	0.3284
OWNED_p_TCGA_b102_105_SNP_N_GenomeWideSNP_6_B09_777082	7	109437100	109453819	27	-0.3643
OWNED_p_TCGA_b102_105_SNP_N_GenomeWideSNP_6_B09_777082	7	109453858	117204462	4779	0.3302
OWNED_p_TCGA_b102_105_SNP_N_GenomeWideSNP_6_B09_777082	7	117210346	117262169	32	0.6667
OWNED_p_TCGA_b102_105_SNP_N_GenomeWideSNP_6_B09_777082	7	117265453	126044974	5221	0.3254
OWNED_p_TCGA_b102_105_SNP_N_GenomeWideSNP_6_B09_777082	7	126045482	126046615	12	1.2216
OWNED_p_TCGA_b102_105_SNP_N_GenomeWideSNP_6_B09_777082	7	126046876	126046881	6	-0.3665
OWNED_p_TCGA_b102_105_SNP_N_GenomeWideSNP_6_B09_777082	7	126052766	128156586	1394	0.3506
OWNED_p_TCGA_b102_105_SNP_N_GenomeWideSNP_6_B09_777082	7	128158743	128283837	30	-0.0338
OWNED_p_TCGA_b102_105_SNP_N_GenomeWideSNP_6_B09_777082	7	128307989	132624847	2586	0.3373
OWNED_p_TCGA_b102_105_SNP_N_GenomeWideSNP_6_B09_777082	7	132628183	132671313	28	0.0035
OWNED_p_TCGA_b102_105_SNP_N_GenomeWideSNP_6_B09_777082	7	132672067	142047396	6126	0.3253
OWNED_p_TCGA_b102_105_SNP_N_GenomeWideSNP_6_B09_777082	7	142047648	142099968	3	-0.8726
OWNED_p_TCGA_b102_105_SNP_N_GenomeWideSNP_6_B09_777082	7	142099988	142474939	252	0.2666
OWNED_p_TCGA_b102_105_SNP_N_GenomeWideSNP_6_B09_777082	7	142476719	142486045	27	0.8171
OWNED_p_TCGA_b102_105_SNP_N_GenomeWideSNP_6_B09_777082	7	142486115	143873952	837	0.2977
OWNED_p_TCGA_b102_105_SNP_N_GenomeWideSNP_6_B09_777082	7	143896252	144049379	41	-0.0364
OWNED_p_TCGA_b102_105_SNP_N_GenomeWideSNP_6_B09_777082	7	144050933	146018520	1183	0.2883
OWNED_p_TCGA_b102_105_SNP_N_GenomeWideSNP_6_B09_777082	7	146018571	146032814	18	-0.3724
OWNED_p_TCGA_b102_105_SNP_N_GenomeWideSNP_6_B09_777082	7	146033744	154887403	5697	0.3106
OWNED_p_TCGA_b102_105_SNP_N_GenomeWideSNP_6_B09_777082	7	154887428	154887790	10	-0.2266
OWNED_p_TCGA_b102_105_SNP_N_GenomeWideSNP_6_B09_777082	7	154888492	159127004	2781	0.3468
OWNED_p_TCGA_b102_105_SNP_N_GenomeWideSNP_6_B09_777082	8	31254	13183459	12007	-0.1088
OWNED_p_TCGA_b102_105_SNP_N_GenomeWideSNP_6_B09_777082	8	13183526	13183677	2	-2.1146
OWNED_p_TCGA_b102_105_SNP_N_GenomeWideSNP_6_B09_777082	8	13184339	18264491	4703	-0.074
OWNED_p_TCGA_b102_105_SNP_N_GenomeWideSNP_6_B09_777082	8	18265154	18271387	6	-1.4946
OWNED_p_TCGA_b102_105_SNP_N_GenomeWideSNP_6_B09_777082	8	18271948	112291352	56159	-0.0732
OWNED_p_TCGA_b102_105_SNP_N_GenomeWideSNP_6_B09_777082	8	112291494	112295260	11	-1.1297
OWNED_p_TCGA_b102_105_SNP_N_GenomeWideSNP_6_B09_777082	8	112300281	128217188	10463	-0.0623
OWNED_p_TCGA_b102_105_SNP_N_GenomeWideSNP_6_B09_777082	8	128217462	128475762	188	0.3643
OWNED_p_TCGA_b102_105_SNP_N_GenomeWideSNP_6_B09_777082	8	128475817	146298155	12234	-0.074
OWNED_p_TCGA_b102_105_SNP_N_GenomeWideSNP_6_B09_777082	9	46587	8001166	7716	-0.0656
OWNED_p_TCGA_b102_105_SNP_N_GenomeWideSNP_6_B09_777082	9	8009205	8015596	10	-0.9052
OWNED_p_TCGA_b102_105_SNP_N_GenomeWideSNP_6_B09_777082	9	8017065	18395376	8889	-0.0605
OWNED_p_TCGA_b102_105_SNP_N_GenomeWideSNP_6_B09_777082	9	18405142	18465177	39	-0.747
OWNED_p_TCGA_b102_105_SNP_N_GenomeWideSNP_6_B09_777082	9	18466165	43790346	14702	-0.0628
OWNED_p_TCGA_b102_105_SNP_N_GenomeWideSNP_6_B09_777082	9	43800186	44629223	50	-0.4875
OWNED_p_TCGA_b102_105_SNP_N_GenomeWideSNP_6_B09_777082	9	44727859	44855737	36	-1.1848
OWNED_p_TCGA_b102_105_SNP_N_GenomeWideSNP_6_B09_777082	9	44866028	69120351	261	-0.396
OWNED_p_TCGA_b102_105_SNP_N_GenomeWideSNP_6_B09_777082	9	69123847	69556195	37	-0.7952
OWNED_p_TCGA_b102_105_SNP_N_GenomeWideSNP_6_B09_777082	9	69567867	69966833	65	-0.4166
OWNED_p_TCGA_b102_105_SNP_N_GenomeWideSNP_6_B09_777082	9	69977417	79770629	6525	-0.043
OWNED_p_TCGA_b102_105_SNP_N_GenomeWideSNP_6_B09_777082	9	79770782	79777404	26	0.4735
OWNED_p_TCGA_b102_105_SNP_N_GenomeWideSNP_6_B09_777082	9	79786128	92448540	8881	-0.0777
OWNED_p_TCGA_b102_105_SNP_N_GenomeWideSNP_6_B09_777082	9	92449453	92452315	4	-1.9624
OWNED_p_TCGA_b102_105_SNP_N_GenomeWideSNP_6_B09_777082	9	92454630	141091394	32515	-0.0559
OWNED_p_TCGA_b102_105_SNP_N_GenomeWideSNP_6_B09_777082	10	72759	16467242	13771	-0.0795
OWNED_p_TCGA_b102_105_SNP_N_GenomeWideSNP_6_B09_777082	10	16470893	16470933	2	-2.2097
OWNED_p_TCGA_b102_105_SNP_N_GenomeWideSNP_6_B09_777082	10	16476271	16708056	192	-0.0781
OWNED_p_TCGA_b102_105_SNP_N_GenomeWideSNP_6_B09_777082	10	16708228	16708386	3	-1.6696
OWNED_p_TCGA_b102_105_SNP_N_GenomeWideSNP_6_B09_777082	10	16708463	24377674	5225	-0.0857
OWNED_p_TCGA_b102_105_SNP_N_GenomeWideSNP_6_B09_777082	10	24377675	24378054	10	-1.6148
OWNED_p_TCGA_b102_105_SNP_N_GenomeWideSNP_6_B09_777082	10	24378908	42523461	9920	-0.0715
OWNED_p_TCGA_b102_105_SNP_N_GenomeWideSNP_6_B09_777082	10	42525124	42850859	45	-0.5048
OWNED_p_TCGA_b102_105_SNP_N_GenomeWideSNP_6_B09_777082	10	42853051	47593133	2538	-0.0868
OWNED_p_TCGA_b102_105_SNP_N_GenomeWideSNP_6_B09_777082	10	47593951	47596804	3	-1.8107
OWNED_p_TCGA_b102_105_SNP_N_GenomeWideSNP_6_B09_777082	10	47596842	53303710	2929	-0.0867
OWNED_p_TCGA_b102_105_SNP_N_GenomeWideSNP_6_B09_777082	10	53310102	53404013	108	-0.6294
OWNED_p_TCGA_b102_105_SNP_N_GenomeWideSNP_6_B09_777082	10	53404881	62263522	6615	-0.0594
OWNED_p_TCGA_b102_105_SNP_N_GenomeWideSNP_6_B09_777082	10	62269574	62269683	2	-1.498
OWNED_p_TCGA_b102_105_SNP_N_GenomeWideSNP_6_B09_777082	10	62269798	67307936	3269	-0.0476
OWNED_p_TCGA_b102_105_SNP_N_GenomeWideSNP_6_B09_777082	10	67307951	67314430	25	-0.6006
OWNED_p_TCGA_b102_105_SNP_N_GenomeWideSNP_6_B09_777082	10	67314446	71351750	2606	-0.0675
OWNED_p_TCGA_b102_105_SNP_N_GenomeWideSNP_6_B09_777082	10	71363145	71363181	2	-2.406
OWNED_p_TCGA_b102_105_SNP_N_GenomeWideSNP_6_B09_777082	10	71366565	72483010	914	-0.0512
OWNED_p_TCGA_b102_105_SNP_N_GenomeWideSNP_6_B09_777082	10	72483683	72485801	7	-1.0191
OWNED_p_TCGA_b102_105_SNP_N_GenomeWideSNP_6_B09_777082	10	72487058	88876801	10876	-0.0656
OWNED_p_TCGA_b102_105_SNP_N_GenomeWideSNP_6_B09_777082	10	88877831	88896438	2	-1.9275
OWNED_p_TCGA_b102_105_SNP_N_GenomeWideSNP_6_B09_777082	10	88899365	123502034	23293	-0.0596
OWNED_p_TCGA_b102_105_SNP_N_GenomeWideSNP_6_B09_777082	10	123513939	123758989	148	0.4004
OWNED_p_TCGA_b102_105_SNP_N_GenomeWideSNP_6_B09_777082	10	123766145	135310333	8253	-0.0811
OWNED_p_TCGA_b102_105_SNP_N_GenomeWideSNP_6_B09_777082	10	135313182	135347727	25	-0.4234
OWNED_p_TCGA_b102_105_SNP_N_GenomeWideSNP_6_B09_777082	10	135348257	135506704	72	-0.1257
OWNED_p_TCGA_b102_105_SNP_N_GenomeWideSNP_6_B09_777082	11	198510	2141586	693	-0.0202
OWNED_p_TCGA_b102_105_SNP_N_GenomeWideSNP_6_B09_777082	11	2152220	2255541	32	0.3667
OWNED_p_TCGA_b102_105_SNP_N_GenomeWideSNP_6_B09_777082	11	2255563	4968117	1742	-0.0794
OWNED_p_TCGA_b102_105_SNP_N_GenomeWideSNP_6_B09_777082	11	4968510	4976257	29	0.5985
OWNED_p_TCGA_b102_105_SNP_N_GenomeWideSNP_6_B09_777082	11	4976272	59867698	34842	-0.0704
OWNED_p_TCGA_b102_105_SNP_N_GenomeWideSNP_6_B09_777082	11	59868649	59869119	2	-2.3676
OWNED_p_TCGA_b102_105_SNP_N_GenomeWideSNP_6_B09_777082	11	59869330	67660589	3585	-0.0503
OWNED_p_TCGA_b102_105_SNP_N_GenomeWideSNP_6_B09_777082	11	67661179	67749322	25	-0.4347
OWNED_p_TCGA_b102_105_SNP_N_GenomeWideSNP_6_B09_777082	11	67764080	80987196	7822	-0.0677
OWNED_p_TCGA_b102_105_SNP_N_GenomeWideSNP_6_B09_777082	11	80988211	80988311	2	-1.5522
OWNED_p_TCGA_b102_105_SNP_N_GenomeWideSNP_6_B09_777082	11	80988495	85499909	3049	-0.0691
OWNED_p_TCGA_b102_105_SNP_N_GenomeWideSNP_6_B09_777082	11	85500077	85535123	33	0.3839
OWNED_p_TCGA_b102_105_SNP_N_GenomeWideSNP_6_B09_777082	11	85539486	125075451	27538	-0.0703
OWNED_p_TCGA_b102_105_SNP_N_GenomeWideSNP_6_B09_777082	11	125077368	125088327	27	-0.8563
OWNED_p_TCGA_b102_105_SNP_N_GenomeWideSNP_6_B09_777082	11	125088336	127772574	2000	-0.0771
OWNED_p_TCGA_b102_105_SNP_N_GenomeWideSNP_6_B09_777082	11	127779649	127792290	9	-1.1623
OWNED_p_TCGA_b102_105_SNP_N_GenomeWideSNP_6_B09_777082	11	127792983	134944770	5529	-0.0935
OWNED_p_TCGA_b102_105_SNP_N_GenomeWideSNP_6_B09_777082	12	150442	8317835	5534	0.323
OWNED_p_TCGA_b102_105_SNP_N_GenomeWideSNP_6_B09_777082	12	8320899	8558792	81	0.0058
OWNED_p_TCGA_b102_105_SNP_N_GenomeWideSNP_6_B09_777082	12	8558813	8584672	19	-0.4474
OWNED_p_TCGA_b102_105_SNP_N_GenomeWideSNP_6_B09_777082	12	8594894	9633870	564	0.2385
OWNED_p_TCGA_b102_105_SNP_N_GenomeWideSNP_6_B09_777082	12	9637909	9728292	24	-1.1633
OWNED_p_TCGA_b102_105_SNP_N_GenomeWideSNP_6_B09_777082	12	9734969	33294660	16616	0.312
OWNED_p_TCGA_b102_105_SNP_N_GenomeWideSNP_6_B09_777082	12	33301406	33307374	27	-2.2674
OWNED_p_TCGA_b102_105_SNP_N_GenomeWideSNP_6_B09_777082	12	33308360	70871858	20807	0.3061
OWNED_p_TCGA_b102_105_SNP_N_GenomeWideSNP_6_B09_777082	12	70872675	70878027	9	-0.5787
OWNED_p_TCGA_b102_105_SNP_N_GenomeWideSNP_6_B09_777082	12	70879385	71789502	640	0.3689
OWNED_p_TCGA_b102_105_SNP_N_GenomeWideSNP_6_B09_777082	12	71792719	71841591	34	0.73
OWNED_p_TCGA_b102_105_SNP_N_GenomeWideSNP_6_B09_777082	12	71842301	73201599	819	0.3371
OWNED_p_TCGA_b102_105_SNP_N_GenomeWideSNP_6_B09_777082	12	73206331	73206406	2	-1.1435
OWNED_p_TCGA_b102_105_SNP_N_GenomeWideSNP_6_B09_777082	12	73207191	87763549	8977	0.3087
OWNED_p_TCGA_b102_105_SNP_N_GenomeWideSNP_6_B09_777082	12	87763609	87763624	2	-1.5774
OWNED_p_TCGA_b102_105_SNP_N_GenomeWideSNP_6_B09_777082	12	87763795	99791792	8045	0.3065
OWNED_p_TCGA_b102_105_SNP_N_GenomeWideSNP_6_B09_777082	12	99791814	99803118	34	-0.0943
OWNED_p_TCGA_b102_105_SNP_N_GenomeWideSNP_6_B09_777082	12	99803133	133778189	22745	0.3131
OWNED_p_TCGA_b102_105_SNP_N_GenomeWideSNP_6_B09_777082	13	19026949	27077743	5454	-0.0848
OWNED_p_TCGA_b102_105_SNP_N_GenomeWideSNP_6_B09_777082	13	27078719	27144531	56	0.3399
OWNED_p_TCGA_b102_105_SNP_N_GenomeWideSNP_6_B09_777082	13	27146411	27513024	338	-0.0552
OWNED_p_TCGA_b102_105_SNP_N_GenomeWideSNP_6_B09_777082	13	27514917	27528347	7	1.405
OWNED_p_TCGA_b102_105_SNP_N_GenomeWideSNP_6_B09_777082	13	27528674	27529872	3	2.2399
OWNED_p_TCGA_b102_105_SNP_N_GenomeWideSNP_6_B09_777082	13	27533231	27547341	23	1.4213
OWNED_p_TCGA_b102_105_SNP_N_GenomeWideSNP_6_B09_777082	13	27550975	45830851	13055	-0.0755
OWNED_p_TCGA_b102_105_SNP_N_GenomeWideSNP_6_B09_777082	13	45831182	46037501	96	-0.5941
OWNED_p_TCGA_b102_105_SNP_N_GenomeWideSNP_6_B09_777082	13	46038550	49531551	2523	-0.0768
OWNED_p_TCGA_b102_105_SNP_N_GenomeWideSNP_6_B09_777082	13	49533715	49536504	2	-2.4096
OWNED_p_TCGA_b102_105_SNP_N_GenomeWideSNP_6_B09_777082	13	49537705	95942492	28953	-0.0663
OWNED_p_TCGA_b102_105_SNP_N_GenomeWideSNP_6_B09_777082	13	95942820	95986166	26	0.4013
OWNED_p_TCGA_b102_105_SNP_N_GenomeWideSNP_6_B09_777082	13	95987018	95987358	2	-2.3512
OWNED_p_TCGA_b102_105_SNP_N_GenomeWideSNP_6_B09_777082	13	95989190	95999182	10	-0.1677
OWNED_p_TCGA_b102_105_SNP_N_GenomeWideSNP_6_B09_777082	13	96000749	96036065	33	0.4211
OWNED_p_TCGA_b102_105_SNP_N_GenomeWideSNP_6_B09_777082	13	96038320	99196642	1961	-0.0368
OWNED_p_TCGA_b102_105_SNP_N_GenomeWideSNP_6_B09_777082	13	99196940	99385990	127	0.301
OWNED_p_TCGA_b102_105_SNP_N_GenomeWideSNP_6_B09_777082	13	99387790	115108397	11493	-0.0745
OWNED_p_TCGA_b102_105_SNP_N_GenomeWideSNP_6_B09_777082	14	19002124	19706758	52	-0.4465
OWNED_p_TCGA_b102_105_SNP_N_GenomeWideSNP_6_B09_777082	14	19731410	22276747	1370	-0.0572
OWNED_p_TCGA_b102_105_SNP_N_GenomeWideSNP_6_B09_777082	14	22277136	22286036	7	-0.9573
OWNED_p_TCGA_b102_105_SNP_N_GenomeWideSNP_6_B09_777082	14	22286078	68640700	29231	-0.0578
OWNED_p_TCGA_b102_105_SNP_N_GenomeWideSNP_6_B09_777082	14	68641181	69226718	476	-0.7174
OWNED_p_TCGA_b102_105_SNP_N_GenomeWideSNP_6_B09_777082	14	69227332	106448080	23846	-0.0696
OWNED_p_TCGA_b102_105_SNP_N_GenomeWideSNP_6_B09_777082	14	106449667	106482296	13	-0.6764
OWNED_p_TCGA_b102_105_SNP_N_GenomeWideSNP_6_B09_777082	14	106487040	106542277	25	-0.0288
OWNED_p_TCGA_b102_105_SNP_N_GenomeWideSNP_6_B09_777082	14	106547314	106567100	11	0.7068
OWNED_p_TCGA_b102_105_SNP_N_GenomeWideSNP_6_B09_777082	14	106569463	106709987	63	-0.2071
OWNED_p_TCGA_b102_105_SNP_N_GenomeWideSNP_6_B09_777082	14	106713736	106740774	16	-0.7364
OWNED_p_TCGA_b102_105_SNP_N_GenomeWideSNP_6_B09_777082	14	106746725	106879831	64	-0.1301
OWNED_p_TCGA_b102_105_SNP_N_GenomeWideSNP_6_B09_777082	14	106881352	106918108	50	-1.5362
OWNED_p_TCGA_b102_105_SNP_N_GenomeWideSNP_6_B09_777082	14	106918649	107285437	224	-0.1078
OWNED_p_TCGA_b102_105_SNP_N_GenomeWideSNP_6_B09_777082	15	20016328	24675133	1430	-0.0822
OWNED_p_TCGA_b102_105_SNP_N_GenomeWideSNP_6_B09_777082	15	24680392	24707317	25	-0.6208
OWNED_p_TCGA_b102_105_SNP_N_GenomeWideSNP_6_B09_777082	15	24712319	30821758	3747	-0.112
OWNED_p_TCGA_b102_105_SNP_N_GenomeWideSNP_6_B09_777082	15	30887956	31088443	64	0.446
OWNED_p_TCGA_b102_105_SNP_N_GenomeWideSNP_6_B09_777082	15	31088477	40873124	6840	-0.0547
OWNED_p_TCGA_b102_105_SNP_N_GenomeWideSNP_6_B09_777082	15	40877322	41103293	103	-0.6613
OWNED_p_TCGA_b102_105_SNP_N_GenomeWideSNP_6_B09_777082	15	41104233	55136950	8327	-0.058
OWNED_p_TCGA_b102_105_SNP_N_GenomeWideSNP_6_B09_777082	15	55137068	55137206	3	-1.95
OWNED_p_TCGA_b102_105_SNP_N_GenomeWideSNP_6_B09_777082	15	55137606	56783225	982	-0.0753
OWNED_p_TCGA_b102_105_SNP_N_GenomeWideSNP_6_B09_777082	15	56785982	56800977	35	-0.5068
OWNED_p_TCGA_b102_105_SNP_N_GenomeWideSNP_6_B09_777082	15	56801623	76891241	12731	-0.0499
OWNED_p_TCGA_b102_105_SNP_N_GenomeWideSNP_6_B09_777082	15	76891511	76892004	6	0.8911
OWNED_p_TCGA_b102_105_SNP_N_GenomeWideSNP_6_B09_777082	15	76892026	76895775	15	0.4635
OWNED_p_TCGA_b102_105_SNP_N_GenomeWideSNP_6_B09_777082	15	76902179	78410789	725	-0.0855
OWNED_p_TCGA_b102_105_SNP_N_GenomeWideSNP_6_B09_777082	15	78413065	78501971	58	0.3207
OWNED_p_TCGA_b102_105_SNP_N_GenomeWideSNP_6_B09_777082	15	78503356	90604218	7800	-0.0665
OWNED_p_TCGA_b102_105_SNP_N_GenomeWideSNP_6_B09_777082	15	90611275	90713948	66	0.3543
OWNED_p_TCGA_b102_105_SNP_N_GenomeWideSNP_6_B09_777082	15	90718818	102469040	8999	-0.0628
OWNED_p_TCGA_b102_105_SNP_N_GenomeWideSNP_6_B09_777082	16	60777	6505468	3674	-0.0652
OWNED_p_TCGA_b102_105_SNP_N_GenomeWideSNP_6_B09_777082	16	6508155	6650367	185	-0.7792
OWNED_p_TCGA_b102_105_SNP_N_GenomeWideSNP_6_B09_777082	16	6652926	6667555	32	-3.5232
OWNED_p_TCGA_b102_105_SNP_N_GenomeWideSNP_6_B09_777082	16	6667885	6987261	407	-0.7932
OWNED_p_TCGA_b102_105_SNP_N_GenomeWideSNP_6_B09_777082	16	6987497	7087534	107	-0.0937
OWNED_p_TCGA_b102_105_SNP_N_GenomeWideSNP_6_B09_777082	16	7088540	7162589	106	-0.7861
OWNED_p_TCGA_b102_105_SNP_N_GenomeWideSNP_6_B09_777082	16	7163262	29438339	14639	-0.073
OWNED_p_TCGA_b102_105_SNP_N_GenomeWideSNP_6_B09_777082	16	29517711	29580611	4	-1.7816
OWNED_p_TCGA_b102_105_SNP_N_GenomeWideSNP_6_B09_777082	16	29581114	34471520	1352	-0.1164
OWNED_p_TCGA_b102_105_SNP_N_GenomeWideSNP_6_B09_777082	16	34471821	34757071	163	0.2153
OWNED_p_TCGA_b102_105_SNP_N_GenomeWideSNP_6_B09_777082	16	34760967	78371608	21018	-0.0632
OWNED_p_TCGA_b102_105_SNP_N_GenomeWideSNP_6_B09_777082	16	78372440	78383140	14	-1.9171
OWNED_p_TCGA_b102_105_SNP_N_GenomeWideSNP_6_B09_777082	16	78384738	90287535	10616	-0.0599
OWNED_p_TCGA_b102_105_SNP_N_GenomeWideSNP_6_B09_777082	17	526	16157491	10260	-0.068
OWNED_p_TCGA_b102_105_SNP_N_GenomeWideSNP_6_B09_777082	17	16159562	16222714	31	0.3725
OWNED_p_TCGA_b102_105_SNP_N_GenomeWideSNP_6_B09_777082	17	16226244	18365945	1136	-0.0511
OWNED_p_TCGA_b102_105_SNP_N_GenomeWideSNP_6_B09_777082	17	18367210	18459272	21	-0.592
OWNED_p_TCGA_b102_105_SNP_N_GenomeWideSNP_6_B09_777082	17	18464586	43574411	11661	-0.0612
OWNED_p_TCGA_b102_105_SNP_N_GenomeWideSNP_6_B09_777082	17	43574921	43703814	20	-0.5613
OWNED_p_TCGA_b102_105_SNP_N_GenomeWideSNP_6_B09_777082	17	43710164	44394420	459	-0.0115
OWNED_p_TCGA_b102_105_SNP_N_GenomeWideSNP_6_B09_777082	17	44401067	44784678	48	0.5185
OWNED_p_TCGA_b102_105_SNP_N_GenomeWideSNP_6_B09_777082	17	44784982	51703618	4056	-0.0603
OWNED_p_TCGA_b102_105_SNP_N_GenomeWideSNP_6_B09_777082	17	51710936	51727181	11	-0.7095
OWNED_p_TCGA_b102_105_SNP_N_GenomeWideSNP_6_B09_777082	17	51728544	70521714	11746	-0.0565
OWNED_p_TCGA_b102_105_SNP_N_GenomeWideSNP_6_B09_777082	17	70522664	70673838	114	0.3968
OWNED_p_TCGA_b102_105_SNP_N_GenomeWideSNP_6_B09_777082	17	70676410	81049726	5651	-0.0515
OWNED_p_TCGA_b102_105_SNP_N_GenomeWideSNP_6_B09_777082	18	11543	78015057	50711	-0.07
OWNED_p_TCGA_b102_105_SNP_N_GenomeWideSNP_6_B09_777082	19	90910	34820159	16093	-0.0781
OWNED_p_TCGA_b102_105_SNP_N_GenomeWideSNP_6_B09_777082	19	34820321	34917467	41	0.2608
OWNED_p_TCGA_b102_105_SNP_N_GenomeWideSNP_6_B09_777082	19	34920999	35849322	641	-0.0629
OWNED_p_TCGA_b102_105_SNP_N_GenomeWideSNP_6_B09_777082	19	35849493	35857623	16	-0.6806
OWNED_p_TCGA_b102_105_SNP_N_GenomeWideSNP_6_B09_777082	19	35857866	38339815	1219	-0.0808
OWNED_p_TCGA_b102_105_SNP_N_GenomeWideSNP_6_B09_777082	19	38341499	38344217	3	-1.3117
OWNED_p_TCGA_b102_105_SNP_N_GenomeWideSNP_6_B09_777082	19	38345734	42037969	1972	-0.0746
OWNED_p_TCGA_b102_105_SNP_N_GenomeWideSNP_6_B09_777082	19	42039178	42351867	180	0.694
OWNED_p_TCGA_b102_105_SNP_N_GenomeWideSNP_6_B09_777082	19	42354944	59097854	9111	-0.0725
OWNED_p_TCGA_b102_105_SNP_N_GenomeWideSNP_6_B09_777082	20	61305	1547800	1176	0.3698
OWNED_p_TCGA_b102_105_SNP_N_GenomeWideSNP_6_B09_777082	20	1547885	1560922	27	0.0435
OWNED_p_TCGA_b102_105_SNP_N_GenomeWideSNP_6_B09_777082	20	1560951	1590257	39	-0.4753
OWNED_p_TCGA_b102_105_SNP_N_GenomeWideSNP_6_B09_777082	20	1590455	14706060	9864	0.3765
OWNED_p_TCGA_b102_105_SNP_N_GenomeWideSNP_6_B09_777082	20	14707782	14815646	96	-0.1707
OWNED_p_TCGA_b102_105_SNP_N_GenomeWideSNP_6_B09_777082	20	14815696	14965823	157	-0.6008
OWNED_p_TCGA_b102_105_SNP_N_GenomeWideSNP_6_B09_777082	20	14973268	15123360	144	-0.1055
OWNED_p_TCGA_b102_105_SNP_N_GenomeWideSNP_6_B09_777082	20	15125338	26197931	8479	0.3792
OWNED_p_TCGA_b102_105_SNP_N_GenomeWideSNP_6_B09_777082	20	26209754	29598227	90	0.1066
OWNED_p_TCGA_b102_105_SNP_N_GenomeWideSNP_6_B09_777082	20	29598734	29612307	6	-0.7734
OWNED_p_TCGA_b102_105_SNP_N_GenomeWideSNP_6_B09_777082	20	29616071	29648981	7	-0.0086
OWNED_p_TCGA_b102_105_SNP_N_GenomeWideSNP_6_B09_777082	20	29648997	30154237	165	0.4004
OWNED_p_TCGA_b102_105_SNP_N_GenomeWideSNP_6_B09_777082	20	30156378	30332465	83	0.6951
OWNED_p_TCGA_b102_105_SNP_N_GenomeWideSNP_6_B09_777082	20	30337334	41260538	6512	0.3556
OWNED_p_TCGA_b102_105_SNP_N_GenomeWideSNP_6_B09_777082	20	41260658	41268550	22	-0.0491
OWNED_p_TCGA_b102_105_SNP_N_GenomeWideSNP_6_B09_777082	20	41268634	41272840	11	0.7422
OWNED_p_TCGA_b102_105_SNP_N_GenomeWideSNP_6_B09_777082	20	41272862	41978133	591	0.3344
OWNED_p_TCGA_b102_105_SNP_N_GenomeWideSNP_6_B09_777082	20	41978970	41980858	2	-1.0147
OWNED_p_TCGA_b102_105_SNP_N_GenomeWideSNP_6_B09_777082	20	41981117	58296350	12045	0.3746
OWNED_p_TCGA_b102_105_SNP_N_GenomeWideSNP_6_B09_777082	20	58297468	58315614	11	-0.6605
OWNED_p_TCGA_b102_105_SNP_N_GenomeWideSNP_6_B09_777082	20	58316178	62956153	2905	0.382
OWNED_p_TCGA_b102_105_SNP_N_GenomeWideSNP_6_B09_777082	21	10736871	14376712	117	-0.6391
OWNED_p_TCGA_b102_105_SNP_N_GenomeWideSNP_6_B09_777082	21	14380719	48096957	24245	-0.0627
OWNED_p_TCGA_b102_105_SNP_N_GenomeWideSNP_6_B09_777082	22	16052528	16236204	28	-0.3197
OWNED_p_TCGA_b102_105_SNP_N_GenomeWideSNP_6_B09_777082	22	16239362	16444877	36	-0.7351
OWNED_p_TCGA_b102_105_SNP_N_GenomeWideSNP_6_B09_777082	22	16477054	37742992	14600	-0.0622
OWNED_p_TCGA_b102_105_SNP_N_GenomeWideSNP_6_B09_777082	22	37748729	37749397	2	-4.0152
OWNED_p_TCGA_b102_105_SNP_N_GenomeWideSNP_6_B09_777082	22	37749946	38609916	412	-0.0422
OWNED_p_TCGA_b102_105_SNP_N_GenomeWideSNP_6_B09_777082	22	38614129	38695099	54	0.3281
OWNED_p_TCGA_b102_105_SNP_N_GenomeWideSNP_6_B09_777082	22	38703106	41732756	1645	-0.0502
OWNED_p_TCGA_b102_105_SNP_N_GenomeWideSNP_6_B09_777082	22	41740653	41747762	8	0.3254
OWNED_p_TCGA_b102_105_SNP_N_GenomeWideSNP_6_B09_777082	22	41754653	41759303	5	0.7676
OWNED_p_TCGA_b102_105_SNP_N_GenomeWideSNP_6_B09_777082	22	41759326	41794577	18	0.3192
OWNED_p_TCGA_b102_105_SNP_N_GenomeWideSNP_6_B09_777082	22	41794873	51234455	6704	-0.0696
OWNED_p_TCGA_b102_105_SNP_N_GenomeWideSNP_6_B09_777082	X	168477	6643025	3138	0.0301
OWNED_p_TCGA_b102_105_SNP_N_GenomeWideSNP_6_B09_777082	X	6645622	6729828	65	-0.378
OWNED_p_TCGA_b102_105_SNP_N_GenomeWideSNP_6_B09_777082	X	6730708	7276426	373	-0.0228
OWNED_p_TCGA_b102_105_SNP_N_GenomeWideSNP_6_B09_777082	X	7276562	7442025	124	-0.3889
OWNED_p_TCGA_b102_105_SNP_N_GenomeWideSNP_6_B09_777082	X	7442367	9372167	1433	0.0289
OWNED_p_TCGA_b102_105_SNP_N_GenomeWideSNP_6_B09_777082	X	9375009	9376235	3	-2.0583
OWNED_p_TCGA_b102_105_SNP_N_GenomeWideSNP_6_B09_777082	X	9384230	76349873	34946	0.0241
OWNED_p_TCGA_b102_105_SNP_N_GenomeWideSNP_6_B09_777082	X	76353650	76523952	18	0.5977
OWNED_p_TCGA_b102_105_SNP_N_GenomeWideSNP_6_B09_777082	X	76545159	137569412	33497	0.0178
OWNED_p_TCGA_b102_105_SNP_N_GenomeWideSNP_6_B09_777082	X	137569484	137569499	2	-1.8378
OWNED_p_TCGA_b102_105_SNP_N_GenomeWideSNP_6_B09_777082	X	137569539	148798911	7557	0.005
OWNED_p_TCGA_b102_105_SNP_N_GenomeWideSNP_6_B09_777082	X	148809508	148884281	9	-0.7438
OWNED_p_TCGA_b102_105_SNP_N_GenomeWideSNP_6_B09_777082	X	148884908	155182354	3268	0.0181
OWNED_p_TCGA_b102_105_SNP_N_GenomeWideSNP_6_B09_777082	Y	2650438	2911223	132	-2.4841
OWNED_p_TCGA_b102_105_SNP_N_GenomeWideSNP_6_B09_777082	Y	2912181	5949434	674	-1.9741
OWNED_p_TCGA_b102_105_SNP_N_GenomeWideSNP_6_B09_777082	Y	5949944	6101425	64	-2.5263
OWNED_p_TCGA_b102_105_SNP_N_GenomeWideSNP_6_B09_777082	Y	6107901	6281935	78	-3.393
OWNED_p_TCGA_b102_105_SNP_N_GenomeWideSNP_6_B09_777082	Y	6282097	19170442	4513	-2.4863
OWNED_p_TCGA_b102_105_SNP_N_GenomeWideSNP_6_B09_777082	Y	19179335	19179540	3	-7.6487
OWNED_p_TCGA_b102_105_SNP_N_GenomeWideSNP_6_B09_777082	Y	19182271	19291359	50	-3.0077
OWNED_p_TCGA_b102_105_SNP_N_GenomeWideSNP_6_B09_777082	Y	19291648	19571480	145	-2.3685
OWNED_p_TCGA_b102_105_SNP_N_GenomeWideSNP_6_B09_777082	Y	19574890	21088297	704	-3.0127
OWNED_p_TCGA_b102_105_SNP_N_GenomeWideSNP_6_B09_777082	Y	21088485	24515802	1244	-2.5585
OWNED_p_TCGA_b102_105_SNP_N_GenomeWideSNP_6_B09_777082	Y	24516081	28423938	839	-2.9964
OWNED_p_TCGA_b102_105_SNP_N_GenomeWideSNP_6_B09_777082	Y	28438116	59018259	183	-2.3412
