Sample	Chromosome	Start	End	Num_Probes	Segment_Mean
FOXED_p_TCGA_b122_128_SNP_N_GenomeWideSNP_6_D05_781914	1	61735	98588	16	-0.678
FOXED_p_TCGA_b122_128_SNP_N_GenomeWideSNP_6_D05_781914	1	98602	16869363	8717	0.0596
FOXED_p_TCGA_b122_128_SNP_N_GenomeWideSNP_6_D05_781914	1	16871278	17016872	61	-0.2264
FOXED_p_TCGA_b122_128_SNP_N_GenomeWideSNP_6_D05_781914	1	17016880	17114712	39	-0.8052
FOXED_p_TCGA_b122_128_SNP_N_GenomeWideSNP_6_D05_781914	1	17177045	17209603	8	0.2263
FOXED_p_TCGA_b122_128_SNP_N_GenomeWideSNP_6_D05_781914	1	17210652	17261888	56	-0.266
FOXED_p_TCGA_b122_128_SNP_N_GenomeWideSNP_6_D05_781914	1	17262232	25583341	5277	0.0765
FOXED_p_TCGA_b122_128_SNP_N_GenomeWideSNP_6_D05_781914	1	25593128	25646946	27	-1.4675
FOXED_p_TCGA_b122_128_SNP_N_GenomeWideSNP_6_D05_781914	1	25646986	37334283	6086	0.0709
FOXED_p_TCGA_b122_128_SNP_N_GenomeWideSNP_6_D05_781914	1	37335233	37335551	2	-1.0323
FOXED_p_TCGA_b122_128_SNP_N_GenomeWideSNP_6_D05_781914	1	37337725	72759509	22776	0.1032
FOXED_p_TCGA_b122_128_SNP_N_GenomeWideSNP_6_D05_781914	1	72759524	72804578	38	0.4536
FOXED_p_TCGA_b122_128_SNP_N_GenomeWideSNP_6_D05_781914	1	72804738	104163787	20112	0.121
FOXED_p_TCGA_b122_128_SNP_N_GenomeWideSNP_6_D05_781914	1	104178038	104303403	26	-0.9167
FOXED_p_TCGA_b122_128_SNP_N_GenomeWideSNP_6_D05_781914	1	104303501	106013376	919	0.1303
FOXED_p_TCGA_b122_128_SNP_N_GenomeWideSNP_6_D05_781914	1	106019205	106022375	17	0.7576
FOXED_p_TCGA_b122_128_SNP_N_GenomeWideSNP_6_D05_781914	1	106024055	110227515	2671	0.1187
FOXED_p_TCGA_b122_128_SNP_N_GenomeWideSNP_6_D05_781914	1	110232974	110244998	19	-0.5835
FOXED_p_TCGA_b122_128_SNP_N_GenomeWideSNP_6_D05_781914	1	110246126	110256624	19	0.3392
FOXED_p_TCGA_b122_128_SNP_N_GenomeWideSNP_6_D05_781914	1	110260742	111376220	820	0.0895
FOXED_p_TCGA_b122_128_SNP_N_GenomeWideSNP_6_D05_781914	1	111377368	111388226	39	-0.5847
FOXED_p_TCGA_b122_128_SNP_N_GenomeWideSNP_6_D05_781914	1	111392067	112668457	1065	0.0911
FOXED_p_TCGA_b122_128_SNP_N_GenomeWideSNP_6_D05_781914	1	112668619	112669493	3	-0.8361
FOXED_p_TCGA_b122_128_SNP_N_GenomeWideSNP_6_D05_781914	1	112671286	112690326	11	0.1567
FOXED_p_TCGA_b122_128_SNP_N_GenomeWideSNP_6_D05_781914	1	112695965	112706082	29	0.4879
FOXED_p_TCGA_b122_128_SNP_N_GenomeWideSNP_6_D05_781914	1	112706118	147831183	6319	0.1213
FOXED_p_TCGA_b122_128_SNP_N_GenomeWideSNP_6_D05_781914	1	147844790	148636911	24	-0.3211
FOXED_p_TCGA_b122_128_SNP_N_GenomeWideSNP_6_D05_781914	1	148660826	149229843	144	0.0138
FOXED_p_TCGA_b122_128_SNP_N_GenomeWideSNP_6_D05_781914	1	149242663	149248841	19	0.5638
FOXED_p_TCGA_b122_128_SNP_N_GenomeWideSNP_6_D05_781914	1	149249447	152555706	1533	0.0951
FOXED_p_TCGA_b122_128_SNP_N_GenomeWideSNP_6_D05_781914	1	152555767	152586576	33	-1.4764
FOXED_p_TCGA_b122_128_SNP_N_GenomeWideSNP_6_D05_781914	1	152586594	152762008	176	0.0821
FOXED_p_TCGA_b122_128_SNP_N_GenomeWideSNP_6_D05_781914	1	152762046	152768700	33	0.6679
FOXED_p_TCGA_b122_128_SNP_N_GenomeWideSNP_6_D05_781914	1	152773905	161471384	5271	0.0923
FOXED_p_TCGA_b122_128_SNP_N_GenomeWideSNP_6_D05_781914	1	161476501	161648237	61	0.4118
FOXED_p_TCGA_b122_128_SNP_N_GenomeWideSNP_6_D05_781914	1	161648621	174444480	9374	0.116
FOXED_p_TCGA_b122_128_SNP_N_GenomeWideSNP_6_D05_781914	1	174444552	174498994	31	0.7334
FOXED_p_TCGA_b122_128_SNP_N_GenomeWideSNP_6_D05_781914	1	174499301	179323738	3248	0.1113
FOXED_p_TCGA_b122_128_SNP_N_GenomeWideSNP_6_D05_781914	1	179330528	179333315	4	-0.8468
FOXED_p_TCGA_b122_128_SNP_N_GenomeWideSNP_6_D05_781914	1	179339206	189648157	6837	0.1131
FOXED_p_TCGA_b122_128_SNP_N_GenomeWideSNP_6_D05_781914	1	189648483	189648527	2	1.3494
FOXED_p_TCGA_b122_128_SNP_N_GenomeWideSNP_6_D05_781914	1	189652047	191724366	1364	0.1404
FOXED_p_TCGA_b122_128_SNP_N_GenomeWideSNP_6_D05_781914	1	191725997	191726158	2	-1.1807
FOXED_p_TCGA_b122_128_SNP_N_GenomeWideSNP_6_D05_781914	1	191727949	192320117	356	0.1409
FOXED_p_TCGA_b122_128_SNP_N_GenomeWideSNP_6_D05_781914	1	192327268	192898009	412	-0.6874
FOXED_p_TCGA_b122_128_SNP_N_GenomeWideSNP_6_D05_781914	1	192910779	196714873	2611	0.1371
FOXED_p_TCGA_b122_128_SNP_N_GenomeWideSNP_6_D05_781914	1	196727850	196802002	92	0.581
FOXED_p_TCGA_b122_128_SNP_N_GenomeWideSNP_6_D05_781914	1	196802072	249224388	35976	0.1094
FOXED_p_TCGA_b122_128_SNP_N_GenomeWideSNP_6_D05_781914	2	12784	4216452	2996	0.0271
FOXED_p_TCGA_b122_128_SNP_N_GenomeWideSNP_6_D05_781914	2	4216469	4236805	41	0.4189
FOXED_p_TCGA_b122_128_SNP_N_GenomeWideSNP_6_D05_781914	2	4236912	9177204	4011	0.0628
FOXED_p_TCGA_b122_128_SNP_N_GenomeWideSNP_6_D05_781914	2	9185312	9185376	2	-1.2896
FOXED_p_TCGA_b122_128_SNP_N_GenomeWideSNP_6_D05_781914	2	9188488	19505184	7576	0.0919
FOXED_p_TCGA_b122_128_SNP_N_GenomeWideSNP_6_D05_781914	2	19516020	19516279	2	-1.6289
FOXED_p_TCGA_b122_128_SNP_N_GenomeWideSNP_6_D05_781914	2	19516839	52743925	22594	0.0953
FOXED_p_TCGA_b122_128_SNP_N_GenomeWideSNP_6_D05_781914	2	52754468	52787949	41	0.7522
FOXED_p_TCGA_b122_128_SNP_N_GenomeWideSNP_6_D05_781914	2	52790140	97846850	24053	0.1005
FOXED_p_TCGA_b122_128_SNP_N_GenomeWideSNP_6_D05_781914	2	97846887	98013814	29	0.4856
FOXED_p_TCGA_b122_128_SNP_N_GenomeWideSNP_6_D05_781914	2	98014319	98118212	14	-0.0029
FOXED_p_TCGA_b122_128_SNP_N_GenomeWideSNP_6_D05_781914	2	98140747	98161710	8	-0.9355
FOXED_p_TCGA_b122_128_SNP_N_GenomeWideSNP_6_D05_781914	2	98162189	158929724	36736	0.0905
FOXED_p_TCGA_b122_128_SNP_N_GenomeWideSNP_6_D05_781914	2	158940265	159519368	352	-0.6854
FOXED_p_TCGA_b122_128_SNP_N_GenomeWideSNP_6_D05_781914	2	159523803	193928214	21071	0.1267
FOXED_p_TCGA_b122_128_SNP_N_GenomeWideSNP_6_D05_781914	2	193928987	193967437	16	0.6681
FOXED_p_TCGA_b122_128_SNP_N_GenomeWideSNP_6_D05_781914	2	193969274	196827681	1513	0.1286
FOXED_p_TCGA_b122_128_SNP_N_GenomeWideSNP_6_D05_781914	2	196833351	196840797	8	-0.8131
FOXED_p_TCGA_b122_128_SNP_N_GenomeWideSNP_6_D05_781914	2	196841005	208350754	6911	0.1193
FOXED_p_TCGA_b122_128_SNP_N_GenomeWideSNP_6_D05_781914	2	208354912	208359336	17	-0.4569
FOXED_p_TCGA_b122_128_SNP_N_GenomeWideSNP_6_D05_781914	2	208359476	213800366	3494	0.1116
FOXED_p_TCGA_b122_128_SNP_N_GenomeWideSNP_6_D05_781914	2	213804755	213978526	142	-0.6287
FOXED_p_TCGA_b122_128_SNP_N_GenomeWideSNP_6_D05_781914	2	213981976	229757006	10267	0.0974
FOXED_p_TCGA_b122_128_SNP_N_GenomeWideSNP_6_D05_781914	2	229759479	229760135	10	-0.6882
FOXED_p_TCGA_b122_128_SNP_N_GenomeWideSNP_6_D05_781914	2	229760147	237803366	5157	0.0807
FOXED_p_TCGA_b122_128_SNP_N_GenomeWideSNP_6_D05_781914	2	237803533	237803934	4	-0.8701
FOXED_p_TCGA_b122_128_SNP_N_GenomeWideSNP_6_D05_781914	2	237803982	240001331	1397	0.0424
FOXED_p_TCGA_b122_128_SNP_N_GenomeWideSNP_6_D05_781914	2	240004807	240007416	4	-0.7327
FOXED_p_TCGA_b122_128_SNP_N_GenomeWideSNP_6_D05_781914	2	240008190	243089456	1681	0.033
FOXED_p_TCGA_b122_128_SNP_N_GenomeWideSNP_6_D05_781914	3	60345	4310156	3847	0.0949
FOXED_p_TCGA_b122_128_SNP_N_GenomeWideSNP_6_D05_781914	3	4310310	4435832	112	-0.7067
FOXED_p_TCGA_b122_128_SNP_N_GenomeWideSNP_6_D05_781914	3	4437358	6645601	1888	0.111
FOXED_p_TCGA_b122_128_SNP_N_GenomeWideSNP_6_D05_781914	3	6646543	6655078	25	-0.5241
FOXED_p_TCGA_b122_128_SNP_N_GenomeWideSNP_6_D05_781914	3	6655248	28262444	15332	0.1112
FOXED_p_TCGA_b122_128_SNP_N_GenomeWideSNP_6_D05_781914	3	28270497	28314082	31	-0.6399
FOXED_p_TCGA_b122_128_SNP_N_GenomeWideSNP_6_D05_781914	3	28316928	42451412	9470	0.1381
FOXED_p_TCGA_b122_128_SNP_N_GenomeWideSNP_6_D05_781914	3	42454025	42455568	2	-1.7487
FOXED_p_TCGA_b122_128_SNP_N_GenomeWideSNP_6_D05_781914	3	42458400	61092636	11234	0.1037
FOXED_p_TCGA_b122_128_SNP_N_GenomeWideSNP_6_D05_781914	3	61094963	61097010	5	-1.1264
FOXED_p_TCGA_b122_128_SNP_N_GenomeWideSNP_6_D05_781914	3	61097394	61106321	11	-0.643
FOXED_p_TCGA_b122_128_SNP_N_GenomeWideSNP_6_D05_781914	3	61109362	65203528	3492	0.1445
FOXED_p_TCGA_b122_128_SNP_N_GenomeWideSNP_6_D05_781914	3	65203532	65203553	5	0.6742
FOXED_p_TCGA_b122_128_SNP_N_GenomeWideSNP_6_D05_781914	3	65203712	65248425	64	0.1176
FOXED_p_TCGA_b122_128_SNP_N_GenomeWideSNP_6_D05_781914	3	65248854	65248879	2	-1.0103
FOXED_p_TCGA_b122_128_SNP_N_GenomeWideSNP_6_D05_781914	3	65251574	68746164	2371	0.1117
FOXED_p_TCGA_b122_128_SNP_N_GenomeWideSNP_6_D05_781914	3	68746259	68747413	14	-1.2175
FOXED_p_TCGA_b122_128_SNP_N_GenomeWideSNP_6_D05_781914	3	68748758	89387101	12667	0.1246
FOXED_p_TCGA_b122_128_SNP_N_GenomeWideSNP_6_D05_781914	3	89394592	89419381	51	-0.5648
FOXED_p_TCGA_b122_128_SNP_N_GenomeWideSNP_6_D05_781914	3	89419921	131989347	23539	0.1184
FOXED_p_TCGA_b122_128_SNP_N_GenomeWideSNP_6_D05_781914	3	131992737	131995684	4	-1.6655
FOXED_p_TCGA_b122_128_SNP_N_GenomeWideSNP_6_D05_781914	3	132000477	162513092	18855	0.1254
FOXED_p_TCGA_b122_128_SNP_N_GenomeWideSNP_6_D05_781914	3	162513149	162625995	67	-1.8134
FOXED_p_TCGA_b122_128_SNP_N_GenomeWideSNP_6_D05_781914	3	162626572	162714517	72	0.0427
FOXED_p_TCGA_b122_128_SNP_N_GenomeWideSNP_6_D05_781914	3	162717727	162719562	2	-2.7014
FOXED_p_TCGA_b122_128_SNP_N_GenomeWideSNP_6_D05_781914	3	162726159	168730180	3372	0.1315
FOXED_p_TCGA_b122_128_SNP_N_GenomeWideSNP_6_D05_781914	3	168733402	168738628	2	-1.7606
FOXED_p_TCGA_b122_128_SNP_N_GenomeWideSNP_6_D05_781914	3	168739827	189360754	13249	0.1246
FOXED_p_TCGA_b122_128_SNP_N_GenomeWideSNP_6_D05_781914	3	189363678	189371014	13	-0.6676
FOXED_p_TCGA_b122_128_SNP_N_GenomeWideSNP_6_D05_781914	3	189372351	192850845	2463	0.1388
FOXED_p_TCGA_b122_128_SNP_N_GenomeWideSNP_6_D05_781914	3	192850865	192850904	2	-1.3411
FOXED_p_TCGA_b122_128_SNP_N_GenomeWideSNP_6_D05_781914	3	192851363	192877962	33	0.1646
FOXED_p_TCGA_b122_128_SNP_N_GenomeWideSNP_6_D05_781914	3	192878045	192879006	5	0.9558
FOXED_p_TCGA_b122_128_SNP_N_GenomeWideSNP_6_D05_781914	3	192880473	193451757	402	0.1266
FOXED_p_TCGA_b122_128_SNP_N_GenomeWideSNP_6_D05_781914	3	193452002	193453733	2	-1.0717
FOXED_p_TCGA_b122_128_SNP_N_GenomeWideSNP_6_D05_781914	3	193455574	194610440	756	0.1074
FOXED_p_TCGA_b122_128_SNP_N_GenomeWideSNP_6_D05_781914	3	194610484	194642628	20	0.4211
FOXED_p_TCGA_b122_128_SNP_N_GenomeWideSNP_6_D05_781914	3	194646814	194709026	57	0.0882
FOXED_p_TCGA_b122_128_SNP_N_GenomeWideSNP_6_D05_781914	3	194710263	194715431	6	-0.8701
FOXED_p_TCGA_b122_128_SNP_N_GenomeWideSNP_6_D05_781914	3	194716087	195442582	280	0.0987
FOXED_p_TCGA_b122_128_SNP_N_GenomeWideSNP_6_D05_781914	3	195446597	195474182	22	0.5661
FOXED_p_TCGA_b122_128_SNP_N_GenomeWideSNP_6_D05_781914	3	195474763	197896118	1175	0.1304
FOXED_p_TCGA_b122_128_SNP_N_GenomeWideSNP_6_D05_781914	4	12281	66719	58	0.0903
FOXED_p_TCGA_b122_128_SNP_N_GenomeWideSNP_6_D05_781914	4	68821	34786500	22730	-0.6839
FOXED_p_TCGA_b122_128_SNP_N_GenomeWideSNP_6_D05_781914	4	34786955	34824725	37	-1.8282
FOXED_p_TCGA_b122_128_SNP_N_GenomeWideSNP_6_D05_781914	4	34829872	49089374	8952	-0.6546
FOXED_p_TCGA_b122_128_SNP_N_GenomeWideSNP_6_D05_781914	4	49093786	52686044	44	0.0089
FOXED_p_TCGA_b122_128_SNP_N_GenomeWideSNP_6_D05_781914	4	52686183	64693940	7563	-0.6576
FOXED_p_TCGA_b122_128_SNP_N_GenomeWideSNP_6_D05_781914	4	64697469	64708129	26	0.0656
FOXED_p_TCGA_b122_128_SNP_N_GenomeWideSNP_6_D05_781914	4	64708208	69372003	2877	-0.6472
FOXED_p_TCGA_b122_128_SNP_N_GenomeWideSNP_6_D05_781914	4	69374941	69521409	69	-0.2194
FOXED_p_TCGA_b122_128_SNP_N_GenomeWideSNP_6_D05_781914	4	69528959	98353604	17688	-0.6335
FOXED_p_TCGA_b122_128_SNP_N_GenomeWideSNP_6_D05_781914	4	98357434	98358305	2	-3.5219
FOXED_p_TCGA_b122_128_SNP_N_GenomeWideSNP_6_D05_781914	4	98360786	102056036	2079	-0.6505
FOXED_p_TCGA_b122_128_SNP_N_GenomeWideSNP_6_D05_781914	4	102056663	102192342	114	-3.3223
FOXED_p_TCGA_b122_128_SNP_N_GenomeWideSNP_6_D05_781914	4	102194512	115179541	7846	-0.6294
FOXED_p_TCGA_b122_128_SNP_N_GenomeWideSNP_6_D05_781914	4	115179638	115182175	6	-1.6758
FOXED_p_TCGA_b122_128_SNP_N_GenomeWideSNP_6_D05_781914	4	115184229	140599053	15000	-0.629
FOXED_p_TCGA_b122_128_SNP_N_GenomeWideSNP_6_D05_781914	4	140600307	140600437	3	-2.555
FOXED_p_TCGA_b122_128_SNP_N_GenomeWideSNP_6_D05_781914	4	140601791	172369346	19698	-0.6429
FOXED_p_TCGA_b122_128_SNP_N_GenomeWideSNP_6_D05_781914	4	172374884	172377710	10	1.6008
FOXED_p_TCGA_b122_128_SNP_N_GenomeWideSNP_6_D05_781914	4	172377724	172989148	397	-0.6494
FOXED_p_TCGA_b122_128_SNP_N_GenomeWideSNP_6_D05_781914	4	172989166	172989533	11	0.0719
FOXED_p_TCGA_b122_128_SNP_N_GenomeWideSNP_6_D05_781914	4	172995979	187877236	10078	-0.6797
FOXED_p_TCGA_b122_128_SNP_N_GenomeWideSNP_6_D05_781914	4	187877402	187896240	19	-0.0886
FOXED_p_TCGA_b122_128_SNP_N_GenomeWideSNP_6_D05_781914	4	187896352	189221258	825	-0.6509
FOXED_p_TCGA_b122_128_SNP_N_GenomeWideSNP_6_D05_781914	4	189221360	189221424	3	2.0169
FOXED_p_TCGA_b122_128_SNP_N_GenomeWideSNP_6_D05_781914	4	189221439	191027923	1175	-0.6748
FOXED_p_TCGA_b122_128_SNP_N_GenomeWideSNP_6_D05_781914	5	15532	685748	307	0.0932
FOXED_p_TCGA_b122_128_SNP_N_GenomeWideSNP_6_D05_781914	5	698371	788060	34	0.4911
FOXED_p_TCGA_b122_128_SNP_N_GenomeWideSNP_6_D05_781914	5	800686	12128283	9532	0.0796
FOXED_p_TCGA_b122_128_SNP_N_GenomeWideSNP_6_D05_781914	5	12128972	12128986	2	-1.0832
FOXED_p_TCGA_b122_128_SNP_N_GenomeWideSNP_6_D05_781914	5	12131394	12800889	352	0.1349
FOXED_p_TCGA_b122_128_SNP_N_GenomeWideSNP_6_D05_781914	5	12815780	12826650	11	0.9171
FOXED_p_TCGA_b122_128_SNP_N_GenomeWideSNP_6_D05_781914	5	12833857	15719350	1978	0.1154
FOXED_p_TCGA_b122_128_SNP_N_GenomeWideSNP_6_D05_781914	5	15720075	15720597	9	-0.7123
FOXED_p_TCGA_b122_128_SNP_N_GenomeWideSNP_6_D05_781914	5	15723346	39808632	15288	0.1111
FOXED_p_TCGA_b122_128_SNP_N_GenomeWideSNP_6_D05_781914	5	39808954	39808969	2	-1.6157
FOXED_p_TCGA_b122_128_SNP_N_GenomeWideSNP_6_D05_781914	5	39808985	54939071	6731	0.1124
FOXED_p_TCGA_b122_128_SNP_N_GenomeWideSNP_6_D05_781914	5	54944262	54961904	11	0.5612
FOXED_p_TCGA_b122_128_SNP_N_GenomeWideSNP_6_D05_781914	5	54964583	55657603	460	0.0958
FOXED_p_TCGA_b122_128_SNP_N_GenomeWideSNP_6_D05_781914	5	55657702	55657845	2	-1.0694
FOXED_p_TCGA_b122_128_SNP_N_GenomeWideSNP_6_D05_781914	5	55658113	57326163	1194	0.1119
FOXED_p_TCGA_b122_128_SNP_N_GenomeWideSNP_6_D05_781914	5	57326280	57333533	30	-0.6243
FOXED_p_TCGA_b122_128_SNP_N_GenomeWideSNP_6_D05_781914	5	57338357	59709752	1717	0.1122
FOXED_p_TCGA_b122_128_SNP_N_GenomeWideSNP_6_D05_781914	5	59710033	59772497	33	0.7015
FOXED_p_TCGA_b122_128_SNP_N_GenomeWideSNP_6_D05_781914	5	59773479	61573372	1089	0.1141
FOXED_p_TCGA_b122_128_SNP_N_GenomeWideSNP_6_D05_781914	5	61574991	61575920	2	-1.5173
FOXED_p_TCGA_b122_128_SNP_N_GenomeWideSNP_6_D05_781914	5	61576273	64582052	1698	0.1295
FOXED_p_TCGA_b122_128_SNP_N_GenomeWideSNP_6_D05_781914	5	64582221	103851221	22308	-0.66
FOXED_p_TCGA_b122_128_SNP_N_GenomeWideSNP_6_D05_781914	5	103860373	103860548	3	1.2952
FOXED_p_TCGA_b122_128_SNP_N_GenomeWideSNP_6_D05_781914	5	103860604	136824661	21702	-0.6696
FOXED_p_TCGA_b122_128_SNP_N_GenomeWideSNP_6_D05_781914	5	136826886	150202205	8115	0.1191
FOXED_p_TCGA_b122_128_SNP_N_GenomeWideSNP_6_D05_781914	5	150205500	150218604	8	-0.5736
FOXED_p_TCGA_b122_128_SNP_N_GenomeWideSNP_6_D05_781914	5	150223387	169435713	13369	0.1082
FOXED_p_TCGA_b122_128_SNP_N_GenomeWideSNP_6_D05_781914	5	169436128	169444363	14	-0.8579
FOXED_p_TCGA_b122_128_SNP_N_GenomeWideSNP_6_D05_781914	5	169445307	177386313	5131	0.0789
FOXED_p_TCGA_b122_128_SNP_N_GenomeWideSNP_6_D05_781914	5	177390075	177400868	9	-1.0499
FOXED_p_TCGA_b122_128_SNP_N_GenomeWideSNP_6_D05_781914	5	177401382	180374523	1784	0.0772
FOXED_p_TCGA_b122_128_SNP_N_GenomeWideSNP_6_D05_781914	5	180378710	180433264	21	-0.3283
FOXED_p_TCGA_b122_128_SNP_N_GenomeWideSNP_6_D05_781914	5	180442400	180790320	169	0.0735
FOXED_p_TCGA_b122_128_SNP_N_GenomeWideSNP_6_D05_781914	6	149661	29837072	21758	0.105
FOXED_p_TCGA_b122_128_SNP_N_GenomeWideSNP_6_D05_781914	6	29837187	29849267	16	-0.9889
FOXED_p_TCGA_b122_128_SNP_N_GenomeWideSNP_6_D05_781914	6	29850196	31286305	676	0.1171
FOXED_p_TCGA_b122_128_SNP_N_GenomeWideSNP_6_D05_781914	6	31286531	31296451	9	-1.5607
FOXED_p_TCGA_b122_128_SNP_N_GenomeWideSNP_6_D05_781914	6	31309924	31353639	63	0.0839
FOXED_p_TCGA_b122_128_SNP_N_GenomeWideSNP_6_D05_781914	6	31353689	31455834	89	0.6771
FOXED_p_TCGA_b122_128_SNP_N_GenomeWideSNP_6_D05_781914	6	31457633	32452929	357	0.1223
FOXED_p_TCGA_b122_128_SNP_N_GenomeWideSNP_6_D05_781914	6	32454275	32574381	37	0.9913
FOXED_p_TCGA_b122_128_SNP_N_GenomeWideSNP_6_D05_781914	6	32578082	53931084	13781	0.1063
FOXED_p_TCGA_b122_128_SNP_N_GenomeWideSNP_6_D05_781914	6	53931151	53931803	6	1.5113
FOXED_p_TCGA_b122_128_SNP_N_GenomeWideSNP_6_D05_781914	6	53931855	74591858	10529	0.1288
FOXED_p_TCGA_b122_128_SNP_N_GenomeWideSNP_6_D05_781914	6	74592225	74601410	10	1.2226
FOXED_p_TCGA_b122_128_SNP_N_GenomeWideSNP_6_D05_781914	6	74603555	77014948	1471	0.1424
FOXED_p_TCGA_b122_128_SNP_N_GenomeWideSNP_6_D05_781914	6	77016900	77016993	4	-0.7945
FOXED_p_TCGA_b122_128_SNP_N_GenomeWideSNP_6_D05_781914	6	77017043	78962889	1296	0.1287
FOXED_p_TCGA_b122_128_SNP_N_GenomeWideSNP_6_D05_781914	6	78969065	79035185	112	-0.3619
FOXED_p_TCGA_b122_128_SNP_N_GenomeWideSNP_6_D05_781914	6	79039234	81284189	1434	0.1616
FOXED_p_TCGA_b122_128_SNP_N_GenomeWideSNP_6_D05_781914	6	81284243	81294341	33	-0.7103
FOXED_p_TCGA_b122_128_SNP_N_GenomeWideSNP_6_D05_781914	6	81294399	94652407	8555	0.1282
FOXED_p_TCGA_b122_128_SNP_N_GenomeWideSNP_6_D05_781914	6	94652540	94657564	2	-1.2938
FOXED_p_TCGA_b122_128_SNP_N_GenomeWideSNP_6_D05_781914	6	94659532	103734829	5475	0.1287
FOXED_p_TCGA_b122_128_SNP_N_GenomeWideSNP_6_D05_781914	6	103737976	103762061	46	0.6707
FOXED_p_TCGA_b122_128_SNP_N_GenomeWideSNP_6_D05_781914	6	103765470	161032565	37003	0.1229
FOXED_p_TCGA_b122_128_SNP_N_GenomeWideSNP_6_D05_781914	6	161032719	161033283	5	1.5865
FOXED_p_TCGA_b122_128_SNP_N_GenomeWideSNP_6_D05_781914	6	161068042	168385774	5432	0.0726
FOXED_p_TCGA_b122_128_SNP_N_GenomeWideSNP_6_D05_781914	6	168386575	168389723	2	-1.4283
FOXED_p_TCGA_b122_128_SNP_N_GenomeWideSNP_6_D05_781914	6	168389848	171051005	1834	0.0626
FOXED_p_TCGA_b122_128_SNP_N_GenomeWideSNP_6_D05_781914	7	43355	6990878	3486	0.8963
FOXED_p_TCGA_b122_128_SNP_N_GenomeWideSNP_6_D05_781914	7	6990891	7593139	530	1.2384
FOXED_p_TCGA_b122_128_SNP_N_GenomeWideSNP_6_D05_781914	7	7595285	17502331	8064	0.9604
FOXED_p_TCGA_b122_128_SNP_N_GenomeWideSNP_6_D05_781914	7	17504139	17504193	2	2.3948
FOXED_p_TCGA_b122_128_SNP_N_GenomeWideSNP_6_D05_781914	7	17504629	29670718	9412	0.9291
FOXED_p_TCGA_b122_128_SNP_N_GenomeWideSNP_6_D05_781914	7	29673740	29783713	55	1.6372
FOXED_p_TCGA_b122_128_SNP_N_GenomeWideSNP_6_D05_781914	7	29785930	37288788	5135	0.9294
FOXED_p_TCGA_b122_128_SNP_N_GenomeWideSNP_6_D05_781914	7	37289197	37446767	124	0.5503
FOXED_p_TCGA_b122_128_SNP_N_GenomeWideSNP_6_D05_781914	7	37447918	54186167	11642	0.9227
FOXED_p_TCGA_b122_128_SNP_N_GenomeWideSNP_6_D05_781914	7	54186214	54186870	8	0.1353
FOXED_p_TCGA_b122_128_SNP_N_GenomeWideSNP_6_D05_781914	7	54186885	54380373	146	0.9275
FOXED_p_TCGA_b122_128_SNP_N_GenomeWideSNP_6_D05_781914	7	54386505	54386517	6	2.013
FOXED_p_TCGA_b122_128_SNP_N_GenomeWideSNP_6_D05_781914	7	54393488	57067592	1633	0.9062
FOXED_p_TCGA_b122_128_SNP_N_GenomeWideSNP_6_D05_781914	7	57068740	57084132	2	2.5215
FOXED_p_TCGA_b122_128_SNP_N_GenomeWideSNP_6_D05_781914	7	57116468	65051738	1700	0.854
FOXED_p_TCGA_b122_128_SNP_N_GenomeWideSNP_6_D05_781914	7	65051768	65091624	36	0.3704
FOXED_p_TCGA_b122_128_SNP_N_GenomeWideSNP_6_D05_781914	7	65094965	97395462	18804	0.1116
FOXED_p_TCGA_b122_128_SNP_N_GenomeWideSNP_6_D05_781914	7	97395465	97395470	3	1.2785
FOXED_p_TCGA_b122_128_SNP_N_GenomeWideSNP_6_D05_781914	7	97395471	106991390	5076	0.1089
FOXED_p_TCGA_b122_128_SNP_N_GenomeWideSNP_6_D05_781914	7	107004082	107170324	71	-0.6016
FOXED_p_TCGA_b122_128_SNP_N_GenomeWideSNP_6_D05_781914	7	107178278	110746145	2401	0.1348
FOXED_p_TCGA_b122_128_SNP_N_GenomeWideSNP_6_D05_781914	7	110747808	110875153	93	-0.6117
FOXED_p_TCGA_b122_128_SNP_N_GenomeWideSNP_6_D05_781914	7	110879251	126045651	9089	0.136
FOXED_p_TCGA_b122_128_SNP_N_GenomeWideSNP_6_D05_781914	7	126045686	126046881	15	-0.3523
FOXED_p_TCGA_b122_128_SNP_N_GenomeWideSNP_6_D05_781914	7	126052766	142474939	10430	0.1131
FOXED_p_TCGA_b122_128_SNP_N_GenomeWideSNP_6_D05_781914	7	142476719	142486045	27	-2.0957
FOXED_p_TCGA_b122_128_SNP_N_GenomeWideSNP_6_D05_781914	7	142486115	143911624	844	0.1021
FOXED_p_TCGA_b122_128_SNP_N_GenomeWideSNP_6_D05_781914	7	143917601	144041060	33	0.4612
FOXED_p_TCGA_b122_128_SNP_N_GenomeWideSNP_6_D05_781914	7	144049301	147011388	1858	0.1178
FOXED_p_TCGA_b122_128_SNP_N_GenomeWideSNP_6_D05_781914	7	147011687	147012081	2	-1.0819
FOXED_p_TCGA_b122_128_SNP_N_GenomeWideSNP_6_D05_781914	7	147014998	153147638	3730	0.0921
FOXED_p_TCGA_b122_128_SNP_N_GenomeWideSNP_6_D05_781914	7	153147645	153147712	2	-2.2831
FOXED_p_TCGA_b122_128_SNP_N_GenomeWideSNP_6_D05_781914	7	153147715	154389895	866	0.0685
FOXED_p_TCGA_b122_128_SNP_N_GenomeWideSNP_6_D05_781914	7	154393171	154399613	4	-1.8922
FOXED_p_TCGA_b122_128_SNP_N_GenomeWideSNP_6_D05_781914	7	154400830	156467078	1654	0.0884
FOXED_p_TCGA_b122_128_SNP_N_GenomeWideSNP_6_D05_781914	7	156468923	156580302	61	-0.5927
FOXED_p_TCGA_b122_128_SNP_N_GenomeWideSNP_6_D05_781914	7	156586592	159127004	1532	0.0679
FOXED_p_TCGA_b122_128_SNP_N_GenomeWideSNP_6_D05_781914	8	31254	158062	5	0.2877
FOXED_p_TCGA_b122_128_SNP_N_GenomeWideSNP_6_D05_781914	8	162672	16262235	14885	-0.7159
FOXED_p_TCGA_b122_128_SNP_N_GenomeWideSNP_6_D05_781914	8	16262247	16274661	27	-1.6829
FOXED_p_TCGA_b122_128_SNP_N_GenomeWideSNP_6_D05_781914	8	16278695	24972187	6851	-0.7029
FOXED_p_TCGA_b122_128_SNP_N_GenomeWideSNP_6_D05_781914	8	24974443	24991104	28	0.1134
FOXED_p_TCGA_b122_128_SNP_N_GenomeWideSNP_6_D05_781914	8	24991127	37046050	7890	-0.6988
FOXED_p_TCGA_b122_128_SNP_N_GenomeWideSNP_6_D05_781914	8	37047070	39368908	1191	0.1004
FOXED_p_TCGA_b122_128_SNP_N_GenomeWideSNP_6_D05_781914	8	39370474	39386965	9	-1.3222
FOXED_p_TCGA_b122_128_SNP_N_GenomeWideSNP_6_D05_781914	8	39388299	39528753	95	-0.5623
FOXED_p_TCGA_b122_128_SNP_N_GenomeWideSNP_6_D05_781914	8	39531332	43075538	2301	0.0694
FOXED_p_TCGA_b122_128_SNP_N_GenomeWideSNP_6_D05_781914	8	43077372	50542939	1890	-0.6584
FOXED_p_TCGA_b122_128_SNP_N_GenomeWideSNP_6_D05_781914	8	50545165	50546444	3	-2.0721
FOXED_p_TCGA_b122_128_SNP_N_GenomeWideSNP_6_D05_781914	8	50546950	51178175	418	-0.6776
FOXED_p_TCGA_b122_128_SNP_N_GenomeWideSNP_6_D05_781914	8	51180616	52545558	835	0.1134
FOXED_p_TCGA_b122_128_SNP_N_GenomeWideSNP_6_D05_781914	8	52558395	59615412	4737	0.5729
FOXED_p_TCGA_b122_128_SNP_N_GenomeWideSNP_6_D05_781914	8	59616045	59616052	2	-0.8118
FOXED_p_TCGA_b122_128_SNP_N_GenomeWideSNP_6_D05_781914	8	59616312	70952673	6931	0.5752
FOXED_p_TCGA_b122_128_SNP_N_GenomeWideSNP_6_D05_781914	8	70952739	70954834	8	-0.0924
FOXED_p_TCGA_b122_128_SNP_N_GenomeWideSNP_6_D05_781914	8	70961161	90745895	11718	0.5963
FOXED_p_TCGA_b122_128_SNP_N_GenomeWideSNP_6_D05_781914	8	90751319	90794759	18	0.1467
FOXED_p_TCGA_b122_128_SNP_N_GenomeWideSNP_6_D05_781914	8	90795283	113375693	13689	0.585
FOXED_p_TCGA_b122_128_SNP_N_GenomeWideSNP_6_D05_781914	8	113375824	113375895	2	-0.8139
FOXED_p_TCGA_b122_128_SNP_N_GenomeWideSNP_6_D05_781914	8	113376378	129756266	11111	0.5861
FOXED_p_TCGA_b122_128_SNP_N_GenomeWideSNP_6_D05_781914	8	129763135	129777454	3	-0.5531
FOXED_p_TCGA_b122_128_SNP_N_GenomeWideSNP_6_D05_781914	8	129778606	143122228	10122	0.5516
FOXED_p_TCGA_b122_128_SNP_N_GenomeWideSNP_6_D05_781914	8	143123145	143130738	11	-0.0965
FOXED_p_TCGA_b122_128_SNP_N_GenomeWideSNP_6_D05_781914	8	143136640	144295782	485	0.5273
FOXED_p_TCGA_b122_128_SNP_N_GenomeWideSNP_6_D05_781914	8	144299106	144310617	16	0.0118
FOXED_p_TCGA_b122_128_SNP_N_GenomeWideSNP_6_D05_781914	8	144314377	146298155	634	0.5993
FOXED_p_TCGA_b122_128_SNP_N_GenomeWideSNP_6_D05_781914	9	46587	44234451	31478	0.1141
FOXED_p_TCGA_b122_128_SNP_N_GenomeWideSNP_6_D05_781914	9	44241817	44273241	14	-0.5222
FOXED_p_TCGA_b122_128_SNP_N_GenomeWideSNP_6_D05_781914	9	44385979	44629223	8	0.2652
FOXED_p_TCGA_b122_128_SNP_N_GenomeWideSNP_6_D05_781914	9	44727859	44855737	36	-1.1149
FOXED_p_TCGA_b122_128_SNP_N_GenomeWideSNP_6_D05_781914	9	44866028	89151028	13446	0.1076
FOXED_p_TCGA_b122_128_SNP_N_GenomeWideSNP_6_D05_781914	9	89155447	89156063	2	1.7434
FOXED_p_TCGA_b122_128_SNP_N_GenomeWideSNP_6_D05_781914	9	89156866	103450302	9540	0.0715
FOXED_p_TCGA_b122_128_SNP_N_GenomeWideSNP_6_D05_781914	9	103452057	103452327	3	0.7346
FOXED_p_TCGA_b122_128_SNP_N_GenomeWideSNP_6_D05_781914	9	103459180	106563455	2260	0.1166
FOXED_p_TCGA_b122_128_SNP_N_GenomeWideSNP_6_D05_781914	9	106563580	106569290	5	-0.6176
FOXED_p_TCGA_b122_128_SNP_N_GenomeWideSNP_6_D05_781914	9	106570702	138214105	22058	0.102
FOXED_p_TCGA_b122_128_SNP_N_GenomeWideSNP_6_D05_781914	9	138215622	138216412	2	-3.2101
FOXED_p_TCGA_b122_128_SNP_N_GenomeWideSNP_6_D05_781914	9	138217797	141071475	1108	0.0693
FOXED_p_TCGA_b122_128_SNP_N_GenomeWideSNP_6_D05_781914	9	141071527	141091394	7	-0.6552
FOXED_p_TCGA_b122_128_SNP_N_GenomeWideSNP_6_D05_781914	10	72759	13050005	10945	0.0779
FOXED_p_TCGA_b122_128_SNP_N_GenomeWideSNP_6_D05_781914	10	13050023	13050170	4	-1.6751
FOXED_p_TCGA_b122_128_SNP_N_GenomeWideSNP_6_D05_781914	10	13050428	17894976	3943	0.0825
FOXED_p_TCGA_b122_128_SNP_N_GenomeWideSNP_6_D05_781914	10	17927554	17949857	3	-1.0568
FOXED_p_TCGA_b122_128_SNP_N_GenomeWideSNP_6_D05_781914	10	17971816	20721383	2059	0.1111
FOXED_p_TCGA_b122_128_SNP_N_GenomeWideSNP_6_D05_781914	10	20725571	21512499	631	-0.6702
FOXED_p_TCGA_b122_128_SNP_N_GenomeWideSNP_6_D05_781914	10	21515051	47771030	14381	0.0932
FOXED_p_TCGA_b122_128_SNP_N_GenomeWideSNP_6_D05_781914	10	47897394	47948060	4	-1.6335
FOXED_p_TCGA_b122_128_SNP_N_GenomeWideSNP_6_D05_781914	10	47960476	48840627	293	0.0515
FOXED_p_TCGA_b122_128_SNP_N_GenomeWideSNP_6_D05_781914	10	48883402	49322881	26	0.4468
FOXED_p_TCGA_b122_128_SNP_N_GenomeWideSNP_6_D05_781914	10	49333677	51822399	1448	0.0518
FOXED_p_TCGA_b122_128_SNP_N_GenomeWideSNP_6_D05_781914	10	51830360	51867234	4	0.925
FOXED_p_TCGA_b122_128_SNP_N_GenomeWideSNP_6_D05_781914	10	51891920	55119025	2434	0.1304
FOXED_p_TCGA_b122_128_SNP_N_GenomeWideSNP_6_D05_781914	10	55119042	55119242	3	-1.2378
FOXED_p_TCGA_b122_128_SNP_N_GenomeWideSNP_6_D05_781914	10	55119448	82878159	18767	0.1154
FOXED_p_TCGA_b122_128_SNP_N_GenomeWideSNP_6_D05_781914	10	82881330	82889783	10	-0.7899
FOXED_p_TCGA_b122_128_SNP_N_GenomeWideSNP_6_D05_781914	10	82894469	87163088	3217	0.1163
FOXED_p_TCGA_b122_128_SNP_N_GenomeWideSNP_6_D05_781914	10	87163989	88057777	666	-0.7338
FOXED_p_TCGA_b122_128_SNP_N_GenomeWideSNP_6_D05_781914	10	88063175	88202851	91	-0.001
FOXED_p_TCGA_b122_128_SNP_N_GenomeWideSNP_6_D05_781914	10	88205786	88513897	163	-0.7432
FOXED_p_TCGA_b122_128_SNP_N_GenomeWideSNP_6_D05_781914	10	88520409	88553100	17	-0.0175
FOXED_p_TCGA_b122_128_SNP_N_GenomeWideSNP_6_D05_781914	10	88558471	88946889	156	-0.694
FOXED_p_TCGA_b122_128_SNP_N_GenomeWideSNP_6_D05_781914	10	88947061	89131190	32	-0.0682
FOXED_p_TCGA_b122_128_SNP_N_GenomeWideSNP_6_D05_781914	10	89133936	96862419	5020	-0.6479
FOXED_p_TCGA_b122_128_SNP_N_GenomeWideSNP_6_D05_781914	10	96865093	96876089	23	-0.2209
FOXED_p_TCGA_b122_128_SNP_N_GenomeWideSNP_6_D05_781914	10	96882502	108681291	7362	-0.6914
FOXED_p_TCGA_b122_128_SNP_N_GenomeWideSNP_6_D05_781914	10	108682594	108819969	115	0.1094
FOXED_p_TCGA_b122_128_SNP_N_GenomeWideSNP_6_D05_781914	10	108820119	110232056	1147	-0.6565
FOXED_p_TCGA_b122_128_SNP_N_GenomeWideSNP_6_D05_781914	10	110232831	132325385	16197	0.1048
FOXED_p_TCGA_b122_128_SNP_N_GenomeWideSNP_6_D05_781914	10	132328529	132535788	164	-0.816
FOXED_p_TCGA_b122_128_SNP_N_GenomeWideSNP_6_D05_781914	10	132538177	135506704	1782	0.0383
FOXED_p_TCGA_b122_128_SNP_N_GenomeWideSNP_6_D05_781914	11	198510	5200668	2711	0.0874
FOXED_p_TCGA_b122_128_SNP_N_GenomeWideSNP_6_D05_781914	11	5201897	5210569	11	0.6037
FOXED_p_TCGA_b122_128_SNP_N_GenomeWideSNP_6_D05_781914	11	5213276	5787405	586	0.1035
FOXED_p_TCGA_b122_128_SNP_N_GenomeWideSNP_6_D05_781914	11	5788080	5809461	34	-0.4158
FOXED_p_TCGA_b122_128_SNP_N_GenomeWideSNP_6_D05_781914	11	5812360	6117976	244	0.1123
FOXED_p_TCGA_b122_128_SNP_N_GenomeWideSNP_6_D05_781914	11	6120647	6122094	2	-2.1016
FOXED_p_TCGA_b122_128_SNP_N_GenomeWideSNP_6_D05_781914	11	6122503	18949109	9186	0.1047
FOXED_p_TCGA_b122_128_SNP_N_GenomeWideSNP_6_D05_781914	11	18949325	18961314	41	0.5842
FOXED_p_TCGA_b122_128_SNP_N_GenomeWideSNP_6_D05_781914	11	18961329	37133420	13478	0.1101
FOXED_p_TCGA_b122_128_SNP_N_GenomeWideSNP_6_D05_781914	11	37133473	37133900	4	0.9405
FOXED_p_TCGA_b122_128_SNP_N_GenomeWideSNP_6_D05_781914	11	37134048	48594268	7161	0.0946
FOXED_p_TCGA_b122_128_SNP_N_GenomeWideSNP_6_D05_781914	11	48598422	48602676	3	-1.2075
FOXED_p_TCGA_b122_128_SNP_N_GenomeWideSNP_6_D05_781914	11	48606318	50343842	756	0.1143
FOXED_p_TCGA_b122_128_SNP_N_GenomeWideSNP_6_D05_781914	11	50344025	50345390	4	1.2293
FOXED_p_TCGA_b122_128_SNP_N_GenomeWideSNP_6_D05_781914	11	50357056	55376023	469	0.0884
FOXED_p_TCGA_b122_128_SNP_N_GenomeWideSNP_6_D05_781914	11	55376236	55453576	55	-0.4253
FOXED_p_TCGA_b122_128_SNP_N_GenomeWideSNP_6_D05_781914	11	55460683	111720616	35363	0.1033
FOXED_p_TCGA_b122_128_SNP_N_GenomeWideSNP_6_D05_781914	11	111731488	112192522	241	-0.7034
FOXED_p_TCGA_b122_128_SNP_N_GenomeWideSNP_6_D05_781914	11	112194803	134944770	16847	0.0686
FOXED_p_TCGA_b122_128_SNP_N_GenomeWideSNP_6_D05_781914	12	150442	2794045	1716	0.1117
FOXED_p_TCGA_b122_128_SNP_N_GenomeWideSNP_6_D05_781914	12	2797071	2853854	34	0.6926
FOXED_p_TCGA_b122_128_SNP_N_GenomeWideSNP_6_D05_781914	12	2854945	8442285	3833	0.0808
FOXED_p_TCGA_b122_128_SNP_N_GenomeWideSNP_6_D05_781914	12	8449112	8449217	2	1.514
FOXED_p_TCGA_b122_128_SNP_N_GenomeWideSNP_6_D05_781914	12	8453466	9630556	624	0.0431
FOXED_p_TCGA_b122_128_SNP_N_GenomeWideSNP_6_D05_781914	12	9633870	9728292	25	-1.3245
FOXED_p_TCGA_b122_128_SNP_N_GenomeWideSNP_6_D05_781914	12	9734969	11220827	1046	0.0798
FOXED_p_TCGA_b122_128_SNP_N_GenomeWideSNP_6_D05_781914	12	11222368	11241532	10	-1.1384
FOXED_p_TCGA_b122_128_SNP_N_GenomeWideSNP_6_D05_781914	12	11251874	33301534	15602	0.1208
FOXED_p_TCGA_b122_128_SNP_N_GenomeWideSNP_6_D05_781914	12	33301561	33308360	24	0.5364
FOXED_p_TCGA_b122_128_SNP_N_GenomeWideSNP_6_D05_781914	12	33308387	45904438	5627	0.1064
FOXED_p_TCGA_b122_128_SNP_N_GenomeWideSNP_6_D05_781914	12	45905840	45909537	3	1.5848
FOXED_p_TCGA_b122_128_SNP_N_GenomeWideSNP_6_D05_781914	12	45913292	58721231	7217	0.1044
FOXED_p_TCGA_b122_128_SNP_N_GenomeWideSNP_6_D05_781914	12	58730151	58730162	2	-1.3327
FOXED_p_TCGA_b122_128_SNP_N_GenomeWideSNP_6_D05_781914	12	58730848	70871858	7984	0.108
FOXED_p_TCGA_b122_128_SNP_N_GenomeWideSNP_6_D05_781914	12	70872675	70878027	9	-0.4919
FOXED_p_TCGA_b122_128_SNP_N_GenomeWideSNP_6_D05_781914	12	70879385	133778189	41359	0.102
FOXED_p_TCGA_b122_128_SNP_N_GenomeWideSNP_6_D05_781914	13	19026949	20820781	908	0.5691
FOXED_p_TCGA_b122_128_SNP_N_GenomeWideSNP_6_D05_781914	13	20827251	20827940	2	-3.5901
FOXED_p_TCGA_b122_128_SNP_N_GenomeWideSNP_6_D05_781914	13	20832547	25035607	3148	0.5671
FOXED_p_TCGA_b122_128_SNP_N_GenomeWideSNP_6_D05_781914	13	25039590	25039598	3	-1.2791
FOXED_p_TCGA_b122_128_SNP_N_GenomeWideSNP_6_D05_781914	13	25039678	64106978	25854	0.5808
FOXED_p_TCGA_b122_128_SNP_N_GenomeWideSNP_6_D05_781914	13	64108288	64126412	7	-0.1833
FOXED_p_TCGA_b122_128_SNP_N_GenomeWideSNP_6_D05_781914	13	64127128	69249464	3166	0.5966
FOXED_p_TCGA_b122_128_SNP_N_GenomeWideSNP_6_D05_781914	13	69249481	69259272	13	0.009
FOXED_p_TCGA_b122_128_SNP_N_GenomeWideSNP_6_D05_781914	13	69259317	72476988	2085	0.6146
FOXED_p_TCGA_b122_128_SNP_N_GenomeWideSNP_6_D05_781914	13	72477555	72480556	4	1.949
FOXED_p_TCGA_b122_128_SNP_N_GenomeWideSNP_6_D05_781914	13	72480605	75021897	1918	0.6343
FOXED_p_TCGA_b122_128_SNP_N_GenomeWideSNP_6_D05_781914	13	75022003	75022661	2	-0.7949
FOXED_p_TCGA_b122_128_SNP_N_GenomeWideSNP_6_D05_781914	13	75024613	79325738	2988	0.5962
FOXED_p_TCGA_b122_128_SNP_N_GenomeWideSNP_6_D05_781914	13	79329499	79329894	2	-0.8252
FOXED_p_TCGA_b122_128_SNP_N_GenomeWideSNP_6_D05_781914	13	79330093	113703404	23705	0.5906
FOXED_p_TCGA_b122_128_SNP_N_GenomeWideSNP_6_D05_781914	13	113704385	113707613	2	1.9996
FOXED_p_TCGA_b122_128_SNP_N_GenomeWideSNP_6_D05_781914	13	113707658	115108397	553	0.5712
FOXED_p_TCGA_b122_128_SNP_N_GenomeWideSNP_6_D05_781914	14	19002124	23563748	2400	-0.5689
FOXED_p_TCGA_b122_128_SNP_N_GenomeWideSNP_6_D05_781914	14	23569106	23570824	2	-2.4588
FOXED_p_TCGA_b122_128_SNP_N_GenomeWideSNP_6_D05_781914	14	23571671	67992490	27920	-0.6045
FOXED_p_TCGA_b122_128_SNP_N_GenomeWideSNP_6_D05_781914	14	67992967	67993042	3	-3.582
FOXED_p_TCGA_b122_128_SNP_N_GenomeWideSNP_6_D05_781914	14	67994383	106547507	24745	-0.6521
FOXED_p_TCGA_b122_128_SNP_N_GenomeWideSNP_6_D05_781914	14	106548213	106561441	8	-2.875
FOXED_p_TCGA_b122_128_SNP_N_GenomeWideSNP_6_D05_781914	14	106567100	106717356	68	-0.5762
FOXED_p_TCGA_b122_128_SNP_N_GenomeWideSNP_6_D05_781914	14	106720594	106740774	12	-1.2103
FOXED_p_TCGA_b122_128_SNP_N_GenomeWideSNP_6_D05_781914	14	106746725	107153173	247	-0.4963
FOXED_p_TCGA_b122_128_SNP_N_GenomeWideSNP_6_D05_781914	14	107160325	107184184	22	-1.1953
FOXED_p_TCGA_b122_128_SNP_N_GenomeWideSNP_6_D05_781914	14	107184376	107285437	68	-0.5128
FOXED_p_TCGA_b122_128_SNP_N_GenomeWideSNP_6_D05_781914	15	20016328	20265978	55	0.5148
FOXED_p_TCGA_b122_128_SNP_N_GenomeWideSNP_6_D05_781914	15	20267862	20440538	13	-0.54
FOXED_p_TCGA_b122_128_SNP_N_GenomeWideSNP_6_D05_781914	15	20446138	20578304	28	-0.0086
FOXED_p_TCGA_b122_128_SNP_N_GenomeWideSNP_6_D05_781914	15	20578366	20581562	8	-0.6393
FOXED_p_TCGA_b122_128_SNP_N_GenomeWideSNP_6_D05_781914	15	20581564	20586957	13	-2.6148
FOXED_p_TCGA_b122_128_SNP_N_GenomeWideSNP_6_D05_781914	15	20590027	22285769	193	-0.101
FOXED_p_TCGA_b122_128_SNP_N_GenomeWideSNP_6_D05_781914	15	22287270	22766685	133	0.5034
FOXED_p_TCGA_b122_128_SNP_N_GenomeWideSNP_6_D05_781914	15	22766821	23282811	287	0.1449
FOXED_p_TCGA_b122_128_SNP_N_GenomeWideSNP_6_D05_781914	15	23288349	23641514	12	-0.3994
FOXED_p_TCGA_b122_128_SNP_N_GenomeWideSNP_6_D05_781914	15	23644045	26054812	1673	0.5789
FOXED_p_TCGA_b122_128_SNP_N_GenomeWideSNP_6_D05_781914	15	26054895	26054925	2	-0.9028
FOXED_p_TCGA_b122_128_SNP_N_GenomeWideSNP_6_D05_781914	15	26058208	26850410	612	0.5459
FOXED_p_TCGA_b122_128_SNP_N_GenomeWideSNP_6_D05_781914	15	26851106	26856704	4	1.4495
FOXED_p_TCGA_b122_128_SNP_N_GenomeWideSNP_6_D05_781914	15	26857125	28522505	1189	0.5889
FOXED_p_TCGA_b122_128_SNP_N_GenomeWideSNP_6_D05_781914	15	28522684	29009054	66	0.3317
FOXED_p_TCGA_b122_128_SNP_N_GenomeWideSNP_6_D05_781914	15	29010269	30925605	929	0.5941
FOXED_p_TCGA_b122_128_SNP_N_GenomeWideSNP_6_D05_781914	15	30930500	30936285	3	-1.0532
FOXED_p_TCGA_b122_128_SNP_N_GenomeWideSNP_6_D05_781914	15	30946306	31061184	41	0.5819
FOXED_p_TCGA_b122_128_SNP_N_GenomeWideSNP_6_D05_781914	15	31062380	31890350	593	0.1131
FOXED_p_TCGA_b122_128_SNP_N_GenomeWideSNP_6_D05_781914	15	31897012	31909935	16	0.639
FOXED_p_TCGA_b122_128_SNP_N_GenomeWideSNP_6_D05_781914	15	31913902	47513253	9660	0.1524
FOXED_p_TCGA_b122_128_SNP_N_GenomeWideSNP_6_D05_781914	15	47518807	47519545	4	-6.2496
FOXED_p_TCGA_b122_128_SNP_N_GenomeWideSNP_6_D05_781914	15	47519554	67305416	13289	0.1394
FOXED_p_TCGA_b122_128_SNP_N_GenomeWideSNP_6_D05_781914	15	67309057	67382051	67	-3.9949
FOXED_p_TCGA_b122_128_SNP_N_GenomeWideSNP_6_D05_781914	15	67383287	70462010	2011	0.1259
FOXED_p_TCGA_b122_128_SNP_N_GenomeWideSNP_6_D05_781914	15	70462665	70462952	2	-0.9429
FOXED_p_TCGA_b122_128_SNP_N_GenomeWideSNP_6_D05_781914	15	70471263	76878362	3473	0.1322
FOXED_p_TCGA_b122_128_SNP_N_GenomeWideSNP_6_D05_781914	15	76891241	76895775	22	-1.9274
FOXED_p_TCGA_b122_128_SNP_N_GenomeWideSNP_6_D05_781914	15	76902179	77610909	309	0.1413
FOXED_p_TCGA_b122_128_SNP_N_GenomeWideSNP_6_D05_781914	15	77620917	77803225	96	-2.5198
FOXED_p_TCGA_b122_128_SNP_N_GenomeWideSNP_6_D05_781914	15	77803660	84540717	4030	0.1147
FOXED_p_TCGA_b122_128_SNP_N_GenomeWideSNP_6_D05_781914	15	84540738	84547547	8	-1.9065
FOXED_p_TCGA_b122_128_SNP_N_GenomeWideSNP_6_D05_781914	15	84547867	94602034	7387	0.1347
FOXED_p_TCGA_b122_128_SNP_N_GenomeWideSNP_6_D05_781914	15	94602314	94603102	2	-1.809
FOXED_p_TCGA_b122_128_SNP_N_GenomeWideSNP_6_D05_781914	15	94603229	102469040	5860	0.125
FOXED_p_TCGA_b122_128_SNP_N_GenomeWideSNP_6_D05_781914	16	60777	6066740	3162	0.0786
FOXED_p_TCGA_b122_128_SNP_N_GenomeWideSNP_6_D05_781914	16	6071498	6148145	108	-0.7108
FOXED_p_TCGA_b122_128_SNP_N_GenomeWideSNP_6_D05_781914	16	6153718	6538986	454	0.0716
FOXED_p_TCGA_b122_128_SNP_N_GenomeWideSNP_6_D05_781914	16	6547044	6782736	350	-3.7596
FOXED_p_TCGA_b122_128_SNP_N_GenomeWideSNP_6_D05_781914	16	6786976	6801680	30	-0.6158
FOXED_p_TCGA_b122_128_SNP_N_GenomeWideSNP_6_D05_781914	16	6802294	6811305	23	0.1486
FOXED_p_TCGA_b122_128_SNP_N_GenomeWideSNP_6_D05_781914	16	6811871	6815629	11	-0.5783
FOXED_p_TCGA_b122_128_SNP_N_GenomeWideSNP_6_D05_781914	16	6816351	7006428	199	0.0596
FOXED_p_TCGA_b122_128_SNP_N_GenomeWideSNP_6_D05_781914	16	7007859	7066620	59	-0.6354
FOXED_p_TCGA_b122_128_SNP_N_GenomeWideSNP_6_D05_781914	16	7067176	12648843	5033	0.0914
FOXED_p_TCGA_b122_128_SNP_N_GenomeWideSNP_6_D05_781914	16	12648859	12648995	3	-0.9973
FOXED_p_TCGA_b122_128_SNP_N_GenomeWideSNP_6_D05_781914	16	12650247	16377662	2358	0.1114
FOXED_p_TCGA_b122_128_SNP_N_GenomeWideSNP_6_D05_781914	16	16513091	16567884	7	-0.8005
FOXED_p_TCGA_b122_128_SNP_N_GenomeWideSNP_6_D05_781914	16	16568200	19944363	1735	0.1065
FOXED_p_TCGA_b122_128_SNP_N_GenomeWideSNP_6_D05_781914	16	19945650	19967362	29	-0.5812
FOXED_p_TCGA_b122_128_SNP_N_GenomeWideSNP_6_D05_781914	16	19970254	72065158	23480	0.092
FOXED_p_TCGA_b122_128_SNP_N_GenomeWideSNP_6_D05_781914	16	72066013	73128910	570	-0.6634
FOXED_p_TCGA_b122_128_SNP_N_GenomeWideSNP_6_D05_781914	16	73132839	78372846	4182	0.1112
FOXED_p_TCGA_b122_128_SNP_N_GenomeWideSNP_6_D05_781914	16	78373337	78376377	4	-1.5869
FOXED_p_TCGA_b122_128_SNP_N_GenomeWideSNP_6_D05_781914	16	78376711	90287535	10662	0.0745
FOXED_p_TCGA_b122_128_SNP_N_GenomeWideSNP_6_D05_781914	17	526	18355392	11406	-0.7298
FOXED_p_TCGA_b122_128_SNP_N_GenomeWideSNP_6_D05_781914	17	18358946	18465221	28	-0.0181
FOXED_p_TCGA_b122_128_SNP_N_GenomeWideSNP_6_D05_781914	17	18469197	22235650	1544	-0.6745
FOXED_p_TCGA_b122_128_SNP_N_GenomeWideSNP_6_D05_781914	17	25270411	39241489	7849	0.0793
FOXED_p_TCGA_b122_128_SNP_N_GenomeWideSNP_6_D05_781914	17	39244272	39245956	2	-1.5712
FOXED_p_TCGA_b122_128_SNP_N_GenomeWideSNP_6_D05_781914	17	39246391	39414647	97	0.1246
FOXED_p_TCGA_b122_128_SNP_N_GenomeWideSNP_6_D05_781914	17	39418372	39430531	27	-0.2687
FOXED_p_TCGA_b122_128_SNP_N_GenomeWideSNP_6_D05_781914	17	39432724	41248076	1026	0.0896
FOXED_p_TCGA_b122_128_SNP_N_GenomeWideSNP_6_D05_781914	17	41248305	41248483	2	-1.4651
FOXED_p_TCGA_b122_128_SNP_N_GenomeWideSNP_6_D05_781914	17	41250027	44163098	1484	0.0683
FOXED_p_TCGA_b122_128_SNP_N_GenomeWideSNP_6_D05_781914	17	44165803	44362363	124	0.7608
FOXED_p_TCGA_b122_128_SNP_N_GenomeWideSNP_6_D05_781914	17	44364170	44722831	42	-0.3049
FOXED_p_TCGA_b122_128_SNP_N_GenomeWideSNP_6_D05_781914	17	44722842	81049726	21640	0.0861
FOXED_p_TCGA_b122_128_SNP_N_GenomeWideSNP_6_D05_781914	18	11543	13509757	9613	-0.7059
FOXED_p_TCGA_b122_128_SNP_N_GenomeWideSNP_6_D05_781914	18	13510000	13513262	8	-2.2435
FOXED_p_TCGA_b122_128_SNP_N_GenomeWideSNP_6_D05_781914	18	13513963	34059243	10372	-0.6538
FOXED_p_TCGA_b122_128_SNP_N_GenomeWideSNP_6_D05_781914	18	34060117	34239407	185	-3.6401
FOXED_p_TCGA_b122_128_SNP_N_GenomeWideSNP_6_D05_781914	18	34243108	34279281	63	-1.9374
FOXED_p_TCGA_b122_128_SNP_N_GenomeWideSNP_6_D05_781914	18	34280131	34345684	48	-3.6055
FOXED_p_TCGA_b122_128_SNP_N_GenomeWideSNP_6_D05_781914	18	34346308	34594213	151	-2.0946
FOXED_p_TCGA_b122_128_SNP_N_GenomeWideSNP_6_D05_781914	18	34600448	63906866	20007	-0.6729
FOXED_p_TCGA_b122_128_SNP_N_GenomeWideSNP_6_D05_781914	18	63907434	63911589	10	-2.6448
FOXED_p_TCGA_b122_128_SNP_N_GenomeWideSNP_6_D05_781914	18	63911876	68046880	3024	-0.6409
FOXED_p_TCGA_b122_128_SNP_N_GenomeWideSNP_6_D05_781914	18	68050509	68050814	2	-3.9485
FOXED_p_TCGA_b122_128_SNP_N_GenomeWideSNP_6_D05_781914	18	68050849	74905937	5233	-0.7195
FOXED_p_TCGA_b122_128_SNP_N_GenomeWideSNP_6_D05_781914	18	74906064	74911280	2	-3.6124
FOXED_p_TCGA_b122_128_SNP_N_GenomeWideSNP_6_D05_781914	18	74911980	78015057	1982	-0.7533
FOXED_p_TCGA_b122_128_SNP_N_GenomeWideSNP_6_D05_781914	19	90910	114299	3	0.2946
FOXED_p_TCGA_b122_128_SNP_N_GenomeWideSNP_6_D05_781914	19	232496	6981885	2313	-0.7154
FOXED_p_TCGA_b122_128_SNP_N_GenomeWideSNP_6_D05_781914	19	6982336	7178878	97	0.0435
FOXED_p_TCGA_b122_128_SNP_N_GenomeWideSNP_6_D05_781914	19	7182753	7296452	79	-0.7107
FOXED_p_TCGA_b122_128_SNP_N_GenomeWideSNP_6_D05_781914	19	7300055	7397015	8	-0.1254
FOXED_p_TCGA_b122_128_SNP_N_GenomeWideSNP_6_D05_781914	19	7398265	7436089	12	-0.6679
FOXED_p_TCGA_b122_128_SNP_N_GenomeWideSNP_6_D05_781914	19	7436946	7865488	211	0.0499
FOXED_p_TCGA_b122_128_SNP_N_GenomeWideSNP_6_D05_781914	19	7867647	8990911	500	-0.7125
FOXED_p_TCGA_b122_128_SNP_N_GenomeWideSNP_6_D05_781914	19	8994634	9273800	177	0.0432
FOXED_p_TCGA_b122_128_SNP_N_GenomeWideSNP_6_D05_781914	19	9274672	9278121	5	-0.6207
FOXED_p_TCGA_b122_128_SNP_N_GenomeWideSNP_6_D05_781914	19	9284760	11608086	1068	0.0571
FOXED_p_TCGA_b122_128_SNP_N_GenomeWideSNP_6_D05_781914	19	11609869	12630328	567	-0.6528
FOXED_p_TCGA_b122_128_SNP_N_GenomeWideSNP_6_D05_781914	19	12639911	13408131	275	0.0725
FOXED_p_TCGA_b122_128_SNP_N_GenomeWideSNP_6_D05_781914	19	13410970	13704512	186	0.5465
FOXED_p_TCGA_b122_128_SNP_N_GenomeWideSNP_6_D05_781914	19	13712314	14203610	187	0.0553
FOXED_p_TCGA_b122_128_SNP_N_GenomeWideSNP_6_D05_781914	19	14211394	14931637	318	-0.6583
FOXED_p_TCGA_b122_128_SNP_N_GenomeWideSNP_6_D05_781914	19	14932227	15012726	91	0.0536
FOXED_p_TCGA_b122_128_SNP_N_GenomeWideSNP_6_D05_781914	19	15013608	15016630	3	-1.4357
FOXED_p_TCGA_b122_128_SNP_N_GenomeWideSNP_6_D05_781914	19	15016660	15038939	20	0.0901
FOXED_p_TCGA_b122_128_SNP_N_GenomeWideSNP_6_D05_781914	19	15045192	15049299	3	0.7351
FOXED_p_TCGA_b122_128_SNP_N_GenomeWideSNP_6_D05_781914	19	15051287	15799343	508	0.0317
FOXED_p_TCGA_b122_128_SNP_N_GenomeWideSNP_6_D05_781914	19	15799366	17948732	1129	-0.6973
FOXED_p_TCGA_b122_128_SNP_N_GenomeWideSNP_6_D05_781914	19	17954215	17954524	2	-3.5086
FOXED_p_TCGA_b122_128_SNP_N_GenomeWideSNP_6_D05_781914	19	17957024	24507167	3461	-0.6579
FOXED_p_TCGA_b122_128_SNP_N_GenomeWideSNP_6_D05_781914	19	24507172	28289228	106	0.113
FOXED_p_TCGA_b122_128_SNP_N_GenomeWideSNP_6_D05_781914	19	28294479	28316272	20	-0.9331
FOXED_p_TCGA_b122_128_SNP_N_GenomeWideSNP_6_D05_781914	19	28317343	35658728	5266	0.0567
FOXED_p_TCGA_b122_128_SNP_N_GenomeWideSNP_6_D05_781914	19	35663774	35663992	4	-1.9226
FOXED_p_TCGA_b122_128_SNP_N_GenomeWideSNP_6_D05_781914	19	35664043	36758897	624	0.0371
FOXED_p_TCGA_b122_128_SNP_N_GenomeWideSNP_6_D05_781914	19	36805705	36806515	2	-1.3462
FOXED_p_TCGA_b122_128_SNP_N_GenomeWideSNP_6_D05_781914	19	36807300	53928764	8950	0.0711
FOXED_p_TCGA_b122_128_SNP_N_GenomeWideSNP_6_D05_781914	19	53929764	54015178	74	-0.8908
FOXED_p_TCGA_b122_128_SNP_N_GenomeWideSNP_6_D05_781914	19	54017106	55251855	721	0.0582
FOXED_p_TCGA_b122_128_SNP_N_GenomeWideSNP_6_D05_781914	19	55252385	55378699	48	-0.66
FOXED_p_TCGA_b122_128_SNP_N_GenomeWideSNP_6_D05_781914	19	55379455	58940514	2232	0.0491
FOXED_p_TCGA_b122_128_SNP_N_GenomeWideSNP_6_D05_781914	19	58943408	58944375	2	-1.3215
FOXED_p_TCGA_b122_128_SNP_N_GenomeWideSNP_6_D05_781914	19	58946056	59097854	52	0.1265
FOXED_p_TCGA_b122_128_SNP_N_GenomeWideSNP_6_D05_781914	20	61305	1590257	1244	0.1046
FOXED_p_TCGA_b122_128_SNP_N_GenomeWideSNP_6_D05_781914	20	1590455	1597946	5	-0.9373
FOXED_p_TCGA_b122_128_SNP_N_GenomeWideSNP_6_D05_781914	20	1598106	13788814	9374	0.0933
FOXED_p_TCGA_b122_128_SNP_N_GenomeWideSNP_6_D05_781914	20	13788882	13965125	89	0.5539
FOXED_p_TCGA_b122_128_SNP_N_GenomeWideSNP_6_D05_781914	20	13974549	14732313	429	0.0981
FOXED_p_TCGA_b122_128_SNP_N_GenomeWideSNP_6_D05_781914	20	14734360	14792812	50	-0.6273
FOXED_p_TCGA_b122_128_SNP_N_GenomeWideSNP_6_D05_781914	20	14792834	14792838	2	-2.2886
FOXED_p_TCGA_b122_128_SNP_N_GenomeWideSNP_6_D05_781914	20	14793415	15087291	297	-0.675
FOXED_p_TCGA_b122_128_SNP_N_GenomeWideSNP_6_D05_781914	20	15093966	26305579	8582	0.0794
FOXED_p_TCGA_b122_128_SNP_N_GenomeWideSNP_6_D05_781914	20	29420352	37690862	4175	0.852
FOXED_p_TCGA_b122_128_SNP_N_GenomeWideSNP_6_D05_781914	20	37695645	37696409	2	-0.4156
FOXED_p_TCGA_b122_128_SNP_N_GenomeWideSNP_6_D05_781914	20	37696520	40359519	1825	0.8791
FOXED_p_TCGA_b122_128_SNP_N_GenomeWideSNP_6_D05_781914	20	40360023	40360027	5	0.131
FOXED_p_TCGA_b122_128_SNP_N_GenomeWideSNP_6_D05_781914	20	40360784	41791170	1325	0.8478
FOXED_p_TCGA_b122_128_SNP_N_GenomeWideSNP_6_D05_781914	20	41791260	41791282	2	-0.5027
FOXED_p_TCGA_b122_128_SNP_N_GenomeWideSNP_6_D05_781914	20	41792568	52644868	7616	0.874
FOXED_p_TCGA_b122_128_SNP_N_GenomeWideSNP_6_D05_781914	20	52647808	52658651	38	-0.5566
FOXED_p_TCGA_b122_128_SNP_N_GenomeWideSNP_6_D05_781914	20	52662574	62956153	7466	0.8627
FOXED_p_TCGA_b122_128_SNP_N_GenomeWideSNP_6_D05_781914	21	10736871	14570574	161	0.2329
FOXED_p_TCGA_b122_128_SNP_N_GenomeWideSNP_6_D05_781914	21	14594235	48096957	24260	-0.155
FOXED_p_TCGA_b122_128_SNP_N_GenomeWideSNP_6_D05_781914	22	16052528	16055207	3	-2.0756
FOXED_p_TCGA_b122_128_SNP_N_GenomeWideSNP_6_D05_781914	22	16058854	16503193	73	-0.2436
FOXED_p_TCGA_b122_128_SNP_N_GenomeWideSNP_6_D05_781914	22	16503847	18055605	705	0.0963
FOXED_p_TCGA_b122_128_SNP_N_GenomeWideSNP_6_D05_781914	22	18058748	18058885	2	1.5987
FOXED_p_TCGA_b122_128_SNP_N_GenomeWideSNP_6_D05_781914	22	18062891	24330218	3830	0.0905
FOXED_p_TCGA_b122_128_SNP_N_GenomeWideSNP_6_D05_781914	22	24330269	24331967	2	-2.3856
FOXED_p_TCGA_b122_128_SNP_N_GenomeWideSNP_6_D05_781914	22	24332625	24332933	2	-0.8125
FOXED_p_TCGA_b122_128_SNP_N_GenomeWideSNP_6_D05_781914	22	24337307	24396814	22	0.6808
FOXED_p_TCGA_b122_128_SNP_N_GenomeWideSNP_6_D05_781914	22	24401529	51234455	18929	0.0692
FOXED_p_TCGA_b122_128_SNP_N_GenomeWideSNP_6_D05_781914	X	168477	74497949	39207	0.0556
FOXED_p_TCGA_b122_128_SNP_N_GenomeWideSNP_6_D05_781914	X	74510216	74602347	58	1.5319
FOXED_p_TCGA_b122_128_SNP_N_GenomeWideSNP_6_D05_781914	X	74614853	75665299	500	0.0649
FOXED_p_TCGA_b122_128_SNP_N_GenomeWideSNP_6_D05_781914	X	75668933	75813337	51	-0.4445
FOXED_p_TCGA_b122_128_SNP_N_GenomeWideSNP_6_D05_781914	X	75826201	76349873	340	0.0892
FOXED_p_TCGA_b122_128_SNP_N_GenomeWideSNP_6_D05_781914	X	76353650	76523952	18	0.5662
FOXED_p_TCGA_b122_128_SNP_N_GenomeWideSNP_6_D05_781914	X	76545159	143155430	37284	0.0585
FOXED_p_TCGA_b122_128_SNP_N_GenomeWideSNP_6_D05_781914	X	143156778	143290520	21	0.4243
FOXED_p_TCGA_b122_128_SNP_N_GenomeWideSNP_6_D05_781914	X	143295673	143506021	152	0.0818
FOXED_p_TCGA_b122_128_SNP_N_GenomeWideSNP_6_D05_781914	X	143559129	145455270	1359	-0.7078
FOXED_p_TCGA_b122_128_SNP_N_GenomeWideSNP_6_D05_781914	X	145455437	145458313	2	-2.6946
FOXED_p_TCGA_b122_128_SNP_N_GenomeWideSNP_6_D05_781914	X	145458937	150682879	3432	-0.6814
FOXED_p_TCGA_b122_128_SNP_N_GenomeWideSNP_6_D05_781914	X	150683371	150779686	47	-0.0508
FOXED_p_TCGA_b122_128_SNP_N_GenomeWideSNP_6_D05_781914	X	150783728	150791294	3	0.9929
FOXED_p_TCGA_b122_128_SNP_N_GenomeWideSNP_6_D05_781914	X	150791868	152200283	922	0.0759
FOXED_p_TCGA_b122_128_SNP_N_GenomeWideSNP_6_D05_781914	X	152201666	152201714	2	-1.0792
FOXED_p_TCGA_b122_128_SNP_N_GenomeWideSNP_6_D05_781914	X	152202022	155182354	1188	0.0767
FOXED_p_TCGA_b122_128_SNP_N_GenomeWideSNP_6_D05_781914	Y	2650438	2912181	133	-2.3313
FOXED_p_TCGA_b122_128_SNP_N_GenomeWideSNP_6_D05_781914	Y	2915500	5949944	674	-1.9807
FOXED_p_TCGA_b122_128_SNP_N_GenomeWideSNP_6_D05_781914	Y	5950884	5965169	3	-5.7176
FOXED_p_TCGA_b122_128_SNP_N_GenomeWideSNP_6_D05_781914	Y	5965533	6101425	60	-1.9852
FOXED_p_TCGA_b122_128_SNP_N_GenomeWideSNP_6_D05_781914	Y	6107901	6165783	31	-2.5913
FOXED_p_TCGA_b122_128_SNP_N_GenomeWideSNP_6_D05_781914	Y	6172294	6183457	8	-3.9387
FOXED_p_TCGA_b122_128_SNP_N_GenomeWideSNP_6_D05_781914	Y	6184083	6327325	60	-2.7857
FOXED_p_TCGA_b122_128_SNP_N_GenomeWideSNP_6_D05_781914	Y	6327861	19574890	4692	-2.3819
FOXED_p_TCGA_b122_128_SNP_N_GenomeWideSNP_6_D05_781914	Y	19576544	21088297	703	-2.7332
FOXED_p_TCGA_b122_128_SNP_N_GenomeWideSNP_6_D05_781914	Y	21088485	24516081	1245	-2.4199
FOXED_p_TCGA_b122_128_SNP_N_GenomeWideSNP_6_D05_781914	Y	24516702	26430674	374	-2.6833
FOXED_p_TCGA_b122_128_SNP_N_GenomeWideSNP_6_D05_781914	Y	26430908	26469059	17	-1.8488
FOXED_p_TCGA_b122_128_SNP_N_GenomeWideSNP_6_D05_781914	Y	26473956	27240184	98	-2.9082
FOXED_p_TCGA_b122_128_SNP_N_GenomeWideSNP_6_D05_781914	Y	27254679	27695095	93	-2.282
FOXED_p_TCGA_b122_128_SNP_N_GenomeWideSNP_6_D05_781914	Y	27717799	28457337	264	-2.7239
FOXED_p_TCGA_b122_128_SNP_N_GenomeWideSNP_6_D05_781914	Y	28458648	59018259	174	-2.0123
