Sample	Chromosome	Start	End	Num_Probes	Segment_Mean
HELVE_p_TCGA_b139_154_155_SNP_N_GenomeWideSNP_6_B04_808690	1	61735	707099	35	0.0547
HELVE_p_TCGA_b139_154_155_SNP_N_GenomeWideSNP_6_B04_808690	1	712545	3785461	1027	-0.4935
HELVE_p_TCGA_b139_154_155_SNP_N_GenomeWideSNP_6_B04_808690	1	3786524	3792719	4	-2.1493
HELVE_p_TCGA_b139_154_155_SNP_N_GenomeWideSNP_6_B04_808690	1	3792801	9326658	3616	-0.3863
HELVE_p_TCGA_b139_154_155_SNP_N_GenomeWideSNP_6_B04_808690	1	9327413	9343769	11	-1.046
HELVE_p_TCGA_b139_154_155_SNP_N_GenomeWideSNP_6_B04_808690	1	9344415	16149343	3707	-0.3727
HELVE_p_TCGA_b139_154_155_SNP_N_GenomeWideSNP_6_B04_808690	1	16149915	16154966	10	0.4294
HELVE_p_TCGA_b139_154_155_SNP_N_GenomeWideSNP_6_B04_808690	1	16155010	17190862	406	-0.3241
HELVE_p_TCGA_b139_154_155_SNP_N_GenomeWideSNP_6_B04_808690	1	17195155	17225225	12	-1.1194
HELVE_p_TCGA_b139_154_155_SNP_N_GenomeWideSNP_6_B04_808690	1	17225367	17235684	4	0.287
HELVE_p_TCGA_b139_154_155_SNP_N_GenomeWideSNP_6_B04_808690	1	17235698	17262247	44	-0.863
HELVE_p_TCGA_b139_154_155_SNP_N_GenomeWideSNP_6_B04_808690	1	17276241	31621427	8291	-0.3644
HELVE_p_TCGA_b139_154_155_SNP_N_GenomeWideSNP_6_B04_808690	1	31623667	31625346	2	-2.6649
HELVE_p_TCGA_b139_154_155_SNP_N_GenomeWideSNP_6_B04_808690	1	31625389	72763370	25803	-0.3541
HELVE_p_TCGA_b139_154_155_SNP_N_GenomeWideSNP_6_B04_808690	1	72768418	72817021	52	0.2691
HELVE_p_TCGA_b139_154_155_SNP_N_GenomeWideSNP_6_B04_808690	1	72818599	110227515	23698	-0.3518
HELVE_p_TCGA_b139_154_155_SNP_N_GenomeWideSNP_6_B04_808690	1	110232974	110240178	17	-1.1628
HELVE_p_TCGA_b139_154_155_SNP_N_GenomeWideSNP_6_B04_808690	1	110242953	145446202	7460	-0.3551
HELVE_p_TCGA_b139_154_155_SNP_N_GenomeWideSNP_6_B04_808690	1	145446285	147929336	837	-0.0035
HELVE_p_TCGA_b139_154_155_SNP_N_GenomeWideSNP_6_B04_808690	1	148513790	148661634	25	-0.5383
HELVE_p_TCGA_b139_154_155_SNP_N_GenomeWideSNP_6_B04_808690	1	148661875	149243477	148	-0.1599
HELVE_p_TCGA_b139_154_155_SNP_N_GenomeWideSNP_6_B04_808690	1	149243523	149254920	15	0.4396
HELVE_p_TCGA_b139_154_155_SNP_N_GenomeWideSNP_6_B04_808690	1	149256691	152555527	1528	-0.0379
HELVE_p_TCGA_b139_154_155_SNP_N_GenomeWideSNP_6_B04_808690	1	152555706	152586576	34	0.8948
HELVE_p_TCGA_b139_154_155_SNP_N_GenomeWideSNP_6_B04_808690	1	152586594	152756538	168	-0.0858
HELVE_p_TCGA_b139_154_155_SNP_N_GenomeWideSNP_6_B04_808690	1	152756774	152768700	41	0.4778
HELVE_p_TCGA_b139_154_155_SNP_N_GenomeWideSNP_6_B04_808690	1	152773905	165774002	8707	-0.0381
HELVE_p_TCGA_b139_154_155_SNP_N_GenomeWideSNP_6_B04_808690	1	165774715	165778790	2	-1.3383
HELVE_p_TCGA_b139_154_155_SNP_N_GenomeWideSNP_6_B04_808690	1	165779042	169216937	2627	-0.0357
HELVE_p_TCGA_b139_154_155_SNP_N_GenomeWideSNP_6_B04_808690	1	169233974	169241766	7	-2.1483
HELVE_p_TCGA_b139_154_155_SNP_N_GenomeWideSNP_6_B04_808690	1	169242401	191655945	14778	-0.0467
HELVE_p_TCGA_b139_154_155_SNP_N_GenomeWideSNP_6_B04_808690	1	191658817	191660834	2	-1.388
HELVE_p_TCGA_b139_154_155_SNP_N_GenomeWideSNP_6_B04_808690	1	191664314	193155792	1013	-0.061
HELVE_p_TCGA_b139_154_155_SNP_N_GenomeWideSNP_6_B04_808690	1	193156279	193156332	3	1.2352
HELVE_p_TCGA_b139_154_155_SNP_N_GenomeWideSNP_6_B04_808690	1	193156348	249224388	38420	-0.0601
HELVE_p_TCGA_b139_154_155_SNP_N_GenomeWideSNP_6_B04_808690	2	12784	4205687	2990	-0.0513
HELVE_p_TCGA_b139_154_155_SNP_N_GenomeWideSNP_6_B04_808690	2	4213864	4224019	42	-0.6234
HELVE_p_TCGA_b139_154_155_SNP_N_GenomeWideSNP_6_B04_808690	2	4230062	34701583	21076	-0.0155
HELVE_p_TCGA_b139_154_155_SNP_N_GenomeWideSNP_6_B04_808690	2	34701625	34737057	43	-0.4182
HELVE_p_TCGA_b139_154_155_SNP_N_GenomeWideSNP_6_B04_808690	2	34737163	52754468	13046	0.003
HELVE_p_TCGA_b139_154_155_SNP_N_GenomeWideSNP_6_B04_808690	2	52754480	52781542	39	0.6129
HELVE_p_TCGA_b139_154_155_SNP_N_GenomeWideSNP_6_B04_808690	2	52787949	98118212	24073	-0.0059
HELVE_p_TCGA_b139_154_155_SNP_N_GenomeWideSNP_6_B04_808690	2	98140747	98162189	9	-1.0143
HELVE_p_TCGA_b139_154_155_SNP_N_GenomeWideSNP_6_B04_808690	2	98166878	106880095	5575	2e-04
HELVE_p_TCGA_b139_154_155_SNP_N_GenomeWideSNP_6_B04_808690	2	106880713	106885357	11	-0.8106
HELVE_p_TCGA_b139_154_155_SNP_N_GenomeWideSNP_6_B04_808690	2	106887255	109692425	1704	0.0111
HELVE_p_TCGA_b139_154_155_SNP_N_GenomeWideSNP_6_B04_808690	2	109693443	109695410	3	-1.1545
HELVE_p_TCGA_b139_154_155_SNP_N_GenomeWideSNP_6_B04_808690	2	109695769	130793856	12631	0.0132
HELVE_p_TCGA_b139_154_155_SNP_N_GenomeWideSNP_6_B04_808690	2	130793883	131003888	47	-0.2916
HELVE_p_TCGA_b139_154_155_SNP_N_GenomeWideSNP_6_B04_808690	2	131005169	133038729	682	-0.0086
HELVE_p_TCGA_b139_154_155_SNP_N_GenomeWideSNP_6_B04_808690	2	133046772	133064390	8	0.6453
HELVE_p_TCGA_b139_154_155_SNP_N_GenomeWideSNP_6_B04_808690	2	133070482	133079372	5	-0.0708
HELVE_p_TCGA_b139_154_155_SNP_N_GenomeWideSNP_6_B04_808690	2	133080864	133117260	16	0.6188
HELVE_p_TCGA_b139_154_155_SNP_N_GenomeWideSNP_6_B04_808690	2	133121946	146864443	8843	-6e-04
HELVE_p_TCGA_b139_154_155_SNP_N_GenomeWideSNP_6_B04_808690	2	146864457	146866934	21	0.8135
HELVE_p_TCGA_b139_154_155_SNP_N_GenomeWideSNP_6_B04_808690	2	146877806	151030802	2262	-0.0486
HELVE_p_TCGA_b139_154_155_SNP_N_GenomeWideSNP_6_B04_808690	2	151031451	151035752	4	-1.1155
HELVE_p_TCGA_b139_154_155_SNP_N_GenomeWideSNP_6_B04_808690	2	151039208	243089456	56877	-0.024
HELVE_p_TCGA_b139_154_155_SNP_N_GenomeWideSNP_6_B04_808690	3	60345	182913	115	0.1556
HELVE_p_TCGA_b139_154_155_SNP_N_GenomeWideSNP_6_B04_808690	3	184246	186019	4	1.0558
HELVE_p_TCGA_b139_154_155_SNP_N_GenomeWideSNP_6_B04_808690	3	186211	1288005	905	0.2047
HELVE_p_TCGA_b139_154_155_SNP_N_GenomeWideSNP_6_B04_808690	3	1288363	2770827	1355	0.6958
HELVE_p_TCGA_b139_154_155_SNP_N_GenomeWideSNP_6_B04_808690	3	2771752	60344190	38752	0.1684
HELVE_p_TCGA_b139_154_155_SNP_N_GenomeWideSNP_6_B04_808690	3	60349462	60421265	85	-1.8036
HELVE_p_TCGA_b139_154_155_SNP_N_GenomeWideSNP_6_B04_808690	3	60423278	60458838	30	-0.4783
HELVE_p_TCGA_b139_154_155_SNP_N_GenomeWideSNP_6_B04_808690	3	60459187	60559252	131	-0.1186
HELVE_p_TCGA_b139_154_155_SNP_N_GenomeWideSNP_6_B04_808690	3	60565131	65188453	4006	0.1767
HELVE_p_TCGA_b139_154_155_SNP_N_GenomeWideSNP_6_B04_808690	3	65189235	65210452	53	-2.0595
HELVE_p_TCGA_b139_154_155_SNP_N_GenomeWideSNP_6_B04_808690	3	65216349	68746259	2423	0.1883
HELVE_p_TCGA_b139_154_155_SNP_N_GenomeWideSNP_6_B04_808690	3	68746284	68747413	13	-1.0809
HELVE_p_TCGA_b139_154_155_SNP_N_GenomeWideSNP_6_B04_808690	3	68748758	95456106	14090	0.1738
HELVE_p_TCGA_b139_154_155_SNP_N_GenomeWideSNP_6_B04_808690	3	95466880	95468110	2	-2.2082
HELVE_p_TCGA_b139_154_155_SNP_N_GenomeWideSNP_6_B04_808690	3	95468680	98937784	1855	0.169
HELVE_p_TCGA_b139_154_155_SNP_N_GenomeWideSNP_6_B04_808690	3	98944458	98949301	35	-1.2991
HELVE_p_TCGA_b139_154_155_SNP_N_GenomeWideSNP_6_B04_808690	3	98949308	110024924	6621	0.1827
HELVE_p_TCGA_b139_154_155_SNP_N_GenomeWideSNP_6_B04_808690	3	110024947	110024964	2	-1.9971
HELVE_p_TCGA_b139_154_155_SNP_N_GenomeWideSNP_6_B04_808690	3	110027465	111072142	646	0.1826
HELVE_p_TCGA_b139_154_155_SNP_N_GenomeWideSNP_6_B04_808690	3	111074393	111176596	54	0.6091
HELVE_p_TCGA_b139_154_155_SNP_N_GenomeWideSNP_6_B04_808690	3	111177195	118717246	4946	0.1752
HELVE_p_TCGA_b139_154_155_SNP_N_GenomeWideSNP_6_B04_808690	3	118719480	118820657	47	1.2112
HELVE_p_TCGA_b139_154_155_SNP_N_GenomeWideSNP_6_B04_808690	3	118825883	118928434	57	0.5685
HELVE_p_TCGA_b139_154_155_SNP_N_GenomeWideSNP_6_B04_808690	3	118930386	129762859	6376	0.1626
HELVE_p_TCGA_b139_154_155_SNP_N_GenomeWideSNP_6_B04_808690	3	129763698	129794804	43	0.5649
HELVE_p_TCGA_b139_154_155_SNP_N_GenomeWideSNP_6_B04_808690	3	129794970	145633406	9908	0.1683
HELVE_p_TCGA_b139_154_155_SNP_N_GenomeWideSNP_6_B04_808690	3	145641922	145641934	2	-1.4514
HELVE_p_TCGA_b139_154_155_SNP_N_GenomeWideSNP_6_B04_808690	3	145642365	162512739	10386	0.1813
HELVE_p_TCGA_b139_154_155_SNP_N_GenomeWideSNP_6_B04_808690	3	162513092	162628614	71	0.745
HELVE_p_TCGA_b139_154_155_SNP_N_GenomeWideSNP_6_B04_808690	3	162628643	185162985	13550	0.1752
HELVE_p_TCGA_b139_154_155_SNP_N_GenomeWideSNP_6_B04_808690	3	185169912	185231256	28	-0.1657
HELVE_p_TCGA_b139_154_155_SNP_N_GenomeWideSNP_6_B04_808690	3	185234543	192877902	5609	0.1828
HELVE_p_TCGA_b139_154_155_SNP_N_GenomeWideSNP_6_B04_808690	3	192877962	192882903	19	-0.8293
HELVE_p_TCGA_b139_154_155_SNP_N_GenomeWideSNP_6_B04_808690	3	192886435	193134370	176	0.1692
HELVE_p_TCGA_b139_154_155_SNP_N_GenomeWideSNP_6_B04_808690	3	193134385	193143548	7	-0.7926
HELVE_p_TCGA_b139_154_155_SNP_N_GenomeWideSNP_6_B04_808690	3	193143872	195446922	1331	0.1711
HELVE_p_TCGA_b139_154_155_SNP_N_GenomeWideSNP_6_B04_808690	3	195455508	195474763	19	-0.4142
HELVE_p_TCGA_b139_154_155_SNP_N_GenomeWideSNP_6_B04_808690	3	195478694	197896118	1173	0.1672
HELVE_p_TCGA_b139_154_155_SNP_N_GenomeWideSNP_6_B04_808690	4	12281	7101720	4036	-0.0706
HELVE_p_TCGA_b139_154_155_SNP_N_GenomeWideSNP_6_B04_808690	4	7101734	7109083	5	-1.6849
HELVE_p_TCGA_b139_154_155_SNP_N_GenomeWideSNP_6_B04_808690	4	7109823	10210390	1760	-0.097
HELVE_p_TCGA_b139_154_155_SNP_N_GenomeWideSNP_6_B04_808690	4	10214160	10231498	29	-1.8054
HELVE_p_TCGA_b139_154_155_SNP_N_GenomeWideSNP_6_B04_808690	4	10234214	10235268	7	-0.554
HELVE_p_TCGA_b139_154_155_SNP_N_GenomeWideSNP_6_B04_808690	4	10236142	34779054	16990	-0.0543
HELVE_p_TCGA_b139_154_155_SNP_N_GenomeWideSNP_6_B04_808690	4	34786500	34824725	38	0.4556
HELVE_p_TCGA_b139_154_155_SNP_N_GenomeWideSNP_6_B04_808690	4	34829872	58794397	13172	-0.0318
HELVE_p_TCGA_b139_154_155_SNP_N_GenomeWideSNP_6_B04_808690	4	58795832	70123510	6706	-0.3614
HELVE_p_TCGA_b139_154_155_SNP_N_GenomeWideSNP_6_B04_808690	4	70127644	70149157	16	-0.7041
HELVE_p_TCGA_b139_154_155_SNP_N_GenomeWideSNP_6_B04_808690	4	70149650	70171280	12	-1.1441
HELVE_p_TCGA_b139_154_155_SNP_N_GenomeWideSNP_6_B04_808690	4	70174415	70231799	26	-0.6361
HELVE_p_TCGA_b139_154_155_SNP_N_GenomeWideSNP_6_B04_808690	4	70232022	77289786	4263	-0.3487
HELVE_p_TCGA_b139_154_155_SNP_N_GenomeWideSNP_6_B04_808690	4	77292076	77292366	4	-1.6048
HELVE_p_TCGA_b139_154_155_SNP_N_GenomeWideSNP_6_B04_808690	4	77292801	86976094	6173	-0.356
HELVE_p_TCGA_b139_154_155_SNP_N_GenomeWideSNP_6_B04_808690	4	86976391	86979764	17	-0.9327
HELVE_p_TCGA_b139_154_155_SNP_N_GenomeWideSNP_6_B04_808690	4	86979944	104745501	10571	-0.3526
HELVE_p_TCGA_b139_154_155_SNP_N_GenomeWideSNP_6_B04_808690	4	104745571	104751637	6	0.5157
HELVE_p_TCGA_b139_154_155_SNP_N_GenomeWideSNP_6_B04_808690	4	104751644	108066269	1866	-0.3464
HELVE_p_TCGA_b139_154_155_SNP_N_GenomeWideSNP_6_B04_808690	4	108066372	108073507	17	0.1283
HELVE_p_TCGA_b139_154_155_SNP_N_GenomeWideSNP_6_B04_808690	4	108073521	108501623	303	-0.3112
HELVE_p_TCGA_b139_154_155_SNP_N_GenomeWideSNP_6_B04_808690	4	108504634	108514498	7	-1.1188
HELVE_p_TCGA_b139_154_155_SNP_N_GenomeWideSNP_6_B04_808690	4	108516274	115173700	4114	-0.3526
HELVE_p_TCGA_b139_154_155_SNP_N_GenomeWideSNP_6_B04_808690	4	115175323	115184266	26	0.6448
HELVE_p_TCGA_b139_154_155_SNP_N_GenomeWideSNP_6_B04_808690	4	115184310	116164460	604	-0.3621
HELVE_p_TCGA_b139_154_155_SNP_N_GenomeWideSNP_6_B04_808690	4	116165720	116180555	32	0.0375
HELVE_p_TCGA_b139_154_155_SNP_N_GenomeWideSNP_6_B04_808690	4	116182579	152789786	21498	-0.3516
HELVE_p_TCGA_b139_154_155_SNP_N_GenomeWideSNP_6_B04_808690	4	152791533	152792567	12	-1.318
HELVE_p_TCGA_b139_154_155_SNP_N_GenomeWideSNP_6_B04_808690	4	152792891	172369346	12567	-0.3566
HELVE_p_TCGA_b139_154_155_SNP_N_GenomeWideSNP_6_B04_808690	4	172374884	172377776	12	0.621
HELVE_p_TCGA_b139_154_155_SNP_N_GenomeWideSNP_6_B04_808690	4	172380371	172989373	401	-0.3555
HELVE_p_TCGA_b139_154_155_SNP_N_GenomeWideSNP_6_B04_808690	4	172989408	172989505	5	-1.7898
HELVE_p_TCGA_b139_154_155_SNP_N_GenomeWideSNP_6_B04_808690	4	172989519	173422522	233	-0.2769
HELVE_p_TCGA_b139_154_155_SNP_N_GenomeWideSNP_6_B04_808690	4	173424947	173428643	7	0.9357
HELVE_p_TCGA_b139_154_155_SNP_N_GenomeWideSNP_6_B04_808690	4	173441132	191027923	11868	-0.3782
HELVE_p_TCGA_b139_154_155_SNP_N_GenomeWideSNP_6_B04_808690	5	15532	685748	307	0.1406
HELVE_p_TCGA_b139_154_155_SNP_N_GenomeWideSNP_6_B04_808690	5	698371	761125	25	0.618
HELVE_p_TCGA_b139_154_155_SNP_N_GenomeWideSNP_6_B04_808690	5	773082	12017623	9460	0.2233
HELVE_p_TCGA_b139_154_155_SNP_N_GenomeWideSNP_6_B04_808690	5	12026663	12027002	2	-1.7005
HELVE_p_TCGA_b139_154_155_SNP_N_GenomeWideSNP_6_B04_808690	5	12033524	12815780	422	0.263
HELVE_p_TCGA_b139_154_155_SNP_N_GenomeWideSNP_6_B04_808690	5	12815865	12826650	10	-0.7445
HELVE_p_TCGA_b139_154_155_SNP_N_GenomeWideSNP_6_B04_808690	5	12833857	12998925	57	0.3148
HELVE_p_TCGA_b139_154_155_SNP_N_GenomeWideSNP_6_B04_808690	5	13005214	13014507	3	-0.9815
HELVE_p_TCGA_b139_154_155_SNP_N_GenomeWideSNP_6_B04_808690	5	13015045	17325718	3003	0.2516
HELVE_p_TCGA_b139_154_155_SNP_N_GenomeWideSNP_6_B04_808690	5	17328269	17328456	2	-2.1171
HELVE_p_TCGA_b139_154_155_SNP_N_GenomeWideSNP_6_B04_808690	5	17328507	30805404	7980	0.2398
HELVE_p_TCGA_b139_154_155_SNP_N_GenomeWideSNP_6_B04_808690	5	30807204	32822528	1566	0.6059
HELVE_p_TCGA_b139_154_155_SNP_N_GenomeWideSNP_6_B04_808690	5	32828846	32874798	37	-0.4786
HELVE_p_TCGA_b139_154_155_SNP_N_GenomeWideSNP_6_B04_808690	5	32881012	43989790	7004	0.6552
HELVE_p_TCGA_b139_154_155_SNP_N_GenomeWideSNP_6_B04_808690	5	43990998	49447306	944	0.3167
HELVE_p_TCGA_b139_154_155_SNP_N_GenomeWideSNP_6_B04_808690	5	49455636	51618407	1079	-0.3662
HELVE_p_TCGA_b139_154_155_SNP_N_GenomeWideSNP_6_B04_808690	5	51618743	51623070	2	-1.9694
HELVE_p_TCGA_b139_154_155_SNP_N_GenomeWideSNP_6_B04_808690	5	51630045	57321646	3970	-0.3834
HELVE_p_TCGA_b139_154_155_SNP_N_GenomeWideSNP_6_B04_808690	5	57326027	57338357	33	-0.0302
HELVE_p_TCGA_b139_154_155_SNP_N_GenomeWideSNP_6_B04_808690	5	57340073	68846303	7300	-0.3822
HELVE_p_TCGA_b139_154_155_SNP_N_GenomeWideSNP_6_B04_808690	5	68867294	69118135	5	-1.4377
HELVE_p_TCGA_b139_154_155_SNP_N_GenomeWideSNP_6_B04_808690	5	69233427	75449995	3152	-0.3858
HELVE_p_TCGA_b139_154_155_SNP_N_GenomeWideSNP_6_B04_808690	5	75450020	75450144	4	0.6431
HELVE_p_TCGA_b139_154_155_SNP_N_GenomeWideSNP_6_B04_808690	5	75450176	82061410	4190	-0.3894
HELVE_p_TCGA_b139_154_155_SNP_N_GenomeWideSNP_6_B04_808690	5	82063848	82064040	2	-2.1426
HELVE_p_TCGA_b139_154_155_SNP_N_GenomeWideSNP_6_B04_808690	5	82067145	82181997	93	-0.448
HELVE_p_TCGA_b139_154_155_SNP_N_GenomeWideSNP_6_B04_808690	5	82185704	120932179	23831	0.2396
HELVE_p_TCGA_b139_154_155_SNP_N_GenomeWideSNP_6_B04_808690	5	120932977	120936233	2	-1.5679
HELVE_p_TCGA_b139_154_155_SNP_N_GenomeWideSNP_6_B04_808690	5	120936540	150202205	18112	0.2368
HELVE_p_TCGA_b139_154_155_SNP_N_GenomeWideSNP_6_B04_808690	5	150205500	150218604	8	-2.1843
HELVE_p_TCGA_b139_154_155_SNP_N_GenomeWideSNP_6_B04_808690	5	150223387	151515386	963	0.2303
HELVE_p_TCGA_b139_154_155_SNP_N_GenomeWideSNP_6_B04_808690	5	151515470	151518351	12	-1.4222
HELVE_p_TCGA_b139_154_155_SNP_N_GenomeWideSNP_6_B04_808690	5	151520271	163804893	8213	0.2319
HELVE_p_TCGA_b139_154_155_SNP_N_GenomeWideSNP_6_B04_808690	5	163805637	163807056	2	-1.3208
HELVE_p_TCGA_b139_154_155_SNP_N_GenomeWideSNP_6_B04_808690	5	163811558	175420896	8544	0.2251
HELVE_p_TCGA_b139_154_155_SNP_N_GenomeWideSNP_6_B04_808690	5	175426693	175524197	12	-0.3005
HELVE_p_TCGA_b139_154_155_SNP_N_GenomeWideSNP_6_B04_808690	5	175553248	177266226	732	0.2159
HELVE_p_TCGA_b139_154_155_SNP_N_GenomeWideSNP_6_B04_808690	5	177303765	177306635	2	-1.1422
HELVE_p_TCGA_b139_154_155_SNP_N_GenomeWideSNP_6_B04_808690	5	177310337	177901034	304	0.2199
HELVE_p_TCGA_b139_154_155_SNP_N_GenomeWideSNP_6_B04_808690	5	177901637	178073319	103	-0.4506
HELVE_p_TCGA_b139_154_155_SNP_N_GenomeWideSNP_6_B04_808690	5	178073345	180790320	1590	0.2041
HELVE_p_TCGA_b139_154_155_SNP_N_GenomeWideSNP_6_B04_808690	6	149661	254283	101	-0.0889
HELVE_p_TCGA_b139_154_155_SNP_N_GenomeWideSNP_6_B04_808690	6	257353	294725	22	-0.6164
HELVE_p_TCGA_b139_154_155_SNP_N_GenomeWideSNP_6_B04_808690	6	294837	5488334	4290	-0.0019
HELVE_p_TCGA_b139_154_155_SNP_N_GenomeWideSNP_6_B04_808690	6	5488713	5488980	2	1.9333
HELVE_p_TCGA_b139_154_155_SNP_N_GenomeWideSNP_6_B04_808690	6	5489201	19040119	10378	0.0122
HELVE_p_TCGA_b139_154_155_SNP_N_GenomeWideSNP_6_B04_808690	6	19042181	19042818	3	-1.6078
HELVE_p_TCGA_b139_154_155_SNP_N_GenomeWideSNP_6_B04_808690	6	19044702	22903331	2822	0.0091
HELVE_p_TCGA_b139_154_155_SNP_N_GenomeWideSNP_6_B04_808690	6	22905317	22905832	4	0.8566
HELVE_p_TCGA_b139_154_155_SNP_N_GenomeWideSNP_6_B04_808690	6	22909333	26008260	2221	0.0283
HELVE_p_TCGA_b139_154_155_SNP_N_GenomeWideSNP_6_B04_808690	6	26014026	26017171	5	-0.9995
HELVE_p_TCGA_b139_154_155_SNP_N_GenomeWideSNP_6_B04_808690	6	26019212	29837188	1891	0.0272
HELVE_p_TCGA_b139_154_155_SNP_N_GenomeWideSNP_6_B04_808690	6	29837314	29849267	14	-1.185
HELVE_p_TCGA_b139_154_155_SNP_N_GenomeWideSNP_6_B04_808690	6	29850196	32452801	1191	0.0277
HELVE_p_TCGA_b139_154_155_SNP_N_GenomeWideSNP_6_B04_808690	6	32452929	32626618	68	-0.4286
HELVE_p_TCGA_b139_154_155_SNP_N_GenomeWideSNP_6_B04_808690	6	32650612	53931275	13741	0.023
HELVE_p_TCGA_b139_154_155_SNP_N_GenomeWideSNP_6_B04_808690	6	53931380	53931855	4	-1.5165
HELVE_p_TCGA_b139_154_155_SNP_N_GenomeWideSNP_6_B04_808690	6	53935348	66399553	5056	0.0224
HELVE_p_TCGA_b139_154_155_SNP_N_GenomeWideSNP_6_B04_808690	6	66399751	66403852	19	-0.5511
HELVE_p_TCGA_b139_154_155_SNP_N_GenomeWideSNP_6_B04_808690	6	66407127	74347951	5248	0.0229
HELVE_p_TCGA_b139_154_155_SNP_N_GenomeWideSNP_6_B04_808690	6	74348065	74348142	2	-1.2999
HELVE_p_TCGA_b139_154_155_SNP_N_GenomeWideSNP_6_B04_808690	6	74348328	74591858	191	0.0358
HELVE_p_TCGA_b139_154_155_SNP_N_GenomeWideSNP_6_B04_808690	6	74592457	74601410	9	-0.9419
HELVE_p_TCGA_b139_154_155_SNP_N_GenomeWideSNP_6_B04_808690	6	74603555	77014948	1468	0.0289
HELVE_p_TCGA_b139_154_155_SNP_N_GenomeWideSNP_6_B04_808690	6	77016900	77016926	3	1.9096
HELVE_p_TCGA_b139_154_155_SNP_N_GenomeWideSNP_6_B04_808690	6	77016993	77436532	296	0.0077
HELVE_p_TCGA_b139_154_155_SNP_N_GenomeWideSNP_6_B04_808690	6	77439868	77452757	21	-0.7785
HELVE_p_TCGA_b139_154_155_SNP_N_GenomeWideSNP_6_B04_808690	6	77461073	78971802	986	-0.0376
HELVE_p_TCGA_b139_154_155_SNP_N_GenomeWideSNP_6_B04_808690	6	78971834	79051614	114	0.2983
HELVE_p_TCGA_b139_154_155_SNP_N_GenomeWideSNP_6_B04_808690	6	79051844	93104633	8940	-0.0128
HELVE_p_TCGA_b139_154_155_SNP_N_GenomeWideSNP_6_B04_808690	6	93104646	93104698	2	-1.7026
HELVE_p_TCGA_b139_154_155_SNP_N_GenomeWideSNP_6_B04_808690	6	93106944	115173778	13810	0.0114
HELVE_p_TCGA_b139_154_155_SNP_N_GenomeWideSNP_6_B04_808690	6	115174613	115175690	2	-1.7994
HELVE_p_TCGA_b139_154_155_SNP_N_GenomeWideSNP_6_B04_808690	6	115178499	115318098	60	0.0266
HELVE_p_TCGA_b139_154_155_SNP_N_GenomeWideSNP_6_B04_808690	6	115319022	115325688	3	-2.1703
HELVE_p_TCGA_b139_154_155_SNP_N_GenomeWideSNP_6_B04_808690	6	115326064	157779495	27507	0.0324
HELVE_p_TCGA_b139_154_155_SNP_N_GenomeWideSNP_6_B04_808690	6	157781264	157796076	3	1.5173
HELVE_p_TCGA_b139_154_155_SNP_N_GenomeWideSNP_6_B04_808690	6	157796994	161031718	2152	0.03
HELVE_p_TCGA_b139_154_155_SNP_N_GenomeWideSNP_6_B04_808690	6	161031765	161068042	14	-0.6104
HELVE_p_TCGA_b139_154_155_SNP_N_GenomeWideSNP_6_B04_808690	6	161068108	162465020	1131	-0.0048
HELVE_p_TCGA_b139_154_155_SNP_N_GenomeWideSNP_6_B04_808690	6	162465035	162583004	122	-0.3071
HELVE_p_TCGA_b139_154_155_SNP_N_GenomeWideSNP_6_B04_808690	6	162584961	162735917	104	-0.6161
HELVE_p_TCGA_b139_154_155_SNP_N_GenomeWideSNP_6_B04_808690	6	162736336	163093434	299	-0.317
HELVE_p_TCGA_b139_154_155_SNP_N_GenomeWideSNP_6_B04_808690	6	163099497	164457621	1047	-0.0164
HELVE_p_TCGA_b139_154_155_SNP_N_GenomeWideSNP_6_B04_808690	6	164460781	165915960	1076	-0.3607
HELVE_p_TCGA_b139_154_155_SNP_N_GenomeWideSNP_6_B04_808690	6	165919809	170919495	3474	-0.0106
HELVE_p_TCGA_b139_154_155_SNP_N_GenomeWideSNP_6_B04_808690	6	170982327	171051005	4	-0.4668
HELVE_p_TCGA_b139_154_155_SNP_N_GenomeWideSNP_6_B04_808690	7	43355	24035127	17183	0.4827
HELVE_p_TCGA_b139_154_155_SNP_N_GenomeWideSNP_6_B04_808690	7	24039878	24040383	2	2.8212
HELVE_p_TCGA_b139_154_155_SNP_N_GenomeWideSNP_6_B04_808690	7	24040817	54380373	21387	0.4647
HELVE_p_TCGA_b139_154_155_SNP_N_GenomeWideSNP_6_B04_808690	7	54386505	54394401	8	-1.6076
HELVE_p_TCGA_b139_154_155_SNP_N_GenomeWideSNP_6_B04_808690	7	54395206	76240677	8512	0.4331
HELVE_p_TCGA_b139_154_155_SNP_N_GenomeWideSNP_6_B04_808690	7	76261490	76310628	59	0.1823
HELVE_p_TCGA_b139_154_155_SNP_N_GenomeWideSNP_6_B04_808690	7	76310660	76495952	113	0.425
HELVE_p_TCGA_b139_154_155_SNP_N_GenomeWideSNP_6_B04_808690	7	76496578	76514426	36	0.0313
HELVE_p_TCGA_b139_154_155_SNP_N_GenomeWideSNP_6_B04_808690	7	76515213	126045556	30151	0.4731
HELVE_p_TCGA_b139_154_155_SNP_N_GenomeWideSNP_6_B04_808690	7	126045651	126046615	10	1.5964
HELVE_p_TCGA_b139_154_155_SNP_N_GenomeWideSNP_6_B04_808690	7	126046876	133785177	4706	0.4519
HELVE_p_TCGA_b139_154_155_SNP_N_GenomeWideSNP_6_B04_808690	7	133785195	133795634	26	-0.8155
HELVE_p_TCGA_b139_154_155_SNP_N_GenomeWideSNP_6_B04_808690	7	133795665	142474939	5701	0.4751
HELVE_p_TCGA_b139_154_155_SNP_N_GenomeWideSNP_6_B04_808690	7	142476719	142479722	8	-3.4566
HELVE_p_TCGA_b139_154_155_SNP_N_GenomeWideSNP_6_B04_808690	7	142479807	142486045	19	-1.6316
HELVE_p_TCGA_b139_154_155_SNP_N_GenomeWideSNP_6_B04_808690	7	142486115	143209262	458	0.4648
HELVE_p_TCGA_b139_154_155_SNP_N_GenomeWideSNP_6_B04_808690	7	143209406	143568059	112	0.72
HELVE_p_TCGA_b139_154_155_SNP_N_GenomeWideSNP_6_B04_808690	7	143572166	156391790	8374	0.4691
HELVE_p_TCGA_b139_154_155_SNP_N_GenomeWideSNP_6_B04_808690	7	156393168	156394179	3	-1.5668
HELVE_p_TCGA_b139_154_155_SNP_N_GenomeWideSNP_6_B04_808690	7	156394908	159127004	1632	0.434
HELVE_p_TCGA_b139_154_155_SNP_N_GenomeWideSNP_6_B04_808690	8	31254	593041	327	-0.1311
HELVE_p_TCGA_b139_154_155_SNP_N_GenomeWideSNP_6_B04_808690	8	594944	595875	8	0.8598
HELVE_p_TCGA_b139_154_155_SNP_N_GenomeWideSNP_6_B04_808690	8	595892	595908	2	3.5761
HELVE_p_TCGA_b139_154_155_SNP_N_GenomeWideSNP_6_B04_808690	8	601043	12198254	10967	-0.0531
HELVE_p_TCGA_b139_154_155_SNP_N_GenomeWideSNP_6_B04_808690	8	12216009	12242155	23	-1.5397
HELVE_p_TCGA_b139_154_155_SNP_N_GenomeWideSNP_6_B04_808690	8	12242515	12243179	8	0.04
HELVE_p_TCGA_b139_154_155_SNP_N_GenomeWideSNP_6_B04_808690	8	12245192	12260927	10	-1.781
HELVE_p_TCGA_b139_154_155_SNP_N_GenomeWideSNP_6_B04_808690	8	12260973	24972187	10490	-0.0455
HELVE_p_TCGA_b139_154_155_SNP_N_GenomeWideSNP_6_B04_808690	8	24974443	24991127	29	-0.625
HELVE_p_TCGA_b139_154_155_SNP_N_GenomeWideSNP_6_B04_808690	8	24991235	38171486	8461	-0.0486
HELVE_p_TCGA_b139_154_155_SNP_N_GenomeWideSNP_6_B04_808690	8	38185323	38639393	296	2.0143
HELVE_p_TCGA_b139_154_155_SNP_N_GenomeWideSNP_6_B04_808690	8	38653963	47001431	2956	0.0676
HELVE_p_TCGA_b139_154_155_SNP_N_GenomeWideSNP_6_B04_808690	8	47001649	47224394	61	-0.202
HELVE_p_TCGA_b139_154_155_SNP_N_GenomeWideSNP_6_B04_808690	8	47237871	115632043	41196	0.0792
HELVE_p_TCGA_b139_154_155_SNP_N_GenomeWideSNP_6_B04_808690	8	115634487	115641569	32	-0.303
HELVE_p_TCGA_b139_154_155_SNP_N_GenomeWideSNP_6_B04_808690	8	115641585	132574169	11758	0.0845
HELVE_p_TCGA_b139_154_155_SNP_N_GenomeWideSNP_6_B04_808690	8	132574858	132575721	2	-1.8127
HELVE_p_TCGA_b139_154_155_SNP_N_GenomeWideSNP_6_B04_808690	8	132579069	146298155	9308	0.0526
HELVE_p_TCGA_b139_154_155_SNP_N_GenomeWideSNP_6_B04_808690	9	46587	592306	483	0.0107
HELVE_p_TCGA_b139_154_155_SNP_N_GenomeWideSNP_6_B04_808690	9	592552	592567	2	-1.7851
HELVE_p_TCGA_b139_154_155_SNP_N_GenomeWideSNP_6_B04_808690	9	592718	602903	28	0.0143
HELVE_p_TCGA_b139_154_155_SNP_N_GenomeWideSNP_6_B04_808690	9	606699	606893	3	-2.0578
HELVE_p_TCGA_b139_154_155_SNP_N_GenomeWideSNP_6_B04_808690	9	606961	1387025	886	-0.0407
HELVE_p_TCGA_b139_154_155_SNP_N_GenomeWideSNP_6_B04_808690	9	1387505	1387954	2	1.4446
HELVE_p_TCGA_b139_154_155_SNP_N_GenomeWideSNP_6_B04_808690	9	1388730	5078409	3842	-0.033
HELVE_p_TCGA_b139_154_155_SNP_N_GenomeWideSNP_6_B04_808690	9	5078423	5081766	11	0.6631
HELVE_p_TCGA_b139_154_155_SNP_N_GenomeWideSNP_6_B04_808690	9	5081852	12554856	6458	0.0018
HELVE_p_TCGA_b139_154_155_SNP_N_GenomeWideSNP_6_B04_808690	9	12556594	12562294	3	1.4845
HELVE_p_TCGA_b139_154_155_SNP_N_GenomeWideSNP_6_B04_808690	9	12565520	23363115	8737	-0.0284
HELVE_p_TCGA_b139_154_155_SNP_N_GenomeWideSNP_6_B04_808690	9	23363933	23373484	7	-1.1948
HELVE_p_TCGA_b139_154_155_SNP_N_GenomeWideSNP_6_B04_808690	9	23378488	44727859	11001	-0.0296
HELVE_p_TCGA_b139_154_155_SNP_N_GenomeWideSNP_6_B04_808690	9	44729751	44875942	38	0.3815
HELVE_p_TCGA_b139_154_155_SNP_N_GenomeWideSNP_6_B04_808690	9	44888127	96554488	18596	-0.0855
HELVE_p_TCGA_b139_154_155_SNP_N_GenomeWideSNP_6_B04_808690	9	96557270	96557300	2	-1.9199
HELVE_p_TCGA_b139_154_155_SNP_N_GenomeWideSNP_6_B04_808690	9	96557336	113024442	11751	-0.0864
HELVE_p_TCGA_b139_154_155_SNP_N_GenomeWideSNP_6_B04_808690	9	113024789	113028169	3	-1.7622
HELVE_p_TCGA_b139_154_155_SNP_N_GenomeWideSNP_6_B04_808690	9	113032431	118856520	4287	-0.1
HELVE_p_TCGA_b139_154_155_SNP_N_GenomeWideSNP_6_B04_808690	9	118856767	118862100	6	1.0728
HELVE_p_TCGA_b139_154_155_SNP_N_GenomeWideSNP_6_B04_808690	9	118862695	141091394	13748	-0.1091
HELVE_p_TCGA_b139_154_155_SNP_N_GenomeWideSNP_6_B04_808690	10	72759	85041630	56512	-0.0154
HELVE_p_TCGA_b139_154_155_SNP_N_GenomeWideSNP_6_B04_808690	10	85044066	85044958	2	-2.6778
HELVE_p_TCGA_b139_154_155_SNP_N_GenomeWideSNP_6_B04_808690	10	85045162	135506704	34537	-0.0186
HELVE_p_TCGA_b139_154_155_SNP_N_GenomeWideSNP_6_B04_808690	11	198510	1653505	492	0.121
HELVE_p_TCGA_b139_154_155_SNP_N_GenomeWideSNP_6_B04_808690	11	1653568	1654761	3	-0.9527
HELVE_p_TCGA_b139_154_155_SNP_N_GenomeWideSNP_6_B04_808690	11	1657127	4307999	1314	0.1328
HELVE_p_TCGA_b139_154_155_SNP_N_GenomeWideSNP_6_B04_808690	11	4319712	4335878	5	-0.8769
HELVE_p_TCGA_b139_154_155_SNP_N_GenomeWideSNP_6_B04_808690	11	4336067	5778010	1476	0.1675
HELVE_p_TCGA_b139_154_155_SNP_N_GenomeWideSNP_6_B04_808690	11	5778471	5809048	42	0.4756
HELVE_p_TCGA_b139_154_155_SNP_N_GenomeWideSNP_6_B04_808690	11	5809139	18940870	9421	0.1509
HELVE_p_TCGA_b139_154_155_SNP_N_GenomeWideSNP_6_B04_808690	11	18949072	18962016	58	0.4952
HELVE_p_TCGA_b139_154_155_SNP_N_GenomeWideSNP_6_B04_808690	11	18962133	55359460	21825	0.1477
HELVE_p_TCGA_b139_154_155_SNP_N_GenomeWideSNP_6_B04_808690	11	55359518	55453009	66	0.6346
HELVE_p_TCGA_b139_154_155_SNP_N_GenomeWideSNP_6_B04_808690	11	55453576	134944770	52409	0.1409
HELVE_p_TCGA_b139_154_155_SNP_N_GenomeWideSNP_6_B04_808690	12	150442	869278	421	-0.0065
HELVE_p_TCGA_b139_154_155_SNP_N_GenomeWideSNP_6_B04_808690	12	869316	874029	14	-0.8767
HELVE_p_TCGA_b139_154_155_SNP_N_GenomeWideSNP_6_B04_808690	12	875354	8357507	5119	-0.0085
HELVE_p_TCGA_b139_154_155_SNP_N_GenomeWideSNP_6_B04_808690	12	8362050	8378251	11	0.711
HELVE_p_TCGA_b139_154_155_SNP_N_GenomeWideSNP_6_B04_808690	12	8393828	11215372	1706	-0.0056
HELVE_p_TCGA_b139_154_155_SNP_N_GenomeWideSNP_6_B04_808690	12	11216849	11241532	14	-0.4563
HELVE_p_TCGA_b139_154_155_SNP_N_GenomeWideSNP_6_B04_808690	12	11251874	11511578	134	0.0098
HELVE_p_TCGA_b139_154_155_SNP_N_GenomeWideSNP_6_B04_808690	12	11512492	11543406	29	-0.6719
HELVE_p_TCGA_b139_154_155_SNP_N_GenomeWideSNP_6_B04_808690	12	11552192	33294644	15422	0.0063
HELVE_p_TCGA_b139_154_155_SNP_N_GenomeWideSNP_6_B04_808690	12	33294660	33307078	27	-0.5156
HELVE_p_TCGA_b139_154_155_SNP_N_GenomeWideSNP_6_B04_808690	12	33307374	132120715	61572	-0.0027
HELVE_p_TCGA_b139_154_155_SNP_N_GenomeWideSNP_6_B04_808690	12	132132584	132133335	13	-0.6029
HELVE_p_TCGA_b139_154_155_SNP_N_GenomeWideSNP_6_B04_808690	12	132142331	133778189	571	-0.0465
HELVE_p_TCGA_b139_154_155_SNP_N_GenomeWideSNP_6_B04_808690	13	19026949	38071135	13559	0.4115
HELVE_p_TCGA_b139_154_155_SNP_N_GenomeWideSNP_6_B04_808690	13	38072036	38088330	17	1.182
HELVE_p_TCGA_b139_154_155_SNP_N_GenomeWideSNP_6_B04_808690	13	38088374	39052811	700	0.3927
HELVE_p_TCGA_b139_154_155_SNP_N_GenomeWideSNP_6_B04_808690	13	39057572	39058056	2	-1.639
HELVE_p_TCGA_b139_154_155_SNP_N_GenomeWideSNP_6_B04_808690	13	39065057	115108397	50004	0.421
HELVE_p_TCGA_b139_154_155_SNP_N_GenomeWideSNP_6_B04_808690	14	19002124	19422533	29	-0.0173
HELVE_p_TCGA_b139_154_155_SNP_N_GenomeWideSNP_6_B04_808690	14	19432799	19938441	40	-0.5721
HELVE_p_TCGA_b139_154_155_SNP_N_GenomeWideSNP_6_B04_808690	14	19968403	20203466	17	0.0844
HELVE_p_TCGA_b139_154_155_SNP_N_GenomeWideSNP_6_B04_808690	14	20203885	20420239	101	-0.7412
HELVE_p_TCGA_b139_154_155_SNP_N_GenomeWideSNP_6_B04_808690	14	20423372	22328365	1274	-0.3729
HELVE_p_TCGA_b139_154_155_SNP_N_GenomeWideSNP_6_B04_808690	14	22328573	22328574	2	-1.8837
HELVE_p_TCGA_b139_154_155_SNP_N_GenomeWideSNP_6_B04_808690	14	22329006	46630286	15254	-0.3562
HELVE_p_TCGA_b139_154_155_SNP_N_GenomeWideSNP_6_B04_808690	14	46637981	48237765	983	-0.8592
HELVE_p_TCGA_b139_154_155_SNP_N_GenomeWideSNP_6_B04_808690	14	48238610	48628923	278	-0.3625
HELVE_p_TCGA_b139_154_155_SNP_N_GenomeWideSNP_6_B04_808690	14	48629042	48629168	2	-2.0923
HELVE_p_TCGA_b139_154_155_SNP_N_GenomeWideSNP_6_B04_808690	14	48631711	106530364	37098	-0.3777
HELVE_p_TCGA_b139_154_155_SNP_N_GenomeWideSNP_6_B04_808690	14	106530687	106569463	18	0.4895
HELVE_p_TCGA_b139_154_155_SNP_N_GenomeWideSNP_6_B04_808690	14	106574118	106751284	83	-0.2796
HELVE_p_TCGA_b139_154_155_SNP_N_GenomeWideSNP_6_B04_808690	14	106753859	106753867	3	1.0185
HELVE_p_TCGA_b139_154_155_SNP_N_GenomeWideSNP_6_B04_808690	14	106754003	107285437	329	-0.3844
HELVE_p_TCGA_b139_154_155_SNP_N_GenomeWideSNP_6_B04_808690	15	20016328	20206939	48	-0.2815
HELVE_p_TCGA_b139_154_155_SNP_N_GenomeWideSNP_6_B04_808690	15	20216955	22311811	267	-0.9063
HELVE_p_TCGA_b139_154_155_SNP_N_GenomeWideSNP_6_B04_808690	15	22317512	30523305	4811	-0.371
HELVE_p_TCGA_b139_154_155_SNP_N_GenomeWideSNP_6_B04_808690	15	30523577	30792569	69	-0.7805
HELVE_p_TCGA_b139_154_155_SNP_N_GenomeWideSNP_6_B04_808690	15	30795789	32439281	1050	-0.3561
HELVE_p_TCGA_b139_154_155_SNP_N_GenomeWideSNP_6_B04_808690	15	32439298	32857412	69	-0.6107
HELVE_p_TCGA_b139_154_155_SNP_N_GenomeWideSNP_6_B04_808690	15	32857482	65814102	21461	-0.3201
HELVE_p_TCGA_b139_154_155_SNP_N_GenomeWideSNP_6_B04_808690	15	65816942	65817524	2	-2.6433
HELVE_p_TCGA_b139_154_155_SNP_N_GenomeWideSNP_6_B04_808690	15	65818387	66270641	229	-0.3062
HELVE_p_TCGA_b139_154_155_SNP_N_GenomeWideSNP_6_B04_808690	15	66271772	66271824	2	-1.8409
HELVE_p_TCGA_b139_154_155_SNP_N_GenomeWideSNP_6_B04_808690	15	66272042	76891241	6307	-0.322
HELVE_p_TCGA_b139_154_155_SNP_N_GenomeWideSNP_6_B04_808690	15	76891511	76895775	21	-1.9061
HELVE_p_TCGA_b139_154_155_SNP_N_GenomeWideSNP_6_B04_808690	15	76902179	82379182	3525	-0.3301
HELVE_p_TCGA_b139_154_155_SNP_N_GenomeWideSNP_6_B04_808690	15	82379958	82387951	9	-1.3396
HELVE_p_TCGA_b139_154_155_SNP_N_GenomeWideSNP_6_B04_808690	15	82391248	100801603	12889	-0.326
HELVE_p_TCGA_b139_154_155_SNP_N_GenomeWideSNP_6_B04_808690	15	100801698	100801965	2	-2.1899
HELVE_p_TCGA_b139_154_155_SNP_N_GenomeWideSNP_6_B04_808690	15	100802123	102469040	1235	-0.3636
HELVE_p_TCGA_b139_154_155_SNP_N_GenomeWideSNP_6_B04_808690	16	60777	14070525	10709	-0.3846
HELVE_p_TCGA_b139_154_155_SNP_N_GenomeWideSNP_6_B04_808690	16	14075295	14897801	390	-0.0416
HELVE_p_TCGA_b139_154_155_SNP_N_GenomeWideSNP_6_B04_808690	16	14897816	14989839	14	-0.5363
HELVE_p_TCGA_b139_154_155_SNP_N_GenomeWideSNP_6_B04_808690	16	15048768	15087177	53	0.0588
HELVE_p_TCGA_b139_154_155_SNP_N_GenomeWideSNP_6_B04_808690	16	15094300	15487149	66	-0.1701
HELVE_p_TCGA_b139_154_155_SNP_N_GenomeWideSNP_6_B04_808690	16	15491127	16628062	545	-0.4341
HELVE_p_TCGA_b139_154_155_SNP_N_GenomeWideSNP_6_B04_808690	16	16633361	16746929	24	0.1233
HELVE_p_TCGA_b139_154_155_SNP_N_GenomeWideSNP_6_B04_808690	16	16760686	18606678	996	-0.4069
HELVE_p_TCGA_b139_154_155_SNP_N_GenomeWideSNP_6_B04_808690	16	18627301	18768118	23	0.1085
HELVE_p_TCGA_b139_154_155_SNP_N_GenomeWideSNP_6_B04_808690	16	18768693	19944363	685	-0.3525
HELVE_p_TCGA_b139_154_155_SNP_N_GenomeWideSNP_6_B04_808690	16	19945650	19965875	28	-1.1641
HELVE_p_TCGA_b139_154_155_SNP_N_GenomeWideSNP_6_B04_808690	16	19967362	30306968	5844	-0.3758
HELVE_p_TCGA_b139_154_155_SNP_N_GenomeWideSNP_6_B04_808690	16	30320015	30586135	83	-0.0561
HELVE_p_TCGA_b139_154_155_SNP_N_GenomeWideSNP_6_B04_808690	16	30590192	31013613	154	1.003
HELVE_p_TCGA_b139_154_155_SNP_N_GenomeWideSNP_6_B04_808690	16	31025129	32124331	450	-0.0427
HELVE_p_TCGA_b139_154_155_SNP_N_GenomeWideSNP_6_B04_808690	16	32146886	32180860	7	-0.5784
HELVE_p_TCGA_b139_154_155_SNP_N_GenomeWideSNP_6_B04_808690	16	32180976	33101604	143	0.0204
HELVE_p_TCGA_b139_154_155_SNP_N_GenomeWideSNP_6_B04_808690	16	33241953	33557937	61	-0.3607
HELVE_p_TCGA_b139_154_155_SNP_N_GenomeWideSNP_6_B04_808690	16	33578515	34012168	90	0.7605
HELVE_p_TCGA_b139_154_155_SNP_N_GenomeWideSNP_6_B04_808690	16	34197351	51064083	3136	-0.0424
HELVE_p_TCGA_b139_154_155_SNP_N_GenomeWideSNP_6_B04_808690	16	51064172	51064572	2	1.6339
HELVE_p_TCGA_b139_154_155_SNP_N_GenomeWideSNP_6_B04_808690	16	51066965	60975839	7028	-0.0346
HELVE_p_TCGA_b139_154_155_SNP_N_GenomeWideSNP_6_B04_808690	16	60976040	78371608	11211	-0.3624
HELVE_p_TCGA_b139_154_155_SNP_N_GenomeWideSNP_6_B04_808690	16	78372440	78384738	15	-2.2299
HELVE_p_TCGA_b139_154_155_SNP_N_GenomeWideSNP_6_B04_808690	16	78384765	90287535	10616	-0.4148
HELVE_p_TCGA_b139_154_155_SNP_N_GenomeWideSNP_6_B04_808690	17	526	1424948	666	-0.1085
HELVE_p_TCGA_b139_154_155_SNP_N_GenomeWideSNP_6_B04_808690	17	1429418	1429630	2	-1.7504
HELVE_p_TCGA_b139_154_155_SNP_N_GenomeWideSNP_6_B04_808690	17	1429687	16654301	9839	-0.0306
HELVE_p_TCGA_b139_154_155_SNP_N_GenomeWideSNP_6_B04_808690	17	16657331	16783646	27	-0.5011
HELVE_p_TCGA_b139_154_155_SNP_N_GenomeWideSNP_6_B04_808690	17	16784287	21707731	2261	-0.0324
HELVE_p_TCGA_b139_154_155_SNP_N_GenomeWideSNP_6_B04_808690	17	21708202	39421708	8168	0.2515
HELVE_p_TCGA_b139_154_155_SNP_N_GenomeWideSNP_6_B04_808690	17	39423014	39430531	24	-0.4285
HELVE_p_TCGA_b139_154_155_SNP_N_GenomeWideSNP_6_B04_808690	17	39432724	44163098	2513	0.2418
HELVE_p_TCGA_b139_154_155_SNP_N_GenomeWideSNP_6_B04_808690	17	44165803	44353885	122	0.6117
HELVE_p_TCGA_b139_154_155_SNP_N_GenomeWideSNP_6_B04_808690	17	44362009	44752283	50	-0.2261
HELVE_p_TCGA_b139_154_155_SNP_N_GenomeWideSNP_6_B04_808690	17	44752300	72023478	16986	0.2603
HELVE_p_TCGA_b139_154_155_SNP_N_GenomeWideSNP_6_B04_808690	17	72024174	72054375	33	-0.1069
HELVE_p_TCGA_b139_154_155_SNP_N_GenomeWideSNP_6_B04_808690	17	72054624	75343091	1709	0.2379
HELVE_p_TCGA_b139_154_155_SNP_N_GenomeWideSNP_6_B04_808690	17	75345606	75352173	14	-0.2847
HELVE_p_TCGA_b139_154_155_SNP_N_GenomeWideSNP_6_B04_808690	17	75353523	75853844	340	0.2232
HELVE_p_TCGA_b139_154_155_SNP_N_GenomeWideSNP_6_B04_808690	17	75854830	75866929	4	-0.4957
HELVE_p_TCGA_b139_154_155_SNP_N_GenomeWideSNP_6_B04_808690	17	75868626	76281368	197	0.2603
HELVE_p_TCGA_b139_154_155_SNP_N_GenomeWideSNP_6_B04_808690	17	76282132	76282968	2	-2.0675
HELVE_p_TCGA_b139_154_155_SNP_N_GenomeWideSNP_6_B04_808690	17	76286743	81049726	2338	0.2205
HELVE_p_TCGA_b139_154_155_SNP_N_GenomeWideSNP_6_B04_808690	18	11543	1955561	1379	0.2112
HELVE_p_TCGA_b139_154_155_SNP_N_GenomeWideSNP_6_B04_808690	18	1955921	11887657	7317	-0.3842
HELVE_p_TCGA_b139_154_155_SNP_N_GenomeWideSNP_6_B04_808690	18	11892845	12192231	196	0.2424
HELVE_p_TCGA_b139_154_155_SNP_N_GenomeWideSNP_6_B04_808690	18	12192655	13446929	692	-0.358
HELVE_p_TCGA_b139_154_155_SNP_N_GenomeWideSNP_6_B04_808690	18	13450255	15402408	860	0.1855
HELVE_p_TCGA_b139_154_155_SNP_N_GenomeWideSNP_6_B04_808690	18	18529353	20069946	731	-0.3507
HELVE_p_TCGA_b139_154_155_SNP_N_GenomeWideSNP_6_B04_808690	18	20070591	20072430	2	-1.8645
HELVE_p_TCGA_b139_154_155_SNP_N_GenomeWideSNP_6_B04_808690	18	20073756	38258070	11629	-0.3669
HELVE_p_TCGA_b139_154_155_SNP_N_GenomeWideSNP_6_B04_808690	18	38258082	38270072	37	0.0878
HELVE_p_TCGA_b139_154_155_SNP_N_GenomeWideSNP_6_B04_808690	18	38270198	39791501	1033	-0.3602
HELVE_p_TCGA_b139_154_155_SNP_N_GenomeWideSNP_6_B04_808690	18	39795041	39795142	2	-2.5016
HELVE_p_TCGA_b139_154_155_SNP_N_GenomeWideSNP_6_B04_808690	18	39796976	42802381	1909	-0.3561
HELVE_p_TCGA_b139_154_155_SNP_N_GenomeWideSNP_6_B04_808690	18	42802400	42803709	2	-2.4945
HELVE_p_TCGA_b139_154_155_SNP_N_GenomeWideSNP_6_B04_808690	18	42803829	50813287	5715	-0.3783
HELVE_p_TCGA_b139_154_155_SNP_N_GenomeWideSNP_6_B04_808690	18	50814934	50814968	2	-2.177
HELVE_p_TCGA_b139_154_155_SNP_N_GenomeWideSNP_6_B04_808690	18	50815036	63727545	8819	-0.3676
HELVE_p_TCGA_b139_154_155_SNP_N_GenomeWideSNP_6_B04_808690	18	63727599	63732738	11	-1.0926
HELVE_p_TCGA_b139_154_155_SNP_N_GenomeWideSNP_6_B04_808690	18	63732763	63908561	150	-0.3301
HELVE_p_TCGA_b139_154_155_SNP_N_GenomeWideSNP_6_B04_808690	18	63909684	63911589	6	-2.2525
HELVE_p_TCGA_b139_154_155_SNP_N_GenomeWideSNP_6_B04_808690	18	63911876	78015057	10257	-0.3903
HELVE_p_TCGA_b139_154_155_SNP_N_GenomeWideSNP_6_B04_808690	19	90910	29570479	12404	-0.0225
HELVE_p_TCGA_b139_154_155_SNP_N_GenomeWideSNP_6_B04_808690	19	29570553	29571370	2	-1.9163
HELVE_p_TCGA_b139_154_155_SNP_N_GenomeWideSNP_6_B04_808690	19	29572039	35849322	4414	-0.0324
HELVE_p_TCGA_b139_154_155_SNP_N_GenomeWideSNP_6_B04_808690	19	35849493	35861848	22	-1.9317
HELVE_p_TCGA_b139_154_155_SNP_N_GenomeWideSNP_6_B04_808690	19	35866744	52131813	8107	-0.0123
HELVE_p_TCGA_b139_154_155_SNP_N_GenomeWideSNP_6_B04_808690	19	52142352	52148197	11	-1.2212
HELVE_p_TCGA_b139_154_155_SNP_N_GenomeWideSNP_6_B04_808690	19	52154905	55347342	2082	-0.0415
HELVE_p_TCGA_b139_154_155_SNP_N_GenomeWideSNP_6_B04_808690	19	55347674	55348691	3	-1.963
HELVE_p_TCGA_b139_154_155_SNP_N_GenomeWideSNP_6_B04_808690	19	55360538	59097854	2301	-0.0337
HELVE_p_TCGA_b139_154_155_SNP_N_GenomeWideSNP_6_B04_808690	20	61305	61582	9	0.2903
HELVE_p_TCGA_b139_154_155_SNP_N_GenomeWideSNP_6_B04_808690	20	61675	1567653	1202	0.9338
HELVE_p_TCGA_b139_154_155_SNP_N_GenomeWideSNP_6_B04_808690	20	1567721	1582207	32	1.8498
HELVE_p_TCGA_b139_154_155_SNP_N_GenomeWideSNP_6_B04_808690	20	1590257	6709838	3790	0.9271
HELVE_p_TCGA_b139_154_155_SNP_N_GenomeWideSNP_6_B04_808690	20	6710777	6723172	13	0.1889
HELVE_p_TCGA_b139_154_155_SNP_N_GenomeWideSNP_6_B04_808690	20	6723411	26305491	15010	0.9309
HELVE_p_TCGA_b139_154_155_SNP_N_GenomeWideSNP_6_B04_808690	20	26305579	29498271	22	0.1687
HELVE_p_TCGA_b139_154_155_SNP_N_GenomeWideSNP_6_B04_808690	20	29505830	38034463	4381	0.904
HELVE_p_TCGA_b139_154_155_SNP_N_GenomeWideSNP_6_B04_808690	20	38038991	38042046	3	-0.649
HELVE_p_TCGA_b139_154_155_SNP_N_GenomeWideSNP_6_B04_808690	20	38046128	40359519	1598	0.907
HELVE_p_TCGA_b139_154_155_SNP_N_GenomeWideSNP_6_B04_808690	20	40360023	40360027	5	0.1229
HELVE_p_TCGA_b139_154_155_SNP_N_GenomeWideSNP_6_B04_808690	20	40360784	52807221	9139	0.9243
HELVE_p_TCGA_b139_154_155_SNP_N_GenomeWideSNP_6_B04_808690	20	52807426	52808062	4	-0.0542
HELVE_p_TCGA_b139_154_155_SNP_N_GenomeWideSNP_6_B04_808690	20	52808779	60000028	5942	0.9298
HELVE_p_TCGA_b139_154_155_SNP_N_GenomeWideSNP_6_B04_808690	20	60004168	60005707	4	-0.0038
HELVE_p_TCGA_b139_154_155_SNP_N_GenomeWideSNP_6_B04_808690	20	60006307	62956153	1346	0.8875
HELVE_p_TCGA_b139_154_155_SNP_N_GenomeWideSNP_6_B04_808690	21	10736871	14532383	143	-0.0223
HELVE_p_TCGA_b139_154_155_SNP_N_GenomeWideSNP_6_B04_808690	21	14532550	30009323	11190	-0.3812
HELVE_p_TCGA_b139_154_155_SNP_N_GenomeWideSNP_6_B04_808690	21	30009951	30011043	2	-1.9738
HELVE_p_TCGA_b139_154_155_SNP_N_GenomeWideSNP_6_B04_808690	21	30012690	32050287	1453	-0.3835
HELVE_p_TCGA_b139_154_155_SNP_N_GenomeWideSNP_6_B04_808690	21	32050459	48096957	11603	-0.0421
HELVE_p_TCGA_b139_154_155_SNP_N_GenomeWideSNP_6_B04_808690	22	16052528	19978558	1954	-0.0933
HELVE_p_TCGA_b139_154_155_SNP_N_GenomeWideSNP_6_B04_808690	22	19984013	19984211	3	-1.8845
HELVE_p_TCGA_b139_154_155_SNP_N_GenomeWideSNP_6_B04_808690	22	19984401	41145604	14429	-0.0519
HELVE_p_TCGA_b139_154_155_SNP_N_GenomeWideSNP_6_B04_808690	22	41147325	41152031	3	-1.3215
HELVE_p_TCGA_b139_154_155_SNP_N_GenomeWideSNP_6_B04_808690	22	41153176	42907001	1039	-0.053
HELVE_p_TCGA_b139_154_155_SNP_N_GenomeWideSNP_6_B04_808690	22	42907028	42966428	26	0.3325
HELVE_p_TCGA_b139_154_155_SNP_N_GenomeWideSNP_6_B04_808690	22	42966699	46877238	2756	-0.0368
HELVE_p_TCGA_b139_154_155_SNP_N_GenomeWideSNP_6_B04_808690	22	46877389	46878037	2	-2.0568
HELVE_p_TCGA_b139_154_155_SNP_N_GenomeWideSNP_6_B04_808690	22	46878038	50967032	3191	-0.0837
HELVE_p_TCGA_b139_154_155_SNP_N_GenomeWideSNP_6_B04_808690	22	50973108	50973116	5	-1.1342
HELVE_p_TCGA_b139_154_155_SNP_N_GenomeWideSNP_6_B04_808690	22	50973754	51234455	147	-0.141
HELVE_p_TCGA_b139_154_155_SNP_N_GenomeWideSNP_6_B04_808690	X	168477	966911	81	0.0062
HELVE_p_TCGA_b139_154_155_SNP_N_GenomeWideSNP_6_B04_808690	X	1211520	1226875	2	-2.2905
HELVE_p_TCGA_b139_154_155_SNP_N_GenomeWideSNP_6_B04_808690	X	1878446	71374461	37780	0.0139
HELVE_p_TCGA_b139_154_155_SNP_N_GenomeWideSNP_6_B04_808690	X	71375503	71376114	2	-4.2149
HELVE_p_TCGA_b139_154_155_SNP_N_GenomeWideSNP_6_B04_808690	X	71376715	121003510	26337	0.0254
HELVE_p_TCGA_b139_154_155_SNP_N_GenomeWideSNP_6_B04_808690	X	121004659	121005035	2	-1.9829
HELVE_p_TCGA_b139_154_155_SNP_N_GenomeWideSNP_6_B04_808690	X	121005075	139881419	10836	0.0191
HELVE_p_TCGA_b139_154_155_SNP_N_GenomeWideSNP_6_B04_808690	X	139881741	139881762	2	-2.0043
HELVE_p_TCGA_b139_154_155_SNP_N_GenomeWideSNP_6_B04_808690	X	139881891	140989480	588	0.0063
HELVE_p_TCGA_b139_154_155_SNP_N_GenomeWideSNP_6_B04_808690	X	140990031	140990226	2	-1.7994
HELVE_p_TCGA_b139_154_155_SNP_N_GenomeWideSNP_6_B04_808690	X	140996463	155182354	8766	-0.0048
HELVE_p_TCGA_b139_154_155_SNP_N_GenomeWideSNP_6_B04_808690	Y	2650438	6101425	872	-2.3858
HELVE_p_TCGA_b139_154_155_SNP_N_GenomeWideSNP_6_B04_808690	Y	6107901	6356305	107	-3.5016
HELVE_p_TCGA_b139_154_155_SNP_N_GenomeWideSNP_6_B04_808690	Y	6366231	8365744	1107	-2.7708
HELVE_p_TCGA_b139_154_155_SNP_N_GenomeWideSNP_6_B04_808690	Y	8367493	9759564	542	-3.074
HELVE_p_TCGA_b139_154_155_SNP_N_GenomeWideSNP_6_B04_808690	Y	9774614	15590276	951	-2.7037
HELVE_p_TCGA_b139_154_155_SNP_N_GenomeWideSNP_6_B04_808690	Y	15590342	15594523	3	-7.6439
HELVE_p_TCGA_b139_154_155_SNP_N_GenomeWideSNP_6_B04_808690	Y	15594889	19034392	1825	-2.7829
HELVE_p_TCGA_b139_154_155_SNP_N_GenomeWideSNP_6_B04_808690	Y	19038302	21024613	928	-3.2157
HELVE_p_TCGA_b139_154_155_SNP_N_GenomeWideSNP_6_B04_808690	Y	21025062	23859163	1085	-2.798
HELVE_p_TCGA_b139_154_155_SNP_N_GenomeWideSNP_6_B04_808690	Y	23859468	28452016	1038	-3.203
HELVE_p_TCGA_b139_154_155_SNP_N_GenomeWideSNP_6_B04_808690	Y	28457337	59018259	176	-2.4136
