Sample	Chromosome	Start	End	Num_Probes	Segment_Mean
FOXED_p_TCGA_b122_128_SNP_N_GenomeWideSNP_6_A09_781922	1	61735	761368	48	-0.0212
FOXED_p_TCGA_b122_128_SNP_N_GenomeWideSNP_6_A09_781922	1	761732	765269	3	-1.7484
FOXED_p_TCGA_b122_128_SNP_N_GenomeWideSNP_6_A09_781922	1	768793	16149915	8364	0.1284
FOXED_p_TCGA_b122_128_SNP_N_GenomeWideSNP_6_A09_781922	1	16153497	16154201	7	0.98
FOXED_p_TCGA_b122_128_SNP_N_GenomeWideSNP_6_A09_781922	1	16154239	16869363	303	0.1507
FOXED_p_TCGA_b122_128_SNP_N_GenomeWideSNP_6_A09_781922	1	16871278	17016880	62	-0.1478
FOXED_p_TCGA_b122_128_SNP_N_GenomeWideSNP_6_A09_781922	1	17017078	17048479	18	0.4927
FOXED_p_TCGA_b122_128_SNP_N_GenomeWideSNP_6_A09_781922	1	17056457	17182437	23	-0.4002
FOXED_p_TCGA_b122_128_SNP_N_GenomeWideSNP_6_A09_781922	1	17190004	17276241	64	0.5326
FOXED_p_TCGA_b122_128_SNP_N_GenomeWideSNP_6_A09_781922	1	17277940	25583341	5272	0.1402
FOXED_p_TCGA_b122_128_SNP_N_GenomeWideSNP_6_A09_781922	1	25593128	25662212	31	0.6669
FOXED_p_TCGA_b122_128_SNP_N_GenomeWideSNP_6_A09_781922	1	25663310	28328920	1134	0.1171
FOXED_p_TCGA_b122_128_SNP_N_GenomeWideSNP_6_A09_781922	1	28335544	31583344	1850	-0.463
FOXED_p_TCGA_b122_128_SNP_N_GenomeWideSNP_6_A09_781922	1	31593248	37898668	3492	0.1264
FOXED_p_TCGA_b122_128_SNP_N_GenomeWideSNP_6_A09_781922	1	37900173	37900415	2	-1.3371
FOXED_p_TCGA_b122_128_SNP_N_GenomeWideSNP_6_A09_781922	1	37902135	57653157	11612	0.149
FOXED_p_TCGA_b122_128_SNP_N_GenomeWideSNP_6_A09_781922	1	57653897	57654660	3	-0.8901
FOXED_p_TCGA_b122_128_SNP_N_GenomeWideSNP_6_A09_781922	1	57658036	72768498	10757	0.1692
FOXED_p_TCGA_b122_128_SNP_N_GenomeWideSNP_6_A09_781922	1	72768916	72811148	46	-1.4602
FOXED_p_TCGA_b122_128_SNP_N_GenomeWideSNP_6_A09_781922	1	72811904	80365996	4755	0.1513
FOXED_p_TCGA_b122_128_SNP_N_GenomeWideSNP_6_A09_781922	1	80369289	80403167	22	0.5775
FOXED_p_TCGA_b122_128_SNP_N_GenomeWideSNP_6_A09_781922	1	80403974	83875834	2359	0.1447
FOXED_p_TCGA_b122_128_SNP_N_GenomeWideSNP_6_A09_781922	1	83875835	83885215	3	-0.6761
FOXED_p_TCGA_b122_128_SNP_N_GenomeWideSNP_6_A09_781922	1	83885493	85016559	790	0.2016
FOXED_p_TCGA_b122_128_SNP_N_GenomeWideSNP_6_A09_781922	1	85017172	85018052	3	-0.7461
FOXED_p_TCGA_b122_128_SNP_N_GenomeWideSNP_6_A09_781922	1	85021277	89475255	3054	0.1917
FOXED_p_TCGA_b122_128_SNP_N_GenomeWideSNP_6_A09_781922	1	89477958	89478205	2	-2.8185
FOXED_p_TCGA_b122_128_SNP_N_GenomeWideSNP_6_A09_781922	1	89481524	94195026	2781	0.1525
FOXED_p_TCGA_b122_128_SNP_N_GenomeWideSNP_6_A09_781922	1	94195226	104163787	6318	-0.4166
FOXED_p_TCGA_b122_128_SNP_N_GenomeWideSNP_6_A09_781922	1	104178038	104303403	26	-1.0419
FOXED_p_TCGA_b122_128_SNP_N_GenomeWideSNP_6_A09_781922	1	104303501	106012754	916	-0.3955
FOXED_p_TCGA_b122_128_SNP_N_GenomeWideSNP_6_A09_781922	1	106013376	106022375	18	-1.0434
FOXED_p_TCGA_b122_128_SNP_N_GenomeWideSNP_6_A09_781922	1	106024055	110227515	2667	-0.4113
FOXED_p_TCGA_b122_128_SNP_N_GenomeWideSNP_6_A09_781922	1	110232974	110240178	17	0.8562
FOXED_p_TCGA_b122_128_SNP_N_GenomeWideSNP_6_A09_781922	1	110242953	111366102	830	-0.4434
FOXED_p_TCGA_b122_128_SNP_N_GenomeWideSNP_6_A09_781922	1	111370372	111401322	67	-0.1836
FOXED_p_TCGA_b122_128_SNP_N_GenomeWideSNP_6_A09_781922	1	111401497	112690326	1058	-0.474
FOXED_p_TCGA_b122_128_SNP_N_GenomeWideSNP_6_A09_781922	1	112695965	112706213	37	0.0948
FOXED_p_TCGA_b122_128_SNP_N_GenomeWideSNP_6_A09_781922	1	112706218	115018977	1412	-0.4247
FOXED_p_TCGA_b122_128_SNP_N_GenomeWideSNP_6_A09_781922	1	115019496	152555706	6612	0.1508
FOXED_p_TCGA_b122_128_SNP_N_GenomeWideSNP_6_A09_781922	1	152555767	152586594	34	-1.7299
FOXED_p_TCGA_b122_128_SNP_N_GenomeWideSNP_6_A09_781922	1	152590494	152759678	171	0.124
FOXED_p_TCGA_b122_128_SNP_N_GenomeWideSNP_6_A09_781922	1	152761923	152768700	37	0.8082
FOXED_p_TCGA_b122_128_SNP_N_GenomeWideSNP_6_A09_781922	1	152773905	168986301	11152	0.1444
FOXED_p_TCGA_b122_128_SNP_N_GenomeWideSNP_6_A09_781922	1	168986374	168987211	4	-1.6061
FOXED_p_TCGA_b122_128_SNP_N_GenomeWideSNP_6_A09_781922	1	168989386	169216937	190	0.1648
FOXED_p_TCGA_b122_128_SNP_N_GenomeWideSNP_6_A09_781922	1	169233974	169241766	7	1.5408
FOXED_p_TCGA_b122_128_SNP_N_GenomeWideSNP_6_A09_781922	1	169242401	192982378	15653	0.1579
FOXED_p_TCGA_b122_128_SNP_N_GenomeWideSNP_6_A09_781922	1	192989259	193126441	101	-0.5221
FOXED_p_TCGA_b122_128_SNP_N_GenomeWideSNP_6_A09_781922	1	193135172	196714822	2459	0.1848
FOXED_p_TCGA_b122_128_SNP_N_GenomeWideSNP_6_A09_781922	1	196714873	196801784	89	-0.3485
FOXED_p_TCGA_b122_128_SNP_N_GenomeWideSNP_6_A09_781922	1	196801805	208440902	7442	0.1422
FOXED_p_TCGA_b122_128_SNP_N_GenomeWideSNP_6_A09_781922	1	208445720	208457920	31	0.6854
FOXED_p_TCGA_b122_128_SNP_N_GenomeWideSNP_6_A09_781922	1	208458173	210071062	1358	0.1308
FOXED_p_TCGA_b122_128_SNP_N_GenomeWideSNP_6_A09_781922	1	210081613	210082065	2	-1.2951
FOXED_p_TCGA_b122_128_SNP_N_GenomeWideSNP_6_A09_781922	1	210083984	225662318	10597	0.1567
FOXED_p_TCGA_b122_128_SNP_N_GenomeWideSNP_6_A09_781922	1	225662678	225670344	11	-0.3975
FOXED_p_TCGA_b122_128_SNP_N_GenomeWideSNP_6_A09_781922	1	225673293	240391740	10598	0.2111
FOXED_p_TCGA_b122_128_SNP_N_GenomeWideSNP_6_A09_781922	1	240394015	240394139	6	-1.1639
FOXED_p_TCGA_b122_128_SNP_N_GenomeWideSNP_6_A09_781922	1	240396105	243048740	2080	0.2178
FOXED_p_TCGA_b122_128_SNP_N_GenomeWideSNP_6_A09_781922	1	243049874	243120692	69	-0.0429
FOXED_p_TCGA_b122_128_SNP_N_GenomeWideSNP_6_A09_781922	1	243120996	248737447	3609	0.2113
FOXED_p_TCGA_b122_128_SNP_N_GenomeWideSNP_6_A09_781922	1	248749194	248774791	18	0.7134
FOXED_p_TCGA_b122_128_SNP_N_GenomeWideSNP_6_A09_781922	1	248775099	249224388	160	0.1987
FOXED_p_TCGA_b122_128_SNP_N_GenomeWideSNP_6_A09_781922	2	12784	4203580	2990	0.0878
FOXED_p_TCGA_b122_128_SNP_N_GenomeWideSNP_6_A09_781922	2	4205687	4230062	44	-0.4982
FOXED_p_TCGA_b122_128_SNP_N_GenomeWideSNP_6_A09_781922	2	4234782	13984710	7459	0.1375
FOXED_p_TCGA_b122_128_SNP_N_GenomeWideSNP_6_A09_781922	2	13986224	13986304	2	-3.2418
FOXED_p_TCGA_b122_128_SNP_N_GenomeWideSNP_6_A09_781922	2	13987873	63076330	33567	0.1471
FOXED_p_TCGA_b122_128_SNP_N_GenomeWideSNP_6_A09_781922	2	63078126	63512206	168	-0.5353
FOXED_p_TCGA_b122_128_SNP_N_GenomeWideSNP_6_A09_781922	2	63514651	79581175	10440	0.1339
FOXED_p_TCGA_b122_128_SNP_N_GenomeWideSNP_6_A09_781922	2	79585003	79589920	6	-0.6146
FOXED_p_TCGA_b122_128_SNP_N_GenomeWideSNP_6_A09_781922	2	79591277	91890841	5703	0.1288
FOXED_p_TCGA_b122_128_SNP_N_GenomeWideSNP_6_A09_781922	2	91891552	92275027	59	0.4363
FOXED_p_TCGA_b122_128_SNP_N_GenomeWideSNP_6_A09_781922	2	92275652	106883229	6510	0.1294
FOXED_p_TCGA_b122_128_SNP_N_GenomeWideSNP_6_A09_781922	2	106883331	106884979	5	1.1275
FOXED_p_TCGA_b122_128_SNP_N_GenomeWideSNP_6_A09_781922	2	106885013	107936757	683	0.1194
FOXED_p_TCGA_b122_128_SNP_N_GenomeWideSNP_6_A09_781922	2	107941819	108022271	57	0.7291
FOXED_p_TCGA_b122_128_SNP_N_GenomeWideSNP_6_A09_781922	2	108032914	146862085	23229	0.1352
FOXED_p_TCGA_b122_128_SNP_N_GenomeWideSNP_6_A09_781922	2	146864404	146866934	24	0.8913
FOXED_p_TCGA_b122_128_SNP_N_GenomeWideSNP_6_A09_781922	2	146877806	243089456	59195	0.1544
FOXED_p_TCGA_b122_128_SNP_N_GenomeWideSNP_6_A09_781922	3	60345	6646543	5824	-0.5868
FOXED_p_TCGA_b122_128_SNP_N_GenomeWideSNP_6_A09_781922	3	6651128	6653332	23	-2.0664
FOXED_p_TCGA_b122_128_SNP_N_GenomeWideSNP_6_A09_781922	3	6655078	14891888	6185	-0.6142
FOXED_p_TCGA_b122_128_SNP_N_GenomeWideSNP_6_A09_781922	3	14894140	14902928	5	-3.3514
FOXED_p_TCGA_b122_128_SNP_N_GenomeWideSNP_6_A09_781922	3	14905986	16236747	848	-0.6037
FOXED_p_TCGA_b122_128_SNP_N_GenomeWideSNP_6_A09_781922	3	16237008	16241179	8	-2.1127
FOXED_p_TCGA_b122_128_SNP_N_GenomeWideSNP_6_A09_781922	3	16241325	16730916	401	-0.6399
FOXED_p_TCGA_b122_128_SNP_N_GenomeWideSNP_6_A09_781922	3	16738070	16744285	8	-1.4701
FOXED_p_TCGA_b122_128_SNP_N_GenomeWideSNP_6_A09_781922	3	16748360	21886008	3104	-0.5744
FOXED_p_TCGA_b122_128_SNP_N_GenomeWideSNP_6_A09_781922	3	21886120	21888013	6	-1.7053
FOXED_p_TCGA_b122_128_SNP_N_GenomeWideSNP_6_A09_781922	3	21888121	24432821	1782	-0.556
FOXED_p_TCGA_b122_128_SNP_N_GenomeWideSNP_6_A09_781922	3	24446430	26601760	1798	0.0533
FOXED_p_TCGA_b122_128_SNP_N_GenomeWideSNP_6_A09_781922	3	26601764	26614982	22	-0.4532
FOXED_p_TCGA_b122_128_SNP_N_GenomeWideSNP_6_A09_781922	3	26614984	28496526	1222	0.0506
FOXED_p_TCGA_b122_128_SNP_N_GenomeWideSNP_6_A09_781922	3	28501283	28611764	58	0.4317
FOXED_p_TCGA_b122_128_SNP_N_GenomeWideSNP_6_A09_781922	3	28613121	35800767	4806	0.0614
FOXED_p_TCGA_b122_128_SNP_N_GenomeWideSNP_6_A09_781922	3	35803775	35941211	81	0.6431
FOXED_p_TCGA_b122_128_SNP_N_GenomeWideSNP_6_A09_781922	3	35941770	46801817	7015	0.0527
FOXED_p_TCGA_b122_128_SNP_N_GenomeWideSNP_6_A09_781922	3	46801864	46849589	39	-0.6201
FOXED_p_TCGA_b122_128_SNP_N_GenomeWideSNP_6_A09_781922	3	46859479	53023211	2497	0.0284
FOXED_p_TCGA_b122_128_SNP_N_GenomeWideSNP_6_A09_781922	3	53028375	53039116	37	-0.4184
FOXED_p_TCGA_b122_128_SNP_N_GenomeWideSNP_6_A09_781922	3	53039217	59540169	4382	0.046
FOXED_p_TCGA_b122_128_SNP_N_GenomeWideSNP_6_A09_781922	3	59541974	59723180	174	0.4315
FOXED_p_TCGA_b122_128_SNP_N_GenomeWideSNP_6_A09_781922	3	59725851	60647540	1090	0.028
FOXED_p_TCGA_b122_128_SNP_N_GenomeWideSNP_6_A09_781922	3	60648069	60660179	7	-0.7361
FOXED_p_TCGA_b122_128_SNP_N_GenomeWideSNP_6_A09_781922	3	60661146	60677352	11	-0.1873
FOXED_p_TCGA_b122_128_SNP_N_GenomeWideSNP_6_A09_781922	3	60677389	60714772	60	0.206
FOXED_p_TCGA_b122_128_SNP_N_GenomeWideSNP_6_A09_781922	3	60714897	60720891	11	-0.0736
FOXED_p_TCGA_b122_128_SNP_N_GenomeWideSNP_6_A09_781922	3	60720925	60721400	3	-0.9232
FOXED_p_TCGA_b122_128_SNP_N_GenomeWideSNP_6_A09_781922	3	60721778	121620225	36168	0.1657
FOXED_p_TCGA_b122_128_SNP_N_GenomeWideSNP_6_A09_781922	3	121620950	121695696	41	-0.567
FOXED_p_TCGA_b122_128_SNP_N_GenomeWideSNP_6_A09_781922	3	121698281	141817436	12366	0.1601
FOXED_p_TCGA_b122_128_SNP_N_GenomeWideSNP_6_A09_781922	3	141817743	141932356	64	0.3991
FOXED_p_TCGA_b122_128_SNP_N_GenomeWideSNP_6_A09_781922	3	141932382	162514627	12793	0.178
FOXED_p_TCGA_b122_128_SNP_N_GenomeWideSNP_6_A09_781922	3	162516259	162634145	83	0.4703
FOXED_p_TCGA_b122_128_SNP_N_GenomeWideSNP_6_A09_781922	3	162634315	175399784	7897	0.1934
FOXED_p_TCGA_b122_128_SNP_N_GenomeWideSNP_6_A09_781922	3	175411924	175657819	128	0.6865
FOXED_p_TCGA_b122_128_SNP_N_GenomeWideSNP_6_A09_781922	3	175663819	187618207	7371	0.154
FOXED_p_TCGA_b122_128_SNP_N_GenomeWideSNP_6_A09_781922	3	187621807	187629577	9	-0.9286
FOXED_p_TCGA_b122_128_SNP_N_GenomeWideSNP_6_A09_781922	3	187630135	188640582	748	0.1638
FOXED_p_TCGA_b122_128_SNP_N_GenomeWideSNP_6_A09_781922	3	188644677	188649611	3	-1.1353
FOXED_p_TCGA_b122_128_SNP_N_GenomeWideSNP_6_A09_781922	3	188650346	192803259	2961	0.1998
FOXED_p_TCGA_b122_128_SNP_N_GenomeWideSNP_6_A09_781922	3	192803962	192807527	2	1.6657
FOXED_p_TCGA_b122_128_SNP_N_GenomeWideSNP_6_A09_781922	3	192807546	192848830	28	0.1915
FOXED_p_TCGA_b122_128_SNP_N_GenomeWideSNP_6_A09_781922	3	192850845	192851363	4	-0.4712
FOXED_p_TCGA_b122_128_SNP_N_GenomeWideSNP_6_A09_781922	3	192852846	192874747	30	0.1134
FOXED_p_TCGA_b122_128_SNP_N_GenomeWideSNP_6_A09_781922	3	192877902	192882903	20	-1.2693
FOXED_p_TCGA_b122_128_SNP_N_GenomeWideSNP_6_A09_781922	3	192886435	194634588	1161	0.1914
FOXED_p_TCGA_b122_128_SNP_N_GenomeWideSNP_6_A09_781922	3	194641316	194641845	5	-0.8214
FOXED_p_TCGA_b122_128_SNP_N_GenomeWideSNP_6_A09_781922	3	194642480	197838437	1520	0.1754
FOXED_p_TCGA_b122_128_SNP_N_GenomeWideSNP_6_A09_781922	3	197838578	197896118	21	-0.3047
FOXED_p_TCGA_b122_128_SNP_N_GenomeWideSNP_6_A09_781922	4	12281	65978	57	-0.3342
FOXED_p_TCGA_b122_128_SNP_N_GenomeWideSNP_6_A09_781922	4	66719	9456977	5194	0.1474
FOXED_p_TCGA_b122_128_SNP_N_GenomeWideSNP_6_A09_781922	4	9461230	9479345	9	-0.811
FOXED_p_TCGA_b122_128_SNP_N_GenomeWideSNP_6_A09_781922	4	9486087	10223628	548	0.1355
FOXED_p_TCGA_b122_128_SNP_N_GenomeWideSNP_6_A09_781922	4	10223848	10234266	28	-1.6932
FOXED_p_TCGA_b122_128_SNP_N_GenomeWideSNP_6_A09_781922	4	10234608	34779054	17008	0.1644
FOXED_p_TCGA_b122_128_SNP_N_GenomeWideSNP_6_A09_781922	4	34786500	34829872	39	0.7866
FOXED_p_TCGA_b122_128_SNP_N_GenomeWideSNP_6_A09_781922	4	34829913	43147514	5543	0.1704
FOXED_p_TCGA_b122_128_SNP_N_GenomeWideSNP_6_A09_781922	4	43148161	43156435	5	-0.74
FOXED_p_TCGA_b122_128_SNP_N_GenomeWideSNP_6_A09_781922	4	43156439	64705364	11067	0.1658
FOXED_p_TCGA_b122_128_SNP_N_GenomeWideSNP_6_A09_781922	4	64705515	64708258	15	-0.3677
FOXED_p_TCGA_b122_128_SNP_N_GenomeWideSNP_6_A09_781922	4	64716431	68949916	2698	0.1646
FOXED_p_TCGA_b122_128_SNP_N_GenomeWideSNP_6_A09_781922	4	68950347	68952340	4	0.9492
FOXED_p_TCGA_b122_128_SNP_N_GenomeWideSNP_6_A09_781922	4	68952443	69260551	160	0.1839
FOXED_p_TCGA_b122_128_SNP_N_GenomeWideSNP_6_A09_781922	4	69261064	69536788	93	0.5077
FOXED_p_TCGA_b122_128_SNP_N_GenomeWideSNP_6_A09_781922	4	69537152	86976094	10832	0.1826
FOXED_p_TCGA_b122_128_SNP_N_GenomeWideSNP_6_A09_781922	4	86976391	86979944	19	-0.5537
FOXED_p_TCGA_b122_128_SNP_N_GenomeWideSNP_6_A09_781922	4	86980089	88668581	942	0.1984
FOXED_p_TCGA_b122_128_SNP_N_GenomeWideSNP_6_A09_781922	4	88668945	88672536	19	0.5511
FOXED_p_TCGA_b122_128_SNP_N_GenomeWideSNP_6_A09_781922	4	88672614	88765002	128	0.1506
FOXED_p_TCGA_b122_128_SNP_N_GenomeWideSNP_6_A09_781922	4	88767008	88770817	11	-0.3362
FOXED_p_TCGA_b122_128_SNP_N_GenomeWideSNP_6_A09_781922	4	88770844	92275757	2172	0.199
FOXED_p_TCGA_b122_128_SNP_N_GenomeWideSNP_6_A09_781922	4	92282897	92283771	2	-2.0991
FOXED_p_TCGA_b122_128_SNP_N_GenomeWideSNP_6_A09_781922	4	92286224	92395860	54	0.1654
FOXED_p_TCGA_b122_128_SNP_N_GenomeWideSNP_6_A09_781922	4	92398689	92481535	55	0.4147
FOXED_p_TCGA_b122_128_SNP_N_GenomeWideSNP_6_A09_781922	4	92482074	94684289	1125	0.1844
FOXED_p_TCGA_b122_128_SNP_N_GenomeWideSNP_6_A09_781922	4	94687242	108050612	7933	-0.553
FOXED_p_TCGA_b122_128_SNP_N_GenomeWideSNP_6_A09_781922	4	108050955	108076023	37	-0.0589
FOXED_p_TCGA_b122_128_SNP_N_GenomeWideSNP_6_A09_781922	4	108076124	108077434	5	-1.0378
FOXED_p_TCGA_b122_128_SNP_N_GenomeWideSNP_6_A09_781922	4	108077491	115173700	4404	-0.558
FOXED_p_TCGA_b122_128_SNP_N_GenomeWideSNP_6_A09_781922	4	115175323	115179638	18	-1.1249
FOXED_p_TCGA_b122_128_SNP_N_GenomeWideSNP_6_A09_781922	4	115179655	115182175	5	-2.6392
FOXED_p_TCGA_b122_128_SNP_N_GenomeWideSNP_6_A09_781922	4	115184229	116161077	596	-0.5069
FOXED_p_TCGA_b122_128_SNP_N_GenomeWideSNP_6_A09_781922	4	116161110	116180555	41	-0.1588
FOXED_p_TCGA_b122_128_SNP_N_GenomeWideSNP_6_A09_781922	4	116182579	137938715	12491	-0.5561
FOXED_p_TCGA_b122_128_SNP_N_GenomeWideSNP_6_A09_781922	4	137938807	137967794	42	-0.1904
FOXED_p_TCGA_b122_128_SNP_N_GenomeWideSNP_6_A09_781922	4	137970653	143074059	3448	-0.5585
FOXED_p_TCGA_b122_128_SNP_N_GenomeWideSNP_6_A09_781922	4	143076406	143250157	118	-2.8147
FOXED_p_TCGA_b122_128_SNP_N_GenomeWideSNP_6_A09_781922	4	143252613	161873940	11276	-0.5504
FOXED_p_TCGA_b122_128_SNP_N_GenomeWideSNP_6_A09_781922	4	161874000	161885033	28	-0.0568
FOXED_p_TCGA_b122_128_SNP_N_GenomeWideSNP_6_A09_781922	4	161885123	182592541	13391	-0.5728
FOXED_p_TCGA_b122_128_SNP_N_GenomeWideSNP_6_A09_781922	4	182592597	182610171	19	0.3191
FOXED_p_TCGA_b122_128_SNP_N_GenomeWideSNP_6_A09_781922	4	182614559	190763808	5695	-0.5973
FOXED_p_TCGA_b122_128_SNP_N_GenomeWideSNP_6_A09_781922	4	190765403	191027923	78	0.0579
FOXED_p_TCGA_b122_128_SNP_N_GenomeWideSNP_6_A09_781922	5	15532	685748	307	-0.4312
FOXED_p_TCGA_b122_128_SNP_N_GenomeWideSNP_6_A09_781922	5	698371	781547	32	0.1073
FOXED_p_TCGA_b122_128_SNP_N_GenomeWideSNP_6_A09_781922	5	787979	12791720	9858	-0.4649
FOXED_p_TCGA_b122_128_SNP_N_GenomeWideSNP_6_A09_781922	5	12800889	12820076	10	0.5581
FOXED_p_TCGA_b122_128_SNP_N_GenomeWideSNP_6_A09_781922	5	12824411	12996578	54	-0.2655
FOXED_p_TCGA_b122_128_SNP_N_GenomeWideSNP_6_A09_781922	5	12996890	12997810	2	-2.0921
FOXED_p_TCGA_b122_128_SNP_N_GenomeWideSNP_6_A09_781922	5	12997970	15718492	1920	-0.4008
FOXED_p_TCGA_b122_128_SNP_N_GenomeWideSNP_6_A09_781922	5	15719222	15720597	11	-2.1718
FOXED_p_TCGA_b122_128_SNP_N_GenomeWideSNP_6_A09_781922	5	15723346	155472055	83930	-0.4972
FOXED_p_TCGA_b122_128_SNP_N_GenomeWideSNP_6_A09_781922	5	155472133	155495259	23	-0.045
FOXED_p_TCGA_b122_128_SNP_N_GenomeWideSNP_6_A09_781922	5	155500992	157796317	1586	-0.5465
FOXED_p_TCGA_b122_128_SNP_N_GenomeWideSNP_6_A09_781922	5	157796740	157798884	2	-2.977
FOXED_p_TCGA_b122_128_SNP_N_GenomeWideSNP_6_A09_781922	5	157801335	158826357	701	-0.5753
FOXED_p_TCGA_b122_128_SNP_N_GenomeWideSNP_6_A09_781922	5	158826493	158829527	2	-2.3857
FOXED_p_TCGA_b122_128_SNP_N_GenomeWideSNP_6_A09_781922	5	158830474	168203926	6333	-0.5386
FOXED_p_TCGA_b122_128_SNP_N_GenomeWideSNP_6_A09_781922	5	168205202	168208880	10	-1.2118
FOXED_p_TCGA_b122_128_SNP_N_GenomeWideSNP_6_A09_781922	5	168211254	178107822	6588	-0.5694
FOXED_p_TCGA_b122_128_SNP_N_GenomeWideSNP_6_A09_781922	5	178109975	178113163	3	-2.1923
FOXED_p_TCGA_b122_128_SNP_N_GenomeWideSNP_6_A09_781922	5	178118855	180374523	1359	-0.5861
FOXED_p_TCGA_b122_128_SNP_N_GenomeWideSNP_6_A09_781922	5	180378710	180417614	16	0.0793
FOXED_p_TCGA_b122_128_SNP_N_GenomeWideSNP_6_A09_781922	5	180417660	180790320	174	-0.4603
FOXED_p_TCGA_b122_128_SNP_N_GenomeWideSNP_6_A09_781922	6	149661	254283	101	-0.4335
FOXED_p_TCGA_b122_128_SNP_N_GenomeWideSNP_6_A09_781922	6	257353	294837	23	0.3009
FOXED_p_TCGA_b122_128_SNP_N_GenomeWideSNP_6_A09_781922	6	302306	365138	67	-0.0425
FOXED_p_TCGA_b122_128_SNP_N_GenomeWideSNP_6_A09_781922	6	365720	6026211	4661	-0.4489
FOXED_p_TCGA_b122_128_SNP_N_GenomeWideSNP_6_A09_781922	6	6033931	6034436	3	-2.3492
FOXED_p_TCGA_b122_128_SNP_N_GenomeWideSNP_6_A09_781922	6	6037045	29836703	16860	-0.4342
FOXED_p_TCGA_b122_128_SNP_N_GenomeWideSNP_6_A09_781922	6	29836741	29901576	39	0.1524
FOXED_p_TCGA_b122_128_SNP_N_GenomeWideSNP_6_A09_781922	6	29908469	30064857	99	-0.4339
FOXED_p_TCGA_b122_128_SNP_N_GenomeWideSNP_6_A09_781922	6	30065319	30065416	2	-3.1874
FOXED_p_TCGA_b122_128_SNP_N_GenomeWideSNP_6_A09_781922	6	30065575	32452801	1067	-0.4891
FOXED_p_TCGA_b122_128_SNP_N_GenomeWideSNP_6_A09_781922	6	32452929	32574381	38	1.0367
FOXED_p_TCGA_b122_128_SNP_N_GenomeWideSNP_6_A09_781922	6	32578970	32690027	74	-0.1833
FOXED_p_TCGA_b122_128_SNP_N_GenomeWideSNP_6_A09_781922	6	32690797	32690830	3	1.5025
FOXED_p_TCGA_b122_128_SNP_N_GenomeWideSNP_6_A09_781922	6	32692227	32703108	6	-0.3378
FOXED_p_TCGA_b122_128_SNP_N_GenomeWideSNP_6_A09_781922	6	32703162	32712384	9	0.0379
FOXED_p_TCGA_b122_128_SNP_N_GenomeWideSNP_6_A09_781922	6	32712818	41736456	5944	-0.4598
FOXED_p_TCGA_b122_128_SNP_N_GenomeWideSNP_6_A09_781922	6	41744948	42622092	481	2.394
FOXED_p_TCGA_b122_128_SNP_N_GenomeWideSNP_6_A09_781922	6	42627455	53436597	6837	1.6359
FOXED_p_TCGA_b122_128_SNP_N_GenomeWideSNP_6_A09_781922	6	53438526	53925204	412	1.2548
FOXED_p_TCGA_b122_128_SNP_N_GenomeWideSNP_6_A09_781922	6	53931067	53931855	9	-0.3699
FOXED_p_TCGA_b122_128_SNP_N_GenomeWideSNP_6_A09_781922	6	53935348	54433093	334	1.2903
FOXED_p_TCGA_b122_128_SNP_N_GenomeWideSNP_6_A09_781922	6	54434456	57038723	1556	1.7762
FOXED_p_TCGA_b122_128_SNP_N_GenomeWideSNP_6_A09_781922	6	57041914	74591858	8638	0.1596
FOXED_p_TCGA_b122_128_SNP_N_GenomeWideSNP_6_A09_781922	6	74592225	74601410	10	1.036
FOXED_p_TCGA_b122_128_SNP_N_GenomeWideSNP_6_A09_781922	6	74603555	78969065	2773	0.1599
FOXED_p_TCGA_b122_128_SNP_N_GenomeWideSNP_6_A09_781922	6	78969105	79027515	105	0.5733
FOXED_p_TCGA_b122_128_SNP_N_GenomeWideSNP_6_A09_781922	6	79027770	103734803	15499	0.1704
FOXED_p_TCGA_b122_128_SNP_N_GenomeWideSNP_6_A09_781922	6	103734816	103762061	49	0.9023
FOXED_p_TCGA_b122_128_SNP_N_GenomeWideSNP_6_A09_781922	6	103765470	170521064	44021	0.1661
FOXED_p_TCGA_b122_128_SNP_N_GenomeWideSNP_6_A09_781922	6	170532693	170532873	2	-1.9758
FOXED_p_TCGA_b122_128_SNP_N_GenomeWideSNP_6_A09_781922	6	170534152	170909362	247	0.1436
FOXED_p_TCGA_b122_128_SNP_N_GenomeWideSNP_6_A09_781922	6	170914749	171051005	7	-0.2242
FOXED_p_TCGA_b122_128_SNP_N_GenomeWideSNP_6_A09_781922	7	43355	148300	90	0.0186
FOXED_p_TCGA_b122_128_SNP_N_GenomeWideSNP_6_A09_781922	7	155066	158626	10	-0.8867
FOXED_p_TCGA_b122_128_SNP_N_GenomeWideSNP_6_A09_781922	7	161442	11600972	7204	0.1555
FOXED_p_TCGA_b122_128_SNP_N_GenomeWideSNP_6_A09_781922	7	11605015	11605508	4	-1.3152
FOXED_p_TCGA_b122_128_SNP_N_GenomeWideSNP_6_A09_781922	7	11605832	29501420	14032	0.1892
FOXED_p_TCGA_b122_128_SNP_N_GenomeWideSNP_6_A09_781922	7	29501507	29517180	22	-0.2046
FOXED_p_TCGA_b122_128_SNP_N_GenomeWideSNP_6_A09_781922	7	29517355	38387443	6209	0.16
FOXED_p_TCGA_b122_128_SNP_N_GenomeWideSNP_6_A09_781922	7	38391365	38396476	4	1.204
FOXED_p_TCGA_b122_128_SNP_N_GenomeWideSNP_6_A09_781922	7	38398047	54380373	11018	0.1535
FOXED_p_TCGA_b122_128_SNP_N_GenomeWideSNP_6_A09_781922	7	54386505	54386517	6	1.4906
FOXED_p_TCGA_b122_128_SNP_N_GenomeWideSNP_6_A09_781922	7	54393488	87670741	15902	0.1484
FOXED_p_TCGA_b122_128_SNP_N_GenomeWideSNP_6_A09_781922	7	87670851	87672392	16	-0.8012
FOXED_p_TCGA_b122_128_SNP_N_GenomeWideSNP_6_A09_781922	7	87672946	88751636	735	0.2322
FOXED_p_TCGA_b122_128_SNP_N_GenomeWideSNP_6_A09_781922	7	88751897	88754257	3	-0.81
FOXED_p_TCGA_b122_128_SNP_N_GenomeWideSNP_6_A09_781922	7	88754577	91357869	1755	0.1825
FOXED_p_TCGA_b122_128_SNP_N_GenomeWideSNP_6_A09_781922	7	91358294	91358540	3	-0.8805
FOXED_p_TCGA_b122_128_SNP_N_GenomeWideSNP_6_A09_781922	7	91358771	97417610	3794	0.1693
FOXED_p_TCGA_b122_128_SNP_N_GenomeWideSNP_6_A09_781922	7	97420649	97420652	3	-0.9504
FOXED_p_TCGA_b122_128_SNP_N_GenomeWideSNP_6_A09_781922	7	97421090	109433798	6613	0.1542
FOXED_p_TCGA_b122_128_SNP_N_GenomeWideSNP_6_A09_781922	7	109437092	109453982	36	0.7403
FOXED_p_TCGA_b122_128_SNP_N_GenomeWideSNP_6_A09_781922	7	109454229	133778652	14760	0.1709
FOXED_p_TCGA_b122_128_SNP_N_GenomeWideSNP_6_A09_781922	7	133785177	133799197	37	-1.534
FOXED_p_TCGA_b122_128_SNP_N_GenomeWideSNP_6_A09_781922	7	133806244	141763124	5198	0.1406
FOXED_p_TCGA_b122_128_SNP_N_GenomeWideSNP_6_A09_781922	7	141769643	141792107	41	-2.5496
FOXED_p_TCGA_b122_128_SNP_N_GenomeWideSNP_6_A09_781922	7	141795281	142476719	451	0.1304
FOXED_p_TCGA_b122_128_SNP_N_GenomeWideSNP_6_A09_781922	7	142476764	142486045	26	0.8987
FOXED_p_TCGA_b122_128_SNP_N_GenomeWideSNP_6_A09_781922	7	142486115	143873377	837	0.1926
FOXED_p_TCGA_b122_128_SNP_N_GenomeWideSNP_6_A09_781922	7	143873952	144066947	45	0.9087
FOXED_p_TCGA_b122_128_SNP_N_GenomeWideSNP_6_A09_781922	7	144074929	153147638	5584	0.157
FOXED_p_TCGA_b122_128_SNP_N_GenomeWideSNP_6_A09_781922	7	153147645	153147712	2	-2.7798
FOXED_p_TCGA_b122_128_SNP_N_GenomeWideSNP_6_A09_781922	7	153147715	155879851	2089	0.156
FOXED_p_TCGA_b122_128_SNP_N_GenomeWideSNP_6_A09_781922	7	155882317	155886212	7	-1.1666
FOXED_p_TCGA_b122_128_SNP_N_GenomeWideSNP_6_A09_781922	7	155887046	157754923	1170	0.1548
FOXED_p_TCGA_b122_128_SNP_N_GenomeWideSNP_6_A09_781922	7	157754963	157756400	6	-0.8728
FOXED_p_TCGA_b122_128_SNP_N_GenomeWideSNP_6_A09_781922	7	157756463	159127004	844	0.1298
FOXED_p_TCGA_b122_128_SNP_N_GenomeWideSNP_6_A09_781922	8	31254	38787577	30611	-0.6017
FOXED_p_TCGA_b122_128_SNP_N_GenomeWideSNP_6_A09_781922	8	38794561	39120987	146	0.5876
FOXED_p_TCGA_b122_128_SNP_N_GenomeWideSNP_6_A09_781922	8	39123690	39230659	60	-0.5169
FOXED_p_TCGA_b122_128_SNP_N_GenomeWideSNP_6_A09_781922	8	39235603	39386965	59	0.3611
FOXED_p_TCGA_b122_128_SNP_N_GenomeWideSNP_6_A09_781922	8	39388299	43109685	2403	-0.597
FOXED_p_TCGA_b122_128_SNP_N_GenomeWideSNP_6_A09_781922	8	43112492	43285227	68	0.5548
FOXED_p_TCGA_b122_128_SNP_N_GenomeWideSNP_6_A09_781922	8	43292720	43630633	80	-0.5437
FOXED_p_TCGA_b122_128_SNP_N_GenomeWideSNP_6_A09_781922	8	43637039	43762681	24	0.1706
FOXED_p_TCGA_b122_128_SNP_N_GenomeWideSNP_6_A09_781922	8	43767226	43783984	4	-0.366
FOXED_p_TCGA_b122_128_SNP_N_GenomeWideSNP_6_A09_781922	8	43786802	58762889	7095	0.8788
FOXED_p_TCGA_b122_128_SNP_N_GenomeWideSNP_6_A09_781922	8	58762993	58763054	3	-0.5782
FOXED_p_TCGA_b122_128_SNP_N_GenomeWideSNP_6_A09_781922	8	58771278	70206603	7026	0.8869
FOXED_p_TCGA_b122_128_SNP_N_GenomeWideSNP_6_A09_781922	8	70207597	70208291	6	-0.0708
FOXED_p_TCGA_b122_128_SNP_N_GenomeWideSNP_6_A09_781922	8	70208317	70952673	503	0.8656
FOXED_p_TCGA_b122_128_SNP_N_GenomeWideSNP_6_A09_781922	8	70952739	70954834	8	0.2222
FOXED_p_TCGA_b122_128_SNP_N_GenomeWideSNP_6_A09_781922	8	70961161	100236940	17541	0.881
FOXED_p_TCGA_b122_128_SNP_N_GenomeWideSNP_6_A09_781922	8	100237060	100342614	48	0.4962
FOXED_p_TCGA_b122_128_SNP_N_GenomeWideSNP_6_A09_781922	8	100344845	112291494	7259	0.8647
FOXED_p_TCGA_b122_128_SNP_N_GenomeWideSNP_6_A09_781922	8	112294279	112295245	9	-1.6092
FOXED_p_TCGA_b122_128_SNP_N_GenomeWideSNP_6_A09_781922	8	112295260	112915251	317	0.859
FOXED_p_TCGA_b122_128_SNP_N_GenomeWideSNP_6_A09_781922	8	112923339	112990823	30	1.352
FOXED_p_TCGA_b122_128_SNP_N_GenomeWideSNP_6_A09_781922	8	112992207	120152010	4630	0.8764
FOXED_p_TCGA_b122_128_SNP_N_GenomeWideSNP_6_A09_781922	8	120154784	120159446	4	1.8849
FOXED_p_TCGA_b122_128_SNP_N_GenomeWideSNP_6_A09_781922	8	120162854	128442469	5685	0.8672
FOXED_p_TCGA_b122_128_SNP_N_GenomeWideSNP_6_A09_781922	8	128447549	128452766	2	-1.5489
FOXED_p_TCGA_b122_128_SNP_N_GenomeWideSNP_6_A09_781922	8	128453765	143128774	11149	0.8562
FOXED_p_TCGA_b122_128_SNP_N_GenomeWideSNP_6_A09_781922	8	143128775	143130738	3	-0.5613
FOXED_p_TCGA_b122_128_SNP_N_GenomeWideSNP_6_A09_781922	8	143136640	144309755	492	0.8282
FOXED_p_TCGA_b122_128_SNP_N_GenomeWideSNP_6_A09_781922	8	144309792	144310617	9	0.1375
FOXED_p_TCGA_b122_128_SNP_N_GenomeWideSNP_6_A09_781922	8	144314377	144692333	114	0.8713
FOXED_p_TCGA_b122_128_SNP_N_GenomeWideSNP_6_A09_781922	8	144693850	144698933	4	0.0611
FOXED_p_TCGA_b122_128_SNP_N_GenomeWideSNP_6_A09_781922	8	144699157	145524542	201	0.8558
FOXED_p_TCGA_b122_128_SNP_N_GenomeWideSNP_6_A09_781922	8	145531605	145647709	33	0.0797
FOXED_p_TCGA_b122_128_SNP_N_GenomeWideSNP_6_A09_781922	8	145647743	146298155	282	0.8536
FOXED_p_TCGA_b122_128_SNP_N_GenomeWideSNP_6_A09_781922	9	46587	22492889	19832	-0.5753
FOXED_p_TCGA_b122_128_SNP_N_GenomeWideSNP_6_A09_781922	9	22501913	22502699	2	-3.8893
FOXED_p_TCGA_b122_128_SNP_N_GenomeWideSNP_6_A09_781922	9	22509340	23361805	581	-0.5591
FOXED_p_TCGA_b122_128_SNP_N_GenomeWideSNP_6_A09_781922	9	23363115	23373484	8	-1.9297
FOXED_p_TCGA_b122_128_SNP_N_GenomeWideSNP_6_A09_781922	9	23378488	28186119	3667	-0.5763
FOXED_p_TCGA_b122_128_SNP_N_GenomeWideSNP_6_A09_781922	9	28186821	28192479	5	-1.8122
FOXED_p_TCGA_b122_128_SNP_N_GenomeWideSNP_6_A09_781922	9	28193030	28347679	125	-4.2345
FOXED_p_TCGA_b122_128_SNP_N_GenomeWideSNP_6_A09_781922	9	28355725	29432806	777	-0.5633
FOXED_p_TCGA_b122_128_SNP_N_GenomeWideSNP_6_A09_781922	9	29434257	29434605	2	-2.2129
FOXED_p_TCGA_b122_128_SNP_N_GenomeWideSNP_6_A09_781922	9	29435030	31728500	1593	-0.5611
FOXED_p_TCGA_b122_128_SNP_N_GenomeWideSNP_6_A09_781922	9	31732620	36963222	3278	0.1396
FOXED_p_TCGA_b122_128_SNP_N_GenomeWideSNP_6_A09_781922	9	36963805	37659365	406	-0.5926
FOXED_p_TCGA_b122_128_SNP_N_GenomeWideSNP_6_A09_781922	9	37663038	40508680	966	0.1599
FOXED_p_TCGA_b122_128_SNP_N_GenomeWideSNP_6_A09_781922	9	40513042	40562022	8	-0.8191
FOXED_p_TCGA_b122_128_SNP_N_GenomeWideSNP_6_A09_781922	9	40585775	41733631	49	0.0298
FOXED_p_TCGA_b122_128_SNP_N_GenomeWideSNP_6_A09_781922	9	41842529	41985187	9	1.0532
FOXED_p_TCGA_b122_128_SNP_N_GenomeWideSNP_6_A09_781922	9	42023107	43187967	24	0.1184
FOXED_p_TCGA_b122_128_SNP_N_GenomeWideSNP_6_A09_781922	9	43315670	43790346	40	-1.3664
FOXED_p_TCGA_b122_128_SNP_N_GenomeWideSNP_6_A09_781922	9	43800186	44629223	50	0.1704
FOXED_p_TCGA_b122_128_SNP_N_GenomeWideSNP_6_A09_781922	9	44727859	44837527	34	0.6751
FOXED_p_TCGA_b122_128_SNP_N_GenomeWideSNP_6_A09_781922	9	44840918	69505946	288	-0.0222
FOXED_p_TCGA_b122_128_SNP_N_GenomeWideSNP_6_A09_781922	9	69507716	69522825	9	-1.6335
FOXED_p_TCGA_b122_128_SNP_N_GenomeWideSNP_6_A09_781922	9	69533038	69630339	9	0.1647
FOXED_p_TCGA_b122_128_SNP_N_GenomeWideSNP_6_A09_781922	9	69637154	69807016	8	-1.0431
FOXED_p_TCGA_b122_128_SNP_N_GenomeWideSNP_6_A09_781922	9	69810430	79769394	6587	0.1723
FOXED_p_TCGA_b122_128_SNP_N_GenomeWideSNP_6_A09_781922	9	79770398	79776364	25	0.6677
FOXED_p_TCGA_b122_128_SNP_N_GenomeWideSNP_6_A09_781922	9	79777068	82951897	2201	0.1496
FOXED_p_TCGA_b122_128_SNP_N_GenomeWideSNP_6_A09_781922	9	82954647	82960249	4	-0.7607
FOXED_p_TCGA_b122_128_SNP_N_GenomeWideSNP_6_A09_781922	9	82961703	90522594	5501	0.1442
FOXED_p_TCGA_b122_128_SNP_N_GenomeWideSNP_6_A09_781922	9	90554151	90554219	2	1.6486
FOXED_p_TCGA_b122_128_SNP_N_GenomeWideSNP_6_A09_781922	9	90557957	141071527	33796	0.1532
FOXED_p_TCGA_b122_128_SNP_N_GenomeWideSNP_6_A09_781922	9	141071940	141091394	6	-0.3433
FOXED_p_TCGA_b122_128_SNP_N_GenomeWideSNP_6_A09_781922	10	72759	1752021	1157	0.1479
FOXED_p_TCGA_b122_128_SNP_N_GenomeWideSNP_6_A09_781922	10	1752912	1753561	2	-1.3832
FOXED_p_TCGA_b122_128_SNP_N_GenomeWideSNP_6_A09_781922	10	1756131	6411215	4265	0.1642
FOXED_p_TCGA_b122_128_SNP_N_GenomeWideSNP_6_A09_781922	10	6411357	6411481	5	1.252
FOXED_p_TCGA_b122_128_SNP_N_GenomeWideSNP_6_A09_781922	10	6418754	18083562	9469	0.1296
FOXED_p_TCGA_b122_128_SNP_N_GenomeWideSNP_6_A09_781922	10	18106443	18199813	10	0.8199
FOXED_p_TCGA_b122_128_SNP_N_GenomeWideSNP_6_A09_781922	10	18223647	19394383	930	0.2006
FOXED_p_TCGA_b122_128_SNP_N_GenomeWideSNP_6_A09_781922	10	19397235	19457172	48	-0.4155
FOXED_p_TCGA_b122_128_SNP_N_GenomeWideSNP_6_A09_781922	10	19462381	20784248	1111	0.1976
FOXED_p_TCGA_b122_128_SNP_N_GenomeWideSNP_6_A09_781922	10	20790084	20815705	24	0.8085
FOXED_p_TCGA_b122_128_SNP_N_GenomeWideSNP_6_A09_781922	10	20821896	27587531	4447	0.1418
FOXED_p_TCGA_b122_128_SNP_N_GenomeWideSNP_6_A09_781922	10	27593427	27597438	2	-1.6939
FOXED_p_TCGA_b122_128_SNP_N_GenomeWideSNP_6_A09_781922	10	27607185	43524628	8203	0.1375
FOXED_p_TCGA_b122_128_SNP_N_GenomeWideSNP_6_A09_781922	10	43524701	43525742	2	-1.4894
FOXED_p_TCGA_b122_128_SNP_N_GenomeWideSNP_6_A09_781922	10	43526023	43612965	108	0.1255
FOXED_p_TCGA_b122_128_SNP_N_GenomeWideSNP_6_A09_781922	10	43613038	43614207	13	-0.3584
FOXED_p_TCGA_b122_128_SNP_N_GenomeWideSNP_6_A09_781922	10	43614348	47419711	1973	0.0957
FOXED_p_TCGA_b122_128_SNP_N_GenomeWideSNP_6_A09_781922	10	47541189	47631977	72	0.7209
FOXED_p_TCGA_b122_128_SNP_N_GenomeWideSNP_6_A09_781922	10	47632221	47632340	4	-0.1594
FOXED_p_TCGA_b122_128_SNP_N_GenomeWideSNP_6_A09_781922	10	47632364	47742076	113	0.5755
FOXED_p_TCGA_b122_128_SNP_N_GenomeWideSNP_6_A09_781922	10	47743501	61364115	8772	0.1617
FOXED_p_TCGA_b122_128_SNP_N_GenomeWideSNP_6_A09_781922	10	61364130	61365264	7	-2.0117
FOXED_p_TCGA_b122_128_SNP_N_GenomeWideSNP_6_A09_781922	10	61365482	67306276	4027	0.1653
FOXED_p_TCGA_b122_128_SNP_N_GenomeWideSNP_6_A09_781922	10	67307923	67314446	28	-2.1019
FOXED_p_TCGA_b122_128_SNP_N_GenomeWideSNP_6_A09_781922	10	67322795	86540691	12907	0.1381
FOXED_p_TCGA_b122_128_SNP_N_GenomeWideSNP_6_A09_781922	10	86545292	87971820	1071	-0.5968
FOXED_p_TCGA_b122_128_SNP_N_GenomeWideSNP_6_A09_781922	10	87972161	87974029	2	-3.3011
FOXED_p_TCGA_b122_128_SNP_N_GenomeWideSNP_6_A09_781922	10	87975491	88976597	492	-0.5952
FOXED_p_TCGA_b122_128_SNP_N_GenomeWideSNP_6_A09_781922	10	89018962	89112629	19	0.2043
FOXED_p_TCGA_b122_128_SNP_N_GenomeWideSNP_6_A09_781922	10	89112893	115053489	16906	-0.5807
FOXED_p_TCGA_b122_128_SNP_N_GenomeWideSNP_6_A09_781922	10	115058387	117245525	1525	0.1879
FOXED_p_TCGA_b122_128_SNP_N_GenomeWideSNP_6_A09_781922	10	117252785	117362834	75	-0.7189
FOXED_p_TCGA_b122_128_SNP_N_GenomeWideSNP_6_A09_781922	10	117365364	135506704	13287	0.1487
FOXED_p_TCGA_b122_128_SNP_N_GenomeWideSNP_6_A09_781922	11	198510	4968117	2478	0.138
FOXED_p_TCGA_b122_128_SNP_N_GenomeWideSNP_6_A09_781922	11	4968510	4976272	30	-1.6806
FOXED_p_TCGA_b122_128_SNP_N_GenomeWideSNP_6_A09_781922	11	4976334	5522151	553	0.1444
FOXED_p_TCGA_b122_128_SNP_N_GenomeWideSNP_6_A09_781922	11	5522175	5522564	5	-1.0142
FOXED_p_TCGA_b122_128_SNP_N_GenomeWideSNP_6_A09_781922	11	5523593	5782959	233	0.1513
FOXED_p_TCGA_b122_128_SNP_N_GenomeWideSNP_6_A09_781922	11	5782976	5808340	36	0.4821
FOXED_p_TCGA_b122_128_SNP_N_GenomeWideSNP_6_A09_781922	11	5808376	18951693	9451	0.1597
FOXED_p_TCGA_b122_128_SNP_N_GenomeWideSNP_6_A09_781922	11	18951931	18961613	34	-0.1692
FOXED_p_TCGA_b122_128_SNP_N_GenomeWideSNP_6_A09_781922	11	18961653	49757502	21099	0.1475
FOXED_p_TCGA_b122_128_SNP_N_GenomeWideSNP_6_A09_781922	11	49757591	49760688	12	-0.4678
FOXED_p_TCGA_b122_128_SNP_N_GenomeWideSNP_6_A09_781922	11	49766161	55363340	752	0.1435
FOXED_p_TCGA_b122_128_SNP_N_GenomeWideSNP_6_A09_781922	11	55374032	55439990	47	-0.4321
FOXED_p_TCGA_b122_128_SNP_N_GenomeWideSNP_6_A09_781922	11	55442318	81558790	14675	0.1369
FOXED_p_TCGA_b122_128_SNP_N_GenomeWideSNP_6_A09_781922	11	81567538	81681585	98	0.5662
FOXED_p_TCGA_b122_128_SNP_N_GenomeWideSNP_6_A09_781922	11	81685129	90112146	5368	0.1549
FOXED_p_TCGA_b122_128_SNP_N_GenomeWideSNP_6_A09_781922	11	90113345	90219142	90	-0.7168
FOXED_p_TCGA_b122_128_SNP_N_GenomeWideSNP_6_A09_781922	11	90227163	101594384	8437	0.1517
FOXED_p_TCGA_b122_128_SNP_N_GenomeWideSNP_6_A09_781922	11	101597860	101597964	4	1.1248
FOXED_p_TCGA_b122_128_SNP_N_GenomeWideSNP_6_A09_781922	11	101598212	107230624	3809	0.1518
FOXED_p_TCGA_b122_128_SNP_N_GenomeWideSNP_6_A09_781922	11	107230719	107286943	26	0.5215
FOXED_p_TCGA_b122_128_SNP_N_GenomeWideSNP_6_A09_781922	11	107287139	123034767	10866	0.1475
FOXED_p_TCGA_b122_128_SNP_N_GenomeWideSNP_6_A09_781922	11	123034815	123038349	6	-0.8345
FOXED_p_TCGA_b122_128_SNP_N_GenomeWideSNP_6_A09_781922	11	123038840	130977407	5889	0.1425
FOXED_p_TCGA_b122_128_SNP_N_GenomeWideSNP_6_A09_781922	11	130977695	130983155	10	-0.3567
FOXED_p_TCGA_b122_128_SNP_N_GenomeWideSNP_6_A09_781922	11	130983182	131426411	421	0.1536
FOXED_p_TCGA_b122_128_SNP_N_GenomeWideSNP_6_A09_781922	11	131426800	131427037	3	1.0268
FOXED_p_TCGA_b122_128_SNP_N_GenomeWideSNP_6_A09_781922	11	131430922	134944770	2748	0.1041
FOXED_p_TCGA_b122_128_SNP_N_GenomeWideSNP_6_A09_781922	12	150442	869198	420	-0.6958
FOXED_p_TCGA_b122_128_SNP_N_GenomeWideSNP_6_A09_781922	12	869263	874029	16	-2.5001
FOXED_p_TCGA_b122_128_SNP_N_GenomeWideSNP_6_A09_781922	12	875354	3427655	1712	-0.5963
FOXED_p_TCGA_b122_128_SNP_N_GenomeWideSNP_6_A09_781922	12	3427738	3428428	2	-2.6581
FOXED_p_TCGA_b122_128_SNP_N_GenomeWideSNP_6_A09_781922	12	3428759	8558488	3453	-0.6206
FOXED_p_TCGA_b122_128_SNP_N_GenomeWideSNP_6_A09_781922	12	8558636	8584672	21	0.017
FOXED_p_TCGA_b122_128_SNP_N_GenomeWideSNP_6_A09_781922	12	8594894	11219423	1626	-0.6177
FOXED_p_TCGA_b122_128_SNP_N_GenomeWideSNP_6_A09_781922	12	11220724	11241532	12	0.2153
FOXED_p_TCGA_b122_128_SNP_N_GenomeWideSNP_6_A09_781922	12	11251874	21129574	6664	-0.5643
FOXED_p_TCGA_b122_128_SNP_N_GenomeWideSNP_6_A09_781922	12	21133179	21144302	18	0.0665
FOXED_p_TCGA_b122_128_SNP_N_GenomeWideSNP_6_A09_781922	12	21144431	21144506	3	-1.0766
FOXED_p_TCGA_b122_128_SNP_N_GenomeWideSNP_6_A09_781922	12	21144542	22185690	666	0.1543
FOXED_p_TCGA_b122_128_SNP_N_GenomeWideSNP_6_A09_781922	12	22188210	22765302	421	-0.5406
FOXED_p_TCGA_b122_128_SNP_N_GenomeWideSNP_6_A09_781922	12	22766988	22906722	105	-0.2581
FOXED_p_TCGA_b122_128_SNP_N_GenomeWideSNP_6_A09_781922	12	22907119	24320866	959	-0.5821
FOXED_p_TCGA_b122_128_SNP_N_GenomeWideSNP_6_A09_781922	12	24322138	24710465	295	0.1183
FOXED_p_TCGA_b122_128_SNP_N_GenomeWideSNP_6_A09_781922	12	24713553	24729283	5	-0.2522
FOXED_p_TCGA_b122_128_SNP_N_GenomeWideSNP_6_A09_781922	12	24729356	24773285	28	-0.8085
FOXED_p_TCGA_b122_128_SNP_N_GenomeWideSNP_6_A09_781922	12	24776644	24948042	124	-0.334
FOXED_p_TCGA_b122_128_SNP_N_GenomeWideSNP_6_A09_781922	12	24950550	24967435	15	0.2067
FOXED_p_TCGA_b122_128_SNP_N_GenomeWideSNP_6_A09_781922	12	24967470	24979395	21	-0.2357
FOXED_p_TCGA_b122_128_SNP_N_GenomeWideSNP_6_A09_781922	12	24981267	26442002	1226	0.3621
FOXED_p_TCGA_b122_128_SNP_N_GenomeWideSNP_6_A09_781922	12	26442052	28856963	1683	-0.2705
FOXED_p_TCGA_b122_128_SNP_N_GenomeWideSNP_6_A09_781922	12	28860929	31171312	1897	-0.5823
FOXED_p_TCGA_b122_128_SNP_N_GenomeWideSNP_6_A09_781922	12	31172897	31184034	6	-2.4631
FOXED_p_TCGA_b122_128_SNP_N_GenomeWideSNP_6_A09_781922	12	31184139	34854498	2250	-0.5422
FOXED_p_TCGA_b122_128_SNP_N_GenomeWideSNP_6_A09_781922	12	37857751	99791814	38595	0.1595
FOXED_p_TCGA_b122_128_SNP_N_GenomeWideSNP_6_A09_781922	12	99795293	99798734	31	-0.4935
FOXED_p_TCGA_b122_128_SNP_N_GenomeWideSNP_6_A09_781922	12	99803093	104694753	3118	0.1497
FOXED_p_TCGA_b122_128_SNP_N_GenomeWideSNP_6_A09_781922	12	104697102	104697314	2	-1.3313
FOXED_p_TCGA_b122_128_SNP_N_GenomeWideSNP_6_A09_781922	12	104698203	133778189	19655	0.1338
FOXED_p_TCGA_b122_128_SNP_N_GenomeWideSNP_6_A09_781922	13	19026949	26850638	5343	0.1541
FOXED_p_TCGA_b122_128_SNP_N_GenomeWideSNP_6_A09_781922	13	26859547	28650810	1413	1.9219
FOXED_p_TCGA_b122_128_SNP_N_GenomeWideSNP_6_A09_781922	13	28652223	28652314	2	0.0433
FOXED_p_TCGA_b122_128_SNP_N_GenomeWideSNP_6_A09_781922	13	28653242	28670039	20	1.6915
FOXED_p_TCGA_b122_128_SNP_N_GenomeWideSNP_6_A09_781922	13	28670374	28670420	2	0.0808
FOXED_p_TCGA_b122_128_SNP_N_GenomeWideSNP_6_A09_781922	13	28670556	29452907	544	1.8133
FOXED_p_TCGA_b122_128_SNP_N_GenomeWideSNP_6_A09_781922	13	29457363	29868802	286	2.2122
FOXED_p_TCGA_b122_128_SNP_N_GenomeWideSNP_6_A09_781922	13	29868868	31310579	1088	1.9666
FOXED_p_TCGA_b122_128_SNP_N_GenomeWideSNP_6_A09_781922	13	31310919	31322019	32	1.5036
FOXED_p_TCGA_b122_128_SNP_N_GenomeWideSNP_6_A09_781922	13	31323342	31405422	66	1.8475
FOXED_p_TCGA_b122_128_SNP_N_GenomeWideSNP_6_A09_781922	13	31408076	32490930	817	-0.6341
FOXED_p_TCGA_b122_128_SNP_N_GenomeWideSNP_6_A09_781922	13	32501940	38071135	3953	0.0043
FOXED_p_TCGA_b122_128_SNP_N_GenomeWideSNP_6_A09_781922	13	38072036	38084757	16	-2.0869
FOXED_p_TCGA_b122_128_SNP_N_GenomeWideSNP_6_A09_781922	13	38088330	76070771	24238	0.0404
FOXED_p_TCGA_b122_128_SNP_N_GenomeWideSNP_6_A09_781922	13	76071027	77071122	756	-0.5978
FOXED_p_TCGA_b122_128_SNP_N_GenomeWideSNP_6_A09_781922	13	77071461	101969985	15938	0.0274
FOXED_p_TCGA_b122_128_SNP_N_GenomeWideSNP_6_A09_781922	13	101970556	101973931	2	-1.7729
FOXED_p_TCGA_b122_128_SNP_N_GenomeWideSNP_6_A09_781922	13	101974163	102701603	634	0.0147
FOXED_p_TCGA_b122_128_SNP_N_GenomeWideSNP_6_A09_781922	13	102701898	102703649	3	-1.6369
FOXED_p_TCGA_b122_128_SNP_N_GenomeWideSNP_6_A09_781922	13	102706356	115108397	9177	0.0399
FOXED_p_TCGA_b122_128_SNP_N_GenomeWideSNP_6_A09_781922	14	19002124	20259963	109	0.1284
FOXED_p_TCGA_b122_128_SNP_N_GenomeWideSNP_6_A09_781922	14	20263276	20400795	67	-0.2304
FOXED_p_TCGA_b122_128_SNP_N_GenomeWideSNP_6_A09_781922	14	20401059	22607502	1564	0.1891
FOXED_p_TCGA_b122_128_SNP_N_GenomeWideSNP_6_A09_781922	14	22611312	22612288	9	-0.378
FOXED_p_TCGA_b122_128_SNP_N_GenomeWideSNP_6_A09_781922	14	22613461	41608358	12094	0.1682
FOXED_p_TCGA_b122_128_SNP_N_GenomeWideSNP_6_A09_781922	14	41610496	41657349	14	-2.0576
FOXED_p_TCGA_b122_128_SNP_N_GenomeWideSNP_6_A09_781922	14	41670102	46590910	2869	0.1401
FOXED_p_TCGA_b122_128_SNP_N_GenomeWideSNP_6_A09_781922	14	46592058	46592177	2	-1.3969
FOXED_p_TCGA_b122_128_SNP_N_GenomeWideSNP_6_A09_781922	14	46592900	74001123	17625	0.1602
FOXED_p_TCGA_b122_128_SNP_N_GenomeWideSNP_6_A09_781922	14	74006707	74020979	8	0.8498
FOXED_p_TCGA_b122_128_SNP_N_GenomeWideSNP_6_A09_781922	14	74029900	106538062	20826	0.1422
FOXED_p_TCGA_b122_128_SNP_N_GenomeWideSNP_6_A09_781922	14	106541753	106561441	12	1.2048
FOXED_p_TCGA_b122_128_SNP_N_GenomeWideSNP_6_A09_781922	14	106567100	107285437	418	0.189
FOXED_p_TCGA_b122_128_SNP_N_GenomeWideSNP_6_A09_781922	15	20016328	20231906	50	0.1478
FOXED_p_TCGA_b122_128_SNP_N_GenomeWideSNP_6_A09_781922	15	20246372	20578421	48	0.4503
FOXED_p_TCGA_b122_128_SNP_N_GenomeWideSNP_6_A09_781922	15	20581451	20581455	5	-1.0745
FOXED_p_TCGA_b122_128_SNP_N_GenomeWideSNP_6_A09_781922	15	20581562	21150275	159	0.428
FOXED_p_TCGA_b122_128_SNP_N_GenomeWideSNP_6_A09_781922	15	21154665	21173886	5	0.9567
FOXED_p_TCGA_b122_128_SNP_N_GenomeWideSNP_6_A09_781922	15	21186400	21201536	12	0.2855
FOXED_p_TCGA_b122_128_SNP_N_GenomeWideSNP_6_A09_781922	15	21210772	21238984	3	-0.6146
FOXED_p_TCGA_b122_128_SNP_N_GenomeWideSNP_6_A09_781922	15	21239105	22042518	23	0.261
FOXED_p_TCGA_b122_128_SNP_N_GenomeWideSNP_6_A09_781922	15	22042753	22673399	118	0.7217
FOXED_p_TCGA_b122_128_SNP_N_GenomeWideSNP_6_A09_781922	15	22681076	60759622	23974	0.1487
FOXED_p_TCGA_b122_128_SNP_N_GenomeWideSNP_6_A09_781922	15	60760668	60761136	2	-1.8437
FOXED_p_TCGA_b122_128_SNP_N_GenomeWideSNP_6_A09_781922	15	60766688	102429037	27681	0.1423
FOXED_p_TCGA_b122_128_SNP_N_GenomeWideSNP_6_A09_781922	15	102429053	102469040	7	0.9297
FOXED_p_TCGA_b122_128_SNP_N_GenomeWideSNP_6_A09_781922	16	60777	3102291	1053	0.117
FOXED_p_TCGA_b122_128_SNP_N_GenomeWideSNP_6_A09_781922	16	3111203	3123561	11	-0.5232
FOXED_p_TCGA_b122_128_SNP_N_GenomeWideSNP_6_A09_781922	16	3127653	16543819	10731	0.1372
FOXED_p_TCGA_b122_128_SNP_N_GenomeWideSNP_6_A09_781922	16	16555853	16657460	14	-0.7316
FOXED_p_TCGA_b122_128_SNP_N_GenomeWideSNP_6_A09_781922	16	16663576	19944363	1723	0.1471
FOXED_p_TCGA_b122_128_SNP_N_GenomeWideSNP_6_A09_781922	16	19945650	19970254	30	-0.7389
FOXED_p_TCGA_b122_128_SNP_N_GenomeWideSNP_6_A09_781922	16	19970490	23933847	2157	0.1373
FOXED_p_TCGA_b122_128_SNP_N_GenomeWideSNP_6_A09_781922	16	23934891	23943937	7	-1.02
FOXED_p_TCGA_b122_128_SNP_N_GenomeWideSNP_6_A09_781922	16	23944593	32474933	4420	0.1074
FOXED_p_TCGA_b122_128_SNP_N_GenomeWideSNP_6_A09_781922	16	32482955	32614906	33	0.6151
FOXED_p_TCGA_b122_128_SNP_N_GenomeWideSNP_6_A09_781922	16	32614918	33526620	117	0.2503
FOXED_p_TCGA_b122_128_SNP_N_GenomeWideSNP_6_A09_781922	16	33526655	33643399	46	0.549
FOXED_p_TCGA_b122_128_SNP_N_GenomeWideSNP_6_A09_781922	16	33644022	55795048	6990	0.1398
FOXED_p_TCGA_b122_128_SNP_N_GenomeWideSNP_6_A09_781922	16	55795214	55842354	26	-0.4236
FOXED_p_TCGA_b122_128_SNP_N_GenomeWideSNP_6_A09_781922	16	55842382	90287535	25090	0.142
FOXED_p_TCGA_b122_128_SNP_N_GenomeWideSNP_6_A09_781922	17	526	15512133	10005	-0.6397
FOXED_p_TCGA_b122_128_SNP_N_GenomeWideSNP_6_A09_781922	17	15513066	15557530	8	-2.1877
FOXED_p_TCGA_b122_128_SNP_N_GenomeWideSNP_6_A09_781922	17	15557740	18319862	1402	-0.5837
FOXED_p_TCGA_b122_128_SNP_N_GenomeWideSNP_6_A09_781922	17	18355392	18459272	27	-1.5362
FOXED_p_TCGA_b122_128_SNP_N_GenomeWideSNP_6_A09_781922	17	18464586	20637865	899	-0.5769
FOXED_p_TCGA_b122_128_SNP_N_GenomeWideSNP_6_A09_781922	17	20640880	39414647	8599	0.1102
FOXED_p_TCGA_b122_128_SNP_N_GenomeWideSNP_6_A09_781922	17	39418372	39430157	23	0.7595
FOXED_p_TCGA_b122_128_SNP_N_GenomeWideSNP_6_A09_781922	17	39430173	39430450	3	3.2561
FOXED_p_TCGA_b122_128_SNP_N_GenomeWideSNP_6_A09_781922	17	39430531	44116238	2473	0.1024
FOXED_p_TCGA_b122_128_SNP_N_GenomeWideSNP_6_A09_781922	17	44116872	44394420	167	0.3712
FOXED_p_TCGA_b122_128_SNP_N_GenomeWideSNP_6_A09_781922	17	44401067	44752300	45	-0.4851
FOXED_p_TCGA_b122_128_SNP_N_GenomeWideSNP_6_A09_781922	17	44764994	56212100	7369	0.0714
FOXED_p_TCGA_b122_128_SNP_N_GenomeWideSNP_6_A09_781922	17	56212514	56214094	3	-5.7206
FOXED_p_TCGA_b122_128_SNP_N_GenomeWideSNP_6_A09_781922	17	56217398	72534967	9920	0.0754
FOXED_p_TCGA_b122_128_SNP_N_GenomeWideSNP_6_A09_781922	17	72535321	72536009	2	-1.8275
FOXED_p_TCGA_b122_128_SNP_N_GenomeWideSNP_6_A09_781922	17	72536901	81049726	4331	0.0461
FOXED_p_TCGA_b122_128_SNP_N_GenomeWideSNP_6_A09_781922	18	11543	478887	310	-0.6294
FOXED_p_TCGA_b122_128_SNP_N_GenomeWideSNP_6_A09_781922	18	479816	481341	2	-3.7468
FOXED_p_TCGA_b122_128_SNP_N_GenomeWideSNP_6_A09_781922	18	483753	14807770	9914	-0.6011
FOXED_p_TCGA_b122_128_SNP_N_GenomeWideSNP_6_A09_781922	18	14810458	14814638	3	-2.5043
FOXED_p_TCGA_b122_128_SNP_N_GenomeWideSNP_6_A09_781922	18	14816209	29838518	7130	-0.5542
FOXED_p_TCGA_b122_128_SNP_N_GenomeWideSNP_6_A09_781922	18	29838585	29841278	3	-2.0619
FOXED_p_TCGA_b122_128_SNP_N_GenomeWideSNP_6_A09_781922	18	29841532	61252474	21190	-0.5796
FOXED_p_TCGA_b122_128_SNP_N_GenomeWideSNP_6_A09_781922	18	61253490	62155737	649	-2.7088
FOXED_p_TCGA_b122_128_SNP_N_GenomeWideSNP_6_A09_781922	18	62160263	63200466	682	-0.5492
FOXED_p_TCGA_b122_128_SNP_N_GenomeWideSNP_6_A09_781922	18	63200479	63207211	20	0.613
FOXED_p_TCGA_b122_128_SNP_N_GenomeWideSNP_6_A09_781922	18	63207257	78014136	10776	-0.5908
FOXED_p_TCGA_b122_128_SNP_N_GenomeWideSNP_6_A09_781922	18	78014320	78015057	3	-3.1916
FOXED_p_TCGA_b122_128_SNP_N_GenomeWideSNP_6_A09_781922	19	90910	21814919	9682	0.0938
FOXED_p_TCGA_b122_128_SNP_N_GenomeWideSNP_6_A09_781922	19	21815640	21835733	10	-0.6511
FOXED_p_TCGA_b122_128_SNP_N_GenomeWideSNP_6_A09_781922	19	21836844	24385395	1530	0.0997
FOXED_p_TCGA_b122_128_SNP_N_GenomeWideSNP_6_A09_781922	19	24385411	27865904	59	0.3401
FOXED_p_TCGA_b122_128_SNP_N_GenomeWideSNP_6_A09_781922	19	27866421	43696975	9493	0.0972
FOXED_p_TCGA_b122_128_SNP_N_GenomeWideSNP_6_A09_781922	19	43697333	43753510	22	-0.6709
FOXED_p_TCGA_b122_128_SNP_N_GenomeWideSNP_6_A09_781922	19	43756237	53519538	5132	0.107
FOXED_p_TCGA_b122_128_SNP_N_GenomeWideSNP_6_A09_781922	19	53520381	53556824	25	-0.3655
FOXED_p_TCGA_b122_128_SNP_N_GenomeWideSNP_6_A09_781922	19	53558419	59097854	3410	0.0838
FOXED_p_TCGA_b122_128_SNP_N_GenomeWideSNP_6_A09_781922	20	61305	1552503	1185	0.1262
FOXED_p_TCGA_b122_128_SNP_N_GenomeWideSNP_6_A09_781922	20	1557190	1582207	57	-0.4396
FOXED_p_TCGA_b122_128_SNP_N_GenomeWideSNP_6_A09_781922	20	1590257	1593893	5	1.5409
FOXED_p_TCGA_b122_128_SNP_N_GenomeWideSNP_6_A09_781922	20	1597946	15144268	10291	0.1593
FOXED_p_TCGA_b122_128_SNP_N_GenomeWideSNP_6_A09_781922	20	15144676	15144763	2	-1.2143
FOXED_p_TCGA_b122_128_SNP_N_GenomeWideSNP_6_A09_781922	20	15150730	26305579	8530	0.1476
FOXED_p_TCGA_b122_128_SNP_N_GenomeWideSNP_6_A09_781922	20	29420352	29505830	22	-0.5164
FOXED_p_TCGA_b122_128_SNP_N_GenomeWideSNP_6_A09_781922	20	29505893	48782534	12038	0.1188
FOXED_p_TCGA_b122_128_SNP_N_GenomeWideSNP_6_A09_781922	20	48791719	48792793	2	-1.7453
FOXED_p_TCGA_b122_128_SNP_N_GenomeWideSNP_6_A09_781922	20	48794917	59111045	8184	0.1413
FOXED_p_TCGA_b122_128_SNP_N_GenomeWideSNP_6_A09_781922	20	59113709	59122693	7	-0.8338
FOXED_p_TCGA_b122_128_SNP_N_GenomeWideSNP_6_A09_781922	20	59128381	59562538	391	0.1104
FOXED_p_TCGA_b122_128_SNP_N_GenomeWideSNP_6_A09_781922	20	59564091	59564812	2	-1.8312
FOXED_p_TCGA_b122_128_SNP_N_GenomeWideSNP_6_A09_781922	20	59565245	62956153	1799	0.1057
FOXED_p_TCGA_b122_128_SNP_N_GenomeWideSNP_6_A09_781922	21	10736871	14446712	130	0.0606
FOXED_p_TCGA_b122_128_SNP_N_GenomeWideSNP_6_A09_781922	21	14452862	15072817	245	0.4627
FOXED_p_TCGA_b122_128_SNP_N_GenomeWideSNP_6_A09_781922	21	15075481	15099559	32	0.1656
FOXED_p_TCGA_b122_128_SNP_N_GenomeWideSNP_6_A09_781922	21	15100102	18380138	2160	0.5766
FOXED_p_TCGA_b122_128_SNP_N_GenomeWideSNP_6_A09_781922	21	18384338	18385997	6	-0.1033
FOXED_p_TCGA_b122_128_SNP_N_GenomeWideSNP_6_A09_781922	21	18386761	44005163	19485	0.5527
FOXED_p_TCGA_b122_128_SNP_N_GenomeWideSNP_6_A09_781922	21	44005201	44007541	5	-1.313
FOXED_p_TCGA_b122_128_SNP_N_GenomeWideSNP_6_A09_781922	21	44015172	44968053	595	0.5237
FOXED_p_TCGA_b122_128_SNP_N_GenomeWideSNP_6_A09_781922	21	44970873	44972812	2	2.0766
FOXED_p_TCGA_b122_128_SNP_N_GenomeWideSNP_6_A09_781922	21	44973667	48079845	1754	0.5227
FOXED_p_TCGA_b122_128_SNP_N_GenomeWideSNP_6_A09_781922	21	48082692	48096957	12	0.251
FOXED_p_TCGA_b122_128_SNP_N_GenomeWideSNP_6_A09_781922	22	16052528	16894090	104	-0.2424
FOXED_p_TCGA_b122_128_SNP_N_GenomeWideSNP_6_A09_781922	22	16894196	17624943	372	-0.5157
FOXED_p_TCGA_b122_128_SNP_N_GenomeWideSNP_6_A09_781922	22	17625920	17626665	2	-3.7887
FOXED_p_TCGA_b122_128_SNP_N_GenomeWideSNP_6_A09_781922	22	17630139	20204924	1611	-0.6398
FOXED_p_TCGA_b122_128_SNP_N_GenomeWideSNP_6_A09_781922	22	20205333	20211328	5	-3.0481
FOXED_p_TCGA_b122_128_SNP_N_GenomeWideSNP_6_A09_781922	22	20213678	22481498	1198	-0.5857
FOXED_p_TCGA_b122_128_SNP_N_GenomeWideSNP_6_A09_781922	22	22484778	22508756	90	-0.2853
FOXED_p_TCGA_b122_128_SNP_N_GenomeWideSNP_6_A09_781922	22	22508796	51234455	20040	-0.6422
FOXED_p_TCGA_b122_128_SNP_N_GenomeWideSNP_6_A09_781922	X	168477	5158364	1911	0.475
FOXED_p_TCGA_b122_128_SNP_N_GenomeWideSNP_6_A09_781922	X	5160947	5162224	2	-2.88
FOXED_p_TCGA_b122_128_SNP_N_GenomeWideSNP_6_A09_781922	X	5165812	5575936	337	0.4331
FOXED_p_TCGA_b122_128_SNP_N_GenomeWideSNP_6_A09_781922	X	5576221	5578860	2	-1.6279
FOXED_p_TCGA_b122_128_SNP_N_GenomeWideSNP_6_A09_781922	X	5579703	11951751	4654	0.5207
FOXED_p_TCGA_b122_128_SNP_N_GenomeWideSNP_6_A09_781922	X	11952956	11961596	5	1.2654
FOXED_p_TCGA_b122_128_SNP_N_GenomeWideSNP_6_A09_781922	X	11962506	12124104	156	0.607
FOXED_p_TCGA_b122_128_SNP_N_GenomeWideSNP_6_A09_781922	X	12124570	12131060	3	-0.1774
FOXED_p_TCGA_b122_128_SNP_N_GenomeWideSNP_6_A09_781922	X	12132700	29043862	10767	0.5662
FOXED_p_TCGA_b122_128_SNP_N_GenomeWideSNP_6_A09_781922	X	29046158	31131799	1344	-0.2055
FOXED_p_TCGA_b122_128_SNP_N_GenomeWideSNP_6_A09_781922	X	31133584	38297157	4696	0.5724
FOXED_p_TCGA_b122_128_SNP_N_GenomeWideSNP_6_A09_781922	X	38297557	38298042	5	-0.3519
FOXED_p_TCGA_b122_128_SNP_N_GenomeWideSNP_6_A09_781922	X	38298928	41613051	1954	0.5845
FOXED_p_TCGA_b122_128_SNP_N_GenomeWideSNP_6_A09_781922	X	41621923	79032411	15362	-0.1735
FOXED_p_TCGA_b122_128_SNP_N_GenomeWideSNP_6_A09_781922	X	79036205	79039465	4	-5.1848
FOXED_p_TCGA_b122_128_SNP_N_GenomeWideSNP_6_A09_781922	X	79039501	155182354	43288	-0.1933
FOXED_p_TCGA_b122_128_SNP_N_GenomeWideSNP_6_A09_781922	Y	2650438	2912181	133	-2.9883
FOXED_p_TCGA_b122_128_SNP_N_GenomeWideSNP_6_A09_781922	Y	2915500	6110498	741	-2.5865
FOXED_p_TCGA_b122_128_SNP_N_GenomeWideSNP_6_A09_781922	Y	6112554	6281935	76	-4.1311
FOXED_p_TCGA_b122_128_SNP_N_GenomeWideSNP_6_A09_781922	Y	6282097	19571480	4714	-3.0741
FOXED_p_TCGA_b122_128_SNP_N_GenomeWideSNP_6_A09_781922	Y	19574890	20970746	649	-3.7251
FOXED_p_TCGA_b122_128_SNP_N_GenomeWideSNP_6_A09_781922	Y	20971498	20972173	2	-8.5123
FOXED_p_TCGA_b122_128_SNP_N_GenomeWideSNP_6_A09_781922	Y	20972409	24510518	1296	-3.1761
FOXED_p_TCGA_b122_128_SNP_N_GenomeWideSNP_6_A09_781922	Y	24514859	26218232	323	-3.7845
FOXED_p_TCGA_b122_128_SNP_N_GenomeWideSNP_6_A09_781922	Y	26222820	26408766	43	-2.9078
FOXED_p_TCGA_b122_128_SNP_N_GenomeWideSNP_6_A09_781922	Y	26409789	26412603	3	-6.4833
FOXED_p_TCGA_b122_128_SNP_N_GenomeWideSNP_6_A09_781922	Y	26417092	26517533	37	-2.8312
FOXED_p_TCGA_b122_128_SNP_N_GenomeWideSNP_6_A09_781922	Y	26526212	27240184	86	-4.3017
FOXED_p_TCGA_b122_128_SNP_N_GenomeWideSNP_6_A09_781922	Y	27254679	27720551	98	-2.8561
FOXED_p_TCGA_b122_128_SNP_N_GenomeWideSNP_6_A09_781922	Y	27721084	28452016	258	-3.78
FOXED_p_TCGA_b122_128_SNP_N_GenomeWideSNP_6_A09_781922	Y	28457337	59018259	176	-2.717
