Sample	Chromosome	Start	End	Num_Probes	Segment_Mean
USAGE_p_TCGA_132_133_136_SNP_N_GenomeWideSNP_6_A06_787484	1	61735	404171	30	0.2146
USAGE_p_TCGA_132_133_136_SNP_N_GenomeWideSNP_6_A06_787484	1	534551	25571269	14002	-0.574
USAGE_p_TCGA_132_133_136_SNP_N_GenomeWideSNP_6_A06_787484	1	25574471	25687587	53	0.0979
USAGE_p_TCGA_132_133_136_SNP_N_GenomeWideSNP_6_A06_787484	1	25688276	27508987	767	-0.5697
USAGE_p_TCGA_132_133_136_SNP_N_GenomeWideSNP_6_A06_787484	1	27519936	27689910	67	-1.6132
USAGE_p_TCGA_132_133_136_SNP_N_GenomeWideSNP_6_A06_787484	1	27690297	27703045	3	-6.8701
USAGE_p_TCGA_132_133_136_SNP_N_GenomeWideSNP_6_A06_787484	1	27704890	36930393	4927	-0.57
USAGE_p_TCGA_132_133_136_SNP_N_GenomeWideSNP_6_A06_787484	1	36932624	42003752	2926	-0.1906
USAGE_p_TCGA_132_133_136_SNP_N_GenomeWideSNP_6_A06_787484	1	42005041	42006005	2	-1.7875
USAGE_p_TCGA_132_133_136_SNP_N_GenomeWideSNP_6_A06_787484	1	42008148	48837337	3981	-0.1879
USAGE_p_TCGA_132_133_136_SNP_N_GenomeWideSNP_6_A06_787484	1	48841815	48844612	2	1.7012
USAGE_p_TCGA_132_133_136_SNP_N_GenomeWideSNP_6_A06_787484	1	48845481	72768916	16096	-0.1986
USAGE_p_TCGA_132_133_136_SNP_N_GenomeWideSNP_6_A06_787484	1	72768936	72788725	18	-0.4635
USAGE_p_TCGA_132_133_136_SNP_N_GenomeWideSNP_6_A06_787484	1	72788844	72811148	27	-1.1715
USAGE_p_TCGA_132_133_136_SNP_N_GenomeWideSNP_6_A06_787484	1	72811904	75190782	1448	-0.2028
USAGE_p_TCGA_132_133_136_SNP_N_GenomeWideSNP_6_A06_787484	1	75193035	75199290	3	-1.4037
USAGE_p_TCGA_132_133_136_SNP_N_GenomeWideSNP_6_A06_787484	1	75199784	75269284	57	-0.1996
USAGE_p_TCGA_132_133_136_SNP_N_GenomeWideSNP_6_A06_787484	1	75271072	75273866	2	2.5646
USAGE_p_TCGA_132_133_136_SNP_N_GenomeWideSNP_6_A06_787484	1	75273987	77190010	1304	-0.2181
USAGE_p_TCGA_132_133_136_SNP_N_GenomeWideSNP_6_A06_787484	1	77190312	77190465	2	-2.2192
USAGE_p_TCGA_132_133_136_SNP_N_GenomeWideSNP_6_A06_787484	1	77190725	105622533	17978	-0.205
USAGE_p_TCGA_132_133_136_SNP_N_GenomeWideSNP_6_A06_787484	1	105622940	105623553	2	2.415
USAGE_p_TCGA_132_133_136_SNP_N_GenomeWideSNP_6_A06_787484	1	105626818	106021219	224	-0.1883
USAGE_p_TCGA_132_133_136_SNP_N_GenomeWideSNP_6_A06_787484	1	106021381	106022375	10	-0.8409
USAGE_p_TCGA_132_133_136_SNP_N_GenomeWideSNP_6_A06_787484	1	106024055	108729759	1941	-0.1817
USAGE_p_TCGA_132_133_136_SNP_N_GenomeWideSNP_6_A06_787484	1	108734235	108737496	3	-1.8969
USAGE_p_TCGA_132_133_136_SNP_N_GenomeWideSNP_6_A06_787484	1	108739104	112690326	2694	-0.2227
USAGE_p_TCGA_132_133_136_SNP_N_GenomeWideSNP_6_A06_787484	1	112695965	112697241	23	0.3334
USAGE_p_TCGA_132_133_136_SNP_N_GenomeWideSNP_6_A06_787484	1	112697376	152575461	8060	-0.1149
USAGE_p_TCGA_132_133_136_SNP_N_GenomeWideSNP_6_A06_787484	1	152579449	152579468	2	2.9709
USAGE_p_TCGA_132_133_136_SNP_N_GenomeWideSNP_6_A06_787484	1	152579621	249224388	65805	0.0703
USAGE_p_TCGA_132_133_136_SNP_N_GenomeWideSNP_6_A06_787484	2	12784	34701583	24089	0.0492
USAGE_p_TCGA_132_133_136_SNP_N_GenomeWideSNP_6_A06_787484	2	34701625	34737057	43	-1.9618
USAGE_p_TCGA_132_133_136_SNP_N_GenomeWideSNP_6_A06_787484	2	34737556	52738012	13034	0.0613
USAGE_p_TCGA_132_133_136_SNP_N_GenomeWideSNP_6_A06_787484	2	52738050	52781542	47	-0.4635
USAGE_p_TCGA_132_133_136_SNP_N_GenomeWideSNP_6_A06_787484	2	52787949	59622482	4783	0.0634
USAGE_p_TCGA_132_133_136_SNP_N_GenomeWideSNP_6_A06_787484	2	59626657	59626983	3	1.6209
USAGE_p_TCGA_132_133_136_SNP_N_GenomeWideSNP_6_A06_787484	2	59627152	65716616	3461	0.0571
USAGE_p_TCGA_132_133_136_SNP_N_GenomeWideSNP_6_A06_787484	2	65718012	65718174	3	-2.6947
USAGE_p_TCGA_132_133_136_SNP_N_GenomeWideSNP_6_A06_787484	2	65718815	66541828	703	0.0587
USAGE_p_TCGA_132_133_136_SNP_N_GenomeWideSNP_6_A06_787484	2	66544371	66554587	15	-0.4396
USAGE_p_TCGA_132_133_136_SNP_N_GenomeWideSNP_6_A06_787484	2	66557236	89583907	13901	0.0624
USAGE_p_TCGA_132_133_136_SNP_N_GenomeWideSNP_6_A06_787484	2	89593755	89615442	7	-1.0218
USAGE_p_TCGA_132_133_136_SNP_N_GenomeWideSNP_6_A06_787484	2	89900336	90121364	73	-2.4053
USAGE_p_TCGA_132_133_136_SNP_N_GenomeWideSNP_6_A06_787484	2	90121415	90134820	24	-0.6525
USAGE_p_TCGA_132_133_136_SNP_N_GenomeWideSNP_6_A06_787484	2	90135885	90267103	62	-2.4465
USAGE_p_TCGA_132_133_136_SNP_N_GenomeWideSNP_6_A06_787484	2	90267121	92105338	101	-0.4505
USAGE_p_TCGA_132_133_136_SNP_N_GenomeWideSNP_6_A06_787484	2	92105547	146865079	30490	0.0544
USAGE_p_TCGA_132_133_136_SNP_N_GenomeWideSNP_6_A06_787484	2	146865094	146866934	18	1.0363
USAGE_p_TCGA_132_133_136_SNP_N_GenomeWideSNP_6_A06_787484	2	146877806	159955758	7788	0.0604
USAGE_p_TCGA_132_133_136_SNP_N_GenomeWideSNP_6_A06_787484	2	159956520	159964196	10	0.7417
USAGE_p_TCGA_132_133_136_SNP_N_GenomeWideSNP_6_A06_787484	2	159964516	164636852	2797	0.0705
USAGE_p_TCGA_132_133_136_SNP_N_GenomeWideSNP_6_A06_787484	2	164643488	164646642	6	-1.0239
USAGE_p_TCGA_132_133_136_SNP_N_GenomeWideSNP_6_A06_787484	2	164648662	185316676	13113	0.0652
USAGE_p_TCGA_132_133_136_SNP_N_GenomeWideSNP_6_A06_787484	2	185316880	185320059	4	1.6108
USAGE_p_TCGA_132_133_136_SNP_N_GenomeWideSNP_6_A06_787484	2	185325519	186361128	562	0.0759
USAGE_p_TCGA_132_133_136_SNP_N_GenomeWideSNP_6_A06_787484	2	186365061	186401619	14	-0.6259
USAGE_p_TCGA_132_133_136_SNP_N_GenomeWideSNP_6_A06_787484	2	186404131	242531522	34676	0.0624
USAGE_p_TCGA_132_133_136_SNP_N_GenomeWideSNP_6_A06_787484	2	242539664	242733055	24	0.5451
USAGE_p_TCGA_132_133_136_SNP_N_GenomeWideSNP_6_A06_787484	2	242733086	243089456	152	0.0047
USAGE_p_TCGA_132_133_136_SNP_N_GenomeWideSNP_6_A06_787484	3	60345	77037	17	-0.064
USAGE_p_TCGA_132_133_136_SNP_N_GenomeWideSNP_6_A06_787484	3	77174	127933	40	0.5865
USAGE_p_TCGA_132_133_136_SNP_N_GenomeWideSNP_6_A06_787484	3	128189	12533849	10290	0.0535
USAGE_p_TCGA_132_133_136_SNP_N_GenomeWideSNP_6_A06_787484	3	12537040	12782712	267	-0.547
USAGE_p_TCGA_132_133_136_SNP_N_GenomeWideSNP_6_A06_787484	3	12784575	13045939	155	0.1121
USAGE_p_TCGA_132_133_136_SNP_N_GenomeWideSNP_6_A06_787484	3	13047002	13079823	29	-0.6806
USAGE_p_TCGA_132_133_136_SNP_N_GenomeWideSNP_6_A06_787484	3	13080976	26612110	9275	0.0537
USAGE_p_TCGA_132_133_136_SNP_N_GenomeWideSNP_6_A06_787484	3	26612164	26612166	3	2.1513
USAGE_p_TCGA_132_133_136_SNP_N_GenomeWideSNP_6_A06_787484	3	26613201	59997112	20647	0.0685
USAGE_p_TCGA_132_133_136_SNP_N_GenomeWideSNP_6_A06_787484	3	60001202	60263721	322	-0.6586
USAGE_p_TCGA_132_133_136_SNP_N_GenomeWideSNP_6_A06_787484	3	60263928	60844642	622	0.0159
USAGE_p_TCGA_132_133_136_SNP_N_GenomeWideSNP_6_A06_787484	3	60849404	60850181	2	2.1097
USAGE_p_TCGA_132_133_136_SNP_N_GenomeWideSNP_6_A06_787484	3	60850476	68746259	6185	0.0688
USAGE_p_TCGA_132_133_136_SNP_N_GenomeWideSNP_6_A06_787484	3	68746284	68747413	13	-1.1757
USAGE_p_TCGA_132_133_136_SNP_N_GenomeWideSNP_6_A06_787484	3	68748758	162513149	55077	0.0776
USAGE_p_TCGA_132_133_136_SNP_N_GenomeWideSNP_6_A06_787484	3	162513459	162572611	31	-0.6184
USAGE_p_TCGA_132_133_136_SNP_N_GenomeWideSNP_6_A06_787484	3	162574768	186396236	14469	0.0853
USAGE_p_TCGA_132_133_136_SNP_N_GenomeWideSNP_6_A06_787484	3	186396537	186436604	44	-0.3528
USAGE_p_TCGA_132_133_136_SNP_N_GenomeWideSNP_6_A06_787484	3	186436776	197896118	7437	0.0853
USAGE_p_TCGA_132_133_136_SNP_N_GenomeWideSNP_6_A06_787484	4	12281	68911	60	-0.582
USAGE_p_TCGA_132_133_136_SNP_N_GenomeWideSNP_6_A06_787484	4	69520	10210142	5721	-0.1419
USAGE_p_TCGA_132_133_136_SNP_N_GenomeWideSNP_6_A06_787484	4	10210194	10231249	31	-1.4682
USAGE_p_TCGA_132_133_136_SNP_N_GenomeWideSNP_6_A06_787484	4	10231498	10234266	3	1.4804
USAGE_p_TCGA_132_133_136_SNP_N_GenomeWideSNP_6_A06_787484	4	10234608	104745571	58007	-0.1057
USAGE_p_TCGA_132_133_136_SNP_N_GenomeWideSNP_6_A06_787484	4	104751630	104751637	5	2.01
USAGE_p_TCGA_132_133_136_SNP_N_GenomeWideSNP_6_A06_787484	4	104751644	108068413	1877	-0.0871
USAGE_p_TCGA_132_133_136_SNP_N_GenomeWideSNP_6_A06_787484	4	108071519	108071628	3	2.0858
USAGE_p_TCGA_132_133_136_SNP_N_GenomeWideSNP_6_A06_787484	4	108071888	110053336	1215	-0.0986
USAGE_p_TCGA_132_133_136_SNP_N_GenomeWideSNP_6_A06_787484	4	110057072	110057087	2	-1.962
USAGE_p_TCGA_132_133_136_SNP_N_GenomeWideSNP_6_A06_787484	4	110057756	171255121	37276	-0.1016
USAGE_p_TCGA_132_133_136_SNP_N_GenomeWideSNP_6_A06_787484	4	171256303	171261607	2	1.7333
USAGE_p_TCGA_132_133_136_SNP_N_GenomeWideSNP_6_A06_787484	4	171262158	172369346	694	-0.1075
USAGE_p_TCGA_132_133_136_SNP_N_GenomeWideSNP_6_A06_787484	4	172374884	172377710	10	2.2575
USAGE_p_TCGA_132_133_136_SNP_N_GenomeWideSNP_6_A06_787484	4	172377724	191027923	12528	-0.1156
USAGE_p_TCGA_132_133_136_SNP_N_GenomeWideSNP_6_A06_787484	5	15532	2038142	1058	-0.2094
USAGE_p_TCGA_132_133_136_SNP_N_GenomeWideSNP_6_A06_787484	5	2044129	2071010	21	-1.1462
USAGE_p_TCGA_132_133_136_SNP_N_GenomeWideSNP_6_A06_787484	5	2072748	12785262	9122	-0.1362
USAGE_p_TCGA_132_133_136_SNP_N_GenomeWideSNP_6_A06_787484	5	12790869	12849201	19	0.8678
USAGE_p_TCGA_132_133_136_SNP_N_GenomeWideSNP_6_A06_787484	5	12857133	180790320	102789	-0.2251
USAGE_p_TCGA_132_133_136_SNP_N_GenomeWideSNP_6_A06_787484	6	149661	4253413	3362	0.0469
USAGE_p_TCGA_132_133_136_SNP_N_GenomeWideSNP_6_A06_787484	6	4255745	4478164	213	-0.9299
USAGE_p_TCGA_132_133_136_SNP_N_GenomeWideSNP_6_A06_787484	6	4478596	29850380	18183	0.0604
USAGE_p_TCGA_132_133_136_SNP_N_GenomeWideSNP_6_A06_787484	6	29871636	29917146	28	-0.4399
USAGE_p_TCGA_132_133_136_SNP_N_GenomeWideSNP_6_A06_787484	6	29918436	31280823	641	0.0795
USAGE_p_TCGA_132_133_136_SNP_N_GenomeWideSNP_6_A06_787484	6	31286276	31318164	15	0.8226
USAGE_p_TCGA_132_133_136_SNP_N_GenomeWideSNP_6_A06_787484	6	31318177	32431292	499	0.0958
USAGE_p_TCGA_132_133_136_SNP_N_GenomeWideSNP_6_A06_787484	6	32431552	32574381	43	0.8827
USAGE_p_TCGA_132_133_136_SNP_N_GenomeWideSNP_6_A06_787484	6	32578082	32690027	75	0.2172
USAGE_p_TCGA_132_133_136_SNP_N_GenomeWideSNP_6_A06_787484	6	32690797	32690830	3	1.8921
USAGE_p_TCGA_132_133_136_SNP_N_GenomeWideSNP_6_A06_787484	6	32692227	48930865	10368	0.0664
USAGE_p_TCGA_132_133_136_SNP_N_GenomeWideSNP_6_A06_787484	6	48931729	48935200	5	-1.2554
USAGE_p_TCGA_132_133_136_SNP_N_GenomeWideSNP_6_A06_787484	6	48946563	69653759	10670	0.0606
USAGE_p_TCGA_132_133_136_SNP_N_GenomeWideSNP_6_A06_787484	6	69657055	69661241	2	2.8004
USAGE_p_TCGA_132_133_136_SNP_N_GenomeWideSNP_6_A06_787484	6	69662367	74591858	3170	0.0411
USAGE_p_TCGA_132_133_136_SNP_N_GenomeWideSNP_6_A06_787484	6	74592225	74601410	10	0.8636
USAGE_p_TCGA_132_133_136_SNP_N_GenomeWideSNP_6_A06_787484	6	74603555	77027781	1506	0.0513
USAGE_p_TCGA_132_133_136_SNP_N_GenomeWideSNP_6_A06_787484	6	77032953	77033189	2	2.3208
USAGE_p_TCGA_132_133_136_SNP_N_GenomeWideSNP_6_A06_787484	6	77033209	78971712	1268	0.0461
USAGE_p_TCGA_132_133_136_SNP_N_GenomeWideSNP_6_A06_787484	6	78971781	79023677	81	0.4138
USAGE_p_TCGA_132_133_136_SNP_N_GenomeWideSNP_6_A06_787484	6	79023766	103747453	15534	0.0466
USAGE_p_TCGA_132_133_136_SNP_N_GenomeWideSNP_6_A06_787484	6	103747471	103751338	7	1.6445
USAGE_p_TCGA_132_133_136_SNP_N_GenomeWideSNP_6_A06_787484	6	103751564	157781264	34841	0.046
USAGE_p_TCGA_132_133_136_SNP_N_GenomeWideSNP_6_A06_787484	6	157787428	157796076	2	-1.8275
USAGE_p_TCGA_132_133_136_SNP_N_GenomeWideSNP_6_A06_787484	6	157796994	161030658	2148	0.0392
USAGE_p_TCGA_132_133_136_SNP_N_GenomeWideSNP_6_A06_787484	6	161030956	161031156	2	1.7716
USAGE_p_TCGA_132_133_136_SNP_N_GenomeWideSNP_6_A06_787484	6	161031185	171051005	7281	0.012
USAGE_p_TCGA_132_133_136_SNP_N_GenomeWideSNP_6_A06_787484	7	43355	44408	5	0.0788
USAGE_p_TCGA_132_133_136_SNP_N_GenomeWideSNP_6_A06_787484	7	45573	3723267	1733	0.7007
USAGE_p_TCGA_132_133_136_SNP_N_GenomeWideSNP_6_A06_787484	7	3723362	3727758	3	2.1227
USAGE_p_TCGA_132_133_136_SNP_N_GenomeWideSNP_6_A06_787484	7	3727886	4671546	779	0.7083
USAGE_p_TCGA_132_133_136_SNP_N_GenomeWideSNP_6_A06_787484	7	4671649	4683874	6	-0.4565
USAGE_p_TCGA_132_133_136_SNP_N_GenomeWideSNP_6_A06_787484	7	4685128	24035127	14661	0.7381
USAGE_p_TCGA_132_133_136_SNP_N_GenomeWideSNP_6_A06_787484	7	24039878	24040383	2	2.3415
USAGE_p_TCGA_132_133_136_SNP_N_GenomeWideSNP_6_A06_787484	7	24040817	54380373	21397	0.7235
USAGE_p_TCGA_132_133_136_SNP_N_GenomeWideSNP_6_A06_787484	7	54386505	54386517	6	-1.0336
USAGE_p_TCGA_132_133_136_SNP_N_GenomeWideSNP_6_A06_787484	7	54393488	64921898	3310	0.6953
USAGE_p_TCGA_132_133_136_SNP_N_GenomeWideSNP_6_A06_787484	7	64930428	70420438	2990	-7e-04
USAGE_p_TCGA_132_133_136_SNP_N_GenomeWideSNP_6_A06_787484	7	70423250	70426141	2	-1.7284
USAGE_p_TCGA_132_133_136_SNP_N_GenomeWideSNP_6_A06_787484	7	70428243	76505607	2402	0.0106
USAGE_p_TCGA_132_133_136_SNP_N_GenomeWideSNP_6_A06_787484	7	76509189	76509506	3	-1.58
USAGE_p_TCGA_132_133_136_SNP_N_GenomeWideSNP_6_A06_787484	7	76510559	91357854	9694	0.0241
USAGE_p_TCGA_132_133_136_SNP_N_GenomeWideSNP_6_A06_787484	7	91357869	91359033	8	1.241
USAGE_p_TCGA_132_133_136_SNP_N_GenomeWideSNP_6_A06_787484	7	91359336	126045556	20479	0.0252
USAGE_p_TCGA_132_133_136_SNP_N_GenomeWideSNP_6_A06_787484	7	126045651	126046615	10	-0.8435
USAGE_p_TCGA_132_133_136_SNP_N_GenomeWideSNP_6_A06_787484	7	126046876	126260750	143	0.0595
USAGE_p_TCGA_132_133_136_SNP_N_GenomeWideSNP_6_A06_787484	7	126261849	126262856	2	-1.953
USAGE_p_TCGA_132_133_136_SNP_N_GenomeWideSNP_6_A06_787484	7	126262995	142400845	10234	0.0126
USAGE_p_TCGA_132_133_136_SNP_N_GenomeWideSNP_6_A06_787484	7	142401704	142401786	2	1.8583
USAGE_p_TCGA_132_133_136_SNP_N_GenomeWideSNP_6_A06_787484	7	142402650	143909249	915	-0.0097
USAGE_p_TCGA_132_133_136_SNP_N_GenomeWideSNP_6_A06_787484	7	143909445	144066947	40	-0.6304
USAGE_p_TCGA_132_133_136_SNP_N_GenomeWideSNP_6_A06_787484	7	144074929	149633090	3524	0.0149
USAGE_p_TCGA_132_133_136_SNP_N_GenomeWideSNP_6_A06_787484	7	149633546	149642019	7	-1.2112
USAGE_p_TCGA_132_133_136_SNP_N_GenomeWideSNP_6_A06_787484	7	149642033	159127004	6160	-0.0122
USAGE_p_TCGA_132_133_136_SNP_N_GenomeWideSNP_6_A06_787484	8	31254	2603842	1970	-0.7178
USAGE_p_TCGA_132_133_136_SNP_N_GenomeWideSNP_6_A06_787484	8	2604187	2609475	3	1.4736
USAGE_p_TCGA_132_133_136_SNP_N_GenomeWideSNP_6_A06_787484	8	2609543	2701934	124	-0.7456
USAGE_p_TCGA_132_133_136_SNP_N_GenomeWideSNP_6_A06_787484	8	2703533	2703899	7	-2.2152
USAGE_p_TCGA_132_133_136_SNP_N_GenomeWideSNP_6_A06_787484	8	2707171	3875403	1446	-0.7023
USAGE_p_TCGA_132_133_136_SNP_N_GenomeWideSNP_6_A06_787484	8	3876317	3879543	4	-3.1965
USAGE_p_TCGA_132_133_136_SNP_N_GenomeWideSNP_6_A06_787484	8	3879883	6701133	3927	-0.6949
USAGE_p_TCGA_132_133_136_SNP_N_GenomeWideSNP_6_A06_787484	8	6709748	6710695	2	-7.1156
USAGE_p_TCGA_132_133_136_SNP_N_GenomeWideSNP_6_A06_787484	8	6710761	7215843	292	-0.6965
USAGE_p_TCGA_132_133_136_SNP_N_GenomeWideSNP_6_A06_787484	8	7215873	7787962	161	-1.1244
USAGE_p_TCGA_132_133_136_SNP_N_GenomeWideSNP_6_A06_787484	8	7798758	11949551	3262	-0.6908
USAGE_p_TCGA_132_133_136_SNP_N_GenomeWideSNP_6_A06_787484	8	11987726	11992286	3	-3.1776
USAGE_p_TCGA_132_133_136_SNP_N_GenomeWideSNP_6_A06_787484	8	11997095	15114577	2631	-0.6298
USAGE_p_TCGA_132_133_136_SNP_N_GenomeWideSNP_6_A06_787484	8	15116538	15116656	2	-3.4477
USAGE_p_TCGA_132_133_136_SNP_N_GenomeWideSNP_6_A06_787484	8	15117476	15292962	133	-0.702
USAGE_p_TCGA_132_133_136_SNP_N_GenomeWideSNP_6_A06_787484	8	15293931	15295445	2	-3.2915
USAGE_p_TCGA_132_133_136_SNP_N_GenomeWideSNP_6_A06_787484	8	15296703	23402308	6574	-0.6412
USAGE_p_TCGA_132_133_136_SNP_N_GenomeWideSNP_6_A06_787484	8	23407740	23407871	5	-2.6362
USAGE_p_TCGA_132_133_136_SNP_N_GenomeWideSNP_6_A06_787484	8	23407905	23922857	363	-0.6536
USAGE_p_TCGA_132_133_136_SNP_N_GenomeWideSNP_6_A06_787484	8	23925367	24002702	37	0.7062
USAGE_p_TCGA_132_133_136_SNP_N_GenomeWideSNP_6_A06_787484	8	24007613	24972187	736	-0.642
USAGE_p_TCGA_132_133_136_SNP_N_GenomeWideSNP_6_A06_787484	8	24974443	24974577	4	0.9123
USAGE_p_TCGA_132_133_136_SNP_N_GenomeWideSNP_6_A06_787484	8	24975500	24991289	28	0.1268
USAGE_p_TCGA_132_133_136_SNP_N_GenomeWideSNP_6_A06_787484	8	24991394	27396208	1847	-0.6314
USAGE_p_TCGA_132_133_136_SNP_N_GenomeWideSNP_6_A06_787484	8	27396547	27401142	7	0.923
USAGE_p_TCGA_132_133_136_SNP_N_GenomeWideSNP_6_A06_787484	8	27405090	29171787	1170	-0.6401
USAGE_p_TCGA_132_133_136_SNP_N_GenomeWideSNP_6_A06_787484	8	29174760	29619600	321	0.583
USAGE_p_TCGA_132_133_136_SNP_N_GenomeWideSNP_6_A06_787484	8	29622278	30150125	334	-0.6166
USAGE_p_TCGA_132_133_136_SNP_N_GenomeWideSNP_6_A06_787484	8	30159050	30451384	181	0.6278
USAGE_p_TCGA_132_133_136_SNP_N_GenomeWideSNP_6_A06_787484	8	30454132	30455588	2	-1.4708
USAGE_p_TCGA_132_133_136_SNP_N_GenomeWideSNP_6_A06_787484	8	30456095	30506094	25	0.5905
USAGE_p_TCGA_132_133_136_SNP_N_GenomeWideSNP_6_A06_787484	8	30508197	30717452	83	-0.5404
USAGE_p_TCGA_132_133_136_SNP_N_GenomeWideSNP_6_A06_787484	8	30718484	30743561	28	0.5884
USAGE_p_TCGA_132_133_136_SNP_N_GenomeWideSNP_6_A06_787484	8	30755501	31165847	275	1.2397
USAGE_p_TCGA_132_133_136_SNP_N_GenomeWideSNP_6_A06_787484	8	31170545	32429464	943	0.8875
USAGE_p_TCGA_132_133_136_SNP_N_GenomeWideSNP_6_A06_787484	8	32432369	32683965	209	-0.6685
USAGE_p_TCGA_132_133_136_SNP_N_GenomeWideSNP_6_A06_787484	8	32684025	32688413	6	1.3454
USAGE_p_TCGA_132_133_136_SNP_N_GenomeWideSNP_6_A06_787484	8	32692106	34368165	949	-0.6383
USAGE_p_TCGA_132_133_136_SNP_N_GenomeWideSNP_6_A06_787484	8	34372293	34372415	2	-2.5036
USAGE_p_TCGA_132_133_136_SNP_N_GenomeWideSNP_6_A06_787484	8	34375123	35161209	439	-0.6224
USAGE_p_TCGA_132_133_136_SNP_N_GenomeWideSNP_6_A06_787484	8	35162364	35477396	187	0.6187
USAGE_p_TCGA_132_133_136_SNP_N_GenomeWideSNP_6_A06_787484	8	35479110	35615925	84	-0.7209
USAGE_p_TCGA_132_133_136_SNP_N_GenomeWideSNP_6_A06_787484	8	35617028	35993707	163	0.6604
USAGE_p_TCGA_132_133_136_SNP_N_GenomeWideSNP_6_A06_787484	8	35995522	36825255	444	-0.6377
USAGE_p_TCGA_132_133_136_SNP_N_GenomeWideSNP_6_A06_787484	8	36827102	37264549	347	0.6325
USAGE_p_TCGA_132_133_136_SNP_N_GenomeWideSNP_6_A06_787484	8	37268474	37392861	73	-0.5903
USAGE_p_TCGA_132_133_136_SNP_N_GenomeWideSNP_6_A06_787484	8	37394958	37455059	26	0.6537
USAGE_p_TCGA_132_133_136_SNP_N_GenomeWideSNP_6_A06_787484	8	37459524	39230659	855	-0.6214
USAGE_p_TCGA_132_133_136_SNP_N_GenomeWideSNP_6_A06_787484	8	39235603	39386965	59	-1.4255
USAGE_p_TCGA_132_133_136_SNP_N_GenomeWideSNP_6_A06_787484	8	39388299	41258478	1354	-0.6513
USAGE_p_TCGA_132_133_136_SNP_N_GenomeWideSNP_6_A06_787484	8	41260643	42204296	669	0.6048
USAGE_p_TCGA_132_133_136_SNP_N_GenomeWideSNP_6_A06_787484	8	42205984	42256326	26	-0.6311
USAGE_p_TCGA_132_133_136_SNP_N_GenomeWideSNP_6_A06_787484	8	42256604	42307561	25	0.631
USAGE_p_TCGA_132_133_136_SNP_N_GenomeWideSNP_6_A06_787484	8	42315600	42354257	15	-0.6608
USAGE_p_TCGA_132_133_136_SNP_N_GenomeWideSNP_6_A06_787484	8	42356369	42660404	148	0.5669
USAGE_p_TCGA_132_133_136_SNP_N_GenomeWideSNP_6_A06_787484	8	42661243	42750786	38	-0.4765
USAGE_p_TCGA_132_133_136_SNP_N_GenomeWideSNP_6_A06_787484	8	42755229	58115275	6912	0.6176
USAGE_p_TCGA_132_133_136_SNP_N_GenomeWideSNP_6_A06_787484	8	58116550	58130025	5	-0.8697
USAGE_p_TCGA_132_133_136_SNP_N_GenomeWideSNP_6_A06_787484	8	58132798	64848636	4462	0.631
USAGE_p_TCGA_132_133_136_SNP_N_GenomeWideSNP_6_A06_787484	8	64848897	64849723	8	1.6392
USAGE_p_TCGA_132_133_136_SNP_N_GenomeWideSNP_6_A06_787484	8	64849943	112294646	28400	0.6276
USAGE_p_TCGA_132_133_136_SNP_N_GenomeWideSNP_6_A06_787484	8	112294670	112295260	6	4.2565
USAGE_p_TCGA_132_133_136_SNP_N_GenomeWideSNP_6_A06_787484	8	112300281	120152010	4975	0.6298
USAGE_p_TCGA_132_133_136_SNP_N_GenomeWideSNP_6_A06_787484	8	120154784	120159446	4	-0.6735
USAGE_p_TCGA_132_133_136_SNP_N_GenomeWideSNP_6_A06_787484	8	120162854	144699157	17453	0.6083
USAGE_p_TCGA_132_133_136_SNP_N_GenomeWideSNP_6_A06_787484	8	144705157	144707808	9	-0.2791
USAGE_p_TCGA_132_133_136_SNP_N_GenomeWideSNP_6_A06_787484	8	144718989	146293414	503	0.5756
USAGE_p_TCGA_132_133_136_SNP_N_GenomeWideSNP_6_A06_787484	8	146295555	146298155	2	-0.0342
USAGE_p_TCGA_132_133_136_SNP_N_GenomeWideSNP_6_A06_787484	9	46587	7252973	6946	0.0449
USAGE_p_TCGA_132_133_136_SNP_N_GenomeWideSNP_6_A06_787484	9	7254800	7260390	4	1.6097
USAGE_p_TCGA_132_133_136_SNP_N_GenomeWideSNP_6_A06_787484	9	7260629	11090589	3630	0.053
USAGE_p_TCGA_132_133_136_SNP_N_GenomeWideSNP_6_A06_787484	9	11092632	11098891	10	-0.6132
USAGE_p_TCGA_132_133_136_SNP_N_GenomeWideSNP_6_A06_787484	9	11100680	23361805	9872	0.0736
USAGE_p_TCGA_132_133_136_SNP_N_GenomeWideSNP_6_A06_787484	9	23363115	23373484	8	-2.2971
USAGE_p_TCGA_132_133_136_SNP_N_GenomeWideSNP_6_A06_787484	9	23378488	44629223	11009	0.0644
USAGE_p_TCGA_132_133_136_SNP_N_GenomeWideSNP_6_A06_787484	9	44727859	44837527	34	-0.9393
USAGE_p_TCGA_132_133_136_SNP_N_GenomeWideSNP_6_A06_787484	9	44840918	44875942	5	1.4791
USAGE_p_TCGA_132_133_136_SNP_N_GenomeWideSNP_6_A06_787484	9	44888127	118852684	34636	0.0511
USAGE_p_TCGA_132_133_136_SNP_N_GenomeWideSNP_6_A06_787484	9	118855224	118859383	6	1.3156
USAGE_p_TCGA_132_133_136_SNP_N_GenomeWideSNP_6_A06_787484	9	118860607	132614138	9117	0.047
USAGE_p_TCGA_132_133_136_SNP_N_GenomeWideSNP_6_A06_787484	9	132614255	132614412	3	1.6216
USAGE_p_TCGA_132_133_136_SNP_N_GenomeWideSNP_6_A06_787484	9	132614436	139120828	3944	0.0511
USAGE_p_TCGA_132_133_136_SNP_N_GenomeWideSNP_6_A06_787484	9	139121257	139217785	4	1.3168
USAGE_p_TCGA_132_133_136_SNP_N_GenomeWideSNP_6_A06_787484	9	139257287	141091394	684	0.0309
USAGE_p_TCGA_132_133_136_SNP_N_GenomeWideSNP_6_A06_787484	10	72759	4290814	3573	0.0024
USAGE_p_TCGA_132_133_136_SNP_N_GenomeWideSNP_6_A06_787484	10	4290838	4291016	3	1.8947
USAGE_p_TCGA_132_133_136_SNP_N_GenomeWideSNP_6_A06_787484	10	4294071	13049656	7341	0.0144
USAGE_p_TCGA_132_133_136_SNP_N_GenomeWideSNP_6_A06_787484	10	13049885	13050170	6	-1.3052
USAGE_p_TCGA_132_133_136_SNP_N_GenomeWideSNP_6_A06_787484	10	13050428	24377674	8301	0.0208
USAGE_p_TCGA_132_133_136_SNP_N_GenomeWideSNP_6_A06_787484	10	24377675	24378054	10	-2.063
USAGE_p_TCGA_132_133_136_SNP_N_GenomeWideSNP_6_A06_787484	10	24378908	46932195	12331	0.0153
USAGE_p_TCGA_132_133_136_SNP_N_GenomeWideSNP_6_A06_787484	10	46943377	47627179	229	-0.2841
USAGE_p_TCGA_132_133_136_SNP_N_GenomeWideSNP_6_A06_787484	10	47627571	82881330	23095	0.0104
USAGE_p_TCGA_132_133_136_SNP_N_GenomeWideSNP_6_A06_787484	10	82881805	82888153	7	-1.3585
USAGE_p_TCGA_132_133_136_SNP_N_GenomeWideSNP_6_A06_787484	10	82888269	122120878	26203	0.0031
USAGE_p_TCGA_132_133_136_SNP_N_GenomeWideSNP_6_A06_787484	10	122121097	122123394	2	-2.2307
USAGE_p_TCGA_132_133_136_SNP_N_GenomeWideSNP_6_A06_787484	10	122124448	122770678	600	-0.005
USAGE_p_TCGA_132_133_136_SNP_N_GenomeWideSNP_6_A06_787484	10	122770927	122771061	3	1.3173
USAGE_p_TCGA_132_133_136_SNP_N_GenomeWideSNP_6_A06_787484	10	122771258	123488204	809	-0.0092
USAGE_p_TCGA_132_133_136_SNP_N_GenomeWideSNP_6_A06_787484	10	123489608	123490758	2	-1.4963
USAGE_p_TCGA_132_133_136_SNP_N_GenomeWideSNP_6_A06_787484	10	123490869	135506704	8523	-0.0174
USAGE_p_TCGA_132_133_136_SNP_N_GenomeWideSNP_6_A06_787484	11	198510	4239054	1790	0.2824
USAGE_p_TCGA_132_133_136_SNP_N_GenomeWideSNP_6_A06_787484	11	4250013	4335878	26	-1.4815
USAGE_p_TCGA_132_133_136_SNP_N_GenomeWideSNP_6_A06_787484	11	4336067	4968117	662	0.2551
USAGE_p_TCGA_132_133_136_SNP_N_GenomeWideSNP_6_A06_787484	11	4968510	4973894	24	0.9063
USAGE_p_TCGA_132_133_136_SNP_N_GenomeWideSNP_6_A06_787484	11	4974029	5519684	553	0.2731
USAGE_p_TCGA_132_133_136_SNP_N_GenomeWideSNP_6_A06_787484	11	5520062	5522564	8	-0.7686
USAGE_p_TCGA_132_133_136_SNP_N_GenomeWideSNP_6_A06_787484	11	5523593	5783112	235	0.2759
USAGE_p_TCGA_132_133_136_SNP_N_GenomeWideSNP_6_A06_787484	11	5783395	5809048	35	-0.4151
USAGE_p_TCGA_132_133_136_SNP_N_GenomeWideSNP_6_A06_787484	11	5809139	48929921	30206	0.2718
USAGE_p_TCGA_132_133_136_SNP_N_GenomeWideSNP_6_A06_787484	11	48930132	48930328	2	2.5101
USAGE_p_TCGA_132_133_136_SNP_N_GenomeWideSNP_6_A06_787484	11	48964733	54841517	896	0.2528
USAGE_p_TCGA_132_133_136_SNP_N_GenomeWideSNP_6_A06_787484	11	54857922	55363340	225	-0.2502
USAGE_p_TCGA_132_133_136_SNP_N_GenomeWideSNP_6_A06_787484	11	55374032	55452534	57	0.2004
USAGE_p_TCGA_132_133_136_SNP_N_GenomeWideSNP_6_A06_787484	11	55452977	77641465	11554	-0.244
USAGE_p_TCGA_132_133_136_SNP_N_GenomeWideSNP_6_A06_787484	11	77642202	79967504	1718	0.2655
USAGE_p_TCGA_132_133_136_SNP_N_GenomeWideSNP_6_A06_787484	11	79967513	79967564	3	-1.26
USAGE_p_TCGA_132_133_136_SNP_N_GenomeWideSNP_6_A06_787484	11	79967686	84486717	3267	0.2826
USAGE_p_TCGA_132_133_136_SNP_N_GenomeWideSNP_6_A06_787484	11	84487003	84493235	2	1.865
USAGE_p_TCGA_132_133_136_SNP_N_GenomeWideSNP_6_A06_787484	11	84493877	84535905	27	0.3122
USAGE_p_TCGA_132_133_136_SNP_N_GenomeWideSNP_6_A06_787484	11	84536635	84546391	5	1.1309
USAGE_p_TCGA_132_133_136_SNP_N_GenomeWideSNP_6_A06_787484	11	84546912	91830489	4784	0.2737
USAGE_p_TCGA_132_133_136_SNP_N_GenomeWideSNP_6_A06_787484	11	91830658	91831043	2	2.9029
USAGE_p_TCGA_132_133_136_SNP_N_GenomeWideSNP_6_A06_787484	11	91832704	134609393	30763	0.2778
USAGE_p_TCGA_132_133_136_SNP_N_GenomeWideSNP_6_A06_787484	11	134609557	134613980	5	1.5759
USAGE_p_TCGA_132_133_136_SNP_N_GenomeWideSNP_6_A06_787484	11	134614865	134944770	273	0.1887
USAGE_p_TCGA_132_133_136_SNP_N_GenomeWideSNP_6_A06_787484	12	150442	865970	418	1.5712
USAGE_p_TCGA_132_133_136_SNP_N_GenomeWideSNP_6_A06_787484	12	869109	874029	18	-0.5968
USAGE_p_TCGA_132_133_136_SNP_N_GenomeWideSNP_6_A06_787484	12	875354	998365	91	1.6362
USAGE_p_TCGA_132_133_136_SNP_N_GenomeWideSNP_6_A06_787484	12	998390	1009457	6	0.981
USAGE_p_TCGA_132_133_136_SNP_N_GenomeWideSNP_6_A06_787484	12	1012308	1680951	366	2.0509
USAGE_p_TCGA_132_133_136_SNP_N_GenomeWideSNP_6_A06_787484	12	1700506	2842565	848	1.2259
USAGE_p_TCGA_132_133_136_SNP_N_GenomeWideSNP_6_A06_787484	12	2849533	3231835	223	1.7263
USAGE_p_TCGA_132_133_136_SNP_N_GenomeWideSNP_6_A06_787484	12	3231943	3303399	64	1.4027
USAGE_p_TCGA_132_133_136_SNP_N_GenomeWideSNP_6_A06_787484	12	3304235	3464297	157	2.0251
USAGE_p_TCGA_132_133_136_SNP_N_GenomeWideSNP_6_A06_787484	12	3467533	4361979	681	2.3276
USAGE_p_TCGA_132_133_136_SNP_N_GenomeWideSNP_6_A06_787484	12	4368352	4388532	23	1.9811
USAGE_p_TCGA_132_133_136_SNP_N_GenomeWideSNP_6_A06_787484	12	4389155	4389206	4	-1.0352
USAGE_p_TCGA_132_133_136_SNP_N_GenomeWideSNP_6_A06_787484	12	4389349	4708199	280	2.4397
USAGE_p_TCGA_132_133_136_SNP_N_GenomeWideSNP_6_A06_787484	12	4710600	8751998	2573	0.0106
USAGE_p_TCGA_132_133_136_SNP_N_GenomeWideSNP_6_A06_787484	12	8756571	9345408	312	1.6217
USAGE_p_TCGA_132_133_136_SNP_N_GenomeWideSNP_6_A06_787484	12	9348350	9619705	137	-0.035
USAGE_p_TCGA_132_133_136_SNP_N_GenomeWideSNP_6_A06_787484	12	9620109	9728292	31	-1.1379
USAGE_p_TCGA_132_133_136_SNP_N_GenomeWideSNP_6_A06_787484	12	9734969	10298165	438	0.0194
USAGE_p_TCGA_132_133_136_SNP_N_GenomeWideSNP_6_A06_787484	12	10304111	10936201	429	2.2744
USAGE_p_TCGA_132_133_136_SNP_N_GenomeWideSNP_6_A06_787484	12	10938288	11512492	324	0.0279
USAGE_p_TCGA_132_133_136_SNP_N_GenomeWideSNP_6_A06_787484	12	11512531	11543406	28	-0.8192
USAGE_p_TCGA_132_133_136_SNP_N_GenomeWideSNP_6_A06_787484	12	11552192	27356483	11029	0.0333
USAGE_p_TCGA_132_133_136_SNP_N_GenomeWideSNP_6_A06_787484	12	27360769	27360945	2	2.0265
USAGE_p_TCGA_132_133_136_SNP_N_GenomeWideSNP_6_A06_787484	12	27361163	33294545	4389	0.0351
USAGE_p_TCGA_132_133_136_SNP_N_GenomeWideSNP_6_A06_787484	12	33294587	33307374	31	-0.5474
USAGE_p_TCGA_132_133_136_SNP_N_GenomeWideSNP_6_A06_787484	12	33308360	108196613	45058	0.0091
USAGE_p_TCGA_132_133_136_SNP_N_GenomeWideSNP_6_A06_787484	12	108198936	108213483	18	-0.6065
USAGE_p_TCGA_132_133_136_SNP_N_GenomeWideSNP_6_A06_787484	12	108220914	127125380	12093	-0.0171
USAGE_p_TCGA_132_133_136_SNP_N_GenomeWideSNP_6_A06_787484	12	127125744	127130492	2	2.5817
USAGE_p_TCGA_132_133_136_SNP_N_GenomeWideSNP_6_A06_787484	12	127131040	133778189	4964	-0.0491
USAGE_p_TCGA_132_133_136_SNP_N_GenomeWideSNP_6_A06_787484	13	19026949	19418888	115	0.4459
USAGE_p_TCGA_132_133_136_SNP_N_GenomeWideSNP_6_A06_787484	13	19426562	20121459	452	0.7677
USAGE_p_TCGA_132_133_136_SNP_N_GenomeWideSNP_6_A06_787484	13	20123895	20123910	2	-0.961
USAGE_p_TCGA_132_133_136_SNP_N_GenomeWideSNP_6_A06_787484	13	20124501	21336674	713	0.7467
USAGE_p_TCGA_132_133_136_SNP_N_GenomeWideSNP_6_A06_787484	13	21342741	21810607	258	-0.1141
USAGE_p_TCGA_132_133_136_SNP_N_GenomeWideSNP_6_A06_787484	13	21813927	23348937	1172	-0.5798
USAGE_p_TCGA_132_133_136_SNP_N_GenomeWideSNP_6_A06_787484	13	23350255	23524682	86	0.2737
USAGE_p_TCGA_132_133_136_SNP_N_GenomeWideSNP_6_A06_787484	13	23524879	24280832	596	-0.5478
USAGE_p_TCGA_132_133_136_SNP_N_GenomeWideSNP_6_A06_787484	13	24283505	25035607	649	0.8737
USAGE_p_TCGA_132_133_136_SNP_N_GenomeWideSNP_6_A06_787484	13	25039590	25039678	4	-0.2405
USAGE_p_TCGA_132_133_136_SNP_N_GenomeWideSNP_6_A06_787484	13	25040031	27607642	1914	0.866
USAGE_p_TCGA_132_133_136_SNP_N_GenomeWideSNP_6_A06_787484	13	27608867	29583120	1419	1.3704
USAGE_p_TCGA_132_133_136_SNP_N_GenomeWideSNP_6_A06_787484	13	29584512	30268788	554	0.8443
USAGE_p_TCGA_132_133_136_SNP_N_GenomeWideSNP_6_A06_787484	13	30271528	36436638	4417	-0.5696
USAGE_p_TCGA_132_133_136_SNP_N_GenomeWideSNP_6_A06_787484	13	36436674	36436740	2	-3.2282
USAGE_p_TCGA_132_133_136_SNP_N_GenomeWideSNP_6_A06_787484	13	36436998	38070044	1162	-0.5812
USAGE_p_TCGA_132_133_136_SNP_N_GenomeWideSNP_6_A06_787484	13	38070370	38088387	21	0.1273
USAGE_p_TCGA_132_133_136_SNP_N_GenomeWideSNP_6_A06_787484	13	38088609	51545054	9085	-0.5778
USAGE_p_TCGA_132_133_136_SNP_N_GenomeWideSNP_6_A06_787484	13	51546911	51549198	2	2.8332
USAGE_p_TCGA_132_133_136_SNP_N_GenomeWideSNP_6_A06_787484	13	51549557	71132805	11594	-0.5753
USAGE_p_TCGA_132_133_136_SNP_N_GenomeWideSNP_6_A06_787484	13	71136182	72476988	819	0.9332
USAGE_p_TCGA_132_133_136_SNP_N_GenomeWideSNP_6_A06_787484	13	72477555	72480556	4	-1.9698
USAGE_p_TCGA_132_133_136_SNP_N_GenomeWideSNP_6_A06_787484	13	72480605	76612652	3059	0.8832
USAGE_p_TCGA_132_133_136_SNP_N_GenomeWideSNP_6_A06_787484	13	76612688	78660786	1345	0.5647
USAGE_p_TCGA_132_133_136_SNP_N_GenomeWideSNP_6_A06_787484	13	78660956	81028997	1608	1.2745
USAGE_p_TCGA_132_133_136_SNP_N_GenomeWideSNP_6_A06_787484	13	81032120	81310629	187	0.5315
USAGE_p_TCGA_132_133_136_SNP_N_GenomeWideSNP_6_A06_787484	13	81312171	81597179	161	1.3448
USAGE_p_TCGA_132_133_136_SNP_N_GenomeWideSNP_6_A06_787484	13	81601383	82815198	725	1.0268
USAGE_p_TCGA_132_133_136_SNP_N_GenomeWideSNP_6_A06_787484	13	82818559	82959943	80	0.7529
USAGE_p_TCGA_132_133_136_SNP_N_GenomeWideSNP_6_A06_787484	13	82960461	83486457	334	0.4073
USAGE_p_TCGA_132_133_136_SNP_N_GenomeWideSNP_6_A06_787484	13	83486857	101178842	11180	-0.6075
USAGE_p_TCGA_132_133_136_SNP_N_GenomeWideSNP_6_A06_787484	13	101179012	101179059	2	-3.7639
USAGE_p_TCGA_132_133_136_SNP_N_GenomeWideSNP_6_A06_787484	13	101180197	106650093	4506	-0.6278
USAGE_p_TCGA_132_133_136_SNP_N_GenomeWideSNP_6_A06_787484	13	106650557	106650744	3	-3.824
USAGE_p_TCGA_132_133_136_SNP_N_GenomeWideSNP_6_A06_787484	13	106650873	115108397	5815	-0.6521
USAGE_p_TCGA_132_133_136_SNP_N_GenomeWideSNP_6_A06_787484	14	19002124	19731410	53	0.1712
USAGE_p_TCGA_132_133_136_SNP_N_GenomeWideSNP_6_A06_787484	14	19772018	20420239	133	-0.3629
USAGE_p_TCGA_132_133_136_SNP_N_GenomeWideSNP_6_A06_787484	14	20422583	26783903	4372	0.0839
USAGE_p_TCGA_132_133_136_SNP_N_GenomeWideSNP_6_A06_787484	14	26783911	26783918	7	-1.171
USAGE_p_TCGA_132_133_136_SNP_N_GenomeWideSNP_6_A06_787484	14	26784913	106751284	50663	0.0423
USAGE_p_TCGA_132_133_136_SNP_N_GenomeWideSNP_6_A06_787484	14	106753859	106753867	3	2.5888
USAGE_p_TCGA_132_133_136_SNP_N_GenomeWideSNP_6_A06_787484	14	106754003	107285437	330	-0.1418
USAGE_p_TCGA_132_133_136_SNP_N_GenomeWideSNP_6_A06_787484	15	20016328	20814977	154	-0.0183
USAGE_p_TCGA_132_133_136_SNP_N_GenomeWideSNP_6_A06_787484	15	20820067	22383201	187	-0.4006
USAGE_p_TCGA_132_133_136_SNP_N_GenomeWideSNP_6_A06_787484	15	22385001	24663762	1083	0.0467
USAGE_p_TCGA_132_133_136_SNP_N_GenomeWideSNP_6_A06_787484	15	24667429	24730995	46	-1.0177
USAGE_p_TCGA_132_133_136_SNP_N_GenomeWideSNP_6_A06_787484	15	24731872	24749581	11	-3.0605
USAGE_p_TCGA_132_133_136_SNP_N_GenomeWideSNP_6_A06_787484	15	24750020	24761189	5	-0.8083
USAGE_p_TCGA_132_133_136_SNP_N_GenomeWideSNP_6_A06_787484	15	24763719	24823912	28	0.009
USAGE_p_TCGA_132_133_136_SNP_N_GenomeWideSNP_6_A06_787484	15	24825025	25362564	384	-0.577
USAGE_p_TCGA_132_133_136_SNP_N_GenomeWideSNP_6_A06_787484	15	25364795	26221784	649	0.0612
USAGE_p_TCGA_132_133_136_SNP_N_GenomeWideSNP_6_A06_787484	15	26227751	26230779	11	-0.8566
USAGE_p_TCGA_132_133_136_SNP_N_GenomeWideSNP_6_A06_787484	15	26231825	26232919	3	-2.1596
USAGE_p_TCGA_132_133_136_SNP_N_GenomeWideSNP_6_A06_787484	15	26232943	26738875	391	-0.6273
USAGE_p_TCGA_132_133_136_SNP_N_GenomeWideSNP_6_A06_787484	15	26739088	27223811	300	0.0616
USAGE_p_TCGA_132_133_136_SNP_N_GenomeWideSNP_6_A06_787484	15	27224321	27227700	4	1.2494
USAGE_p_TCGA_132_133_136_SNP_N_GenomeWideSNP_6_A06_787484	15	27228346	27432769	199	0.0682
USAGE_p_TCGA_132_133_136_SNP_N_GenomeWideSNP_6_A06_787484	15	27445749	27630424	114	-0.5021
USAGE_p_TCGA_132_133_136_SNP_N_GenomeWideSNP_6_A06_787484	15	27631855	53704581	15886	0.0764
USAGE_p_TCGA_132_133_136_SNP_N_GenomeWideSNP_6_A06_787484	15	53705120	59840506	4207	-0.5702
USAGE_p_TCGA_132_133_136_SNP_N_GenomeWideSNP_6_A06_787484	15	59841175	59843740	4	-2.4178
USAGE_p_TCGA_132_133_136_SNP_N_GenomeWideSNP_6_A06_787484	15	59844728	60923978	778	-0.5839
USAGE_p_TCGA_132_133_136_SNP_N_GenomeWideSNP_6_A06_787484	15	60931242	71762149	7225	0.0772
USAGE_p_TCGA_132_133_136_SNP_N_GenomeWideSNP_6_A06_787484	15	71762384	71762402	2	-1.5691
USAGE_p_TCGA_132_133_136_SNP_N_GenomeWideSNP_6_A06_787484	15	71764830	76878362	2640	0.0679
USAGE_p_TCGA_132_133_136_SNP_N_GenomeWideSNP_6_A06_787484	15	76891241	76895775	22	0.7185
USAGE_p_TCGA_132_133_136_SNP_N_GenomeWideSNP_6_A06_787484	15	76902179	86018941	5148	0.0607
USAGE_p_TCGA_132_133_136_SNP_N_GenomeWideSNP_6_A06_787484	15	86021720	86023072	2	1.8887
USAGE_p_TCGA_132_133_136_SNP_N_GenomeWideSNP_6_A06_787484	15	86023538	87293779	1096	0.0674
USAGE_p_TCGA_132_133_136_SNP_N_GenomeWideSNP_6_A06_787484	15	87294267	87901713	530	-0.6142
USAGE_p_TCGA_132_133_136_SNP_N_GenomeWideSNP_6_A06_787484	15	87902252	87904022	2	1.2669
USAGE_p_TCGA_132_133_136_SNP_N_GenomeWideSNP_6_A06_787484	15	87905845	88404568	412	-0.6435
USAGE_p_TCGA_132_133_136_SNP_N_GenomeWideSNP_6_A06_787484	15	88405042	93889459	4035	0.0739
USAGE_p_TCGA_132_133_136_SNP_N_GenomeWideSNP_6_A06_787484	15	93889548	93891654	2	1.9224
USAGE_p_TCGA_132_133_136_SNP_N_GenomeWideSNP_6_A06_787484	15	93893809	94162242	262	0.1014
USAGE_p_TCGA_132_133_136_SNP_N_GenomeWideSNP_6_A06_787484	15	94163349	94163373	2	2.6698
USAGE_p_TCGA_132_133_136_SNP_N_GenomeWideSNP_6_A06_787484	15	94163700	94776930	452	0.0808
USAGE_p_TCGA_132_133_136_SNP_N_GenomeWideSNP_6_A06_787484	15	94779085	94786024	5	-1.399
USAGE_p_TCGA_132_133_136_SNP_N_GenomeWideSNP_6_A06_787484	15	94788303	94824832	33	-3.6607
USAGE_p_TCGA_132_133_136_SNP_N_GenomeWideSNP_6_A06_787484	15	94827885	94828262	2	-1.6584
USAGE_p_TCGA_132_133_136_SNP_N_GenomeWideSNP_6_A06_787484	15	94835598	95451959	511	0.0673
USAGE_p_TCGA_132_133_136_SNP_N_GenomeWideSNP_6_A06_787484	15	95452692	96063919	459	-0.6156
USAGE_p_TCGA_132_133_136_SNP_N_GenomeWideSNP_6_A06_787484	15	96064328	97156672	828	0.0638
USAGE_p_TCGA_132_133_136_SNP_N_GenomeWideSNP_6_A06_787484	15	97157485	97511405	238	-0.6015
USAGE_p_TCGA_132_133_136_SNP_N_GenomeWideSNP_6_A06_787484	15	97513831	102469040	3648	0.0683
USAGE_p_TCGA_132_133_136_SNP_N_GenomeWideSNP_6_A06_787484	16	60777	7012472	4340	0.2673
USAGE_p_TCGA_132_133_136_SNP_N_GenomeWideSNP_6_A06_787484	16	7013200	7013568	2	3.0917
USAGE_p_TCGA_132_133_136_SNP_N_GenomeWideSNP_6_A06_787484	16	7015770	12684943	5142	0.2744
USAGE_p_TCGA_132_133_136_SNP_N_GenomeWideSNP_6_A06_787484	16	12685071	12695291	19	-0.3657
USAGE_p_TCGA_132_133_136_SNP_N_GenomeWideSNP_6_A06_787484	16	12695567	60555538	20778	0.0624
USAGE_p_TCGA_132_133_136_SNP_N_GenomeWideSNP_6_A06_787484	16	60555708	60571219	8	-0.7788
USAGE_p_TCGA_132_133_136_SNP_N_GenomeWideSNP_6_A06_787484	16	60574394	64095494	2303	0.0598
USAGE_p_TCGA_132_133_136_SNP_N_GenomeWideSNP_6_A06_787484	16	64095813	64097381	5	0.9667
USAGE_p_TCGA_132_133_136_SNP_N_GenomeWideSNP_6_A06_787484	16	64097383	70139542	3502	0.0498
USAGE_p_TCGA_132_133_136_SNP_N_GenomeWideSNP_6_A06_787484	16	70151527	70187092	11	-0.5833
USAGE_p_TCGA_132_133_136_SNP_N_GenomeWideSNP_6_A06_787484	16	70187194	74397987	2434	0.0517
USAGE_p_TCGA_132_133_136_SNP_N_GenomeWideSNP_6_A06_787484	16	74398029	74456601	7	-0.944
USAGE_p_TCGA_132_133_136_SNP_N_GenomeWideSNP_6_A06_787484	16	74465396	77742146	2592	0.0615
USAGE_p_TCGA_132_133_136_SNP_N_GenomeWideSNP_6_A06_787484	16	77742174	77745573	12	-0.5602
USAGE_p_TCGA_132_133_136_SNP_N_GenomeWideSNP_6_A06_787484	16	77752208	78371608	605	0.0264
USAGE_p_TCGA_132_133_136_SNP_N_GenomeWideSNP_6_A06_787484	16	78372440	78379675	13	-2.3477
USAGE_p_TCGA_132_133_136_SNP_N_GenomeWideSNP_6_A06_787484	16	78383140	90287535	10633	0.0326
USAGE_p_TCGA_132_133_136_SNP_N_GenomeWideSNP_6_A06_787484	17	526	4538500	2419	-0.611
USAGE_p_TCGA_132_133_136_SNP_N_GenomeWideSNP_6_A06_787484	17	4539171	4540277	3	-5.0402
USAGE_p_TCGA_132_133_136_SNP_N_GenomeWideSNP_6_A06_787484	17	4540541	21540367	10282	-0.6121
USAGE_p_TCGA_132_133_136_SNP_N_GenomeWideSNP_6_A06_787484	17	21542097	78628863	31539	0.0579
USAGE_p_TCGA_132_133_136_SNP_N_GenomeWideSNP_6_A06_787484	17	78629793	78634179	2	2.8319
USAGE_p_TCGA_132_133_136_SNP_N_GenomeWideSNP_6_A06_787484	17	78634300	81049726	961	0.0495
USAGE_p_TCGA_132_133_136_SNP_N_GenomeWideSNP_6_A06_787484	18	11543	77288063	50139	-0.6048
USAGE_p_TCGA_132_133_136_SNP_N_GenomeWideSNP_6_A06_787484	18	77288323	77288532	3	-5.0027
USAGE_p_TCGA_132_133_136_SNP_N_GenomeWideSNP_6_A06_787484	18	77297934	78015057	366	-0.6687
USAGE_p_TCGA_132_133_136_SNP_N_GenomeWideSNP_6_A06_787484	19	90910	367089	75	0.014
USAGE_p_TCGA_132_133_136_SNP_N_GenomeWideSNP_6_A06_787484	19	376382	388950	4	1.3704
USAGE_p_TCGA_132_133_136_SNP_N_GenomeWideSNP_6_A06_787484	19	389805	8841737	3062	0.0467
USAGE_p_TCGA_132_133_136_SNP_N_GenomeWideSNP_6_A06_787484	19	8841963	8844995	4	-1.1582
USAGE_p_TCGA_132_133_136_SNP_N_GenomeWideSNP_6_A06_787484	19	8845004	9273800	264	0.0237
USAGE_p_TCGA_132_133_136_SNP_N_GenomeWideSNP_6_A06_787484	19	9274672	9277476	3	-2.7783
USAGE_p_TCGA_132_133_136_SNP_N_GenomeWideSNP_6_A06_787484	19	9278121	43713377	17350	0.0378
USAGE_p_TCGA_132_133_136_SNP_N_GenomeWideSNP_6_A06_787484	19	43713734	43756237	16	-0.7798
USAGE_p_TCGA_132_133_136_SNP_N_GenomeWideSNP_6_A06_787484	19	43766659	59097854	8559	0.0422
USAGE_p_TCGA_132_133_136_SNP_N_GenomeWideSNP_6_A06_787484	20	61305	1552503	1183	0.1049
USAGE_p_TCGA_132_133_136_SNP_N_GenomeWideSNP_6_A06_787484	20	1557190	1560787	17	-1.9488
USAGE_p_TCGA_132_133_136_SNP_N_GenomeWideSNP_6_A06_787484	20	1560802	15119797	10302	0.1084
USAGE_p_TCGA_132_133_136_SNP_N_GenomeWideSNP_6_A06_787484	20	15119833	15120323	3	1.4451
USAGE_p_TCGA_132_133_136_SNP_N_GenomeWideSNP_6_A06_787484	20	15120744	20120679	4410	0.2488
USAGE_p_TCGA_132_133_136_SNP_N_GenomeWideSNP_6_A06_787484	20	20121891	20128258	4	1.269
USAGE_p_TCGA_132_133_136_SNP_N_GenomeWideSNP_6_A06_787484	20	20128791	23496724	2401	0.2342
USAGE_p_TCGA_132_133_136_SNP_N_GenomeWideSNP_6_A06_787484	20	23496874	23498207	2	2.2003
USAGE_p_TCGA_132_133_136_SNP_N_GenomeWideSNP_6_A06_787484	20	23498531	23568751	69	0.2502
USAGE_p_TCGA_132_133_136_SNP_N_GenomeWideSNP_6_A06_787484	20	23568790	23569161	2	2.1249
USAGE_p_TCGA_132_133_136_SNP_N_GenomeWideSNP_6_A06_787484	20	23569250	24748432	908	0.2234
USAGE_p_TCGA_132_133_136_SNP_N_GenomeWideSNP_6_A06_787484	20	24748924	24750273	3	-1.2004
USAGE_p_TCGA_132_133_136_SNP_N_GenomeWideSNP_6_A06_787484	20	24751119	29428523	750	0.2374
USAGE_p_TCGA_132_133_136_SNP_N_GenomeWideSNP_6_A06_787484	20	29436802	62916068	22444	0.8207
USAGE_p_TCGA_132_133_136_SNP_N_GenomeWideSNP_6_A06_787484	20	62954695	62956153	5	0.1627
USAGE_p_TCGA_132_133_136_SNP_N_GenomeWideSNP_6_A06_787484	21	10736871	14345669	114	-0.6445
USAGE_p_TCGA_132_133_136_SNP_N_GenomeWideSNP_6_A06_787484	21	14364531	17123855	1642	-0.2202
USAGE_p_TCGA_132_133_136_SNP_N_GenomeWideSNP_6_A06_787484	21	17124102	17126820	2	3.2378
USAGE_p_TCGA_132_133_136_SNP_N_GenomeWideSNP_6_A06_787484	21	17130370	24433359	5287	-0.2057
USAGE_p_TCGA_132_133_136_SNP_N_GenomeWideSNP_6_A06_787484	21	24433504	24433845	4	1.5148
USAGE_p_TCGA_132_133_136_SNP_N_GenomeWideSNP_6_A06_787484	21	24433964	48096957	17319	-0.2312
USAGE_p_TCGA_132_133_136_SNP_N_GenomeWideSNP_6_A06_787484	22	16052528	16055207	3	-2.0414
USAGE_p_TCGA_132_133_136_SNP_N_GenomeWideSNP_6_A06_787484	22	16058854	22473918	3295	-0.0202
USAGE_p_TCGA_132_133_136_SNP_N_GenomeWideSNP_6_A06_787484	22	22474023	22474613	5	-2.8088
USAGE_p_TCGA_132_133_136_SNP_N_GenomeWideSNP_6_A06_787484	22	22481498	51234455	20238	0.0354
USAGE_p_TCGA_132_133_136_SNP_N_GenomeWideSNP_6_A06_787484	X	168477	62443462	33834	0.0161
USAGE_p_TCGA_132_133_136_SNP_N_GenomeWideSNP_6_A06_787484	X	62450445	62517002	24	0.6586
USAGE_p_TCGA_132_133_136_SNP_N_GenomeWideSNP_6_A06_787484	X	62517469	76349873	6301	0.0052
USAGE_p_TCGA_132_133_136_SNP_N_GenomeWideSNP_6_A06_787484	X	76353650	76473278	13	0.8843
USAGE_p_TCGA_132_133_136_SNP_N_GenomeWideSNP_6_A06_787484	X	76476301	115137955	20650	0.0249
USAGE_p_TCGA_132_133_136_SNP_N_GenomeWideSNP_6_A06_787484	X	115138403	115150638	6	-1.2425
USAGE_p_TCGA_132_133_136_SNP_N_GenomeWideSNP_6_A06_787484	X	115156419	150292898	21358	0.0159
USAGE_p_TCGA_132_133_136_SNP_N_GenomeWideSNP_6_A06_787484	X	150293934	150295459	2	-2.1267
USAGE_p_TCGA_132_133_136_SNP_N_GenomeWideSNP_6_A06_787484	X	150296555	155182354	2433	-0.0126
USAGE_p_TCGA_132_133_136_SNP_N_GenomeWideSNP_6_A06_787484	Y	2650438	6101425	871	-2.1329
USAGE_p_TCGA_132_133_136_SNP_N_GenomeWideSNP_6_A06_787484	Y	6107901	6343367	103	-3.5421
USAGE_p_TCGA_132_133_136_SNP_N_GenomeWideSNP_6_A06_787484	Y	6344041	15590276	2602	-2.6546
USAGE_p_TCGA_132_133_136_SNP_N_GenomeWideSNP_6_A06_787484	Y	15590342	15594523	3	-7.3572
USAGE_p_TCGA_132_133_136_SNP_N_GenomeWideSNP_6_A06_787484	Y	15594889	19574890	2082	-2.6692
USAGE_p_TCGA_132_133_136_SNP_N_GenomeWideSNP_6_A06_787484	Y	19576544	21024613	670	-3.3239
USAGE_p_TCGA_132_133_136_SNP_N_GenomeWideSNP_6_A06_787484	Y	21025062	24534035	1284	-2.7512
USAGE_p_TCGA_132_133_136_SNP_N_GenomeWideSNP_6_A06_787484	Y	24534523	28423938	832	-3.229
USAGE_p_TCGA_132_133_136_SNP_N_GenomeWideSNP_6_A06_787484	Y	28438116	59018259	183	-2.2512
