Sample	Chromosome	Start	End	Num_Probes	Segment_Mean
HELVE_p_TCGA_b139_154_155_SNP_N_GenomeWideSNP_6_B06_808654	1	61735	228729	19	0.0615
HELVE_p_TCGA_b139_154_155_SNP_N_GenomeWideSNP_6_B06_808654	1	229075	229619	4	-1.129
HELVE_p_TCGA_b139_154_155_SNP_N_GenomeWideSNP_6_B06_808654	1	229677	10091661	5025	0.0524
HELVE_p_TCGA_b139_154_155_SNP_N_GenomeWideSNP_6_B06_808654	1	10097020	10103011	5	-0.8176
HELVE_p_TCGA_b139_154_155_SNP_N_GenomeWideSNP_6_B06_808654	1	10106775	17012741	3733	0.0719
HELVE_p_TCGA_b139_154_155_SNP_N_GenomeWideSNP_6_B06_808654	1	17012785	17048479	23	-0.4902
HELVE_p_TCGA_b139_154_155_SNP_N_GenomeWideSNP_6_B06_808654	1	17056457	25583341	5354	0.0622
HELVE_p_TCGA_b139_154_155_SNP_N_GenomeWideSNP_6_B06_808654	1	25593128	25646946	27	-1.5604
HELVE_p_TCGA_b139_154_155_SNP_N_GenomeWideSNP_6_B06_808654	1	25646986	53241858	14862	0.078
HELVE_p_TCGA_b139_154_155_SNP_N_GenomeWideSNP_6_B06_808654	1	53250213	55090200	1171	-0.4074
HELVE_p_TCGA_b139_154_155_SNP_N_GenomeWideSNP_6_B06_808654	1	55093291	55094389	2	-1.7629
HELVE_p_TCGA_b139_154_155_SNP_N_GenomeWideSNP_6_B06_808654	1	55096450	65897951	8230	-0.3646
HELVE_p_TCGA_b139_154_155_SNP_N_GenomeWideSNP_6_B06_808654	1	65898001	65906265	3	0.6912
HELVE_p_TCGA_b139_154_155_SNP_N_GenomeWideSNP_6_B06_808654	1	65906762	72768916	4576	-0.3278
HELVE_p_TCGA_b139_154_155_SNP_N_GenomeWideSNP_6_B06_808654	1	72768936	72809372	39	-1.0654
HELVE_p_TCGA_b139_154_155_SNP_N_GenomeWideSNP_6_B06_808654	1	72809431	104128773	20065	-0.3465
HELVE_p_TCGA_b139_154_155_SNP_N_GenomeWideSNP_6_B06_808654	1	104129270	104303403	40	-0.7907
HELVE_p_TCGA_b139_154_155_SNP_N_GenomeWideSNP_6_B06_808654	1	104303501	109774026	3375	-0.3245
HELVE_p_TCGA_b139_154_155_SNP_N_GenomeWideSNP_6_B06_808654	1	109778237	109782003	2	-1.7755
HELVE_p_TCGA_b139_154_155_SNP_N_GenomeWideSNP_6_B06_808654	1	109782037	110227500	228	-0.3607
HELVE_p_TCGA_b139_154_155_SNP_N_GenomeWideSNP_6_B06_808654	1	110227515	110244998	20	0.4047
HELVE_p_TCGA_b139_154_155_SNP_N_GenomeWideSNP_6_B06_808654	1	110246126	112614704	1892	-0.3748
HELVE_p_TCGA_b139_154_155_SNP_N_GenomeWideSNP_6_B06_808654	1	112614742	112619456	2	-1.7046
HELVE_p_TCGA_b139_154_155_SNP_N_GenomeWideSNP_6_B06_808654	1	112620519	112696273	60	-0.3367
HELVE_p_TCGA_b139_154_155_SNP_N_GenomeWideSNP_6_B06_808654	1	112696308	112697390	21	0.0637
HELVE_p_TCGA_b139_154_155_SNP_N_GenomeWideSNP_6_B06_808654	1	112705956	120558480	5055	-0.3597
HELVE_p_TCGA_b139_154_155_SNP_N_GenomeWideSNP_6_B06_808654	1	120563977	148870937	1301	0.1048
HELVE_p_TCGA_b139_154_155_SNP_N_GenomeWideSNP_6_B06_808654	1	148893345	149024808	15	0.5185
HELVE_p_TCGA_b139_154_155_SNP_N_GenomeWideSNP_6_B06_808654	1	149036524	149256691	133	0.7932
HELVE_p_TCGA_b139_154_155_SNP_N_GenomeWideSNP_6_B06_808654	1	149259416	149578722	38	0.5261
HELVE_p_TCGA_b139_154_155_SNP_N_GenomeWideSNP_6_B06_808654	1	149617451	152555527	1490	0.1002
HELVE_p_TCGA_b139_154_155_SNP_N_GenomeWideSNP_6_B06_808654	1	152555706	152586594	35	-1.6832
HELVE_p_TCGA_b139_154_155_SNP_N_GenomeWideSNP_6_B06_808654	1	152590494	152759678	171	0.0921
HELVE_p_TCGA_b139_154_155_SNP_N_GenomeWideSNP_6_B06_808654	1	152761923	152768700	37	-1.4821
HELVE_p_TCGA_b139_154_155_SNP_N_GenomeWideSNP_6_B06_808654	1	152773905	179323738	17966	0.0974
HELVE_p_TCGA_b139_154_155_SNP_N_GenomeWideSNP_6_B06_808654	1	179330528	179331382	2	-2.1013
HELVE_p_TCGA_b139_154_155_SNP_N_GenomeWideSNP_6_B06_808654	1	179333315	179610058	178	0.0959
HELVE_p_TCGA_b139_154_155_SNP_N_GenomeWideSNP_6_B06_808654	1	179621932	179622081	2	-1.2847
HELVE_p_TCGA_b139_154_155_SNP_N_GenomeWideSNP_6_B06_808654	1	179623244	196709760	11393	0.0819
HELVE_p_TCGA_b139_154_155_SNP_N_GenomeWideSNP_6_B06_808654	1	196711067	196801850	94	0.3207
HELVE_p_TCGA_b139_154_155_SNP_N_GenomeWideSNP_6_B06_808654	1	196801987	249224388	35941	0.0823
HELVE_p_TCGA_b139_154_155_SNP_N_GenomeWideSNP_6_B06_808654	2	12784	4216905	2998	0.0083
HELVE_p_TCGA_b139_154_155_SNP_N_GenomeWideSNP_6_B06_808654	2	4217184	4224019	35	0.3104
HELVE_p_TCGA_b139_154_155_SNP_N_GenomeWideSNP_6_B06_808654	2	4230062	34664750	21071	0.0626
HELVE_p_TCGA_b139_154_155_SNP_N_GenomeWideSNP_6_B06_808654	2	34675467	34736513	50	-0.2133
HELVE_p_TCGA_b139_154_155_SNP_N_GenomeWideSNP_6_B06_808654	2	34737057	35975973	878	0.1016
HELVE_p_TCGA_b139_154_155_SNP_N_GenomeWideSNP_6_B06_808654	2	35977790	35987916	6	-1.8826
HELVE_p_TCGA_b139_154_155_SNP_N_GenomeWideSNP_6_B06_808654	2	35987947	52754468	12163	0.0805
HELVE_p_TCGA_b139_154_155_SNP_N_GenomeWideSNP_6_B06_808654	2	52754480	52781542	39	0.6115
HELVE_p_TCGA_b139_154_155_SNP_N_GenomeWideSNP_6_B06_808654	2	52787949	78993592	16919	0.0782
HELVE_p_TCGA_b139_154_155_SNP_N_GenomeWideSNP_6_B06_808654	2	78993740	79004888	12	-0.8436
HELVE_p_TCGA_b139_154_155_SNP_N_GenomeWideSNP_6_B06_808654	2	79007930	84098574	3340	0.0364
HELVE_p_TCGA_b139_154_155_SNP_N_GenomeWideSNP_6_B06_808654	2	84101575	84105959	2	-0.9509
HELVE_p_TCGA_b139_154_155_SNP_N_GenomeWideSNP_6_B06_808654	2	84106634	87128201	1728	0.0785
HELVE_p_TCGA_b139_154_155_SNP_N_GenomeWideSNP_6_B06_808654	2	87129203	87137385	2	-1.4495
HELVE_p_TCGA_b139_154_155_SNP_N_GenomeWideSNP_6_B06_808654	2	87161853	98154265	2080	0.0472
HELVE_p_TCGA_b139_154_155_SNP_N_GenomeWideSNP_6_B06_808654	2	98157272	98161710	3	-1.4363
HELVE_p_TCGA_b139_154_155_SNP_N_GenomeWideSNP_6_B06_808654	2	98162189	106874649	5575	0.066
HELVE_p_TCGA_b139_154_155_SNP_N_GenomeWideSNP_6_B06_808654	2	106874722	106885357	13	-0.4441
HELVE_p_TCGA_b139_154_155_SNP_N_GenomeWideSNP_6_B06_808654	2	106887255	112319781	2694	0.0684
HELVE_p_TCGA_b139_154_155_SNP_N_GenomeWideSNP_6_B06_808654	2	112323351	112367825	9	-0.6385
HELVE_p_TCGA_b139_154_155_SNP_N_GenomeWideSNP_6_B06_808654	2	112373169	129638982	10753	0.0676
HELVE_p_TCGA_b139_154_155_SNP_N_GenomeWideSNP_6_B06_808654	2	129638997	129640329	9	-0.6279
HELVE_p_TCGA_b139_154_155_SNP_N_GenomeWideSNP_6_B06_808654	2	129646448	130210143	473	0.0592
HELVE_p_TCGA_b139_154_155_SNP_N_GenomeWideSNP_6_B06_808654	2	130210645	130215281	4	0.7508
HELVE_p_TCGA_b139_154_155_SNP_N_GenomeWideSNP_6_B06_808654	2	130216043	130734721	373	0.0116
HELVE_p_TCGA_b139_154_155_SNP_N_GenomeWideSNP_6_B06_808654	2	130737303	130737320	2	1.2969
HELVE_p_TCGA_b139_154_155_SNP_N_GenomeWideSNP_6_B06_808654	2	130744961	133038729	752	0.0122
HELVE_p_TCGA_b139_154_155_SNP_N_GenomeWideSNP_6_B06_808654	2	133046772	133115037	28	0.3766
HELVE_p_TCGA_b139_154_155_SNP_N_GenomeWideSNP_6_B06_808654	2	133117260	159661485	16483	0.0531
HELVE_p_TCGA_b139_154_155_SNP_N_GenomeWideSNP_6_B06_808654	2	159662522	159662798	2	-2.2649
HELVE_p_TCGA_b139_154_155_SNP_N_GenomeWideSNP_6_B06_808654	2	159664703	208354912	29371	0.0877
HELVE_p_TCGA_b139_154_155_SNP_N_GenomeWideSNP_6_B06_808654	2	208354955	208359336	17	-0.7793
HELVE_p_TCGA_b139_154_155_SNP_N_GenomeWideSNP_6_B06_808654	2	208359476	237724322	18956	0.0612
HELVE_p_TCGA_b139_154_155_SNP_N_GenomeWideSNP_6_B06_808654	2	237728402	237736232	11	-0.6571
HELVE_p_TCGA_b139_154_155_SNP_N_GenomeWideSNP_6_B06_808654	2	237736561	243089456	3174	0.0371
HELVE_p_TCGA_b139_154_155_SNP_N_GenomeWideSNP_6_B06_808654	3	60345	1740270	1506	0.0587
HELVE_p_TCGA_b139_154_155_SNP_N_GenomeWideSNP_6_B06_808654	3	1740624	1746559	13	-0.4013
HELVE_p_TCGA_b139_154_155_SNP_N_GenomeWideSNP_6_B06_808654	3	1746581	68746259	46339	0.0826
HELVE_p_TCGA_b139_154_155_SNP_N_GenomeWideSNP_6_B06_808654	3	68746284	68747413	13	-1.2425
HELVE_p_TCGA_b139_154_155_SNP_N_GenomeWideSNP_6_B06_808654	3	68748758	75572549	4936	0.0645
HELVE_p_TCGA_b139_154_155_SNP_N_GenomeWideSNP_6_B06_808654	3	75576561	75586805	5	-1.6685
HELVE_p_TCGA_b139_154_155_SNP_N_GenomeWideSNP_6_B06_808654	3	75595181	98944476	11008	0.0431
HELVE_p_TCGA_b139_154_155_SNP_N_GenomeWideSNP_6_B06_808654	3	98944511	98949108	28	0.3904
HELVE_p_TCGA_b139_154_155_SNP_N_GenomeWideSNP_6_B06_808654	3	98949156	129762859	18755	0.0807
HELVE_p_TCGA_b139_154_155_SNP_N_GenomeWideSNP_6_B06_808654	3	129763698	129806236	52	-1.3254
HELVE_p_TCGA_b139_154_155_SNP_N_GenomeWideSNP_6_B06_808654	3	129806924	141994542	7537	0.0816
HELVE_p_TCGA_b139_154_155_SNP_N_GenomeWideSNP_6_B06_808654	3	141998497	142104017	40	-0.2728
HELVE_p_TCGA_b139_154_155_SNP_N_GenomeWideSNP_6_B06_808654	3	142106134	162123366	12437	0.0814
HELVE_p_TCGA_b139_154_155_SNP_N_GenomeWideSNP_6_B06_808654	3	162137600	162142705	14	-0.5829
HELVE_p_TCGA_b139_154_155_SNP_N_GenomeWideSNP_6_B06_808654	3	162144248	162226794	86	0.054
HELVE_p_TCGA_b139_154_155_SNP_N_GenomeWideSNP_6_B06_808654	3	162226807	162236534	5	0.6406
HELVE_p_TCGA_b139_154_155_SNP_N_GenomeWideSNP_6_B06_808654	3	162236885	162530870	184	-0.0171
HELVE_p_TCGA_b139_154_155_SNP_N_GenomeWideSNP_6_B06_808654	3	162532950	162540009	5	-0.6195
HELVE_p_TCGA_b139_154_155_SNP_N_GenomeWideSNP_6_B06_808654	3	162540473	162540490	2	-2.1558
HELVE_p_TCGA_b139_154_155_SNP_N_GenomeWideSNP_6_B06_808654	3	162545716	162714517	120	-0.0268
HELVE_p_TCGA_b139_154_155_SNP_N_GenomeWideSNP_6_B06_808654	3	162717727	162719562	2	-2.5842
HELVE_p_TCGA_b139_154_155_SNP_N_GenomeWideSNP_6_B06_808654	3	162726159	174668742	7239	0.0899
HELVE_p_TCGA_b139_154_155_SNP_N_GenomeWideSNP_6_B06_808654	3	174669007	174669766	3	-1.1428
HELVE_p_TCGA_b139_154_155_SNP_N_GenomeWideSNP_6_B06_808654	3	174676406	180471706	3703	0.0785
HELVE_p_TCGA_b139_154_155_SNP_N_GenomeWideSNP_6_B06_808654	3	180472825	180477503	4	-1.0305
HELVE_p_TCGA_b139_154_155_SNP_N_GenomeWideSNP_6_B06_808654	3	180479157	191360227	7096	0.0816
HELVE_p_TCGA_b139_154_155_SNP_N_GenomeWideSNP_6_B06_808654	3	191360971	191369315	15	-0.4397
HELVE_p_TCGA_b139_154_155_SNP_N_GenomeWideSNP_6_B06_808654	3	191370170	192873704	1057	0.0819
HELVE_p_TCGA_b139_154_155_SNP_N_GenomeWideSNP_6_B06_808654	3	192873807	192882903	22	0.8877
HELVE_p_TCGA_b139_154_155_SNP_N_GenomeWideSNP_6_B06_808654	3	192886435	194660610	1187	0.0803
HELVE_p_TCGA_b139_154_155_SNP_N_GenomeWideSNP_6_B06_808654	3	194661953	194669596	2	1.2756
HELVE_p_TCGA_b139_154_155_SNP_N_GenomeWideSNP_6_B06_808654	3	194673626	195412212	303	0.0426
HELVE_p_TCGA_b139_154_155_SNP_N_GenomeWideSNP_6_B06_808654	3	195418263	195455508	23	0.5473
HELVE_p_TCGA_b139_154_155_SNP_N_GenomeWideSNP_6_B06_808654	3	195455861	197896118	1191	0.0857
HELVE_p_TCGA_b139_154_155_SNP_N_GenomeWideSNP_6_B06_808654	4	12281	66719	58	-0.6208
HELVE_p_TCGA_b139_154_155_SNP_N_GenomeWideSNP_6_B06_808654	4	68821	3599392	1452	0.056
HELVE_p_TCGA_b139_154_155_SNP_N_GenomeWideSNP_6_B06_808654	4	3599450	3599869	2	-1.2239
HELVE_p_TCGA_b139_154_155_SNP_N_GenomeWideSNP_6_B06_808654	4	3602184	9456977	3738	0.0541
HELVE_p_TCGA_b139_154_155_SNP_N_GenomeWideSNP_6_B06_808654	4	9461230	9478849	6	1.3988
HELVE_p_TCGA_b139_154_155_SNP_N_GenomeWideSNP_6_B06_808654	4	9479035	10209946	542	0.0813
HELVE_p_TCGA_b139_154_155_SNP_N_GenomeWideSNP_6_B06_808654	4	10209963	10234266	37	0.3809
HELVE_p_TCGA_b139_154_155_SNP_N_GenomeWideSNP_6_B06_808654	4	10234608	21026936	7926	0.0836
HELVE_p_TCGA_b139_154_155_SNP_N_GenomeWideSNP_6_B06_808654	4	21028953	21030572	2	-1.1793
HELVE_p_TCGA_b139_154_155_SNP_N_GenomeWideSNP_6_B06_808654	4	21031396	34779004	9064	0.0074
HELVE_p_TCGA_b139_154_155_SNP_N_GenomeWideSNP_6_B06_808654	4	34779025	34821340	39	-0.3182
HELVE_p_TCGA_b139_154_155_SNP_N_GenomeWideSNP_6_B06_808654	4	34824183	40700573	3890	0.033
HELVE_p_TCGA_b139_154_155_SNP_N_GenomeWideSNP_6_B06_808654	4	40704011	40704192	3	-1.5914
HELVE_p_TCGA_b139_154_155_SNP_N_GenomeWideSNP_6_B06_808654	4	40704687	49081013	5071	0.0348
HELVE_p_TCGA_b139_154_155_SNP_N_GenomeWideSNP_6_B06_808654	4	49082283	61936938	6110	-0.378
HELVE_p_TCGA_b139_154_155_SNP_N_GenomeWideSNP_6_B06_808654	4	61940935	61941952	2	-1.7544
HELVE_p_TCGA_b139_154_155_SNP_N_GenomeWideSNP_6_B06_808654	4	61945686	69261064	4388	-0.3676
HELVE_p_TCGA_b139_154_155_SNP_N_GenomeWideSNP_6_B06_808654	4	69282205	69288142	5	-1.3258
HELVE_p_TCGA_b139_154_155_SNP_N_GenomeWideSNP_6_B06_808654	4	69294799	69372003	16	-0.4719
HELVE_p_TCGA_b139_154_155_SNP_N_GenomeWideSNP_6_B06_808654	4	69374941	69540025	72	0.227
HELVE_p_TCGA_b139_154_155_SNP_N_GenomeWideSNP_6_B06_808654	4	69551744	95845506	16001	-0.3379
HELVE_p_TCGA_b139_154_155_SNP_N_GenomeWideSNP_6_B06_808654	4	95845632	95846470	2	1.0357
HELVE_p_TCGA_b139_154_155_SNP_N_GenomeWideSNP_6_B06_808654	4	95848014	99597876	2283	-0.3506
HELVE_p_TCGA_b139_154_155_SNP_N_GenomeWideSNP_6_B06_808654	4	99598619	99611214	11	-0.8586
HELVE_p_TCGA_b139_154_155_SNP_N_GenomeWideSNP_6_B06_808654	4	99618099	104745571	3111	-0.3324
HELVE_p_TCGA_b139_154_155_SNP_N_GenomeWideSNP_6_B06_808654	4	104751630	104751637	5	0.6763
HELVE_p_TCGA_b139_154_155_SNP_N_GenomeWideSNP_6_B06_808654	4	104751644	108050955	1859	-0.3301
HELVE_p_TCGA_b139_154_155_SNP_N_GenomeWideSNP_6_B06_808654	4	108051326	108075486	34	-0.0213
HELVE_p_TCGA_b139_154_155_SNP_N_GenomeWideSNP_6_B06_808654	4	108075558	111042340	1785	-0.3516
HELVE_p_TCGA_b139_154_155_SNP_N_GenomeWideSNP_6_B06_808654	4	111043072	111043210	2	-1.639
HELVE_p_TCGA_b139_154_155_SNP_N_GenomeWideSNP_6_B06_808654	4	111044245	115173656	2631	-0.3469
HELVE_p_TCGA_b139_154_155_SNP_N_GenomeWideSNP_6_B06_808654	4	115173700	115184266	27	0.4889
HELVE_p_TCGA_b139_154_155_SNP_N_GenomeWideSNP_6_B06_808654	4	115184310	138092239	13240	-0.3478
HELVE_p_TCGA_b139_154_155_SNP_N_GenomeWideSNP_6_B06_808654	4	138092420	138092926	10	-1.5086
HELVE_p_TCGA_b139_154_155_SNP_N_GenomeWideSNP_6_B06_808654	4	138092938	141048875	2087	-0.3481
HELVE_p_TCGA_b139_154_155_SNP_N_GenomeWideSNP_6_B06_808654	4	141050081	141053848	3	-1.683
HELVE_p_TCGA_b139_154_155_SNP_N_GenomeWideSNP_6_B06_808654	4	141054062	143708331	1677	-0.3414
HELVE_p_TCGA_b139_154_155_SNP_N_GenomeWideSNP_6_B06_808654	4	143708449	143717565	3	-1.6991
HELVE_p_TCGA_b139_154_155_SNP_N_GenomeWideSNP_6_B06_808654	4	143717967	155337663	6786	-0.3448
HELVE_p_TCGA_b139_154_155_SNP_N_GenomeWideSNP_6_B06_808654	4	155338299	155339465	2	-2.5034
HELVE_p_TCGA_b139_154_155_SNP_N_GenomeWideSNP_6_B06_808654	4	155343176	161850032	4179	-0.3356
HELVE_p_TCGA_b139_154_155_SNP_N_GenomeWideSNP_6_B06_808654	4	161850668	161884977	57	-0.0479
HELVE_p_TCGA_b139_154_155_SNP_N_GenomeWideSNP_6_B06_808654	4	161885009	172989148	7076	-0.3578
HELVE_p_TCGA_b139_154_155_SNP_N_GenomeWideSNP_6_B06_808654	4	172989166	173001831	16	0.1073
HELVE_p_TCGA_b139_154_155_SNP_N_GenomeWideSNP_6_B06_808654	4	173002046	180701095	4782	-0.3724
HELVE_p_TCGA_b139_154_155_SNP_N_GenomeWideSNP_6_B06_808654	4	180701590	180702862	3	-2.3494
HELVE_p_TCGA_b139_154_155_SNP_N_GenomeWideSNP_6_B06_808654	4	180703053	181892770	938	-0.3931
HELVE_p_TCGA_b139_154_155_SNP_N_GenomeWideSNP_6_B06_808654	4	181894845	181898870	2	-1.9742
HELVE_p_TCGA_b139_154_155_SNP_N_GenomeWideSNP_6_B06_808654	4	181899047	189436915	5413	-0.3797
HELVE_p_TCGA_b139_154_155_SNP_N_GenomeWideSNP_6_B06_808654	4	189437086	189437410	8	-1.168
HELVE_p_TCGA_b139_154_155_SNP_N_GenomeWideSNP_6_B06_808654	4	189439872	189600962	127	-0.3405
HELVE_p_TCGA_b139_154_155_SNP_N_GenomeWideSNP_6_B06_808654	4	189604728	189691401	58	-1.0814
HELVE_p_TCGA_b139_154_155_SNP_N_GenomeWideSNP_6_B06_808654	4	189697974	191027923	773	-0.357
HELVE_p_TCGA_b139_154_155_SNP_N_GenomeWideSNP_6_B06_808654	5	15532	685748	307	-0.0597
HELVE_p_TCGA_b139_154_155_SNP_N_GenomeWideSNP_6_B06_808654	5	698371	733612	16	0.5654
HELVE_p_TCGA_b139_154_155_SNP_N_GenomeWideSNP_6_B06_808654	5	741695	779860	14	0.1836
HELVE_p_TCGA_b139_154_155_SNP_N_GenomeWideSNP_6_B06_808654	5	779881	809806	13	-0.1628
HELVE_p_TCGA_b139_154_155_SNP_N_GenomeWideSNP_6_B06_808654	5	817850	852566	16	-0.9621
HELVE_p_TCGA_b139_154_155_SNP_N_GenomeWideSNP_6_B06_808654	5	863797	12815780	9853	-0.0563
HELVE_p_TCGA_b139_154_155_SNP_N_GenomeWideSNP_6_B06_808654	5	12815865	12838533	13	-1.0888
HELVE_p_TCGA_b139_154_155_SNP_N_GenomeWideSNP_6_B06_808654	5	12849201	16120994	2224	0.0301
HELVE_p_TCGA_b139_154_155_SNP_N_GenomeWideSNP_6_B06_808654	5	16122588	16125214	6	-0.4677
HELVE_p_TCGA_b139_154_155_SNP_N_GenomeWideSNP_6_B06_808654	5	16127544	32102731	9897	-0.0411
HELVE_p_TCGA_b139_154_155_SNP_N_GenomeWideSNP_6_B06_808654	5	32107084	32158455	40	0.4891
HELVE_p_TCGA_b139_154_155_SNP_N_GenomeWideSNP_6_B06_808654	5	32170287	34700704	1645	-0.0013
HELVE_p_TCGA_b139_154_155_SNP_N_GenomeWideSNP_6_B06_808654	5	34701065	34701189	2	-1.7898
HELVE_p_TCGA_b139_154_155_SNP_N_GenomeWideSNP_6_B06_808654	5	34703363	46191884	6729	-0.0019
HELVE_p_TCGA_b139_154_155_SNP_N_GenomeWideSNP_6_B06_808654	5	46195883	46199435	4	-1.119
HELVE_p_TCGA_b139_154_155_SNP_N_GenomeWideSNP_6_B06_808654	5	46209299	46271108	15	-0.0371
HELVE_p_TCGA_b139_154_155_SNP_N_GenomeWideSNP_6_B06_808654	5	46271930	46273502	6	1.0679
HELVE_p_TCGA_b139_154_155_SNP_N_GenomeWideSNP_6_B06_808654	5	46278212	57321646	5079	-0.023
HELVE_p_TCGA_b139_154_155_SNP_N_GenomeWideSNP_6_B06_808654	5	57326027	57333533	32	1.5625
HELVE_p_TCGA_b139_154_155_SNP_N_GenomeWideSNP_6_B06_808654	5	57338357	86111756	16973	-0.0245
HELVE_p_TCGA_b139_154_155_SNP_N_GenomeWideSNP_6_B06_808654	5	86115378	86119146	3	-1.3572
HELVE_p_TCGA_b139_154_155_SNP_N_GenomeWideSNP_6_B06_808654	5	86121629	101463189	8568	-0.0225
HELVE_p_TCGA_b139_154_155_SNP_N_GenomeWideSNP_6_B06_808654	5	101464273	101465106	3	-1.1676
HELVE_p_TCGA_b139_154_155_SNP_N_GenomeWideSNP_6_B06_808654	5	101473187	140218722	24562	-0.0396
HELVE_p_TCGA_b139_154_155_SNP_N_GenomeWideSNP_6_B06_808654	5	140223836	140243756	12	-0.9985
HELVE_p_TCGA_b139_154_155_SNP_N_GenomeWideSNP_6_B06_808654	5	140252163	158890106	12582	0.0467
HELVE_p_TCGA_b139_154_155_SNP_N_GenomeWideSNP_6_B06_808654	5	158896779	158897025	2	-1.4897
HELVE_p_TCGA_b139_154_155_SNP_N_GenomeWideSNP_6_B06_808654	5	158899210	167082941	5405	0.0361
HELVE_p_TCGA_b139_154_155_SNP_N_GenomeWideSNP_6_B06_808654	5	167083732	167083930	2	-1.1353
HELVE_p_TCGA_b139_154_155_SNP_N_GenomeWideSNP_6_B06_808654	5	167085745	168181632	860	0.0234
HELVE_p_TCGA_b139_154_155_SNP_N_GenomeWideSNP_6_B06_808654	5	168182282	168182776	2	-1.465
HELVE_p_TCGA_b139_154_155_SNP_N_GenomeWideSNP_6_B06_808654	5	168186217	177137488	6193	0.0243
HELVE_p_TCGA_b139_154_155_SNP_N_GenomeWideSNP_6_B06_808654	5	177138875	177198449	9	-0.4706
HELVE_p_TCGA_b139_154_155_SNP_N_GenomeWideSNP_6_B06_808654	5	177227551	177232605	3	2.6799
HELVE_p_TCGA_b139_154_155_SNP_N_GenomeWideSNP_6_B06_808654	5	177254965	180378710	1815	0.0149
HELVE_p_TCGA_b139_154_155_SNP_N_GenomeWideSNP_6_B06_808654	5	180378888	180417207	14	0.623
HELVE_p_TCGA_b139_154_155_SNP_N_GenomeWideSNP_6_B06_808654	5	180417614	180790320	175	0.0399
HELVE_p_TCGA_b139_154_155_SNP_N_GenomeWideSNP_6_B06_808654	6	149661	23743017	18230	0.062
HELVE_p_TCGA_b139_154_155_SNP_N_GenomeWideSNP_6_B06_808654	6	23744672	23745430	2	-2.6162
HELVE_p_TCGA_b139_154_155_SNP_N_GenomeWideSNP_6_B06_808654	6	23747732	31280823	4195	0.0667
HELVE_p_TCGA_b139_154_155_SNP_N_GenomeWideSNP_6_B06_808654	6	31286276	31287501	6	-0.9741
HELVE_p_TCGA_b139_154_155_SNP_N_GenomeWideSNP_6_B06_808654	6	31295406	32581889	557	0.1275
HELVE_p_TCGA_b139_154_155_SNP_N_GenomeWideSNP_6_B06_808654	6	32582203	32605576	13	-0.561
HELVE_p_TCGA_b139_154_155_SNP_N_GenomeWideSNP_6_B06_808654	6	32605884	43038195	6707	0.0573
HELVE_p_TCGA_b139_154_155_SNP_N_GenomeWideSNP_6_B06_808654	6	43038591	43038706	2	1.3039
HELVE_p_TCGA_b139_154_155_SNP_N_GenomeWideSNP_6_B06_808654	6	43038731	45975798	1795	0.0708
HELVE_p_TCGA_b139_154_155_SNP_N_GenomeWideSNP_6_B06_808654	6	45978143	45978236	3	-1.114
HELVE_p_TCGA_b139_154_155_SNP_N_GenomeWideSNP_6_B06_808654	6	45980557	53931084	5247	0.0944
HELVE_p_TCGA_b139_154_155_SNP_N_GenomeWideSNP_6_B06_808654	6	53931151	53931855	7	-0.9638
HELVE_p_TCGA_b139_154_155_SNP_N_GenomeWideSNP_6_B06_808654	6	53935348	67038046	5492	0.0792
HELVE_p_TCGA_b139_154_155_SNP_N_GenomeWideSNP_6_B06_808654	6	67040913	67043192	7	-0.602
HELVE_p_TCGA_b139_154_155_SNP_N_GenomeWideSNP_6_B06_808654	6	67043235	77439868	6797	0.08
HELVE_p_TCGA_b139_154_155_SNP_N_GenomeWideSNP_6_B06_808654	6	77440048	77452689	19	0.4774
HELVE_p_TCGA_b139_154_155_SNP_N_GenomeWideSNP_6_B06_808654	6	77452757	78962889	980	0.0964
HELVE_p_TCGA_b139_154_155_SNP_N_GenomeWideSNP_6_B06_808654	6	78969065	79035027	110	-0.4492
HELVE_p_TCGA_b139_154_155_SNP_N_GenomeWideSNP_6_B06_808654	6	79035174	95180881	10374	0.0889
HELVE_p_TCGA_b139_154_155_SNP_N_GenomeWideSNP_6_B06_808654	6	95181002	95181515	3	-0.939
HELVE_p_TCGA_b139_154_155_SNP_N_GenomeWideSNP_6_B06_808654	6	95187852	103734825	5104	0.0573
HELVE_p_TCGA_b139_154_155_SNP_N_GenomeWideSNP_6_B06_808654	6	103734829	103762061	47	0.6617
HELVE_p_TCGA_b139_154_155_SNP_N_GenomeWideSNP_6_B06_808654	6	103765470	137978844	21716	0.1031
HELVE_p_TCGA_b139_154_155_SNP_N_GenomeWideSNP_6_B06_808654	6	137979598	137979971	3	-1.3739
HELVE_p_TCGA_b139_154_155_SNP_N_GenomeWideSNP_6_B06_808654	6	137980107	161032565	15255	0.1155
HELVE_p_TCGA_b139_154_155_SNP_N_GenomeWideSNP_6_B06_808654	6	161032719	161068108	7	-0.5395
HELVE_p_TCGA_b139_154_155_SNP_N_GenomeWideSNP_6_B06_808654	6	161068477	162201737	876	0.1016
HELVE_p_TCGA_b139_154_155_SNP_N_GenomeWideSNP_6_B06_808654	6	162203640	162595657	386	-0.3859
HELVE_p_TCGA_b139_154_155_SNP_N_GenomeWideSNP_6_B06_808654	6	162597952	162951697	288	0.0422
HELVE_p_TCGA_b139_154_155_SNP_N_GenomeWideSNP_6_B06_808654	6	162953855	163201379	162	-0.4304
HELVE_p_TCGA_b139_154_155_SNP_N_GenomeWideSNP_6_B06_808654	6	163201856	171051005	5547	0.0255
HELVE_p_TCGA_b139_154_155_SNP_N_GenomeWideSNP_6_B06_808654	7	43355	6837068	3441	0.2923
HELVE_p_TCGA_b139_154_155_SNP_N_GenomeWideSNP_6_B06_808654	7	6838724	6867078	7	-0.9509
HELVE_p_TCGA_b139_154_155_SNP_N_GenomeWideSNP_6_B06_808654	7	6867642	38387443	24110	0.3329
HELVE_p_TCGA_b139_154_155_SNP_N_GenomeWideSNP_6_B06_808654	7	38391365	38398047	5	-1.1801
HELVE_p_TCGA_b139_154_155_SNP_N_GenomeWideSNP_6_B06_808654	7	38400957	50051188	7762	0.3079
HELVE_p_TCGA_b139_154_155_SNP_N_GenomeWideSNP_6_B06_808654	7	50056104	53803802	2832	-0.0503
HELVE_p_TCGA_b139_154_155_SNP_N_GenomeWideSNP_6_B06_808654	7	53805563	54380373	412	0.5632
HELVE_p_TCGA_b139_154_155_SNP_N_GenomeWideSNP_6_B06_808654	7	54386505	54386517	6	-1.7258
HELVE_p_TCGA_b139_154_155_SNP_N_GenomeWideSNP_6_B06_808654	7	54393488	56173628	1283	0.564
HELVE_p_TCGA_b139_154_155_SNP_N_GenomeWideSNP_6_B06_808654	7	56179716	56966670	345	0.3155
HELVE_p_TCGA_b139_154_155_SNP_N_GenomeWideSNP_6_B06_808654	7	56967029	57128058	9	-0.3413
HELVE_p_TCGA_b139_154_155_SNP_N_GenomeWideSNP_6_B06_808654	7	57129672	61888128	504	0.2584
HELVE_p_TCGA_b139_154_155_SNP_N_GenomeWideSNP_6_B06_808654	7	61987173	64594341	998	0.0078
HELVE_p_TCGA_b139_154_155_SNP_N_GenomeWideSNP_6_B06_808654	7	64594929	64595698	4	1.1482
HELVE_p_TCGA_b139_154_155_SNP_N_GenomeWideSNP_6_B06_808654	7	64637128	72370891	4330	0.0167
HELVE_p_TCGA_b139_154_155_SNP_N_GenomeWideSNP_6_B06_808654	7	72376321	72455684	40	0.4029
HELVE_p_TCGA_b139_154_155_SNP_N_GenomeWideSNP_6_B06_808654	7	72455743	76506634	1192	0.0139
HELVE_p_TCGA_b139_154_155_SNP_N_GenomeWideSNP_6_B06_808654	7	76509189	76513172	11	-0.5132
HELVE_p_TCGA_b139_154_155_SNP_N_GenomeWideSNP_6_B06_808654	7	76513730	91357869	9679	0.0063
HELVE_p_TCGA_b139_154_155_SNP_N_GenomeWideSNP_6_B06_808654	7	91358294	91358954	6	0.7227
HELVE_p_TCGA_b139_154_155_SNP_N_GenomeWideSNP_6_B06_808654	7	91359033	102238133	5819	-0.0264
HELVE_p_TCGA_b139_154_155_SNP_N_GenomeWideSNP_6_B06_808654	7	102238170	102288215	3	-1.1438
HELVE_p_TCGA_b139_154_155_SNP_N_GenomeWideSNP_6_B06_808654	7	102316719	108945952	4271	0.0012
HELVE_p_TCGA_b139_154_155_SNP_N_GenomeWideSNP_6_B06_808654	7	108950058	108957357	7	-0.7273
HELVE_p_TCGA_b139_154_155_SNP_N_GenomeWideSNP_6_B06_808654	7	108960350	109433785	297	0.0014
HELVE_p_TCGA_b139_154_155_SNP_N_GenomeWideSNP_6_B06_808654	7	109433798	109453910	36	0.2559
HELVE_p_TCGA_b139_154_155_SNP_N_GenomeWideSNP_6_B06_808654	7	109453982	133775462	14747	-0.0076
HELVE_p_TCGA_b139_154_155_SNP_N_GenomeWideSNP_6_B06_808654	7	133778429	133790443	31	0.385
HELVE_p_TCGA_b139_154_155_SNP_N_GenomeWideSNP_6_B06_808654	7	133795634	142476719	5703	-0.0246
HELVE_p_TCGA_b139_154_155_SNP_N_GenomeWideSNP_6_B06_808654	7	142476764	142486495	29	0.3557
HELVE_p_TCGA_b139_154_155_SNP_N_GenomeWideSNP_6_B06_808654	7	142486560	159127004	10576	-0.0308
HELVE_p_TCGA_b139_154_155_SNP_N_GenomeWideSNP_6_B06_808654	8	31254	2322801	1767	-0.0638
HELVE_p_TCGA_b139_154_155_SNP_N_GenomeWideSNP_6_B06_808654	8	2330767	2339651	2	1.4722
HELVE_p_TCGA_b139_154_155_SNP_N_GenomeWideSNP_6_B06_808654	8	2343530	7935855	6264	-0.049
HELVE_p_TCGA_b139_154_155_SNP_N_GenomeWideSNP_6_B06_808654	8	7943182	7968328	12	-0.5878
HELVE_p_TCGA_b139_154_155_SNP_N_GenomeWideSNP_6_B06_808654	8	7972338	11949551	3250	-0.0193
HELVE_p_TCGA_b139_154_155_SNP_N_GenomeWideSNP_6_B06_808654	8	11987726	11992286	3	-1.1479
HELVE_p_TCGA_b139_154_155_SNP_N_GenomeWideSNP_6_B06_808654	8	11997095	12247486	52	0.1476
HELVE_p_TCGA_b139_154_155_SNP_N_GenomeWideSNP_6_B06_808654	8	12260927	12361900	34	-0.3399
HELVE_p_TCGA_b139_154_155_SNP_N_GenomeWideSNP_6_B06_808654	8	12362644	13560319	1027	-0.0208
HELVE_p_TCGA_b139_154_155_SNP_N_GenomeWideSNP_6_B06_808654	8	13562968	13571561	6	-1.0877
HELVE_p_TCGA_b139_154_155_SNP_N_GenomeWideSNP_6_B06_808654	8	13572288	23402308	8283	-0.0403
HELVE_p_TCGA_b139_154_155_SNP_N_GenomeWideSNP_6_B06_808654	8	23407740	23407871	5	-0.9823
HELVE_p_TCGA_b139_154_155_SNP_N_GenomeWideSNP_6_B06_808654	8	23407905	25573265	1607	-0.0329
HELVE_p_TCGA_b139_154_155_SNP_N_GenomeWideSNP_6_B06_808654	8	25580768	25587642	6	0.6473
HELVE_p_TCGA_b139_154_155_SNP_N_GenomeWideSNP_6_B06_808654	8	25594276	39230659	8582	-0.037
HELVE_p_TCGA_b139_154_155_SNP_N_GenomeWideSNP_6_B06_808654	8	39235603	39386965	59	0.6723
HELVE_p_TCGA_b139_154_155_SNP_N_GenomeWideSNP_6_B06_808654	8	39388299	55208930	7264	-0.0255
HELVE_p_TCGA_b139_154_155_SNP_N_GenomeWideSNP_6_B06_808654	8	55209048	55211118	7	-0.6691
HELVE_p_TCGA_b139_154_155_SNP_N_GenomeWideSNP_6_B06_808654	8	55211213	58117486	1922	-0.053
HELVE_p_TCGA_b139_154_155_SNP_N_GenomeWideSNP_6_B06_808654	8	58118052	58130025	3	-1.0374
HELVE_p_TCGA_b139_154_155_SNP_N_GenomeWideSNP_6_B06_808654	8	58132798	64848636	4462	-0.0298
HELVE_p_TCGA_b139_154_155_SNP_N_GenomeWideSNP_6_B06_808654	8	64848897	64849510	7	0.5481
HELVE_p_TCGA_b139_154_155_SNP_N_GenomeWideSNP_6_B06_808654	8	64849723	72212365	4244	-0.0147
HELVE_p_TCGA_b139_154_155_SNP_N_GenomeWideSNP_6_B06_808654	8	72215311	72216026	4	-1.1899
HELVE_p_TCGA_b139_154_155_SNP_N_GenomeWideSNP_6_B06_808654	8	72216138	112291494	24133	-0.0153
HELVE_p_TCGA_b139_154_155_SNP_N_GenomeWideSNP_6_B06_808654	8	112294279	112295081	7	-0.856
HELVE_p_TCGA_b139_154_155_SNP_N_GenomeWideSNP_6_B06_808654	8	112295202	112295260	3	-2.8559
HELVE_p_TCGA_b139_154_155_SNP_N_GenomeWideSNP_6_B06_808654	8	112300281	115631294	1827	-0.0525
HELVE_p_TCGA_b139_154_155_SNP_N_GenomeWideSNP_6_B06_808654	8	115631436	115641569	34	-0.5156
HELVE_p_TCGA_b139_154_155_SNP_N_GenomeWideSNP_6_B06_808654	8	115641585	140603502	18403	-0.0182
HELVE_p_TCGA_b139_154_155_SNP_N_GenomeWideSNP_6_B06_808654	8	140604336	140604622	3	1.0999
HELVE_p_TCGA_b139_154_155_SNP_N_GenomeWideSNP_6_B06_808654	8	140604643	146298155	2664	-0.0425
HELVE_p_TCGA_b139_154_155_SNP_N_GenomeWideSNP_6_B06_808654	9	46587	672786	657	0.109
HELVE_p_TCGA_b139_154_155_SNP_N_GenomeWideSNP_6_B06_808654	9	672895	673512	5	-1.0184
HELVE_p_TCGA_b139_154_155_SNP_N_GenomeWideSNP_6_B06_808654	9	676055	33611509	27310	0.0725
HELVE_p_TCGA_b139_154_155_SNP_N_GenomeWideSNP_6_B06_808654	9	33612246	33612583	2	-1.8047
HELVE_p_TCGA_b139_154_155_SNP_N_GenomeWideSNP_6_B06_808654	9	33612691	44629223	3492	0.0554
HELVE_p_TCGA_b139_154_155_SNP_N_GenomeWideSNP_6_B06_808654	9	44727859	44837527	34	-1.0814
HELVE_p_TCGA_b139_154_155_SNP_N_GenomeWideSNP_6_B06_808654	9	44840918	85451187	10828	0.0602
HELVE_p_TCGA_b139_154_155_SNP_N_GenomeWideSNP_6_B06_808654	9	85451416	85452949	3	-0.9706
HELVE_p_TCGA_b139_154_155_SNP_N_GenomeWideSNP_6_B06_808654	9	85454833	141091394	37581	0.0512
HELVE_p_TCGA_b139_154_155_SNP_N_GenomeWideSNP_6_B06_808654	10	72759	133665	16	-0.1107
HELVE_p_TCGA_b139_154_155_SNP_N_GenomeWideSNP_6_B06_808654	10	135656	17894976	14865	0.2397
HELVE_p_TCGA_b139_154_155_SNP_N_GenomeWideSNP_6_B06_808654	10	17927554	18083562	9	-0.311
HELVE_p_TCGA_b139_154_155_SNP_N_GenomeWideSNP_6_B06_808654	10	18106443	18199813	10	0.8355
HELVE_p_TCGA_b139_154_155_SNP_N_GenomeWideSNP_6_B06_808654	10	18223647	20850113	2140	0.2305
HELVE_p_TCGA_b139_154_155_SNP_N_GenomeWideSNP_6_B06_808654	10	20853201	20853503	3	-0.9577
HELVE_p_TCGA_b139_154_155_SNP_N_GenomeWideSNP_6_B06_808654	10	20853534	39045864	12119	0.2322
HELVE_p_TCGA_b139_154_155_SNP_N_GenomeWideSNP_6_B06_808654	10	39050890	47055654	2498	-0.0056
HELVE_p_TCGA_b139_154_155_SNP_N_GenomeWideSNP_6_B06_808654	10	47055711	47059673	17	0.5748
HELVE_p_TCGA_b139_154_155_SNP_N_GenomeWideSNP_6_B06_808654	10	47059746	51822399	2039	0.0014
HELVE_p_TCGA_b139_154_155_SNP_N_GenomeWideSNP_6_B06_808654	10	51830360	51891920	5	-1.8396
HELVE_p_TCGA_b139_154_155_SNP_N_GenomeWideSNP_6_B06_808654	10	51903768	59145813	5406	0.015
HELVE_p_TCGA_b139_154_155_SNP_N_GenomeWideSNP_6_B06_808654	10	59146107	59146466	2	-1.1571
HELVE_p_TCGA_b139_154_155_SNP_N_GenomeWideSNP_6_B06_808654	10	59146776	67306276	5608	0.0439
HELVE_p_TCGA_b139_154_155_SNP_N_GenomeWideSNP_6_B06_808654	10	67307923	67314430	27	-0.4164
HELVE_p_TCGA_b139_154_155_SNP_N_GenomeWideSNP_6_B06_808654	10	67314446	72375648	3448	0.0175
HELVE_p_TCGA_b139_154_155_SNP_N_GenomeWideSNP_6_B06_808654	10	72375801	88876801	10992	-0.2928
HELVE_p_TCGA_b139_154_155_SNP_N_GenomeWideSNP_6_B06_808654	10	88877831	88896438	2	-2.1127
HELVE_p_TCGA_b139_154_155_SNP_N_GenomeWideSNP_6_B06_808654	10	88899365	89069796	34	-0.2764
HELVE_p_TCGA_b139_154_155_SNP_N_GenomeWideSNP_6_B06_808654	10	89070745	89112893	11	-1.0943
HELVE_p_TCGA_b139_154_155_SNP_N_GenomeWideSNP_6_B06_808654	10	89117300	92459611	2478	-0.2455
HELVE_p_TCGA_b139_154_155_SNP_N_GenomeWideSNP_6_B06_808654	10	92459927	92463145	4	-1.4987
HELVE_p_TCGA_b139_154_155_SNP_N_GenomeWideSNP_6_B06_808654	10	92463291	105174869	7420	-0.2752
HELVE_p_TCGA_b139_154_155_SNP_N_GenomeWideSNP_6_B06_808654	10	105175131	105175255	2	-2.2085
HELVE_p_TCGA_b139_154_155_SNP_N_GenomeWideSNP_6_B06_808654	10	105175562	135506704	21904	-0.2975
HELVE_p_TCGA_b139_154_155_SNP_N_GenomeWideSNP_6_B06_808654	11	198510	5783923	3300	0.0028
HELVE_p_TCGA_b139_154_155_SNP_N_GenomeWideSNP_6_B06_808654	11	5787405	5809139	33	-0.4611
HELVE_p_TCGA_b139_154_155_SNP_N_GenomeWideSNP_6_B06_808654	11	5809338	31393294	18566	0.0028
HELVE_p_TCGA_b139_154_155_SNP_N_GenomeWideSNP_6_B06_808654	11	31394268	31397080	2	-2.245
HELVE_p_TCGA_b139_154_155_SNP_N_GenomeWideSNP_6_B06_808654	11	31398207	49758987	11987	0.0087
HELVE_p_TCGA_b139_154_155_SNP_N_GenomeWideSNP_6_B06_808654	11	49759555	49760688	6	-0.8891
HELVE_p_TCGA_b139_154_155_SNP_N_GenomeWideSNP_6_B06_808654	11	49766161	49830092	45	0.0635
HELVE_p_TCGA_b139_154_155_SNP_N_GenomeWideSNP_6_B06_808654	11	49831631	49838364	2	-1.4091
HELVE_p_TCGA_b139_154_155_SNP_N_GenomeWideSNP_6_B06_808654	11	49840141	55363340	704	-0.0078
HELVE_p_TCGA_b139_154_155_SNP_N_GenomeWideSNP_6_B06_808654	11	55374032	55453009	59	0.4073
HELVE_p_TCGA_b139_154_155_SNP_N_GenomeWideSNP_6_B06_808654	11	55453576	74605172	9947	0.0012
HELVE_p_TCGA_b139_154_155_SNP_N_GenomeWideSNP_6_B06_808654	11	74613659	74739934	51	0.5611
HELVE_p_TCGA_b139_154_155_SNP_N_GenomeWideSNP_6_B06_808654	11	74742875	79967513	3300	0.3433
HELVE_p_TCGA_b139_154_155_SNP_N_GenomeWideSNP_6_B06_808654	11	79967548	79967564	2	-2.1198
HELVE_p_TCGA_b139_154_155_SNP_N_GenomeWideSNP_6_B06_808654	11	79967686	83668182	2743	0.3421
HELVE_p_TCGA_b139_154_155_SNP_N_GenomeWideSNP_6_B06_808654	11	83668185	83670320	2	-0.8486
HELVE_p_TCGA_b139_154_155_SNP_N_GenomeWideSNP_6_B06_808654	11	83670325	89548892	3893	0.3566
HELVE_p_TCGA_b139_154_155_SNP_N_GenomeWideSNP_6_B06_808654	11	89550224	89580352	3	-0.8099
HELVE_p_TCGA_b139_154_155_SNP_N_GenomeWideSNP_6_B06_808654	11	89602573	106805698	12219	0.3449
HELVE_p_TCGA_b139_154_155_SNP_N_GenomeWideSNP_6_B06_808654	11	106805948	106806020	2	-0.69
HELVE_p_TCGA_b139_154_155_SNP_N_GenomeWideSNP_6_B06_808654	11	106807523	107230719	288	0.3118
HELVE_p_TCGA_b139_154_155_SNP_N_GenomeWideSNP_6_B06_808654	11	107238656	107239128	7	-1.0484
HELVE_p_TCGA_b139_154_155_SNP_N_GenomeWideSNP_6_B06_808654	11	107252362	134930689	19946	0.3312
HELVE_p_TCGA_b139_154_155_SNP_N_GenomeWideSNP_6_B06_808654	11	134932565	134944770	10	0.0765
HELVE_p_TCGA_b139_154_155_SNP_N_GenomeWideSNP_6_B06_808654	12	150442	4388532	2892	0.1351
HELVE_p_TCGA_b139_154_155_SNP_N_GenomeWideSNP_6_B06_808654	12	4389155	4389206	4	-1.1184
HELVE_p_TCGA_b139_154_155_SNP_N_GenomeWideSNP_6_B06_808654	12	4389349	7686205	2323	0.1135
HELVE_p_TCGA_b139_154_155_SNP_N_GenomeWideSNP_6_B06_808654	12	7693399	9630556	983	-0.1623
HELVE_p_TCGA_b139_154_155_SNP_N_GenomeWideSNP_6_B06_808654	12	9633870	9728292	25	0.7645
HELVE_p_TCGA_b139_154_155_SNP_N_GenomeWideSNP_6_B06_808654	12	9734969	113120722	64524	-0.1293
HELVE_p_TCGA_b139_154_155_SNP_N_GenomeWideSNP_6_B06_808654	12	113123910	133778189	14306	0.2115
HELVE_p_TCGA_b139_154_155_SNP_N_GenomeWideSNP_6_B06_808654	13	19026949	20121459	567	0.534
HELVE_p_TCGA_b139_154_155_SNP_N_GenomeWideSNP_6_B06_808654	13	20123895	20123910	2	-1.1591
HELVE_p_TCGA_b139_154_155_SNP_N_GenomeWideSNP_6_B06_808654	13	20124501	20820781	339	0.5789
HELVE_p_TCGA_b139_154_155_SNP_N_GenomeWideSNP_6_B06_808654	13	20827251	20827940	2	-1.063
HELVE_p_TCGA_b139_154_155_SNP_N_GenomeWideSNP_6_B06_808654	13	20832547	23629187	1985	0.5858
HELVE_p_TCGA_b139_154_155_SNP_N_GenomeWideSNP_6_B06_808654	13	23629210	23633515	13	-0.6508
HELVE_p_TCGA_b139_154_155_SNP_N_GenomeWideSNP_6_B06_808654	13	23638195	38071135	10653	0.5854
HELVE_p_TCGA_b139_154_155_SNP_N_GenomeWideSNP_6_B06_808654	13	38072036	38084757	16	1.3449
HELVE_p_TCGA_b139_154_155_SNP_N_GenomeWideSNP_6_B06_808654	13	38088330	39052811	701	0.5726
HELVE_p_TCGA_b139_154_155_SNP_N_GenomeWideSNP_6_B06_808654	13	39057572	39065233	4	1.2135
HELVE_p_TCGA_b139_154_155_SNP_N_GenomeWideSNP_6_B06_808654	13	39066489	53094799	9206	0.6126
HELVE_p_TCGA_b139_154_155_SNP_N_GenomeWideSNP_6_B06_808654	13	53097984	53105785	3	-1.029
HELVE_p_TCGA_b139_154_155_SNP_N_GenomeWideSNP_6_B06_808654	13	53117879	62806981	5681	0.5371
HELVE_p_TCGA_b139_154_155_SNP_N_GenomeWideSNP_6_B06_808654	13	62809274	62809482	3	-0.9717
HELVE_p_TCGA_b139_154_155_SNP_N_GenomeWideSNP_6_B06_808654	13	62818093	72476988	5970	0.5402
HELVE_p_TCGA_b139_154_155_SNP_N_GenomeWideSNP_6_B06_808654	13	72477555	72480556	4	1.5537
HELVE_p_TCGA_b139_154_155_SNP_N_GenomeWideSNP_6_B06_808654	13	72480605	83788118	7701	0.5978
HELVE_p_TCGA_b139_154_155_SNP_N_GenomeWideSNP_6_B06_808654	13	83788144	83792193	8	-0.697
HELVE_p_TCGA_b139_154_155_SNP_N_GenomeWideSNP_6_B06_808654	13	83792214	86168153	1527	0.5128
HELVE_p_TCGA_b139_154_155_SNP_N_GenomeWideSNP_6_B06_808654	13	86170849	86171188	3	-0.7244
HELVE_p_TCGA_b139_154_155_SNP_N_GenomeWideSNP_6_B06_808654	13	86171260	115108397	19896	0.5727
HELVE_p_TCGA_b139_154_155_SNP_N_GenomeWideSNP_6_B06_808654	14	19002124	20203885	87	-0.3552
HELVE_p_TCGA_b139_154_155_SNP_N_GenomeWideSNP_6_B06_808654	14	20203898	20412800	93	-0.7277
HELVE_p_TCGA_b139_154_155_SNP_N_GenomeWideSNP_6_B06_808654	14	20413671	23094845	1994	-0.3309
HELVE_p_TCGA_b139_154_155_SNP_N_GenomeWideSNP_6_B06_808654	14	23095002	23099209	6	-1.8325
HELVE_p_TCGA_b139_154_155_SNP_N_GenomeWideSNP_6_B06_808654	14	23099390	36482500	8354	-0.357
HELVE_p_TCGA_b139_154_155_SNP_N_GenomeWideSNP_6_B06_808654	14	36482775	36485241	3	-2.338
HELVE_p_TCGA_b139_154_155_SNP_N_GenomeWideSNP_6_B06_808654	14	36485443	107285437	45009	-0.3748
HELVE_p_TCGA_b139_154_155_SNP_N_GenomeWideSNP_6_B06_808654	15	20016328	20192169	45	-0.3664
HELVE_p_TCGA_b139_154_155_SNP_N_GenomeWideSNP_6_B06_808654	15	20194738	22587474	377	-0.0218
HELVE_p_TCGA_b139_154_155_SNP_N_GenomeWideSNP_6_B06_808654	15	22673399	102469040	51596	-0.3667
HELVE_p_TCGA_b139_154_155_SNP_N_GenomeWideSNP_6_B06_808654	16	60777	4877958	2021	0.0221
HELVE_p_TCGA_b139_154_155_SNP_N_GenomeWideSNP_6_B06_808654	16	4878402	4878889	3	-1.3163
HELVE_p_TCGA_b139_154_155_SNP_N_GenomeWideSNP_6_B06_808654	16	4883597	6782736	2048	0.0474
HELVE_p_TCGA_b139_154_155_SNP_N_GenomeWideSNP_6_B06_808654	16	6786976	7063562	315	-0.3638
HELVE_p_TCGA_b139_154_155_SNP_N_GenomeWideSNP_6_B06_808654	16	7063775	17052690	7572	0.051
HELVE_p_TCGA_b139_154_155_SNP_N_GenomeWideSNP_6_B06_808654	16	17052782	17052798	2	-1.5201
HELVE_p_TCGA_b139_154_155_SNP_N_GenomeWideSNP_6_B06_808654	16	17052858	18704192	864	0.0802
HELVE_p_TCGA_b139_154_155_SNP_N_GenomeWideSNP_6_B06_808654	16	18716255	18717305	2	-1.2436
HELVE_p_TCGA_b139_154_155_SNP_N_GenomeWideSNP_6_B06_808654	16	18724847	33999879	7562	0.0352
HELVE_p_TCGA_b139_154_155_SNP_N_GenomeWideSNP_6_B06_808654	16	34002622	52410851	4168	0.2624
HELVE_p_TCGA_b139_154_155_SNP_N_GenomeWideSNP_6_B06_808654	16	52412950	52414691	2	-0.9181
HELVE_p_TCGA_b139_154_155_SNP_N_GenomeWideSNP_6_B06_808654	16	52417241	57433341	3746	0.2612
HELVE_p_TCGA_b139_154_155_SNP_N_GenomeWideSNP_6_B06_808654	16	57436153	57437936	2	-0.9757
HELVE_p_TCGA_b139_154_155_SNP_N_GenomeWideSNP_6_B06_808654	16	57439112	78371608	13466	0.2596
HELVE_p_TCGA_b139_154_155_SNP_N_GenomeWideSNP_6_B06_808654	16	78372440	78384765	16	-0.1899
HELVE_p_TCGA_b139_154_155_SNP_N_GenomeWideSNP_6_B06_808654	16	78385001	90226124	10636	0.2547
HELVE_p_TCGA_b139_154_155_SNP_N_GenomeWideSNP_6_B06_808654	16	90245854	90287535	2	-0.1861
HELVE_p_TCGA_b139_154_155_SNP_N_GenomeWideSNP_6_B06_808654	17	526	13155874	8136	-0.0656
HELVE_p_TCGA_b139_154_155_SNP_N_GenomeWideSNP_6_B06_808654	17	13156053	13156979	5	-0.9285
HELVE_p_TCGA_b139_154_155_SNP_N_GenomeWideSNP_6_B06_808654	17	13157540	22029763	4790	-0.0502
HELVE_p_TCGA_b139_154_155_SNP_N_GenomeWideSNP_6_B06_808654	17	22030023	22030035	2	-1.4729
HELVE_p_TCGA_b139_154_155_SNP_N_GenomeWideSNP_6_B06_808654	17	22030411	35776168	6177	-0.0409
HELVE_p_TCGA_b139_154_155_SNP_N_GenomeWideSNP_6_B06_808654	17	35779119	35779639	2	-1.2968
HELVE_p_TCGA_b139_154_155_SNP_N_GenomeWideSNP_6_B06_808654	17	35785479	39423090	1853	-0.0461
HELVE_p_TCGA_b139_154_155_SNP_N_GenomeWideSNP_6_B06_808654	17	39423103	39423305	5	1.7347
HELVE_p_TCGA_b139_154_155_SNP_N_GenomeWideSNP_6_B06_808654	17	39423320	39430157	10	0.4921
HELVE_p_TCGA_b139_154_155_SNP_N_GenomeWideSNP_6_B06_808654	17	39430173	39430450	3	2.2559
HELVE_p_TCGA_b139_154_155_SNP_N_GenomeWideSNP_6_B06_808654	17	39430531	43655090	2170	-0.0522
HELVE_p_TCGA_b139_154_155_SNP_N_GenomeWideSNP_6_B06_808654	17	43656380	43659426	6	-1.1258
HELVE_p_TCGA_b139_154_155_SNP_N_GenomeWideSNP_6_B06_808654	17	43664693	44201438	367	-0.068
HELVE_p_TCGA_b139_154_155_SNP_N_GenomeWideSNP_6_B06_808654	17	44201454	44394412	97	-0.4071
HELVE_p_TCGA_b139_154_155_SNP_N_GenomeWideSNP_6_B06_808654	17	44394414	44752300	47	0.809
HELVE_p_TCGA_b139_154_155_SNP_N_GenomeWideSNP_6_B06_808654	17	44764994	81049726	21620	-0.044
HELVE_p_TCGA_b139_154_155_SNP_N_GenomeWideSNP_6_B06_808654	18	11543	38258082	22807	-0.3645
HELVE_p_TCGA_b139_154_155_SNP_N_GenomeWideSNP_6_B06_808654	18	38258096	38269812	35	0.0672
HELVE_p_TCGA_b139_154_155_SNP_N_GenomeWideSNP_6_B06_808654	18	38270072	78015057	27914	-0.3872
HELVE_p_TCGA_b139_154_155_SNP_N_GenomeWideSNP_6_B06_808654	19	90910	20746190	9073	0.039
HELVE_p_TCGA_b139_154_155_SNP_N_GenomeWideSNP_6_B06_808654	19	20759077	20759858	2	-1.6791
HELVE_p_TCGA_b139_154_155_SNP_N_GenomeWideSNP_6_B06_808654	19	20765130	20826976	43	0.0654
HELVE_p_TCGA_b139_154_155_SNP_N_GenomeWideSNP_6_B06_808654	19	20829591	20986315	95	0.5369
HELVE_p_TCGA_b139_154_155_SNP_N_GenomeWideSNP_6_B06_808654	19	20996860	41352737	10426	0.0339
HELVE_p_TCGA_b139_154_155_SNP_N_GenomeWideSNP_6_B06_808654	19	41357000	41375782	25	-0.6559
HELVE_p_TCGA_b139_154_155_SNP_N_GenomeWideSNP_6_B06_808654	19	41375797	43315611	917	0.055
HELVE_p_TCGA_b139_154_155_SNP_N_GenomeWideSNP_6_B06_808654	19	43321137	43740965	196	-0.7836
HELVE_p_TCGA_b139_154_155_SNP_N_GenomeWideSNP_6_B06_808654	19	43753301	55508705	6352	0.0472
HELVE_p_TCGA_b139_154_155_SNP_N_GenomeWideSNP_6_B06_808654	19	55509307	55509688	2	-2.1037
HELVE_p_TCGA_b139_154_155_SNP_N_GenomeWideSNP_6_B06_808654	19	55509865	59097854	2215	0.0324
HELVE_p_TCGA_b139_154_155_SNP_N_GenomeWideSNP_6_B06_808654	20	61305	61582	9	0.0507
HELVE_p_TCGA_b139_154_155_SNP_N_GenomeWideSNP_6_B06_808654	20	61675	706823	476	0.5822
HELVE_p_TCGA_b139_154_155_SNP_N_GenomeWideSNP_6_B06_808654	20	707598	707712	2	-0.8784
HELVE_p_TCGA_b139_154_155_SNP_N_GenomeWideSNP_6_B06_808654	20	711775	1552503	699	0.5774
HELVE_p_TCGA_b139_154_155_SNP_N_GenomeWideSNP_6_B06_808654	20	1557190	1582207	57	-0.5692
HELVE_p_TCGA_b139_154_155_SNP_N_GenomeWideSNP_6_B06_808654	20	1590257	62956153	41258	0.599
HELVE_p_TCGA_b139_154_155_SNP_N_GenomeWideSNP_6_B06_808654	21	10736871	11018107	78	0.1886
HELVE_p_TCGA_b139_154_155_SNP_N_GenomeWideSNP_6_B06_808654	21	11039219	20811142	4261	-0.0331
HELVE_p_TCGA_b139_154_155_SNP_N_GenomeWideSNP_6_B06_808654	21	20812359	20827152	9	0.2219
HELVE_p_TCGA_b139_154_155_SNP_N_GenomeWideSNP_6_B06_808654	21	20827199	48096957	20046	-0.0727
HELVE_p_TCGA_b139_154_155_SNP_N_GenomeWideSNP_6_B06_808654	22	16052528	16102342	6	-0.8653
HELVE_p_TCGA_b139_154_155_SNP_N_GenomeWideSNP_6_B06_808654	22	16102348	22757321	3644	-0.0677
HELVE_p_TCGA_b139_154_155_SNP_N_GenomeWideSNP_6_B06_808654	22	22769923	42314413	13444	-0.3992
HELVE_p_TCGA_b139_154_155_SNP_N_GenomeWideSNP_6_B06_808654	22	42317111	42323913	4	-1.5868
HELVE_p_TCGA_b139_154_155_SNP_N_GenomeWideSNP_6_B06_808654	22	42324169	42733557	223	-0.3825
HELVE_p_TCGA_b139_154_155_SNP_N_GenomeWideSNP_6_B06_808654	22	42733843	42741466	2	-2.006
HELVE_p_TCGA_b139_154_155_SNP_N_GenomeWideSNP_6_B06_808654	22	42742451	42955788	111	-0.3704
HELVE_p_TCGA_b139_154_155_SNP_N_GenomeWideSNP_6_B06_808654	22	42957288	42977190	7	-1.3573
HELVE_p_TCGA_b139_154_155_SNP_N_GenomeWideSNP_6_B06_808654	22	42980051	43558487	359	-0.4066
HELVE_p_TCGA_b139_154_155_SNP_N_GenomeWideSNP_6_B06_808654	22	43558926	43560682	2	-3.5163
HELVE_p_TCGA_b139_154_155_SNP_N_GenomeWideSNP_6_B06_808654	22	43560832	51234455	5728	-0.436
HELVE_p_TCGA_b139_154_155_SNP_N_GenomeWideSNP_6_B06_808654	X	168477	24595414	15002	0.0135
HELVE_p_TCGA_b139_154_155_SNP_N_GenomeWideSNP_6_B06_808654	X	24595641	24595747	3	-2.9754
HELVE_p_TCGA_b139_154_155_SNP_N_GenomeWideSNP_6_B06_808654	X	24597949	30468390	3707	0.0016
HELVE_p_TCGA_b139_154_155_SNP_N_GenomeWideSNP_6_B06_808654	X	30473505	30475664	4	-2.0007
HELVE_p_TCGA_b139_154_155_SNP_N_GenomeWideSNP_6_B06_808654	X	30476062	134769423	53158	0.0057
HELVE_p_TCGA_b139_154_155_SNP_N_GenomeWideSNP_6_B06_808654	X	134769458	134769596	2	-3.187
HELVE_p_TCGA_b139_154_155_SNP_N_GenomeWideSNP_6_B06_808654	X	134772766	155182354	12453	-0.0279
HELVE_p_TCGA_b139_154_155_SNP_N_GenomeWideSNP_6_B06_808654	Y	2650438	59018259	8634	-0.9752
