Sample	Chromosome	Start	End	Num_Probes	Segment_Mean
OWNED_p_TCGA_b102_105_SNP_N_GenomeWideSNP_6_C05_777032	1	61735	228706	18	-0.5875
OWNED_p_TCGA_b102_105_SNP_N_GenomeWideSNP_6_C05_777032	1	228729	813318	50	-0.0547
OWNED_p_TCGA_b102_105_SNP_N_GenomeWideSNP_6_C05_777032	1	818586	9326658	4587	-0.4206
OWNED_p_TCGA_b102_105_SNP_N_GenomeWideSNP_6_C05_777032	1	9327413	9331952	4	-2.3187
OWNED_p_TCGA_b102_105_SNP_N_GenomeWideSNP_6_C05_777032	1	9331973	16830820	4000	-0.3924
OWNED_p_TCGA_b102_105_SNP_N_GenomeWideSNP_6_C05_777032	1	16831863	17284920	176	-0.776
OWNED_p_TCGA_b102_105_SNP_N_GenomeWideSNP_6_C05_777032	1	17286210	18585302	957	-0.4183
OWNED_p_TCGA_b102_105_SNP_N_GenomeWideSNP_6_C05_777032	1	18585845	18601875	19	-3.8701
OWNED_p_TCGA_b102_105_SNP_N_GenomeWideSNP_6_C05_777032	1	18601910	25583341	4253	-0.3941
OWNED_p_TCGA_b102_105_SNP_N_GenomeWideSNP_6_C05_777032	1	25593128	25646689	25	-1.6646
OWNED_p_TCGA_b102_105_SNP_N_GenomeWideSNP_6_C05_777032	1	25646744	31315153	2854	-0.3976
OWNED_p_TCGA_b102_105_SNP_N_GenomeWideSNP_6_C05_777032	1	31315191	31315593	3	-2.4526
OWNED_p_TCGA_b102_105_SNP_N_GenomeWideSNP_6_C05_777032	1	31316029	57698001	15221	-0.3779
OWNED_p_TCGA_b102_105_SNP_N_GenomeWideSNP_6_C05_777032	1	57698117	57698370	2	-2.4972
OWNED_p_TCGA_b102_105_SNP_N_GenomeWideSNP_6_C05_777032	1	57700010	72763370	10674	-0.3601
OWNED_p_TCGA_b102_105_SNP_N_GenomeWideSNP_6_C05_777032	1	72768418	72811148	48	0.5295
OWNED_p_TCGA_b102_105_SNP_N_GenomeWideSNP_6_C05_777032	1	72811904	73600151	479	-0.3597
OWNED_p_TCGA_b102_105_SNP_N_GenomeWideSNP_6_C05_777032	1	73600593	74367148	475	-1.0591
OWNED_p_TCGA_b102_105_SNP_N_GenomeWideSNP_6_C05_777032	1	74371508	83829357	6122	-0.3772
OWNED_p_TCGA_b102_105_SNP_N_GenomeWideSNP_6_C05_777032	1	83829675	83829841	2	-2.074
OWNED_p_TCGA_b102_105_SNP_N_GenomeWideSNP_6_C05_777032	1	83829980	98689443	9573	-0.3663
OWNED_p_TCGA_b102_105_SNP_N_GenomeWideSNP_6_C05_777032	1	98689515	98690214	2	-4.4526
OWNED_p_TCGA_b102_105_SNP_N_GenomeWideSNP_6_C05_777032	1	98693218	104157336	3379	-0.3548
OWNED_p_TCGA_b102_105_SNP_N_GenomeWideSNP_6_C05_777032	1	104158309	104239689	18	-1.2563
OWNED_p_TCGA_b102_105_SNP_N_GenomeWideSNP_6_C05_777032	1	104239986	110224384	3599	-0.3584
OWNED_p_TCGA_b102_105_SNP_N_GenomeWideSNP_6_C05_777032	1	110224427	110251964	50	-0.6678
OWNED_p_TCGA_b102_105_SNP_N_GenomeWideSNP_6_C05_777032	1	110253130	112696087	1930	-0.3894
OWNED_p_TCGA_b102_105_SNP_N_GenomeWideSNP_6_C05_777032	1	112696193	112706194	32	0.1632
OWNED_p_TCGA_b102_105_SNP_N_GenomeWideSNP_6_C05_777032	1	112706198	116176037	2162	-0.3696
OWNED_p_TCGA_b102_105_SNP_N_GenomeWideSNP_6_C05_777032	1	116176717	117414514	875	0.1356
OWNED_p_TCGA_b102_105_SNP_N_GenomeWideSNP_6_C05_777032	1	117414780	120182137	1747	-0.3735
OWNED_p_TCGA_b102_105_SNP_N_GenomeWideSNP_6_C05_777032	1	120184881	145151728	587	0.0608
OWNED_p_TCGA_b102_105_SNP_N_GenomeWideSNP_6_C05_777032	1	145151959	145156462	11	0.9194
OWNED_p_TCGA_b102_105_SNP_N_GenomeWideSNP_6_C05_777032	1	145156736	145382124	59	-0.1256
OWNED_p_TCGA_b102_105_SNP_N_GenomeWideSNP_6_C05_777032	1	145390114	147807716	839	0.1072
OWNED_p_TCGA_b102_105_SNP_N_GenomeWideSNP_6_C05_777032	1	147807964	149024808	74	-0.1967
OWNED_p_TCGA_b102_105_SNP_N_GenomeWideSNP_6_C05_777032	1	149036524	149306068	140	-0.6927
OWNED_p_TCGA_b102_105_SNP_N_GenomeWideSNP_6_C05_777032	1	149336636	149429206	22	-0.3971
OWNED_p_TCGA_b102_105_SNP_N_GenomeWideSNP_6_C05_777032	1	149436842	152555527	1494	0.0792
OWNED_p_TCGA_b102_105_SNP_N_GenomeWideSNP_6_C05_777032	1	152555706	152586594	35	-0.557
OWNED_p_TCGA_b102_105_SNP_N_GenomeWideSNP_6_C05_777032	1	152590494	169216937	11537	0.1135
OWNED_p_TCGA_b102_105_SNP_N_GenomeWideSNP_6_C05_777032	1	169233974	169238731	5	-1.7238
OWNED_p_TCGA_b102_105_SNP_N_GenomeWideSNP_6_C05_777032	1	169241766	189648157	13442	0.1037
OWNED_p_TCGA_b102_105_SNP_N_GenomeWideSNP_6_C05_777032	1	189648483	189648527	2	-1.4536
OWNED_p_TCGA_b102_105_SNP_N_GenomeWideSNP_6_C05_777032	1	189652047	194703490	3428	0.0955
OWNED_p_TCGA_b102_105_SNP_N_GenomeWideSNP_6_C05_777032	1	194703530	194707194	3	-0.9213
OWNED_p_TCGA_b102_105_SNP_N_GenomeWideSNP_6_C05_777032	1	194710179	196714822	1309	0.1064
OWNED_p_TCGA_b102_105_SNP_N_GenomeWideSNP_6_C05_777032	1	196714873	196816730	98	-0.3762
OWNED_p_TCGA_b102_105_SNP_N_GenomeWideSNP_6_C05_777032	1	196823317	210071062	8806	0.1094
OWNED_p_TCGA_b102_105_SNP_N_GenomeWideSNP_6_C05_777032	1	210081613	210083984	3	-1.5862
OWNED_p_TCGA_b102_105_SNP_N_GenomeWideSNP_6_C05_777032	1	210086552	242419250	22737	0.1056
OWNED_p_TCGA_b102_105_SNP_N_GenomeWideSNP_6_C05_777032	1	242420839	242424870	4	0.8333
OWNED_p_TCGA_b102_105_SNP_N_GenomeWideSNP_6_C05_777032	1	242425185	249224388	4344	0.0827
OWNED_p_TCGA_b102_105_SNP_N_GenomeWideSNP_6_C05_777032	2	12784	1290899	843	0.0691
OWNED_p_TCGA_b102_105_SNP_N_GenomeWideSNP_6_C05_777032	2	1291096	1293260	2	-1.5996
OWNED_p_TCGA_b102_105_SNP_N_GenomeWideSNP_6_C05_777032	2	1293671	34520473	23121	0.0937
OWNED_p_TCGA_b102_105_SNP_N_GenomeWideSNP_6_C05_777032	2	34523978	34525580	2	-1.8976
OWNED_p_TCGA_b102_105_SNP_N_GenomeWideSNP_6_C05_777032	2	34525967	34691069	95	0.0369
OWNED_p_TCGA_b102_105_SNP_N_GenomeWideSNP_6_C05_777032	2	34699315	34737057	46	0.6129
OWNED_p_TCGA_b102_105_SNP_N_GenomeWideSNP_6_C05_777032	2	34737163	44281442	7016	0.1301
OWNED_p_TCGA_b102_105_SNP_N_GenomeWideSNP_6_C05_777032	2	44283172	44289652	9	-0.9048
OWNED_p_TCGA_b102_105_SNP_N_GenomeWideSNP_6_C05_777032	2	44292977	52754468	5992	0.1045
OWNED_p_TCGA_b102_105_SNP_N_GenomeWideSNP_6_C05_777032	2	52754480	52781542	39	0.6705
OWNED_p_TCGA_b102_105_SNP_N_GenomeWideSNP_6_C05_777032	2	52787949	55621744	2165	0.1201
OWNED_p_TCGA_b102_105_SNP_N_GenomeWideSNP_6_C05_777032	2	55627639	55627913	3	1.175
OWNED_p_TCGA_b102_105_SNP_N_GenomeWideSNP_6_C05_777032	2	55632245	79329146	15016	0.091
OWNED_p_TCGA_b102_105_SNP_N_GenomeWideSNP_6_C05_777032	2	79330778	79342811	8	1.0453
OWNED_p_TCGA_b102_105_SNP_N_GenomeWideSNP_6_C05_777032	2	79343818	88446231	5112	0.1053
OWNED_p_TCGA_b102_105_SNP_N_GenomeWideSNP_6_C05_777032	2	88446612	88454886	2	-0.8577
OWNED_p_TCGA_b102_105_SNP_N_GenomeWideSNP_6_C05_777032	2	88454959	90248524	696	0.0111
OWNED_p_TCGA_b102_105_SNP_N_GenomeWideSNP_6_C05_777032	2	90248784	92286207	139	-0.2606
OWNED_p_TCGA_b102_105_SNP_N_GenomeWideSNP_6_C05_777032	2	92288268	98118212	909	0.0741
OWNED_p_TCGA_b102_105_SNP_N_GenomeWideSNP_6_C05_777032	2	98140747	98162189	9	-0.941
OWNED_p_TCGA_b102_105_SNP_N_GenomeWideSNP_6_C05_777032	2	98166878	106874722	5571	0.0983
OWNED_p_TCGA_b102_105_SNP_N_GenomeWideSNP_6_C05_777032	2	106880095	106885357	12	-0.3385
OWNED_p_TCGA_b102_105_SNP_N_GenomeWideSNP_6_C05_777032	2	106887255	106887408	2	-1.6158
OWNED_p_TCGA_b102_105_SNP_N_GenomeWideSNP_6_C05_777032	2	106887870	126442223	11483	0.096
OWNED_p_TCGA_b102_105_SNP_N_GenomeWideSNP_6_C05_777032	2	126451651	126451913	2	1.476
OWNED_p_TCGA_b102_105_SNP_N_GenomeWideSNP_6_C05_777032	2	126451932	144788522	11260	0.0721
OWNED_p_TCGA_b102_105_SNP_N_GenomeWideSNP_6_C05_777032	2	144793554	144908230	51	-0.2081
OWNED_p_TCGA_b102_105_SNP_N_GenomeWideSNP_6_C05_777032	2	144909790	146861446	1115	0.026
OWNED_p_TCGA_b102_105_SNP_N_GenomeWideSNP_6_C05_777032	2	146862085	146866934	25	0.5433
OWNED_p_TCGA_b102_105_SNP_N_GenomeWideSNP_6_C05_777032	2	146877806	205344417	34919	0.1074
OWNED_p_TCGA_b102_105_SNP_N_GenomeWideSNP_6_C05_777032	2	205344452	205344687	4	-0.8857
OWNED_p_TCGA_b102_105_SNP_N_GenomeWideSNP_6_C05_777032	2	205344693	229757006	15932	0.0937
OWNED_p_TCGA_b102_105_SNP_N_GenomeWideSNP_6_C05_777032	2	229759479	229759913	8	-0.7085
OWNED_p_TCGA_b102_105_SNP_N_GenomeWideSNP_6_C05_777032	2	229760083	243089456	8222	0.0832
OWNED_p_TCGA_b102_105_SNP_N_GenomeWideSNP_6_C05_777032	3	60345	6856545	6027	0.1072
OWNED_p_TCGA_b102_105_SNP_N_GenomeWideSNP_6_C05_777032	3	6861453	6911400	36	-0.3318
OWNED_p_TCGA_b102_105_SNP_N_GenomeWideSNP_6_C05_777032	3	6912613	11108154	3342	0.1034
OWNED_p_TCGA_b102_105_SNP_N_GenomeWideSNP_6_C05_777032	3	11110808	11115921	3	-1.4614
OWNED_p_TCGA_b102_105_SNP_N_GenomeWideSNP_6_C05_777032	3	11118659	23979303	8492	0.0929
OWNED_p_TCGA_b102_105_SNP_N_GenomeWideSNP_6_C05_777032	3	23981429	23982328	2	-2.6963
OWNED_p_TCGA_b102_105_SNP_N_GenomeWideSNP_6_C05_777032	3	23982330	41729576	12282	0.1041
OWNED_p_TCGA_b102_105_SNP_N_GenomeWideSNP_6_C05_777032	3	41732268	41733333	2	-1.9599
OWNED_p_TCGA_b102_105_SNP_N_GenomeWideSNP_6_C05_777032	3	41734693	75494428	22524	0.1141
OWNED_p_TCGA_b102_105_SNP_N_GenomeWideSNP_6_C05_777032	3	75497033	75822459	94	-0.2537
OWNED_p_TCGA_b102_105_SNP_N_GenomeWideSNP_6_C05_777032	3	75823571	129763698	29710	0.0965
OWNED_p_TCGA_b102_105_SNP_N_GenomeWideSNP_6_C05_777032	3	129766586	129806236	51	-1.2676
OWNED_p_TCGA_b102_105_SNP_N_GenomeWideSNP_6_C05_777032	3	129806924	129889786	31	-0.1818
OWNED_p_TCGA_b102_105_SNP_N_GenomeWideSNP_6_C05_777032	3	129890397	151510042	13543	0.1192
OWNED_p_TCGA_b102_105_SNP_N_GenomeWideSNP_6_C05_777032	3	151511085	151515724	6	-0.3113
OWNED_p_TCGA_b102_105_SNP_N_GenomeWideSNP_6_C05_777032	3	151515934	151543301	23	-0.8383
OWNED_p_TCGA_b102_105_SNP_N_GenomeWideSNP_6_C05_777032	3	151545879	160695770	5492	0.1122
OWNED_p_TCGA_b102_105_SNP_N_GenomeWideSNP_6_C05_777032	3	160696867	160697733	4	-1.0107
OWNED_p_TCGA_b102_105_SNP_N_GenomeWideSNP_6_C05_777032	3	160702096	162540490	1183	0.1128
OWNED_p_TCGA_b102_105_SNP_N_GenomeWideSNP_6_C05_777032	3	162545716	162626603	50	-0.2995
OWNED_p_TCGA_b102_105_SNP_N_GenomeWideSNP_6_C05_777032	3	162628614	173508116	6551	0.132
OWNED_p_TCGA_b102_105_SNP_N_GenomeWideSNP_6_C05_777032	3	173508435	173543235	21	0.5283
OWNED_p_TCGA_b102_105_SNP_N_GenomeWideSNP_6_C05_777032	3	173543409	192877962	12604	0.1133
OWNED_p_TCGA_b102_105_SNP_N_GenomeWideSNP_6_C05_777032	3	192878045	192882903	18	1.1135
OWNED_p_TCGA_b102_105_SNP_N_GenomeWideSNP_6_C05_777032	3	192886435	195279210	1482	0.1322
OWNED_p_TCGA_b102_105_SNP_N_GenomeWideSNP_6_C05_777032	3	195284382	195474763	50	-0.2843
OWNED_p_TCGA_b102_105_SNP_N_GenomeWideSNP_6_C05_777032	3	195478694	197896118	1173	0.1324
OWNED_p_TCGA_b102_105_SNP_N_GenomeWideSNP_6_C05_777032	4	12281	65978	57	-0.4304
OWNED_p_TCGA_b102_105_SNP_N_GenomeWideSNP_6_C05_777032	4	66719	102571	28	0.2598
OWNED_p_TCGA_b102_105_SNP_N_GenomeWideSNP_6_C05_777032	4	103530	1792018	602	-0.395
OWNED_p_TCGA_b102_105_SNP_N_GenomeWideSNP_6_C05_777032	4	1793283	1797852	2	-2.3719
OWNED_p_TCGA_b102_105_SNP_N_GenomeWideSNP_6_C05_777032	4	1797952	10210390	5073	-0.4253
OWNED_p_TCGA_b102_105_SNP_N_GenomeWideSNP_6_C05_777032	4	10223416	10235268	35	-1.602
OWNED_p_TCGA_b102_105_SNP_N_GenomeWideSNP_6_C05_777032	4	10236142	10272093	42	-0.4693
OWNED_p_TCGA_b102_105_SNP_N_GenomeWideSNP_6_C05_777032	4	10272788	10273549	4	-1.395
OWNED_p_TCGA_b102_105_SNP_N_GenomeWideSNP_6_C05_777032	4	10273579	19237501	6761	-0.3858
OWNED_p_TCGA_b102_105_SNP_N_GenomeWideSNP_6_C05_777032	4	19242068	19283895	41	-1.1235
OWNED_p_TCGA_b102_105_SNP_N_GenomeWideSNP_6_C05_777032	4	19286515	30816901	7742	-0.3768
OWNED_p_TCGA_b102_105_SNP_N_GenomeWideSNP_6_C05_777032	4	30816951	30820766	2	-1.9396
OWNED_p_TCGA_b102_105_SNP_N_GenomeWideSNP_6_C05_777032	4	30821580	34779054	2355	-0.3672
OWNED_p_TCGA_b102_105_SNP_N_GenomeWideSNP_6_C05_777032	4	34786500	34824183	37	-1.1301
OWNED_p_TCGA_b102_105_SNP_N_GenomeWideSNP_6_C05_777032	4	34824725	49179856	8960	-0.3625
OWNED_p_TCGA_b102_105_SNP_N_GenomeWideSNP_6_C05_777032	4	49205918	49656595	27	-0.7616
OWNED_p_TCGA_b102_105_SNP_N_GenomeWideSNP_6_C05_777032	4	49658223	54101186	782	-0.3602
OWNED_p_TCGA_b102_105_SNP_N_GenomeWideSNP_6_C05_777032	4	54102043	54201620	46	-1.0943
OWNED_p_TCGA_b102_105_SNP_N_GenomeWideSNP_6_C05_777032	4	54203701	64707581	6746	-0.381
OWNED_p_TCGA_b102_105_SNP_N_GenomeWideSNP_6_C05_777032	4	64707605	64708258	7	-2.3535
OWNED_p_TCGA_b102_105_SNP_N_GenomeWideSNP_6_C05_777032	4	64716431	66565801	1183	-0.3588
OWNED_p_TCGA_b102_105_SNP_N_GenomeWideSNP_6_C05_777032	4	66567056	66567198	3	-2.63
OWNED_p_TCGA_b102_105_SNP_N_GenomeWideSNP_6_C05_777032	4	66568768	69220383	1664	-0.357
OWNED_p_TCGA_b102_105_SNP_N_GenomeWideSNP_6_C05_777032	4	69226848	69256760	7	0.3338
OWNED_p_TCGA_b102_105_SNP_N_GenomeWideSNP_6_C05_777032	4	69260073	69372003	24	-0.3387
OWNED_p_TCGA_b102_105_SNP_N_GenomeWideSNP_6_C05_777032	4	69374941	69591782	77	0.059
OWNED_p_TCGA_b102_105_SNP_N_GenomeWideSNP_6_C05_777032	4	69595591	69745794	94	-0.2476
OWNED_p_TCGA_b102_105_SNP_N_GenomeWideSNP_6_C05_777032	4	69749750	69749788	2	-2.5925
OWNED_p_TCGA_b102_105_SNP_N_GenomeWideSNP_6_C05_777032	4	69752148	91074402	13215	-0.348
OWNED_p_TCGA_b102_105_SNP_N_GenomeWideSNP_6_C05_777032	4	91080598	91237071	113	-1.0225
OWNED_p_TCGA_b102_105_SNP_N_GenomeWideSNP_6_C05_777032	4	91238601	94839122	1991	-0.3338
OWNED_p_TCGA_b102_105_SNP_N_GenomeWideSNP_6_C05_777032	4	94839209	94840017	3	-2.3361
OWNED_p_TCGA_b102_105_SNP_N_GenomeWideSNP_6_C05_777032	4	94840203	190189043	59042	-0.3588
OWNED_p_TCGA_b102_105_SNP_N_GenomeWideSNP_6_C05_777032	4	190195118	190199264	4	-2.2496
OWNED_p_TCGA_b102_105_SNP_N_GenomeWideSNP_6_C05_777032	4	190199771	191027923	385	-0.4374
OWNED_p_TCGA_b102_105_SNP_N_GenomeWideSNP_6_C05_777032	5	15532	685504	306	0.0482
OWNED_p_TCGA_b102_105_SNP_N_GenomeWideSNP_6_C05_777032	5	685748	779860	31	0.6466
OWNED_p_TCGA_b102_105_SNP_N_GenomeWideSNP_6_C05_777032	5	779881	12800889	9867	0.0658
OWNED_p_TCGA_b102_105_SNP_N_GenomeWideSNP_6_C05_777032	5	12815780	12838533	14	-0.9422
OWNED_p_TCGA_b102_105_SNP_N_GenomeWideSNP_6_C05_777032	5	12849201	46271108	20541	0.0901
OWNED_p_TCGA_b102_105_SNP_N_GenomeWideSNP_6_C05_777032	5	46271930	46273502	6	-2.1841
OWNED_p_TCGA_b102_105_SNP_N_GenomeWideSNP_6_C05_777032	5	46278212	46382652	16	-0.0306
OWNED_p_TCGA_b102_105_SNP_N_GenomeWideSNP_6_C05_777032	5	46383335	49455636	7	-0.7307
OWNED_p_TCGA_b102_105_SNP_N_GenomeWideSNP_6_C05_777032	5	49459054	57326027	5059	0.1129
OWNED_p_TCGA_b102_105_SNP_N_GenomeWideSNP_6_C05_777032	5	57326163	57333533	31	-0.3486
OWNED_p_TCGA_b102_105_SNP_N_GenomeWideSNP_6_C05_777032	5	57338357	58302490	737	0.1107
OWNED_p_TCGA_b102_105_SNP_N_GenomeWideSNP_6_C05_777032	5	58302533	58303558	4	0.8241
OWNED_p_TCGA_b102_105_SNP_N_GenomeWideSNP_6_C05_777032	5	58303626	61573372	2096	0.1237
OWNED_p_TCGA_b102_105_SNP_N_GenomeWideSNP_6_C05_777032	5	61574991	61576273	3	-0.8411
OWNED_p_TCGA_b102_105_SNP_N_GenomeWideSNP_6_C05_777032	5	61582192	68846303	4460	0.1126
OWNED_p_TCGA_b102_105_SNP_N_GenomeWideSNP_6_C05_777032	5	68867294	69118135	5	-1.1276
OWNED_p_TCGA_b102_105_SNP_N_GenomeWideSNP_6_C05_777032	5	69233427	180790320	69800	0.1047
OWNED_p_TCGA_b102_105_SNP_N_GenomeWideSNP_6_C05_777032	6	149661	253861	99	0.0742
OWNED_p_TCGA_b102_105_SNP_N_GenomeWideSNP_6_C05_777032	6	254267	385784	110	-0.3161
OWNED_p_TCGA_b102_105_SNP_N_GenomeWideSNP_6_C05_777032	6	387532	877138	409	0.1573
OWNED_p_TCGA_b102_105_SNP_N_GenomeWideSNP_6_C05_777032	6	877485	877851	2	-1.178
OWNED_p_TCGA_b102_105_SNP_N_GenomeWideSNP_6_C05_777032	6	877878	29874709	21117	0.0996
OWNED_p_TCGA_b102_105_SNP_N_GenomeWideSNP_6_C05_777032	6	29874808	29898897	9	-1.0673
OWNED_p_TCGA_b102_105_SNP_N_GenomeWideSNP_6_C05_777032	6	29899677	31353541	730	0.0842
OWNED_p_TCGA_b102_105_SNP_N_GenomeWideSNP_6_C05_777032	6	31353639	31353689	2	-2.4539
OWNED_p_TCGA_b102_105_SNP_N_GenomeWideSNP_6_C05_777032	6	31360095	32624304	506	0.0837
OWNED_p_TCGA_b102_105_SNP_N_GenomeWideSNP_6_C05_777032	6	32624591	32626618	5	-1.2888
OWNED_p_TCGA_b102_105_SNP_N_GenomeWideSNP_6_C05_777032	6	32650612	40364325	4961	0.116
OWNED_p_TCGA_b102_105_SNP_N_GenomeWideSNP_6_C05_777032	6	40365601	40368522	5	-5.7342
OWNED_p_TCGA_b102_105_SNP_N_GenomeWideSNP_6_C05_777032	6	40369293	52630064	7775	0.1262
OWNED_p_TCGA_b102_105_SNP_N_GenomeWideSNP_6_C05_777032	6	52630635	52664482	30	-0.1771
OWNED_p_TCGA_b102_105_SNP_N_GenomeWideSNP_6_C05_777032	6	52664572	53925204	946	0.1239
OWNED_p_TCGA_b102_105_SNP_N_GenomeWideSNP_6_C05_777032	6	53931067	53931275	5	-0.3443
OWNED_p_TCGA_b102_105_SNP_N_GenomeWideSNP_6_C05_777032	6	53931380	53931855	4	-1.1
OWNED_p_TCGA_b102_105_SNP_N_GenomeWideSNP_6_C05_777032	6	53935348	65710729	4588	0.1127
OWNED_p_TCGA_b102_105_SNP_N_GenomeWideSNP_6_C05_777032	6	65711399	65732132	6	-0.6184
OWNED_p_TCGA_b102_105_SNP_N_GenomeWideSNP_6_C05_777032	6	65732415	73265292	5087	0.0856
OWNED_p_TCGA_b102_105_SNP_N_GenomeWideSNP_6_C05_777032	6	73286004	75031337	1108	-0.1941
OWNED_p_TCGA_b102_105_SNP_N_GenomeWideSNP_6_C05_777032	6	75031660	78934809	2476	0.1058
OWNED_p_TCGA_b102_105_SNP_N_GenomeWideSNP_6_C05_777032	6	78941918	78942566	2	-0.3428
OWNED_p_TCGA_b102_105_SNP_N_GenomeWideSNP_6_C05_777032	6	78942652	79035185	134	0.3772
OWNED_p_TCGA_b102_105_SNP_N_GenomeWideSNP_6_C05_777032	6	79039234	119833609	25410	0.1042
OWNED_p_TCGA_b102_105_SNP_N_GenomeWideSNP_6_C05_777032	6	119835954	119840692	2	-1.9626
OWNED_p_TCGA_b102_105_SNP_N_GenomeWideSNP_6_C05_777032	6	119841070	171051005	34292	0.1024
OWNED_p_TCGA_b102_105_SNP_N_GenomeWideSNP_6_C05_777032	7	43355	3276268	1315	0.0878
OWNED_p_TCGA_b102_105_SNP_N_GenomeWideSNP_6_C05_777032	7	3276739	3278759	2	-1.6541
OWNED_p_TCGA_b102_105_SNP_N_GenomeWideSNP_6_C05_777032	7	3279536	6872172	2119	0.071
OWNED_p_TCGA_b102_105_SNP_N_GenomeWideSNP_6_C05_777032	7	6874273	6968628	37	-0.3106
OWNED_p_TCGA_b102_105_SNP_N_GenomeWideSNP_6_C05_777032	7	6987828	24035127	13682	0.1292
OWNED_p_TCGA_b102_105_SNP_N_GenomeWideSNP_6_C05_777032	7	24039878	24040383	2	1.422
OWNED_p_TCGA_b102_105_SNP_N_GenomeWideSNP_6_C05_777032	7	24040817	24178242	119	0.1205
OWNED_p_TCGA_b102_105_SNP_N_GenomeWideSNP_6_C05_777032	7	24178891	24179661	5	-0.5962
OWNED_p_TCGA_b102_105_SNP_N_GenomeWideSNP_6_C05_777032	7	24179692	63109907	23681	0.0922
OWNED_p_TCGA_b102_105_SNP_N_GenomeWideSNP_6_C05_777032	7	63110343	63112016	6	-1.0454
OWNED_p_TCGA_b102_105_SNP_N_GenomeWideSNP_6_C05_777032	7	63112265	64568852	686	0.0182
OWNED_p_TCGA_b102_105_SNP_N_GenomeWideSNP_6_C05_777032	7	64594065	64651349	10	-1.1584
OWNED_p_TCGA_b102_105_SNP_N_GenomeWideSNP_6_C05_777032	7	64651640	64732388	35	-0.1712
OWNED_p_TCGA_b102_105_SNP_N_GenomeWideSNP_6_C05_777032	7	64735547	70420438	3114	0.0547
OWNED_p_TCGA_b102_105_SNP_N_GenomeWideSNP_6_C05_777032	7	70423250	70426141	2	-1.257
OWNED_p_TCGA_b102_105_SNP_N_GenomeWideSNP_6_C05_777032	7	70428243	91358314	12085	0.1039
OWNED_p_TCGA_b102_105_SNP_N_GenomeWideSNP_6_C05_777032	7	91358540	91359591	9	-0.6371
OWNED_p_TCGA_b102_105_SNP_N_GenomeWideSNP_6_C05_777032	7	91360990	126045556	20453	0.1062
OWNED_p_TCGA_b102_105_SNP_N_GenomeWideSNP_6_C05_777032	7	126045651	126046615	10	-0.8115
OWNED_p_TCGA_b102_105_SNP_N_GenomeWideSNP_6_C05_777032	7	126046876	133286644	4371	0.0992
OWNED_p_TCGA_b102_105_SNP_N_GenomeWideSNP_6_C05_777032	7	133287240	133644598	241	-0.385
OWNED_p_TCGA_b102_105_SNP_N_GenomeWideSNP_6_C05_777032	7	133647667	133778652	88	0.1088
OWNED_p_TCGA_b102_105_SNP_N_GenomeWideSNP_6_C05_777032	7	133785177	133798846	34	-0.22
OWNED_p_TCGA_b102_105_SNP_N_GenomeWideSNP_6_C05_777032	7	133799154	142476719	5683	0.0964
OWNED_p_TCGA_b102_105_SNP_N_GenomeWideSNP_6_C05_777032	7	142476764	142486045	26	0.5053
OWNED_p_TCGA_b102_105_SNP_N_GenomeWideSNP_6_C05_777032	7	142486115	143873952	838	0.1152
OWNED_p_TCGA_b102_105_SNP_N_GenomeWideSNP_6_C05_777032	7	143896252	143909445	5	-1.5502
OWNED_p_TCGA_b102_105_SNP_N_GenomeWideSNP_6_C05_777032	7	143911624	144050933	37	0.3832
OWNED_p_TCGA_b102_105_SNP_N_GenomeWideSNP_6_C05_777032	7	144051231	159127004	9683	0.0834
OWNED_p_TCGA_b102_105_SNP_N_GenomeWideSNP_6_C05_777032	8	31254	3784187	3435	0.0674
OWNED_p_TCGA_b102_105_SNP_N_GenomeWideSNP_6_C05_777032	8	3787060	3790106	24	-0.5568
OWNED_p_TCGA_b102_105_SNP_N_GenomeWideSNP_6_C05_777032	8	3791218	7222181	4384	0.099
OWNED_p_TCGA_b102_105_SNP_N_GenomeWideSNP_6_C05_777032	8	7225368	7832054	160	-0.5359
OWNED_p_TCGA_b102_105_SNP_N_GenomeWideSNP_6_C05_777032	8	7838543	7978187	41	0.102
OWNED_p_TCGA_b102_105_SNP_N_GenomeWideSNP_6_C05_777032	8	7989963	8087144	22	-0.5121
OWNED_p_TCGA_b102_105_SNP_N_GenomeWideSNP_6_C05_777032	8	8092025	11895245	3219	0.1029
OWNED_p_TCGA_b102_105_SNP_N_GenomeWideSNP_6_C05_777032	8	11934660	12034997	10	-0.8216
OWNED_p_TCGA_b102_105_SNP_N_GenomeWideSNP_6_C05_777032	8	12162739	12239835	18	0.2476
OWNED_p_TCGA_b102_105_SNP_N_GenomeWideSNP_6_C05_777032	8	12240162	12561950	127	-0.4053
OWNED_p_TCGA_b102_105_SNP_N_GenomeWideSNP_6_C05_777032	8	12562455	16259612	3489	0.0645
OWNED_p_TCGA_b102_105_SNP_N_GenomeWideSNP_6_C05_777032	8	16262235	16274661	28	-0.4455
OWNED_p_TCGA_b102_105_SNP_N_GenomeWideSNP_6_C05_777032	8	16278695	17998436	1557	0.1275
OWNED_p_TCGA_b102_105_SNP_N_GenomeWideSNP_6_C05_777032	8	17998517	17998577	2	-1.1109
OWNED_p_TCGA_b102_105_SNP_N_GenomeWideSNP_6_C05_777032	8	17998652	40771996	15475	0.1002
OWNED_p_TCGA_b102_105_SNP_N_GenomeWideSNP_6_C05_777032	8	40777852	40778471	2	-1.3994
OWNED_p_TCGA_b102_105_SNP_N_GenomeWideSNP_6_C05_777032	8	40783680	112294294	40938	0.0804
OWNED_p_TCGA_b102_105_SNP_N_GenomeWideSNP_6_C05_777032	8	112294466	112295260	8	-0.9643
OWNED_p_TCGA_b102_105_SNP_N_GenomeWideSNP_6_C05_777032	8	112300281	115632043	1820	0.0603
OWNED_p_TCGA_b102_105_SNP_N_GenomeWideSNP_6_C05_777032	8	115634487	115641731	35	-0.3425
OWNED_p_TCGA_b102_105_SNP_N_GenomeWideSNP_6_C05_777032	8	115650697	137893470	16074	0.0964
OWNED_p_TCGA_b102_105_SNP_N_GenomeWideSNP_6_C05_777032	8	137894500	137894514	2	-1.6625
OWNED_p_TCGA_b102_105_SNP_N_GenomeWideSNP_6_C05_777032	8	137900733	146298155	4974	0.0755
OWNED_p_TCGA_b102_105_SNP_N_GenomeWideSNP_6_C05_777032	9	46587	186580	22	-0.1743
OWNED_p_TCGA_b102_105_SNP_N_GenomeWideSNP_6_C05_777032	9	192129	38989378	31153	0.1131
OWNED_p_TCGA_b102_105_SNP_N_GenomeWideSNP_6_C05_777032	9	38994130	39053792	7	-1.2681
OWNED_p_TCGA_b102_105_SNP_N_GenomeWideSNP_6_C05_777032	9	39057364	44469328	263	-0.2502
OWNED_p_TCGA_b102_105_SNP_N_GenomeWideSNP_6_C05_777032	9	44629223	44855737	37	-1.0723
OWNED_p_TCGA_b102_105_SNP_N_GenomeWideSNP_6_C05_777032	9	44866028	70943830	377	-0.3434
OWNED_p_TCGA_b102_105_SNP_N_GenomeWideSNP_6_C05_777032	9	70950028	118856520	34204	-0.0457
OWNED_p_TCGA_b102_105_SNP_N_GenomeWideSNP_6_C05_777032	9	118856767	118860607	4	-1.316
OWNED_p_TCGA_b102_105_SNP_N_GenomeWideSNP_6_C05_777032	9	118860914	138214105	12610	-0.0517
OWNED_p_TCGA_b102_105_SNP_N_GenomeWideSNP_6_C05_777032	9	138215622	138216412	2	-2.6104
OWNED_p_TCGA_b102_105_SNP_N_GenomeWideSNP_6_C05_777032	9	138217797	139121257	426	-0.1017
OWNED_p_TCGA_b102_105_SNP_N_GenomeWideSNP_6_C05_777032	9	139134981	139217785	3	-1.2676
OWNED_p_TCGA_b102_105_SNP_N_GenomeWideSNP_6_C05_777032	9	139257287	141012348	658	-0.0683
OWNED_p_TCGA_b102_105_SNP_N_GenomeWideSNP_6_C05_777032	9	141012364	141091394	26	-0.3489
OWNED_p_TCGA_b102_105_SNP_N_GenomeWideSNP_6_C05_777032	10	72759	116059	11	-0.2925
OWNED_p_TCGA_b102_105_SNP_N_GenomeWideSNP_6_C05_777032	10	117539	797509	406	0.0976
OWNED_p_TCGA_b102_105_SNP_N_GenomeWideSNP_6_C05_777032	10	797961	800177	3	-1.4264
OWNED_p_TCGA_b102_105_SNP_N_GenomeWideSNP_6_C05_777032	10	800213	4240107	3105	0.0919
OWNED_p_TCGA_b102_105_SNP_N_GenomeWideSNP_6_C05_777032	10	4240722	4241572	4	-1.0052
OWNED_p_TCGA_b102_105_SNP_N_GenomeWideSNP_6_C05_777032	10	4243998	4290814	46	0.0878
OWNED_p_TCGA_b102_105_SNP_N_GenomeWideSNP_6_C05_777032	10	4290838	4290924	2	-1.0758
OWNED_p_TCGA_b102_105_SNP_N_GenomeWideSNP_6_C05_777032	10	4291016	27223903	17633	0.0816
OWNED_p_TCGA_b102_105_SNP_N_GenomeWideSNP_6_C05_777032	10	27225904	27228473	13	-0.9479
OWNED_p_TCGA_b102_105_SNP_N_GenomeWideSNP_6_C05_777032	10	27229993	42525124	7930	0.0743
OWNED_p_TCGA_b102_105_SNP_N_GenomeWideSNP_6_C05_777032	10	42614436	42763230	26	-0.3565
OWNED_p_TCGA_b102_105_SNP_N_GenomeWideSNP_6_C05_777032	10	42767643	47771030	2714	0.045
OWNED_p_TCGA_b102_105_SNP_N_GenomeWideSNP_6_C05_777032	10	47897394	47960476	5	-1.2928
OWNED_p_TCGA_b102_105_SNP_N_GenomeWideSNP_6_C05_777032	10	47964192	93588136	30465	0.0846
OWNED_p_TCGA_b102_105_SNP_N_GenomeWideSNP_6_C05_777032	10	93597704	134724238	28184	-0.3931
OWNED_p_TCGA_b102_105_SNP_N_GenomeWideSNP_6_C05_777032	10	134724241	134724346	2	-2.4762
OWNED_p_TCGA_b102_105_SNP_N_GenomeWideSNP_6_C05_777032	10	134724933	135506704	321	-0.4655
OWNED_p_TCGA_b102_105_SNP_N_GenomeWideSNP_6_C05_777032	11	198510	324880	66	-0.2116
OWNED_p_TCGA_b102_105_SNP_N_GenomeWideSNP_6_C05_777032	11	336192	1500828	345	0.3377
OWNED_p_TCGA_b102_105_SNP_N_GenomeWideSNP_6_C05_777032	11	1501211	2111531	271	-0.2475
OWNED_p_TCGA_b102_105_SNP_N_GenomeWideSNP_6_C05_777032	11	2119119	2650765	227	0.3309
OWNED_p_TCGA_b102_105_SNP_N_GenomeWideSNP_6_C05_777032	11	2654673	4155162	794	-0.2065
OWNED_p_TCGA_b102_105_SNP_N_GenomeWideSNP_6_C05_777032	11	4157954	4229598	68	0.2877
OWNED_p_TCGA_b102_105_SNP_N_GenomeWideSNP_6_C05_777032	11	4229982	4232135	3	-0.3125
OWNED_p_TCGA_b102_105_SNP_N_GenomeWideSNP_6_C05_777032	11	4232627	4276004	22	0.3299
OWNED_p_TCGA_b102_105_SNP_N_GenomeWideSNP_6_C05_777032	11	4276133	4307420	7	0.7846
OWNED_p_TCGA_b102_105_SNP_N_GenomeWideSNP_6_C05_777032	11	4307999	4335878	6	-0.5259
OWNED_p_TCGA_b102_105_SNP_N_GenomeWideSNP_6_C05_777032	11	4336067	4559284	196	0.3303
OWNED_p_TCGA_b102_105_SNP_N_GenomeWideSNP_6_C05_777032	11	4559391	4732101	220	-0.1781
OWNED_p_TCGA_b102_105_SNP_N_GenomeWideSNP_6_C05_777032	11	4732148	4732163	2	-1.3397
OWNED_p_TCGA_b102_105_SNP_N_GenomeWideSNP_6_C05_777032	11	4732246	4758982	29	-0.098
OWNED_p_TCGA_b102_105_SNP_N_GenomeWideSNP_6_C05_777032	11	4759782	6107790	1309	0.3225
OWNED_p_TCGA_b102_105_SNP_N_GenomeWideSNP_6_C05_777032	11	6108269	6122094	8	-0.6226
OWNED_p_TCGA_b102_105_SNP_N_GenomeWideSNP_6_C05_777032	11	6122503	16472983	7544	0.3486
OWNED_p_TCGA_b102_105_SNP_N_GenomeWideSNP_6_C05_777032	11	16474547	16652324	97	-0.1011
OWNED_p_TCGA_b102_105_SNP_N_GenomeWideSNP_6_C05_777032	11	16659348	18585275	1274	0.3463
OWNED_p_TCGA_b102_105_SNP_N_GenomeWideSNP_6_C05_777032	11	18585723	18738718	70	0.6151
OWNED_p_TCGA_b102_105_SNP_N_GenomeWideSNP_6_C05_777032	11	18738784	18880428	132	0.9467
OWNED_p_TCGA_b102_105_SNP_N_GenomeWideSNP_6_C05_777032	11	18884193	18949072	50	0.7197
OWNED_p_TCGA_b102_105_SNP_N_GenomeWideSNP_6_C05_777032	11	18949109	18971694	66	0.3236
OWNED_p_TCGA_b102_105_SNP_N_GenomeWideSNP_6_C05_777032	11	18971710	19063870	83	0.7684
OWNED_p_TCGA_b102_105_SNP_N_GenomeWideSNP_6_C05_777032	11	19067391	19287745	177	0.3869
OWNED_p_TCGA_b102_105_SNP_N_GenomeWideSNP_6_C05_777032	11	19287901	19990698	691	0.7028
OWNED_p_TCGA_b102_105_SNP_N_GenomeWideSNP_6_C05_777032	11	19993804	20056698	67	-0.2061
OWNED_p_TCGA_b102_105_SNP_N_GenomeWideSNP_6_C05_777032	11	20058525	22469480	1955	0.6489
OWNED_p_TCGA_b102_105_SNP_N_GenomeWideSNP_6_C05_777032	11	22471601	22472758	4	-0.139
OWNED_p_TCGA_b102_105_SNP_N_GenomeWideSNP_6_C05_777032	11	22473142	23329691	664	0.644
OWNED_p_TCGA_b102_105_SNP_N_GenomeWideSNP_6_C05_777032	11	23330510	23421418	60	-0.1795
OWNED_p_TCGA_b102_105_SNP_N_GenomeWideSNP_6_C05_777032	11	23422446	49758856	17337	0.1107
OWNED_p_TCGA_b102_105_SNP_N_GenomeWideSNP_6_C05_777032	11	49759555	49760056	5	-0.8448
OWNED_p_TCGA_b102_105_SNP_N_GenomeWideSNP_6_C05_777032	11	49760688	49778875	28	0.0943
OWNED_p_TCGA_b102_105_SNP_N_GenomeWideSNP_6_C05_777032	11	49779035	50063600	130	-0.3554
OWNED_p_TCGA_b102_105_SNP_N_GenomeWideSNP_6_C05_777032	11	50063702	51238712	230	-0.7205
OWNED_p_TCGA_b102_105_SNP_N_GenomeWideSNP_6_C05_777032	11	51267021	55632785	545	-0.3057
OWNED_p_TCGA_b102_105_SNP_N_GenomeWideSNP_6_C05_777032	11	55633716	55638062	3	-1.4849
OWNED_p_TCGA_b102_105_SNP_N_GenomeWideSNP_6_C05_777032	11	55638323	134944770	52084	-0.3897
OWNED_p_TCGA_b102_105_SNP_N_GenomeWideSNP_6_C05_777032	12	150442	8405640	5558	0.1001
OWNED_p_TCGA_b102_105_SNP_N_GenomeWideSNP_6_C05_777032	12	8409702	8449217	13	-0.4986
OWNED_p_TCGA_b102_105_SNP_N_GenomeWideSNP_6_C05_777032	12	8453466	8558813	42	-0.0425
OWNED_p_TCGA_b102_105_SNP_N_GenomeWideSNP_6_C05_777032	12	8559105	8595531	20	-0.4993
OWNED_p_TCGA_b102_105_SNP_N_GenomeWideSNP_6_C05_777032	12	8596353	33301534	17209	0.1049
OWNED_p_TCGA_b102_105_SNP_N_GenomeWideSNP_6_C05_777032	12	33301561	33307374	23	-0.3124
OWNED_p_TCGA_b102_105_SNP_N_GenomeWideSNP_6_C05_777032	12	33308360	37987726	844	0.0714
OWNED_p_TCGA_b102_105_SNP_N_GenomeWideSNP_6_C05_777032	12	38012567	38053139	4	-1.1413
OWNED_p_TCGA_b102_105_SNP_N_GenomeWideSNP_6_C05_777032	12	38053237	52685772	8482	0.0844
OWNED_p_TCGA_b102_105_SNP_N_GenomeWideSNP_6_C05_777032	12	52688684	52781850	110	0.597
OWNED_p_TCGA_b102_105_SNP_N_GenomeWideSNP_6_C05_777032	12	52781864	63919989	6812	0.099
OWNED_p_TCGA_b102_105_SNP_N_GenomeWideSNP_6_C05_777032	12	63920585	63924805	3	-1.0665
OWNED_p_TCGA_b102_105_SNP_N_GenomeWideSNP_6_C05_777032	12	63932963	90483350	16609	0.1028
OWNED_p_TCGA_b102_105_SNP_N_GenomeWideSNP_6_C05_777032	12	90491669	90491687	2	-1.5032
OWNED_p_TCGA_b102_105_SNP_N_GenomeWideSNP_6_C05_777032	12	90491816	99791814	6451	0.0897
OWNED_p_TCGA_b102_105_SNP_N_GenomeWideSNP_6_C05_777032	12	99795293	99796902	19	-0.5516
OWNED_p_TCGA_b102_105_SNP_N_GenomeWideSNP_6_C05_777032	12	99797089	119983825	13674	0.0958
OWNED_p_TCGA_b102_105_SNP_N_GenomeWideSNP_6_C05_777032	12	119988887	119990761	16	-0.5606
OWNED_p_TCGA_b102_105_SNP_N_GenomeWideSNP_6_C05_777032	12	119994041	133778189	9055	0.0834
OWNED_p_TCGA_b102_105_SNP_N_GenomeWideSNP_6_C05_777032	13	19026949	23629187	2891	0.264
OWNED_p_TCGA_b102_105_SNP_N_GenomeWideSNP_6_C05_777032	13	23629210	23633515	13	-1.1247
OWNED_p_TCGA_b102_105_SNP_N_GenomeWideSNP_6_C05_777032	13	23638195	23942326	244	0.2353
OWNED_p_TCGA_b102_105_SNP_N_GenomeWideSNP_6_C05_777032	13	23951580	24306453	274	-0.082
OWNED_p_TCGA_b102_105_SNP_N_GenomeWideSNP_6_C05_777032	13	24307824	49531551	18160	0.2907
OWNED_p_TCGA_b102_105_SNP_N_GenomeWideSNP_6_C05_777032	13	49533715	49536504	2	-1.411
OWNED_p_TCGA_b102_105_SNP_N_GenomeWideSNP_6_C05_777032	13	49537705	72476988	13529	0.2746
OWNED_p_TCGA_b102_105_SNP_N_GenomeWideSNP_6_C05_777032	13	72477555	72480556	4	-2.321
OWNED_p_TCGA_b102_105_SNP_N_GenomeWideSNP_6_C05_777032	13	72480605	79954135	5294	0.3042
OWNED_p_TCGA_b102_105_SNP_N_GenomeWideSNP_6_C05_777032	13	79954175	79959485	2	-1.0015
OWNED_p_TCGA_b102_105_SNP_N_GenomeWideSNP_6_C05_777032	13	79959874	83188087	1992	0.2897
OWNED_p_TCGA_b102_105_SNP_N_GenomeWideSNP_6_C05_777032	13	83188778	83202191	12	1.1164
OWNED_p_TCGA_b102_105_SNP_N_GenomeWideSNP_6_C05_777032	13	83203298	115108397	21812	0.286
OWNED_p_TCGA_b102_105_SNP_N_GenomeWideSNP_6_C05_777032	14	19002124	19422533	29	-0.3078
OWNED_p_TCGA_b102_105_SNP_N_GenomeWideSNP_6_C05_777032	14	19432799	19469520	9	0.5691
OWNED_p_TCGA_b102_105_SNP_N_GenomeWideSNP_6_C05_777032	14	19541714	20010913	35	-0.3556
OWNED_p_TCGA_b102_105_SNP_N_GenomeWideSNP_6_C05_777032	14	20037146	20137346	6	-1.0245
OWNED_p_TCGA_b102_105_SNP_N_GenomeWideSNP_6_C05_777032	14	20143509	20425509	113	-0.2177
OWNED_p_TCGA_b102_105_SNP_N_GenomeWideSNP_6_C05_777032	14	20425860	22323582	1260	0.1361
OWNED_p_TCGA_b102_105_SNP_N_GenomeWideSNP_6_C05_777032	14	22325073	22329006	13	-0.4123
OWNED_p_TCGA_b102_105_SNP_N_GenomeWideSNP_6_C05_777032	14	22330326	41608358	12347	0.1136
OWNED_p_TCGA_b102_105_SNP_N_GenomeWideSNP_6_C05_777032	14	41610496	41657249	14	-0.412
OWNED_p_TCGA_b102_105_SNP_N_GenomeWideSNP_6_C05_777032	14	41657349	106547314	41239	0.0975
OWNED_p_TCGA_b102_105_SNP_N_GenomeWideSNP_6_C05_777032	14	106547507	106567100	10	0.8799
OWNED_p_TCGA_b102_105_SNP_N_GenomeWideSNP_6_C05_777032	14	106569463	107285437	417	0.0706
OWNED_p_TCGA_b102_105_SNP_N_GenomeWideSNP_6_C05_777032	15	20016328	24350645	1277	0.1081
OWNED_p_TCGA_b102_105_SNP_N_GenomeWideSNP_6_C05_777032	15	24351330	24503671	83	-0.8723
OWNED_p_TCGA_b102_105_SNP_N_GenomeWideSNP_6_C05_777032	15	24504157	32531316	4911	0.0683
OWNED_p_TCGA_b102_105_SNP_N_GenomeWideSNP_6_C05_777032	15	32533091	32578141	10	-0.5292
OWNED_p_TCGA_b102_105_SNP_N_GenomeWideSNP_6_C05_777032	15	32591766	71667727	25303	0.1144
OWNED_p_TCGA_b102_105_SNP_N_GenomeWideSNP_6_C05_777032	15	71668140	71668512	3	-1.0449
OWNED_p_TCGA_b102_105_SNP_N_GenomeWideSNP_6_C05_777032	15	71669115	83083432	6401	0.1101
OWNED_p_TCGA_b102_105_SNP_N_GenomeWideSNP_6_C05_777032	15	83108458	83108839	2	-1.3558
OWNED_p_TCGA_b102_105_SNP_N_GenomeWideSNP_6_C05_777032	15	83169549	102469040	13986	0.0987
OWNED_p_TCGA_b102_105_SNP_N_GenomeWideSNP_6_C05_777032	16	60777	5667482	2697	0.0711
OWNED_p_TCGA_b102_105_SNP_N_GenomeWideSNP_6_C05_777032	16	5669598	6673352	1209	-0.4237
OWNED_p_TCGA_b102_105_SNP_N_GenomeWideSNP_6_C05_777032	16	6673378	7843414	1505	0.0927
OWNED_p_TCGA_b102_105_SNP_N_GenomeWideSNP_6_C05_777032	16	7844656	7847416	3	-0.6717
OWNED_p_TCGA_b102_105_SNP_N_GenomeWideSNP_6_C05_777032	16	7847571	17678449	7003	0.1058
OWNED_p_TCGA_b102_105_SNP_N_GenomeWideSNP_6_C05_777032	16	17678721	17679976	2	-1.5859
OWNED_p_TCGA_b102_105_SNP_N_GenomeWideSNP_6_C05_777032	16	17681349	19944363	1085	0.1221
OWNED_p_TCGA_b102_105_SNP_N_GenomeWideSNP_6_C05_777032	16	19945650	19967362	29	-0.7769
OWNED_p_TCGA_b102_105_SNP_N_GenomeWideSNP_6_C05_777032	16	19970254	31955920	6483	0.082
OWNED_p_TCGA_b102_105_SNP_N_GenomeWideSNP_6_C05_777032	16	31957368	32588622	113	-0.2791
OWNED_p_TCGA_b102_105_SNP_N_GenomeWideSNP_6_C05_777032	16	32588901	32588906	4	-1.3797
OWNED_p_TCGA_b102_105_SNP_N_GenomeWideSNP_6_C05_777032	16	32588909	33621349	163	-0.3444
OWNED_p_TCGA_b102_105_SNP_N_GenomeWideSNP_6_C05_777032	16	33624309	34702694	356	-0.0807
OWNED_p_TCGA_b102_105_SNP_N_GenomeWideSNP_6_C05_777032	16	34708988	34731412	15	-0.3154
OWNED_p_TCGA_b102_105_SNP_N_GenomeWideSNP_6_C05_777032	16	34733876	55795214	6613	0.1017
OWNED_p_TCGA_b102_105_SNP_N_GenomeWideSNP_6_C05_777032	16	55796389	55796594	4	-1.1651
OWNED_p_TCGA_b102_105_SNP_N_GenomeWideSNP_6_C05_777032	16	55798222	55816646	14	-0.1747
OWNED_p_TCGA_b102_105_SNP_N_GenomeWideSNP_6_C05_777032	16	55816705	81239068	17714	0.0894
OWNED_p_TCGA_b102_105_SNP_N_GenomeWideSNP_6_C05_777032	16	81242020	81251795	11	-0.4995
OWNED_p_TCGA_b102_105_SNP_N_GenomeWideSNP_6_C05_777032	16	81251846	89966846	7201	0.1003
OWNED_p_TCGA_b102_105_SNP_N_GenomeWideSNP_6_C05_777032	16	89967031	90020861	15	-0.5189
OWNED_p_TCGA_b102_105_SNP_N_GenomeWideSNP_6_C05_777032	16	90023459	90287535	99	0.0473
OWNED_p_TCGA_b102_105_SNP_N_GenomeWideSNP_6_C05_777032	17	526	18319862	11382	-0.4061
OWNED_p_TCGA_b102_105_SNP_N_GenomeWideSNP_6_C05_777032	17	18355392	18453437	26	-1.4973
OWNED_p_TCGA_b102_105_SNP_N_GenomeWideSNP_6_C05_777032	17	18459272	36103872	7828	-0.2246
OWNED_p_TCGA_b102_105_SNP_N_GenomeWideSNP_6_C05_777032	17	36108518	39421708	1644	0.104
OWNED_p_TCGA_b102_105_SNP_N_GenomeWideSNP_6_C05_777032	17	39423014	39430157	20	0.5429
OWNED_p_TCGA_b102_105_SNP_N_GenomeWideSNP_6_C05_777032	17	39430173	39430450	3	2.0896
OWNED_p_TCGA_b102_105_SNP_N_GenomeWideSNP_6_C05_777032	17	39430531	44163098	2510	0.0853
OWNED_p_TCGA_b102_105_SNP_N_GenomeWideSNP_6_C05_777032	17	44165803	44408674	131	0.4035
OWNED_p_TCGA_b102_105_SNP_N_GenomeWideSNP_6_C05_777032	17	44428681	44752283	41	0.7768
OWNED_p_TCGA_b102_105_SNP_N_GenomeWideSNP_6_C05_777032	17	44752300	44796777	17	0.3702
OWNED_p_TCGA_b102_105_SNP_N_GenomeWideSNP_6_C05_777032	17	44798498	81049726	21563	0.1061
OWNED_p_TCGA_b102_105_SNP_N_GenomeWideSNP_6_C05_777032	18	11543	579716	379	-0.37
OWNED_p_TCGA_b102_105_SNP_N_GenomeWideSNP_6_C05_777032	18	585386	586700	4	-1.613
OWNED_p_TCGA_b102_105_SNP_N_GenomeWideSNP_6_C05_777032	18	587290	78015057	50235	-0.3779
OWNED_p_TCGA_b102_105_SNP_N_GenomeWideSNP_6_C05_777032	19	90910	5506659	1592	0.0835
OWNED_p_TCGA_b102_105_SNP_N_GenomeWideSNP_6_C05_777032	19	5510239	5510580	2	-2.767
OWNED_p_TCGA_b102_105_SNP_N_GenomeWideSNP_6_C05_777032	19	5510653	35849493	15196	0.0676
OWNED_p_TCGA_b102_105_SNP_N_GenomeWideSNP_6_C05_777032	19	35855353	35861848	21	-0.6616
OWNED_p_TCGA_b102_105_SNP_N_GenomeWideSNP_6_C05_777032	19	35866744	43280228	3721	0.0796
OWNED_p_TCGA_b102_105_SNP_N_GenomeWideSNP_6_C05_777032	19	43282259	43287456	4	-1.0155
OWNED_p_TCGA_b102_105_SNP_N_GenomeWideSNP_6_C05_777032	19	43287462	51393581	3870	0.0902
OWNED_p_TCGA_b102_105_SNP_N_GenomeWideSNP_6_C05_777032	19	51393831	51396580	2	-1.5467
OWNED_p_TCGA_b102_105_SNP_N_GenomeWideSNP_6_C05_777032	19	51396669	52131798	503	0.0736
OWNED_p_TCGA_b102_105_SNP_N_GenomeWideSNP_6_C05_777032	19	52131813	52148197	12	-0.4445
OWNED_p_TCGA_b102_105_SNP_N_GenomeWideSNP_6_C05_777032	19	52154905	53332039	803	0.0426
OWNED_p_TCGA_b102_105_SNP_N_GenomeWideSNP_6_C05_777032	19	53332928	53334728	6	-0.7566
OWNED_p_TCGA_b102_105_SNP_N_GenomeWideSNP_6_C05_777032	19	53335368	56282369	1720	0.0407
OWNED_p_TCGA_b102_105_SNP_N_GenomeWideSNP_6_C05_777032	19	56282535	56283067	3	-1.2635
OWNED_p_TCGA_b102_105_SNP_N_GenomeWideSNP_6_C05_777032	19	56286293	59097854	1846	0.0536
OWNED_p_TCGA_b102_105_SNP_N_GenomeWideSNP_6_C05_777032	20	61305	1560288	1196	0.1064
OWNED_p_TCGA_b102_105_SNP_N_GenomeWideSNP_6_C05_777032	20	1560543	1593893	48	0.6579
OWNED_p_TCGA_b102_105_SNP_N_GenomeWideSNP_6_C05_777032	20	1597946	14848659	9980	0.1092
OWNED_p_TCGA_b102_105_SNP_N_GenomeWideSNP_6_C05_777032	20	14849853	14869903	22	-0.3727
OWNED_p_TCGA_b102_105_SNP_N_GenomeWideSNP_6_C05_777032	20	14875890	15040477	154	-1.0503
OWNED_p_TCGA_b102_105_SNP_N_GenomeWideSNP_6_C05_777032	20	15041361	15586554	508	-0.3671
OWNED_p_TCGA_b102_105_SNP_N_GenomeWideSNP_6_C05_777032	20	15587204	16643206	1037	0.1139
OWNED_p_TCGA_b102_105_SNP_N_GenomeWideSNP_6_C05_777032	20	16643372	16643469	3	-0.93
OWNED_p_TCGA_b102_105_SNP_N_GenomeWideSNP_6_C05_777032	20	16643639	20383084	3122	0.1291
OWNED_p_TCGA_b102_105_SNP_N_GenomeWideSNP_6_C05_777032	20	20384393	20385601	3	-1.0104
OWNED_p_TCGA_b102_105_SNP_N_GenomeWideSNP_6_C05_777032	20	20386022	29651749	4003	0.1011
OWNED_p_TCGA_b102_105_SNP_N_GenomeWideSNP_6_C05_777032	20	29835049	35715350	2846	0.4261
OWNED_p_TCGA_b102_105_SNP_N_GenomeWideSNP_6_C05_777032	20	35715567	35717143	7	-0.1374
OWNED_p_TCGA_b102_105_SNP_N_GenomeWideSNP_6_C05_777032	20	35717445	44201884	5968	0.4293
OWNED_p_TCGA_b102_105_SNP_N_GenomeWideSNP_6_C05_777032	20	44204543	44204771	2	-0.8981
OWNED_p_TCGA_b102_105_SNP_N_GenomeWideSNP_6_C05_777032	20	44209518	44348562	85	0.4714
OWNED_p_TCGA_b102_105_SNP_N_GenomeWideSNP_6_C05_777032	20	44350373	44378211	25	-0.6865
OWNED_p_TCGA_b102_105_SNP_N_GenomeWideSNP_6_C05_777032	20	44380847	46566768	1581	0.4542
OWNED_p_TCGA_b102_105_SNP_N_GenomeWideSNP_6_C05_777032	20	46566785	46688201	95	0.9059
OWNED_p_TCGA_b102_105_SNP_N_GenomeWideSNP_6_C05_777032	20	46689402	47996695	921	1.1052
OWNED_p_TCGA_b102_105_SNP_N_GenomeWideSNP_6_C05_777032	20	47999162	48874686	494	0.7988
OWNED_p_TCGA_b102_105_SNP_N_GenomeWideSNP_6_C05_777032	20	48878585	49261044	352	0.4104
OWNED_p_TCGA_b102_105_SNP_N_GenomeWideSNP_6_C05_777032	20	49261880	49649710	223	0.0916
OWNED_p_TCGA_b102_105_SNP_N_GenomeWideSNP_6_C05_777032	20	49652341	50524649	676	0.7234
OWNED_p_TCGA_b102_105_SNP_N_GenomeWideSNP_6_C05_777032	20	50527772	52855507	1833	1.0851
OWNED_p_TCGA_b102_105_SNP_N_GenomeWideSNP_6_C05_777032	20	52855512	53580223	590	0.6963
OWNED_p_TCGA_b102_105_SNP_N_GenomeWideSNP_6_C05_777032	20	53580889	57046685	2796	1.0688
OWNED_p_TCGA_b102_105_SNP_N_GenomeWideSNP_6_C05_777032	20	57047666	60126027	2588	0.782
OWNED_p_TCGA_b102_105_SNP_N_GenomeWideSNP_6_C05_777032	20	60126157	62714133	1142	1.2467
OWNED_p_TCGA_b102_105_SNP_N_GenomeWideSNP_6_C05_777032	20	62717930	62956153	129	-0.4032
OWNED_p_TCGA_b102_105_SNP_N_GenomeWideSNP_6_C05_777032	21	10736871	11175912	112	-0.6052
OWNED_p_TCGA_b102_105_SNP_N_GenomeWideSNP_6_C05_777032	21	14345669	17910797	2140	0.1381
OWNED_p_TCGA_b102_105_SNP_N_GenomeWideSNP_6_C05_777032	21	17913228	17968788	31	-0.348
OWNED_p_TCGA_b102_105_SNP_N_GenomeWideSNP_6_C05_777032	21	17968980	23651134	4173	0.1065
OWNED_p_TCGA_b102_105_SNP_N_GenomeWideSNP_6_C05_777032	21	23655900	23664658	9	-0.6052
OWNED_p_TCGA_b102_105_SNP_N_GenomeWideSNP_6_C05_777032	21	23666999	48096957	17918	0.0937
OWNED_p_TCGA_b102_105_SNP_N_GenomeWideSNP_6_C05_777032	22	16052528	16055207	3	-2.8108
OWNED_p_TCGA_b102_105_SNP_N_GenomeWideSNP_6_C05_777032	22	16058854	20950564	2290	-0.4349
OWNED_p_TCGA_b102_105_SNP_N_GenomeWideSNP_6_C05_777032	22	20952909	20956163	3	-2.3681
OWNED_p_TCGA_b102_105_SNP_N_GenomeWideSNP_6_C05_777032	22	20958301	21542615	541	-0.4317
OWNED_p_TCGA_b102_105_SNP_N_GenomeWideSNP_6_C05_777032	22	21567231	21595178	4	-2.1549
OWNED_p_TCGA_b102_105_SNP_N_GenomeWideSNP_6_C05_777032	22	21607084	22038458	99	-0.4833
OWNED_p_TCGA_b102_105_SNP_N_GenomeWideSNP_6_C05_777032	22	22039662	22039863	2	-2.3146
OWNED_p_TCGA_b102_105_SNP_N_GenomeWideSNP_6_C05_777032	22	22040258	22752462	685	-0.3636
OWNED_p_TCGA_b102_105_SNP_N_GenomeWideSNP_6_C05_777032	22	22752680	22752880	4	-1.8062
OWNED_p_TCGA_b102_105_SNP_N_GenomeWideSNP_6_C05_777032	22	22757321	23262981	269	-0.4237
OWNED_p_TCGA_b102_105_SNP_N_GenomeWideSNP_6_C05_777032	22	23263242	23263257	2	-2.5984
OWNED_p_TCGA_b102_105_SNP_N_GenomeWideSNP_6_C05_777032	22	23263274	24313734	680	-0.4535
OWNED_p_TCGA_b102_105_SNP_N_GenomeWideSNP_6_C05_777032	22	24313766	24332933	12	-1.3725
OWNED_p_TCGA_b102_105_SNP_N_GenomeWideSNP_6_C05_777032	22	24337307	24396814	22	0.0456
OWNED_p_TCGA_b102_105_SNP_N_GenomeWideSNP_6_C05_777032	22	24401529	44830242	14117	-0.4036
OWNED_p_TCGA_b102_105_SNP_N_GenomeWideSNP_6_C05_777032	22	44833001	44835076	2	-2.5075
OWNED_p_TCGA_b102_105_SNP_N_GenomeWideSNP_6_C05_777032	22	44836364	45130401	239	-0.4286
OWNED_p_TCGA_b102_105_SNP_N_GenomeWideSNP_6_C05_777032	22	45130466	45133340	2	-2.8498
OWNED_p_TCGA_b102_105_SNP_N_GenomeWideSNP_6_C05_777032	22	45135806	51234455	4444	-0.4409
OWNED_p_TCGA_b102_105_SNP_N_GenomeWideSNP_6_C05_777032	X	168477	2706944	99	-0.509
OWNED_p_TCGA_b102_105_SNP_N_GenomeWideSNP_6_C05_777032	X	2707734	62450445	33592	0.0261
OWNED_p_TCGA_b102_105_SNP_N_GenomeWideSNP_6_C05_777032	X	62457637	62473388	9	1.3159
OWNED_p_TCGA_b102_105_SNP_N_GenomeWideSNP_6_C05_777032	X	62478259	62498200	9	0.6559
OWNED_p_TCGA_b102_105_SNP_N_GenomeWideSNP_6_C05_777032	X	62498272	90751926	13789	-0.0058
OWNED_p_TCGA_b102_105_SNP_N_GenomeWideSNP_6_C05_777032	X	90753247	90770464	7	-0.5451
OWNED_p_TCGA_b102_105_SNP_N_GenomeWideSNP_6_C05_777032	X	90770819	92333715	610	-0.1122
OWNED_p_TCGA_b102_105_SNP_N_GenomeWideSNP_6_C05_777032	X	92333747	92348723	15	-0.5609
OWNED_p_TCGA_b102_105_SNP_N_GenomeWideSNP_6_C05_777032	X	92349314	137573188	25333	0.0111
OWNED_p_TCGA_b102_105_SNP_N_GenomeWideSNP_6_C05_777032	X	137573770	137573864	2	-2.8326
OWNED_p_TCGA_b102_105_SNP_N_GenomeWideSNP_6_C05_777032	X	137574074	152212213	9619	-0.0178
OWNED_p_TCGA_b102_105_SNP_N_GenomeWideSNP_6_C05_777032	X	152212828	152213311	3	-3.3427
OWNED_p_TCGA_b102_105_SNP_N_GenomeWideSNP_6_C05_777032	X	152213369	155182354	1167	0.0286
OWNED_p_TCGA_b102_105_SNP_N_GenomeWideSNP_6_C05_777032	Y	2650438	6060532	848	-1.5529
OWNED_p_TCGA_b102_105_SNP_N_GenomeWideSNP_6_C05_777032	Y	6062475	6296423	109	-1.8982
OWNED_p_TCGA_b102_105_SNP_N_GenomeWideSNP_6_C05_777032	Y	6299046	8611794	1276	-1.6748
OWNED_p_TCGA_b102_105_SNP_N_GenomeWideSNP_6_C05_777032	Y	8615140	8616189	2	-3.2641
OWNED_p_TCGA_b102_105_SNP_N_GenomeWideSNP_6_C05_777032	Y	8616436	9164747	210	-1.698
OWNED_p_TCGA_b102_105_SNP_N_GenomeWideSNP_6_C05_777032	Y	9167305	9375572	16	-2.0689
OWNED_p_TCGA_b102_105_SNP_N_GenomeWideSNP_6_C05_777032	Y	9376008	9387444	6	-2.8642
OWNED_p_TCGA_b102_105_SNP_N_GenomeWideSNP_6_C05_777032	Y	9387994	9525744	64	-1.634
OWNED_p_TCGA_b102_105_SNP_N_GenomeWideSNP_6_C05_777032	Y	9525914	9759564	96	-2
OWNED_p_TCGA_b102_105_SNP_N_GenomeWideSNP_6_C05_777032	Y	9774614	23653771	4714	-1.6834
OWNED_p_TCGA_b102_105_SNP_N_GenomeWideSNP_6_C05_777032	Y	23683731	23690350	2	-4.2079
OWNED_p_TCGA_b102_105_SNP_N_GenomeWideSNP_6_C05_777032	Y	23715701	23754597	27	-2.0759
OWNED_p_TCGA_b102_105_SNP_N_GenomeWideSNP_6_C05_777032	Y	23759725	25487683	330	-1.7467
OWNED_p_TCGA_b102_105_SNP_N_GenomeWideSNP_6_C05_777032	Y	25510888	26473956	300	-0.4621
OWNED_p_TCGA_b102_105_SNP_N_GenomeWideSNP_6_C05_777032	Y	26482088	27481424	121	-1.9597
OWNED_p_TCGA_b102_105_SNP_N_GenomeWideSNP_6_C05_777032	Y	27484559	27739176	80	-0.5839
OWNED_p_TCGA_b102_105_SNP_N_GenomeWideSNP_6_C05_777032	Y	27739609	28157255	165	-0.2995
OWNED_p_TCGA_b102_105_SNP_N_GenomeWideSNP_6_C05_777032	Y	28175261	28353043	42	-0.7477
OWNED_p_TCGA_b102_105_SNP_N_GenomeWideSNP_6_C05_777032	Y	28354076	28459221	48	-0.3094
OWNED_p_TCGA_b102_105_SNP_N_GenomeWideSNP_6_C05_777032	Y	28462557	59018259	173	0.1597
