Sample	Chromosome	Start	End	Num_Probes	Segment_Mean
OWNED_p_TCGA_b102_105_SNP_N_GenomeWideSNP_6_E04_777174	1	61735	228706	18	0.3086
OWNED_p_TCGA_b102_105_SNP_N_GenomeWideSNP_6_E04_777174	1	228729	229677	6	-0.1968
OWNED_p_TCGA_b102_105_SNP_N_GenomeWideSNP_6_E04_777174	1	235670	356542	5	0.5385
OWNED_p_TCGA_b102_105_SNP_N_GenomeWideSNP_6_E04_777174	1	404171	1879955	309	-0.0774
OWNED_p_TCGA_b102_105_SNP_N_GenomeWideSNP_6_E04_777174	1	1888193	9315847	4317	-0.7556
OWNED_p_TCGA_b102_105_SNP_N_GenomeWideSNP_6_E04_777174	1	9326658	9402403	57	0.1713
OWNED_p_TCGA_b102_105_SNP_N_GenomeWideSNP_6_E04_777174	1	9404693	12859413	1776	-0.6833
OWNED_p_TCGA_b102_105_SNP_N_GenomeWideSNP_6_E04_777174	1	12862241	13763960	88	-0.3932
OWNED_p_TCGA_b102_105_SNP_N_GenomeWideSNP_6_E04_777174	1	13776072	16363940	1877	-0.7427
OWNED_p_TCGA_b102_105_SNP_N_GenomeWideSNP_6_E04_777174	1	16368133	16374330	4	-1.8508
OWNED_p_TCGA_b102_105_SNP_N_GenomeWideSNP_6_E04_777174	1	16379331	16814994	199	-0.629
OWNED_p_TCGA_b102_105_SNP_N_GenomeWideSNP_6_E04_777174	1	16815530	17262232	177	-0.1772
OWNED_p_TCGA_b102_105_SNP_N_GenomeWideSNP_6_E04_777174	1	17262247	21347067	2810	-0.7267
OWNED_p_TCGA_b102_105_SNP_N_GenomeWideSNP_6_E04_777174	1	21355220	104225568	51439	-0.0045
OWNED_p_TCGA_b102_105_SNP_N_GenomeWideSNP_6_E04_777174	1	104239689	104303501	15	0.4568
OWNED_p_TCGA_b102_105_SNP_N_GenomeWideSNP_6_E04_777174	1	104303639	106021204	924	-0.0132
OWNED_p_TCGA_b102_105_SNP_N_GenomeWideSNP_6_E04_777174	1	106021219	106024055	12	0.4895
OWNED_p_TCGA_b102_105_SNP_N_GenomeWideSNP_6_E04_777174	1	106024070	108766355	1960	-0.0044
OWNED_p_TCGA_b102_105_SNP_N_GenomeWideSNP_6_E04_777174	1	108769302	108817179	2	1.0748
OWNED_p_TCGA_b102_105_SNP_N_GenomeWideSNP_6_E04_777174	1	108828957	110226487	699	0.0229
OWNED_p_TCGA_b102_105_SNP_N_GenomeWideSNP_6_E04_777174	1	110226743	110242953	24	0.7737
OWNED_p_TCGA_b102_105_SNP_N_GenomeWideSNP_6_E04_777174	1	110244998	111376081	838	0.004
OWNED_p_TCGA_b102_105_SNP_N_GenomeWideSNP_6_E04_777174	1	111376220	111379573	18	0.3433
OWNED_p_TCGA_b102_105_SNP_N_GenomeWideSNP_6_E04_777174	1	111379750	113767257	1815	-0.0013
OWNED_p_TCGA_b102_105_SNP_N_GenomeWideSNP_6_E04_777174	1	113767751	113775761	4	-0.8311
OWNED_p_TCGA_b102_105_SNP_N_GenomeWideSNP_6_E04_777174	1	113776183	152555527	7333	0.0046
OWNED_p_TCGA_b102_105_SNP_N_GenomeWideSNP_6_E04_777174	1	152555706	152586594	35	-0.7314
OWNED_p_TCGA_b102_105_SNP_N_GenomeWideSNP_6_E04_777174	1	152590494	196714822	29736	-0.0032
OWNED_p_TCGA_b102_105_SNP_N_GenomeWideSNP_6_E04_777174	1	196714873	196759274	41	-0.5903
OWNED_p_TCGA_b102_105_SNP_N_GenomeWideSNP_6_E04_777174	1	196759288	196798643	32	-0.1719
OWNED_p_TCGA_b102_105_SNP_N_GenomeWideSNP_6_E04_777174	1	196798664	196801655	15	-0.5226
OWNED_p_TCGA_b102_105_SNP_N_GenomeWideSNP_6_E04_777174	1	196801784	228716940	21160	-7e-04
OWNED_p_TCGA_b102_105_SNP_N_GenomeWideSNP_6_E04_777174	1	228730668	228741147	4	-1.2675
OWNED_p_TCGA_b102_105_SNP_N_GenomeWideSNP_6_E04_777174	1	228791784	249224388	14755	-0.0046
OWNED_p_TCGA_b102_105_SNP_N_GenomeWideSNP_6_E04_777174	2	12784	4216420	2992	-0.0312
OWNED_p_TCGA_b102_105_SNP_N_GenomeWideSNP_6_E04_777174	2	4216452	4223512	33	0.2365
OWNED_p_TCGA_b102_105_SNP_N_GenomeWideSNP_6_E04_777174	2	4223567	29643332	17622	-0.0032
OWNED_p_TCGA_b102_105_SNP_N_GenomeWideSNP_6_E04_777174	2	29643885	29644222	5	-0.8431
OWNED_p_TCGA_b102_105_SNP_N_GenomeWideSNP_6_E04_777174	2	29644595	34691069	3430	-0.0128
OWNED_p_TCGA_b102_105_SNP_N_GenomeWideSNP_6_E04_777174	2	34699315	34708650	8	0.8094
OWNED_p_TCGA_b102_105_SNP_N_GenomeWideSNP_6_E04_777174	2	34710728	34717974	22	0.2987
OWNED_p_TCGA_b102_105_SNP_N_GenomeWideSNP_6_E04_777174	2	34717988	34737057	16	0.7212
OWNED_p_TCGA_b102_105_SNP_N_GenomeWideSNP_6_E04_777174	2	34737163	52741737	13020	0.0062
OWNED_p_TCGA_b102_105_SNP_N_GenomeWideSNP_6_E04_777174	2	52743925	52781542	41	0.5759
OWNED_p_TCGA_b102_105_SNP_N_GenomeWideSNP_6_E04_777174	2	52787949	87344738	22006	-0.0022
OWNED_p_TCGA_b102_105_SNP_N_GenomeWideSNP_6_E04_777174	2	87361172	87974463	184	0.4409
OWNED_p_TCGA_b102_105_SNP_N_GenomeWideSNP_6_E04_777174	2	87994641	90321397	837	5e-04
OWNED_p_TCGA_b102_105_SNP_N_GenomeWideSNP_6_E04_777174	2	91618895	91930067	71	0.2485
OWNED_p_TCGA_b102_105_SNP_N_GenomeWideSNP_6_E04_777174	2	91939238	117351367	12212	0.0016
OWNED_p_TCGA_b102_105_SNP_N_GenomeWideSNP_6_E04_777174	2	117352717	117352829	2	-1.2095
OWNED_p_TCGA_b102_105_SNP_N_GenomeWideSNP_6_E04_777174	2	117353232	127714880	6671	-7e-04
OWNED_p_TCGA_b102_105_SNP_N_GenomeWideSNP_6_E04_777174	2	127719856	127720068	2	-1.2517
OWNED_p_TCGA_b102_105_SNP_N_GenomeWideSNP_6_E04_777174	2	127724695	133038729	2733	0.0035
OWNED_p_TCGA_b102_105_SNP_N_GenomeWideSNP_6_E04_777174	2	133046772	133117260	29	0.624
OWNED_p_TCGA_b102_105_SNP_N_GenomeWideSNP_6_E04_777174	2	133121946	146862085	8843	-4e-04
OWNED_p_TCGA_b102_105_SNP_N_GenomeWideSNP_6_E04_777174	2	146864404	146866934	24	-1.638
OWNED_p_TCGA_b102_105_SNP_N_GenomeWideSNP_6_E04_777174	2	146877806	184085453	22850	0.0082
OWNED_p_TCGA_b102_105_SNP_N_GenomeWideSNP_6_E04_777174	2	184085788	184089145	8	-1.0148
OWNED_p_TCGA_b102_105_SNP_N_GenomeWideSNP_6_E04_777174	2	184089724	213181322	17162	0.0146
OWNED_p_TCGA_b102_105_SNP_N_GenomeWideSNP_6_E04_777174	2	213186549	213192126	26	-0.9146
OWNED_p_TCGA_b102_105_SNP_N_GenomeWideSNP_6_E04_777174	2	213192158	214180831	694	0.0019
OWNED_p_TCGA_b102_105_SNP_N_GenomeWideSNP_6_E04_777174	2	214183754	214222991	19	-0.7168
OWNED_p_TCGA_b102_105_SNP_N_GenomeWideSNP_6_E04_777174	2	214227945	240328213	16862	-6e-04
OWNED_p_TCGA_b102_105_SNP_N_GenomeWideSNP_6_E04_777174	2	240329646	240331389	2	-1.157
OWNED_p_TCGA_b102_105_SNP_N_GenomeWideSNP_6_E04_777174	2	240333093	243089456	1476	-0.0138
OWNED_p_TCGA_b102_105_SNP_N_GenomeWideSNP_6_E04_777174	3	60345	2806287	2415	0.0046
OWNED_p_TCGA_b102_105_SNP_N_GenomeWideSNP_6_E04_777174	3	2812408	2819258	8	-0.9218
OWNED_p_TCGA_b102_105_SNP_N_GenomeWideSNP_6_E04_777174	3	2821952	6077172	2877	0.0019
OWNED_p_TCGA_b102_105_SNP_N_GenomeWideSNP_6_E04_777174	3	6077996	6094918	18	-1.1571
OWNED_p_TCGA_b102_105_SNP_N_GenomeWideSNP_6_E04_777174	3	6098050	13620996	5872	0.0015
OWNED_p_TCGA_b102_105_SNP_N_GenomeWideSNP_6_E04_777174	3	13621532	13621911	4	-1.3351
OWNED_p_TCGA_b102_105_SNP_N_GenomeWideSNP_6_E04_777174	3	13624899	61013486	30596	0.0033
OWNED_p_TCGA_b102_105_SNP_N_GenomeWideSNP_6_E04_777174	3	61015134	61260017	230	-0.4545
OWNED_p_TCGA_b102_105_SNP_N_GenomeWideSNP_6_E04_777174	3	61262149	68746164	5798	-0.0044
OWNED_p_TCGA_b102_105_SNP_N_GenomeWideSNP_6_E04_777174	3	68746259	68747413	14	-1.0957
OWNED_p_TCGA_b102_105_SNP_N_GenomeWideSNP_6_E04_777174	3	68748758	75568549	4930	-0.0023
OWNED_p_TCGA_b102_105_SNP_N_GenomeWideSNP_6_E04_777174	3	75572549	75596246	8	0.6665
OWNED_p_TCGA_b102_105_SNP_N_GenomeWideSNP_6_E04_777174	3	75608639	98407304	10702	-0.0028
OWNED_p_TCGA_b102_105_SNP_N_GenomeWideSNP_6_E04_777174	3	98407314	98407386	2	1.4272
OWNED_p_TCGA_b102_105_SNP_N_GenomeWideSNP_6_E04_777174	3	98407400	98944511	300	-0.0117
OWNED_p_TCGA_b102_105_SNP_N_GenomeWideSNP_6_E04_777174	3	98944547	98949421	35	-0.4924
OWNED_p_TCGA_b102_105_SNP_N_GenomeWideSNP_6_E04_777174	3	98950964	129787254	18752	0.002
OWNED_p_TCGA_b102_105_SNP_N_GenomeWideSNP_6_E04_777174	3	129789225	129793973	27	-0.2883
OWNED_p_TCGA_b102_105_SNP_N_GenomeWideSNP_6_E04_777174	3	129794006	131706696	1182	0.0124
OWNED_p_TCGA_b102_105_SNP_N_GenomeWideSNP_6_E04_777174	3	131708157	131714999	3	-1.1092
OWNED_p_TCGA_b102_105_SNP_N_GenomeWideSNP_6_E04_777174	3	131717974	162508268	19096	0.0068
OWNED_p_TCGA_b102_105_SNP_N_GenomeWideSNP_6_E04_777174	3	162512657	162623881	67	0.289
OWNED_p_TCGA_b102_105_SNP_N_GenomeWideSNP_6_E04_777174	3	162623897	162714517	75	-0.0579
OWNED_p_TCGA_b102_105_SNP_N_GenomeWideSNP_6_E04_777174	3	162717727	162719562	2	-2.3181
OWNED_p_TCGA_b102_105_SNP_N_GenomeWideSNP_6_E04_777174	3	162726159	192877902	19109	0.0074
OWNED_p_TCGA_b102_105_SNP_N_GenomeWideSNP_6_E04_777174	3	192877962	192882903	19	1.3705
OWNED_p_TCGA_b102_105_SNP_N_GenomeWideSNP_6_E04_777174	3	192886435	195422289	1493	0.0055
OWNED_p_TCGA_b102_105_SNP_N_GenomeWideSNP_6_E04_777174	3	195422291	195446922	20	-0.4068
OWNED_p_TCGA_b102_105_SNP_N_GenomeWideSNP_6_E04_777174	3	195455508	197896118	1193	-0.0053
OWNED_p_TCGA_b102_105_SNP_N_GenomeWideSNP_6_E04_777174	4	12281	4028471	1675	-0.0093
OWNED_p_TCGA_b102_105_SNP_N_GenomeWideSNP_6_E04_777174	4	4030462	4177173	47	0.2403
OWNED_p_TCGA_b102_105_SNP_N_GenomeWideSNP_6_E04_777174	4	4177809	9456977	3519	-0.0194
OWNED_p_TCGA_b102_105_SNP_N_GenomeWideSNP_6_E04_777174	4	9461230	9486087	10	0.5918
OWNED_p_TCGA_b102_105_SNP_N_GenomeWideSNP_6_E04_777174	4	9496294	10210390	543	-0.0081
OWNED_p_TCGA_b102_105_SNP_N_GenomeWideSNP_6_E04_777174	4	10223416	10231498	28	-1.7651
OWNED_p_TCGA_b102_105_SNP_N_GenomeWideSNP_6_E04_777174	4	10234214	10390715	178	0.0235
OWNED_p_TCGA_b102_105_SNP_N_GenomeWideSNP_6_E04_777174	4	10392354	10400668	16	0.3315
OWNED_p_TCGA_b102_105_SNP_N_GenomeWideSNP_6_E04_777174	4	10402718	12639387	1807	0.0041
OWNED_p_TCGA_b102_105_SNP_N_GenomeWideSNP_6_E04_777174	4	12639594	12639830	2	1.411
OWNED_p_TCGA_b102_105_SNP_N_GenomeWideSNP_6_E04_777174	4	12641417	34786500	14984	-0.005
OWNED_p_TCGA_b102_105_SNP_N_GenomeWideSNP_6_E04_777174	4	34786955	34824725	37	-2.2908
OWNED_p_TCGA_b102_105_SNP_N_GenomeWideSNP_6_E04_777174	4	34829872	57498669	12160	-1e-04
OWNED_p_TCGA_b102_105_SNP_N_GenomeWideSNP_6_E04_777174	4	57499266	57503928	2	-1.3348
OWNED_p_TCGA_b102_105_SNP_N_GenomeWideSNP_6_E04_777174	4	57506571	59973018	1650	-0.0171
OWNED_p_TCGA_b102_105_SNP_N_GenomeWideSNP_6_E04_777174	4	59974071	59983686	7	0.6657
OWNED_p_TCGA_b102_105_SNP_N_GenomeWideSNP_6_E04_777174	4	59988095	64705751	2767	-0.0028
OWNED_p_TCGA_b102_105_SNP_N_GenomeWideSNP_6_E04_777174	4	64705785	64708258	9	0.6168
OWNED_p_TCGA_b102_105_SNP_N_GenomeWideSNP_6_E04_777174	4	64716431	69374955	2883	-0.0037
OWNED_p_TCGA_b102_105_SNP_N_GenomeWideSNP_6_E04_777174	4	69375160	69591612	74	0.3586
OWNED_p_TCGA_b102_105_SNP_N_GenomeWideSNP_6_E04_777174	4	69591782	115173700	27702	0.0123
OWNED_p_TCGA_b102_105_SNP_N_GenomeWideSNP_6_E04_777174	4	115175323	115182175	23	-1.1929
OWNED_p_TCGA_b102_105_SNP_N_GenomeWideSNP_6_E04_777174	4	115184229	116166104	611	0.0063
OWNED_p_TCGA_b102_105_SNP_N_GenomeWideSNP_6_E04_777174	4	116172611	116176125	22	-0.5852
OWNED_p_TCGA_b102_105_SNP_N_GenomeWideSNP_6_E04_777174	4	116180182	155802548	23465	0.0063
OWNED_p_TCGA_b102_105_SNP_N_GenomeWideSNP_6_E04_777174	4	155803005	155803078	3	1.0283
OWNED_p_TCGA_b102_105_SNP_N_GenomeWideSNP_6_E04_777174	4	155803199	171267944	9920	0.006
OWNED_p_TCGA_b102_105_SNP_N_GenomeWideSNP_6_E04_777174	4	171268082	171273158	7	-0.6141
OWNED_p_TCGA_b102_105_SNP_N_GenomeWideSNP_6_E04_777174	4	171274014	172369346	684	-0.0082
OWNED_p_TCGA_b102_105_SNP_N_GenomeWideSNP_6_E04_777174	4	172374884	172377710	10	0.6309
OWNED_p_TCGA_b102_105_SNP_N_GenomeWideSNP_6_E04_777174	4	172377724	172987857	397	0.0174
OWNED_p_TCGA_b102_105_SNP_N_GenomeWideSNP_6_E04_777174	4	172987928	172989533	13	0.7173
OWNED_p_TCGA_b102_105_SNP_N_GenomeWideSNP_6_E04_777174	4	172995979	190189043	11728	-0.0017
OWNED_p_TCGA_b102_105_SNP_N_GenomeWideSNP_6_E04_777174	4	190195118	190199264	4	-0.8716
OWNED_p_TCGA_b102_105_SNP_N_GenomeWideSNP_6_E04_777174	4	190199771	190543118	200	0.0172
OWNED_p_TCGA_b102_105_SNP_N_GenomeWideSNP_6_E04_777174	4	190543148	190635888	30	0.3015
OWNED_p_TCGA_b102_105_SNP_N_GenomeWideSNP_6_E04_777174	4	190640034	190934936	147	0.0407
OWNED_p_TCGA_b102_105_SNP_N_GenomeWideSNP_6_E04_777174	4	190951963	191027923	9	0.783
OWNED_p_TCGA_b102_105_SNP_N_GenomeWideSNP_6_E04_777174	5	15532	36037095	24961	-0.0149
OWNED_p_TCGA_b102_105_SNP_N_GenomeWideSNP_6_E04_777174	5	36037117	36044279	2	-1.5889
OWNED_p_TCGA_b102_105_SNP_N_GenomeWideSNP_6_E04_777174	5	36047139	46271108	5815	-0.008
OWNED_p_TCGA_b102_105_SNP_N_GenomeWideSNP_6_E04_777174	5	46271930	46273502	6	0.9326
OWNED_p_TCGA_b102_105_SNP_N_GenomeWideSNP_6_E04_777174	5	46278212	49758034	129	0.0481
OWNED_p_TCGA_b102_105_SNP_N_GenomeWideSNP_6_E04_777174	5	49758908	49766662	2	-1.1002
OWNED_p_TCGA_b102_105_SNP_N_GenomeWideSNP_6_E04_777174	5	49767230	57321646	4948	0.0023
OWNED_p_TCGA_b102_105_SNP_N_GenomeWideSNP_6_E04_777174	5	57326027	57333293	30	-0.492
OWNED_p_TCGA_b102_105_SNP_N_GenomeWideSNP_6_E04_777174	5	57333515	68846303	7300	0.0056
OWNED_p_TCGA_b102_105_SNP_N_GenomeWideSNP_6_E04_777174	5	68867294	69118135	5	-0.7525
OWNED_p_TCGA_b102_105_SNP_N_GenomeWideSNP_6_E04_777174	5	69233427	103851221	19536	7e-04
OWNED_p_TCGA_b102_105_SNP_N_GenomeWideSNP_6_E04_777174	5	103860373	103860604	4	0.774
OWNED_p_TCGA_b102_105_SNP_N_GenomeWideSNP_6_E04_777174	5	103861049	117386617	9395	-0.0034
OWNED_p_TCGA_b102_105_SNP_N_GenomeWideSNP_6_E04_777174	5	117388422	117389085	11	-0.6647
OWNED_p_TCGA_b102_105_SNP_N_GenomeWideSNP_6_E04_777174	5	117404340	151514171	21374	0.0083
OWNED_p_TCGA_b102_105_SNP_N_GenomeWideSNP_6_E04_777174	5	151515386	151518351	14	-0.7944
OWNED_p_TCGA_b102_105_SNP_N_GenomeWideSNP_6_E04_777174	5	151520271	180790320	19483	-0.0052
OWNED_p_TCGA_b102_105_SNP_N_GenomeWideSNP_6_E04_777174	6	149661	302306	124	0.0244
OWNED_p_TCGA_b102_105_SNP_N_GenomeWideSNP_6_E04_777174	6	303017	375277	69	-0.3359
OWNED_p_TCGA_b102_105_SNP_N_GenomeWideSNP_6_E04_777174	6	375759	26718131	20065	-0.0101
OWNED_p_TCGA_b102_105_SNP_N_GenomeWideSNP_6_E04_777174	6	26728640	26798260	35	0.3472
OWNED_p_TCGA_b102_105_SNP_N_GenomeWideSNP_6_E04_777174	6	26798300	29836475	1425	-0.0389
OWNED_p_TCGA_b102_105_SNP_N_GenomeWideSNP_6_E04_777174	6	29836577	29901576	42	0.28
OWNED_p_TCGA_b102_105_SNP_N_GenomeWideSNP_6_E04_777174	6	29908469	31277686	650	-0.0141
OWNED_p_TCGA_b102_105_SNP_N_GenomeWideSNP_6_E04_777174	6	31280823	31295953	9	-0.7299
OWNED_p_TCGA_b102_105_SNP_N_GenomeWideSNP_6_E04_777174	6	31295987	32469919	516	0.0115
OWNED_p_TCGA_b102_105_SNP_N_GenomeWideSNP_6_E04_777174	6	32469967	32602107	48	-0.4322
OWNED_p_TCGA_b102_105_SNP_N_GenomeWideSNP_6_E04_777174	6	32602269	48930865	10423	-0.0055
OWNED_p_TCGA_b102_105_SNP_N_GenomeWideSNP_6_E04_777174	6	48931729	48934975	3	-1.0692
OWNED_p_TCGA_b102_105_SNP_N_GenomeWideSNP_6_E04_777174	6	48935079	66394090	8373	0.0095
OWNED_p_TCGA_b102_105_SNP_N_GenomeWideSNP_6_E04_777174	6	66399482	66407127	25	-0.5758
OWNED_p_TCGA_b102_105_SNP_N_GenomeWideSNP_6_E04_777174	6	66407210	67038046	415	0.0037
OWNED_p_TCGA_b102_105_SNP_N_GenomeWideSNP_6_E04_777174	6	67040913	67043192	7	-0.5974
OWNED_p_TCGA_b102_105_SNP_N_GenomeWideSNP_6_E04_777174	6	67043235	74591858	5017	-0.0035
OWNED_p_TCGA_b102_105_SNP_N_GenomeWideSNP_6_E04_777174	6	74592225	74601410	10	0.8591
OWNED_p_TCGA_b102_105_SNP_N_GenomeWideSNP_6_E04_777174	6	74603555	74707150	71	0.0403
OWNED_p_TCGA_b102_105_SNP_N_GenomeWideSNP_6_E04_777174	6	74707377	74717021	4	0.8464
OWNED_p_TCGA_b102_105_SNP_N_GenomeWideSNP_6_E04_777174	6	74718793	77440048	1694	-0.0042
OWNED_p_TCGA_b102_105_SNP_N_GenomeWideSNP_6_E04_777174	6	77440094	77468466	22	-0.3567
OWNED_p_TCGA_b102_105_SNP_N_GenomeWideSNP_6_E04_777174	6	77468588	78969065	976	0.002
OWNED_p_TCGA_b102_105_SNP_N_GenomeWideSNP_6_E04_777174	6	78969105	79041633	114	0.2362
OWNED_p_TCGA_b102_105_SNP_N_GenomeWideSNP_6_E04_777174	6	79041719	171051005	59733	0.0011
OWNED_p_TCGA_b102_105_SNP_N_GenomeWideSNP_6_E04_777174	7	43355	4671546	2514	-0.0102
OWNED_p_TCGA_b102_105_SNP_N_GenomeWideSNP_6_E04_777174	7	4671649	4685859	8	-0.5741
OWNED_p_TCGA_b102_105_SNP_N_GenomeWideSNP_6_E04_777174	7	4686519	17111141	9266	0.016
OWNED_p_TCGA_b102_105_SNP_N_GenomeWideSNP_6_E04_777174	7	17112981	17113101	2	-1.2187
OWNED_p_TCGA_b102_105_SNP_N_GenomeWideSNP_6_E04_777174	7	17113102	54380373	26748	0.002
OWNED_p_TCGA_b102_105_SNP_N_GenomeWideSNP_6_E04_777174	7	54386505	54386517	6	-1.2833
OWNED_p_TCGA_b102_105_SNP_N_GenomeWideSNP_6_E04_777174	7	54393488	64568852	3136	-0.0028
OWNED_p_TCGA_b102_105_SNP_N_GenomeWideSNP_6_E04_777174	7	64594065	64594929	3	-1.2237
OWNED_p_TCGA_b102_105_SNP_N_GenomeWideSNP_6_E04_777174	7	64595104	133785211	40428	0.0083
OWNED_p_TCGA_b102_105_SNP_N_GenomeWideSNP_6_E04_777174	7	133785309	133790410	20	-0.3998
OWNED_p_TCGA_b102_105_SNP_N_GenomeWideSNP_6_E04_777174	7	133790443	141763124	5203	0.0016
OWNED_p_TCGA_b102_105_SNP_N_GenomeWideSNP_6_E04_777174	7	141769643	141791908	41	0.3793
OWNED_p_TCGA_b102_105_SNP_N_GenomeWideSNP_6_E04_777174	7	141792107	142474939	452	0.0521
OWNED_p_TCGA_b102_105_SNP_N_GenomeWideSNP_6_E04_777174	7	142476719	142479722	8	-2.7837
OWNED_p_TCGA_b102_105_SNP_N_GenomeWideSNP_6_E04_777174	7	142479807	142485699	14	-1.2248
OWNED_p_TCGA_b102_105_SNP_N_GenomeWideSNP_6_E04_777174	7	142485771	142486045	5	-2.5301
OWNED_p_TCGA_b102_105_SNP_N_GenomeWideSNP_6_E04_777174	7	142486115	150702781	5034	0.0084
OWNED_p_TCGA_b102_105_SNP_N_GenomeWideSNP_6_E04_777174	7	150708089	150710392	2	-1.3168
OWNED_p_TCGA_b102_105_SNP_N_GenomeWideSNP_6_E04_777174	7	150717679	159127004	5534	-0.0085
OWNED_p_TCGA_b102_105_SNP_N_GenomeWideSNP_6_E04_777174	8	31254	3784187	3436	-0.0346
OWNED_p_TCGA_b102_105_SNP_N_GenomeWideSNP_6_E04_777174	8	3787083	3790106	23	-0.5813
OWNED_p_TCGA_b102_105_SNP_N_GenomeWideSNP_6_E04_777174	8	3791218	7215742	4373	-0.0219
OWNED_p_TCGA_b102_105_SNP_N_GenomeWideSNP_6_E04_777174	8	7215755	8018036	228	0.2083
OWNED_p_TCGA_b102_105_SNP_N_GenomeWideSNP_6_E04_777174	8	8018037	12198254	3241	-0.021
OWNED_p_TCGA_b102_105_SNP_N_GenomeWideSNP_6_E04_777174	8	12216009	12438748	102	0.3865
OWNED_p_TCGA_b102_105_SNP_N_GenomeWideSNP_6_E04_777174	8	12438891	15401178	2736	-0.0325
OWNED_p_TCGA_b102_105_SNP_N_GenomeWideSNP_6_E04_777174	8	15403060	15413447	9	-1.0201
OWNED_p_TCGA_b102_105_SNP_N_GenomeWideSNP_6_E04_777174	8	15423270	15714529	307	-0.0117
OWNED_p_TCGA_b102_105_SNP_N_GenomeWideSNP_6_E04_777174	8	15714609	15718082	6	-0.9174
OWNED_p_TCGA_b102_105_SNP_N_GenomeWideSNP_6_E04_777174	8	15719063	24972187	7350	-0.0137
OWNED_p_TCGA_b102_105_SNP_N_GenomeWideSNP_6_E04_777174	8	24974443	24984333	27	-1.8643
OWNED_p_TCGA_b102_105_SNP_N_GenomeWideSNP_6_E04_777174	8	24991104	40771996	10159	-0.0102
OWNED_p_TCGA_b102_105_SNP_N_GenomeWideSNP_6_E04_777174	8	40777852	40783680	3	0.8553
OWNED_p_TCGA_b102_105_SNP_N_GenomeWideSNP_6_E04_777174	8	40784118	58115275	8114	-0.0146
OWNED_p_TCGA_b102_105_SNP_N_GenomeWideSNP_6_E04_777174	8	58116550	58130025	5	-0.7657
OWNED_p_TCGA_b102_105_SNP_N_GenomeWideSNP_6_E04_777174	8	58132798	72215311	8711	-0.0073
OWNED_p_TCGA_b102_105_SNP_N_GenomeWideSNP_6_E04_777174	8	72215364	72216434	6	0.7255
OWNED_p_TCGA_b102_105_SNP_N_GenomeWideSNP_6_E04_777174	8	72216501	129756266	35779	-0.0042
OWNED_p_TCGA_b102_105_SNP_N_GenomeWideSNP_6_E04_777174	8	129763135	129764085	2	-2.2338
OWNED_p_TCGA_b102_105_SNP_N_GenomeWideSNP_6_E04_777174	8	129777454	134083839	3125	-0.0079
OWNED_p_TCGA_b102_105_SNP_N_GenomeWideSNP_6_E04_777174	8	134084033	134084432	3	-1.4676
OWNED_p_TCGA_b102_105_SNP_N_GenomeWideSNP_6_E04_777174	8	134086338	146298155	8125	-0.0247
OWNED_p_TCGA_b102_105_SNP_N_GenomeWideSNP_6_E04_777174	9	46587	5078443	5247	-0.007
OWNED_p_TCGA_b102_105_SNP_N_GenomeWideSNP_6_E04_777174	9	5079156	5081953	11	0.5391
OWNED_p_TCGA_b102_105_SNP_N_GenomeWideSNP_6_E04_777174	9	5082995	6695986	1127	0.0081
OWNED_p_TCGA_b102_105_SNP_N_GenomeWideSNP_6_E04_777174	9	6701145	6708357	7	-0.7215
OWNED_p_TCGA_b102_105_SNP_N_GenomeWideSNP_6_E04_777174	9	6712314	23361805	14053	0.0011
OWNED_p_TCGA_b102_105_SNP_N_GenomeWideSNP_6_E04_777174	9	23363115	23373484	8	-1.7358
OWNED_p_TCGA_b102_105_SNP_N_GenomeWideSNP_6_E04_777174	9	23378488	40476154	10821	-0.0068
OWNED_p_TCGA_b102_105_SNP_N_GenomeWideSNP_6_E04_777174	9	40508680	40562022	9	-0.739
OWNED_p_TCGA_b102_105_SNP_N_GenomeWideSNP_6_E04_777174	9	40585775	43187967	82	0.0915
OWNED_p_TCGA_b102_105_SNP_N_GenomeWideSNP_6_E04_777174	9	43315670	43800186	41	-1.0822
OWNED_p_TCGA_b102_105_SNP_N_GenomeWideSNP_6_E04_777174	9	44114872	90522594	14696	-0.0103
OWNED_p_TCGA_b102_105_SNP_N_GenomeWideSNP_6_E04_777174	9	90554151	90554219	2	-1.0055
OWNED_p_TCGA_b102_105_SNP_N_GenomeWideSNP_6_E04_777174	9	90557957	138214105	32640	-0.0113
OWNED_p_TCGA_b102_105_SNP_N_GenomeWideSNP_6_E04_777174	9	138215622	138216412	2	-2.764
OWNED_p_TCGA_b102_105_SNP_N_GenomeWideSNP_6_E04_777174	9	138217797	138395543	121	-0.0686
OWNED_p_TCGA_b102_105_SNP_N_GenomeWideSNP_6_E04_777174	9	138398739	138399240	2	-1.1095
OWNED_p_TCGA_b102_105_SNP_N_GenomeWideSNP_6_E04_777174	9	138399349	141091394	990	-0.0145
OWNED_p_TCGA_b102_105_SNP_N_GenomeWideSNP_6_E04_777174	10	72759	24375263	19222	-0.0194
OWNED_p_TCGA_b102_105_SNP_N_GenomeWideSNP_6_E04_777174	10	24377674	24378054	11	-1.6253
OWNED_p_TCGA_b102_105_SNP_N_GenomeWideSNP_6_E04_777174	10	24378908	29879231	3963	-0.0163
OWNED_p_TCGA_b102_105_SNP_N_GenomeWideSNP_6_E04_777174	10	29881403	29881502	3	-0.9184
OWNED_p_TCGA_b102_105_SNP_N_GenomeWideSNP_6_E04_777174	10	29882924	31246510	1077	-0.0179
OWNED_p_TCGA_b102_105_SNP_N_GenomeWideSNP_6_E04_777174	10	31251334	31251779	11	-0.6344
OWNED_p_TCGA_b102_105_SNP_N_GenomeWideSNP_6_E04_777174	10	31251822	36734964	3669	-0.0167
OWNED_p_TCGA_b102_105_SNP_N_GenomeWideSNP_6_E04_777174	10	36741255	36742014	2	-1.544
OWNED_p_TCGA_b102_105_SNP_N_GenomeWideSNP_6_E04_777174	10	36746767	46590231	3595	-0.0198
OWNED_p_TCGA_b102_105_SNP_N_GenomeWideSNP_6_E04_777174	10	46674180	46932195	7	0.7369
OWNED_p_TCGA_b102_105_SNP_N_GenomeWideSNP_6_E04_777174	10	46943377	49731201	944	-0.0111
OWNED_p_TCGA_b102_105_SNP_N_GenomeWideSNP_6_E04_777174	10	49732975	49732988	2	-1.3915
OWNED_p_TCGA_b102_105_SNP_N_GenomeWideSNP_6_E04_777174	10	49733261	67308709	12206	-0.0085
OWNED_p_TCGA_b102_105_SNP_N_GenomeWideSNP_6_E04_777174	10	67308737	67322795	22	-0.5455
OWNED_p_TCGA_b102_105_SNP_N_GenomeWideSNP_6_E04_777174	10	67322926	68073381	609	-0.0014
OWNED_p_TCGA_b102_105_SNP_N_GenomeWideSNP_6_E04_777174	10	68077592	68109073	32	-1.1056
OWNED_p_TCGA_b102_105_SNP_N_GenomeWideSNP_6_E04_777174	10	68109338	135375200	45577	-0.01
OWNED_p_TCGA_b102_105_SNP_N_GenomeWideSNP_6_E04_777174	10	135375694	135377278	3	-1.2547
OWNED_p_TCGA_b102_105_SNP_N_GenomeWideSNP_6_E04_777174	10	135387240	135506704	37	-0.0455
OWNED_p_TCGA_b102_105_SNP_N_GenomeWideSNP_6_E04_777174	11	198510	377795	85	-0.0679
OWNED_p_TCGA_b102_105_SNP_N_GenomeWideSNP_6_E04_777174	11	378573	379097	2	-1.1509
OWNED_p_TCGA_b102_105_SNP_N_GenomeWideSNP_6_E04_777174	11	382007	2119570	599	-0.0156
OWNED_p_TCGA_b102_105_SNP_N_GenomeWideSNP_6_E04_777174	11	2128186	2234169	30	0.4757
OWNED_p_TCGA_b102_105_SNP_N_GenomeWideSNP_6_E04_777174	11	2238396	3448604	621	0.0049
OWNED_p_TCGA_b102_105_SNP_N_GenomeWideSNP_6_E04_777174	11	3449235	3506526	13	0.4398
OWNED_p_TCGA_b102_105_SNP_N_GenomeWideSNP_6_E04_777174	11	3508471	5522151	1709	-0.0244
OWNED_p_TCGA_b102_105_SNP_N_GenomeWideSNP_6_E04_777174	11	5522175	5522564	5	-1.0893
OWNED_p_TCGA_b102_105_SNP_N_GenomeWideSNP_6_E04_777174	11	5523593	12329921	5230	-0.0118
OWNED_p_TCGA_b102_105_SNP_N_GenomeWideSNP_6_E04_777174	11	12337312	12337323	2	-1.3809
OWNED_p_TCGA_b102_105_SNP_N_GenomeWideSNP_6_E04_777174	11	12338809	18940870	4454	-0.0147
OWNED_p_TCGA_b102_105_SNP_N_GenomeWideSNP_6_E04_777174	11	18949072	18961922	55	0.4128
OWNED_p_TCGA_b102_105_SNP_N_GenomeWideSNP_6_E04_777174	11	18961935	57350784	23128	-0.0101
OWNED_p_TCGA_b102_105_SNP_N_GenomeWideSNP_6_E04_777174	11	57352562	58372119	589	-0.6526
OWNED_p_TCGA_b102_105_SNP_N_GenomeWideSNP_6_E04_777174	11	58379213	106614752	30183	-0.0067
OWNED_p_TCGA_b102_105_SNP_N_GenomeWideSNP_6_E04_777174	11	106619739	106620202	4	-1.0181
OWNED_p_TCGA_b102_105_SNP_N_GenomeWideSNP_6_E04_777174	11	106629571	134944770	20334	-0.017
OWNED_p_TCGA_b102_105_SNP_N_GenomeWideSNP_6_E04_777174	12	150442	180697	6	-0.4675
OWNED_p_TCGA_b102_105_SNP_N_GenomeWideSNP_6_E04_777174	12	191054	1425582	732	-0.0099
OWNED_p_TCGA_b102_105_SNP_N_GenomeWideSNP_6_E04_777174	12	1429190	1429699	3	-1.2739
OWNED_p_TCGA_b102_105_SNP_N_GenomeWideSNP_6_E04_777174	12	1431280	9630556	5455	-0.0171
OWNED_p_TCGA_b102_105_SNP_N_GenomeWideSNP_6_E04_777174	12	9633870	9715565	24	-1.1666
OWNED_p_TCGA_b102_105_SNP_N_GenomeWideSNP_6_E04_777174	12	9728292	11220827	1046	-0.0084
OWNED_p_TCGA_b102_105_SNP_N_GenomeWideSNP_6_E04_777174	12	11222368	11241532	10	-1.0907
OWNED_p_TCGA_b102_105_SNP_N_GenomeWideSNP_6_E04_777174	12	11251874	11511578	134	-0.0291
OWNED_p_TCGA_b102_105_SNP_N_GenomeWideSNP_6_E04_777174	12	11512492	11543386	29	-0.6119
OWNED_p_TCGA_b102_105_SNP_N_GenomeWideSNP_6_E04_777174	12	11543406	17662690	4304	-0.001
OWNED_p_TCGA_b102_105_SNP_N_GenomeWideSNP_6_E04_777174	12	17667606	17667625	2	-1.1274
OWNED_p_TCGA_b102_105_SNP_N_GenomeWideSNP_6_E04_777174	12	17667835	27645992	6902	-0.0029
OWNED_p_TCGA_b102_105_SNP_N_GenomeWideSNP_6_E04_777174	12	27647741	27651362	28	-0.7381
OWNED_p_TCGA_b102_105_SNP_N_GenomeWideSNP_6_E04_777174	12	27657161	31906672	3146	-0.0062
OWNED_p_TCGA_b102_105_SNP_N_GenomeWideSNP_6_E04_777174	12	31907274	31908357	3	-1.3906
OWNED_p_TCGA_b102_105_SNP_N_GenomeWideSNP_6_E04_777174	12	31917220	33294660	1017	-0.011
OWNED_p_TCGA_b102_105_SNP_N_GenomeWideSNP_6_E04_777174	12	33301406	33301520	3	-1.0764
OWNED_p_TCGA_b102_105_SNP_N_GenomeWideSNP_6_E04_777174	12	33301534	33307374	24	-2.6715
OWNED_p_TCGA_b102_105_SNP_N_GenomeWideSNP_6_E04_777174	12	33308360	63932963	16262	-6e-04
OWNED_p_TCGA_b102_105_SNP_N_GenomeWideSNP_6_E04_777174	12	63939724	64120642	62	0.6242
OWNED_p_TCGA_b102_105_SNP_N_GenomeWideSNP_6_E04_777174	12	64127893	99791814	23009	6e-04
OWNED_p_TCGA_b102_105_SNP_N_GenomeWideSNP_6_E04_777174	12	99795293	99798734	31	-1.1912
OWNED_p_TCGA_b102_105_SNP_N_GenomeWideSNP_6_E04_777174	12	99803093	127722766	18339	-0.0074
OWNED_p_TCGA_b102_105_SNP_N_GenomeWideSNP_6_E04_777174	12	127723097	127723470	2	-1.4407
OWNED_p_TCGA_b102_105_SNP_N_GenomeWideSNP_6_E04_777174	12	127730044	133778189	4406	-0.0186
OWNED_p_TCGA_b102_105_SNP_N_GenomeWideSNP_6_E04_777174	13	19026949	23629187	2891	0.0573
OWNED_p_TCGA_b102_105_SNP_N_GenomeWideSNP_6_E04_777174	13	23629210	23633515	13	-2.0888
OWNED_p_TCGA_b102_105_SNP_N_GenomeWideSNP_6_E04_777174	13	23638195	25971481	1765	0.0829
OWNED_p_TCGA_b102_105_SNP_N_GenomeWideSNP_6_E04_777174	13	25972480	25972496	2	-1.1199
OWNED_p_TCGA_b102_105_SNP_N_GenomeWideSNP_6_E04_777174	13	25972811	38072224	8876	0.0636
OWNED_p_TCGA_b102_105_SNP_N_GenomeWideSNP_6_E04_777174	13	38075904	38084757	14	-0.3206
OWNED_p_TCGA_b102_105_SNP_N_GenomeWideSNP_6_E04_777174	13	38088330	50835715	8627	0.0735
OWNED_p_TCGA_b102_105_SNP_N_GenomeWideSNP_6_E04_777174	13	50835838	50835968	2	-1.1128
OWNED_p_TCGA_b102_105_SNP_N_GenomeWideSNP_6_E04_777174	13	50839620	57751096	3904	0.081
OWNED_p_TCGA_b102_105_SNP_N_GenomeWideSNP_6_E04_777174	13	57758270	57778380	34	-0.6839
OWNED_p_TCGA_b102_105_SNP_N_GenomeWideSNP_6_E04_777174	13	57789714	72476988	8993	0.0706
OWNED_p_TCGA_b102_105_SNP_N_GenomeWideSNP_6_E04_777174	13	72477555	72480556	4	-1.7618
OWNED_p_TCGA_b102_105_SNP_N_GenomeWideSNP_6_E04_777174	13	72480605	115108397	29119	0.0771
OWNED_p_TCGA_b102_105_SNP_N_GenomeWideSNP_6_E04_777174	14	19002124	22393148	1543	0.0158
OWNED_p_TCGA_b102_105_SNP_N_GenomeWideSNP_6_E04_777174	14	22393359	22393545	3	-1.025
OWNED_p_TCGA_b102_105_SNP_N_GenomeWideSNP_6_E04_777174	14	22393599	41608358	12274	-0.0089
OWNED_p_TCGA_b102_105_SNP_N_GenomeWideSNP_6_E04_777174	14	41610496	41657349	15	-0.522
OWNED_p_TCGA_b102_105_SNP_N_GenomeWideSNP_6_E04_777174	14	41670102	70018047	17835	-0.0077
OWNED_p_TCGA_b102_105_SNP_N_GenomeWideSNP_6_E04_777174	14	70018368	70022467	8	-0.8628
OWNED_p_TCGA_b102_105_SNP_N_GenomeWideSNP_6_E04_777174	14	70022713	74006707	2621	-0.0153
OWNED_p_TCGA_b102_105_SNP_N_GenomeWideSNP_6_E04_777174	14	74006851	74029900	8	-1.6542
OWNED_p_TCGA_b102_105_SNP_N_GenomeWideSNP_6_E04_777174	14	74029915	87102595	8711	-0.0182
OWNED_p_TCGA_b102_105_SNP_N_GenomeWideSNP_6_E04_777174	14	87103671	87103697	2	-1.4931
OWNED_p_TCGA_b102_105_SNP_N_GenomeWideSNP_6_E04_777174	14	87109568	100156771	9202	-0.0101
OWNED_p_TCGA_b102_105_SNP_N_GenomeWideSNP_6_E04_777174	14	100157791	100160380	2	-1.4813
OWNED_p_TCGA_b102_105_SNP_N_GenomeWideSNP_6_E04_777174	14	100162377	106535295	2874	-0.0234
OWNED_p_TCGA_b102_105_SNP_N_GenomeWideSNP_6_E04_777174	14	106538062	106547314	4	-0.9422
OWNED_p_TCGA_b102_105_SNP_N_GenomeWideSNP_6_E04_777174	14	106547507	106561441	9	-2.3505
OWNED_p_TCGA_b102_105_SNP_N_GenomeWideSNP_6_E04_777174	14	106567100	106802053	110	0.0945
OWNED_p_TCGA_b102_105_SNP_N_GenomeWideSNP_6_E04_777174	14	106815943	106821736	4	-0.7789
OWNED_p_TCGA_b102_105_SNP_N_GenomeWideSNP_6_E04_777174	14	106825916	106918649	81	0.1271
OWNED_p_TCGA_b102_105_SNP_N_GenomeWideSNP_6_E04_777174	14	106922531	106939788	7	1.3076
OWNED_p_TCGA_b102_105_SNP_N_GenomeWideSNP_6_E04_777174	14	106943522	107160325	127	0.0327
OWNED_p_TCGA_b102_105_SNP_N_GenomeWideSNP_6_E04_777174	14	107160399	107174572	12	-0.4523
OWNED_p_TCGA_b102_105_SNP_N_GenomeWideSNP_6_E04_777174	14	107176213	107285437	77	-0.033
OWNED_p_TCGA_b102_105_SNP_N_GenomeWideSNP_6_E04_777174	15	20016328	20247155	52	0.0758
OWNED_p_TCGA_b102_105_SNP_N_GenomeWideSNP_6_E04_777174	15	20262236	20578421	46	-1.061
OWNED_p_TCGA_b102_105_SNP_N_GenomeWideSNP_6_E04_777174	15	20581451	20581564	7	0.4689
OWNED_p_TCGA_b102_105_SNP_N_GenomeWideSNP_6_E04_777174	15	20585988	20590042	14	-2.2746
OWNED_p_TCGA_b102_105_SNP_N_GenomeWideSNP_6_E04_777174	15	20590160	22287270	192	-1.0568
OWNED_p_TCGA_b102_105_SNP_N_GenomeWideSNP_6_E04_777174	15	22291024	22543492	96	-0.5454
OWNED_p_TCGA_b102_105_SNP_N_GenomeWideSNP_6_E04_777174	15	22548025	22582902	11	-0.9745
OWNED_p_TCGA_b102_105_SNP_N_GenomeWideSNP_6_E04_777174	15	22584431	84543250	38349	-0.0115
OWNED_p_TCGA_b102_105_SNP_N_GenomeWideSNP_6_E04_777174	15	84543402	84547547	5	-0.9721
OWNED_p_TCGA_b102_105_SNP_N_GenomeWideSNP_6_E04_777174	15	84547867	102469040	13221	-0.0206
OWNED_p_TCGA_b102_105_SNP_N_GenomeWideSNP_6_E04_777174	16	60777	16290377	11764	-0.0224
OWNED_p_TCGA_b102_105_SNP_N_GenomeWideSNP_6_E04_777174	16	16290495	16837626	52	0.2413
OWNED_p_TCGA_b102_105_SNP_N_GenomeWideSNP_6_E04_777174	16	16855361	18286515	981	-5e-04
OWNED_p_TCGA_b102_105_SNP_N_GenomeWideSNP_6_E04_777174	16	18305985	18783174	41	0.4169
OWNED_p_TCGA_b102_105_SNP_N_GenomeWideSNP_6_E04_777174	16	18791108	22588017	2004	-0.0207
OWNED_p_TCGA_b102_105_SNP_N_GenomeWideSNP_6_E04_777174	16	22588050	22718938	70	0.2198
OWNED_p_TCGA_b102_105_SNP_N_GenomeWideSNP_6_E04_777174	16	22720189	70139542	21164	-0.0164
OWNED_p_TCGA_b102_105_SNP_N_GenomeWideSNP_6_E04_777174	16	70151527	70213044	18	-0.7259
OWNED_p_TCGA_b102_105_SNP_N_GenomeWideSNP_6_E04_777174	16	70234536	74384258	2423	-0.0077
OWNED_p_TCGA_b102_105_SNP_N_GenomeWideSNP_6_E04_777174	16	74397058	74407379	7	-0.9213
OWNED_p_TCGA_b102_105_SNP_N_GenomeWideSNP_6_E04_777174	16	74452036	78371608	3211	-0.0231
OWNED_p_TCGA_b102_105_SNP_N_GenomeWideSNP_6_E04_777174	16	78372440	78384765	16	-2.0993
OWNED_p_TCGA_b102_105_SNP_N_GenomeWideSNP_6_E04_777174	16	78385001	90287535	10631	-0.028
OWNED_p_TCGA_b102_105_SNP_N_GenomeWideSNP_6_E04_777174	17	526	7258027	4097	-0.0317
OWNED_p_TCGA_b102_105_SNP_N_GenomeWideSNP_6_E04_777174	17	7265349	7265806	2	-1.6117
OWNED_p_TCGA_b102_105_SNP_N_GenomeWideSNP_6_E04_777174	17	7266476	16709740	6408	-0.0237
OWNED_p_TCGA_b102_105_SNP_N_GenomeWideSNP_6_E04_777174	17	16718978	16722801	3	-1.4097
OWNED_p_TCGA_b102_105_SNP_N_GenomeWideSNP_6_E04_777174	17	16735532	18319862	922	-0.0195
OWNED_p_TCGA_b102_105_SNP_N_GenomeWideSNP_6_E04_777174	17	18355392	18474646	31	0.6833
OWNED_p_TCGA_b102_105_SNP_N_GenomeWideSNP_6_E04_777174	17	18496306	34439978	6910	-0.0121
OWNED_p_TCGA_b102_105_SNP_N_GenomeWideSNP_6_E04_777174	17	34440798	34485091	35	1.0283
OWNED_p_TCGA_b102_105_SNP_N_GenomeWideSNP_6_E04_777174	17	34528125	39418372	2540	0.0046
OWNED_p_TCGA_b102_105_SNP_N_GenomeWideSNP_6_E04_777174	17	39421685	39430531	26	-0.5307
OWNED_p_TCGA_b102_105_SNP_N_GenomeWideSNP_6_E04_777174	17	39432724	44163098	2510	-0.0152
OWNED_p_TCGA_b102_105_SNP_N_GenomeWideSNP_6_E04_777174	17	44165803	44648367	153	0.2652
OWNED_p_TCGA_b102_105_SNP_N_GenomeWideSNP_6_E04_777174	17	44653397	56404349	7495	-0.0108
OWNED_p_TCGA_b102_105_SNP_N_GenomeWideSNP_6_E04_777174	17	56406913	56508056	54	-0.23
OWNED_p_TCGA_b102_105_SNP_N_GenomeWideSNP_6_E04_777174	17	56509865	81049726	14060	-0.0145
OWNED_p_TCGA_b102_105_SNP_N_GenomeWideSNP_6_E04_777174	18	11543	78015057	50737	-0.1632
OWNED_p_TCGA_b102_105_SNP_N_GenomeWideSNP_6_E04_777174	19	90910	12692001	5063	-0.0167
OWNED_p_TCGA_b102_105_SNP_N_GenomeWideSNP_6_E04_777174	19	12697366	12698102	2	-1.5103
OWNED_p_TCGA_b102_105_SNP_N_GenomeWideSNP_6_E04_777174	19	12700523	15397160	1331	-0.0048
OWNED_p_TCGA_b102_105_SNP_N_GenomeWideSNP_6_E04_777174	19	15400442	15422811	13	0.5031
OWNED_p_TCGA_b102_105_SNP_N_GenomeWideSNP_6_E04_777174	19	15426438	20594676	2559	-0.0131
OWNED_p_TCGA_b102_105_SNP_N_GenomeWideSNP_6_E04_777174	19	20596206	20721234	72	-0.7008
OWNED_p_TCGA_b102_105_SNP_N_GenomeWideSNP_6_E04_777174	19	20721462	20746190	19	-0.0663
OWNED_p_TCGA_b102_105_SNP_N_GenomeWideSNP_6_E04_777174	19	20759077	20759858	2	-1.2465
OWNED_p_TCGA_b102_105_SNP_N_GenomeWideSNP_6_E04_777174	19	20765130	53517082	16820	-0.0212
OWNED_p_TCGA_b102_105_SNP_N_GenomeWideSNP_6_E04_777174	19	53518514	53546855	21	0.4119
OWNED_p_TCGA_b102_105_SNP_N_GenomeWideSNP_6_E04_777174	19	53547361	54730233	787	-0.0335
OWNED_p_TCGA_b102_105_SNP_N_GenomeWideSNP_6_E04_777174	19	54730251	54741319	15	0.3677
OWNED_p_TCGA_b102_105_SNP_N_GenomeWideSNP_6_E04_777174	19	54753340	59097854	2613	-0.0243
OWNED_p_TCGA_b102_105_SNP_N_GenomeWideSNP_6_E04_777174	20	61305	61312	7	0.1536
OWNED_p_TCGA_b102_105_SNP_N_GenomeWideSNP_6_E04_777174	20	61548	230516	131	0.8211
OWNED_p_TCGA_b102_105_SNP_N_GenomeWideSNP_6_E04_777174	20	230541	230556	2	-0.8148
OWNED_p_TCGA_b102_105_SNP_N_GenomeWideSNP_6_E04_777174	20	230760	1582092	1101	0.7636
OWNED_p_TCGA_b102_105_SNP_N_GenomeWideSNP_6_E04_777174	20	1582207	1597946	7	0.0655
OWNED_p_TCGA_b102_105_SNP_N_GenomeWideSNP_6_E04_777174	20	1598106	14875890	10019	0.7651
OWNED_p_TCGA_b102_105_SNP_N_GenomeWideSNP_6_E04_777174	20	14876100	14932896	79	0.2903
OWNED_p_TCGA_b102_105_SNP_N_GenomeWideSNP_6_E04_777174	20	14939620	24047154	7383	0.7716
OWNED_p_TCGA_b102_105_SNP_N_GenomeWideSNP_6_E04_777174	20	24047323	24048081	2	1.9215
OWNED_p_TCGA_b102_105_SNP_N_GenomeWideSNP_6_E04_777174	20	24051486	35601133	4090	0.7651
OWNED_p_TCGA_b102_105_SNP_N_GenomeWideSNP_6_E04_777174	20	35603724	35722830	169	0.5498
OWNED_p_TCGA_b102_105_SNP_N_GenomeWideSNP_6_E04_777174	20	35726402	37005352	807	0.7593
OWNED_p_TCGA_b102_105_SNP_N_GenomeWideSNP_6_E04_777174	20	37010785	37012294	5	-1.1526
OWNED_p_TCGA_b102_105_SNP_N_GenomeWideSNP_6_E04_777174	20	37018652	40359519	2233	0.7439
OWNED_p_TCGA_b102_105_SNP_N_GenomeWideSNP_6_E04_777174	20	40360023	40360027	5	-0.0761
OWNED_p_TCGA_b102_105_SNP_N_GenomeWideSNP_6_E04_777174	20	40360784	62916068	16417	0.7653
OWNED_p_TCGA_b102_105_SNP_N_GenomeWideSNP_6_E04_777174	20	62954695	62956153	5	-0.6492
OWNED_p_TCGA_b102_105_SNP_N_GenomeWideSNP_6_E04_777174	21	10736871	10940642	33	0.6432
OWNED_p_TCGA_b102_105_SNP_N_GenomeWideSNP_6_E04_777174	21	10942932	11042846	50	0.1188
OWNED_p_TCGA_b102_105_SNP_N_GenomeWideSNP_6_E04_777174	21	11052629	11053893	5	-0.5282
OWNED_p_TCGA_b102_105_SNP_N_GenomeWideSNP_6_E04_777174	21	11063543	48096957	24307	-0.0194
OWNED_p_TCGA_b102_105_SNP_N_GenomeWideSNP_6_E04_777174	22	16052528	21595178	2854	-0.0259
OWNED_p_TCGA_b102_105_SNP_N_GenomeWideSNP_6_E04_777174	22	21607084	21844023	41	-0.3945
OWNED_p_TCGA_b102_105_SNP_N_GenomeWideSNP_6_E04_777174	22	21845067	23262981	1016	-0.0271
OWNED_p_TCGA_b102_105_SNP_N_GenomeWideSNP_6_E04_777174	22	23263242	23263257	2	-2.0972
OWNED_p_TCGA_b102_105_SNP_N_GenomeWideSNP_6_E04_777174	22	23263274	24283016	669	-0.0181
OWNED_p_TCGA_b102_105_SNP_N_GenomeWideSNP_6_E04_777174	22	24283098	24344422	32	-0.3904
OWNED_p_TCGA_b102_105_SNP_N_GenomeWideSNP_6_E04_777174	22	24350529	24396814	19	0.7233
OWNED_p_TCGA_b102_105_SNP_N_GenomeWideSNP_6_E04_777174	22	24401529	36770657	9379	-0.0218
OWNED_p_TCGA_b102_105_SNP_N_GenomeWideSNP_6_E04_777174	22	36770874	36781808	11	-0.4515
OWNED_p_TCGA_b102_105_SNP_N_GenomeWideSNP_6_E04_777174	22	36786966	38500382	1004	-0.0158
OWNED_p_TCGA_b102_105_SNP_N_GenomeWideSNP_6_E04_777174	22	38506688	38544133	28	-1.2893
OWNED_p_TCGA_b102_105_SNP_N_GenomeWideSNP_6_E04_777174	22	38544298	51234455	8484	-0.0297
OWNED_p_TCGA_b102_105_SNP_N_GenomeWideSNP_6_E04_777174	X	168477	631236	62	-0.3452
OWNED_p_TCGA_b102_105_SNP_N_GenomeWideSNP_6_E04_777174	X	636365	640852	3	-1.4387
OWNED_p_TCGA_b102_105_SNP_N_GenomeWideSNP_6_E04_777174	X	644579	2703391	31	-0.3296
OWNED_p_TCGA_b102_105_SNP_N_GenomeWideSNP_6_E04_777174	X	2703633	65632146	34932	-0.0054
OWNED_p_TCGA_b102_105_SNP_N_GenomeWideSNP_6_E04_777174	X	65632230	65632330	2	2.1892
OWNED_p_TCGA_b102_105_SNP_N_GenomeWideSNP_6_E04_777174	X	65632620	74858638	4183	-0.0146
OWNED_p_TCGA_b102_105_SNP_N_GenomeWideSNP_6_E04_777174	X	74859617	74862395	2	1.8446
OWNED_p_TCGA_b102_105_SNP_N_GenomeWideSNP_6_E04_777174	X	74863012	76353650	774	-0.0463
OWNED_p_TCGA_b102_105_SNP_N_GenomeWideSNP_6_E04_777174	X	76362292	76399729	5	1.5571
OWNED_p_TCGA_b102_105_SNP_N_GenomeWideSNP_6_E04_777174	X	76400171	113346235	19627	-0.0297
OWNED_p_TCGA_b102_105_SNP_N_GenomeWideSNP_6_E04_777174	X	113351147	113354331	5	-5.6601
OWNED_p_TCGA_b102_105_SNP_N_GenomeWideSNP_6_E04_777174	X	113354682	140341716	15520	-0.0113
OWNED_p_TCGA_b102_105_SNP_N_GenomeWideSNP_6_E04_777174	X	140353323	140783054	219	0.9441
OWNED_p_TCGA_b102_105_SNP_N_GenomeWideSNP_6_E04_777174	X	140788744	146358551	3949	-0.0228
OWNED_p_TCGA_b102_105_SNP_N_GenomeWideSNP_6_E04_777174	X	146360998	146362355	4	-1.7999
OWNED_p_TCGA_b102_105_SNP_N_GenomeWideSNP_6_E04_777174	X	146363627	150292898	2507	0.0032
OWNED_p_TCGA_b102_105_SNP_N_GenomeWideSNP_6_E04_777174	X	150293934	150295459	2	-1.8072
OWNED_p_TCGA_b102_105_SNP_N_GenomeWideSNP_6_E04_777174	X	150296555	155182354	2425	-0.0056
OWNED_p_TCGA_b102_105_SNP_N_GenomeWideSNP_6_E04_777174	Y	2650438	9168140	2448	-1.0511
OWNED_p_TCGA_b102_105_SNP_N_GenomeWideSNP_6_E04_777174	Y	9170545	9387994	21	-0.6189
OWNED_p_TCGA_b102_105_SNP_N_GenomeWideSNP_6_E04_777174	Y	9388262	59018259	6164	-1.0752
