Sample	Chromosome	Start	End	Num_Probes	Segment_Mean
HELVE_p_TCGA_b139_154_155_SNP_N_GenomeWideSNP_6_A09_808574	1	61735	603590	33	0.2062
HELVE_p_TCGA_b139_154_155_SNP_N_GenomeWideSNP_6_A09_808574	1	625470	12109295	6070	-0.4959
HELVE_p_TCGA_b139_154_155_SNP_N_GenomeWideSNP_6_A09_808574	1	12113240	12117901	2	-2.9709
HELVE_p_TCGA_b139_154_155_SNP_N_GenomeWideSNP_6_A09_808574	1	12119569	17100230	2688	-0.4892
HELVE_p_TCGA_b139_154_155_SNP_N_GenomeWideSNP_6_A09_808574	1	17100877	17259063	63	-0.8837
HELVE_p_TCGA_b139_154_155_SNP_N_GenomeWideSNP_6_A09_808574	1	17259320	25583341	5268	-0.4875
HELVE_p_TCGA_b139_154_155_SNP_N_GenomeWideSNP_6_A09_808574	1	25593128	25611452	14	-2.062
HELVE_p_TCGA_b139_154_155_SNP_N_GenomeWideSNP_6_A09_808574	1	25616296	25662212	17	-1.0827
HELVE_p_TCGA_b139_154_155_SNP_N_GenomeWideSNP_6_A09_808574	1	25663310	31966325	3192	-0.4856
HELVE_p_TCGA_b139_154_155_SNP_N_GenomeWideSNP_6_A09_808574	1	31968315	54215664	12346	0.4053
HELVE_p_TCGA_b139_154_155_SNP_N_GenomeWideSNP_6_A09_808574	1	54216654	72763370	13305	0.0275
HELVE_p_TCGA_b139_154_155_SNP_N_GenomeWideSNP_6_A09_808574	1	72768418	72811148	48	1.3505
HELVE_p_TCGA_b139_154_155_SNP_N_GenomeWideSNP_6_A09_808574	1	72811904	76050844	1930	0.0262
HELVE_p_TCGA_b139_154_155_SNP_N_GenomeWideSNP_6_A09_808574	1	76054763	76054854	2	-2.0247
HELVE_p_TCGA_b139_154_155_SNP_N_GenomeWideSNP_6_A09_808574	1	76059509	104159384	18146	0.0224
HELVE_p_TCGA_b139_154_155_SNP_N_GenomeWideSNP_6_A09_808574	1	104163499	104259444	23	0.6576
HELVE_p_TCGA_b139_154_155_SNP_N_GenomeWideSNP_6_A09_808574	1	104260032	106021219	929	0.0434
HELVE_p_TCGA_b139_154_155_SNP_N_GenomeWideSNP_6_A09_808574	1	106021381	106022375	10	-0.5012
HELVE_p_TCGA_b139_154_155_SNP_N_GenomeWideSNP_6_A09_808574	1	106024055	108222766	1564	0.0569
HELVE_p_TCGA_b139_154_155_SNP_N_GenomeWideSNP_6_A09_808574	1	108227130	108235806	4	1.0956
HELVE_p_TCGA_b139_154_155_SNP_N_GenomeWideSNP_6_A09_808574	1	108236204	152555176	11135	0.1177
HELVE_p_TCGA_b139_154_155_SNP_N_GenomeWideSNP_6_A09_808574	1	152555527	152586576	35	0.9889
HELVE_p_TCGA_b139_154_155_SNP_N_GenomeWideSNP_6_A09_808574	1	152586594	169216937	11545	0.1363
HELVE_p_TCGA_b139_154_155_SNP_N_GenomeWideSNP_6_A09_808574	1	169233974	169254877	9	-2.7542
HELVE_p_TCGA_b139_154_155_SNP_N_GenomeWideSNP_6_A09_808574	1	169255402	238855281	47107	0.2353
HELVE_p_TCGA_b139_154_155_SNP_N_GenomeWideSNP_6_A09_808574	1	238855638	238856094	3	-0.9508
HELVE_p_TCGA_b139_154_155_SNP_N_GenomeWideSNP_6_A09_808574	1	238862449	249224388	7121	0.2552
HELVE_p_TCGA_b139_154_155_SNP_N_GenomeWideSNP_6_A09_808574	2	12784	13707079	10327	0.0352
HELVE_p_TCGA_b139_154_155_SNP_N_GenomeWideSNP_6_A09_808574	2	13708820	13720048	8	-0.9845
HELVE_p_TCGA_b139_154_155_SNP_N_GenomeWideSNP_6_A09_808574	2	13721711	34520473	13676	0.0368
HELVE_p_TCGA_b139_154_155_SNP_N_GenomeWideSNP_6_A09_808574	2	34523978	34525580	2	-1.846
HELVE_p_TCGA_b139_154_155_SNP_N_GenomeWideSNP_6_A09_808574	2	34525967	52754865	13187	0.0388
HELVE_p_TCGA_b139_154_155_SNP_N_GenomeWideSNP_6_A09_808574	2	52754881	52792828	39	-0.2783
HELVE_p_TCGA_b139_154_155_SNP_N_GenomeWideSNP_6_A09_808574	2	52792937	89568468	22860	0.0326
HELVE_p_TCGA_b139_154_155_SNP_N_GenomeWideSNP_6_A09_808574	2	89570986	90274766	171	-0.6685
HELVE_p_TCGA_b139_154_155_SNP_N_GenomeWideSNP_6_A09_808574	2	90301264	98118212	1039	-0.0631
HELVE_p_TCGA_b139_154_155_SNP_N_GenomeWideSNP_6_A09_808574	2	98140747	98161710	8	-0.9439
HELVE_p_TCGA_b139_154_155_SNP_N_GenomeWideSNP_6_A09_808574	2	98162189	106386865	5150	-0.0541
HELVE_p_TCGA_b139_154_155_SNP_N_GenomeWideSNP_6_A09_808574	2	106388912	106391172	5	-1.299
HELVE_p_TCGA_b139_154_155_SNP_N_GenomeWideSNP_6_A09_808574	2	106391338	106880095	421	0.0444
HELVE_p_TCGA_b139_154_155_SNP_N_GenomeWideSNP_6_A09_808574	2	106880713	106885357	11	-2.1574
HELVE_p_TCGA_b139_154_155_SNP_N_GenomeWideSNP_6_A09_808574	2	106887255	110983681	2198	0.0382
HELVE_p_TCGA_b139_154_155_SNP_N_GenomeWideSNP_6_A09_808574	2	111037146	111037308	2	-2.4704
HELVE_p_TCGA_b139_154_155_SNP_N_GenomeWideSNP_6_A09_808574	2	111038563	114362015	1641	0.0375
HELVE_p_TCGA_b139_154_155_SNP_N_GenomeWideSNP_6_A09_808574	2	114362414	114362416	2	-1.5089
HELVE_p_TCGA_b139_154_155_SNP_N_GenomeWideSNP_6_A09_808574	2	114380821	146862085	20090	-0.0855
HELVE_p_TCGA_b139_154_155_SNP_N_GenomeWideSNP_6_A09_808574	2	146864404	146866934	24	0.583
HELVE_p_TCGA_b139_154_155_SNP_N_GenomeWideSNP_6_A09_808574	2	146877806	180061655	20288	-0.0998
HELVE_p_TCGA_b139_154_155_SNP_N_GenomeWideSNP_6_A09_808574	2	180067192	180079144	3	-2.0867
HELVE_p_TCGA_b139_154_155_SNP_N_GenomeWideSNP_6_A09_808574	2	180083591	203896897	13802	-0.0987
HELVE_p_TCGA_b139_154_155_SNP_N_GenomeWideSNP_6_A09_808574	2	203899800	203902046	3	-1.9143
HELVE_p_TCGA_b139_154_155_SNP_N_GenomeWideSNP_6_A09_808574	2	203904140	208355338	2894	-0.0919
HELVE_p_TCGA_b139_154_155_SNP_N_GenomeWideSNP_6_A09_808574	2	208355696	208359336	14	-0.8718
HELVE_p_TCGA_b139_154_155_SNP_N_GenomeWideSNP_6_A09_808574	2	208359476	215000915	4197	-0.1032
HELVE_p_TCGA_b139_154_155_SNP_N_GenomeWideSNP_6_A09_808574	2	215001226	215145765	99	-0.8367
HELVE_p_TCGA_b139_154_155_SNP_N_GenomeWideSNP_6_A09_808574	2	215154358	233209069	11572	-0.0979
HELVE_p_TCGA_b139_154_155_SNP_N_GenomeWideSNP_6_A09_808574	2	233211710	233311925	87	0.4371
HELVE_p_TCGA_b139_154_155_SNP_N_GenomeWideSNP_6_A09_808574	2	233318078	238398165	3541	-0.0792
HELVE_p_TCGA_b139_154_155_SNP_N_GenomeWideSNP_6_A09_808574	2	238398182	238398268	2	-2.2332
HELVE_p_TCGA_b139_154_155_SNP_N_GenomeWideSNP_6_A09_808574	2	238398508	243089456	2635	-0.0798
HELVE_p_TCGA_b139_154_155_SNP_N_GenomeWideSNP_6_A09_808574	3	60345	10243711	8680	0.1901
HELVE_p_TCGA_b139_154_155_SNP_N_GenomeWideSNP_6_A09_808574	3	10243729	10252482	12	-0.3619
HELVE_p_TCGA_b139_154_155_SNP_N_GenomeWideSNP_6_A09_808574	3	10254797	20307790	6611	0.2411
HELVE_p_TCGA_b139_154_155_SNP_N_GenomeWideSNP_6_A09_808574	3	20313125	20316083	3	-0.9084
HELVE_p_TCGA_b139_154_155_SNP_N_GenomeWideSNP_6_A09_808574	3	20328081	37977417	12378	0.2425
HELVE_p_TCGA_b139_154_155_SNP_N_GenomeWideSNP_6_A09_808574	3	37982108	37986928	18	-0.848
HELVE_p_TCGA_b139_154_155_SNP_N_GenomeWideSNP_6_A09_808574	3	37987106	60777932	13903	0.2302
HELVE_p_TCGA_b139_154_155_SNP_N_GenomeWideSNP_6_A09_808574	3	60780640	60781027	4	-0.6221
HELVE_p_TCGA_b139_154_155_SNP_N_GenomeWideSNP_6_A09_808574	3	60784223	60935712	157	0.3543
HELVE_p_TCGA_b139_154_155_SNP_N_GenomeWideSNP_6_A09_808574	3	60937049	68206201	5695	-0.1055
HELVE_p_TCGA_b139_154_155_SNP_N_GenomeWideSNP_6_A09_808574	3	68210371	68746164	384	0.1946
HELVE_p_TCGA_b139_154_155_SNP_N_GenomeWideSNP_6_A09_808574	3	68746259	68747413	14	-1.2148
HELVE_p_TCGA_b139_154_155_SNP_N_GenomeWideSNP_6_A09_808574	3	68748758	84102222	9635	-0.0319
HELVE_p_TCGA_b139_154_155_SNP_N_GenomeWideSNP_6_A09_808574	3	84105433	84106166	2	-3.2141
HELVE_p_TCGA_b139_154_155_SNP_N_GenomeWideSNP_6_A09_808574	3	84110967	84699758	303	-0.134
HELVE_p_TCGA_b139_154_155_SNP_N_GenomeWideSNP_6_A09_808574	3	84699793	84702413	16	-0.585
HELVE_p_TCGA_b139_154_155_SNP_N_GenomeWideSNP_6_A09_808574	3	84702463	131989347	26264	-0.0741
HELVE_p_TCGA_b139_154_155_SNP_N_GenomeWideSNP_6_A09_808574	3	131992737	131995684	4	-1.8555
HELVE_p_TCGA_b139_154_155_SNP_N_GenomeWideSNP_6_A09_808574	3	132000477	189360754	35588	-0.0675
HELVE_p_TCGA_b139_154_155_SNP_N_GenomeWideSNP_6_A09_808574	3	189363678	189370988	12	-1.024
HELVE_p_TCGA_b139_154_155_SNP_N_GenomeWideSNP_6_A09_808574	3	189371014	192877902	2493	-0.0734
HELVE_p_TCGA_b139_154_155_SNP_N_GenomeWideSNP_6_A09_808574	3	192877962	192882903	19	-0.9244
HELVE_p_TCGA_b139_154_155_SNP_N_GenomeWideSNP_6_A09_808574	3	192886435	195285664	1484	-0.0568
HELVE_p_TCGA_b139_154_155_SNP_N_GenomeWideSNP_6_A09_808574	3	195285898	195430864	17	-0.8329
HELVE_p_TCGA_b139_154_155_SNP_N_GenomeWideSNP_6_A09_808574	3	195430899	197896118	1203	-0.0518
HELVE_p_TCGA_b139_154_155_SNP_N_GenomeWideSNP_6_A09_808574	4	12281	36768	28	-0.5076
HELVE_p_TCGA_b139_154_155_SNP_N_GenomeWideSNP_6_A09_808574	4	43043	65978	29	-0.1576
HELVE_p_TCGA_b139_154_155_SNP_N_GenomeWideSNP_6_A09_808574	4	66719	121562	38	0.4341
HELVE_p_TCGA_b139_154_155_SNP_N_GenomeWideSNP_6_A09_808574	4	134837	4166518	1621	-0.0966
HELVE_p_TCGA_b139_154_155_SNP_N_GenomeWideSNP_6_A09_808574	4	4166983	4166997	2	-1.7775
HELVE_p_TCGA_b139_154_155_SNP_N_GenomeWideSNP_6_A09_808574	4	4167133	6421406	1884	-0.1019
HELVE_p_TCGA_b139_154_155_SNP_N_GenomeWideSNP_6_A09_808574	4	6422351	6423037	4	-1.423
HELVE_p_TCGA_b139_154_155_SNP_N_GenomeWideSNP_6_A09_808574	4	6423060	9456977	1643	-0.0909
HELVE_p_TCGA_b139_154_155_SNP_N_GenomeWideSNP_6_A09_808574	4	9461230	9479345	9	-0.6964
HELVE_p_TCGA_b139_154_155_SNP_N_GenomeWideSNP_6_A09_808574	4	9486087	10210390	545	-0.0922
HELVE_p_TCGA_b139_154_155_SNP_N_GenomeWideSNP_6_A09_808574	4	10214160	10230744	22	0.4174
HELVE_p_TCGA_b139_154_155_SNP_N_GenomeWideSNP_6_A09_808574	4	10230797	10390715	184	-0.1159
HELVE_p_TCGA_b139_154_155_SNP_N_GenomeWideSNP_6_A09_808574	4	10392354	10400668	16	-0.7009
HELVE_p_TCGA_b139_154_155_SNP_N_GenomeWideSNP_6_A09_808574	4	10402718	34778975	16796	-0.121
HELVE_p_TCGA_b139_154_155_SNP_N_GenomeWideSNP_6_A09_808574	4	34779004	34824725	42	0.3611
HELVE_p_TCGA_b139_154_155_SNP_N_GenomeWideSNP_6_A09_808574	4	34829872	49267848	8978	-0.1124
HELVE_p_TCGA_b139_154_155_SNP_N_GenomeWideSNP_6_A09_808574	4	49291192	49291355	2	-1.8053
HELVE_p_TCGA_b139_154_155_SNP_N_GenomeWideSNP_6_A09_808574	4	49297220	64693940	7592	-0.0926
HELVE_p_TCGA_b139_154_155_SNP_N_GenomeWideSNP_6_A09_808574	4	64697469	64708258	29	0.3845
HELVE_p_TCGA_b139_154_155_SNP_N_GenomeWideSNP_6_A09_808574	4	64716431	69374955	2883	-0.1161
HELVE_p_TCGA_b139_154_155_SNP_N_GenomeWideSNP_6_A09_808574	4	69375160	69485979	62	0.4046
HELVE_p_TCGA_b139_154_155_SNP_N_GenomeWideSNP_6_A09_808574	4	69489335	93834946	14885	-0.107
HELVE_p_TCGA_b139_154_155_SNP_N_GenomeWideSNP_6_A09_808574	4	93834988	93835115	2	-1.5814
HELVE_p_TCGA_b139_154_155_SNP_N_GenomeWideSNP_6_A09_808574	4	93835455	108051500	8394	-0.121
HELVE_p_TCGA_b139_154_155_SNP_N_GenomeWideSNP_6_A09_808574	4	108065751	108068298	15	-0.9055
HELVE_p_TCGA_b139_154_155_SNP_N_GenomeWideSNP_6_A09_808574	4	108068318	108071628	6	0.1336
HELVE_p_TCGA_b139_154_155_SNP_N_GenomeWideSNP_6_A09_808574	4	108071888	108076533	17	-0.6394
HELVE_p_TCGA_b139_154_155_SNP_N_GenomeWideSNP_6_A09_808574	4	108077434	172369346	39152	-0.1053
HELVE_p_TCGA_b139_154_155_SNP_N_GenomeWideSNP_6_A09_808574	4	172374884	172377710	10	0.6787
HELVE_p_TCGA_b139_154_155_SNP_N_GenomeWideSNP_6_A09_808574	4	172377724	190195118	12133	-0.1245
HELVE_p_TCGA_b139_154_155_SNP_N_GenomeWideSNP_6_A09_808574	4	190195622	190199264	3	-1.2858
HELVE_p_TCGA_b139_154_155_SNP_N_GenomeWideSNP_6_A09_808574	4	190199771	190958143	380	-0.1462
HELVE_p_TCGA_b139_154_155_SNP_N_GenomeWideSNP_6_A09_808574	4	190967249	191027923	6	-0.8675
HELVE_p_TCGA_b139_154_155_SNP_N_GenomeWideSNP_6_A09_808574	5	15532	30675	9	-0.4986
HELVE_p_TCGA_b139_154_155_SNP_N_GenomeWideSNP_6_A09_808574	5	35791	12791720	10210	0.3551
HELVE_p_TCGA_b139_154_155_SNP_N_GenomeWideSNP_6_A09_808574	5	12800889	12838533	15	-0.9407
HELVE_p_TCGA_b139_154_155_SNP_N_GenomeWideSNP_6_A09_808574	5	12849201	15719222	1976	0.3588
HELVE_p_TCGA_b139_154_155_SNP_N_GenomeWideSNP_6_A09_808574	5	15719350	15720597	10	-5.198
HELVE_p_TCGA_b139_154_155_SNP_N_GenomeWideSNP_6_A09_808574	5	15723346	21451998	3558	0.3407
HELVE_p_TCGA_b139_154_155_SNP_N_GenomeWideSNP_6_A09_808574	5	21452438	22117707	379	-0.0663
HELVE_p_TCGA_b139_154_155_SNP_N_GenomeWideSNP_6_A09_808574	5	22118532	22120445	5	-0.9879
HELVE_p_TCGA_b139_154_155_SNP_N_GenomeWideSNP_6_A09_808574	5	22124563	46271108	14633	-0.0123
HELVE_p_TCGA_b139_154_155_SNP_N_GenomeWideSNP_6_A09_808574	5	46271930	46273502	6	-2.0296
HELVE_p_TCGA_b139_154_155_SNP_N_GenomeWideSNP_6_A09_808574	5	46278212	49661544	90	0.0818
HELVE_p_TCGA_b139_154_155_SNP_N_GenomeWideSNP_6_A09_808574	5	49664640	49690651	5	-0.5525
HELVE_p_TCGA_b139_154_155_SNP_N_GenomeWideSNP_6_A09_808574	5	49691275	50922196	641	0.0911
HELVE_p_TCGA_b139_154_155_SNP_N_GenomeWideSNP_6_A09_808574	5	50922671	51871547	533	0.505
HELVE_p_TCGA_b139_154_155_SNP_N_GenomeWideSNP_6_A09_808574	5	51871596	51873695	17	0.1992
HELVE_p_TCGA_b139_154_155_SNP_N_GenomeWideSNP_6_A09_808574	5	51873729	52675353	657	0.5125
HELVE_p_TCGA_b139_154_155_SNP_N_GenomeWideSNP_6_A09_808574	5	52680041	55426389	1740	-0.5069
HELVE_p_TCGA_b139_154_155_SNP_N_GenomeWideSNP_6_A09_808574	5	55429461	55431604	2	0.9753
HELVE_p_TCGA_b139_154_155_SNP_N_GenomeWideSNP_6_A09_808574	5	55431905	57321646	1386	-0.5238
HELVE_p_TCGA_b139_154_155_SNP_N_GenomeWideSNP_6_A09_808574	5	57326027	57342120	37	-0.1519
HELVE_p_TCGA_b139_154_155_SNP_N_GenomeWideSNP_6_A09_808574	5	57342152	61573372	2831	-0.5169
HELVE_p_TCGA_b139_154_155_SNP_N_GenomeWideSNP_6_A09_808574	5	61574991	61576273	3	-3.4595
HELVE_p_TCGA_b139_154_155_SNP_N_GenomeWideSNP_6_A09_808574	5	61582192	70391253	4485	-0.5247
HELVE_p_TCGA_b139_154_155_SNP_N_GenomeWideSNP_6_A09_808574	5	70654072	117386617	28935	0.0187
HELVE_p_TCGA_b139_154_155_SNP_N_GenomeWideSNP_6_A09_808574	5	117388422	117389085	11	-1.2615
HELVE_p_TCGA_b139_154_155_SNP_N_GenomeWideSNP_6_A09_808574	5	117404340	118658798	831	-0.0066
HELVE_p_TCGA_b139_154_155_SNP_N_GenomeWideSNP_6_A09_808574	5	118659305	118659579	2	-2.0366
HELVE_p_TCGA_b139_154_155_SNP_N_GenomeWideSNP_6_A09_808574	5	118660289	140218722	12990	0.0168
HELVE_p_TCGA_b139_154_155_SNP_N_GenomeWideSNP_6_A09_808574	5	140223836	140243756	12	-1.3017
HELVE_p_TCGA_b139_154_155_SNP_N_GenomeWideSNP_6_A09_808574	5	140252163	140600509	148	0.0318
HELVE_p_TCGA_b139_154_155_SNP_N_GenomeWideSNP_6_A09_808574	5	140600759	140608729	6	-0.8107
HELVE_p_TCGA_b139_154_155_SNP_N_GenomeWideSNP_6_A09_808574	5	140617962	151514171	7387	0.0114
HELVE_p_TCGA_b139_154_155_SNP_N_GenomeWideSNP_6_A09_808574	5	151515386	151518351	14	-1.7093
HELVE_p_TCGA_b139_154_155_SNP_N_GenomeWideSNP_6_A09_808574	5	151520271	175460087	16764	0.0231
HELVE_p_TCGA_b139_154_155_SNP_N_GenomeWideSNP_6_A09_808574	5	175465689	175470324	3	-1.3799
HELVE_p_TCGA_b139_154_155_SNP_N_GenomeWideSNP_6_A09_808574	5	175477120	177101851	713	0.0705
HELVE_p_TCGA_b139_154_155_SNP_N_GenomeWideSNP_6_A09_808574	5	177107790	177198449	15	-0.2348
HELVE_p_TCGA_b139_154_155_SNP_N_GenomeWideSNP_6_A09_808574	5	177227551	177232605	3	2.6014
HELVE_p_TCGA_b139_154_155_SNP_N_GenomeWideSNP_6_A09_808574	5	177254965	178107822	448	0.0574
HELVE_p_TCGA_b139_154_155_SNP_N_GenomeWideSNP_6_A09_808574	5	178109975	178113163	3	-1.9598
HELVE_p_TCGA_b139_154_155_SNP_N_GenomeWideSNP_6_A09_808574	5	178118855	180374523	1363	0.0355
HELVE_p_TCGA_b139_154_155_SNP_N_GenomeWideSNP_6_A09_808574	5	180378710	180418103	19	-1.7165
HELVE_p_TCGA_b139_154_155_SNP_N_GenomeWideSNP_6_A09_808574	5	180433225	180790320	171	0.0548
HELVE_p_TCGA_b139_154_155_SNP_N_GenomeWideSNP_6_A09_808574	6	149661	294474	122	0.1375
HELVE_p_TCGA_b139_154_155_SNP_N_GenomeWideSNP_6_A09_808574	6	294725	373453	73	-0.2488
HELVE_p_TCGA_b139_154_155_SNP_N_GenomeWideSNP_6_A09_808574	6	375277	26732406	20079	0.1397
HELVE_p_TCGA_b139_154_155_SNP_N_GenomeWideSNP_6_A09_808574	6	26737032	26773509	27	-0.3062
HELVE_p_TCGA_b139_154_155_SNP_N_GenomeWideSNP_6_A09_808574	6	26783667	29837072	1437	0.1265
HELVE_p_TCGA_b139_154_155_SNP_N_GenomeWideSNP_6_A09_808574	6	29837187	29849267	16	-1.0501
HELVE_p_TCGA_b139_154_155_SNP_N_GenomeWideSNP_6_A09_808574	6	29850196	31280823	671	0.162
HELVE_p_TCGA_b139_154_155_SNP_N_GenomeWideSNP_6_A09_808574	6	31286276	31296451	11	1.0815
HELVE_p_TCGA_b139_154_155_SNP_N_GenomeWideSNP_6_A09_808574	6	31309924	32624304	571	0.1587
HELVE_p_TCGA_b139_154_155_SNP_N_GenomeWideSNP_6_A09_808574	6	32624591	32626618	5	-1.1629
HELVE_p_TCGA_b139_154_155_SNP_N_GenomeWideSNP_6_A09_808574	6	32650612	32690027	45	0.0901
HELVE_p_TCGA_b139_154_155_SNP_N_GenomeWideSNP_6_A09_808574	6	32690797	32690812	2	-1.17
HELVE_p_TCGA_b139_154_155_SNP_N_GenomeWideSNP_6_A09_808574	6	32690830	71270400	22060	0.1143
HELVE_p_TCGA_b139_154_155_SNP_N_GenomeWideSNP_6_A09_808574	6	71270742	71835937	352	-0.1712
HELVE_p_TCGA_b139_154_155_SNP_N_GenomeWideSNP_6_A09_808574	6	71837704	72172819	221	-1.3195
HELVE_p_TCGA_b139_154_155_SNP_N_GenomeWideSNP_6_A09_808574	6	72173378	77440048	3354	-0.175
HELVE_p_TCGA_b139_154_155_SNP_N_GenomeWideSNP_6_A09_808574	6	77440094	77452757	19	0.2607
HELVE_p_TCGA_b139_154_155_SNP_N_GenomeWideSNP_6_A09_808574	6	77461073	78962626	977	-0.1845
HELVE_p_TCGA_b139_154_155_SNP_N_GenomeWideSNP_6_A09_808574	6	78962874	79032592	110	0.1488
HELVE_p_TCGA_b139_154_155_SNP_N_GenomeWideSNP_6_A09_808574	6	79034940	103734816	15480	-0.1769
HELVE_p_TCGA_b139_154_155_SNP_N_GenomeWideSNP_6_A09_808574	6	103734825	103762061	48	0.5939
HELVE_p_TCGA_b139_154_155_SNP_N_GenomeWideSNP_6_A09_808574	6	103765470	170919495	44217	-0.1809
HELVE_p_TCGA_b139_154_155_SNP_N_GenomeWideSNP_6_A09_808574	6	170982327	171051005	4	0.4848
HELVE_p_TCGA_b139_154_155_SNP_N_GenomeWideSNP_6_A09_808574	7	43355	97385970	60727	0.1392
HELVE_p_TCGA_b139_154_155_SNP_N_GenomeWideSNP_6_A09_808574	7	97395460	97402475	16	-0.5611
HELVE_p_TCGA_b139_154_155_SNP_N_GenomeWideSNP_6_A09_808574	7	97404240	109433798	6636	0.1308
HELVE_p_TCGA_b139_154_155_SNP_N_GenomeWideSNP_6_A09_808574	7	109437092	109441212	24	-0.4661
HELVE_p_TCGA_b139_154_155_SNP_N_GenomeWideSNP_6_A09_808574	7	109441244	109453910	11	-1.8276
HELVE_p_TCGA_b139_154_155_SNP_N_GenomeWideSNP_6_A09_808574	7	109453982	126045556	10035	0.1215
HELVE_p_TCGA_b139_154_155_SNP_N_GenomeWideSNP_6_A09_808574	7	126045651	126046877	12	1.3229
HELVE_p_TCGA_b139_154_155_SNP_N_GenomeWideSNP_6_A09_808574	7	126046878	133785177	4705	0.1335
HELVE_p_TCGA_b139_154_155_SNP_N_GenomeWideSNP_6_A09_808574	7	133785195	133795634	25	-1.8255
HELVE_p_TCGA_b139_154_155_SNP_N_GenomeWideSNP_6_A09_808574	7	133795665	133798543	7	-0.5063
HELVE_p_TCGA_b139_154_155_SNP_N_GenomeWideSNP_6_A09_808574	7	133798558	142474939	5695	0.1322
HELVE_p_TCGA_b139_154_155_SNP_N_GenomeWideSNP_6_A09_808574	7	142476719	142486345	29	-0.2633
HELVE_p_TCGA_b139_154_155_SNP_N_GenomeWideSNP_6_A09_808574	7	142486495	143909445	841	0.1523
HELVE_p_TCGA_b139_154_155_SNP_N_GenomeWideSNP_6_A09_808574	7	143911624	144003667	23	-0.4661
HELVE_p_TCGA_b139_154_155_SNP_N_GenomeWideSNP_6_A09_808574	7	144003746	155464029	7381	0.1322
HELVE_p_TCGA_b139_154_155_SNP_N_GenomeWideSNP_6_A09_808574	7	155465863	155469636	3	1.4303
HELVE_p_TCGA_b139_154_155_SNP_N_GenomeWideSNP_6_A09_808574	7	155475736	159103944	2291	0.1554
HELVE_p_TCGA_b139_154_155_SNP_N_GenomeWideSNP_6_A09_808574	7	159105577	159127004	35	-0.2127
HELVE_p_TCGA_b139_154_155_SNP_N_GenomeWideSNP_6_A09_808574	8	31254	161222	6	0.0519
HELVE_p_TCGA_b139_154_155_SNP_N_GenomeWideSNP_6_A09_808574	8	162672	7866162	8009	-0.5324
HELVE_p_TCGA_b139_154_155_SNP_N_GenomeWideSNP_6_A09_808574	8	7935855	7978187	21	-0.0304
HELVE_p_TCGA_b139_154_155_SNP_N_GenomeWideSNP_6_A09_808574	8	7989963	8003216	10	-0.7403
HELVE_p_TCGA_b139_154_155_SNP_N_GenomeWideSNP_6_A09_808574	8	8009204	8092025	13	0.0599
HELVE_p_TCGA_b139_154_155_SNP_N_GenomeWideSNP_6_A09_808574	8	8093182	12247486	3265	-0.5263
HELVE_p_TCGA_b139_154_155_SNP_N_GenomeWideSNP_6_A09_808574	8	12260927	12275741	11	-1.3183
HELVE_p_TCGA_b139_154_155_SNP_N_GenomeWideSNP_6_A09_808574	8	12275810	15400924	2786	-0.5247
HELVE_p_TCGA_b139_154_155_SNP_N_GenomeWideSNP_6_A09_808574	8	15401178	15413447	10	-2.1701
HELVE_p_TCGA_b139_154_155_SNP_N_GenomeWideSNP_6_A09_808574	8	15423270	24972187	7671	-0.5266
HELVE_p_TCGA_b139_154_155_SNP_N_GenomeWideSNP_6_A09_808574	8	24974443	24984333	27	0.1281
HELVE_p_TCGA_b139_154_155_SNP_N_GenomeWideSNP_6_A09_808574	8	24991104	32230819	5056	-0.5284
HELVE_p_TCGA_b139_154_155_SNP_N_GenomeWideSNP_6_A09_808574	8	32231347	34973224	1691	-0.1208
HELVE_p_TCGA_b139_154_155_SNP_N_GenomeWideSNP_6_A09_808574	8	34974319	35475553	280	-0.3655
HELVE_p_TCGA_b139_154_155_SNP_N_GenomeWideSNP_6_A09_808574	8	35476482	35693285	123	0.0355
HELVE_p_TCGA_b139_154_155_SNP_N_GenomeWideSNP_6_A09_808574	8	35694186	40258697	2611	-0.2626
HELVE_p_TCGA_b139_154_155_SNP_N_GenomeWideSNP_6_A09_808574	8	40259589	72212365	17228	0.3976
HELVE_p_TCGA_b139_154_155_SNP_N_GenomeWideSNP_6_A09_808574	8	72215311	72216599	9	-0.6197
HELVE_p_TCGA_b139_154_155_SNP_N_GenomeWideSNP_6_A09_808574	8	72219863	112294646	24137	0.443
HELVE_p_TCGA_b139_154_155_SNP_N_GenomeWideSNP_6_A09_808574	8	112294670	112295260	6	-1.9372
HELVE_p_TCGA_b139_154_155_SNP_N_GenomeWideSNP_6_A09_808574	8	112300281	115632043	1829	0.468
HELVE_p_TCGA_b139_154_155_SNP_N_GenomeWideSNP_6_A09_808574	8	115634487	115641731	35	-0.0783
HELVE_p_TCGA_b139_154_155_SNP_N_GenomeWideSNP_6_A09_808574	8	115650697	129752174	9801	0.4812
HELVE_p_TCGA_b139_154_155_SNP_N_GenomeWideSNP_6_A09_808574	8	129755240	129777454	6	-0.7515
HELVE_p_TCGA_b139_154_155_SNP_N_GenomeWideSNP_6_A09_808574	8	129778606	146298155	11260	0.4403
HELVE_p_TCGA_b139_154_155_SNP_N_GenomeWideSNP_6_A09_808574	9	46587	43315670	31383	0.1355
HELVE_p_TCGA_b139_154_155_SNP_N_GenomeWideSNP_6_A09_808574	9	43315974	43800186	40	0.5416
HELVE_p_TCGA_b139_154_155_SNP_N_GenomeWideSNP_6_A09_808574	9	44114872	141091394	48491	0.0419
HELVE_p_TCGA_b139_154_155_SNP_N_GenomeWideSNP_6_A09_808574	10	72759	111955	10	-0.2857
HELVE_p_TCGA_b139_154_155_SNP_N_GenomeWideSNP_6_A09_808574	10	116059	24372757	19221	-0.0908
HELVE_p_TCGA_b139_154_155_SNP_N_GenomeWideSNP_6_A09_808574	10	24375263	24380660	17	0.5188
HELVE_p_TCGA_b139_154_155_SNP_N_GenomeWideSNP_6_A09_808574	10	24380683	25595373	809	-0.1354
HELVE_p_TCGA_b139_154_155_SNP_N_GenomeWideSNP_6_A09_808574	10	25597308	25600208	2	-1.7713
HELVE_p_TCGA_b139_154_155_SNP_N_GenomeWideSNP_6_A09_808574	10	25601033	44934195	10671	-0.136
HELVE_p_TCGA_b139_154_155_SNP_N_GenomeWideSNP_6_A09_808574	10	44935279	44935311	2	-1.5545
HELVE_p_TCGA_b139_154_155_SNP_N_GenomeWideSNP_6_A09_808574	10	44938814	49729781	1783	-0.1221
HELVE_p_TCGA_b139_154_155_SNP_N_GenomeWideSNP_6_A09_808574	10	49730920	49732988	4	-1.2731
HELVE_p_TCGA_b139_154_155_SNP_N_GenomeWideSNP_6_A09_808574	10	49733261	51822399	1186	-0.146
HELVE_p_TCGA_b139_154_155_SNP_N_GenomeWideSNP_6_A09_808574	10	51830360	51891920	5	-0.8179
HELVE_p_TCGA_b139_154_155_SNP_N_GenomeWideSNP_6_A09_808574	10	51903768	67306158	11012	-0.146
HELVE_p_TCGA_b139_154_155_SNP_N_GenomeWideSNP_6_A09_808574	10	67306276	67314430	28	-0.5159
HELVE_p_TCGA_b139_154_155_SNP_N_GenomeWideSNP_6_A09_808574	10	67314446	90938673	15860	-0.1396
HELVE_p_TCGA_b139_154_155_SNP_N_GenomeWideSNP_6_A09_808574	10	90942967	90948090	12	-0.948
HELVE_p_TCGA_b139_154_155_SNP_N_GenomeWideSNP_6_A09_808574	10	90950094	113611569	14567	-0.145
HELVE_p_TCGA_b139_154_155_SNP_N_GenomeWideSNP_6_A09_808574	10	113612431	113613125	2	-1.474
HELVE_p_TCGA_b139_154_155_SNP_N_GenomeWideSNP_6_A09_808574	10	113613228	114058563	324	-0.1631
HELVE_p_TCGA_b139_154_155_SNP_N_GenomeWideSNP_6_A09_808574	10	114060153	114061525	2	-1.3055
HELVE_p_TCGA_b139_154_155_SNP_N_GenomeWideSNP_6_A09_808574	10	114069898	115204728	795	-0.1407
HELVE_p_TCGA_b139_154_155_SNP_N_GenomeWideSNP_6_A09_808574	10	115208757	115216865	8	-1.1122
HELVE_p_TCGA_b139_154_155_SNP_N_GenomeWideSNP_6_A09_808574	10	115219314	135506704	14720	-0.1395
HELVE_p_TCGA_b139_154_155_SNP_N_GenomeWideSNP_6_A09_808574	11	198510	4295756	1802	0.0096
HELVE_p_TCGA_b139_154_155_SNP_N_GenomeWideSNP_6_A09_808574	11	4301356	4301376	3	-2.0525
HELVE_p_TCGA_b139_154_155_SNP_N_GenomeWideSNP_6_A09_808574	11	4301391	4336529	10	-0.484
HELVE_p_TCGA_b139_154_155_SNP_N_GenomeWideSNP_6_A09_808574	11	4346809	4967396	658	-0.0071
HELVE_p_TCGA_b139_154_155_SNP_N_GenomeWideSNP_6_A09_808574	11	4967650	4976257	31	-1.2542
HELVE_p_TCGA_b139_154_155_SNP_N_GenomeWideSNP_6_A09_808574	11	4976272	4976907	13	-0.4544
HELVE_p_TCGA_b139_154_155_SNP_N_GenomeWideSNP_6_A09_808574	11	4977011	5522151	538	-0.0103
HELVE_p_TCGA_b139_154_155_SNP_N_GenomeWideSNP_6_A09_808574	11	5522175	5523593	6	-0.9683
HELVE_p_TCGA_b139_154_155_SNP_N_GenomeWideSNP_6_A09_808574	11	5524464	6117976	517	0.0011
HELVE_p_TCGA_b139_154_155_SNP_N_GenomeWideSNP_6_A09_808574	11	6120647	6122094	2	-1.483
HELVE_p_TCGA_b139_154_155_SNP_N_GenomeWideSNP_6_A09_808574	11	6122503	18940870	9173	0.0137
HELVE_p_TCGA_b139_154_155_SNP_N_GenomeWideSNP_6_A09_808574	11	18949072	18960115	36	0.5216
HELVE_p_TCGA_b139_154_155_SNP_N_GenomeWideSNP_6_A09_808574	11	18960750	18961097	3	-0.3583
HELVE_p_TCGA_b139_154_155_SNP_N_GenomeWideSNP_6_A09_808574	11	18961178	18961988	18	0.3711
HELVE_p_TCGA_b139_154_155_SNP_N_GenomeWideSNP_6_A09_808574	11	18962016	92934333	44120	-0.0332
HELVE_p_TCGA_b139_154_155_SNP_N_GenomeWideSNP_6_A09_808574	11	92936162	92938484	3	-0.9389
HELVE_p_TCGA_b139_154_155_SNP_N_GenomeWideSNP_6_A09_808574	11	92941753	134944770	30158	-0.0514
HELVE_p_TCGA_b139_154_155_SNP_N_GenomeWideSNP_6_A09_808574	12	150442	192220	9	1.4226
HELVE_p_TCGA_b139_154_155_SNP_N_GenomeWideSNP_6_A09_808574	12	192620	2573903	1559	1.7948
HELVE_p_TCGA_b139_154_155_SNP_N_GenomeWideSNP_6_A09_808574	12	2574045	5117900	1952	1.4531
HELVE_p_TCGA_b139_154_155_SNP_N_GenomeWideSNP_6_A09_808574	12	5118543	5718303	608	0.6527
HELVE_p_TCGA_b139_154_155_SNP_N_GenomeWideSNP_6_A09_808574	12	5722850	8872492	1665	0.0123
HELVE_p_TCGA_b139_154_155_SNP_N_GenomeWideSNP_6_A09_808574	12	8875408	9633870	412	0.3659
HELVE_p_TCGA_b139_154_155_SNP_N_GenomeWideSNP_6_A09_808574	12	9637909	9728292	24	-1.411
HELVE_p_TCGA_b139_154_155_SNP_N_GenomeWideSNP_6_A09_808574	12	9734969	10580460	635	0.3732
HELVE_p_TCGA_b139_154_155_SNP_N_GenomeWideSNP_6_A09_808574	12	10583367	10587320	3	-0.73
HELVE_p_TCGA_b139_154_155_SNP_N_GenomeWideSNP_6_A09_808574	12	10588525	11219423	405	0.3709
HELVE_p_TCGA_b139_154_155_SNP_N_GenomeWideSNP_6_A09_808574	12	11220724	11256829	14	0.968
HELVE_p_TCGA_b139_154_155_SNP_N_GenomeWideSNP_6_A09_808574	12	11260275	12565567	1036	0.3802
HELVE_p_TCGA_b139_154_155_SNP_N_GenomeWideSNP_6_A09_808574	12	12571900	12790427	162	0.0159
HELVE_p_TCGA_b139_154_155_SNP_N_GenomeWideSNP_6_A09_808574	12	12790600	16272650	2373	-0.2407
HELVE_p_TCGA_b139_154_155_SNP_N_GenomeWideSNP_6_A09_808574	12	16272691	18851889	1629	-0.5053
HELVE_p_TCGA_b139_154_155_SNP_N_GenomeWideSNP_6_A09_808574	12	18853852	18912989	36	1.0002
HELVE_p_TCGA_b139_154_155_SNP_N_GenomeWideSNP_6_A09_808574	12	18914609	18919758	3	0.2348
HELVE_p_TCGA_b139_154_155_SNP_N_GenomeWideSNP_6_A09_808574	12	18920395	20037315	760	0.9286
HELVE_p_TCGA_b139_154_155_SNP_N_GenomeWideSNP_6_A09_808574	12	20037426	20629878	389	-0.1899
HELVE_p_TCGA_b139_154_155_SNP_N_GenomeWideSNP_6_A09_808574	12	20635626	21441661	496	0.9934
HELVE_p_TCGA_b139_154_155_SNP_N_GenomeWideSNP_6_A09_808574	12	21442855	21527123	69	1.4804
HELVE_p_TCGA_b139_154_155_SNP_N_GenomeWideSNP_6_A09_808574	12	21531028	22097831	353	-0.2099
HELVE_p_TCGA_b139_154_155_SNP_N_GenomeWideSNP_6_A09_808574	12	22099661	22248935	150	0.9252
HELVE_p_TCGA_b139_154_155_SNP_N_GenomeWideSNP_6_A09_808574	12	22248989	22249227	7	0.0806
HELVE_p_TCGA_b139_154_155_SNP_N_GenomeWideSNP_6_A09_808574	12	22252932	22356181	80	0.9309
HELVE_p_TCGA_b139_154_155_SNP_N_GenomeWideSNP_6_A09_808574	12	22360223	22360249	2	-0.5938
HELVE_p_TCGA_b139_154_155_SNP_N_GenomeWideSNP_6_A09_808574	12	22362345	22614922	172	0.9579
HELVE_p_TCGA_b139_154_155_SNP_N_GenomeWideSNP_6_A09_808574	12	22615164	23474912	575	1.2035
HELVE_p_TCGA_b139_154_155_SNP_N_GenomeWideSNP_6_A09_808574	12	23476420	24751265	875	1.7485
HELVE_p_TCGA_b139_154_155_SNP_N_GenomeWideSNP_6_A09_808574	12	24753748	25402069	618	2.0315
HELVE_p_TCGA_b139_154_155_SNP_N_GenomeWideSNP_6_A09_808574	12	25402208	25402468	3	0.0795
HELVE_p_TCGA_b139_154_155_SNP_N_GenomeWideSNP_6_A09_808574	12	25404604	26626638	931	1.8942
HELVE_p_TCGA_b139_154_155_SNP_N_GenomeWideSNP_6_A09_808574	12	26629368	29915778	2337	1.0271
HELVE_p_TCGA_b139_154_155_SNP_N_GenomeWideSNP_6_A09_808574	12	29916164	33337757	2579	0.4382
HELVE_p_TCGA_b139_154_155_SNP_N_GenomeWideSNP_6_A09_808574	12	33337983	33342724	6	1.67
HELVE_p_TCGA_b139_154_155_SNP_N_GenomeWideSNP_6_A09_808574	12	33342913	34428945	655	1.0864
HELVE_p_TCGA_b139_154_155_SNP_N_GenomeWideSNP_6_A09_808574	12	34434976	34803046	111	1.4266
HELVE_p_TCGA_b139_154_155_SNP_N_GenomeWideSNP_6_A09_808574	12	34835654	34835837	2	-1.326
HELVE_p_TCGA_b139_154_155_SNP_N_GenomeWideSNP_6_A09_808574	12	34854498	68369628	18270	0.2489
HELVE_p_TCGA_b139_154_155_SNP_N_GenomeWideSNP_6_A09_808574	12	68371541	70194435	1323	0.8612
HELVE_p_TCGA_b139_154_155_SNP_N_GenomeWideSNP_6_A09_808574	12	70205325	70585228	275	1.1974
HELVE_p_TCGA_b139_154_155_SNP_N_GenomeWideSNP_6_A09_808574	12	70588638	70588639	2	-0.4545
HELVE_p_TCGA_b139_154_155_SNP_N_GenomeWideSNP_6_A09_808574	12	70588761	73266959	1696	1.0824
HELVE_p_TCGA_b139_154_155_SNP_N_GenomeWideSNP_6_A09_808574	12	73267530	90483350	10537	-0.0025
HELVE_p_TCGA_b139_154_155_SNP_N_GenomeWideSNP_6_A09_808574	12	90491669	90492074	7	-1.9135
HELVE_p_TCGA_b139_154_155_SNP_N_GenomeWideSNP_6_A09_808574	12	90493557	131727385	28270	0.0075
HELVE_p_TCGA_b139_154_155_SNP_N_GenomeWideSNP_6_A09_808574	12	131731944	131825755	87	-1.1137
HELVE_p_TCGA_b139_154_155_SNP_N_GenomeWideSNP_6_A09_808574	12	131833210	132133165	304	0.0538
HELVE_p_TCGA_b139_154_155_SNP_N_GenomeWideSNP_6_A09_808574	12	132133226	132152732	22	-0.5119
HELVE_p_TCGA_b139_154_155_SNP_N_GenomeWideSNP_6_A09_808574	12	132154193	133778189	556	0.018
HELVE_p_TCGA_b139_154_155_SNP_N_GenomeWideSNP_6_A09_808574	13	19026949	19037852	2	0.7194
HELVE_p_TCGA_b139_154_155_SNP_N_GenomeWideSNP_6_A09_808574	13	19044096	21916905	1635	0.1594
HELVE_p_TCGA_b139_154_155_SNP_N_GenomeWideSNP_6_A09_808574	13	21919897	23357136	1089	-0.1777
HELVE_p_TCGA_b139_154_155_SNP_N_GenomeWideSNP_6_A09_808574	13	23365251	23632678	169	0.1709
HELVE_p_TCGA_b139_154_155_SNP_N_GenomeWideSNP_6_A09_808574	13	23632860	23638195	12	-0.5222
HELVE_p_TCGA_b139_154_155_SNP_N_GenomeWideSNP_6_A09_808574	13	23638210	38071135	10650	0.1388
HELVE_p_TCGA_b139_154_155_SNP_N_GenomeWideSNP_6_A09_808574	13	38072036	38084757	16	-0.3228
HELVE_p_TCGA_b139_154_155_SNP_N_GenomeWideSNP_6_A09_808574	13	38088330	39052811	701	0.1523
HELVE_p_TCGA_b139_154_155_SNP_N_GenomeWideSNP_6_A09_808574	13	39057572	39058056	2	-1.7099
HELVE_p_TCGA_b139_154_155_SNP_N_GenomeWideSNP_6_A09_808574	13	39065057	57758270	11834	0.2328
HELVE_p_TCGA_b139_154_155_SNP_N_GenomeWideSNP_6_A09_808574	13	57758289	57778380	33	-0.4182
HELVE_p_TCGA_b139_154_155_SNP_N_GenomeWideSNP_6_A09_808574	13	57789714	72476988	8994	0.414
HELVE_p_TCGA_b139_154_155_SNP_N_GenomeWideSNP_6_A09_808574	13	72477555	72480556	4	-2.1859
HELVE_p_TCGA_b139_154_155_SNP_N_GenomeWideSNP_6_A09_808574	13	72480605	115108397	29135	0.4404
HELVE_p_TCGA_b139_154_155_SNP_N_GenomeWideSNP_6_A09_808574	14	19002124	19422533	29	-0.3572
HELVE_p_TCGA_b139_154_155_SNP_N_GenomeWideSNP_6_A09_808574	14	19432799	24909544	3153	-0.114
HELVE_p_TCGA_b139_154_155_SNP_N_GenomeWideSNP_6_A09_808574	14	24914008	24993666	68	0.4025
HELVE_p_TCGA_b139_154_155_SNP_N_GenomeWideSNP_6_A09_808574	14	25002845	106863521	52021	-0.1342
HELVE_p_TCGA_b139_154_155_SNP_N_GenomeWideSNP_6_A09_808574	14	106863524	106918649	59	-0.63
HELVE_p_TCGA_b139_154_155_SNP_N_GenomeWideSNP_6_A09_808574	14	106922531	107174572	146	-0.0744
HELVE_p_TCGA_b139_154_155_SNP_N_GenomeWideSNP_6_A09_808574	14	107176213	107178572	5	-0.8698
HELVE_p_TCGA_b139_154_155_SNP_N_GenomeWideSNP_6_A09_808574	14	107178603	107285437	72	-0.0395
HELVE_p_TCGA_b139_154_155_SNP_N_GenomeWideSNP_6_A09_808574	15	20016328	20231906	50	-0.4867
HELVE_p_TCGA_b139_154_155_SNP_N_GenomeWideSNP_6_A09_808574	15	20246372	20586957	67	-0.2053
HELVE_p_TCGA_b139_154_155_SNP_N_GenomeWideSNP_6_A09_808574	15	20590027	22587474	305	0.0172
HELVE_p_TCGA_b139_154_155_SNP_N_GenomeWideSNP_6_A09_808574	15	22673399	24674887	1005	-0.241
HELVE_p_TCGA_b139_154_155_SNP_N_GenomeWideSNP_6_A09_808574	15	24675133	24761189	57	-1.1093
HELVE_p_TCGA_b139_154_155_SNP_N_GenomeWideSNP_6_A09_808574	15	24763719	25419992	439	-0.2391
HELVE_p_TCGA_b139_154_155_SNP_N_GenomeWideSNP_6_A09_808574	15	25421607	25430243	8	-2.1382
HELVE_p_TCGA_b139_154_155_SNP_N_GenomeWideSNP_6_A09_808574	15	25433305	26574510	881	-0.2398
HELVE_p_TCGA_b139_154_155_SNP_N_GenomeWideSNP_6_A09_808574	15	26574726	26587077	8	-1.2644
HELVE_p_TCGA_b139_154_155_SNP_N_GenomeWideSNP_6_A09_808574	15	26589279	30444276	2278	-0.2264
HELVE_p_TCGA_b139_154_155_SNP_N_GenomeWideSNP_6_A09_808574	15	30448595	30913587	108	-0.8113
HELVE_p_TCGA_b139_154_155_SNP_N_GenomeWideSNP_6_A09_808574	15	30920624	32444055	1049	-0.2181
HELVE_p_TCGA_b139_154_155_SNP_N_GenomeWideSNP_6_A09_808574	15	32460887	32799377	56	-0.5782
HELVE_p_TCGA_b139_154_155_SNP_N_GenomeWideSNP_6_A09_808574	15	32799827	48748283	10053	-0.2395
HELVE_p_TCGA_b139_154_155_SNP_N_GenomeWideSNP_6_A09_808574	15	48751314	48751329	2	-1.9274
HELVE_p_TCGA_b139_154_155_SNP_N_GenomeWideSNP_6_A09_808574	15	48753145	62916531	9791	-0.2321
HELVE_p_TCGA_b139_154_155_SNP_N_GenomeWideSNP_6_A09_808574	15	62916672	62918435	4	-1.3842
HELVE_p_TCGA_b139_154_155_SNP_N_GenomeWideSNP_6_A09_808574	15	62918770	76878362	8162	-0.2238
HELVE_p_TCGA_b139_154_155_SNP_N_GenomeWideSNP_6_A09_808574	15	76891241	76895775	22	-0.652
HELVE_p_TCGA_b139_154_155_SNP_N_GenomeWideSNP_6_A09_808574	15	76902179	102469040	17670	-0.0572
HELVE_p_TCGA_b139_154_155_SNP_N_GenomeWideSNP_6_A09_808574	16	60777	5607890	2627	-0.012
HELVE_p_TCGA_b139_154_155_SNP_N_GenomeWideSNP_6_A09_808574	16	5608089	5608151	2	-1.6502
HELVE_p_TCGA_b139_154_155_SNP_N_GenomeWideSNP_6_A09_808574	16	5608337	19944000	10892	-0.0063
HELVE_p_TCGA_b139_154_155_SNP_N_GenomeWideSNP_6_A09_808574	16	19944363	19967362	30	-0.5551
HELVE_p_TCGA_b139_154_155_SNP_N_GenomeWideSNP_6_A09_808574	16	19970254	60553311	16730	-0.0197
HELVE_p_TCGA_b139_154_155_SNP_N_GenomeWideSNP_6_A09_808574	16	60555538	60571219	9	-1.1249
HELVE_p_TCGA_b139_154_155_SNP_N_GenomeWideSNP_6_A09_808574	16	60574394	75947361	9106	-0.0137
HELVE_p_TCGA_b139_154_155_SNP_N_GenomeWideSNP_6_A09_808574	16	75947588	75948975	3	-1.4382
HELVE_p_TCGA_b139_154_155_SNP_N_GenomeWideSNP_6_A09_808574	16	75950991	78371608	2366	-0.0386
HELVE_p_TCGA_b139_154_155_SNP_N_GenomeWideSNP_6_A09_808574	16	78372440	78384738	15	-1.5659
HELVE_p_TCGA_b139_154_155_SNP_N_GenomeWideSNP_6_A09_808574	16	78384765	90287535	10632	-0.2345
HELVE_p_TCGA_b139_154_155_SNP_N_GenomeWideSNP_6_A09_808574	17	526	707174	355	0.1353
HELVE_p_TCGA_b139_154_155_SNP_N_GenomeWideSNP_6_A09_808574	17	713686	714172	2	-1.4584
HELVE_p_TCGA_b139_154_155_SNP_N_GenomeWideSNP_6_A09_808574	17	716459	30386549	15018	0.1454
HELVE_p_TCGA_b139_154_155_SNP_N_GenomeWideSNP_6_A09_808574	17	30395638	30398733	3	-1.1874
HELVE_p_TCGA_b139_154_155_SNP_N_GenomeWideSNP_6_A09_808574	17	30400883	44162307	8121	0.0761
HELVE_p_TCGA_b139_154_155_SNP_N_GenomeWideSNP_6_A09_808574	17	44162597	44362009	125	0.3686
HELVE_p_TCGA_b139_154_155_SNP_N_GenomeWideSNP_6_A09_808574	17	44362363	55560530	6983	-0.0239
HELVE_p_TCGA_b139_154_155_SNP_N_GenomeWideSNP_6_A09_808574	17	55562151	55562228	2	-1.46
HELVE_p_TCGA_b139_154_155_SNP_N_GenomeWideSNP_6_A09_808574	17	55564211	81049726	14683	-0.0165
HELVE_p_TCGA_b139_154_155_SNP_N_GenomeWideSNP_6_A09_808574	18	11543	58202	3	-0.8287
HELVE_p_TCGA_b139_154_155_SNP_N_GenomeWideSNP_6_A09_808574	18	78315	15402408	10445	0.2401
HELVE_p_TCGA_b139_154_155_SNP_N_GenomeWideSNP_6_A09_808574	18	18529353	25828973	4429	-0.5018
HELVE_p_TCGA_b139_154_155_SNP_N_GenomeWideSNP_6_A09_808574	18	25833235	30474276	3011	-0.0436
HELVE_p_TCGA_b139_154_155_SNP_N_GenomeWideSNP_6_A09_808574	18	30480119	31762207	743	-0.4816
HELVE_p_TCGA_b139_154_155_SNP_N_GenomeWideSNP_6_A09_808574	18	31767887	33598681	1042	-0.1563
HELVE_p_TCGA_b139_154_155_SNP_N_GenomeWideSNP_6_A09_808574	18	33599492	38258727	3143	-0.5046
HELVE_p_TCGA_b139_154_155_SNP_N_GenomeWideSNP_6_A09_808574	18	38260420	38268024	20	0.1291
HELVE_p_TCGA_b139_154_155_SNP_N_GenomeWideSNP_6_A09_808574	18	38269498	40051678	1212	-0.5051
HELVE_p_TCGA_b139_154_155_SNP_N_GenomeWideSNP_6_A09_808574	18	40056569	40060937	27	-1.3643
HELVE_p_TCGA_b139_154_155_SNP_N_GenomeWideSNP_6_A09_808574	18	40060995	41784949	1027	-0.5092
HELVE_p_TCGA_b139_154_155_SNP_N_GenomeWideSNP_6_A09_808574	18	41786382	41974015	95	-0.0119
HELVE_p_TCGA_b139_154_155_SNP_N_GenomeWideSNP_6_A09_808574	18	41974818	41982671	8	-2.0813
HELVE_p_TCGA_b139_154_155_SNP_N_GenomeWideSNP_6_A09_808574	18	41983065	46854802	3391	0.0545
HELVE_p_TCGA_b139_154_155_SNP_N_GenomeWideSNP_6_A09_808574	18	46857487	52668287	3978	-0.5044
HELVE_p_TCGA_b139_154_155_SNP_N_GenomeWideSNP_6_A09_808574	18	52669502	59571235	4811	-0.2461
HELVE_p_TCGA_b139_154_155_SNP_N_GenomeWideSNP_6_A09_808574	18	59574157	61721590	1564	-0.5005
HELVE_p_TCGA_b139_154_155_SNP_N_GenomeWideSNP_6_A09_808574	18	61721632	78015057	11758	-0.8323
HELVE_p_TCGA_b139_154_155_SNP_N_GenomeWideSNP_6_A09_808574	19	90910	35658728	16641	-0.0218
HELVE_p_TCGA_b139_154_155_SNP_N_GenomeWideSNP_6_A09_808574	19	35663774	35664043	6	-0.9619
HELVE_p_TCGA_b139_154_155_SNP_N_GenomeWideSNP_6_A09_808574	19	35666047	55569597	10527	-0.0233
HELVE_p_TCGA_b139_154_155_SNP_N_GenomeWideSNP_6_A09_808574	19	55572240	55572259	2	-2.4913
HELVE_p_TCGA_b139_154_155_SNP_N_GenomeWideSNP_6_A09_808574	19	55572284	56282369	310	-0.0329
HELVE_p_TCGA_b139_154_155_SNP_N_GenomeWideSNP_6_A09_808574	19	56282535	56283067	3	-2.5054
HELVE_p_TCGA_b139_154_155_SNP_N_GenomeWideSNP_6_A09_808574	19	56286293	58940514	1796	-0.0372
HELVE_p_TCGA_b139_154_155_SNP_N_GenomeWideSNP_6_A09_808574	19	58943408	58944375	2	-3.0797
HELVE_p_TCGA_b139_154_155_SNP_N_GenomeWideSNP_6_A09_808574	19	58946056	59097854	52	-0.0726
HELVE_p_TCGA_b139_154_155_SNP_N_GenomeWideSNP_6_A09_808574	20	61305	61548	8	0.2324
HELVE_p_TCGA_b139_154_155_SNP_N_GenomeWideSNP_6_A09_808574	20	61582	1582207	1235	-0.2403
HELVE_p_TCGA_b139_154_155_SNP_N_GenomeWideSNP_6_A09_808574	20	1590257	1593893	5	-1.6556
HELVE_p_TCGA_b139_154_155_SNP_N_GenomeWideSNP_6_A09_808574	20	1597946	14788767	9932	-0.2275
HELVE_p_TCGA_b139_154_155_SNP_N_GenomeWideSNP_6_A09_808574	20	14792812	14817369	43	-0.5314
HELVE_p_TCGA_b139_154_155_SNP_N_GenomeWideSNP_6_A09_808574	20	14818197	19308025	3884	-0.2033
HELVE_p_TCGA_b139_154_155_SNP_N_GenomeWideSNP_6_A09_808574	20	19308322	29498271	4966	0.165
HELVE_p_TCGA_b139_154_155_SNP_N_GenomeWideSNP_6_A09_808574	20	29505830	29505893	2	1.3196
HELVE_p_TCGA_b139_154_155_SNP_N_GenomeWideSNP_6_A09_808574	20	29527893	52644868	14917	0.2953
HELVE_p_TCGA_b139_154_155_SNP_N_GenomeWideSNP_6_A09_808574	20	52647808	52658651	38	-0.3843
HELVE_p_TCGA_b139_154_155_SNP_N_GenomeWideSNP_6_A09_808574	20	52662574	62956153	7461	0.3036
HELVE_p_TCGA_b139_154_155_SNP_N_GenomeWideSNP_6_A09_808574	21	10736871	10971376	55	-0.4968
HELVE_p_TCGA_b139_154_155_SNP_N_GenomeWideSNP_6_A09_808574	21	10971566	14676895	162	-0.1389
HELVE_p_TCGA_b139_154_155_SNP_N_GenomeWideSNP_6_A09_808574	21	14676907	14681119	2	-1.7489
HELVE_p_TCGA_b139_154_155_SNP_N_GenomeWideSNP_6_A09_808574	21	14681134	21305521	4461	-0.2408
HELVE_p_TCGA_b139_154_155_SNP_N_GenomeWideSNP_6_A09_808574	21	21305769	21343585	19	-0.8307
HELVE_p_TCGA_b139_154_155_SNP_N_GenomeWideSNP_6_A09_808574	21	21344569	44968053	17916	-0.2407
HELVE_p_TCGA_b139_154_155_SNP_N_GenomeWideSNP_6_A09_808574	21	44970873	44972812	2	-2.002
HELVE_p_TCGA_b139_154_155_SNP_N_GenomeWideSNP_6_A09_808574	21	44973667	48096957	1765	-0.2334
HELVE_p_TCGA_b139_154_155_SNP_N_GenomeWideSNP_6_A09_808574	22	16052528	22467527	3297	-0.3882
HELVE_p_TCGA_b139_154_155_SNP_N_GenomeWideSNP_6_A09_808574	22	22467569	22474613	8	-1.3674
HELVE_p_TCGA_b139_154_155_SNP_N_GenomeWideSNP_6_A09_808574	22	22481498	23262981	614	-0.3569
HELVE_p_TCGA_b139_154_155_SNP_N_GenomeWideSNP_6_A09_808574	22	23263242	23268052	5	-1.3139
HELVE_p_TCGA_b139_154_155_SNP_N_GenomeWideSNP_6_A09_808574	22	23268163	23937135	450	-0.4496
HELVE_p_TCGA_b139_154_155_SNP_N_GenomeWideSNP_6_A09_808574	22	23937621	23940991	3	-1.2806
HELVE_p_TCGA_b139_154_155_SNP_N_GenomeWideSNP_6_A09_808574	22	23953204	24324873	232	-0.3389
HELVE_p_TCGA_b139_154_155_SNP_N_GenomeWideSNP_6_A09_808574	22	24330218	24332933	5	0.3425
HELVE_p_TCGA_b139_154_155_SNP_N_GenomeWideSNP_6_A09_808574	22	24337307	24370430	12	-0.5649
HELVE_p_TCGA_b139_154_155_SNP_N_GenomeWideSNP_6_A09_808574	22	24371070	24385546	4	-2.0642
HELVE_p_TCGA_b139_154_155_SNP_N_GenomeWideSNP_6_A09_808574	22	24386631	51234455	18905	-0.3916
HELVE_p_TCGA_b139_154_155_SNP_N_GenomeWideSNP_6_A09_808574	X	168477	10433428	5980	-0.0359
HELVE_p_TCGA_b139_154_155_SNP_N_GenomeWideSNP_6_A09_808574	X	10433550	10434215	2	2.7859
HELVE_p_TCGA_b139_154_155_SNP_N_GenomeWideSNP_6_A09_808574	X	10435519	47886996	23104	-0.0398
HELVE_p_TCGA_b139_154_155_SNP_N_GenomeWideSNP_6_A09_808574	X	47887126	47887528	2	4.3005
HELVE_p_TCGA_b139_154_155_SNP_N_GenomeWideSNP_6_A09_808574	X	47888860	154385156	55049	0.0214
HELVE_p_TCGA_b139_154_155_SNP_N_GenomeWideSNP_6_A09_808574	X	154392382	154417401	9	-1.6193
HELVE_p_TCGA_b139_154_155_SNP_N_GenomeWideSNP_6_A09_808574	X	154418294	155182354	232	0.0191
HELVE_p_TCGA_b139_154_155_SNP_N_GenomeWideSNP_6_A09_808574	Y	2650438	59018259	8633	-0.9684
