Sample	Chromosome	Start	End	Num_Probes	Segment_Mean
HELVE_p_TCGA_b139_154_155_SNP_N_GenomeWideSNP_6_E09_808652	1	61735	9334714	4700	0.0775
HELVE_p_TCGA_b139_154_155_SNP_N_GenomeWideSNP_6_E09_808652	1	9335745	9357724	12	-0.4219
HELVE_p_TCGA_b139_154_155_SNP_N_GenomeWideSNP_6_E09_808652	1	9357960	62114006	30937	0.0937
HELVE_p_TCGA_b139_154_155_SNP_N_GenomeWideSNP_6_E09_808652	1	62114181	62118187	3	-2.9792
HELVE_p_TCGA_b139_154_155_SNP_N_GenomeWideSNP_6_E09_808652	1	62119809	72750353	7366	0.1166
HELVE_p_TCGA_b139_154_155_SNP_N_GenomeWideSNP_6_E09_808652	1	72756113	72763370	9	-0.6348
HELVE_p_TCGA_b139_154_155_SNP_N_GenomeWideSNP_6_E09_808652	1	72768418	72811148	48	1.4836
HELVE_p_TCGA_b139_154_155_SNP_N_GenomeWideSNP_6_E09_808652	1	72811904	104239689	20092	0.109
HELVE_p_TCGA_b139_154_155_SNP_N_GenomeWideSNP_6_E09_808652	1	104239986	104303403	13	-0.3517
HELVE_p_TCGA_b139_154_155_SNP_N_GenomeWideSNP_6_E09_808652	1	104303501	106013376	918	0.1039
HELVE_p_TCGA_b139_154_155_SNP_N_GenomeWideSNP_6_E09_808652	1	106019205	106022375	17	-1.6032
HELVE_p_TCGA_b139_154_155_SNP_N_GenomeWideSNP_6_E09_808652	1	106024055	110227500	2669	0.1287
HELVE_p_TCGA_b139_154_155_SNP_N_GenomeWideSNP_6_E09_808652	1	110227515	110240178	18	-0.788
HELVE_p_TCGA_b139_154_155_SNP_N_GenomeWideSNP_6_E09_808652	1	110242953	112690326	1955	0.1116
HELVE_p_TCGA_b139_154_155_SNP_N_GenomeWideSNP_6_E09_808652	1	112695965	112696537	8	-0.4331
HELVE_p_TCGA_b139_154_155_SNP_N_GenomeWideSNP_6_E09_808652	1	112696553	112697188	12	-0.013
HELVE_p_TCGA_b139_154_155_SNP_N_GenomeWideSNP_6_E09_808652	1	112697198	112697241	3	-0.4821
HELVE_p_TCGA_b139_154_155_SNP_N_GenomeWideSNP_6_E09_808652	1	112697376	169216111	19616	0.1043
HELVE_p_TCGA_b139_154_155_SNP_N_GenomeWideSNP_6_E09_808652	1	169216937	169241766	8	0.8697
HELVE_p_TCGA_b139_154_155_SNP_N_GenomeWideSNP_6_E09_808652	1	169242401	240818648	48643	0.1033
HELVE_p_TCGA_b139_154_155_SNP_N_GenomeWideSNP_6_E09_808652	1	240820516	240821073	3	-1.0398
HELVE_p_TCGA_b139_154_155_SNP_N_GenomeWideSNP_6_E09_808652	1	240825300	243048740	1726	0.0919
HELVE_p_TCGA_b139_154_155_SNP_N_GenomeWideSNP_6_E09_808652	1	243049874	243059774	38	-0.2092
HELVE_p_TCGA_b139_154_155_SNP_N_GenomeWideSNP_6_E09_808652	1	243062601	249224388	3814	0.1047
HELVE_p_TCGA_b139_154_155_SNP_N_GenomeWideSNP_6_E09_808652	2	12784	4216452	2992	-0.1484
HELVE_p_TCGA_b139_154_155_SNP_N_GenomeWideSNP_6_E09_808652	2	4216469	4222484	27	0.3397
HELVE_p_TCGA_b139_154_155_SNP_N_GenomeWideSNP_6_E09_808652	2	4222539	24599249	14909	-0.1037
HELVE_p_TCGA_b139_154_155_SNP_N_GenomeWideSNP_6_E09_808652	2	24601511	24611128	20	-0.8666
HELVE_p_TCGA_b139_154_155_SNP_N_GenomeWideSNP_6_E09_808652	2	24611727	34691069	6147	-0.1083
HELVE_p_TCGA_b139_154_155_SNP_N_GenomeWideSNP_6_E09_808652	2	34699315	34737057	46	0.4868
HELVE_p_TCGA_b139_154_155_SNP_N_GenomeWideSNP_6_E09_808652	2	34737163	35975973	876	-0.0669
HELVE_p_TCGA_b139_154_155_SNP_N_GenomeWideSNP_6_E09_808652	2	35977790	35987947	7	-1.4554
HELVE_p_TCGA_b139_154_155_SNP_N_GenomeWideSNP_6_E09_808652	2	35997473	46724917	8094	-0.0999
HELVE_p_TCGA_b139_154_155_SNP_N_GenomeWideSNP_6_E09_808652	2	46725501	46725516	2	-2.6373
HELVE_p_TCGA_b139_154_155_SNP_N_GenomeWideSNP_6_E09_808652	2	46729409	52754865	4065	-0.094
HELVE_p_TCGA_b139_154_155_SNP_N_GenomeWideSNP_6_E09_808652	2	52754881	52781542	34	-0.5066
HELVE_p_TCGA_b139_154_155_SNP_N_GenomeWideSNP_6_E09_808652	2	52787949	59194090	4473	-0.0881
HELVE_p_TCGA_b139_154_155_SNP_N_GenomeWideSNP_6_E09_808652	2	59194640	59197814	3	-1.2815
HELVE_p_TCGA_b139_154_155_SNP_N_GenomeWideSNP_6_E09_808652	2	59198173	79227243	12619	-0.0983
HELVE_p_TCGA_b139_154_155_SNP_N_GenomeWideSNP_6_E09_808652	2	79227275	79227903	5	-1.0489
HELVE_p_TCGA_b139_154_155_SNP_N_GenomeWideSNP_6_E09_808652	2	79228257	86937687	4825	-0.0983
HELVE_p_TCGA_b139_154_155_SNP_N_GenomeWideSNP_6_E09_808652	2	86953070	86953854	2	1.7573
HELVE_p_TCGA_b139_154_155_SNP_N_GenomeWideSNP_6_E09_808652	2	86970406	98118212	2141	-0.1127
HELVE_p_TCGA_b139_154_155_SNP_N_GenomeWideSNP_6_E09_808652	2	98140747	98161710	8	-1.0097
HELVE_p_TCGA_b139_154_155_SNP_N_GenomeWideSNP_6_E09_808652	2	98162189	106881633	5575	-0.0992
HELVE_p_TCGA_b139_154_155_SNP_N_GenomeWideSNP_6_E09_808652	2	106883229	106887255	9	-1.0275
HELVE_p_TCGA_b139_154_155_SNP_N_GenomeWideSNP_6_E09_808652	2	106887408	127842642	12401	-0.0967
HELVE_p_TCGA_b139_154_155_SNP_N_GenomeWideSNP_6_E09_808652	2	127843193	127862269	11	-0.6255
HELVE_p_TCGA_b139_154_155_SNP_N_GenomeWideSNP_6_E09_808652	2	127865694	133009808	2639	-0.1118
HELVE_p_TCGA_b139_154_155_SNP_N_GenomeWideSNP_6_E09_808652	2	133012191	133115037	34	0.4998
HELVE_p_TCGA_b139_154_155_SNP_N_GenomeWideSNP_6_E09_808652	2	133117260	229759479	59743	-0.0956
HELVE_p_TCGA_b139_154_155_SNP_N_GenomeWideSNP_6_E09_808652	2	229759646	229759913	7	-0.9834
HELVE_p_TCGA_b139_154_155_SNP_N_GenomeWideSNP_6_E09_808652	2	229760083	243089456	8238	-0.1291
HELVE_p_TCGA_b139_154_155_SNP_N_GenomeWideSNP_6_E09_808652	3	60345	98937784	63798	0.123
HELVE_p_TCGA_b139_154_155_SNP_N_GenomeWideSNP_6_E09_808652	3	98944458	98945299	14	-1.5256
HELVE_p_TCGA_b139_154_155_SNP_N_GenomeWideSNP_6_E09_808652	3	98945395	98949056	13	-2.862
HELVE_p_TCGA_b139_154_155_SNP_N_GenomeWideSNP_6_E09_808652	3	98949069	98949314	10	-1.4609
HELVE_p_TCGA_b139_154_155_SNP_N_GenomeWideSNP_6_E09_808652	3	98949421	129763698	18741	0.143
HELVE_p_TCGA_b139_154_155_SNP_N_GenomeWideSNP_6_E09_808652	3	129766586	129798735	45	-1.1911
HELVE_p_TCGA_b139_154_155_SNP_N_GenomeWideSNP_6_E09_808652	3	129798781	129806236	6	-0.3944
HELVE_p_TCGA_b139_154_155_SNP_N_GenomeWideSNP_6_E09_808652	3	129806924	148310260	11457	0.1514
HELVE_p_TCGA_b139_154_155_SNP_N_GenomeWideSNP_6_E09_808652	3	148310501	148313131	3	-1.0016
HELVE_p_TCGA_b139_154_155_SNP_N_GenomeWideSNP_6_E09_808652	3	148314155	150328632	1305	0.1476
HELVE_p_TCGA_b139_154_155_SNP_N_GenomeWideSNP_6_E09_808652	3	150331561	150339161	7	-0.4116
HELVE_p_TCGA_b139_154_155_SNP_N_GenomeWideSNP_6_E09_808652	3	150340253	158277161	4853	0.1511
HELVE_p_TCGA_b139_154_155_SNP_N_GenomeWideSNP_6_E09_808652	3	158280085	158305894	23	0.7779
HELVE_p_TCGA_b139_154_155_SNP_N_GenomeWideSNP_6_E09_808652	3	158308875	162512739	2635	0.1364
HELVE_p_TCGA_b139_154_155_SNP_N_GenomeWideSNP_6_E09_808652	3	162513092	162626572	69	0.6217
HELVE_p_TCGA_b139_154_155_SNP_N_GenomeWideSNP_6_E09_808652	3	162626603	162714517	71	0.2253
HELVE_p_TCGA_b139_154_155_SNP_N_GenomeWideSNP_6_E09_808652	3	162717727	162719562	2	1.2934
HELVE_p_TCGA_b139_154_155_SNP_N_GenomeWideSNP_6_E09_808652	3	162726159	192877962	19114	0.1516
HELVE_p_TCGA_b139_154_155_SNP_N_GenomeWideSNP_6_E09_808652	3	192878045	192880473	6	1.2122
HELVE_p_TCGA_b139_154_155_SNP_N_GenomeWideSNP_6_E09_808652	3	192880587	197896118	2719	0.1432
HELVE_p_TCGA_b139_154_155_SNP_N_GenomeWideSNP_6_E09_808652	4	12281	10228927	5800	-0.4212
HELVE_p_TCGA_b139_154_155_SNP_N_GenomeWideSNP_6_E09_808652	4	10229117	10235007	24	-0.9175
HELVE_p_TCGA_b139_154_155_SNP_N_GenomeWideSNP_6_E09_808652	4	10235166	34779040	16971	-0.3611
HELVE_p_TCGA_b139_154_155_SNP_N_GenomeWideSNP_6_E09_808652	4	34779054	34824725	39	-1.2368
HELVE_p_TCGA_b139_154_155_SNP_N_GenomeWideSNP_6_E09_808652	4	34829872	69226848	19435	-0.3551
HELVE_p_TCGA_b139_154_155_SNP_N_GenomeWideSNP_6_E09_808652	4	69226848	69288142	14	0.2846
HELVE_p_TCGA_b139_154_155_SNP_N_GenomeWideSNP_6_E09_808652	4	69294799	69372003	16	-0.2777
HELVE_p_TCGA_b139_154_155_SNP_N_GenomeWideSNP_6_E09_808652	4	69374941	69447688	40	0.2595
HELVE_p_TCGA_b139_154_155_SNP_N_GenomeWideSNP_6_E09_808652	4	69451900	69452321	4	-0.503
HELVE_p_TCGA_b139_154_155_SNP_N_GenomeWideSNP_6_E09_808652	4	69455289	69506334	23	0.3209
HELVE_p_TCGA_b139_154_155_SNP_N_GenomeWideSNP_6_E09_808652	4	69521409	115173700	27710	-0.3447
HELVE_p_TCGA_b139_154_155_SNP_N_GenomeWideSNP_6_E09_808652	4	115175323	115182175	23	0.5479
HELVE_p_TCGA_b139_154_155_SNP_N_GenomeWideSNP_6_E09_808652	4	115184229	116165868	609	-0.3283
HELVE_p_TCGA_b139_154_155_SNP_N_GenomeWideSNP_6_E09_808652	4	116166104	116176125	21	-1.2897
HELVE_p_TCGA_b139_154_155_SNP_N_GenomeWideSNP_6_E09_808652	4	116180182	138092239	12600	-0.3437
HELVE_p_TCGA_b139_154_155_SNP_N_GenomeWideSNP_6_E09_808652	4	138092420	138093064	12	-1.6451
HELVE_p_TCGA_b139_154_155_SNP_N_GenomeWideSNP_6_E09_808652	4	138093401	161873940	14746	-0.3488
HELVE_p_TCGA_b139_154_155_SNP_N_GenomeWideSNP_6_E09_808652	4	161874000	161887545	36	0.1449
HELVE_p_TCGA_b139_154_155_SNP_N_GenomeWideSNP_6_E09_808652	4	161888117	170840030	5678	-0.3421
HELVE_p_TCGA_b139_154_155_SNP_N_GenomeWideSNP_6_E09_808652	4	170840672	170847041	6	-1.1213
HELVE_p_TCGA_b139_154_155_SNP_N_GenomeWideSNP_6_E09_808652	4	170847532	172369346	964	-0.3242
HELVE_p_TCGA_b139_154_155_SNP_N_GenomeWideSNP_6_E09_808652	4	172374884	172377724	11	0.872
HELVE_p_TCGA_b139_154_155_SNP_N_GenomeWideSNP_6_E09_808652	4	172377776	172987928	396	-0.3561
HELVE_p_TCGA_b139_154_155_SNP_N_GenomeWideSNP_6_E09_808652	4	172989148	172989533	12	-1.423
HELVE_p_TCGA_b139_154_155_SNP_N_GenomeWideSNP_6_E09_808652	4	172995979	179392356	3882	-0.3553
HELVE_p_TCGA_b139_154_155_SNP_N_GenomeWideSNP_6_E09_808652	4	179392363	179396181	3	-2.0204
HELVE_p_TCGA_b139_154_155_SNP_N_GenomeWideSNP_6_E09_808652	4	179396484	191027923	8207	-0.3738
HELVE_p_TCGA_b139_154_155_SNP_N_GenomeWideSNP_6_E09_808652	5	15532	12815780	10214	0.1129
HELVE_p_TCGA_b139_154_155_SNP_N_GenomeWideSNP_6_E09_808652	5	12815865	12869862	18	0.7709
HELVE_p_TCGA_b139_154_155_SNP_N_GenomeWideSNP_6_E09_808652	5	12870215	17827545	3334	0.138
HELVE_p_TCGA_b139_154_155_SNP_N_GenomeWideSNP_6_E09_808652	5	17828138	17829787	4	-1.1663
HELVE_p_TCGA_b139_154_155_SNP_N_GenomeWideSNP_6_E09_808652	5	17833659	21449276	2196	0.1266
HELVE_p_TCGA_b139_154_155_SNP_N_GenomeWideSNP_6_E09_808652	5	21451200	21451998	4	1.0899
HELVE_p_TCGA_b139_154_155_SNP_N_GenomeWideSNP_6_E09_808652	5	21452438	61573372	22972	0.1276
HELVE_p_TCGA_b139_154_155_SNP_N_GenomeWideSNP_6_E09_808652	5	61574991	61576273	3	-0.9104
HELVE_p_TCGA_b139_154_155_SNP_N_GenomeWideSNP_6_E09_808652	5	61582192	68846303	4463	0.1359
HELVE_p_TCGA_b139_154_155_SNP_N_GenomeWideSNP_6_E09_808652	5	68867294	69118135	5	-1.0557
HELVE_p_TCGA_b139_154_155_SNP_N_GenomeWideSNP_6_E09_808652	5	69233427	86111756	9665	0.1233
HELVE_p_TCGA_b139_154_155_SNP_N_GenomeWideSNP_6_E09_808652	5	86115378	86119146	3	-2.1966
HELVE_p_TCGA_b139_154_155_SNP_N_GenomeWideSNP_6_E09_808652	5	86121629	97045121	5960	0.1221
HELVE_p_TCGA_b139_154_155_SNP_N_GenomeWideSNP_6_E09_808652	5	97048466	97099320	43	-0.6401
HELVE_p_TCGA_b139_154_155_SNP_N_GenomeWideSNP_6_E09_808652	5	97099684	178107822	52637	0.1222
HELVE_p_TCGA_b139_154_155_SNP_N_GenomeWideSNP_6_E09_808652	5	178109975	178113163	3	-1.9232
HELVE_p_TCGA_b139_154_155_SNP_N_GenomeWideSNP_6_E09_808652	5	178118855	180380203	1366	0.079
HELVE_p_TCGA_b139_154_155_SNP_N_GenomeWideSNP_6_E09_808652	5	180387138	180433225	17	0.6231
HELVE_p_TCGA_b139_154_155_SNP_N_GenomeWideSNP_6_E09_808652	5	180433264	180512315	58	0.0466
HELVE_p_TCGA_b139_154_155_SNP_N_GenomeWideSNP_6_E09_808652	5	180518765	180527309	4	-0.8647
HELVE_p_TCGA_b139_154_155_SNP_N_GenomeWideSNP_6_E09_808652	5	180532296	180790320	108	0.0055
HELVE_p_TCGA_b139_154_155_SNP_N_GenomeWideSNP_6_E09_808652	6	149661	294837	124	0.0916
HELVE_p_TCGA_b139_154_155_SNP_N_GenomeWideSNP_6_E09_808652	6	302306	380821	77	-0.3016
HELVE_p_TCGA_b139_154_155_SNP_N_GenomeWideSNP_6_E09_808652	6	381149	32497206	22760	0.1544
HELVE_p_TCGA_b139_154_155_SNP_N_GenomeWideSNP_6_E09_808652	6	32501299	32573771	18	0.5762
HELVE_p_TCGA_b139_154_155_SNP_N_GenomeWideSNP_6_E09_808652	6	32574014	32581889	10	0.0732
HELVE_p_TCGA_b139_154_155_SNP_N_GenomeWideSNP_6_E09_808652	6	32582203	32601317	9	-0.6892
HELVE_p_TCGA_b139_154_155_SNP_N_GenomeWideSNP_6_E09_808652	6	32602107	32622194	9	0.1681
HELVE_p_TCGA_b139_154_155_SNP_N_GenomeWideSNP_6_E09_808652	6	32624304	32626618	6	1.1295
HELVE_p_TCGA_b139_154_155_SNP_N_GenomeWideSNP_6_E09_808652	6	32650612	34132608	938	0.1186
HELVE_p_TCGA_b139_154_155_SNP_N_GenomeWideSNP_6_E09_808652	6	34134520	34134717	2	-1.3919
HELVE_p_TCGA_b139_154_155_SNP_N_GenomeWideSNP_6_E09_808652	6	34134864	53931275	12801	0.1525
HELVE_p_TCGA_b139_154_155_SNP_N_GenomeWideSNP_6_E09_808652	6	53931380	53931855	4	1.4358
HELVE_p_TCGA_b139_154_155_SNP_N_GenomeWideSNP_6_E09_808652	6	53935348	65336942	4352	0.165
HELVE_p_TCGA_b139_154_155_SNP_N_GenomeWideSNP_6_E09_808652	6	65347544	65348992	2	-2.1017
HELVE_p_TCGA_b139_154_155_SNP_N_GenomeWideSNP_6_E09_808652	6	65350776	65710729	238	0.143
HELVE_p_TCGA_b139_154_155_SNP_N_GenomeWideSNP_6_E09_808652	6	65711399	65713792	3	-0.916
HELVE_p_TCGA_b139_154_155_SNP_N_GenomeWideSNP_6_E09_808652	6	65717384	72862925	4830	0.1707
HELVE_p_TCGA_b139_154_155_SNP_N_GenomeWideSNP_6_E09_808652	6	72866524	72866872	2	-2.0294
HELVE_p_TCGA_b139_154_155_SNP_N_GenomeWideSNP_6_E09_808652	6	72868563	74591858	1088	0.1619
HELVE_p_TCGA_b139_154_155_SNP_N_GenomeWideSNP_6_E09_808652	6	74592225	74601410	10	-0.2105
HELVE_p_TCGA_b139_154_155_SNP_N_GenomeWideSNP_6_E09_808652	6	74603555	77014948	1468	0.1852
HELVE_p_TCGA_b139_154_155_SNP_N_GenomeWideSNP_6_E09_808652	6	77016900	77016926	3	1.6736
HELVE_p_TCGA_b139_154_155_SNP_N_GenomeWideSNP_6_E09_808652	6	77016993	77436532	296	0.1828
HELVE_p_TCGA_b139_154_155_SNP_N_GenomeWideSNP_6_E09_808652	6	77439868	77452689	20	-0.492
HELVE_p_TCGA_b139_154_155_SNP_N_GenomeWideSNP_6_E09_808652	6	77452757	78962050	973	0.1694
HELVE_p_TCGA_b139_154_155_SNP_N_GenomeWideSNP_6_E09_808652	6	78962064	79035027	118	0.4558
HELVE_p_TCGA_b139_154_155_SNP_N_GenomeWideSNP_6_E09_808652	6	79035174	81277987	1432	0.1794
HELVE_p_TCGA_b139_154_155_SNP_N_GenomeWideSNP_6_E09_808652	6	81284189	81289534	33	-0.3609
HELVE_p_TCGA_b139_154_155_SNP_N_GenomeWideSNP_6_E09_808652	6	81294341	162413616	52114	0.1627
HELVE_p_TCGA_b139_154_155_SNP_N_GenomeWideSNP_6_E09_808652	6	162414623	162621069	207	-0.639
HELVE_p_TCGA_b139_154_155_SNP_N_GenomeWideSNP_6_E09_808652	6	162623893	171051005	5969	0.1379
HELVE_p_TCGA_b139_154_155_SNP_N_GenomeWideSNP_6_E09_808652	7	43355	9104771	5372	0.1613
HELVE_p_TCGA_b139_154_155_SNP_N_GenomeWideSNP_6_E09_808652	7	9105026	9105572	3	-1.6731
HELVE_p_TCGA_b139_154_155_SNP_N_GenomeWideSNP_6_E09_808652	7	9113735	91208142	51489	0.1768
HELVE_p_TCGA_b139_154_155_SNP_N_GenomeWideSNP_6_E09_808652	7	91218884	91219132	3	-1.0244
HELVE_p_TCGA_b139_154_155_SNP_N_GenomeWideSNP_6_E09_808652	7	91225032	97385970	3850	0.168
HELVE_p_TCGA_b139_154_155_SNP_N_GenomeWideSNP_6_E09_808652	7	97395460	97402475	16	-0.4383
HELVE_p_TCGA_b139_154_155_SNP_N_GenomeWideSNP_6_E09_808652	7	97404240	109433777	6633	0.1673
HELVE_p_TCGA_b139_154_155_SNP_N_GenomeWideSNP_6_E09_808652	7	109433785	109454271	40	0.473
HELVE_p_TCGA_b139_154_155_SNP_N_GenomeWideSNP_6_E09_808652	7	109458390	142474939	20476	0.1702
HELVE_p_TCGA_b139_154_155_SNP_N_GenomeWideSNP_6_E09_808652	7	142476719	142479722	8	-3.2886
HELVE_p_TCGA_b139_154_155_SNP_N_GenomeWideSNP_6_E09_808652	7	142479807	142485699	14	-1.324
HELVE_p_TCGA_b139_154_155_SNP_N_GenomeWideSNP_6_E09_808652	7	142485771	142486045	5	-2.9657
HELVE_p_TCGA_b139_154_155_SNP_N_GenomeWideSNP_6_E09_808652	7	142486115	148668899	3922	0.1713
HELVE_p_TCGA_b139_154_155_SNP_N_GenomeWideSNP_6_E09_808652	7	148672346	148676745	4	-0.8933
HELVE_p_TCGA_b139_154_155_SNP_N_GenomeWideSNP_6_E09_808652	7	148678776	159127004	6651	0.1585
HELVE_p_TCGA_b139_154_155_SNP_N_GenomeWideSNP_6_E09_808652	8	31254	161222	6	0.0344
HELVE_p_TCGA_b139_154_155_SNP_N_GenomeWideSNP_6_E09_808652	8	162672	5588336	6063	-0.54
HELVE_p_TCGA_b139_154_155_SNP_N_GenomeWideSNP_6_E09_808652	8	5591150	5594267	9	-0.7855
HELVE_p_TCGA_b139_154_155_SNP_N_GenomeWideSNP_6_E09_808652	8	5598726	5604495	25	-1.4731
HELVE_p_TCGA_b139_154_155_SNP_N_GenomeWideSNP_6_E09_808652	8	5607088	8283667	2126	-0.5423
HELVE_p_TCGA_b139_154_155_SNP_N_GenomeWideSNP_6_E09_808652	8	8287045	8291357	5	-1.7991
HELVE_p_TCGA_b139_154_155_SNP_N_GenomeWideSNP_6_E09_808652	8	8291745	24974476	13537	-0.5252
HELVE_p_TCGA_b139_154_155_SNP_N_GenomeWideSNP_6_E09_808652	8	24974522	24984333	25	-1.098
HELVE_p_TCGA_b139_154_155_SNP_N_GenomeWideSNP_6_E09_808652	8	24991104	32678504	5424	-0.5149
HELVE_p_TCGA_b139_154_155_SNP_N_GenomeWideSNP_6_E09_808652	8	32678531	32688413	14	0.0632
HELVE_p_TCGA_b139_154_155_SNP_N_GenomeWideSNP_6_E09_808652	8	32692106	33261476	345	-0.5012
HELVE_p_TCGA_b139_154_155_SNP_N_GenomeWideSNP_6_E09_808652	8	33264711	50318711	7462	0.1194
HELVE_p_TCGA_b139_154_155_SNP_N_GenomeWideSNP_6_E09_808652	8	50328308	89638780	23973	-0.5075
HELVE_p_TCGA_b139_154_155_SNP_N_GenomeWideSNP_6_E09_808652	8	89645658	89750267	51	0.149
HELVE_p_TCGA_b139_154_155_SNP_N_GenomeWideSNP_6_E09_808652	8	89760620	112294466	13799	0.5237
HELVE_p_TCGA_b139_154_155_SNP_N_GenomeWideSNP_6_E09_808652	8	112294646	112295260	7	1.3877
HELVE_p_TCGA_b139_154_155_SNP_N_GenomeWideSNP_6_E09_808652	8	112300281	112759755	246	0.562
HELVE_p_TCGA_b139_154_155_SNP_N_GenomeWideSNP_6_E09_808652	8	112768558	115803634	1710	-0.4755
HELVE_p_TCGA_b139_154_155_SNP_N_GenomeWideSNP_6_E09_808652	8	115810280	143145547	19834	0.1193
HELVE_p_TCGA_b139_154_155_SNP_N_GenomeWideSNP_6_E09_808652	8	143145749	143148417	2	-1.4043
HELVE_p_TCGA_b139_154_155_SNP_N_GenomeWideSNP_6_E09_808652	8	143148811	146298155	1125	0.052
HELVE_p_TCGA_b139_154_155_SNP_N_GenomeWideSNP_6_E09_808652	9	46587	8348984	8058	0.0979
HELVE_p_TCGA_b139_154_155_SNP_N_GenomeWideSNP_6_E09_808652	9	8350753	8360320	5	-1.3445
HELVE_p_TCGA_b139_154_155_SNP_N_GenomeWideSNP_6_E09_808652	9	8361136	40695900	23230	0.1069
HELVE_p_TCGA_b139_154_155_SNP_N_GenomeWideSNP_6_E09_808652	9	40784175	40811602	4	0.8385
HELVE_p_TCGA_b139_154_155_SNP_N_GenomeWideSNP_6_E09_808652	9	40811997	41846811	37	0.053
HELVE_p_TCGA_b139_154_155_SNP_N_GenomeWideSNP_6_E09_808652	9	41892866	41985187	7	-0.9978
HELVE_p_TCGA_b139_154_155_SNP_N_GenomeWideSNP_6_E09_808652	9	42023107	44837527	148	0.3488
HELVE_p_TCGA_b139_154_155_SNP_N_GenomeWideSNP_6_E09_808652	9	44840918	68183981	157	0.089
HELVE_p_TCGA_b139_154_155_SNP_N_GenomeWideSNP_6_E09_808652	9	68186051	68188547	8	0.8822
HELVE_p_TCGA_b139_154_155_SNP_N_GenomeWideSNP_6_E09_808652	9	68209916	72032403	1090	0.0991
HELVE_p_TCGA_b139_154_155_SNP_N_GenomeWideSNP_6_E09_808652	9	72032492	72049028	19	0.5197
HELVE_p_TCGA_b139_154_155_SNP_N_GenomeWideSNP_6_E09_808652	9	72049604	94402268	16036	0.0958
HELVE_p_TCGA_b139_154_155_SNP_N_GenomeWideSNP_6_E09_808652	9	94402318	94403445	14	-0.4245
HELVE_p_TCGA_b139_154_155_SNP_N_GenomeWideSNP_6_E09_808652	9	94403545	113796434	13675	0.1024
HELVE_p_TCGA_b139_154_155_SNP_N_GenomeWideSNP_6_E09_808652	9	113796977	113802619	4	-1.3641
HELVE_p_TCGA_b139_154_155_SNP_N_GenomeWideSNP_6_E09_808652	9	113802823	117082811	2270	0.0957
HELVE_p_TCGA_b139_154_155_SNP_N_GenomeWideSNP_6_E09_808652	9	117087402	117088322	2	1.7
HELVE_p_TCGA_b139_154_155_SNP_N_GenomeWideSNP_6_E09_808652	9	117093029	141091394	15122	0.0799
HELVE_p_TCGA_b139_154_155_SNP_N_GenomeWideSNP_6_E09_808652	10	72759	72809	2	0.577
HELVE_p_TCGA_b139_154_155_SNP_N_GenomeWideSNP_6_E09_808652	10	72825	46070052	31507	0.2012
HELVE_p_TCGA_b139_154_155_SNP_N_GenomeWideSNP_6_E09_808652	10	46072872	46076235	5	-0.4717
HELVE_p_TCGA_b139_154_155_SNP_N_GenomeWideSNP_6_E09_808652	10	46080336	46312487	54	0.1039
HELVE_p_TCGA_b139_154_155_SNP_N_GenomeWideSNP_6_E09_808652	10	46485761	46954498	21	0.4777
HELVE_p_TCGA_b139_154_155_SNP_N_GenomeWideSNP_6_E09_808652	10	46954524	47102909	127	-0.0301
HELVE_p_TCGA_b139_154_155_SNP_N_GenomeWideSNP_6_E09_808652	10	47102945	47897394	231	0.2033
HELVE_p_TCGA_b139_154_155_SNP_N_GenomeWideSNP_6_E09_808652	10	47912899	47948060	3	1.7214
HELVE_p_TCGA_b139_154_155_SNP_N_GenomeWideSNP_6_E09_808652	10	47960476	48902376	295	0.1059
HELVE_p_TCGA_b139_154_155_SNP_N_GenomeWideSNP_6_E09_808652	10	48928791	48934756	2	-1.5385
HELVE_p_TCGA_b139_154_155_SNP_N_GenomeWideSNP_6_E09_808652	10	48947018	55547003	4260	0.049
HELVE_p_TCGA_b139_154_155_SNP_N_GenomeWideSNP_6_E09_808652	10	55547803	55548321	2	-1.74
HELVE_p_TCGA_b139_154_155_SNP_N_GenomeWideSNP_6_E09_808652	10	55550370	56680277	858	0.0171
HELVE_p_TCGA_b139_154_155_SNP_N_GenomeWideSNP_6_E09_808652	10	56683090	56684037	2	-2.3619
HELVE_p_TCGA_b139_154_155_SNP_N_GenomeWideSNP_6_E09_808652	10	56687294	135506704	53689	0.0451
HELVE_p_TCGA_b139_154_155_SNP_N_GenomeWideSNP_6_E09_808652	11	198510	3486724	1346	0.0605
HELVE_p_TCGA_b139_154_155_SNP_N_GenomeWideSNP_6_E09_808652	11	3487665	3488541	3	-0.8032
HELVE_p_TCGA_b139_154_155_SNP_N_GenomeWideSNP_6_E09_808652	11	3506526	4295756	453	0.1031
HELVE_p_TCGA_b139_154_155_SNP_N_GenomeWideSNP_6_E09_808652	11	4301356	4384797	19	0.5788
HELVE_p_TCGA_b139_154_155_SNP_N_GenomeWideSNP_6_E09_808652	11	4386665	4967650	653	0.1208
HELVE_p_TCGA_b139_154_155_SNP_N_GenomeWideSNP_6_E09_808652	11	4968117	4976272	31	0.9209
HELVE_p_TCGA_b139_154_155_SNP_N_GenomeWideSNP_6_E09_808652	11	4976334	5783052	790	0.103
HELVE_p_TCGA_b139_154_155_SNP_N_GenomeWideSNP_6_E09_808652	11	5783112	5809139	37	0.4686
HELVE_p_TCGA_b139_154_155_SNP_N_GenomeWideSNP_6_E09_808652	11	5809338	18939170	9416	0.0965
HELVE_p_TCGA_b139_154_155_SNP_N_GenomeWideSNP_6_E09_808652	11	18940093	18961402	52	0.4949
HELVE_p_TCGA_b139_154_155_SNP_N_GenomeWideSNP_6_E09_808652	11	18961597	49708375	21065	0.098
HELVE_p_TCGA_b139_154_155_SNP_N_GenomeWideSNP_6_E09_808652	11	49710861	49757671	19	-0.5085
HELVE_p_TCGA_b139_154_155_SNP_N_GenomeWideSNP_6_E09_808652	11	49757767	85887957	18301	0.0867
HELVE_p_TCGA_b139_154_155_SNP_N_GenomeWideSNP_6_E09_808652	11	85889658	85899812	18	-0.7307
HELVE_p_TCGA_b139_154_155_SNP_N_GenomeWideSNP_6_E09_808652	11	85902463	134944770	34885	0.0904
HELVE_p_TCGA_b139_154_155_SNP_N_GenomeWideSNP_6_E09_808652	12	150442	9617083	6191	0.05
HELVE_p_TCGA_b139_154_155_SNP_N_GenomeWideSNP_6_E09_808652	12	9619168	9630556	8	-0.3491
HELVE_p_TCGA_b139_154_155_SNP_N_GenomeWideSNP_6_E09_808652	12	9633870	9728292	25	-1.362
HELVE_p_TCGA_b139_154_155_SNP_N_GenomeWideSNP_6_E09_808652	12	9734969	11478681	1151	0.0851
HELVE_p_TCGA_b139_154_155_SNP_N_GenomeWideSNP_6_E09_808652	12	11481266	11564511	79	-0.5659
HELVE_p_TCGA_b139_154_155_SNP_N_GenomeWideSNP_6_E09_808652	12	11564613	33386757	15480	0.0644
HELVE_p_TCGA_b139_154_155_SNP_N_GenomeWideSNP_6_E09_808652	12	33388829	33395142	4	-2.1677
HELVE_p_TCGA_b139_154_155_SNP_N_GenomeWideSNP_6_E09_808652	12	33395418	133778189	62093	0.0573
HELVE_p_TCGA_b139_154_155_SNP_N_GenomeWideSNP_6_E09_808652	13	19026949	20820781	908	1.0458
HELVE_p_TCGA_b139_154_155_SNP_N_GenomeWideSNP_6_E09_808652	13	20827251	20827940	2	-0.8692
HELVE_p_TCGA_b139_154_155_SNP_N_GenomeWideSNP_6_E09_808652	13	20832547	22073023	817	1.0831
HELVE_p_TCGA_b139_154_155_SNP_N_GenomeWideSNP_6_E09_808652	13	22076491	22092280	19	1.4847
HELVE_p_TCGA_b139_154_155_SNP_N_GenomeWideSNP_6_E09_808652	13	22100532	22236266	74	1.0913
HELVE_p_TCGA_b139_154_155_SNP_N_GenomeWideSNP_6_E09_808652	13	22238777	22363253	96	1.536
HELVE_p_TCGA_b139_154_155_SNP_N_GenomeWideSNP_6_E09_808652	13	22372869	22422360	45	1.8377
HELVE_p_TCGA_b139_154_155_SNP_N_GenomeWideSNP_6_E09_808652	13	22422460	22974022	488	1.4854
HELVE_p_TCGA_b139_154_155_SNP_N_GenomeWideSNP_6_E09_808652	13	22978983	23021819	23	0.9846
HELVE_p_TCGA_b139_154_155_SNP_N_GenomeWideSNP_6_E09_808652	13	23021985	23669666	468	1.5424
HELVE_p_TCGA_b139_154_155_SNP_N_GenomeWideSNP_6_E09_808652	13	23669873	24062735	309	1.0884
HELVE_p_TCGA_b139_154_155_SNP_N_GenomeWideSNP_6_E09_808652	13	24063856	24084367	17	1.6465
HELVE_p_TCGA_b139_154_155_SNP_N_GenomeWideSNP_6_E09_808652	13	24084736	24091577	14	1.1677
HELVE_p_TCGA_b139_154_155_SNP_N_GenomeWideSNP_6_E09_808652	13	24092276	24345846	181	1.5477
HELVE_p_TCGA_b139_154_155_SNP_N_GenomeWideSNP_6_E09_808652	13	24346212	24474763	90	1.1817
HELVE_p_TCGA_b139_154_155_SNP_N_GenomeWideSNP_6_E09_808652	13	24476073	24509685	26	1.56
HELVE_p_TCGA_b139_154_155_SNP_N_GenomeWideSNP_6_E09_808652	13	24516216	24659568	147	1.0697
HELVE_p_TCGA_b139_154_155_SNP_N_GenomeWideSNP_6_E09_808652	13	24660012	24850710	216	1.5256
HELVE_p_TCGA_b139_154_155_SNP_N_GenomeWideSNP_6_E09_808652	13	24851040	25028672	100	1.0735
HELVE_p_TCGA_b139_154_155_SNP_N_GenomeWideSNP_6_E09_808652	13	25029083	25029574	10	0.5567
HELVE_p_TCGA_b139_154_155_SNP_N_GenomeWideSNP_6_E09_808652	13	25030211	25035607	4	1.335
HELVE_p_TCGA_b139_154_155_SNP_N_GenomeWideSNP_6_E09_808652	13	25039590	25039678	4	-0.4484
HELVE_p_TCGA_b139_154_155_SNP_N_GenomeWideSNP_6_E09_808652	13	25040031	25349691	243	1.0727
HELVE_p_TCGA_b139_154_155_SNP_N_GenomeWideSNP_6_E09_808652	13	25349710	25526357	96	1.5136
HELVE_p_TCGA_b139_154_155_SNP_N_GenomeWideSNP_6_E09_808652	13	25528994	25543036	8	0.9631
HELVE_p_TCGA_b139_154_155_SNP_N_GenomeWideSNP_6_E09_808652	13	25549370	25581765	20	1.4523
HELVE_p_TCGA_b139_154_155_SNP_N_GenomeWideSNP_6_E09_808652	13	25589126	25609406	16	1.0309
HELVE_p_TCGA_b139_154_155_SNP_N_GenomeWideSNP_6_E09_808652	13	25611802	25617343	4	1.8905
HELVE_p_TCGA_b139_154_155_SNP_N_GenomeWideSNP_6_E09_808652	13	25620470	25707566	68	1.158
HELVE_p_TCGA_b139_154_155_SNP_N_GenomeWideSNP_6_E09_808652	13	25707593	25746380	27	1.4821
HELVE_p_TCGA_b139_154_155_SNP_N_GenomeWideSNP_6_E09_808652	13	25752760	25992655	158	1.7669
HELVE_p_TCGA_b139_154_155_SNP_N_GenomeWideSNP_6_E09_808652	13	25992965	26019523	26	1.4673
HELVE_p_TCGA_b139_154_155_SNP_N_GenomeWideSNP_6_E09_808652	13	26021708	26276591	188	1.075
HELVE_p_TCGA_b139_154_155_SNP_N_GenomeWideSNP_6_E09_808652	13	26278297	26306434	28	1.4553
HELVE_p_TCGA_b139_154_155_SNP_N_GenomeWideSNP_6_E09_808652	13	26306758	26881949	408	1.7752
HELVE_p_TCGA_b139_154_155_SNP_N_GenomeWideSNP_6_E09_808652	13	26882115	26898622	7	1.3753
HELVE_p_TCGA_b139_154_155_SNP_N_GenomeWideSNP_6_E09_808652	13	26904796	27224587	231	1.0549
HELVE_p_TCGA_b139_154_155_SNP_N_GenomeWideSNP_6_E09_808652	13	27225105	27521846	287	1.5502
HELVE_p_TCGA_b139_154_155_SNP_N_GenomeWideSNP_6_E09_808652	13	27523026	27749358	190	1.0981
HELVE_p_TCGA_b139_154_155_SNP_N_GenomeWideSNP_6_E09_808652	13	27749485	28776685	762	1.4523
HELVE_p_TCGA_b139_154_155_SNP_N_GenomeWideSNP_6_E09_808652	13	28779477	28985366	153	1.0908
HELVE_p_TCGA_b139_154_155_SNP_N_GenomeWideSNP_6_E09_808652	13	28987061	29073939	61	1.5269
HELVE_p_TCGA_b139_154_155_SNP_N_GenomeWideSNP_6_E09_808652	13	29075781	38071135	6522	1.0749
HELVE_p_TCGA_b139_154_155_SNP_N_GenomeWideSNP_6_E09_808652	13	38072036	38088330	17	0.07
HELVE_p_TCGA_b139_154_155_SNP_N_GenomeWideSNP_6_E09_808652	13	38088374	53094799	9909	1.0658
HELVE_p_TCGA_b139_154_155_SNP_N_GenomeWideSNP_6_E09_808652	13	53097984	53105785	3	-0.9582
HELVE_p_TCGA_b139_154_155_SNP_N_GenomeWideSNP_6_E09_808652	13	53117879	56005570	1777	1.0435
HELVE_p_TCGA_b139_154_155_SNP_N_GenomeWideSNP_6_E09_808652	13	56013233	56324143	170	0.6235
HELVE_p_TCGA_b139_154_155_SNP_N_GenomeWideSNP_6_E09_808652	13	56329571	57204534	422	1.0761
HELVE_p_TCGA_b139_154_155_SNP_N_GenomeWideSNP_6_E09_808652	13	57211070	57763751	267	0.6163
HELVE_p_TCGA_b139_154_155_SNP_N_GenomeWideSNP_6_E09_808652	13	57763764	58272123	286	1.0808
HELVE_p_TCGA_b139_154_155_SNP_N_GenomeWideSNP_6_E09_808652	13	58276835	62424786	2551	0.6136
HELVE_p_TCGA_b139_154_155_SNP_N_GenomeWideSNP_6_E09_808652	13	62425155	63768516	692	-0.0404
HELVE_p_TCGA_b139_154_155_SNP_N_GenomeWideSNP_6_E09_808652	13	63769605	64234562	302	0.608
HELVE_p_TCGA_b139_154_155_SNP_N_GenomeWideSNP_6_E09_808652	13	64234911	64678749	274	1.0273
HELVE_p_TCGA_b139_154_155_SNP_N_GenomeWideSNP_6_E09_808652	13	64679636	67694693	1927	0.6145
HELVE_p_TCGA_b139_154_155_SNP_N_GenomeWideSNP_6_E09_808652	13	67697229	68571738	494	1.0404
HELVE_p_TCGA_b139_154_155_SNP_N_GenomeWideSNP_6_E09_808652	13	68576978	69985731	938	0.6137
HELVE_p_TCGA_b139_154_155_SNP_N_GenomeWideSNP_6_E09_808652	13	69994029	70736064	442	1.0573
HELVE_p_TCGA_b139_154_155_SNP_N_GenomeWideSNP_6_E09_808652	13	70741397	71022781	238	0.6638
HELVE_p_TCGA_b139_154_155_SNP_N_GenomeWideSNP_6_E09_808652	13	71023480	80543901	6545	1.051
HELVE_p_TCGA_b139_154_155_SNP_N_GenomeWideSNP_6_E09_808652	13	80555432	80555822	4	-0.0782
HELVE_p_TCGA_b139_154_155_SNP_N_GenomeWideSNP_6_E09_808652	13	80563812	82088628	1002	1.0256
HELVE_p_TCGA_b139_154_155_SNP_N_GenomeWideSNP_6_E09_808652	13	82088756	82088954	2	-0.3621
HELVE_p_TCGA_b139_154_155_SNP_N_GenomeWideSNP_6_E09_808652	13	82090958	82706929	352	1.0315
HELVE_p_TCGA_b139_154_155_SNP_N_GenomeWideSNP_6_E09_808652	13	82709289	82839711	62	0.6657
HELVE_p_TCGA_b139_154_155_SNP_N_GenomeWideSNP_6_E09_808652	13	82847198	83446240	374	1.052
HELVE_p_TCGA_b139_154_155_SNP_N_GenomeWideSNP_6_E09_808652	13	83448431	83605423	106	0.5884
HELVE_p_TCGA_b139_154_155_SNP_N_GenomeWideSNP_6_E09_808652	13	83611104	83779000	106	0.9684
HELVE_p_TCGA_b139_154_155_SNP_N_GenomeWideSNP_6_E09_808652	13	83786044	85491638	1092	0.6192
HELVE_p_TCGA_b139_154_155_SNP_N_GenomeWideSNP_6_E09_808652	13	85499385	86637199	767	1.0186
HELVE_p_TCGA_b139_154_155_SNP_N_GenomeWideSNP_6_E09_808652	13	86640772	88553900	969	0.6056
HELVE_p_TCGA_b139_154_155_SNP_N_GenomeWideSNP_6_E09_808652	13	88562066	90092386	878	1.0168
HELVE_p_TCGA_b139_154_155_SNP_N_GenomeWideSNP_6_E09_808652	13	90096050	90436445	232	0.6106
HELVE_p_TCGA_b139_154_155_SNP_N_GenomeWideSNP_6_E09_808652	13	90440864	93178205	1797	1.0273
HELVE_p_TCGA_b139_154_155_SNP_N_GenomeWideSNP_6_E09_808652	13	93183097	93221109	21	0.5739
HELVE_p_TCGA_b139_154_155_SNP_N_GenomeWideSNP_6_E09_808652	13	93222310	94075103	593	1.0174
HELVE_p_TCGA_b139_154_155_SNP_N_GenomeWideSNP_6_E09_808652	13	94075239	94232044	132	0.6548
HELVE_p_TCGA_b139_154_155_SNP_N_GenomeWideSNP_6_E09_808652	13	94232276	95888482	1228	1.0366
HELVE_p_TCGA_b139_154_155_SNP_N_GenomeWideSNP_6_E09_808652	13	95888656	95892449	10	0.4285
HELVE_p_TCGA_b139_154_155_SNP_N_GenomeWideSNP_6_E09_808652	13	95892896	98175247	1312	1.0435
HELVE_p_TCGA_b139_154_155_SNP_N_GenomeWideSNP_6_E09_808652	13	98177451	98177517	7	0.2826
HELVE_p_TCGA_b139_154_155_SNP_N_GenomeWideSNP_6_E09_808652	13	98177765	102038143	2668	1.0337
HELVE_p_TCGA_b139_154_155_SNP_N_GenomeWideSNP_6_E09_808652	13	102040364	102176144	124	0.6212
HELVE_p_TCGA_b139_154_155_SNP_N_GenomeWideSNP_6_E09_808652	13	102179376	104719121	2168	1.0329
HELVE_p_TCGA_b139_154_155_SNP_N_GenomeWideSNP_6_E09_808652	13	104728250	105098768	283	0.6151
HELVE_p_TCGA_b139_154_155_SNP_N_GenomeWideSNP_6_E09_808652	13	105102459	105455013	301	1.0633
HELVE_p_TCGA_b139_154_155_SNP_N_GenomeWideSNP_6_E09_808652	13	105462657	105484735	36	0.5578
HELVE_p_TCGA_b139_154_155_SNP_N_GenomeWideSNP_6_E09_808652	13	105491756	107257272	1440	1.071
HELVE_p_TCGA_b139_154_155_SNP_N_GenomeWideSNP_6_E09_808652	13	107258304	107259524	3	-0.2834
HELVE_p_TCGA_b139_154_155_SNP_N_GenomeWideSNP_6_E09_808652	13	107259531	108184755	720	1.0571
HELVE_p_TCGA_b139_154_155_SNP_N_GenomeWideSNP_6_E09_808652	13	108185607	108345484	167	0.6593
HELVE_p_TCGA_b139_154_155_SNP_N_GenomeWideSNP_6_E09_808652	13	108346548	115108397	4512	1.0666
HELVE_p_TCGA_b139_154_155_SNP_N_GenomeWideSNP_6_E09_808652	14	19002124	19335751	23	-0.1309
HELVE_p_TCGA_b139_154_155_SNP_N_GenomeWideSNP_6_E09_808652	14	19382209	20424926	166	-0.7307
HELVE_p_TCGA_b139_154_155_SNP_N_GenomeWideSNP_6_E09_808652	14	20425509	66872192	29593	-0.4771
HELVE_p_TCGA_b139_154_155_SNP_N_GenomeWideSNP_6_E09_808652	14	66874963	66879826	2	-2.3893
HELVE_p_TCGA_b139_154_155_SNP_N_GenomeWideSNP_6_E09_808652	14	66880791	68138824	603	-0.4625
HELVE_p_TCGA_b139_154_155_SNP_N_GenomeWideSNP_6_E09_808652	14	68142443	68142940	2	-2.5304
HELVE_p_TCGA_b139_154_155_SNP_N_GenomeWideSNP_6_E09_808652	14	68143057	73213814	3415	-0.5185
HELVE_p_TCGA_b139_154_155_SNP_N_GenomeWideSNP_6_E09_808652	14	73213835	73216917	2	-2.5779
HELVE_p_TCGA_b139_154_155_SNP_N_GenomeWideSNP_6_E09_808652	14	73216936	106448062	21176	-0.5227
HELVE_p_TCGA_b139_154_155_SNP_N_GenomeWideSNP_6_E09_808652	14	106448080	106449667	2	-2.1287
HELVE_p_TCGA_b139_154_155_SNP_N_GenomeWideSNP_6_E09_808652	14	106451041	106530364	31	-0.4686
HELVE_p_TCGA_b139_154_155_SNP_N_GenomeWideSNP_6_E09_808652	14	106530687	106567100	17	0.3662
HELVE_p_TCGA_b139_154_155_SNP_N_GenomeWideSNP_6_E09_808652	14	106569463	107285437	417	-0.4422
HELVE_p_TCGA_b139_154_155_SNP_N_GenomeWideSNP_6_E09_808652	15	20016328	20957956	191	-0.4565
HELVE_p_TCGA_b139_154_155_SNP_N_GenomeWideSNP_6_E09_808652	15	20957990	21909391	104	-0.8578
HELVE_p_TCGA_b139_154_155_SNP_N_GenomeWideSNP_6_E09_808652	15	21909901	34739921	7514	-0.5179
HELVE_p_TCGA_b139_154_155_SNP_N_GenomeWideSNP_6_E09_808652	15	34745719	34746462	3	-2.3392
HELVE_p_TCGA_b139_154_155_SNP_N_GenomeWideSNP_6_E09_808652	15	34747343	42211268	4878	-0.4896
HELVE_p_TCGA_b139_154_155_SNP_N_GenomeWideSNP_6_E09_808652	15	42211663	42216018	5	-2.0592
HELVE_p_TCGA_b139_154_155_SNP_N_GenomeWideSNP_6_E09_808652	15	42217932	73136623	19681	-0.5036
HELVE_p_TCGA_b139_154_155_SNP_N_GenomeWideSNP_6_E09_808652	15	73136716	73137543	2	-2.7036
HELVE_p_TCGA_b139_154_155_SNP_N_GenomeWideSNP_6_E09_808652	15	73138616	76878362	1867	-0.5049
HELVE_p_TCGA_b139_154_155_SNP_N_GenomeWideSNP_6_E09_808652	15	76891241	76895775	22	0.0769
HELVE_p_TCGA_b139_154_155_SNP_N_GenomeWideSNP_6_E09_808652	15	76902179	77301882	184	-0.4501
HELVE_p_TCGA_b139_154_155_SNP_N_GenomeWideSNP_6_E09_808652	15	77307401	77307752	3	-1.9173
HELVE_p_TCGA_b139_154_155_SNP_N_GenomeWideSNP_6_E09_808652	15	77309950	81323044	2635	-0.5303
HELVE_p_TCGA_b139_154_155_SNP_N_GenomeWideSNP_6_E09_808652	15	81324071	81324245	2	-2.2943
HELVE_p_TCGA_b139_154_155_SNP_N_GenomeWideSNP_6_E09_808652	15	81332349	82368631	674	-0.4999
HELVE_p_TCGA_b139_154_155_SNP_N_GenomeWideSNP_6_E09_808652	15	82368970	82370817	2	-2.1687
HELVE_p_TCGA_b139_154_155_SNP_N_GenomeWideSNP_6_E09_808652	15	82371411	85140494	1147	-0.4837
HELVE_p_TCGA_b139_154_155_SNP_N_GenomeWideSNP_6_E09_808652	15	85141717	85141959	2	-3.016
HELVE_p_TCGA_b139_154_155_SNP_N_GenomeWideSNP_6_E09_808652	15	85142168	102469040	12971	-0.5224
HELVE_p_TCGA_b139_154_155_SNP_N_GenomeWideSNP_6_E09_808652	16	60777	22442020	14842	0.1048
HELVE_p_TCGA_b139_154_155_SNP_N_GenomeWideSNP_6_E09_808652	16	22557932	22697498	63	-0.1527
HELVE_p_TCGA_b139_154_155_SNP_N_GenomeWideSNP_6_E09_808652	16	22698481	34466571	5633	0.0948
HELVE_p_TCGA_b139_154_155_SNP_N_GenomeWideSNP_6_E09_808652	16	34470704	34757071	168	0.5371
HELVE_p_TCGA_b139_154_155_SNP_N_GenomeWideSNP_6_E09_808652	16	34760967	55795214	6603	0.122
HELVE_p_TCGA_b139_154_155_SNP_N_GenomeWideSNP_6_E09_808652	16	55796389	55822444	22	-0.5767
HELVE_p_TCGA_b139_154_155_SNP_N_GenomeWideSNP_6_E09_808652	16	55829557	75944526	12057	0.1177
HELVE_p_TCGA_b139_154_155_SNP_N_GenomeWideSNP_6_E09_808652	16	75947361	75948975	4	-0.759
HELVE_p_TCGA_b139_154_155_SNP_N_GenomeWideSNP_6_E09_808652	16	75950991	78373337	2370	0.1425
HELVE_p_TCGA_b139_154_155_SNP_N_GenomeWideSNP_6_E09_808652	16	78373764	78376711	4	0.8887
HELVE_p_TCGA_b139_154_155_SNP_N_GenomeWideSNP_6_E09_808652	16	78376934	80251756	2302	0.1013
HELVE_p_TCGA_b139_154_155_SNP_N_GenomeWideSNP_6_E09_808652	16	80252459	80252937	5	-0.7002
HELVE_p_TCGA_b139_154_155_SNP_N_GenomeWideSNP_6_E09_808652	16	80253076	82817885	2564	0.1162
HELVE_p_TCGA_b139_154_155_SNP_N_GenomeWideSNP_6_E09_808652	16	82820866	82821752	4	-0.7591
HELVE_p_TCGA_b139_154_155_SNP_N_GenomeWideSNP_6_E09_808652	16	82822013	90287535	5767	0.0905
HELVE_p_TCGA_b139_154_155_SNP_N_GenomeWideSNP_6_E09_808652	17	526	18319862	11401	-0.5359
HELVE_p_TCGA_b139_154_155_SNP_N_GenomeWideSNP_6_E09_808652	17	18355392	18474646	31	0.2137
HELVE_p_TCGA_b139_154_155_SNP_N_GenomeWideSNP_6_E09_808652	17	18496306	21508894	1292	-0.4783
HELVE_p_TCGA_b139_154_155_SNP_N_GenomeWideSNP_6_E09_808652	17	21513022	21542097	14	-0.118
HELVE_p_TCGA_b139_154_155_SNP_N_GenomeWideSNP_6_E09_808652	17	21545222	22212982	225	0.3775
HELVE_p_TCGA_b139_154_155_SNP_N_GenomeWideSNP_6_E09_808652	17	22214014	39421708	7955	0.063
HELVE_p_TCGA_b139_154_155_SNP_N_GenomeWideSNP_6_E09_808652	17	39423014	39430450	23	1.9822
HELVE_p_TCGA_b139_154_155_SNP_N_GenomeWideSNP_6_E09_808652	17	39430531	43648540	2168	0.0524
HELVE_p_TCGA_b139_154_155_SNP_N_GenomeWideSNP_6_E09_808652	17	43655090	43675229	9	0.5705
HELVE_p_TCGA_b139_154_155_SNP_N_GenomeWideSNP_6_E09_808652	17	43675472	44163098	336	-0.0047
HELVE_p_TCGA_b139_154_155_SNP_N_GenomeWideSNP_6_E09_808652	17	44165803	44353885	122	0.5903
HELVE_p_TCGA_b139_154_155_SNP_N_GenomeWideSNP_6_E09_808652	17	44362009	44364170	3	0.302
HELVE_p_TCGA_b139_154_155_SNP_N_GenomeWideSNP_6_E09_808652	17	44394412	44752300	48	-0.386
HELVE_p_TCGA_b139_154_155_SNP_N_GenomeWideSNP_6_E09_808652	17	44764994	81049726	21618	0.0674
HELVE_p_TCGA_b139_154_155_SNP_N_GenomeWideSNP_6_E09_808652	18	11543	38258096	22751	-0.5132
HELVE_p_TCGA_b139_154_155_SNP_N_GenomeWideSNP_6_E09_808652	18	38258169	38265377	30	0.1043
HELVE_p_TCGA_b139_154_155_SNP_N_GenomeWideSNP_6_E09_808652	18	38265389	66746887	19700	-0.5423
HELVE_p_TCGA_b139_154_155_SNP_N_GenomeWideSNP_6_E09_808652	18	66750937	66753326	26	-2.0739
HELVE_p_TCGA_b139_154_155_SNP_N_GenomeWideSNP_6_E09_808652	18	66757696	78015057	8143	-0.5821
HELVE_p_TCGA_b139_154_155_SNP_N_GenomeWideSNP_6_E09_808652	19	90910	15782397	6623	0.0012
HELVE_p_TCGA_b139_154_155_SNP_N_GenomeWideSNP_6_E09_808652	19	15784116	15790085	3	-1.4644
HELVE_p_TCGA_b139_154_155_SNP_N_GenomeWideSNP_6_E09_808652	19	15791617	56282369	20857	0.0097
HELVE_p_TCGA_b139_154_155_SNP_N_GenomeWideSNP_6_E09_808652	19	56282535	56283067	3	-2.0117
HELVE_p_TCGA_b139_154_155_SNP_N_GenomeWideSNP_6_E09_808652	19	56286293	59097854	1849	0.0123
HELVE_p_TCGA_b139_154_155_SNP_N_GenomeWideSNP_6_E09_808652	20	61305	1552503	1181	-0.5427
HELVE_p_TCGA_b139_154_155_SNP_N_GenomeWideSNP_6_E09_808652	20	1557190	1560562	16	-1.6432
HELVE_p_TCGA_b139_154_155_SNP_N_GenomeWideSNP_6_E09_808652	20	1560787	1582092	40	-0.4842
HELVE_p_TCGA_b139_154_155_SNP_N_GenomeWideSNP_6_E09_808652	20	1582207	1598106	8	0.2923
HELVE_p_TCGA_b139_154_155_SNP_N_GenomeWideSNP_6_E09_808652	20	1598336	3827309	1571	-0.5476
HELVE_p_TCGA_b139_154_155_SNP_N_GenomeWideSNP_6_E09_808652	20	3829667	3832260	2	-2.8296
HELVE_p_TCGA_b139_154_155_SNP_N_GenomeWideSNP_6_E09_808652	20	3838807	25810321	16995	-0.5242
HELVE_p_TCGA_b139_154_155_SNP_N_GenomeWideSNP_6_E09_808652	20	25828335	26057387	71	0.3839
HELVE_p_TCGA_b139_154_155_SNP_N_GenomeWideSNP_6_E09_808652	20	26069758	40359519	6112	0.9915
HELVE_p_TCGA_b139_154_155_SNP_N_GenomeWideSNP_6_E09_808652	20	40360023	40360027	5	-0.0312
HELVE_p_TCGA_b139_154_155_SNP_N_GenomeWideSNP_6_E09_808652	20	40360784	49162241	6362	1.0057
HELVE_p_TCGA_b139_154_155_SNP_N_GenomeWideSNP_6_E09_808652	20	49162495	49162542	3	-0.0708
HELVE_p_TCGA_b139_154_155_SNP_N_GenomeWideSNP_6_E09_808652	20	49162577	62956153	10072	1.0246
HELVE_p_TCGA_b139_154_155_SNP_N_GenomeWideSNP_6_E09_808652	21	10736871	10926905	28	-0.1967
HELVE_p_TCGA_b139_154_155_SNP_N_GenomeWideSNP_6_E09_808652	21	10930431	11013964	49	0.3779
HELVE_p_TCGA_b139_154_155_SNP_N_GenomeWideSNP_6_E09_808652	21	11018107	11125850	29	-0.3543
HELVE_p_TCGA_b139_154_155_SNP_N_GenomeWideSNP_6_E09_808652	21	11157989	14436791	23	0.3814
HELVE_p_TCGA_b139_154_155_SNP_N_GenomeWideSNP_6_E09_808652	21	14446712	14594235	33	-0.1068
HELVE_p_TCGA_b139_154_155_SNP_N_GenomeWideSNP_6_E09_808652	21	14595264	19338556	2992	-0.7107
HELVE_p_TCGA_b139_154_155_SNP_N_GenomeWideSNP_6_E09_808652	21	19338902	19338949	2	-3.6121
HELVE_p_TCGA_b139_154_155_SNP_N_GenomeWideSNP_6_E09_808652	21	19339754	24610878	3999	-0.7943
HELVE_p_TCGA_b139_154_155_SNP_N_GenomeWideSNP_6_E09_808652	21	24610900	24614680	6	-2.4716
HELVE_p_TCGA_b139_154_155_SNP_N_GenomeWideSNP_6_E09_808652	21	24614908	26196745	1298	-0.8418
HELVE_p_TCGA_b139_154_155_SNP_N_GenomeWideSNP_6_E09_808652	21	26198223	28280513	1512	-0.0798
HELVE_p_TCGA_b139_154_155_SNP_N_GenomeWideSNP_6_E09_808652	21	28282660	28282852	3	-1.5142
HELVE_p_TCGA_b139_154_155_SNP_N_GenomeWideSNP_6_E09_808652	21	28283604	44968053	12609	-0.0876
HELVE_p_TCGA_b139_154_155_SNP_N_GenomeWideSNP_6_E09_808652	21	44970873	44972812	2	-1.8265
HELVE_p_TCGA_b139_154_155_SNP_N_GenomeWideSNP_6_E09_808652	21	44973667	48096957	1764	-0.1344
HELVE_p_TCGA_b139_154_155_SNP_N_GenomeWideSNP_6_E09_808652	22	16052528	16444877	64	-0.6253
HELVE_p_TCGA_b139_154_155_SNP_N_GenomeWideSNP_6_E09_808652	22	16477054	33582803	11291	0.0735
HELVE_p_TCGA_b139_154_155_SNP_N_GenomeWideSNP_6_E09_808652	22	33583233	33583237	2	-1.4384
HELVE_p_TCGA_b139_154_155_SNP_N_GenomeWideSNP_6_E09_808652	22	33586339	39290920	4111	0.0593
HELVE_p_TCGA_b139_154_155_SNP_N_GenomeWideSNP_6_E09_808652	22	39295255	39296904	3	-2.1379
HELVE_p_TCGA_b139_154_155_SNP_N_GenomeWideSNP_6_E09_808652	22	39299114	47358746	5093	0.0412
HELVE_p_TCGA_b139_154_155_SNP_N_GenomeWideSNP_6_E09_808652	22	47360389	47363256	4	-1.0543
HELVE_p_TCGA_b139_154_155_SNP_N_GenomeWideSNP_6_E09_808652	22	47365816	51234455	2987	0.0254
HELVE_p_TCGA_b139_154_155_SNP_N_GenomeWideSNP_6_E09_808652	X	168477	76353650	40069	-0.0602
HELVE_p_TCGA_b139_154_155_SNP_N_GenomeWideSNP_6_E09_808652	X	76362292	76473278	12	-0.6881
HELVE_p_TCGA_b139_154_155_SNP_N_GenomeWideSNP_6_E09_808652	X	76476301	116961336	21814	0.0947
HELVE_p_TCGA_b139_154_155_SNP_N_GenomeWideSNP_6_E09_808652	X	116968970	116975131	3	-1.1417
HELVE_p_TCGA_b139_154_155_SNP_N_GenomeWideSNP_6_E09_808652	X	116975808	148798911	19271	0.0887
HELVE_p_TCGA_b139_154_155_SNP_N_GenomeWideSNP_6_E09_808652	X	148809508	148888542	19	-0.3337
HELVE_p_TCGA_b139_154_155_SNP_N_GenomeWideSNP_6_E09_808652	X	148888898	155182354	3258	0.067
HELVE_p_TCGA_b139_154_155_SNP_N_GenomeWideSNP_6_E09_808652	Y	2650438	5949434	807	-2.2117
HELVE_p_TCGA_b139_154_155_SNP_N_GenomeWideSNP_6_E09_808652	Y	5949944	8396230	1308	-2.7189
HELVE_p_TCGA_b139_154_155_SNP_N_GenomeWideSNP_6_E09_808652	Y	8396644	9759564	512	-2.9897
HELVE_p_TCGA_b139_154_155_SNP_N_GenomeWideSNP_6_E09_808652	Y	9774614	19034392	2779	-2.6667
HELVE_p_TCGA_b139_154_155_SNP_N_GenomeWideSNP_6_E09_808652	Y	19038302	21088297	960	-3.119
HELVE_p_TCGA_b139_154_155_SNP_N_GenomeWideSNP_6_E09_808652	Y	21088485	23859163	1053	-2.6918
HELVE_p_TCGA_b139_154_155_SNP_N_GenomeWideSNP_6_E09_808652	Y	23859468	26631228	604	-3.0619
HELVE_p_TCGA_b139_154_155_SNP_N_GenomeWideSNP_6_E09_808652	Y	26631371	27240184	78	-3.7165
HELVE_p_TCGA_b139_154_155_SNP_N_GenomeWideSNP_6_E09_808652	Y	27254679	27481424	24	-2.8703
HELVE_p_TCGA_b139_154_155_SNP_N_GenomeWideSNP_6_E09_808652	Y	27484559	27529084	16	-1.8792
HELVE_p_TCGA_b139_154_155_SNP_N_GenomeWideSNP_6_E09_808652	Y	27535030	27600323	21	-3.4637
HELVE_p_TCGA_b139_154_155_SNP_N_GenomeWideSNP_6_E09_808652	Y	27601827	27720551	37	-2.3346
HELVE_p_TCGA_b139_154_155_SNP_N_GenomeWideSNP_6_E09_808652	Y	27721084	28277692	195	-3.1107
HELVE_p_TCGA_b139_154_155_SNP_N_GenomeWideSNP_6_E09_808652	Y	28289727	28322019	13	-4.4731
HELVE_p_TCGA_b139_154_155_SNP_N_GenomeWideSNP_6_E09_808652	Y	28322083	28457337	51	-2.8735
HELVE_p_TCGA_b139_154_155_SNP_N_GenomeWideSNP_6_E09_808652	Y	28458648	59018259	175	-2.1811
