Sample	Chromosome	Start	End	Num_Probes	Segment_Mean
SERVO_p_TCGA_157_158_159_SNP_N_GenomeWideSNP_6_B08_831464	1	61735	16149343	8410	0.0103
SERVO_p_TCGA_157_158_159_SNP_N_GenomeWideSNP_6_B08_831464	1	16149915	16154966	10	0.6122
SERVO_p_TCGA_157_158_159_SNP_N_GenomeWideSNP_6_B08_831464	1	16155010	17190862	407	-0.0588
SERVO_p_TCGA_157_158_159_SNP_N_GenomeWideSNP_6_B08_831464	1	17195155	17277940	63	0.2588
SERVO_p_TCGA_157_158_159_SNP_N_GenomeWideSNP_6_B08_831464	1	17282425	72768916	34124	-0.0061
SERVO_p_TCGA_157_158_159_SNP_N_GenomeWideSNP_6_B08_831464	1	72768936	72811148	45	-1.1442
SERVO_p_TCGA_157_158_159_SNP_N_GenomeWideSNP_6_B08_831464	1	72811904	106019205	21022	-0.0347
SERVO_p_TCGA_157_158_159_SNP_N_GenomeWideSNP_6_B08_831464	1	106019236	106022344	14	0.4768
SERVO_p_TCGA_157_158_159_SNP_N_GenomeWideSNP_6_B08_831464	1	106022360	110227515	2670	-0.0246
SERVO_p_TCGA_157_158_159_SNP_N_GenomeWideSNP_6_B08_831464	1	110232974	110240178	17	1.0242
SERVO_p_TCGA_157_158_159_SNP_N_GenomeWideSNP_6_B08_831464	1	110242953	112690326	1954	-0.0063
SERVO_p_TCGA_157_158_159_SNP_N_GenomeWideSNP_6_B08_831464	1	112695965	112697213	22	-1.3814
SERVO_p_TCGA_157_158_159_SNP_N_GenomeWideSNP_6_B08_831464	1	112697241	152555176	8035	0.066
SERVO_p_TCGA_157_158_159_SNP_N_GenomeWideSNP_6_B08_831464	1	152555527	152586594	36	0.6851
SERVO_p_TCGA_157_158_159_SNP_N_GenomeWideSNP_6_B08_831464	1	152590494	152759678	170	0.1792
SERVO_p_TCGA_157_158_159_SNP_N_GenomeWideSNP_6_B08_831464	1	152761923	152778443	40	0.6585
SERVO_p_TCGA_157_158_159_SNP_N_GenomeWideSNP_6_B08_831464	1	152778526	196731035	29533	0.178
SERVO_p_TCGA_157_158_159_SNP_N_GenomeWideSNP_6_B08_831464	1	196731610	196732086	2	-1.3692
SERVO_p_TCGA_157_158_159_SNP_N_GenomeWideSNP_6_B08_831464	1	196738623	196812507	90	0.29
SERVO_p_TCGA_157_158_159_SNP_N_GenomeWideSNP_6_B08_831464	1	196812530	196815791	2	3.876
SERVO_p_TCGA_157_158_159_SNP_N_GenomeWideSNP_6_B08_831464	1	196816730	207697830	6884	0.1838
SERVO_p_TCGA_157_158_159_SNP_N_GenomeWideSNP_6_B08_831464	1	207712848	207734866	4	-0.6508
SERVO_p_TCGA_157_158_159_SNP_N_GenomeWideSNP_6_B08_831464	1	207746653	207844342	69	0.1275
SERVO_p_TCGA_157_158_159_SNP_N_GenomeWideSNP_6_B08_831464	1	207849725	207880683	27	0.5123
SERVO_p_TCGA_157_158_159_SNP_N_GenomeWideSNP_6_B08_831464	1	207881118	214637808	4932	0.1846
SERVO_p_TCGA_157_158_159_SNP_N_GenomeWideSNP_6_B08_831464	1	214638436	214639253	3	-1.243
SERVO_p_TCGA_157_158_159_SNP_N_GenomeWideSNP_6_B08_831464	1	214641240	216181480	1069	0.1533
SERVO_p_TCGA_157_158_159_SNP_N_GenomeWideSNP_6_B08_831464	1	216181585	216185483	2	-1.2937
SERVO_p_TCGA_157_158_159_SNP_N_GenomeWideSNP_6_B08_831464	1	216187482	240391740	17004	0.1809
SERVO_p_TCGA_157_158_159_SNP_N_GenomeWideSNP_6_B08_831464	1	240394015	240394139	6	-1.2245
SERVO_p_TCGA_157_158_159_SNP_N_GenomeWideSNP_6_B08_831464	1	240396105	242425185	1586	0.1717
SERVO_p_TCGA_157_158_159_SNP_N_GenomeWideSNP_6_B08_831464	1	242425225	242425495	2	-2.5805
SERVO_p_TCGA_157_158_159_SNP_N_GenomeWideSNP_6_B08_831464	1	242427516	249224388	4341	0.1929
SERVO_p_TCGA_157_158_159_SNP_N_GenomeWideSNP_6_B08_831464	2	12784	41238235	28981	-0.0229
SERVO_p_TCGA_157_158_159_SNP_N_GenomeWideSNP_6_B08_831464	2	41238443	41245887	23	-0.4335
SERVO_p_TCGA_157_158_159_SNP_N_GenomeWideSNP_6_B08_831464	2	41251233	52265663	7872	-0.0186
SERVO_p_TCGA_157_158_159_SNP_N_GenomeWideSNP_6_B08_831464	2	52266907	52273900	2	-1.315
SERVO_p_TCGA_157_158_159_SNP_N_GenomeWideSNP_6_B08_831464	2	52274829	52754468	316	-0.0298
SERVO_p_TCGA_157_158_159_SNP_N_GenomeWideSNP_6_B08_831464	2	52754480	52781542	39	-1.7738
SERVO_p_TCGA_157_158_159_SNP_N_GenomeWideSNP_6_B08_831464	2	52787949	98025647	24067	-0.0277
SERVO_p_TCGA_157_158_159_SNP_N_GenomeWideSNP_6_B08_831464	2	98063372	98161710	11	0.5624
SERVO_p_TCGA_157_158_159_SNP_N_GenomeWideSNP_6_B08_831464	2	98162189	117588586	11373	-0.0149
SERVO_p_TCGA_157_158_159_SNP_N_GenomeWideSNP_6_B08_831464	2	117589767	117591704	4	-1.045
SERVO_p_TCGA_157_158_159_SNP_N_GenomeWideSNP_6_B08_831464	2	117591987	208350754	55142	-0.0357
SERVO_p_TCGA_157_158_159_SNP_N_GenomeWideSNP_6_B08_831464	2	208354912	208358754	14	0.4739
SERVO_p_TCGA_157_158_159_SNP_N_GenomeWideSNP_6_B08_831464	2	208358949	221080578	8092	-0.0459
SERVO_p_TCGA_157_158_159_SNP_N_GenomeWideSNP_6_B08_831464	2	221081739	221320744	187	-0.2907
SERVO_p_TCGA_157_158_159_SNP_N_GenomeWideSNP_6_B08_831464	2	221326579	243089456	13858	-0.0289
SERVO_p_TCGA_157_158_159_SNP_N_GenomeWideSNP_6_B08_831464	3	60345	6646543	5845	-0.0231
SERVO_p_TCGA_157_158_159_SNP_N_GenomeWideSNP_6_B08_831464	3	6651128	6653332	23	-0.6936
SERVO_p_TCGA_157_158_159_SNP_N_GenomeWideSNP_6_B08_831464	3	6655078	65188453	39500	-0.0224
SERVO_p_TCGA_157_158_159_SNP_N_GenomeWideSNP_6_B08_831464	3	65189235	65210452	53	-0.4817
SERVO_p_TCGA_157_158_159_SNP_N_GenomeWideSNP_6_B08_831464	3	65216349	68746259	2422	-0.0344
SERVO_p_TCGA_157_158_159_SNP_N_GenomeWideSNP_6_B08_831464	3	68746284	68747413	13	0.8663
SERVO_p_TCGA_157_158_159_SNP_N_GenomeWideSNP_6_B08_831464	3	68748758	119350345	28627	-0.0463
SERVO_p_TCGA_157_158_159_SNP_N_GenomeWideSNP_6_B08_831464	3	119351398	119353938	5	-1.1724
SERVO_p_TCGA_157_158_159_SNP_N_GenomeWideSNP_6_B08_831464	3	119355411	124584787	3121	-0.0188
SERVO_p_TCGA_157_158_159_SNP_N_GenomeWideSNP_6_B08_831464	3	124586308	124587167	2	-1.2684
SERVO_p_TCGA_157_158_159_SNP_N_GenomeWideSNP_6_B08_831464	3	124587917	125443608	498	-0.0114
SERVO_p_TCGA_157_158_159_SNP_N_GenomeWideSNP_6_B08_831464	3	125446664	125466547	11	-0.8768
SERVO_p_TCGA_157_158_159_SNP_N_GenomeWideSNP_6_B08_831464	3	125469421	139546509	8417	-0.0292
SERVO_p_TCGA_157_158_159_SNP_N_GenomeWideSNP_6_B08_831464	3	139547504	139567092	18	0.7995
SERVO_p_TCGA_157_158_159_SNP_N_GenomeWideSNP_6_B08_831464	3	139568128	161827446	13916	0.4617
SERVO_p_TCGA_157_158_159_SNP_N_GenomeWideSNP_6_B08_831464	3	161827534	162512657	458	0.1922
SERVO_p_TCGA_157_158_159_SNP_N_GenomeWideSNP_6_B08_831464	3	162512739	162524858	11	0.7946
SERVO_p_TCGA_157_158_159_SNP_N_GenomeWideSNP_6_B08_831464	3	162528630	162532950	4	-0.304
SERVO_p_TCGA_157_158_159_SNP_N_GenomeWideSNP_6_B08_831464	3	162534730	162540490	6	-1.3425
SERVO_p_TCGA_157_158_159_SNP_N_GenomeWideSNP_6_B08_831464	3	162545716	162625995	48	0.6508
SERVO_p_TCGA_157_158_159_SNP_N_GenomeWideSNP_6_B08_831464	3	162626572	174646603	7293	0.2419
SERVO_p_TCGA_157_158_159_SNP_N_GenomeWideSNP_6_B08_831464	3	174650018	174818781	118	-0.0055
SERVO_p_TCGA_157_158_159_SNP_N_GenomeWideSNP_6_B08_831464	3	174819027	175349092	466	0.2608
SERVO_p_TCGA_157_158_159_SNP_N_GenomeWideSNP_6_B08_831464	3	175349526	175398931	29	-0.1198
SERVO_p_TCGA_157_158_159_SNP_N_GenomeWideSNP_6_B08_831464	3	175399147	192877902	11276	0.2459
SERVO_p_TCGA_157_158_159_SNP_N_GenomeWideSNP_6_B08_831464	3	192877962	192882903	19	-0.6786
SERVO_p_TCGA_157_158_159_SNP_N_GenomeWideSNP_6_B08_831464	3	192886435	195279210	1481	0.2721
SERVO_p_TCGA_157_158_159_SNP_N_GenomeWideSNP_6_B08_831464	3	195284382	195285898	3	0.0491
SERVO_p_TCGA_157_158_159_SNP_N_GenomeWideSNP_6_B08_831464	3	195383142	195418263	7	-0.6776
SERVO_p_TCGA_157_158_159_SNP_N_GenomeWideSNP_6_B08_831464	3	195422289	195456048	29	-0.0275
SERVO_p_TCGA_157_158_159_SNP_N_GenomeWideSNP_6_B08_831464	3	195456889	197869571	1181	0.2894
SERVO_p_TCGA_157_158_159_SNP_N_GenomeWideSNP_6_B08_831464	3	197895985	197896118	4	0.8173
SERVO_p_TCGA_157_158_159_SNP_N_GenomeWideSNP_6_B08_831464	4	12281	66719	58	-0.4394
SERVO_p_TCGA_157_158_159_SNP_N_GenomeWideSNP_6_B08_831464	4	68821	9456977	5188	-0.0076
SERVO_p_TCGA_157_158_159_SNP_N_GenomeWideSNP_6_B08_831464	4	9461230	9479206	8	1.1992
SERVO_p_TCGA_157_158_159_SNP_N_GenomeWideSNP_6_B08_831464	4	9479345	10210390	544	-0.0336
SERVO_p_TCGA_157_158_159_SNP_N_GenomeWideSNP_6_B08_831464	4	10223416	10230797	22	-0.6926
SERVO_p_TCGA_157_158_159_SNP_N_GenomeWideSNP_6_B08_831464	4	10230812	10390715	183	-0.0154
SERVO_p_TCGA_157_158_159_SNP_N_GenomeWideSNP_6_B08_831464	4	10392354	10400668	16	0.4581
SERVO_p_TCGA_157_158_159_SNP_N_GenomeWideSNP_6_B08_831464	4	10402718	49267848	25821	-0.0376
SERVO_p_TCGA_157_158_159_SNP_N_GenomeWideSNP_6_B08_831464	4	49291192	49291355	2	-1.4405
SERVO_p_TCGA_157_158_159_SNP_N_GenomeWideSNP_6_B08_831464	4	49297220	64131238	7282	-0.0433
SERVO_p_TCGA_157_158_159_SNP_N_GenomeWideSNP_6_B08_831464	4	64141278	64151913	6	-0.9517
SERVO_p_TCGA_157_158_159_SNP_N_GenomeWideSNP_6_B08_831464	4	64154567	93446047	17969	-0.0362
SERVO_p_TCGA_157_158_159_SNP_N_GenomeWideSNP_6_B08_831464	4	93447869	93447869	2	-1.6765
SERVO_p_TCGA_157_158_159_SNP_N_GenomeWideSNP_6_B08_831464	4	93449941	104753737	6738	-0.0532
SERVO_p_TCGA_157_158_159_SNP_N_GenomeWideSNP_6_B08_831464	4	104753752	104757844	2	-1.4978
SERVO_p_TCGA_157_158_159_SNP_N_GenomeWideSNP_6_B08_831464	4	104757883	115173700	6303	-0.035
SERVO_p_TCGA_157_158_159_SNP_N_GenomeWideSNP_6_B08_831464	4	115175323	115182175	23	-1.0594
SERVO_p_TCGA_157_158_159_SNP_N_GenomeWideSNP_6_B08_831464	4	115184229	172987928	35136	-0.0449
SERVO_p_TCGA_157_158_159_SNP_N_GenomeWideSNP_6_B08_831464	4	172989148	173000821	16	0.5144
SERVO_p_TCGA_157_158_159_SNP_N_GenomeWideSNP_6_B08_831464	4	173001831	191027923	12108	-0.0436
SERVO_p_TCGA_157_158_159_SNP_N_GenomeWideSNP_6_B08_831464	5	15532	12815780	10217	-0.0312
SERVO_p_TCGA_157_158_159_SNP_N_GenomeWideSNP_6_B08_831464	5	12815865	12838533	13	0.5524
SERVO_p_TCGA_157_158_159_SNP_N_GenomeWideSNP_6_B08_831464	5	12849201	41561373	18437	-0.0327
SERVO_p_TCGA_157_158_159_SNP_N_GenomeWideSNP_6_B08_831464	5	41564126	41564562	3	-1.0088
SERVO_p_TCGA_157_158_159_SNP_N_GenomeWideSNP_6_B08_831464	5	41571309	57321646	7203	-0.0297
SERVO_p_TCGA_157_158_159_SNP_N_GenomeWideSNP_6_B08_831464	5	57326027	57333533	32	1.122
SERVO_p_TCGA_157_158_159_SNP_N_GenomeWideSNP_6_B08_831464	5	57338357	86261560	17060	-0.0282
SERVO_p_TCGA_157_158_159_SNP_N_GenomeWideSNP_6_B08_831464	5	86261997	89975448	1927	-0.3172
SERVO_p_TCGA_157_158_159_SNP_N_GenomeWideSNP_6_B08_831464	5	89975629	89984881	2	-2.2262
SERVO_p_TCGA_157_158_159_SNP_N_GenomeWideSNP_6_B08_831464	5	89986337	90830408	507	-0.3104
SERVO_p_TCGA_157_158_159_SNP_N_GenomeWideSNP_6_B08_831464	5	90831087	97045121	3440	-0.0387
SERVO_p_TCGA_157_158_159_SNP_N_GenomeWideSNP_6_B08_831464	5	97048466	97099320	43	-0.6988
SERVO_p_TCGA_157_158_159_SNP_N_GenomeWideSNP_6_B08_831464	5	97099684	103851221	3886	-0.0305
SERVO_p_TCGA_157_158_159_SNP_N_GenomeWideSNP_6_B08_831464	5	103860373	103860604	4	-1.2861
SERVO_p_TCGA_157_158_159_SNP_N_GenomeWideSNP_6_B08_831464	5	103861049	140231549	23243	-0.0339
SERVO_p_TCGA_157_158_159_SNP_N_GenomeWideSNP_6_B08_831464	5	140231565	140231839	6	-0.8558
SERVO_p_TCGA_157_158_159_SNP_N_GenomeWideSNP_6_B08_831464	5	140241027	177227551	25054	-0.028
SERVO_p_TCGA_157_158_159_SNP_N_GenomeWideSNP_6_B08_831464	5	177228579	177232605	2	1.4653
SERVO_p_TCGA_157_158_159_SNP_N_GenomeWideSNP_6_B08_831464	5	177254965	180374523	1813	-0.0201
SERVO_p_TCGA_157_158_159_SNP_N_GenomeWideSNP_6_B08_831464	5	180378710	180433225	20	0.5379
SERVO_p_TCGA_157_158_159_SNP_N_GenomeWideSNP_6_B08_831464	5	180433264	180790320	170	0.0289
SERVO_p_TCGA_157_158_159_SNP_N_GenomeWideSNP_6_B08_831464	6	149661	29837188	21738	-0.0226
SERVO_p_TCGA_157_158_159_SNP_N_GenomeWideSNP_6_B08_831464	6	29837314	29837458	2	-2.3213
SERVO_p_TCGA_157_158_159_SNP_N_GenomeWideSNP_6_B08_831464	6	29837477	29849267	12	-0.5986
SERVO_p_TCGA_157_158_159_SNP_N_GenomeWideSNP_6_B08_831464	6	29850196	32493368	1204	2e-04
SERVO_p_TCGA_157_158_159_SNP_N_GenomeWideSNP_6_B08_831464	6	32497116	32536398	12	-0.8559
SERVO_p_TCGA_157_158_159_SNP_N_GenomeWideSNP_6_B08_831464	6	32538579	32690027	87	0.0245
SERVO_p_TCGA_157_158_159_SNP_N_GenomeWideSNP_6_B08_831464	6	32690797	32690830	3	2.1676
SERVO_p_TCGA_157_158_159_SNP_N_GenomeWideSNP_6_B08_831464	6	32692227	32953711	157	0.0369
SERVO_p_TCGA_157_158_159_SNP_N_GenomeWideSNP_6_B08_831464	6	32955976	32959770	4	-1.6135
SERVO_p_TCGA_157_158_159_SNP_N_GenomeWideSNP_6_B08_831464	6	32964967	67827449	19726	-0.0239
SERVO_p_TCGA_157_158_159_SNP_N_GenomeWideSNP_6_B08_831464	6	67830533	67831668	2	-1.5865
SERVO_p_TCGA_157_158_159_SNP_N_GenomeWideSNP_6_B08_831464	6	67831987	69686629	1174	-0.0644
SERVO_p_TCGA_157_158_159_SNP_N_GenomeWideSNP_6_B08_831464	6	69687698	69687783	2	-1.4102
SERVO_p_TCGA_157_158_159_SNP_N_GenomeWideSNP_6_B08_831464	6	69690970	132706261	39510	-0.0385
SERVO_p_TCGA_157_158_159_SNP_N_GenomeWideSNP_6_B08_831464	6	132709357	132712925	4	-1.1478
SERVO_p_TCGA_157_158_159_SNP_N_GenomeWideSNP_6_B08_831464	6	132713043	153835125	14234	-0.0393
SERVO_p_TCGA_157_158_159_SNP_N_GenomeWideSNP_6_B08_831464	6	153836054	153840970	4	-1.4647
SERVO_p_TCGA_157_158_159_SNP_N_GenomeWideSNP_6_B08_831464	6	153845322	171051005	12043	-0.0278
SERVO_p_TCGA_157_158_159_SNP_N_GenomeWideSNP_6_B08_831464	7	43355	54386505	38562	0.3024
SERVO_p_TCGA_157_158_159_SNP_N_GenomeWideSNP_6_B08_831464	7	54386509	54386517	5	2.4579
SERVO_p_TCGA_157_158_159_SNP_N_GenomeWideSNP_6_B08_831464	7	54393488	57534527	1907	0.1851
SERVO_p_TCGA_157_158_159_SNP_N_GenomeWideSNP_6_B08_831464	7	57536111	57536638	3	-1.3538
SERVO_p_TCGA_157_158_159_SNP_N_GenomeWideSNP_6_B08_831464	7	57536709	57936185	164	0.0812
SERVO_p_TCGA_157_158_159_SNP_N_GenomeWideSNP_6_B08_831464	7	57950504	58019970	10	0.5118
SERVO_p_TCGA_157_158_159_SNP_N_GenomeWideSNP_6_B08_831464	7	58019983	117300315	31567	0.0342
SERVO_p_TCGA_157_158_159_SNP_N_GenomeWideSNP_6_B08_831464	7	117300880	117370332	42	0.3226
SERVO_p_TCGA_157_158_159_SNP_N_GenomeWideSNP_6_B08_831464	7	117380622	133785340	9886	0.032
SERVO_p_TCGA_157_158_159_SNP_N_GenomeWideSNP_6_B08_831464	7	133785377	133790443	21	0.8054
SERVO_p_TCGA_157_158_159_SNP_N_GenomeWideSNP_6_B08_831464	7	133795634	141763124	5209	0.0301
SERVO_p_TCGA_157_158_159_SNP_N_GenomeWideSNP_6_B08_831464	7	141769643	141799160	47	0.3423
SERVO_p_TCGA_157_158_159_SNP_N_GenomeWideSNP_6_B08_831464	7	141805542	142474939	446	0.0816
SERVO_p_TCGA_157_158_159_SNP_N_GenomeWideSNP_6_B08_831464	7	142476719	142486115	28	0.6185
SERVO_p_TCGA_157_158_159_SNP_N_GenomeWideSNP_6_B08_831464	7	142486345	143279301	488	0.0171
SERVO_p_TCGA_157_158_159_SNP_N_GenomeWideSNP_6_B08_831464	7	143287951	143398042	10	0.5132
SERVO_p_TCGA_157_158_159_SNP_N_GenomeWideSNP_6_B08_831464	7	143398060	159127004	10072	0.041
SERVO_p_TCGA_157_158_159_SNP_N_GenomeWideSNP_6_B08_831464	8	31254	161222	6	0.073
SERVO_p_TCGA_157_158_159_SNP_N_GenomeWideSNP_6_B08_831464	8	162672	5598786	6093	-0.2882
SERVO_p_TCGA_157_158_159_SNP_N_GenomeWideSNP_6_B08_831464	8	5598796	5604327	21	-1.048
SERVO_p_TCGA_157_158_159_SNP_N_GenomeWideSNP_6_B08_831464	8	5604495	11386055	4828	-0.2785
SERVO_p_TCGA_157_158_159_SNP_N_GenomeWideSNP_6_B08_831464	8	11392880	11430990	28	0.2476
SERVO_p_TCGA_157_158_159_SNP_N_GenomeWideSNP_6_B08_831464	8	11431222	36744715	18564	-0.3033
SERVO_p_TCGA_157_158_159_SNP_N_GenomeWideSNP_6_B08_831464	8	36748224	39230659	1344	0.2075
SERVO_p_TCGA_157_158_159_SNP_N_GenomeWideSNP_6_B08_831464	8	39235603	39386965	58	-1.7337
SERVO_p_TCGA_157_158_159_SNP_N_GenomeWideSNP_6_B08_831464	8	39388299	40771996	1075	0.2019
SERVO_p_TCGA_157_158_159_SNP_N_GenomeWideSNP_6_B08_831464	8	40777852	40778471	2	1.4212
SERVO_p_TCGA_157_158_159_SNP_N_GenomeWideSNP_6_B08_831464	8	40783680	104690593	36401	0.114
SERVO_p_TCGA_157_158_159_SNP_N_GenomeWideSNP_6_B08_831464	8	104690926	104690940	2	-1.7181
SERVO_p_TCGA_157_158_159_SNP_N_GenomeWideSNP_6_B08_831464	8	104693685	129755240	16223	0.0889
SERVO_p_TCGA_157_158_159_SNP_N_GenomeWideSNP_6_B08_831464	8	129755460	129764085	4	-1.4452
SERVO_p_TCGA_157_158_159_SNP_N_GenomeWideSNP_6_B08_831464	8	129777454	142574239	9801	0.0342
SERVO_p_TCGA_157_158_159_SNP_N_GenomeWideSNP_6_B08_831464	8	142574962	142580817	12	0.7176
SERVO_p_TCGA_157_158_159_SNP_N_GenomeWideSNP_6_B08_831464	8	142583536	146298155	1445	0.2199
SERVO_p_TCGA_157_158_159_SNP_N_GenomeWideSNP_6_B08_831464	9	46587	5079156	5249	0.1983
SERVO_p_TCGA_157_158_159_SNP_N_GenomeWideSNP_6_B08_831464	9	5081416	5081766	8	-0.5467
SERVO_p_TCGA_157_158_159_SNP_N_GenomeWideSNP_6_B08_831464	9	5081852	8001166	2483	0.1916
SERVO_p_TCGA_157_158_159_SNP_N_GenomeWideSNP_6_B08_831464	9	8009205	8017065	11	-0.8904
SERVO_p_TCGA_157_158_159_SNP_N_GenomeWideSNP_6_B08_831464	9	8020572	17636337	8152	0.1915
SERVO_p_TCGA_157_158_159_SNP_N_GenomeWideSNP_6_B08_831464	9	17636427	17636674	6	-0.5878
SERVO_p_TCGA_157_158_159_SNP_N_GenomeWideSNP_6_B08_831464	9	17641128	40695900	15398	0.1799
SERVO_p_TCGA_157_158_159_SNP_N_GenomeWideSNP_6_B08_831464	9	40784175	40811997	5	0.9558
SERVO_p_TCGA_157_158_159_SNP_N_GenomeWideSNP_6_B08_831464	9	40911224	41846811	36	-0.0658
SERVO_p_TCGA_157_158_159_SNP_N_GenomeWideSNP_6_B08_831464	9	41892866	41897112	2	-1.5574
SERVO_p_TCGA_157_158_159_SNP_N_GenomeWideSNP_6_B08_831464	9	41943711	43166988	26	-0.0021
SERVO_p_TCGA_157_158_159_SNP_N_GenomeWideSNP_6_B08_831464	9	43169603	44114872	45	0.6253
SERVO_p_TCGA_157_158_159_SNP_N_GenomeWideSNP_6_B08_831464	9	44136790	89181061	13555	0.1756
SERVO_p_TCGA_157_158_159_SNP_N_GenomeWideSNP_6_B08_831464	9	89182924	89198542	10	-1.0702
SERVO_p_TCGA_157_158_159_SNP_N_GenomeWideSNP_6_B08_831464	9	89206717	106566497	11765	0.1898
SERVO_p_TCGA_157_158_159_SNP_N_GenomeWideSNP_6_B08_831464	9	106568696	106569290	2	-2.5351
SERVO_p_TCGA_157_158_159_SNP_N_GenomeWideSNP_6_B08_831464	9	106570702	141091394	23160	0.2062
SERVO_p_TCGA_157_158_159_SNP_N_GenomeWideSNP_6_B08_831464	10	72759	46312487	31543	-0.022
SERVO_p_TCGA_157_158_159_SNP_N_GenomeWideSNP_6_B08_831464	10	46485761	46511281	4	0.9898
SERVO_p_TCGA_157_158_159_SNP_N_GenomeWideSNP_6_B08_831464	10	46527677	46691480	7	0.2009
SERVO_p_TCGA_157_158_159_SNP_N_GenomeWideSNP_6_B08_831464	10	46917315	47029584	71	-0.2268
SERVO_p_TCGA_157_158_159_SNP_N_GenomeWideSNP_6_B08_831464	10	47030900	47067481	37	0.1732
SERVO_p_TCGA_157_158_159_SNP_N_GenomeWideSNP_6_B08_831464	10	47068227	47112547	35	-0.3744
SERVO_p_TCGA_157_158_159_SNP_N_GenomeWideSNP_6_B08_831464	10	47113033	47771030	223	-0.0612
SERVO_p_TCGA_157_158_159_SNP_N_GenomeWideSNP_6_B08_831464	10	47897394	47948060	4	1.0587
SERVO_p_TCGA_157_158_159_SNP_N_GenomeWideSNP_6_B08_831464	10	47960476	51822399	1765	-0.0113
SERVO_p_TCGA_157_158_159_SNP_N_GenomeWideSNP_6_B08_831464	10	51830360	51891920	5	-2.1239
SERVO_p_TCGA_157_158_159_SNP_N_GenomeWideSNP_6_B08_831464	10	51903768	81462017	20305	-0.0231
SERVO_p_TCGA_157_158_159_SNP_N_GenomeWideSNP_6_B08_831464	10	81497471	81597779	23	-0.4469
SERVO_p_TCGA_157_158_159_SNP_N_GenomeWideSNP_6_B08_831464	10	81598055	88976597	5185	-0.0292
SERVO_p_TCGA_157_158_159_SNP_N_GenomeWideSNP_6_B08_831464	10	89018962	89046064	6	-0.916
SERVO_p_TCGA_157_158_159_SNP_N_GenomeWideSNP_6_B08_831464	10	89046498	135506704	31827	-0.0165
SERVO_p_TCGA_157_158_159_SNP_N_GenomeWideSNP_6_B08_831464	11	198510	5782925	3293	-0.012
SERVO_p_TCGA_157_158_159_SNP_N_GenomeWideSNP_6_B08_831464	11	5782959	5812360	43	0.2911
SERVO_p_TCGA_157_158_159_SNP_N_GenomeWideSNP_6_B08_831464	11	5816186	18951037	9430	-0.0213
SERVO_p_TCGA_157_158_159_SNP_N_GenomeWideSNP_6_B08_831464	11	18951137	18960115	23	0.4278
SERVO_p_TCGA_157_158_159_SNP_N_GenomeWideSNP_6_B08_831464	11	18960750	25255756	5003	-0.041
SERVO_p_TCGA_157_158_159_SNP_N_GenomeWideSNP_6_B08_831464	11	25255960	25291387	29	0.2857
SERVO_p_TCGA_157_158_159_SNP_N_GenomeWideSNP_6_B08_831464	11	25293551	48594268	15592	-0.0276
SERVO_p_TCGA_157_158_159_SNP_N_GenomeWideSNP_6_B08_831464	11	48598422	48602676	3	-1.2066
SERVO_p_TCGA_157_158_159_SNP_N_GenomeWideSNP_6_B08_831464	11	48606318	55363340	1224	-0.0147
SERVO_p_TCGA_157_158_159_SNP_N_GenomeWideSNP_6_B08_831464	11	55374032	55453009	59	0.4317
SERVO_p_TCGA_157_158_159_SNP_N_GenomeWideSNP_6_B08_831464	11	55453576	81863702	14871	-0.015
SERVO_p_TCGA_157_158_159_SNP_N_GenomeWideSNP_6_B08_831464	11	81866748	81880589	8	0.5374
SERVO_p_TCGA_157_158_159_SNP_N_GenomeWideSNP_6_B08_831464	11	81884317	85436852	2279	-0.0186
SERVO_p_TCGA_157_158_159_SNP_N_GenomeWideSNP_6_B08_831464	11	85436868	85471144	24	-0.9559
SERVO_p_TCGA_157_158_159_SNP_N_GenomeWideSNP_6_B08_831464	11	85473248	107230719	15250	-0.0336
SERVO_p_TCGA_157_158_159_SNP_N_GenomeWideSNP_6_B08_831464	11	107238656	107239128	7	-1.2891
SERVO_p_TCGA_157_158_159_SNP_N_GenomeWideSNP_6_B08_831464	11	107252362	107648810	309	-0.0329
SERVO_p_TCGA_157_158_159_SNP_N_GenomeWideSNP_6_B08_831464	11	107653743	107670228	12	0.6073
SERVO_p_TCGA_157_158_159_SNP_N_GenomeWideSNP_6_B08_831464	11	107671173	134601791	19340	-0.0223
SERVO_p_TCGA_157_158_159_SNP_N_GenomeWideSNP_6_B08_831464	11	134602280	134602946	2	-2.6666
SERVO_p_TCGA_157_158_159_SNP_N_GenomeWideSNP_6_B08_831464	11	134603992	134944770	283	0.0149
SERVO_p_TCGA_157_158_159_SNP_N_GenomeWideSNP_6_B08_831464	12	150442	9633870	6199	-0.0038
SERVO_p_TCGA_157_158_159_SNP_N_GenomeWideSNP_6_B08_831464	12	9637909	9696555	16	-0.5485
SERVO_p_TCGA_157_158_159_SNP_N_GenomeWideSNP_6_B08_831464	12	9697218	18112483	5802	-0.0063
SERVO_p_TCGA_157_158_159_SNP_N_GenomeWideSNP_6_B08_831464	12	18114490	18116108	2	-1.3383
SERVO_p_TCGA_157_158_159_SNP_N_GenomeWideSNP_6_B08_831464	12	18116468	25164331	4759	-0.0372
SERVO_p_TCGA_157_158_159_SNP_N_GenomeWideSNP_6_B08_831464	12	25164769	25164850	2	-1.3997
SERVO_p_TCGA_157_158_159_SNP_N_GenomeWideSNP_6_B08_831464	12	25165777	33301406	6079	-0.0229
SERVO_p_TCGA_157_158_159_SNP_N_GenomeWideSNP_6_B08_831464	12	33301426	33324390	42	0.2238
SERVO_p_TCGA_157_158_159_SNP_N_GenomeWideSNP_6_B08_831464	12	33325015	34250696	573	-0.0421
SERVO_p_TCGA_157_158_159_SNP_N_GenomeWideSNP_6_B08_831464	12	34256709	34264089	10	-0.9604
SERVO_p_TCGA_157_158_159_SNP_N_GenomeWideSNP_6_B08_831464	12	34275382	132120715	60951	-0.023
SERVO_p_TCGA_157_158_159_SNP_N_GenomeWideSNP_6_B08_831464	12	132132584	132133335	13	-1.7558
SERVO_p_TCGA_157_158_159_SNP_N_GenomeWideSNP_6_B08_831464	12	132142331	133778189	572	0.0247
SERVO_p_TCGA_157_158_159_SNP_N_GenomeWideSNP_6_B08_831464	13	19026949	19773514	354	0.536
SERVO_p_TCGA_157_158_159_SNP_N_GenomeWideSNP_6_B08_831464	13	19776854	19777270	3	1.5706
SERVO_p_TCGA_157_158_159_SNP_N_GenomeWideSNP_6_B08_831464	13	19781460	23629187	2536	0.6007
SERVO_p_TCGA_157_158_159_SNP_N_GenomeWideSNP_6_B08_831464	13	23629210	23633515	13	-1.8249
SERVO_p_TCGA_157_158_159_SNP_N_GenomeWideSNP_6_B08_831464	13	23638195	32532121	6728	0.6583
SERVO_p_TCGA_157_158_159_SNP_N_GenomeWideSNP_6_B08_831464	13	32532622	32538423	18	0.2175
SERVO_p_TCGA_157_158_159_SNP_N_GenomeWideSNP_6_B08_831464	13	32540047	42634693	7044	0.6238
SERVO_p_TCGA_157_158_159_SNP_N_GenomeWideSNP_6_B08_831464	13	42637439	42638405	3	1.5094
SERVO_p_TCGA_157_158_159_SNP_N_GenomeWideSNP_6_B08_831464	13	42640341	48329232	4015	0.6492
SERVO_p_TCGA_157_158_159_SNP_N_GenomeWideSNP_6_B08_831464	13	48329234	48329236	2	-0.9005
SERVO_p_TCGA_157_158_159_SNP_N_GenomeWideSNP_6_B08_831464	13	48334097	62961967	8545	0.6196
SERVO_p_TCGA_157_158_159_SNP_N_GenomeWideSNP_6_B08_831464	13	62962910	62963600	3	-1.6552
SERVO_p_TCGA_157_158_159_SNP_N_GenomeWideSNP_6_B08_831464	13	62967188	106316207	28816	0.5598
SERVO_p_TCGA_157_158_159_SNP_N_GenomeWideSNP_6_B08_831464	13	106316825	106316978	4	-0.3048
SERVO_p_TCGA_157_158_159_SNP_N_GenomeWideSNP_6_B08_831464	13	106319372	111723194	4406	0.5229
SERVO_p_TCGA_157_158_159_SNP_N_GenomeWideSNP_6_B08_831464	13	111724124	111724532	2	-1.0181
SERVO_p_TCGA_157_158_159_SNP_N_GenomeWideSNP_6_B08_831464	13	111724545	115108397	1780	0.5546
SERVO_p_TCGA_157_158_159_SNP_N_GenomeWideSNP_6_B08_831464	14	19002124	19604114	44	-0.3394
SERVO_p_TCGA_157_158_159_SNP_N_GenomeWideSNP_6_B08_831464	14	19607007	19689317	4	-1.6566
SERVO_p_TCGA_157_158_159_SNP_N_GenomeWideSNP_6_B08_831464	14	19693231	41608358	13775	-0.2931
SERVO_p_TCGA_157_158_159_SNP_N_GenomeWideSNP_6_B08_831464	14	41610496	41629242	7	-1.4821
SERVO_p_TCGA_157_158_159_SNP_N_GenomeWideSNP_6_B08_831464	14	41633385	41653977	6	-3.9279
SERVO_p_TCGA_157_158_159_SNP_N_GenomeWideSNP_6_B08_831464	14	41657249	74006707	20477	-0.2972
SERVO_p_TCGA_157_158_159_SNP_N_GenomeWideSNP_6_B08_831464	14	74006851	74017521	5	-1.3998
SERVO_p_TCGA_157_158_159_SNP_N_GenomeWideSNP_6_B08_831464	14	74017538	100156771	17928	-0.3032
SERVO_p_TCGA_157_158_159_SNP_N_GenomeWideSNP_6_B08_831464	14	100157791	100160380	2	1.6253
SERVO_p_TCGA_157_158_159_SNP_N_GenomeWideSNP_6_B08_831464	14	100162377	106934284	3086	-0.304
SERVO_p_TCGA_157_158_159_SNP_N_GenomeWideSNP_6_B08_831464	14	106934548	106939788	2	-1.9279
SERVO_p_TCGA_157_158_159_SNP_N_GenomeWideSNP_6_B08_831464	14	106943522	107285437	216	-0.2594
SERVO_p_TCGA_157_158_159_SNP_N_GenomeWideSNP_6_B08_831464	15	20016328	20262236	53	-0.3253
SERVO_p_TCGA_157_158_159_SNP_N_GenomeWideSNP_6_B08_831464	15	20264286	22751094	373	0.1545
SERVO_p_TCGA_157_158_159_SNP_N_GenomeWideSNP_6_B08_831464	15	22751245	76891511	33901	-0.2839
SERVO_p_TCGA_157_158_159_SNP_N_GenomeWideSNP_6_B08_831464	15	76891627	76892225	9	-2.0448
SERVO_p_TCGA_157_158_159_SNP_N_GenomeWideSNP_6_B08_831464	15	76895064	76895775	11	-0.9583
SERVO_p_TCGA_157_158_159_SNP_N_GenomeWideSNP_6_B08_831464	15	76902179	102469040	17673	-0.2817
SERVO_p_TCGA_157_158_159_SNP_N_GenomeWideSNP_6_B08_831464	16	60777	6231876	3361	0.0012
SERVO_p_TCGA_157_158_159_SNP_N_GenomeWideSNP_6_B08_831464	16	6231959	6458443	272	-0.299
SERVO_p_TCGA_157_158_159_SNP_N_GenomeWideSNP_6_B08_831464	16	6458598	19944363	9891	0.0065
SERVO_p_TCGA_157_158_159_SNP_N_GenomeWideSNP_6_B08_831464	16	19945650	19970818	32	-0.509
SERVO_p_TCGA_157_158_159_SNP_N_GenomeWideSNP_6_B08_831464	16	19970865	27041757	4484	0.0043
SERVO_p_TCGA_157_158_159_SNP_N_GenomeWideSNP_6_B08_831464	16	27041776	27042403	2	-1.48
SERVO_p_TCGA_157_158_159_SNP_N_GenomeWideSNP_6_B08_831464	16	27044044	70125174	18057	-0.0169
SERVO_p_TCGA_157_158_159_SNP_N_GenomeWideSNP_6_B08_831464	16	70136868	70245925	22	-0.5284
SERVO_p_TCGA_157_158_159_SNP_N_GenomeWideSNP_6_B08_831464	16	70246333	74384258	2423	0.0092
SERVO_p_TCGA_157_158_159_SNP_N_GenomeWideSNP_6_B08_831464	16	74397058	74456601	9	-0.7265
SERVO_p_TCGA_157_158_159_SNP_N_GenomeWideSNP_6_B08_831464	16	74465396	78371608	3209	-0.0139
SERVO_p_TCGA_157_158_159_SNP_N_GenomeWideSNP_6_B08_831464	16	78372440	78379675	13	-1.6979
SERVO_p_TCGA_157_158_159_SNP_N_GenomeWideSNP_6_B08_831464	16	78384738	90287535	10632	0.0016
SERVO_p_TCGA_157_158_159_SNP_N_GenomeWideSNP_6_B08_831464	17	526	18319862	11432	-0.2737
SERVO_p_TCGA_157_158_159_SNP_N_GenomeWideSNP_6_B08_831464	17	18355392	18459272	27	-1.2632
SERVO_p_TCGA_157_158_159_SNP_N_GenomeWideSNP_6_B08_831464	17	18464586	20395887	833	-0.2847
SERVO_p_TCGA_157_158_159_SNP_N_GenomeWideSNP_6_B08_831464	17	20410231	20413446	2	-2.1656
SERVO_p_TCGA_157_158_159_SNP_N_GenomeWideSNP_6_B08_831464	17	20431180	21540367	479	-0.2757
SERVO_p_TCGA_157_158_159_SNP_N_GenomeWideSNP_6_B08_831464	17	21542097	39423090	8187	0.0089
SERVO_p_TCGA_157_158_159_SNP_N_GenomeWideSNP_6_B08_831464	17	39423103	39430531	19	0.9942
SERVO_p_TCGA_157_158_159_SNP_N_GenomeWideSNP_6_B08_831464	17	39432724	49479211	5135	0.0069
SERVO_p_TCGA_157_158_159_SNP_N_GenomeWideSNP_6_B08_831464	17	49479917	49481250	5	0.808
SERVO_p_TCGA_157_158_159_SNP_N_GenomeWideSNP_6_B08_831464	17	49481258	51717906	1620	-0.0108
SERVO_p_TCGA_157_158_159_SNP_N_GenomeWideSNP_6_B08_831464	17	51726992	51727181	2	-2.5016
SERVO_p_TCGA_157_158_159_SNP_N_GenomeWideSNP_6_B08_831464	17	51728544	54164935	1746	-0.022
SERVO_p_TCGA_157_158_159_SNP_N_GenomeWideSNP_6_B08_831464	17	54165029	54166295	2	1.6365
SERVO_p_TCGA_157_158_159_SNP_N_GenomeWideSNP_6_B08_831464	17	54166337	81049726	15784	8e-04
SERVO_p_TCGA_157_158_159_SNP_N_GenomeWideSNP_6_B08_831464	18	11543	20107128	11199	-0.282
SERVO_p_TCGA_157_158_159_SNP_N_GenomeWideSNP_6_B08_831464	18	20107522	20108500	2	-2.2359
SERVO_p_TCGA_157_158_159_SNP_N_GenomeWideSNP_6_B08_831464	18	20115854	38260480	11623	-0.2972
SERVO_p_TCGA_157_158_159_SNP_N_GenomeWideSNP_6_B08_831464	18	38260490	38269812	17	-0.8508
SERVO_p_TCGA_157_158_159_SNP_N_GenomeWideSNP_6_B08_831464	18	38270072	51577457	9182	-0.2963
SERVO_p_TCGA_157_158_159_SNP_N_GenomeWideSNP_6_B08_831464	18	51577484	51579997	3	-1.7219
SERVO_p_TCGA_157_158_159_SNP_N_GenomeWideSNP_6_B08_831464	18	51581879	59258545	5170	-0.3007
SERVO_p_TCGA_157_158_159_SNP_N_GenomeWideSNP_6_B08_831464	18	59258608	59258735	2	-2.1639
SERVO_p_TCGA_157_158_159_SNP_N_GenomeWideSNP_6_B08_831464	18	59260468	60878629	1073	-0.3093
SERVO_p_TCGA_157_158_159_SNP_N_GenomeWideSNP_6_B08_831464	18	60879686	60879799	3	-1.3687
SERVO_p_TCGA_157_158_159_SNP_N_GenomeWideSNP_6_B08_831464	18	60880296	63727545	2060	-0.3
SERVO_p_TCGA_157_158_159_SNP_N_GenomeWideSNP_6_B08_831464	18	63727599	63728340	10	-1.3652
SERVO_p_TCGA_157_158_159_SNP_N_GenomeWideSNP_6_B08_831464	18	63732738	78015057	10423	-0.296
SERVO_p_TCGA_157_158_159_SNP_N_GenomeWideSNP_6_B08_831464	19	90910	24455963	11223	0.001
SERVO_p_TCGA_157_158_159_SNP_N_GenomeWideSNP_6_B08_831464	19	24456824	24487682	13	-0.5656
SERVO_p_TCGA_157_158_159_SNP_N_GenomeWideSNP_6_B08_831464	19	24503772	35849322	5574	-0.0065
SERVO_p_TCGA_157_158_159_SNP_N_GenomeWideSNP_6_B08_831464	19	35849493	35866744	23	-0.4105
SERVO_p_TCGA_157_158_159_SNP_N_GenomeWideSNP_6_B08_831464	19	35866786	43290773	3728	-0.0047
SERVO_p_TCGA_157_158_159_SNP_N_GenomeWideSNP_6_B08_831464	19	43294390	43537378	113	-0.6894
SERVO_p_TCGA_157_158_159_SNP_N_GenomeWideSNP_6_B08_831464	19	43538778	43696975	73	-0.0585
SERVO_p_TCGA_157_158_159_SNP_N_GenomeWideSNP_6_B08_831464	19	43697333	43766659	24	-0.5568
SERVO_p_TCGA_157_158_159_SNP_N_GenomeWideSNP_6_B08_831464	19	43767012	44614208	555	-0.0154
SERVO_p_TCGA_157_158_159_SNP_N_GenomeWideSNP_6_B08_831464	19	44615331	44778618	96	-0.6539
SERVO_p_TCGA_157_158_159_SNP_N_GenomeWideSNP_6_B08_831464	19	44783991	50558559	2645	0.0116
SERVO_p_TCGA_157_158_159_SNP_N_GenomeWideSNP_6_B08_831464	19	50559137	50593993	26	0.4917
SERVO_p_TCGA_157_158_159_SNP_N_GenomeWideSNP_6_B08_831464	19	50638498	52131813	845	-0.0048
SERVO_p_TCGA_157_158_159_SNP_N_GenomeWideSNP_6_B08_831464	19	52142352	52157415	17	0.4888
SERVO_p_TCGA_157_158_159_SNP_N_GenomeWideSNP_6_B08_831464	19	52157437	56282369	2526	-0.0032
SERVO_p_TCGA_157_158_159_SNP_N_GenomeWideSNP_6_B08_831464	19	56282535	56283067	3	-2.4015
SERVO_p_TCGA_157_158_159_SNP_N_GenomeWideSNP_6_B08_831464	19	56286293	59097854	1849	-0.0097
SERVO_p_TCGA_157_158_159_SNP_N_GenomeWideSNP_6_B08_831464	20	61305	61312	7	0.1419
SERVO_p_TCGA_157_158_159_SNP_N_GenomeWideSNP_6_B08_831464	20	61548	1560999	1200	-0.2694
SERVO_p_TCGA_157_158_159_SNP_N_GenomeWideSNP_6_B08_831464	20	1561580	1593849	40	1.4299
SERVO_p_TCGA_157_158_159_SNP_N_GenomeWideSNP_6_B08_831464	20	1593893	18936139	13571	-0.2835
SERVO_p_TCGA_157_158_159_SNP_N_GenomeWideSNP_6_B08_831464	20	18940872	25744723	5048	0.0796
SERVO_p_TCGA_157_158_159_SNP_N_GenomeWideSNP_6_B08_831464	20	25754752	29420352	185	-0.252
SERVO_p_TCGA_157_158_159_SNP_N_GenomeWideSNP_6_B08_831464	20	29420553	33426212	1806	0.2178
SERVO_p_TCGA_157_158_159_SNP_N_GenomeWideSNP_6_B08_831464	20	33432523	33434562	2	-0.9212
SERVO_p_TCGA_157_158_159_SNP_N_GenomeWideSNP_6_B08_831464	20	33435161	62956153	20624	0.2137
SERVO_p_TCGA_157_158_159_SNP_N_GenomeWideSNP_6_B08_831464	21	10736871	10935910	32	-0.0865
SERVO_p_TCGA_157_158_159_SNP_N_GenomeWideSNP_6_B08_831464	21	10940642	11013964	45	0.3301
SERVO_p_TCGA_157_158_159_SNP_N_GenomeWideSNP_6_B08_831464	21	11018107	37929312	16871	-0.0249
SERVO_p_TCGA_157_158_159_SNP_N_GenomeWideSNP_6_B08_831464	21	37930129	37933178	3	-1.2927
SERVO_p_TCGA_157_158_159_SNP_N_GenomeWideSNP_6_B08_831464	21	37935888	44968053	5677	0.0068
SERVO_p_TCGA_157_158_159_SNP_N_GenomeWideSNP_6_B08_831464	21	44970873	44972812	2	-1.8166
SERVO_p_TCGA_157_158_159_SNP_N_GenomeWideSNP_6_B08_831464	21	44973667	48096957	1764	-0.0028
SERVO_p_TCGA_157_158_159_SNP_N_GenomeWideSNP_6_B08_831464	22	16052528	16444877	64	-0.4639
SERVO_p_TCGA_157_158_159_SNP_N_GenomeWideSNP_6_B08_831464	22	16477054	23262981	3853	0.0076
SERVO_p_TCGA_157_158_159_SNP_N_GenomeWideSNP_6_B08_831464	22	23263242	23263257	2	-1.9739
SERVO_p_TCGA_157_158_159_SNP_N_GenomeWideSNP_6_B08_831464	22	23263274	24271745	668	-0.0199
SERVO_p_TCGA_157_158_159_SNP_N_GenomeWideSNP_6_B08_831464	22	24283016	24330218	26	-0.3735
SERVO_p_TCGA_157_158_159_SNP_N_GenomeWideSNP_6_B08_831464	22	24330269	24331967	2	-2.2627
SERVO_p_TCGA_157_158_159_SNP_N_GenomeWideSNP_6_B08_831464	22	24332625	24344422	5	-0.3713
SERVO_p_TCGA_157_158_159_SNP_N_GenomeWideSNP_6_B08_831464	22	24350529	24391081	16	0.5111
SERVO_p_TCGA_157_158_159_SNP_N_GenomeWideSNP_6_B08_831464	22	24393745	25661698	824	0.0168
SERVO_p_TCGA_157_158_159_SNP_N_GenomeWideSNP_6_B08_831464	22	25663985	25922342	295	0.5596
SERVO_p_TCGA_157_158_159_SNP_N_GenomeWideSNP_6_B08_831464	22	25922347	39290920	9715	0.0019
SERVO_p_TCGA_157_158_159_SNP_N_GenomeWideSNP_6_B08_831464	22	39295255	39296904	3	-2.4546
SERVO_p_TCGA_157_158_159_SNP_N_GenomeWideSNP_6_B08_831464	22	39299114	51234455	8089	-0.0117
SERVO_p_TCGA_157_158_159_SNP_N_GenomeWideSNP_6_B08_831464	X	168477	2703391	96	-0.3092
SERVO_p_TCGA_157_158_159_SNP_N_GenomeWideSNP_6_B08_831464	X	2703633	3204305	389	0.0655
SERVO_p_TCGA_157_158_159_SNP_N_GenomeWideSNP_6_B08_831464	X	3206744	3213911	4	-2.5194
SERVO_p_TCGA_157_158_159_SNP_N_GenomeWideSNP_6_B08_831464	X	3214176	3216565	10	-5.7356
SERVO_p_TCGA_157_158_159_SNP_N_GenomeWideSNP_6_B08_831464	X	3216707	12149837	6583	0.0149
SERVO_p_TCGA_157_158_159_SNP_N_GenomeWideSNP_6_B08_831464	X	12150186	12150217	2	-3.0617
SERVO_p_TCGA_157_158_159_SNP_N_GenomeWideSNP_6_B08_831464	X	12150394	55026548	24849	0.0209
SERVO_p_TCGA_157_158_159_SNP_N_GenomeWideSNP_6_B08_831464	X	55026572	55030461	3	-3.8313
SERVO_p_TCGA_157_158_159_SNP_N_GenomeWideSNP_6_B08_831464	X	55033677	155182354	52481	1e-04
SERVO_p_TCGA_157_158_159_SNP_N_GenomeWideSNP_6_B08_831464	Y	2650438	59018259	8630	-1.3946
