Sample	Chromosome	Start	End	Num_Probes	Segment_Mean
HELVE_p_TCGA_b139_154_155_SNP_N_GenomeWideSNP_6_B03_808722	1	61735	16869363	8727	-0.121
HELVE_p_TCGA_b139_154_155_SNP_N_GenomeWideSNP_6_B03_808722	1	16871278	16970456	42	-0.6114
HELVE_p_TCGA_b139_154_155_SNP_N_GenomeWideSNP_6_B03_808722	1	17005734	17016177	17	0.063
HELVE_p_TCGA_b139_154_155_SNP_N_GenomeWideSNP_6_B03_808722	1	17016259	17225225	58	-0.4022
HELVE_p_TCGA_b139_154_155_SNP_N_GenomeWideSNP_6_B03_808722	1	17225367	61061996	26002	-0.1177
HELVE_p_TCGA_b139_154_155_SNP_N_GenomeWideSNP_6_B03_808722	1	61062142	61207739	92	-0.3756
HELVE_p_TCGA_b139_154_155_SNP_N_GenomeWideSNP_6_B03_808722	1	61207937	65745943	3421	-0.1315
HELVE_p_TCGA_b139_154_155_SNP_N_GenomeWideSNP_6_B03_808722	1	65746031	65748733	4	-1.8444
HELVE_p_TCGA_b139_154_155_SNP_N_GenomeWideSNP_6_B03_808722	1	65749145	72768916	4672	-0.124
HELVE_p_TCGA_b139_154_155_SNP_N_GenomeWideSNP_6_B03_808722	1	72768936	72811148	45	-1.0235
HELVE_p_TCGA_b139_154_155_SNP_N_GenomeWideSNP_6_B03_808722	1	72811904	75190782	1445	-0.1435
HELVE_p_TCGA_b139_154_155_SNP_N_GenomeWideSNP_6_B03_808722	1	75193035	75199290	3	-1.4203
HELVE_p_TCGA_b139_154_155_SNP_N_GenomeWideSNP_6_B03_808722	1	75199784	110227515	22261	-0.1398
HELVE_p_TCGA_b139_154_155_SNP_N_GenomeWideSNP_6_B03_808722	1	110232974	110242953	18	-0.875
HELVE_p_TCGA_b139_154_155_SNP_N_GenomeWideSNP_6_B03_808722	1	110244998	114557291	3075	-0.1335
HELVE_p_TCGA_b139_154_155_SNP_N_GenomeWideSNP_6_B03_808722	1	114557765	152555527	6944	0.126
HELVE_p_TCGA_b139_154_155_SNP_N_GenomeWideSNP_6_B03_808722	1	152555706	152586238	31	-1.7081
HELVE_p_TCGA_b139_154_155_SNP_N_GenomeWideSNP_6_B03_808722	1	152586278	152586594	4	-0.6856
HELVE_p_TCGA_b139_154_155_SNP_N_GenomeWideSNP_6_B03_808722	1	152590494	243064057	61979	0.1136
HELVE_p_TCGA_b139_154_155_SNP_N_GenomeWideSNP_6_B03_808722	1	243064078	243064142	3	-1.1318
HELVE_p_TCGA_b139_154_155_SNP_N_GenomeWideSNP_6_B03_808722	1	243065369	249224388	3803	0.0695
HELVE_p_TCGA_b139_154_155_SNP_N_GenomeWideSNP_6_B03_808722	2	12784	4205687	2991	0.0409
HELVE_p_TCGA_b139_154_155_SNP_N_GenomeWideSNP_6_B03_808722	2	4213864	4223167	36	-0.7099
HELVE_p_TCGA_b139_154_155_SNP_N_GenomeWideSNP_6_B03_808722	2	4223512	23298046	14130	0.0595
HELVE_p_TCGA_b139_154_155_SNP_N_GenomeWideSNP_6_B03_808722	2	23298647	23298863	3	-1.096
HELVE_p_TCGA_b139_154_155_SNP_N_GenomeWideSNP_6_B03_808722	2	23299444	27439751	2209	0.0788
HELVE_p_TCGA_b139_154_155_SNP_N_GenomeWideSNP_6_B03_808722	2	27441302	27441397	2	-1.498
HELVE_p_TCGA_b139_154_155_SNP_N_GenomeWideSNP_6_B03_808722	2	27441500	34675467	4736	0.0677
HELVE_p_TCGA_b139_154_155_SNP_N_GenomeWideSNP_6_B03_808722	2	34681494	34727614	45	-0.3446
HELVE_p_TCGA_b139_154_155_SNP_N_GenomeWideSNP_6_B03_808722	2	34727785	52754468	13049	0.0659
HELVE_p_TCGA_b139_154_155_SNP_N_GenomeWideSNP_6_B03_808722	2	52754480	52790140	41	0.5564
HELVE_p_TCGA_b139_154_155_SNP_N_GenomeWideSNP_6_B03_808722	2	52790493	89615442	22873	0.0582
HELVE_p_TCGA_b139_154_155_SNP_N_GenomeWideSNP_6_B03_808722	2	89894182	90121364	74	-0.8641
HELVE_p_TCGA_b139_154_155_SNP_N_GenomeWideSNP_6_B03_808722	2	90121415	90134115	22	-0.3597
HELVE_p_TCGA_b139_154_155_SNP_N_GenomeWideSNP_6_B03_808722	2	90134279	91704736	83	-0.752
HELVE_p_TCGA_b139_154_155_SNP_N_GenomeWideSNP_6_B03_808722	2	91727980	98118212	1022	0.033
HELVE_p_TCGA_b139_154_155_SNP_N_GenomeWideSNP_6_B03_808722	2	98140747	98161710	8	-1.0546
HELVE_p_TCGA_b139_154_155_SNP_N_GenomeWideSNP_6_B03_808722	2	98162189	114362015	9429	0.0597
HELVE_p_TCGA_b139_154_155_SNP_N_GenomeWideSNP_6_B03_808722	2	114362414	114362416	2	-2.3659
HELVE_p_TCGA_b139_154_155_SNP_N_GenomeWideSNP_6_B03_808722	2	114380821	164636852	30710	0.0424
HELVE_p_TCGA_b139_154_155_SNP_N_GenomeWideSNP_6_B03_808722	2	164643488	164645126	5	-0.9233
HELVE_p_TCGA_b139_154_155_SNP_N_GenomeWideSNP_6_B03_808722	2	164646642	184239036	12362	0.0546
HELVE_p_TCGA_b139_154_155_SNP_N_GenomeWideSNP_6_B03_808722	2	184239448	184242657	2	-1.1827
HELVE_p_TCGA_b139_154_155_SNP_N_GenomeWideSNP_6_B03_808722	2	184243164	209663735	14884	0.0498
HELVE_p_TCGA_b139_154_155_SNP_N_GenomeWideSNP_6_B03_808722	2	209663832	209682605	10	0.7175
HELVE_p_TCGA_b139_154_155_SNP_N_GenomeWideSNP_6_B03_808722	2	209684939	233242399	15063	0.0461
HELVE_p_TCGA_b139_154_155_SNP_N_GenomeWideSNP_6_B03_808722	2	233242761	233274145	21	-1.0574
HELVE_p_TCGA_b139_154_155_SNP_N_GenomeWideSNP_6_B03_808722	2	233279801	243089456	6204	-0.1461
HELVE_p_TCGA_b139_154_155_SNP_N_GenomeWideSNP_6_B03_808722	3	60345	224602	157	-0.1966
HELVE_p_TCGA_b139_154_155_SNP_N_GenomeWideSNP_6_B03_808722	3	230022	232800	4	-3.2815
HELVE_p_TCGA_b139_154_155_SNP_N_GenomeWideSNP_6_B03_808722	3	234877	16239063	12775	-0.1391
HELVE_p_TCGA_b139_154_155_SNP_N_GenomeWideSNP_6_B03_808722	3	16240556	16241179	6	-1.1877
HELVE_p_TCGA_b139_154_155_SNP_N_GenomeWideSNP_6_B03_808722	3	16241325	28226208	8221	-0.1492
HELVE_p_TCGA_b139_154_155_SNP_N_GenomeWideSNP_6_B03_808722	3	28226321	28230844	2	-1.498
HELVE_p_TCGA_b139_154_155_SNP_N_GenomeWideSNP_6_B03_808722	3	28231309	47842274	12522	-0.0613
HELVE_p_TCGA_b139_154_155_SNP_N_GenomeWideSNP_6_B03_808722	3	47843001	47843156	2	1.3309
HELVE_p_TCGA_b139_154_155_SNP_N_GenomeWideSNP_6_B03_808722	3	47843280	59771515	6746	0.0766
HELVE_p_TCGA_b139_154_155_SNP_N_GenomeWideSNP_6_B03_808722	3	59771593	59818354	44	-0.2754
HELVE_p_TCGA_b139_154_155_SNP_N_GenomeWideSNP_6_B03_808722	3	59818752	61241690	1553	0.0406
HELVE_p_TCGA_b139_154_155_SNP_N_GenomeWideSNP_6_B03_808722	3	61243611	61287849	36	0.4396
HELVE_p_TCGA_b139_154_155_SNP_N_GenomeWideSNP_6_B03_808722	3	61288834	68746164	5774	0.0543
HELVE_p_TCGA_b139_154_155_SNP_N_GenomeWideSNP_6_B03_808722	3	68746259	68747413	14	-1.1164
HELVE_p_TCGA_b139_154_155_SNP_N_GenomeWideSNP_6_B03_808722	3	68748758	98937784	15948	0.0332
HELVE_p_TCGA_b139_154_155_SNP_N_GenomeWideSNP_6_B03_808722	3	98944458	98949308	36	-0.3872
HELVE_p_TCGA_b139_154_155_SNP_N_GenomeWideSNP_6_B03_808722	3	98949314	128399221	18113	-0.0735
HELVE_p_TCGA_b139_154_155_SNP_N_GenomeWideSNP_6_B03_808722	3	128405171	128412331	7	0.781
HELVE_p_TCGA_b139_154_155_SNP_N_GenomeWideSNP_6_B03_808722	3	128414161	129760622	623	0.0548
HELVE_p_TCGA_b139_154_155_SNP_N_GenomeWideSNP_6_B03_808722	3	129761124	129806236	54	-0.3125
HELVE_p_TCGA_b139_154_155_SNP_N_GenomeWideSNP_6_B03_808722	3	129806924	162513092	20286	0.0551
HELVE_p_TCGA_b139_154_155_SNP_N_GenomeWideSNP_6_B03_808722	3	162513149	162623842	62	0.6059
HELVE_p_TCGA_b139_154_155_SNP_N_GenomeWideSNP_6_B03_808722	3	162623853	162714517	77	0.0673
HELVE_p_TCGA_b139_154_155_SNP_N_GenomeWideSNP_6_B03_808722	3	162717727	162719562	2	-2.2727
HELVE_p_TCGA_b139_154_155_SNP_N_GenomeWideSNP_6_B03_808722	3	162726159	197869530	21839	0.0576
HELVE_p_TCGA_b139_154_155_SNP_N_GenomeWideSNP_6_B03_808722	3	197869571	197896118	5	-0.3705
HELVE_p_TCGA_b139_154_155_SNP_N_GenomeWideSNP_6_B03_808722	4	12281	5934898	3185	-0.1476
HELVE_p_TCGA_b139_154_155_SNP_N_GenomeWideSNP_6_B03_808722	4	5935406	5936032	2	-1.6407
HELVE_p_TCGA_b139_154_155_SNP_N_GenomeWideSNP_6_B03_808722	4	5939546	9464537	2066	-0.1512
HELVE_p_TCGA_b139_154_155_SNP_N_GenomeWideSNP_6_B03_808722	4	9464972	9479345	7	-1.0278
HELVE_p_TCGA_b139_154_155_SNP_N_GenomeWideSNP_6_B03_808722	4	9486087	10214160	546	-0.1513
HELVE_p_TCGA_b139_154_155_SNP_N_GenomeWideSNP_6_B03_808722	4	10223416	10235268	35	0.1823
HELVE_p_TCGA_b139_154_155_SNP_N_GenomeWideSNP_6_B03_808722	4	10236142	10390122	169	-0.142
HELVE_p_TCGA_b139_154_155_SNP_N_GenomeWideSNP_6_B03_808722	4	10390715	10400668	17	-0.7114
HELVE_p_TCGA_b139_154_155_SNP_N_GenomeWideSNP_6_B03_808722	4	10402718	20283806	7240	-0.1459
HELVE_p_TCGA_b139_154_155_SNP_N_GenomeWideSNP_6_B03_808722	4	20286246	32400565	8211	0.138
HELVE_p_TCGA_b139_154_155_SNP_N_GenomeWideSNP_6_B03_808722	4	32400583	32401513	3	0.9441
HELVE_p_TCGA_b139_154_155_SNP_N_GenomeWideSNP_6_B03_808722	4	32405314	49089374	10349	0.0515
HELVE_p_TCGA_b139_154_155_SNP_N_GenomeWideSNP_6_B03_808722	4	49093786	49590656	32	-0.3053
HELVE_p_TCGA_b139_154_155_SNP_N_GenomeWideSNP_6_B03_808722	4	49620885	63667834	7019	0.055
HELVE_p_TCGA_b139_154_155_SNP_N_GenomeWideSNP_6_B03_808722	4	63669936	63671662	8	-2.0198
HELVE_p_TCGA_b139_154_155_SNP_N_GenomeWideSNP_6_B03_808722	4	63679630	69284591	3447	0.0363
HELVE_p_TCGA_b139_154_155_SNP_N_GenomeWideSNP_6_B03_808722	4	69288138	69288142	3	-1.6965
HELVE_p_TCGA_b139_154_155_SNP_N_GenomeWideSNP_6_B03_808722	4	69294799	69772254	199	0.044
HELVE_p_TCGA_b139_154_155_SNP_N_GenomeWideSNP_6_B03_808722	4	69774609	70121263	208	0.2757
HELVE_p_TCGA_b139_154_155_SNP_N_GenomeWideSNP_6_B03_808722	4	70123510	70232124	57	-0.2582
HELVE_p_TCGA_b139_154_155_SNP_N_GenomeWideSNP_6_B03_808722	4	70236151	84952657	9138	0.2311
HELVE_p_TCGA_b139_154_155_SNP_N_GenomeWideSNP_6_B03_808722	4	84953207	85610759	415	0.4999
HELVE_p_TCGA_b139_154_155_SNP_N_GenomeWideSNP_6_B03_808722	4	85618455	91322647	3591	-0.1483
HELVE_p_TCGA_b139_154_155_SNP_N_GenomeWideSNP_6_B03_808722	4	91331237	91428124	33	-0.4699
HELVE_p_TCGA_b139_154_155_SNP_N_GenomeWideSNP_6_B03_808722	4	91433714	106257670	8714	-0.1465
HELVE_p_TCGA_b139_154_155_SNP_N_GenomeWideSNP_6_B03_808722	4	106262888	106513617	184	-0.3796
HELVE_p_TCGA_b139_154_155_SNP_N_GenomeWideSNP_6_B03_808722	4	106514045	108051326	834	-0.1503
HELVE_p_TCGA_b139_154_155_SNP_N_GenomeWideSNP_6_B03_808722	4	108051500	108077434	40	-0.5381
HELVE_p_TCGA_b139_154_155_SNP_N_GenomeWideSNP_6_B03_808722	4	108077491	115173700	4410	-0.1455
HELVE_p_TCGA_b139_154_155_SNP_N_GenomeWideSNP_6_B03_808722	4	115175323	115182175	23	-1.101
HELVE_p_TCGA_b139_154_155_SNP_N_GenomeWideSNP_6_B03_808722	4	115184229	191027923	47246	-0.1512
HELVE_p_TCGA_b139_154_155_SNP_N_GenomeWideSNP_6_B03_808722	5	15532	809047	349	0.0638
HELVE_p_TCGA_b139_154_155_SNP_N_GenomeWideSNP_6_B03_808722	5	809806	852566	17	-0.7516
HELVE_p_TCGA_b139_154_155_SNP_N_GenomeWideSNP_6_B03_808722	5	863797	12800889	9850	0.0639
HELVE_p_TCGA_b139_154_155_SNP_N_GenomeWideSNP_6_B03_808722	5	12815780	12849201	15	0.7011
HELVE_p_TCGA_b139_154_155_SNP_N_GenomeWideSNP_6_B03_808722	5	12857133	21449276	5539	0.0554
HELVE_p_TCGA_b139_154_155_SNP_N_GenomeWideSNP_6_B03_808722	5	21451200	21452438	5	1.1311
HELVE_p_TCGA_b139_154_155_SNP_N_GenomeWideSNP_6_B03_808722	5	21452496	27524452	3557	0.0229
HELVE_p_TCGA_b139_154_155_SNP_N_GenomeWideSNP_6_B03_808722	5	27525390	27526020	10	-0.6483
HELVE_p_TCGA_b139_154_155_SNP_N_GenomeWideSNP_6_B03_808722	5	27527479	34700704	4706	0.0468
HELVE_p_TCGA_b139_154_155_SNP_N_GenomeWideSNP_6_B03_808722	5	34701065	34701189	2	-1.2873
HELVE_p_TCGA_b139_154_155_SNP_N_GenomeWideSNP_6_B03_808722	5	34703363	155476998	72197	-0.0343
HELVE_p_TCGA_b139_154_155_SNP_N_GenomeWideSNP_6_B03_808722	5	155478762	155482729	11	-0.7862
HELVE_p_TCGA_b139_154_155_SNP_N_GenomeWideSNP_6_B03_808722	5	155495250	157939517	1701	-0.1465
HELVE_p_TCGA_b139_154_155_SNP_N_GenomeWideSNP_6_B03_808722	5	157942072	157942696	2	-2.0069
HELVE_p_TCGA_b139_154_155_SNP_N_GenomeWideSNP_6_B03_808722	5	157945180	180790320	15126	0.0247
HELVE_p_TCGA_b139_154_155_SNP_N_GenomeWideSNP_6_B03_808722	6	149661	294837	124	-0.1646
HELVE_p_TCGA_b139_154_155_SNP_N_GenomeWideSNP_6_B03_808722	6	302306	355386	50	-0.5798
HELVE_p_TCGA_b139_154_155_SNP_N_GenomeWideSNP_6_B03_808722	6	355536	19040119	14612	-0.1231
HELVE_p_TCGA_b139_154_155_SNP_N_GenomeWideSNP_6_B03_808722	6	19042181	19042818	3	-1.4008
HELVE_p_TCGA_b139_154_155_SNP_N_GenomeWideSNP_6_B03_808722	6	19044702	29844034	6949	-0.1495
HELVE_p_TCGA_b139_154_155_SNP_N_GenomeWideSNP_6_B03_808722	6	29844372	29876959	15	0.3143
HELVE_p_TCGA_b139_154_155_SNP_N_GenomeWideSNP_6_B03_808722	6	29881026	31296292	672	-0.1681
HELVE_p_TCGA_b139_154_155_SNP_N_GenomeWideSNP_6_B03_808722	6	31296451	31309924	2	-1.5
HELVE_p_TCGA_b139_154_155_SNP_N_GenomeWideSNP_6_B03_808722	6	31317347	32497116	522	-0.1625
HELVE_p_TCGA_b139_154_155_SNP_N_GenomeWideSNP_6_B03_808722	6	32497206	32573771	19	-0.5194
HELVE_p_TCGA_b139_154_155_SNP_N_GenomeWideSNP_6_B03_808722	6	32574014	32624304	29	-0.138
HELVE_p_TCGA_b139_154_155_SNP_N_GenomeWideSNP_6_B03_808722	6	32624591	32626618	5	-1.1403
HELVE_p_TCGA_b139_154_155_SNP_N_GenomeWideSNP_6_B03_808722	6	32650612	33938743	810	-0.1179
HELVE_p_TCGA_b139_154_155_SNP_N_GenomeWideSNP_6_B03_808722	6	33942011	33942705	6	-1.6756
HELVE_p_TCGA_b139_154_155_SNP_N_GenomeWideSNP_6_B03_808722	6	33944586	53931380	12922	-0.1204
HELVE_p_TCGA_b139_154_155_SNP_N_GenomeWideSNP_6_B03_808722	6	53931419	53931855	3	-1.8363
HELVE_p_TCGA_b139_154_155_SNP_N_GenomeWideSNP_6_B03_808722	6	53935348	64971436	4139	0.0701
HELVE_p_TCGA_b139_154_155_SNP_N_GenomeWideSNP_6_B03_808722	6	64971602	64971901	3	-1.0379
HELVE_p_TCGA_b139_154_155_SNP_N_GenomeWideSNP_6_B03_808722	6	64974681	67038046	1350	0.0606
HELVE_p_TCGA_b139_154_155_SNP_N_GenomeWideSNP_6_B03_808722	6	67040913	67043192	7	-0.6898
HELVE_p_TCGA_b139_154_155_SNP_N_GenomeWideSNP_6_B03_808722	6	67043235	69686629	1865	0.0474
HELVE_p_TCGA_b139_154_155_SNP_N_GenomeWideSNP_6_B03_808722	6	69687698	69690970	3	-1.2453
HELVE_p_TCGA_b139_154_155_SNP_N_GenomeWideSNP_6_B03_808722	6	69691368	77014948	4624	0.0608
HELVE_p_TCGA_b139_154_155_SNP_N_GenomeWideSNP_6_B03_808722	6	77016900	77016926	3	1.5501
HELVE_p_TCGA_b139_154_155_SNP_N_GenomeWideSNP_6_B03_808722	6	77016993	77428589	290	0.0902
HELVE_p_TCGA_b139_154_155_SNP_N_GenomeWideSNP_6_B03_808722	6	77429199	77452757	27	0.3725
HELVE_p_TCGA_b139_154_155_SNP_N_GenomeWideSNP_6_B03_808722	6	77461073	78962064	972	0.0357
HELVE_p_TCGA_b139_154_155_SNP_N_GenomeWideSNP_6_B03_808722	6	78962225	79046661	126	0.3058
HELVE_p_TCGA_b139_154_155_SNP_N_GenomeWideSNP_6_B03_808722	6	79051614	103730553	15468	0.0723
HELVE_p_TCGA_b139_154_155_SNP_N_GenomeWideSNP_6_B03_808722	6	103734174	103759725	46	0.3227
HELVE_p_TCGA_b139_154_155_SNP_N_GenomeWideSNP_6_B03_808722	6	103759825	108727293	3205	0.0744
HELVE_p_TCGA_b139_154_155_SNP_N_GenomeWideSNP_6_B03_808722	6	108730308	108864419	61	-0.1874
HELVE_p_TCGA_b139_154_155_SNP_N_GenomeWideSNP_6_B03_808722	6	108864741	161775781	34228	0.0741
HELVE_p_TCGA_b139_154_155_SNP_N_GenomeWideSNP_6_B03_808722	6	161776739	162996263	1080	-0.2078
HELVE_p_TCGA_b139_154_155_SNP_N_GenomeWideSNP_6_B03_808722	6	162997082	163378892	244	-0.4506
HELVE_p_TCGA_b139_154_155_SNP_N_GenomeWideSNP_6_B03_808722	6	163381711	170919495	5424	0.0514
HELVE_p_TCGA_b139_154_155_SNP_N_GenomeWideSNP_6_B03_808722	6	170982327	171051005	4	-0.3094
HELVE_p_TCGA_b139_154_155_SNP_N_GenomeWideSNP_6_B03_808722	7	43355	13999622	9297	0.3931
HELVE_p_TCGA_b139_154_155_SNP_N_GenomeWideSNP_6_B03_808722	7	13999663	13999756	2	-1.0889
HELVE_p_TCGA_b139_154_155_SNP_N_GenomeWideSNP_6_B03_808722	7	13999820	22434780	6802	0.3759
HELVE_p_TCGA_b139_154_155_SNP_N_GenomeWideSNP_6_B03_808722	7	22435472	22436487	2	-2.5378
HELVE_p_TCGA_b139_154_155_SNP_N_GenomeWideSNP_6_B03_808722	7	22438754	54380373	22464	0.3889
HELVE_p_TCGA_b139_154_155_SNP_N_GenomeWideSNP_6_B03_808722	7	54386505	54386517	6	-1.9611
HELVE_p_TCGA_b139_154_155_SNP_N_GenomeWideSNP_6_B03_808722	7	54393488	56761500	1571	0.3896
HELVE_p_TCGA_b139_154_155_SNP_N_GenomeWideSNP_6_B03_808722	7	56762113	56768814	3	-2.2058
HELVE_p_TCGA_b139_154_155_SNP_N_GenomeWideSNP_6_B03_808722	7	56772166	64244129	1416	0.3107
HELVE_p_TCGA_b139_154_155_SNP_N_GenomeWideSNP_6_B03_808722	7	64256482	64594341	148	0.0579
HELVE_p_TCGA_b139_154_155_SNP_N_GenomeWideSNP_6_B03_808722	7	64594929	64595698	4	1.1798
HELVE_p_TCGA_b139_154_155_SNP_N_GenomeWideSNP_6_B03_808722	7	64637128	64951818	175	0.0308
HELVE_p_TCGA_b139_154_155_SNP_N_GenomeWideSNP_6_B03_808722	7	64958622	65060564	22	-0.3682
HELVE_p_TCGA_b139_154_155_SNP_N_GenomeWideSNP_6_B03_808722	7	65066173	76143893	5151	0.0674
HELVE_p_TCGA_b139_154_155_SNP_N_GenomeWideSNP_6_B03_808722	7	76153348	76161297	4	-0.9296
HELVE_p_TCGA_b139_154_155_SNP_N_GenomeWideSNP_6_B03_808722	7	76161308	109437772	20321	0.0661
HELVE_p_TCGA_b139_154_155_SNP_N_GenomeWideSNP_6_B03_808722	7	109437774	109453982	21	-0.3647
HELVE_p_TCGA_b139_154_155_SNP_N_GenomeWideSNP_6_B03_808722	7	109454229	141760830	19978	0.0632
HELVE_p_TCGA_b139_154_155_SNP_N_GenomeWideSNP_6_B03_808722	7	141761874	141791908	44	-0.6193
HELVE_p_TCGA_b139_154_155_SNP_N_GenomeWideSNP_6_B03_808722	7	141792107	142476719	453	0.062
HELVE_p_TCGA_b139_154_155_SNP_N_GenomeWideSNP_6_B03_808722	7	142476764	142485853	24	-0.3165
HELVE_p_TCGA_b139_154_155_SNP_N_GenomeWideSNP_6_B03_808722	7	142485985	152087071	5792	0.071
HELVE_p_TCGA_b139_154_155_SNP_N_GenomeWideSNP_6_B03_808722	7	152090682	152153404	24	0.4921
HELVE_p_TCGA_b139_154_155_SNP_N_GenomeWideSNP_6_B03_808722	7	152159506	154222629	1460	0.1847
HELVE_p_TCGA_b139_154_155_SNP_N_GenomeWideSNP_6_B03_808722	7	154226726	156391790	1666	-0.1443
HELVE_p_TCGA_b139_154_155_SNP_N_GenomeWideSNP_6_B03_808722	7	156393168	156394179	3	-3.4361
HELVE_p_TCGA_b139_154_155_SNP_N_GenomeWideSNP_6_B03_808722	7	156394908	159127004	1631	-0.1422
HELVE_p_TCGA_b139_154_155_SNP_N_GenomeWideSNP_6_B03_808722	8	31254	2055438	1458	-0.4208
HELVE_p_TCGA_b139_154_155_SNP_N_GenomeWideSNP_6_B03_808722	8	2055789	2061438	5	-1.3388
HELVE_p_TCGA_b139_154_155_SNP_N_GenomeWideSNP_6_B03_808722	8	2062246	2204639	162	-0.4364
HELVE_p_TCGA_b139_154_155_SNP_N_GenomeWideSNP_6_B03_808722	8	2205102	2205950	2	-2.7436
HELVE_p_TCGA_b139_154_155_SNP_N_GenomeWideSNP_6_B03_808722	8	2206486	8385797	6728	-0.3966
HELVE_p_TCGA_b139_154_155_SNP_N_GenomeWideSNP_6_B03_808722	8	8386150	8386442	4	-1.9406
HELVE_p_TCGA_b139_154_155_SNP_N_GenomeWideSNP_6_B03_808722	8	8388307	11949551	2921	-0.4087
HELVE_p_TCGA_b139_154_155_SNP_N_GenomeWideSNP_6_B03_808722	8	11987726	12001123	6	0.483
HELVE_p_TCGA_b139_154_155_SNP_N_GenomeWideSNP_6_B03_808722	8	12034307	12216009	10	-0.4049
HELVE_p_TCGA_b139_154_155_SNP_N_GenomeWideSNP_6_B03_808722	8	12216848	12247486	39	-1.4764
HELVE_p_TCGA_b139_154_155_SNP_N_GenomeWideSNP_6_B03_808722	8	12260927	30040541	14118	-0.3901
HELVE_p_TCGA_b139_154_155_SNP_N_GenomeWideSNP_6_B03_808722	8	30045458	30182068	99	0.0553
HELVE_p_TCGA_b139_154_155_SNP_N_GenomeWideSNP_6_B03_808722	8	30182174	30316237	85	-0.3456
HELVE_p_TCGA_b139_154_155_SNP_N_GenomeWideSNP_6_B03_808722	8	30321280	31794714	891	0.0972
HELVE_p_TCGA_b139_154_155_SNP_N_GenomeWideSNP_6_B03_808722	8	31802498	34978645	2066	-0.1591
HELVE_p_TCGA_b139_154_155_SNP_N_GenomeWideSNP_6_B03_808722	8	34979465	37006950	1107	0.2264
HELVE_p_TCGA_b139_154_155_SNP_N_GenomeWideSNP_6_B03_808722	8	37011347	37980587	496	-0.1557
HELVE_p_TCGA_b139_154_155_SNP_N_GenomeWideSNP_6_B03_808722	8	37981063	39111240	604	0.1623
HELVE_p_TCGA_b139_154_155_SNP_N_GenomeWideSNP_6_B03_808722	8	39111939	41165794	1438	-0.1452
HELVE_p_TCGA_b139_154_155_SNP_N_GenomeWideSNP_6_B03_808722	8	41169546	47024380	1319	0.2098
HELVE_p_TCGA_b139_154_155_SNP_N_GenomeWideSNP_6_B03_808722	8	47039099	47063444	10	-0.3071
HELVE_p_TCGA_b139_154_155_SNP_N_GenomeWideSNP_6_B03_808722	8	47083861	71529473	14875	0.2127
HELVE_p_TCGA_b139_154_155_SNP_N_GenomeWideSNP_6_B03_808722	8	71538686	71788028	99	-0.0209
HELVE_p_TCGA_b139_154_155_SNP_N_GenomeWideSNP_6_B03_808722	8	71788444	72212365	290	0.2287
HELVE_p_TCGA_b139_154_155_SNP_N_GenomeWideSNP_6_B03_808722	8	72215311	72216599	9	-0.7063
HELVE_p_TCGA_b139_154_155_SNP_N_GenomeWideSNP_6_B03_808722	8	72219863	103053291	18594	0.2133
HELVE_p_TCGA_b139_154_155_SNP_N_GenomeWideSNP_6_B03_808722	8	103054583	103056706	2	-1.0782
HELVE_p_TCGA_b139_154_155_SNP_N_GenomeWideSNP_6_B03_808722	8	103056774	129756266	17209	0.2189
HELVE_p_TCGA_b139_154_155_SNP_N_GenomeWideSNP_6_B03_808722	8	129763135	129764085	2	-1.5151
HELVE_p_TCGA_b139_154_155_SNP_N_GenomeWideSNP_6_B03_808722	8	129777454	146298155	11263	0.2192
HELVE_p_TCGA_b139_154_155_SNP_N_GenomeWideSNP_6_B03_808722	9	46587	99497260	52041	-0.1344
HELVE_p_TCGA_b139_154_155_SNP_N_GenomeWideSNP_6_B03_808722	9	99500766	99611678	68	-0.4375
HELVE_p_TCGA_b139_154_155_SNP_N_GenomeWideSNP_6_B03_808722	9	99614104	134258779	24131	-0.1282
HELVE_p_TCGA_b139_154_155_SNP_N_GenomeWideSNP_6_B03_808722	9	134260926	134265704	5	-1.2679
HELVE_p_TCGA_b139_154_155_SNP_N_GenomeWideSNP_6_B03_808722	9	134272015	141091394	3648	-0.1289
HELVE_p_TCGA_b139_154_155_SNP_N_GenomeWideSNP_6_B03_808722	10	72759	2961101	2341	-0.1477
HELVE_p_TCGA_b139_154_155_SNP_N_GenomeWideSNP_6_B03_808722	10	2963002	2963593	2	-2.0004
HELVE_p_TCGA_b139_154_155_SNP_N_GenomeWideSNP_6_B03_808722	10	2965865	47897394	29583	-0.1466
HELVE_p_TCGA_b139_154_155_SNP_N_GenomeWideSNP_6_B03_808722	10	47912899	47948060	3	1.8158
HELVE_p_TCGA_b139_154_155_SNP_N_GenomeWideSNP_6_B03_808722	10	47960476	48771950	291	-0.1654
HELVE_p_TCGA_b139_154_155_SNP_N_GenomeWideSNP_6_B03_808722	10	48837810	48840627	2	1.5497
HELVE_p_TCGA_b139_154_155_SNP_N_GenomeWideSNP_6_B03_808722	10	48883402	88877831	26962	-0.1425
HELVE_p_TCGA_b139_154_155_SNP_N_GenomeWideSNP_6_B03_808722	10	88896438	88907319	4	-1.2442
HELVE_p_TCGA_b139_154_155_SNP_N_GenomeWideSNP_6_B03_808722	10	88913910	105196814	9952	-0.2219
HELVE_p_TCGA_b139_154_155_SNP_N_GenomeWideSNP_6_B03_808722	10	105201574	105215016	8	-1.193
HELVE_p_TCGA_b139_154_155_SNP_N_GenomeWideSNP_6_B03_808722	10	105216576	117449492	8679	-0.1898
HELVE_p_TCGA_b139_154_155_SNP_N_GenomeWideSNP_6_B03_808722	10	117449550	117458356	9	-0.9091
HELVE_p_TCGA_b139_154_155_SNP_N_GenomeWideSNP_6_B03_808722	10	117463418	135506704	13197	-0.1377
HELVE_p_TCGA_b139_154_155_SNP_N_GenomeWideSNP_6_B03_808722	11	198510	4968510	2475	0.0653
HELVE_p_TCGA_b139_154_155_SNP_N_GenomeWideSNP_6_B03_808722	11	4970243	4976534	34	0.3916
HELVE_p_TCGA_b139_154_155_SNP_N_GenomeWideSNP_6_B03_808722	11	4976596	5787405	790	0.0589
HELVE_p_TCGA_b139_154_155_SNP_N_GenomeWideSNP_6_B03_808722	11	5788080	5809139	32	-1.0507
HELVE_p_TCGA_b139_154_155_SNP_N_GenomeWideSNP_6_B03_808722	11	5809338	55374048	31308	-0.0635
HELVE_p_TCGA_b139_154_155_SNP_N_GenomeWideSNP_6_B03_808722	11	55374188	55447465	54	-0.6988
HELVE_p_TCGA_b139_154_155_SNP_N_GenomeWideSNP_6_B03_808722	11	55452534	65581752	5498	-0.1395
HELVE_p_TCGA_b139_154_155_SNP_N_GenomeWideSNP_6_B03_808722	11	65583066	134944770	46905	0.2287
HELVE_p_TCGA_b139_154_155_SNP_N_GenomeWideSNP_6_B03_808722	12	150442	9633870	6205	0.2282
HELVE_p_TCGA_b139_154_155_SNP_N_GenomeWideSNP_6_B03_808722	12	9637909	9728292	24	-1.4988
HELVE_p_TCGA_b139_154_155_SNP_N_GenomeWideSNP_6_B03_808722	12	9734969	11512492	1190	0.0834
HELVE_p_TCGA_b139_154_155_SNP_N_GenomeWideSNP_6_B03_808722	12	11512531	11543406	29	-2.5634
HELVE_p_TCGA_b139_154_155_SNP_N_GenomeWideSNP_6_B03_808722	12	11552192	33290657	15413	0.0546
HELVE_p_TCGA_b139_154_155_SNP_N_GenomeWideSNP_6_B03_808722	12	33293907	33337983	61	0.3398
HELVE_p_TCGA_b139_154_155_SNP_N_GenomeWideSNP_6_B03_808722	12	33339371	44351743	4688	0.0446
HELVE_p_TCGA_b139_154_155_SNP_N_GenomeWideSNP_6_B03_808722	12	44354797	44538242	116	-0.3854
HELVE_p_TCGA_b139_154_155_SNP_N_GenomeWideSNP_6_B03_808722	12	44543241	45899825	795	0.0545
HELVE_p_TCGA_b139_154_155_SNP_N_GenomeWideSNP_6_B03_808722	12	45904438	45909537	4	1.4718
HELVE_p_TCGA_b139_154_155_SNP_N_GenomeWideSNP_6_B03_808722	12	45913292	99791814	33740	0.0499
HELVE_p_TCGA_b139_154_155_SNP_N_GenomeWideSNP_6_B03_808722	12	99795293	99798734	31	-0.9255
HELVE_p_TCGA_b139_154_155_SNP_N_GenomeWideSNP_6_B03_808722	12	99803093	108481417	5904	0.0523
HELVE_p_TCGA_b139_154_155_SNP_N_GenomeWideSNP_6_B03_808722	12	108483774	108484124	3	1.0332
HELVE_p_TCGA_b139_154_155_SNP_N_GenomeWideSNP_6_B03_808722	12	108486223	133778189	16852	0.0634
HELVE_p_TCGA_b139_154_155_SNP_N_GenomeWideSNP_6_B03_808722	13	19026949	19319635	74	0.1549
HELVE_p_TCGA_b139_154_155_SNP_N_GenomeWideSNP_6_B03_808722	13	19368654	19369310	6	-0.6221
HELVE_p_TCGA_b139_154_155_SNP_N_GenomeWideSNP_6_B03_808722	13	19369436	19776854	276	0.3169
HELVE_p_TCGA_b139_154_155_SNP_N_GenomeWideSNP_6_B03_808722	13	19777093	19777270	2	-1.4952
HELVE_p_TCGA_b139_154_155_SNP_N_GenomeWideSNP_6_B03_808722	13	19781460	20121459	209	0.3728
HELVE_p_TCGA_b139_154_155_SNP_N_GenomeWideSNP_6_B03_808722	13	20123895	20123910	2	-1.8266
HELVE_p_TCGA_b139_154_155_SNP_N_GenomeWideSNP_6_B03_808722	13	20124501	23629210	2327	0.3766
HELVE_p_TCGA_b139_154_155_SNP_N_GenomeWideSNP_6_B03_808722	13	23632678	23638195	13	-0.3073
HELVE_p_TCGA_b139_154_155_SNP_N_GenomeWideSNP_6_B03_808722	13	23638210	25029083	1132	0.387
HELVE_p_TCGA_b139_154_155_SNP_N_GenomeWideSNP_6_B03_808722	13	25029295	25040031	18	-0.1651
HELVE_p_TCGA_b139_154_155_SNP_N_GenomeWideSNP_6_B03_808722	13	25040042	62806981	25111	0.4293
HELVE_p_TCGA_b139_154_155_SNP_N_GenomeWideSNP_6_B03_808722	13	62809274	62809482	3	-1.1037
HELVE_p_TCGA_b139_154_155_SNP_N_GenomeWideSNP_6_B03_808722	13	62818093	72476988	5970	0.4823
HELVE_p_TCGA_b139_154_155_SNP_N_GenomeWideSNP_6_B03_808722	13	72477555	72480556	4	-1.2897
HELVE_p_TCGA_b139_154_155_SNP_N_GenomeWideSNP_6_B03_808722	13	72480605	83164534	7280	0.5037
HELVE_p_TCGA_b139_154_155_SNP_N_GenomeWideSNP_6_B03_808722	13	83168967	83170678	2	-0.6703
HELVE_p_TCGA_b139_154_155_SNP_N_GenomeWideSNP_6_B03_808722	13	83172655	115108397	21850	0.5015
HELVE_p_TCGA_b139_154_155_SNP_N_GenomeWideSNP_6_B03_808722	14	19002124	20137346	79	-0.0284
HELVE_p_TCGA_b139_154_155_SNP_N_GenomeWideSNP_6_B03_808722	14	20143509	20423372	111	0.5071
HELVE_p_TCGA_b139_154_155_SNP_N_GenomeWideSNP_6_B03_808722	14	20424926	24446717	2737	-0.1419
HELVE_p_TCGA_b139_154_155_SNP_N_GenomeWideSNP_6_B03_808722	14	24451431	24461854	10	-1.3908
HELVE_p_TCGA_b139_154_155_SNP_N_GenomeWideSNP_6_B03_808722	14	24464512	24484459	9	-0.2167
HELVE_p_TCGA_b139_154_155_SNP_N_GenomeWideSNP_6_B03_808722	14	24488143	24489438	14	-0.8035
HELVE_p_TCGA_b139_154_155_SNP_N_GenomeWideSNP_6_B03_808722	14	24494075	40964134	10388	-0.1389
HELVE_p_TCGA_b139_154_155_SNP_N_GenomeWideSNP_6_B03_808722	14	40964161	41062145	63	-0.457
HELVE_p_TCGA_b139_154_155_SNP_N_GenomeWideSNP_6_B03_808722	14	41063153	106460902	41690	-0.141
HELVE_p_TCGA_b139_154_155_SNP_N_GenomeWideSNP_6_B03_808722	14	106479675	106482296	4	0.8643
HELVE_p_TCGA_b139_154_155_SNP_N_GenomeWideSNP_6_B03_808722	14	106487040	106542277	25	-0.0874
HELVE_p_TCGA_b139_154_155_SNP_N_GenomeWideSNP_6_B03_808722	14	106547314	106567100	11	0.3803
HELVE_p_TCGA_b139_154_155_SNP_N_GenomeWideSNP_6_B03_808722	14	106569463	106715330	65	-0.1588
HELVE_p_TCGA_b139_154_155_SNP_N_GenomeWideSNP_6_B03_808722	14	106715489	106756961	25	0.1882
HELVE_p_TCGA_b139_154_155_SNP_N_GenomeWideSNP_6_B03_808722	14	106757619	107285437	327	-0.144
HELVE_p_TCGA_b139_154_155_SNP_N_GenomeWideSNP_6_B03_808722	15	20016328	20231906	50	-0.2088
HELVE_p_TCGA_b139_154_155_SNP_N_GenomeWideSNP_6_B03_808722	15	20246372	20269773	7	-1.1401
HELVE_p_TCGA_b139_154_155_SNP_N_GenomeWideSNP_6_B03_808722	15	20284066	22421411	298	-0.5441
HELVE_p_TCGA_b139_154_155_SNP_N_GenomeWideSNP_6_B03_808722	15	22422348	22587474	63	-0.872
HELVE_p_TCGA_b139_154_155_SNP_N_GenomeWideSNP_6_B03_808722	15	22673399	76878362	33906	-0.0979
HELVE_p_TCGA_b139_154_155_SNP_N_GenomeWideSNP_6_B03_808722	15	76891241	76895767	16	0.8404
HELVE_p_TCGA_b139_154_155_SNP_N_GenomeWideSNP_6_B03_808722	15	76895769	82606422	3657	0.075
HELVE_p_TCGA_b139_154_155_SNP_N_GenomeWideSNP_6_B03_808722	15	82670169	83169571	19	-0.5126
HELVE_p_TCGA_b139_154_155_SNP_N_GenomeWideSNP_6_B03_808722	15	83184514	102405136	13999	0.0669
HELVE_p_TCGA_b139_154_155_SNP_N_GenomeWideSNP_6_B03_808722	15	102420602	102469040	12	-0.6027
HELVE_p_TCGA_b139_154_155_SNP_N_GenomeWideSNP_6_B03_808722	16	60777	14777393	11108	0.0803
HELVE_p_TCGA_b139_154_155_SNP_N_GenomeWideSNP_6_B03_808722	16	14777628	15129970	89	0.3486
HELVE_p_TCGA_b139_154_155_SNP_N_GenomeWideSNP_6_B03_808722	16	15134375	29272604	7947	0.0726
HELVE_p_TCGA_b139_154_155_SNP_N_GenomeWideSNP_6_B03_808722	16	29276794	29281055	5	-1.2056
HELVE_p_TCGA_b139_154_155_SNP_N_GenomeWideSNP_6_B03_808722	16	29281765	78371608	22622	0.0316
HELVE_p_TCGA_b139_154_155_SNP_N_GenomeWideSNP_6_B03_808722	16	78372440	78383140	14	-1.8856
HELVE_p_TCGA_b139_154_155_SNP_N_GenomeWideSNP_6_B03_808722	16	78384738	90287535	10639	0.0788
HELVE_p_TCGA_b139_154_155_SNP_N_GenomeWideSNP_6_B03_808722	17	526	9622544	5469	0.1891
HELVE_p_TCGA_b139_154_155_SNP_N_GenomeWideSNP_6_B03_808722	17	9624792	9625755	2	-1.366
HELVE_p_TCGA_b139_154_155_SNP_N_GenomeWideSNP_6_B03_808722	17	9628574	16555509	5007	0.0601
HELVE_p_TCGA_b139_154_155_SNP_N_GenomeWideSNP_6_B03_808722	17	16563481	16563555	2	-0.986
HELVE_p_TCGA_b139_154_155_SNP_N_GenomeWideSNP_6_B03_808722	17	16567539	16654301	26	0.0298
HELVE_p_TCGA_b139_154_155_SNP_N_GenomeWideSNP_6_B03_808722	17	16657331	16718978	8	-0.4049
HELVE_p_TCGA_b139_154_155_SNP_N_GenomeWideSNP_6_B03_808722	17	16719043	18355392	927	0.0844
HELVE_p_TCGA_b139_154_155_SNP_N_GenomeWideSNP_6_B03_808722	17	18358946	18474646	30	0.4226
HELVE_p_TCGA_b139_154_155_SNP_N_GenomeWideSNP_6_B03_808722	17	18496306	34535651	6946	0.0607
HELVE_p_TCGA_b139_154_155_SNP_N_GenomeWideSNP_6_B03_808722	17	34543343	34629696	3	-0.9417
HELVE_p_TCGA_b139_154_155_SNP_N_GenomeWideSNP_6_B03_808722	17	34816256	39423090	2542	0.0837
HELVE_p_TCGA_b139_154_155_SNP_N_GenomeWideSNP_6_B03_808722	17	39423103	39430450	18	1.1142
HELVE_p_TCGA_b139_154_155_SNP_N_GenomeWideSNP_6_B03_808722	17	39430531	43574921	2164	0.0815
HELVE_p_TCGA_b139_154_155_SNP_N_GenomeWideSNP_6_B03_808722	17	43586097	43645893	3	-1.0935
HELVE_p_TCGA_b139_154_155_SNP_N_GenomeWideSNP_6_B03_808722	17	43648504	44176984	356	0.0427
HELVE_p_TCGA_b139_154_155_SNP_N_GenomeWideSNP_6_B03_808722	17	44177050	44352872	112	0.4511
HELVE_p_TCGA_b139_154_155_SNP_N_GenomeWideSNP_6_B03_808722	17	44353885	54159044	5868	0.0638
HELVE_p_TCGA_b139_154_155_SNP_N_GenomeWideSNP_6_B03_808722	17	54160914	54172823	27	-0.8463
HELVE_p_TCGA_b139_154_155_SNP_N_GenomeWideSNP_6_B03_808722	17	54173247	81049726	15777	0.0763
HELVE_p_TCGA_b139_154_155_SNP_N_GenomeWideSNP_6_B03_808722	18	11543	64960883	41185	-0.1356
HELVE_p_TCGA_b139_154_155_SNP_N_GenomeWideSNP_6_B03_808722	18	64961482	64967265	12	-1.0206
HELVE_p_TCGA_b139_154_155_SNP_N_GenomeWideSNP_6_B03_808722	18	64967718	78015057	9588	-0.1439
HELVE_p_TCGA_b139_154_155_SNP_N_GenomeWideSNP_6_B03_808722	19	90910	538487	121	-0.136
HELVE_p_TCGA_b139_154_155_SNP_N_GenomeWideSNP_6_B03_808722	19	547973	2006285	328	0.3998
HELVE_p_TCGA_b139_154_155_SNP_N_GenomeWideSNP_6_B03_808722	19	2021909	15236691	5812	-0.1308
HELVE_p_TCGA_b139_154_155_SNP_N_GenomeWideSNP_6_B03_808722	19	15237173	15237947	2	-1.6392
HELVE_p_TCGA_b139_154_155_SNP_N_GenomeWideSNP_6_B03_808722	19	15238925	24596750	4992	-0.1491
HELVE_p_TCGA_b139_154_155_SNP_N_GenomeWideSNP_6_B03_808722	19	27747993	43703033	9505	0.0837
HELVE_p_TCGA_b139_154_155_SNP_N_GenomeWideSNP_6_B03_808722	19	43703504	43767261	24	-0.5354
HELVE_p_TCGA_b139_154_155_SNP_N_GenomeWideSNP_6_B03_808722	19	43768182	49066659	2714	0.0948
HELVE_p_TCGA_b139_154_155_SNP_N_GenomeWideSNP_6_B03_808722	19	49075259	49075459	3	1.4049
HELVE_p_TCGA_b139_154_155_SNP_N_GenomeWideSNP_6_B03_808722	19	49075915	55569597	3678	-0.1046
HELVE_p_TCGA_b139_154_155_SNP_N_GenomeWideSNP_6_B03_808722	19	55572240	55572259	2	-2.5821
HELVE_p_TCGA_b139_154_155_SNP_N_GenomeWideSNP_6_B03_808722	19	55572284	56282369	310	-0.0815
HELVE_p_TCGA_b139_154_155_SNP_N_GenomeWideSNP_6_B03_808722	19	56282535	56283067	3	-2.0509
HELVE_p_TCGA_b139_154_155_SNP_N_GenomeWideSNP_6_B03_808722	19	56286293	59097854	1850	-0.1383
HELVE_p_TCGA_b139_154_155_SNP_N_GenomeWideSNP_6_B03_808722	20	61305	1552503	1186	0.0644
HELVE_p_TCGA_b139_154_155_SNP_N_GenomeWideSNP_6_B03_808722	20	1557190	1582207	57	-0.5371
HELVE_p_TCGA_b139_154_155_SNP_N_GenomeWideSNP_6_B03_808722	20	1590257	14265117	9605	0.0782
HELVE_p_TCGA_b139_154_155_SNP_N_GenomeWideSNP_6_B03_808722	20	14270069	14540691	154	-0.158
HELVE_p_TCGA_b139_154_155_SNP_N_GenomeWideSNP_6_B03_808722	20	14541080	14583507	29	-0.4547
HELVE_p_TCGA_b139_154_155_SNP_N_GenomeWideSNP_6_B03_808722	20	14584633	14672177	63	-0.0928
HELVE_p_TCGA_b139_154_155_SNP_N_GenomeWideSNP_6_B03_808722	20	14672357	14887382	198	-0.4118
HELVE_p_TCGA_b139_154_155_SNP_N_GenomeWideSNP_6_B03_808722	20	14890643	14899804	20	-0.8102
HELVE_p_TCGA_b139_154_155_SNP_N_GenomeWideSNP_6_B03_808722	20	14900841	26305579	8742	-0.1399
HELVE_p_TCGA_b139_154_155_SNP_N_GenomeWideSNP_6_B03_808722	20	29420352	42064643	7519	0.2465
HELVE_p_TCGA_b139_154_155_SNP_N_GenomeWideSNP_6_B03_808722	20	42065843	50472596	5802	0.4902
HELVE_p_TCGA_b139_154_155_SNP_N_GenomeWideSNP_6_B03_808722	20	50472746	50473133	2	-0.9017
HELVE_p_TCGA_b139_154_155_SNP_N_GenomeWideSNP_6_B03_808722	20	50475418	53757761	2611	0.5258
HELVE_p_TCGA_b139_154_155_SNP_N_GenomeWideSNP_6_B03_808722	20	53761978	54151188	291	-0.1723
HELVE_p_TCGA_b139_154_155_SNP_N_GenomeWideSNP_6_B03_808722	20	54153722	56669386	2073	0.5355
HELVE_p_TCGA_b139_154_155_SNP_N_GenomeWideSNP_6_B03_808722	20	56669979	56670607	3	1.4556
HELVE_p_TCGA_b139_154_155_SNP_N_GenomeWideSNP_6_B03_808722	20	56670829	60545158	3160	0.5303
HELVE_p_TCGA_b139_154_155_SNP_N_GenomeWideSNP_6_B03_808722	20	60545557	62142485	645	-0.1402
HELVE_p_TCGA_b139_154_155_SNP_N_GenomeWideSNP_6_B03_808722	20	62146722	62956153	338	0.69
HELVE_p_TCGA_b139_154_155_SNP_N_GenomeWideSNP_6_B03_808722	21	10736871	48096957	24390	-0.1462
HELVE_p_TCGA_b139_154_155_SNP_N_GenomeWideSNP_6_B03_808722	22	16052528	20032327	1998	-0.1313
HELVE_p_TCGA_b139_154_155_SNP_N_GenomeWideSNP_6_B03_808722	22	20032576	20043370	11	-0.7996
HELVE_p_TCGA_b139_154_155_SNP_N_GenomeWideSNP_6_B03_808722	22	20052767	22473918	1293	-0.1472
HELVE_p_TCGA_b139_154_155_SNP_N_GenomeWideSNP_6_B03_808722	22	22474023	22474613	5	-0.9192
HELVE_p_TCGA_b139_154_155_SNP_N_GenomeWideSNP_6_B03_808722	22	22481498	22554985	182	-0.1109
HELVE_p_TCGA_b139_154_155_SNP_N_GenomeWideSNP_6_B03_808722	22	22555078	22555158	2	-1.5657
HELVE_p_TCGA_b139_154_155_SNP_N_GenomeWideSNP_6_B03_808722	22	22555836	23262981	430	-0.1504
HELVE_p_TCGA_b139_154_155_SNP_N_GenomeWideSNP_6_B03_808722	22	23263242	23263257	2	-2.0841
HELVE_p_TCGA_b139_154_155_SNP_N_GenomeWideSNP_6_B03_808722	22	23263274	42498949	13298	-0.1095
HELVE_p_TCGA_b139_154_155_SNP_N_GenomeWideSNP_6_B03_808722	22	42503320	45115549	1846	-0.3747
HELVE_p_TCGA_b139_154_155_SNP_N_GenomeWideSNP_6_B03_808722	22	45115579	45116203	2	-2.2762
HELVE_p_TCGA_b139_154_155_SNP_N_GenomeWideSNP_6_B03_808722	22	45117434	49398007	3348	-0.3923
HELVE_p_TCGA_b139_154_155_SNP_N_GenomeWideSNP_6_B03_808722	22	49400082	49400552	3	-2.6419
HELVE_p_TCGA_b139_154_155_SNP_N_GenomeWideSNP_6_B03_808722	22	49401116	51234455	1135	-0.4719
HELVE_p_TCGA_b139_154_155_SNP_N_GenomeWideSNP_6_B03_808722	X	168477	143626060	77560	0.0053
HELVE_p_TCGA_b139_154_155_SNP_N_GenomeWideSNP_6_B03_808722	X	143631490	143637684	4	-0.7175
HELVE_p_TCGA_b139_154_155_SNP_N_GenomeWideSNP_6_B03_808722	X	143638124	155182354	6915	0.1736
HELVE_p_TCGA_b139_154_155_SNP_N_GenomeWideSNP_6_B03_808722	Y	2650438	2985595	152	-2.6991
HELVE_p_TCGA_b139_154_155_SNP_N_GenomeWideSNP_6_B03_808722	Y	2985939	6117910	724	-2.2924
HELVE_p_TCGA_b139_154_155_SNP_N_GenomeWideSNP_6_B03_808722	Y	6120432	6313572	86	-3.6488
HELVE_p_TCGA_b139_154_155_SNP_N_GenomeWideSNP_6_B03_808722	Y	6315579	7350046	439	-2.6764
HELVE_p_TCGA_b139_154_155_SNP_N_GenomeWideSNP_6_B03_808722	Y	7350390	9759564	1226	-2.9897
HELVE_p_TCGA_b139_154_155_SNP_N_GenomeWideSNP_6_B03_808722	Y	9774614	15590276	951	-2.7083
HELVE_p_TCGA_b139_154_155_SNP_N_GenomeWideSNP_6_B03_808722	Y	15590342	15594523	3	-7.0279
HELVE_p_TCGA_b139_154_155_SNP_N_GenomeWideSNP_6_B03_808722	Y	15594889	19034392	1825	-2.8223
HELVE_p_TCGA_b139_154_155_SNP_N_GenomeWideSNP_6_B03_808722	Y	19038302	21024613	928	-3.2417
HELVE_p_TCGA_b139_154_155_SNP_N_GenomeWideSNP_6_B03_808722	Y	21025062	24017605	1137	-2.8473
HELVE_p_TCGA_b139_154_155_SNP_N_GenomeWideSNP_6_B03_808722	Y	24018367	24304580	33	-3.6828
HELVE_p_TCGA_b139_154_155_SNP_N_GenomeWideSNP_6_B03_808722	Y	24305453	24515802	107	-2.8821
HELVE_p_TCGA_b139_154_155_SNP_N_GenomeWideSNP_6_B03_808722	Y	24516081	26218232	321	-3.394
HELVE_p_TCGA_b139_154_155_SNP_N_GenomeWideSNP_6_B03_808722	Y	26222820	26630929	90	-2.8378
HELVE_p_TCGA_b139_154_155_SNP_N_GenomeWideSNP_6_B03_808722	Y	26631228	27315972	84	-3.7551
HELVE_p_TCGA_b139_154_155_SNP_N_GenomeWideSNP_6_B03_808722	Y	27367487	27720551	93	-2.6167
HELVE_p_TCGA_b139_154_155_SNP_N_GenomeWideSNP_6_B03_808722	Y	27721084	28452016	258	-3.3175
HELVE_p_TCGA_b139_154_155_SNP_N_GenomeWideSNP_6_B03_808722	Y	28457337	59018259	176	-2.5421
