Sample	Chromosome	Start	End	Num_Probes	Segment_Mean
USAGE_p_TCGA_132_133_136_SNP_N_GenomeWideSNP_6_E12_787548	1	61735	761732	49	-0.1904
USAGE_p_TCGA_132_133_136_SNP_N_GenomeWideSNP_6_E12_787548	1	762118	12892508	6472	-0.7673
USAGE_p_TCGA_132_133_136_SNP_N_GenomeWideSNP_6_E12_787548	1	12909977	12927107	7	-2.9862
USAGE_p_TCGA_132_133_136_SNP_N_GenomeWideSNP_6_E12_787548	1	12927856	31814735	10692	-0.7632
USAGE_p_TCGA_132_133_136_SNP_N_GenomeWideSNP_6_E12_787548	1	31822636	35091638	1862	0.0458
USAGE_p_TCGA_132_133_136_SNP_N_GenomeWideSNP_6_E12_787548	1	35091674	35114268	22	-0.586
USAGE_p_TCGA_132_133_136_SNP_N_GenomeWideSNP_6_E12_787548	1	35115542	41021036	3186	0.0328
USAGE_p_TCGA_132_133_136_SNP_N_GenomeWideSNP_6_E12_787548	1	41022076	41028926	5	-0.9109
USAGE_p_TCGA_132_133_136_SNP_N_GenomeWideSNP_6_E12_787548	1	41030464	52223553	6187	0.0267
USAGE_p_TCGA_132_133_136_SNP_N_GenomeWideSNP_6_E12_787548	1	52223760	52256884	15	-0.7402
USAGE_p_TCGA_132_133_136_SNP_N_GenomeWideSNP_6_E12_787548	1	52263882	52264844	3	-2.1778
USAGE_p_TCGA_132_133_136_SNP_N_GenomeWideSNP_6_E12_787548	1	52265517	53548915	648	-0.7461
USAGE_p_TCGA_132_133_136_SNP_N_GenomeWideSNP_6_E12_787548	1	53550187	53551880	3	-2.471
USAGE_p_TCGA_132_133_136_SNP_N_GenomeWideSNP_6_E12_787548	1	53554305	57637424	3031	-0.7758
USAGE_p_TCGA_132_133_136_SNP_N_GenomeWideSNP_6_E12_787548	1	57645519	57661973	23	-1.3798
USAGE_p_TCGA_132_133_136_SNP_N_GenomeWideSNP_6_E12_787548	1	57663905	77577731	13831	-0.7865
USAGE_p_TCGA_132_133_136_SNP_N_GenomeWideSNP_6_E12_787548	1	77589181	77674084	41	-0.0223
USAGE_p_TCGA_132_133_136_SNP_N_GenomeWideSNP_6_E12_787548	1	77682237	80596275	1781	-0.7885
USAGE_p_TCGA_132_133_136_SNP_N_GenomeWideSNP_6_E12_787548	1	80596899	83850358	2195	-0.0251
USAGE_p_TCGA_132_133_136_SNP_N_GenomeWideSNP_6_E12_787548	1	83850390	83854308	3	-1.3904
USAGE_p_TCGA_132_133_136_SNP_N_GenomeWideSNP_6_E12_787548	1	83857253	89475135	3861	0.0013
USAGE_p_TCGA_132_133_136_SNP_N_GenomeWideSNP_6_E12_787548	1	89475230	89478205	4	-2.2154
USAGE_p_TCGA_132_133_136_SNP_N_GenomeWideSNP_6_E12_787548	1	89481524	92228208	1810	-0.0278
USAGE_p_TCGA_132_133_136_SNP_N_GenomeWideSNP_6_E12_787548	1	92230845	92233820	3	-1.0105
USAGE_p_TCGA_132_133_136_SNP_N_GenomeWideSNP_6_E12_787548	1	92234553	95674710	2104	0.015
USAGE_p_TCGA_132_133_136_SNP_N_GenomeWideSNP_6_E12_787548	1	95676511	95676518	2	-1.3656
USAGE_p_TCGA_132_133_136_SNP_N_GenomeWideSNP_6_E12_787548	1	95680124	112690326	10794	-0.0197
USAGE_p_TCGA_132_133_136_SNP_N_GenomeWideSNP_6_E12_787548	1	112695965	112697241	23	-1.2205
USAGE_p_TCGA_132_133_136_SNP_N_GenomeWideSNP_6_E12_787548	1	112697376	144008335	5193	0.018
USAGE_p_TCGA_132_133_136_SNP_N_GenomeWideSNP_6_E12_787548	1	144008375	144849552	56	0.5052
USAGE_p_TCGA_132_133_136_SNP_N_GenomeWideSNP_6_E12_787548	1	144865627	152756774	2999	0.0099
USAGE_p_TCGA_132_133_136_SNP_N_GenomeWideSNP_6_E12_787548	1	152756806	152773905	41	0.4189
USAGE_p_TCGA_132_133_136_SNP_N_GenomeWideSNP_6_E12_787548	1	152776755	168671797	10845	-0.0027
USAGE_p_TCGA_132_133_136_SNP_N_GenomeWideSNP_6_E12_787548	1	168673204	169216937	496	1.1542
USAGE_p_TCGA_132_133_136_SNP_N_GenomeWideSNP_6_E12_787548	1	169233974	169241766	7	-1.4624
USAGE_p_TCGA_132_133_136_SNP_N_GenomeWideSNP_6_E12_787548	1	169242401	179959310	7035	0.9371
USAGE_p_TCGA_132_133_136_SNP_N_GenomeWideSNP_6_E12_787548	1	179963524	180103851	79	0.4357
USAGE_p_TCGA_132_133_136_SNP_N_GenomeWideSNP_6_E12_787548	1	180108364	181745580	1148	0.9938
USAGE_p_TCGA_132_133_136_SNP_N_GenomeWideSNP_6_E12_787548	1	181749479	181819659	52	-0.0069
USAGE_p_TCGA_132_133_136_SNP_N_GenomeWideSNP_6_E12_787548	1	181824007	182996118	812	1.0329
USAGE_p_TCGA_132_133_136_SNP_N_GenomeWideSNP_6_E12_787548	1	182999408	183052533	31	-0.8509
USAGE_p_TCGA_132_133_136_SNP_N_GenomeWideSNP_6_E12_787548	1	183055571	183130786	42	1.083
USAGE_p_TCGA_132_133_136_SNP_N_GenomeWideSNP_6_E12_787548	1	183132624	184993738	1307	1.49
USAGE_p_TCGA_132_133_136_SNP_N_GenomeWideSNP_6_E12_787548	1	185001558	185002028	2	0.2209
USAGE_p_TCGA_132_133_136_SNP_N_GenomeWideSNP_6_E12_787548	1	185007963	188587841	2295	1.7089
USAGE_p_TCGA_132_133_136_SNP_N_GenomeWideSNP_6_E12_787548	1	188588606	188758604	99	-0.8084
USAGE_p_TCGA_132_133_136_SNP_N_GenomeWideSNP_6_E12_787548	1	188763750	192827950	2650	1.7636
USAGE_p_TCGA_132_133_136_SNP_N_GenomeWideSNP_6_E12_787548	1	192828918	194258078	1079	2.1182
USAGE_p_TCGA_132_133_136_SNP_N_GenomeWideSNP_6_E12_787548	1	194258816	194503962	150	1.8451
USAGE_p_TCGA_132_133_136_SNP_N_GenomeWideSNP_6_E12_787548	1	194507258	195080263	367	1.4232
USAGE_p_TCGA_132_133_136_SNP_N_GenomeWideSNP_6_E12_787548	1	195081099	196444682	893	1.9036
USAGE_p_TCGA_132_133_136_SNP_N_GenomeWideSNP_6_E12_787548	1	196444902	196557329	60	0.3919
USAGE_p_TCGA_132_133_136_SNP_N_GenomeWideSNP_6_E12_787548	1	196559925	196660233	61	2.0189
USAGE_p_TCGA_132_133_136_SNP_N_GenomeWideSNP_6_E12_787548	1	196660261	196714873	52	1.6268
USAGE_p_TCGA_132_133_136_SNP_N_GenomeWideSNP_6_E12_787548	1	196727850	196758159	39	-1.3619
USAGE_p_TCGA_132_133_136_SNP_N_GenomeWideSNP_6_E12_787548	1	196759274	196812507	55	0.1922
USAGE_p_TCGA_132_133_136_SNP_N_GenomeWideSNP_6_E12_787548	1	196812530	196815791	2	-1.8619
USAGE_p_TCGA_132_133_136_SNP_N_GenomeWideSNP_6_E12_787548	1	196816730	197126649	174	1.7109
USAGE_p_TCGA_132_133_136_SNP_N_GenomeWideSNP_6_E12_787548	1	197126926	198105388	542	2.1736
USAGE_p_TCGA_132_133_136_SNP_N_GenomeWideSNP_6_E12_787548	1	198105561	198302735	104	1.6258
USAGE_p_TCGA_132_133_136_SNP_N_GenomeWideSNP_6_E12_787548	1	198302921	198311466	9	2.2762
USAGE_p_TCGA_132_133_136_SNP_N_GenomeWideSNP_6_E12_787548	1	198311960	198328551	23	1.8543
USAGE_p_TCGA_132_133_136_SNP_N_GenomeWideSNP_6_E12_787548	1	198329971	199027580	466	2.3694
USAGE_p_TCGA_132_133_136_SNP_N_GenomeWideSNP_6_E12_787548	1	199034240	202853784	2577	-0.8011
USAGE_p_TCGA_132_133_136_SNP_N_GenomeWideSNP_6_E12_787548	1	202859600	209426581	4360	1.5954
USAGE_p_TCGA_132_133_136_SNP_N_GenomeWideSNP_6_E12_787548	1	209439407	209813329	332	0.8226
USAGE_p_TCGA_132_133_136_SNP_N_GenomeWideSNP_6_E12_787548	1	209814879	210718624	705	-0.0036
USAGE_p_TCGA_132_133_136_SNP_N_GenomeWideSNP_6_E12_787548	1	210719593	215007029	2894	0.4951
USAGE_p_TCGA_132_133_136_SNP_N_GenomeWideSNP_6_E12_787548	1	215009374	215081934	51	1.1045
USAGE_p_TCGA_132_133_136_SNP_N_GenomeWideSNP_6_E12_787548	1	215083768	215095831	14	0.4386
USAGE_p_TCGA_132_133_136_SNP_N_GenomeWideSNP_6_E12_787548	1	215099919	215264248	135	1.1997
USAGE_p_TCGA_132_133_136_SNP_N_GenomeWideSNP_6_E12_787548	1	215264486	215408121	112	0.4646
USAGE_p_TCGA_132_133_136_SNP_N_GenomeWideSNP_6_E12_787548	1	215415365	216749757	873	-0.846
USAGE_p_TCGA_132_133_136_SNP_N_GenomeWideSNP_6_E12_787548	1	216750141	224192468	5099	0.4399
USAGE_p_TCGA_132_133_136_SNP_N_GenomeWideSNP_6_E12_787548	1	224194039	231628292	4759	-0.0016
USAGE_p_TCGA_132_133_136_SNP_N_GenomeWideSNP_6_E12_787548	1	231629771	249224388	12666	-0.8186
USAGE_p_TCGA_132_133_136_SNP_N_GenomeWideSNP_6_E12_787548	2	12784	3187925	2222	-0.0363
USAGE_p_TCGA_132_133_136_SNP_N_GenomeWideSNP_6_E12_787548	2	3188040	3188111	2	-1.6651
USAGE_p_TCGA_132_133_136_SNP_N_GenomeWideSNP_6_E12_787548	2	3188304	4205687	766	0.011
USAGE_p_TCGA_132_133_136_SNP_N_GenomeWideSNP_6_E12_787548	2	4213864	4224019	42	-0.5652
USAGE_p_TCGA_132_133_136_SNP_N_GenomeWideSNP_6_E12_787548	2	4230062	27839043	16485	0.0142
USAGE_p_TCGA_132_133_136_SNP_N_GenomeWideSNP_6_E12_787548	2	27839539	37192866	6551	-0.8058
USAGE_p_TCGA_132_133_136_SNP_N_GenomeWideSNP_6_E12_787548	2	37203510	97865337	35202	-0.0042
USAGE_p_TCGA_132_133_136_SNP_N_GenomeWideSNP_6_E12_787548	2	97865413	97918717	22	-0.4886
USAGE_p_TCGA_132_133_136_SNP_N_GenomeWideSNP_6_E12_787548	2	97949121	98025647	13	0.0306
USAGE_p_TCGA_132_133_136_SNP_N_GenomeWideSNP_6_E12_787548	2	98063372	98177312	18	0.5475
USAGE_p_TCGA_132_133_136_SNP_N_GenomeWideSNP_6_E12_787548	2	98179204	123481713	15145	8e-04
USAGE_p_TCGA_132_133_136_SNP_N_GenomeWideSNP_6_E12_787548	2	123481728	123482241	6	-0.9116
USAGE_p_TCGA_132_133_136_SNP_N_GenomeWideSNP_6_E12_787548	2	123483653	130788774	4787	-0.0081
USAGE_p_TCGA_132_133_136_SNP_N_GenomeWideSNP_6_E12_787548	2	130793856	130817339	4	-1.019
USAGE_p_TCGA_132_133_136_SNP_N_GenomeWideSNP_6_E12_787548	2	130817360	132975160	718	-0.0149
USAGE_p_TCGA_132_133_136_SNP_N_GenomeWideSNP_6_E12_787548	2	133008195	133100962	30	-0.4938
USAGE_p_TCGA_132_133_136_SNP_N_GenomeWideSNP_6_E12_787548	2	133101442	133103441	2	-3.9537
USAGE_p_TCGA_132_133_136_SNP_N_GenomeWideSNP_6_E12_787548	2	133108026	146864457	8857	-0.0413
USAGE_p_TCGA_132_133_136_SNP_N_GenomeWideSNP_6_E12_787548	2	146864583	146866934	20	0.6535
USAGE_p_TCGA_132_133_136_SNP_N_GenomeWideSNP_6_E12_787548	2	146877806	237803366	56092	-0.0134
USAGE_p_TCGA_132_133_136_SNP_N_GenomeWideSNP_6_E12_787548	2	237803533	237803982	5	-0.999
USAGE_p_TCGA_132_133_136_SNP_N_GenomeWideSNP_6_E12_787548	2	237804092	241018814	2088	0.0017
USAGE_p_TCGA_132_133_136_SNP_N_GenomeWideSNP_6_E12_787548	2	241021885	241022359	2	1.3474
USAGE_p_TCGA_132_133_136_SNP_N_GenomeWideSNP_6_E12_787548	2	241029498	243089456	993	0.0134
USAGE_p_TCGA_132_133_136_SNP_N_GenomeWideSNP_6_E12_787548	3	60345	16239063	12951	-0.0176
USAGE_p_TCGA_132_133_136_SNP_N_GenomeWideSNP_6_E12_787548	3	16240556	16241179	6	-0.9913
USAGE_p_TCGA_132_133_136_SNP_N_GenomeWideSNP_6_E12_787548	3	16241325	37977417	14743	-0.0274
USAGE_p_TCGA_132_133_136_SNP_N_GenomeWideSNP_6_E12_787548	3	37982108	37986928	18	-0.8409
USAGE_p_TCGA_132_133_136_SNP_N_GenomeWideSNP_6_E12_787548	3	37987106	47478509	5856	-0.0066
USAGE_p_TCGA_132_133_136_SNP_N_GenomeWideSNP_6_E12_787548	3	47491822	47492720	2	-2.2775
USAGE_p_TCGA_132_133_136_SNP_N_GenomeWideSNP_6_E12_787548	3	47497214	60659567	7913	-0.0013
USAGE_p_TCGA_132_133_136_SNP_N_GenomeWideSNP_6_E12_787548	3	60660120	60770570	130	-0.7597
USAGE_p_TCGA_132_133_136_SNP_N_GenomeWideSNP_6_E12_787548	3	60771432	64617070	3210	0.0034
USAGE_p_TCGA_132_133_136_SNP_N_GenomeWideSNP_6_E12_787548	3	64617369	64620795	4	-1.5341
USAGE_p_TCGA_132_133_136_SNP_N_GenomeWideSNP_6_E12_787548	3	64620883	78482101	9660	-0.0199
USAGE_p_TCGA_132_133_136_SNP_N_GenomeWideSNP_6_E12_787548	3	78482118	78482179	3	3.0132
USAGE_p_TCGA_132_133_136_SNP_N_GenomeWideSNP_6_E12_787548	3	78482193	129766586	28145	-0.0403
USAGE_p_TCGA_132_133_136_SNP_N_GenomeWideSNP_6_E12_787548	3	129775858	129806236	50	0.5021
USAGE_p_TCGA_132_133_136_SNP_N_GenomeWideSNP_6_E12_787548	3	129806924	137033060	4511	-0.0217
USAGE_p_TCGA_132_133_136_SNP_N_GenomeWideSNP_6_E12_787548	3	137033260	137033263	3	1.2674
USAGE_p_TCGA_132_133_136_SNP_N_GenomeWideSNP_6_E12_787548	3	137033422	162123366	15506	-0.0349
USAGE_p_TCGA_132_133_136_SNP_N_GenomeWideSNP_6_E12_787548	3	162137600	162144405	17	-0.6807
USAGE_p_TCGA_132_133_136_SNP_N_GenomeWideSNP_6_E12_787548	3	162144420	162513459	263	-0.0255
USAGE_p_TCGA_132_133_136_SNP_N_GenomeWideSNP_6_E12_787548	3	162514627	162521623	6	-1.0698
USAGE_p_TCGA_132_133_136_SNP_N_GenomeWideSNP_6_E12_787548	3	162524858	192877902	19262	-0.0283
USAGE_p_TCGA_132_133_136_SNP_N_GenomeWideSNP_6_E12_787548	3	192877962	192882903	19	-0.8272
USAGE_p_TCGA_132_133_136_SNP_N_GenomeWideSNP_6_E12_787548	3	192886435	197896118	2708	0.0117
USAGE_p_TCGA_132_133_136_SNP_N_GenomeWideSNP_6_E12_787548	4	12281	65761	56	-0.214
USAGE_p_TCGA_132_133_136_SNP_N_GenomeWideSNP_6_E12_787548	4	65978	10228927	5714	-0.8107
USAGE_p_TCGA_132_133_136_SNP_N_GenomeWideSNP_6_E12_787548	4	10229117	10231249	19	-1.7857
USAGE_p_TCGA_132_133_136_SNP_N_GenomeWideSNP_6_E12_787548	4	10231498	17667752	5858	-0.8377
USAGE_p_TCGA_132_133_136_SNP_N_GenomeWideSNP_6_E12_787548	4	17667766	17668504	2	-3.1659
USAGE_p_TCGA_132_133_136_SNP_N_GenomeWideSNP_6_E12_787548	4	17669185	21213480	2215	-0.8116
USAGE_p_TCGA_132_133_136_SNP_N_GenomeWideSNP_6_E12_787548	4	21215224	21216230	2	-3.1983
USAGE_p_TCGA_132_133_136_SNP_N_GenomeWideSNP_6_E12_787548	4	21216966	34778975	8857	-0.8186
USAGE_p_TCGA_132_133_136_SNP_N_GenomeWideSNP_6_E12_787548	4	34779004	34819110	38	-1.5422
USAGE_p_TCGA_132_133_136_SNP_N_GenomeWideSNP_6_E12_787548	4	34819211	49309854	8966	-0.8084
USAGE_p_TCGA_132_133_136_SNP_N_GenomeWideSNP_6_E12_787548	4	49503166	49658612	19	0.1859
USAGE_p_TCGA_132_133_136_SNP_N_GenomeWideSNP_6_E12_787548	4	52685699	55102559	1431	-0.7975
USAGE_p_TCGA_132_133_136_SNP_N_GenomeWideSNP_6_E12_787548	4	55102958	55121309	46	-0.358
USAGE_p_TCGA_132_133_136_SNP_N_GenomeWideSNP_6_E12_787548	4	55124460	55157441	73	-0.691
USAGE_p_TCGA_132_133_136_SNP_N_GenomeWideSNP_6_E12_787548	4	55158045	55159544	18	-0.3341
USAGE_p_TCGA_132_133_136_SNP_N_GenomeWideSNP_6_E12_787548	4	55162271	64147093	5673	-0.838
USAGE_p_TCGA_132_133_136_SNP_N_GenomeWideSNP_6_E12_787548	4	64151660	64151913	2	-4.7305
USAGE_p_TCGA_132_133_136_SNP_N_GenomeWideSNP_6_E12_787548	4	64154567	65879424	1059	-0.8242
USAGE_p_TCGA_132_133_136_SNP_N_GenomeWideSNP_6_E12_787548	4	65880275	69456622	2201	-0.0388
USAGE_p_TCGA_132_133_136_SNP_N_GenomeWideSNP_6_E12_787548	4	69457007	69484049	15	-0.5997
USAGE_p_TCGA_132_133_136_SNP_N_GenomeWideSNP_6_E12_787548	4	69484087	115173563	27753	-0.0143
USAGE_p_TCGA_132_133_136_SNP_N_GenomeWideSNP_6_E12_787548	4	115173589	115184252	30	0.6324
USAGE_p_TCGA_132_133_136_SNP_N_GenomeWideSNP_6_E12_787548	4	115184266	122281973	4351	-0.0276
USAGE_p_TCGA_132_133_136_SNP_N_GenomeWideSNP_6_E12_787548	4	122282468	122285135	28	-0.6734
USAGE_p_TCGA_132_133_136_SNP_N_GenomeWideSNP_6_E12_787548	4	122291131	130062751	4363	-0.0054
USAGE_p_TCGA_132_133_136_SNP_N_GenomeWideSNP_6_E12_787548	4	130067546	130068160	2	-2.9754
USAGE_p_TCGA_132_133_136_SNP_N_GenomeWideSNP_6_E12_787548	4	130072563	138092239	4520	-0.0458
USAGE_p_TCGA_132_133_136_SNP_N_GenomeWideSNP_6_E12_787548	4	138092420	138093414	14	-0.7701
USAGE_p_TCGA_132_133_136_SNP_N_GenomeWideSNP_6_E12_787548	4	138094958	155802548	10856	-0.0025
USAGE_p_TCGA_132_133_136_SNP_N_GenomeWideSNP_6_E12_787548	4	155803005	155803078	3	-2.8299
USAGE_p_TCGA_132_133_136_SNP_N_GenomeWideSNP_6_E12_787548	4	155803199	172989373	11033	-0.03
USAGE_p_TCGA_132_133_136_SNP_N_GenomeWideSNP_6_E12_787548	4	172989408	172989505	5	-1.8806
USAGE_p_TCGA_132_133_136_SNP_N_GenomeWideSNP_6_E12_787548	4	172989519	179599284	4046	-0.0436
USAGE_p_TCGA_132_133_136_SNP_N_GenomeWideSNP_6_E12_787548	4	179600023	179600151	2	-1.5767
USAGE_p_TCGA_132_133_136_SNP_N_GenomeWideSNP_6_E12_787548	4	179601469	191027923	8085	-0.0155
USAGE_p_TCGA_132_133_136_SNP_N_GenomeWideSNP_6_E12_787548	5	15532	741695	324	-0.011
USAGE_p_TCGA_132_133_136_SNP_N_GenomeWideSNP_6_E12_787548	5	742039	852566	42	-0.3189
USAGE_p_TCGA_132_133_136_SNP_N_GenomeWideSNP_6_E12_787548	5	863797	10704622	8327	3e-04
USAGE_p_TCGA_132_133_136_SNP_N_GenomeWideSNP_6_E12_787548	5	10705602	10838368	131	0.4903
USAGE_p_TCGA_132_133_136_SNP_N_GenomeWideSNP_6_E12_787548	5	10838490	10844748	3	-0.5801
USAGE_p_TCGA_132_133_136_SNP_N_GenomeWideSNP_6_E12_787548	5	10846476	10958635	129	0.5151
USAGE_p_TCGA_132_133_136_SNP_N_GenomeWideSNP_6_E12_787548	5	10959306	12785262	1266	-0.0533
USAGE_p_TCGA_132_133_136_SNP_N_GenomeWideSNP_6_E12_787548	5	12790869	12820076	13	0.6304
USAGE_p_TCGA_132_133_136_SNP_N_GenomeWideSNP_6_E12_787548	5	12824411	12849201	6	0.2303
USAGE_p_TCGA_132_133_136_SNP_N_GenomeWideSNP_6_E12_787548	5	12857133	12910253	18	-0.3461
USAGE_p_TCGA_132_133_136_SNP_N_GenomeWideSNP_6_E12_787548	5	12910368	15719350	1960	0.0496
USAGE_p_TCGA_132_133_136_SNP_N_GenomeWideSNP_6_E12_787548	5	15720075	15720597	9	-0.8834
USAGE_p_TCGA_132_133_136_SNP_N_GenomeWideSNP_6_E12_787548	5	15723346	58660797	24769	-0.0304
USAGE_p_TCGA_132_133_136_SNP_N_GenomeWideSNP_6_E12_787548	5	58661597	58854588	162	-0.8659
USAGE_p_TCGA_132_133_136_SNP_N_GenomeWideSNP_6_E12_787548	5	58855639	96396987	21332	-0.0177
USAGE_p_TCGA_132_133_136_SNP_N_GenomeWideSNP_6_E12_787548	5	96397636	96399681	2	-2.2391
USAGE_p_TCGA_132_133_136_SNP_N_GenomeWideSNP_6_E12_787548	5	96403620	97045121	393	0.0192
USAGE_p_TCGA_132_133_136_SNP_N_GenomeWideSNP_6_E12_787548	5	97048466	97099320	43	-3.9724
USAGE_p_TCGA_132_133_136_SNP_N_GenomeWideSNP_6_E12_787548	5	97099684	129050541	20807	-0.0344
USAGE_p_TCGA_132_133_136_SNP_N_GenomeWideSNP_6_E12_787548	5	129050648	129059028	3	-1.7152
USAGE_p_TCGA_132_133_136_SNP_N_GenomeWideSNP_6_E12_787548	5	129059484	155475105	16555	-0.0062
USAGE_p_TCGA_132_133_136_SNP_N_GenomeWideSNP_6_E12_787548	5	155476772	155495250	15	-1.4151
USAGE_p_TCGA_132_133_136_SNP_N_GenomeWideSNP_6_E12_787548	5	155495253	177132443	14818	-0.0223
USAGE_p_TCGA_132_133_136_SNP_N_GenomeWideSNP_6_E12_787548	5	177133658	177198449	11	-0.6314
USAGE_p_TCGA_132_133_136_SNP_N_GenomeWideSNP_6_E12_787548	5	177227551	180374484	1815	0.0046
USAGE_p_TCGA_132_133_136_SNP_N_GenomeWideSNP_6_E12_787548	5	180374523	180418103	20	0.4728
USAGE_p_TCGA_132_133_136_SNP_N_GenomeWideSNP_6_E12_787548	5	180433225	180790320	170	-0.0532
USAGE_p_TCGA_132_133_136_SNP_N_GenomeWideSNP_6_E12_787548	6	149661	26737457	20291	-0.0055
USAGE_p_TCGA_132_133_136_SNP_N_GenomeWideSNP_6_E12_787548	6	26738777	26758030	13	0.8236
USAGE_p_TCGA_132_133_136_SNP_N_GenomeWideSNP_6_E12_787548	6	26762387	29837187	1450	-0.034
USAGE_p_TCGA_132_133_136_SNP_N_GenomeWideSNP_6_E12_787548	6	29837188	29850196	16	-0.7058
USAGE_p_TCGA_132_133_136_SNP_N_GenomeWideSNP_6_E12_787548	6	29850274	32624304	1254	0.0613
USAGE_p_TCGA_132_133_136_SNP_N_GenomeWideSNP_6_E12_787548	6	32624591	32625937	4	1.2515
USAGE_p_TCGA_132_133_136_SNP_N_GenomeWideSNP_6_E12_787548	6	32626618	32688615	39	0.1408
USAGE_p_TCGA_132_133_136_SNP_N_GenomeWideSNP_6_E12_787548	6	32688632	32688853	2	-1.5185
USAGE_p_TCGA_132_133_136_SNP_N_GenomeWideSNP_6_E12_787548	6	32689324	74591858	24231	-0.0081
USAGE_p_TCGA_132_133_136_SNP_N_GenomeWideSNP_6_E12_787548	6	74592225	74594563	5	1.0803
USAGE_p_TCGA_132_133_136_SNP_N_GenomeWideSNP_6_E12_787548	6	74594734	77436532	1776	-0.0064
USAGE_p_TCGA_132_133_136_SNP_N_GenomeWideSNP_6_E12_787548	6	77439868	77452673	19	-0.7798
USAGE_p_TCGA_132_133_136_SNP_N_GenomeWideSNP_6_E12_787548	6	77452689	78962889	982	-0.0451
USAGE_p_TCGA_132_133_136_SNP_N_GenomeWideSNP_6_E12_787548	6	78969065	79035185	111	-2.1493
USAGE_p_TCGA_132_133_136_SNP_N_GenomeWideSNP_6_E12_787548	6	79039234	103738039	15497	-0.0417
USAGE_p_TCGA_132_133_136_SNP_N_GenomeWideSNP_6_E12_787548	6	103738084	103738406	7	0.9139
USAGE_p_TCGA_132_133_136_SNP_N_GenomeWideSNP_6_E12_787548	6	103747421	103747610	6	-0.0707
USAGE_p_TCGA_132_133_136_SNP_N_GenomeWideSNP_6_E12_787548	6	103747730	103762061	31	0.7448
USAGE_p_TCGA_132_133_136_SNP_N_GenomeWideSNP_6_E12_787548	6	103765470	162332106	38016	-0.0321
USAGE_p_TCGA_132_133_136_SNP_N_GenomeWideSNP_6_E12_787548	6	162335189	162347068	15	-0.7966
USAGE_p_TCGA_132_133_136_SNP_N_GenomeWideSNP_6_E12_787548	6	162357577	171051005	6232	-0.0385
USAGE_p_TCGA_132_133_136_SNP_N_GenomeWideSNP_6_E12_787548	7	43355	57534527	40498	-0.0034
USAGE_p_TCGA_132_133_136_SNP_N_GenomeWideSNP_6_E12_787548	7	57536111	57536638	3	-1.6912
USAGE_p_TCGA_132_133_136_SNP_N_GenomeWideSNP_6_E12_787548	7	57536709	58019983	174	-0.1169
USAGE_p_TCGA_132_133_136_SNP_N_GenomeWideSNP_6_E12_787548	7	61063974	61987244	59	0.3506
USAGE_p_TCGA_132_133_136_SNP_N_GenomeWideSNP_6_E12_787548	7	61987257	66629240	1748	-0.0221
USAGE_p_TCGA_132_133_136_SNP_N_GenomeWideSNP_6_E12_787548	7	66629329	66780206	44	-0.3211
USAGE_p_TCGA_132_133_136_SNP_N_GenomeWideSNP_6_E12_787548	7	66780841	126045482	34962	-0.0104
USAGE_p_TCGA_132_133_136_SNP_N_GenomeWideSNP_6_E12_787548	7	126045556	126046879	15	0.7089
USAGE_p_TCGA_132_133_136_SNP_N_GenomeWideSNP_6_E12_787548	7	126046880	133785195	4706	0.0053
USAGE_p_TCGA_132_133_136_SNP_N_GenomeWideSNP_6_E12_787548	7	133785211	133795634	24	-1.655
USAGE_p_TCGA_132_133_136_SNP_N_GenomeWideSNP_6_E12_787548	7	133795665	141770161	5218	-0.0113
USAGE_p_TCGA_132_133_136_SNP_N_GenomeWideSNP_6_E12_787548	7	141770260	141770509	3	-1.3637
USAGE_p_TCGA_132_133_136_SNP_N_GenomeWideSNP_6_E12_787548	7	141770532	143909445	1353	0.0064
USAGE_p_TCGA_132_133_136_SNP_N_GenomeWideSNP_6_E12_787548	7	143911624	144066947	39	0.6721
USAGE_p_TCGA_132_133_136_SNP_N_GenomeWideSNP_6_E12_787548	7	144074929	159127004	9699	0.0046
USAGE_p_TCGA_132_133_136_SNP_N_GenomeWideSNP_6_E12_787548	8	31254	1360130	866	-0.027
USAGE_p_TCGA_132_133_136_SNP_N_GenomeWideSNP_6_E12_787548	8	1360322	1360702	9	-0.8768
USAGE_p_TCGA_132_133_136_SNP_N_GenomeWideSNP_6_E12_787548	8	1360734	3787060	2563	-0.0296
USAGE_p_TCGA_132_133_136_SNP_N_GenomeWideSNP_6_E12_787548	8	3787083	3790106	23	-0.8002
USAGE_p_TCGA_132_133_136_SNP_N_GenomeWideSNP_6_E12_787548	8	3791218	23402308	17246	-0.0083
USAGE_p_TCGA_132_133_136_SNP_N_GenomeWideSNP_6_E12_787548	8	23407740	23410325	7	-0.804
USAGE_p_TCGA_132_133_136_SNP_N_GenomeWideSNP_6_E12_787548	8	23410435	40182117	10857	0.0094
USAGE_p_TCGA_132_133_136_SNP_N_GenomeWideSNP_6_E12_787548	8	40183797	40189511	34	-0.8782
USAGE_p_TCGA_132_133_136_SNP_N_GenomeWideSNP_6_E12_787548	8	40192910	56986178	7898	7e-04
USAGE_p_TCGA_132_133_136_SNP_N_GenomeWideSNP_6_E12_787548	8	56991382	56995422	6	-1.2617
USAGE_p_TCGA_132_133_136_SNP_N_GenomeWideSNP_6_E12_787548	8	56998480	64462206	4919	-0.0225
USAGE_p_TCGA_132_133_136_SNP_N_GenomeWideSNP_6_E12_787548	8	64468531	68547669	2106	0.4313
USAGE_p_TCGA_132_133_136_SNP_N_GenomeWideSNP_6_E12_787548	8	68548132	68548491	7	-0.7567
USAGE_p_TCGA_132_133_136_SNP_N_GenomeWideSNP_6_E12_787548	8	68548529	88058368	11799	0.4498
USAGE_p_TCGA_132_133_136_SNP_N_GenomeWideSNP_6_E12_787548	8	88064674	88064690	2	-1.1587
USAGE_p_TCGA_132_133_136_SNP_N_GenomeWideSNP_6_E12_787548	8	88070485	112291494	14709	0.4535
USAGE_p_TCGA_132_133_136_SNP_N_GenomeWideSNP_6_E12_787548	8	112294279	112295260	10	-0.2456
USAGE_p_TCGA_132_133_136_SNP_N_GenomeWideSNP_6_E12_787548	8	112300281	128442469	10666	0.4704
USAGE_p_TCGA_132_133_136_SNP_N_GenomeWideSNP_6_E12_787548	8	128447549	128452766	2	-1.176
USAGE_p_TCGA_132_133_136_SNP_N_GenomeWideSNP_6_E12_787548	8	128453765	146298155	12284	0.4713
USAGE_p_TCGA_132_133_136_SNP_N_GenomeWideSNP_6_E12_787548	9	46587	1446459	1466	0.0283
USAGE_p_TCGA_132_133_136_SNP_N_GenomeWideSNP_6_E12_787548	9	1446987	1450320	12	-1.1142
USAGE_p_TCGA_132_133_136_SNP_N_GenomeWideSNP_6_E12_787548	9	1453039	11090589	9114	-8e-04
USAGE_p_TCGA_132_133_136_SNP_N_GenomeWideSNP_6_E12_787548	9	11092632	11097217	6	-0.9335
USAGE_p_TCGA_132_133_136_SNP_N_GenomeWideSNP_6_E12_787548	9	11097562	77311836	25860	0.0058
USAGE_p_TCGA_132_133_136_SNP_N_GenomeWideSNP_6_E12_787548	9	77312303	77315016	4	-1.226
USAGE_p_TCGA_132_133_136_SNP_N_GenomeWideSNP_6_E12_787548	9	77315134	79554460	1786	0.0087
USAGE_p_TCGA_132_133_136_SNP_N_GenomeWideSNP_6_E12_787548	9	79556881	79566864	5	-1.23
USAGE_p_TCGA_132_133_136_SNP_N_GenomeWideSNP_6_E12_787548	9	79566889	141091394	41709	0.018
USAGE_p_TCGA_132_133_136_SNP_N_GenomeWideSNP_6_E12_787548	10	72759	18185123	14902	-0.0031
USAGE_p_TCGA_132_133_136_SNP_N_GenomeWideSNP_6_E12_787548	10	18196769	18199813	2	-1.9283
USAGE_p_TCGA_132_133_136_SNP_N_GenomeWideSNP_6_E12_787548	10	18223647	27221957	6345	-0.0194
USAGE_p_TCGA_132_133_136_SNP_N_GenomeWideSNP_6_E12_787548	10	27222045	27228473	16	-0.629
USAGE_p_TCGA_132_133_136_SNP_N_GenomeWideSNP_6_E12_787548	10	27229993	46975060	10354	0.0046
USAGE_p_TCGA_132_133_136_SNP_N_GenomeWideSNP_6_E12_787548	10	46977295	47414281	146	0.3187
USAGE_p_TCGA_132_133_136_SNP_N_GenomeWideSNP_6_E12_787548	10	47419711	67306276	12996	-0.0128
USAGE_p_TCGA_132_133_136_SNP_N_GenomeWideSNP_6_E12_787548	10	67307923	67322795	29	-0.4147
USAGE_p_TCGA_132_133_136_SNP_N_GenomeWideSNP_6_E12_787548	10	67322926	124344109	38403	0.0184
USAGE_p_TCGA_132_133_136_SNP_N_GenomeWideSNP_6_E12_787548	10	124344223	124351013	5	-1.2667
USAGE_p_TCGA_132_133_136_SNP_N_GenomeWideSNP_6_E12_787548	10	124356812	124577596	163	0.0579
USAGE_p_TCGA_132_133_136_SNP_N_GenomeWideSNP_6_E12_787548	10	124577757	124577881	2	-1.4584
USAGE_p_TCGA_132_133_136_SNP_N_GenomeWideSNP_6_E12_787548	10	124579335	135229141	7603	0.0179
USAGE_p_TCGA_132_133_136_SNP_N_GenomeWideSNP_6_E12_787548	10	135229719	135229868	2	-2.0828
USAGE_p_TCGA_132_133_136_SNP_N_GenomeWideSNP_6_E12_787548	10	135232654	135506704	151	-0.0191
USAGE_p_TCGA_132_133_136_SNP_N_GenomeWideSNP_6_E12_787548	11	198510	4726440	2203	0.0258
USAGE_p_TCGA_132_133_136_SNP_N_GenomeWideSNP_6_E12_787548	11	4726618	4726891	5	-1.0904
USAGE_p_TCGA_132_133_136_SNP_N_GenomeWideSNP_6_E12_787548	11	4729134	5783052	1090	-0.0334
USAGE_p_TCGA_132_133_136_SNP_N_GenomeWideSNP_6_E12_787548	11	5783112	5809139	37	-0.5657
USAGE_p_TCGA_132_133_136_SNP_N_GenomeWideSNP_6_E12_787548	11	5809338	18949109	9427	0.0179
USAGE_p_TCGA_132_133_136_SNP_N_GenomeWideSNP_6_E12_787548	11	18949325	18961818	52	-0.2607
USAGE_p_TCGA_132_133_136_SNP_N_GenomeWideSNP_6_E12_787548	11	18961922	42813151	17211	-0.0173
USAGE_p_TCGA_132_133_136_SNP_N_GenomeWideSNP_6_E12_787548	11	42816486	42818039	2	-2.0524
USAGE_p_TCGA_132_133_136_SNP_N_GenomeWideSNP_6_E12_787548	11	42820603	55376261	4644	-3e-04
USAGE_p_TCGA_132_133_136_SNP_N_GenomeWideSNP_6_E12_787548	11	55376280	55453009	52	-0.3963
USAGE_p_TCGA_132_133_136_SNP_N_GenomeWideSNP_6_E12_787548	11	55453576	124771531	44658	-0.0098
USAGE_p_TCGA_132_133_136_SNP_N_GenomeWideSNP_6_E12_787548	11	124775987	124777418	3	-1.2103
USAGE_p_TCGA_132_133_136_SNP_N_GenomeWideSNP_6_E12_787548	11	124788668	134944770	7780	-0.0029
USAGE_p_TCGA_132_133_136_SNP_N_GenomeWideSNP_6_E12_787548	12	150442	9456821	6124	0.4779
USAGE_p_TCGA_132_133_136_SNP_N_GenomeWideSNP_6_E12_787548	12	9460534	9467809	3	-1.2529
USAGE_p_TCGA_132_133_136_SNP_N_GenomeWideSNP_6_E12_787548	12	9472365	11220827	1152	0.4133
USAGE_p_TCGA_132_133_136_SNP_N_GenomeWideSNP_6_E12_787548	12	11222368	11260275	13	1.3035
USAGE_p_TCGA_132_133_136_SNP_N_GenomeWideSNP_6_E12_787548	12	11261335	29159781	12514	0.4629
USAGE_p_TCGA_132_133_136_SNP_N_GenomeWideSNP_6_E12_787548	12	29163628	29164522	3	-1.1705
USAGE_p_TCGA_132_133_136_SNP_N_GenomeWideSNP_6_E12_787548	12	29167983	30405704	1004	0.4404
USAGE_p_TCGA_132_133_136_SNP_N_GenomeWideSNP_6_E12_787548	12	30405868	30406317	2	-1.095
USAGE_p_TCGA_132_133_136_SNP_N_GenomeWideSNP_6_E12_787548	12	30406460	31265057	678	0.4769
USAGE_p_TCGA_132_133_136_SNP_N_GenomeWideSNP_6_E12_787548	12	31269298	31407123	91	1.0647
USAGE_p_TCGA_132_133_136_SNP_N_GenomeWideSNP_6_E12_787548	12	31409879	45904438	6958	0.4483
USAGE_p_TCGA_132_133_136_SNP_N_GenomeWideSNP_6_E12_787548	12	45905840	45909537	3	-1.9829
USAGE_p_TCGA_132_133_136_SNP_N_GenomeWideSNP_6_E12_787548	12	45913292	48724820	1718	0.4499
USAGE_p_TCGA_132_133_136_SNP_N_GenomeWideSNP_6_E12_787548	12	48725019	48725415	5	-0.4363
USAGE_p_TCGA_132_133_136_SNP_N_GenomeWideSNP_6_E12_787548	12	48730036	58721231	5497	0.4637
USAGE_p_TCGA_132_133_136_SNP_N_GenomeWideSNP_6_E12_787548	12	58730151	58730162	2	-1.5176
USAGE_p_TCGA_132_133_136_SNP_N_GenomeWideSNP_6_E12_787548	12	58730848	78634929	13025	0.4544
USAGE_p_TCGA_132_133_136_SNP_N_GenomeWideSNP_6_E12_787548	12	78635192	78639115	3	1.5996
USAGE_p_TCGA_132_133_136_SNP_N_GenomeWideSNP_6_E12_787548	12	78639205	127371667	31563	0.4591
USAGE_p_TCGA_132_133_136_SNP_N_GenomeWideSNP_6_E12_787548	12	127373663	127373739	2	-1.2329
USAGE_p_TCGA_132_133_136_SNP_N_GenomeWideSNP_6_E12_787548	12	127375213	133778189	4761	0.4776
USAGE_p_TCGA_132_133_136_SNP_N_GenomeWideSNP_6_E12_787548	13	19026949	19418888	115	0.2498
USAGE_p_TCGA_132_133_136_SNP_N_GenomeWideSNP_6_E12_787548	13	19426562	23629187	2783	0.5267
USAGE_p_TCGA_132_133_136_SNP_N_GenomeWideSNP_6_E12_787548	13	23629210	23638195	14	-0.2101
USAGE_p_TCGA_132_133_136_SNP_N_GenomeWideSNP_6_E12_787548	13	23638210	35028569	8637	0.5361
USAGE_p_TCGA_132_133_136_SNP_N_GenomeWideSNP_6_E12_787548	13	35030717	35032380	6	-0.5069
USAGE_p_TCGA_132_133_136_SNP_N_GenomeWideSNP_6_E12_787548	13	35035782	57749776	14575	0.5144
USAGE_p_TCGA_132_133_136_SNP_N_GenomeWideSNP_6_E12_787548	13	57750953	57789714	37	0.1087
USAGE_p_TCGA_132_133_136_SNP_N_GenomeWideSNP_6_E12_787548	13	57790009	78886014	13595	0.508
USAGE_p_TCGA_132_133_136_SNP_N_GenomeWideSNP_6_E12_787548	13	78887109	78891552	3	-0.43
USAGE_p_TCGA_132_133_136_SNP_N_GenomeWideSNP_6_E12_787548	13	78892727	115108397	24573	0.524
USAGE_p_TCGA_132_133_136_SNP_N_GenomeWideSNP_6_E12_787548	14	19002124	19660853	47	-0.0485
USAGE_p_TCGA_132_133_136_SNP_N_GenomeWideSNP_6_E12_787548	14	19689317	20424926	143	0.3846
USAGE_p_TCGA_132_133_136_SNP_N_GenomeWideSNP_6_E12_787548	14	20425509	22730196	1670	0.0631
USAGE_p_TCGA_132_133_136_SNP_N_GenomeWideSNP_6_E12_787548	14	22730581	22730821	2	-1.491
USAGE_p_TCGA_132_133_136_SNP_N_GenomeWideSNP_6_E12_787548	14	22730928	22968854	188	0.253
USAGE_p_TCGA_132_133_136_SNP_N_GenomeWideSNP_6_E12_787548	14	22968932	51589192	17650	-0.0041
USAGE_p_TCGA_132_133_136_SNP_N_GenomeWideSNP_6_E12_787548	14	51589434	51590316	2	-1.5093
USAGE_p_TCGA_132_133_136_SNP_N_GenomeWideSNP_6_E12_787548	14	51590920	53812252	1543	-0.0481
USAGE_p_TCGA_132_133_136_SNP_N_GenomeWideSNP_6_E12_787548	14	53812627	53812672	3	1.1592
USAGE_p_TCGA_132_133_136_SNP_N_GenomeWideSNP_6_E12_787548	14	53812704	70018047	10465	0.0013
USAGE_p_TCGA_132_133_136_SNP_N_GenomeWideSNP_6_E12_787548	14	70018368	70022467	8	-0.7496
USAGE_p_TCGA_132_133_136_SNP_N_GenomeWideSNP_6_E12_787548	14	70022713	74006707	2629	0.0046
USAGE_p_TCGA_132_133_136_SNP_N_GenomeWideSNP_6_E12_787548	14	74006851	74029900	8	1.4744
USAGE_p_TCGA_132_133_136_SNP_N_GenomeWideSNP_6_E12_787548	14	74029915	102286571	19158	8e-04
USAGE_p_TCGA_132_133_136_SNP_N_GenomeWideSNP_6_E12_787548	14	102287968	102290461	2	-1.7833
USAGE_p_TCGA_132_133_136_SNP_N_GenomeWideSNP_6_E12_787548	14	102292382	106538062	1667	0.0338
USAGE_p_TCGA_132_133_136_SNP_N_GenomeWideSNP_6_E12_787548	14	106541753	106569463	14	1.0079
USAGE_p_TCGA_132_133_136_SNP_N_GenomeWideSNP_6_E12_787548	14	106574118	107285437	415	-0.0526
USAGE_p_TCGA_132_133_136_SNP_N_GenomeWideSNP_6_E12_787548	15	20016328	22293227	313	-0.0674
USAGE_p_TCGA_132_133_136_SNP_N_GenomeWideSNP_6_E12_787548	15	22302006	22334162	11	-1.1397
USAGE_p_TCGA_132_133_136_SNP_N_GenomeWideSNP_6_E12_787548	15	22338955	22410869	28	-0.5106
USAGE_p_TCGA_132_133_136_SNP_N_GenomeWideSNP_6_E12_787548	15	22414541	22587474	70	-0.9758
USAGE_p_TCGA_132_133_136_SNP_N_GenomeWideSNP_6_E12_787548	15	22673399	23487546	319	0.4402
USAGE_p_TCGA_132_133_136_SNP_N_GenomeWideSNP_6_E12_787548	15	23641514	101936157	50991	0.0151
USAGE_p_TCGA_132_133_136_SNP_N_GenomeWideSNP_6_E12_787548	15	101936211	101936227	2	-1.5985
USAGE_p_TCGA_132_133_136_SNP_N_GenomeWideSNP_6_E12_787548	15	101936238	102429125	342	0.0281
USAGE_p_TCGA_132_133_136_SNP_N_GenomeWideSNP_6_E12_787548	15	102435009	102469040	5	0.5223
USAGE_p_TCGA_132_133_136_SNP_N_GenomeWideSNP_6_E12_787548	16	60777	6382434	3534	0.0256
USAGE_p_TCGA_132_133_136_SNP_N_GenomeWideSNP_6_E12_787548	16	6382728	6698818	415	-0.8483
USAGE_p_TCGA_132_133_136_SNP_N_GenomeWideSNP_6_E12_787548	16	6699261	6712186	16	-0.0862
USAGE_p_TCGA_132_133_136_SNP_N_GenomeWideSNP_6_E12_787548	16	6715196	6718583	9	-0.9359
USAGE_p_TCGA_132_133_136_SNP_N_GenomeWideSNP_6_E12_787548	16	6718720	16263150	7779	0.0368
USAGE_p_TCGA_132_133_136_SNP_N_GenomeWideSNP_6_E12_787548	16	16263361	16263837	3	-1.3359
USAGE_p_TCGA_132_133_136_SNP_N_GenomeWideSNP_6_E12_787548	16	16264098	19944363	1775	0.0155
USAGE_p_TCGA_132_133_136_SNP_N_GenomeWideSNP_6_E12_787548	16	19945650	19965875	28	-0.9217
USAGE_p_TCGA_132_133_136_SNP_N_GenomeWideSNP_6_E12_787548	16	19967362	78371608	28221	0.0207
USAGE_p_TCGA_132_133_136_SNP_N_GenomeWideSNP_6_E12_787548	16	78372440	78384765	16	-2.0666
USAGE_p_TCGA_132_133_136_SNP_N_GenomeWideSNP_6_E12_787548	16	78385001	90287535	10641	0.0179
USAGE_p_TCGA_132_133_136_SNP_N_GenomeWideSNP_6_E12_787548	17	526	16654301	10515	0.0183
USAGE_p_TCGA_132_133_136_SNP_N_GenomeWideSNP_6_E12_787548	17	16657331	16735532	11	-0.6868
USAGE_p_TCGA_132_133_136_SNP_N_GenomeWideSNP_6_E12_787548	17	16738160	18358949	926	0.0225
USAGE_p_TCGA_132_133_136_SNP_N_GenomeWideSNP_6_E12_787548	17	18361686	18464586	25	0.6477
USAGE_p_TCGA_132_133_136_SNP_N_GenomeWideSNP_6_E12_787548	17	18465221	34436532	6919	0.0017
USAGE_p_TCGA_132_133_136_SNP_N_GenomeWideSNP_6_E12_787548	17	34436708	34535651	40	0.4439
USAGE_p_TCGA_132_133_136_SNP_N_GenomeWideSNP_6_E12_787548	17	34543343	35753718	677	0.0074
USAGE_p_TCGA_132_133_136_SNP_N_GenomeWideSNP_6_E12_787548	17	35759868	35760065	2	-1.3302
USAGE_p_TCGA_132_133_136_SNP_N_GenomeWideSNP_6_E12_787548	17	35761902	37850710	956	0.0424
USAGE_p_TCGA_132_133_136_SNP_N_GenomeWideSNP_6_E12_787548	17	37850945	37851870	8	-0.6294
USAGE_p_TCGA_132_133_136_SNP_N_GenomeWideSNP_6_E12_787548	17	37851919	39414647	896	0.0274
USAGE_p_TCGA_132_133_136_SNP_N_GenomeWideSNP_6_E12_787548	17	39418372	39430157	23	0.912
USAGE_p_TCGA_132_133_136_SNP_N_GenomeWideSNP_6_E12_787548	17	39430173	39430450	3	3.725
USAGE_p_TCGA_132_133_136_SNP_N_GenomeWideSNP_6_E12_787548	17	39430531	44394420	2642	0.0354
USAGE_p_TCGA_132_133_136_SNP_N_GenomeWideSNP_6_E12_787548	17	44401067	44784982	49	-0.3987
USAGE_p_TCGA_132_133_136_SNP_N_GenomeWideSNP_6_E12_787548	17	44785682	51717906	4073	0.0267
USAGE_p_TCGA_132_133_136_SNP_N_GenomeWideSNP_6_E12_787548	17	51726992	51727181	2	-2.5539
USAGE_p_TCGA_132_133_136_SNP_N_GenomeWideSNP_6_E12_787548	17	51728544	81049726	17552	0.0187
USAGE_p_TCGA_132_133_136_SNP_N_GenomeWideSNP_6_E12_787548	18	11543	5840503	4143	0.011
USAGE_p_TCGA_132_133_136_SNP_N_GenomeWideSNP_6_E12_787548	18	5843069	5843284	2	-2.0279
USAGE_p_TCGA_132_133_136_SNP_N_GenomeWideSNP_6_E12_787548	18	5844290	33628727	15563	-0.0162
USAGE_p_TCGA_132_133_136_SNP_N_GenomeWideSNP_6_E12_787548	18	33629439	33633283	2	-2.4945
USAGE_p_TCGA_132_133_136_SNP_N_GenomeWideSNP_6_E12_787548	18	33635568	38260490	3144	-0.0446
USAGE_p_TCGA_132_133_136_SNP_N_GenomeWideSNP_6_E12_787548	18	38260606	38265334	10	-0.8296
USAGE_p_TCGA_132_133_136_SNP_N_GenomeWideSNP_6_E12_787548	18	38265363	78015057	27969	-0.0359
USAGE_p_TCGA_132_133_136_SNP_N_GenomeWideSNP_6_E12_787548	19	90910	5506659	1599	0.013
USAGE_p_TCGA_132_133_136_SNP_N_GenomeWideSNP_6_E12_787548	19	5510239	5510653	3	-2.3976
USAGE_p_TCGA_132_133_136_SNP_N_GenomeWideSNP_6_E12_787548	19	5510700	33412748	13619	-0.0032
USAGE_p_TCGA_132_133_136_SNP_N_GenomeWideSNP_6_E12_787548	19	33412766	33417044	5	-1.0538
USAGE_p_TCGA_132_133_136_SNP_N_GenomeWideSNP_6_E12_787548	19	33417483	43321137	5369	0.0094
USAGE_p_TCGA_132_133_136_SNP_N_GenomeWideSNP_6_E12_787548	19	43323314	43484935	78	-0.8549
USAGE_p_TCGA_132_133_136_SNP_N_GenomeWideSNP_6_E12_787548	19	43489955	52131813	4295	0.0189
USAGE_p_TCGA_132_133_136_SNP_N_GenomeWideSNP_6_E12_787548	19	52142352	52148197	11	1.1413
USAGE_p_TCGA_132_133_136_SNP_N_GenomeWideSNP_6_E12_787548	19	52154905	56282369	2533	-0.0026
USAGE_p_TCGA_132_133_136_SNP_N_GenomeWideSNP_6_E12_787548	19	56282535	56283067	3	-3.0988
USAGE_p_TCGA_132_133_136_SNP_N_GenomeWideSNP_6_E12_787548	19	56286293	59097854	1849	-0.0025
USAGE_p_TCGA_132_133_136_SNP_N_GenomeWideSNP_6_E12_787548	20	61305	1552503	1182	-0.7863
USAGE_p_TCGA_132_133_136_SNP_N_GenomeWideSNP_6_E12_787548	20	1557190	1560999	21	-2.199
USAGE_p_TCGA_132_133_136_SNP_N_GenomeWideSNP_6_E12_787548	20	1561580	1598336	44	0.016
USAGE_p_TCGA_132_133_136_SNP_N_GenomeWideSNP_6_E12_787548	20	1599002	14983864	10102	-0.7945
USAGE_p_TCGA_132_133_136_SNP_N_GenomeWideSNP_6_E12_787548	20	14983868	15246472	228	-4.0461
USAGE_p_TCGA_132_133_136_SNP_N_GenomeWideSNP_6_E12_787548	20	15246504	15334921	77	-2.287
USAGE_p_TCGA_132_133_136_SNP_N_GenomeWideSNP_6_E12_787548	20	15337955	15390182	45	-4.1298
USAGE_p_TCGA_132_133_136_SNP_N_GenomeWideSNP_6_E12_787548	20	15394914	16420212	1025	-0.8117
USAGE_p_TCGA_132_133_136_SNP_N_GenomeWideSNP_6_E12_787548	20	16423385	16425087	3	-2.2506
USAGE_p_TCGA_132_133_136_SNP_N_GenomeWideSNP_6_E12_787548	20	16425961	16581732	152	-0.7287
USAGE_p_TCGA_132_133_136_SNP_N_GenomeWideSNP_6_E12_787548	20	16583665	16585865	5	0.1975
USAGE_p_TCGA_132_133_136_SNP_N_GenomeWideSNP_6_E12_787548	20	16586067	16774816	192	-0.7762
USAGE_p_TCGA_132_133_136_SNP_N_GenomeWideSNP_6_E12_787548	20	16783688	16784137	2	-3.8169
USAGE_p_TCGA_132_133_136_SNP_N_GenomeWideSNP_6_E12_787548	20	16785554	26305491	6906	-0.7726
USAGE_p_TCGA_132_133_136_SNP_N_GenomeWideSNP_6_E12_787548	20	26305579	30326818	305	0.5095
USAGE_p_TCGA_132_133_136_SNP_N_GenomeWideSNP_6_E12_787548	20	30327089	40359519	5698	0.9606
USAGE_p_TCGA_132_133_136_SNP_N_GenomeWideSNP_6_E12_787548	20	40360023	40360027	5	-0.0594
USAGE_p_TCGA_132_133_136_SNP_N_GenomeWideSNP_6_E12_787548	20	40360784	59476992	14570	0.9866
USAGE_p_TCGA_132_133_136_SNP_N_GenomeWideSNP_6_E12_787548	20	59479340	59485297	3	-0.6969
USAGE_p_TCGA_132_133_136_SNP_N_GenomeWideSNP_6_E12_787548	20	59485628	62956153	1874	0.5041
USAGE_p_TCGA_132_133_136_SNP_N_GenomeWideSNP_6_E12_787548	21	10736871	10755724	2	-1.0726
USAGE_p_TCGA_132_133_136_SNP_N_GenomeWideSNP_6_E12_787548	21	10759141	14446712	128	-0.1864
USAGE_p_TCGA_132_133_136_SNP_N_GenomeWideSNP_6_E12_787548	21	14452862	23651134	6311	-0.8034
USAGE_p_TCGA_132_133_136_SNP_N_GenomeWideSNP_6_E12_787548	21	23655900	23664658	9	-4.7656
USAGE_p_TCGA_132_133_136_SNP_N_GenomeWideSNP_6_E12_787548	21	23666999	48096957	17866	-0.7967
USAGE_p_TCGA_132_133_136_SNP_N_GenomeWideSNP_6_E12_787548	22	16052528	25081338	4996	0.0033
USAGE_p_TCGA_132_133_136_SNP_N_GenomeWideSNP_6_E12_787548	22	25082115	25082534	3	-1.6403
USAGE_p_TCGA_132_133_136_SNP_N_GenomeWideSNP_6_E12_787548	22	25087674	26383383	1208	0.0177
USAGE_p_TCGA_132_133_136_SNP_N_GenomeWideSNP_6_E12_787548	22	26385449	26388337	3	-1.3519
USAGE_p_TCGA_132_133_136_SNP_N_GenomeWideSNP_6_E12_787548	22	26388548	40845598	10041	0.0371
USAGE_p_TCGA_132_133_136_SNP_N_GenomeWideSNP_6_E12_787548	22	40848289	40931231	27	0.4681
USAGE_p_TCGA_132_133_136_SNP_N_GenomeWideSNP_6_E12_787548	22	40937361	41136219	109	-0.0419
USAGE_p_TCGA_132_133_136_SNP_N_GenomeWideSNP_6_E12_787548	22	41144387	51234455	7133	-0.8011
USAGE_p_TCGA_132_133_136_SNP_N_GenomeWideSNP_6_E12_787548	X	168477	3695258	828	-0.9278
USAGE_p_TCGA_132_133_136_SNP_N_GenomeWideSNP_6_E12_787548	X	3935080	8581060	3756	0.3076
USAGE_p_TCGA_132_133_136_SNP_N_GenomeWideSNP_6_E12_787548	X	8582230	8697360	89	0.7164
USAGE_p_TCGA_132_133_136_SNP_N_GenomeWideSNP_6_E12_787548	X	8701866	9372167	474	0.3492
USAGE_p_TCGA_132_133_136_SNP_N_GenomeWideSNP_6_E12_787548	X	9375009	9376235	3	-0.8901
USAGE_p_TCGA_132_133_136_SNP_N_GenomeWideSNP_6_E12_787548	X	9384230	33656293	15935	0.3552
USAGE_p_TCGA_132_133_136_SNP_N_GenomeWideSNP_6_E12_787548	X	33656998	33664325	3	-0.862
USAGE_p_TCGA_132_133_136_SNP_N_GenomeWideSNP_6_E12_787548	X	33664385	34121232	313	0.3498
USAGE_p_TCGA_132_133_136_SNP_N_GenomeWideSNP_6_E12_787548	X	34121375	34122138	21	-0.1328
USAGE_p_TCGA_132_133_136_SNP_N_GenomeWideSNP_6_E12_787548	X	34127561	47858416	7738	0.3424
USAGE_p_TCGA_132_133_136_SNP_N_GenomeWideSNP_6_E12_787548	X	47859627	47969933	74	0.684
USAGE_p_TCGA_132_133_136_SNP_N_GenomeWideSNP_6_E12_787548	X	47970048	55700933	3105	0.3475
USAGE_p_TCGA_132_133_136_SNP_N_GenomeWideSNP_6_E12_787548	X	55701259	76514148	7843	-0.1514
USAGE_p_TCGA_132_133_136_SNP_N_GenomeWideSNP_6_E12_787548	X	76517352	76523952	2	-1.8959
USAGE_p_TCGA_132_133_136_SNP_N_GenomeWideSNP_6_E12_787548	X	76545159	150292898	42009	-0.1622
USAGE_p_TCGA_132_133_136_SNP_N_GenomeWideSNP_6_E12_787548	X	150293934	150295459	2	1.6985
USAGE_p_TCGA_132_133_136_SNP_N_GenomeWideSNP_6_E12_787548	X	150296555	155182354	2431	-0.1579
USAGE_p_TCGA_132_133_136_SNP_N_GenomeWideSNP_6_E12_787548	Y	2650438	2912181	133	-2.621
USAGE_p_TCGA_132_133_136_SNP_N_GenomeWideSNP_6_E12_787548	Y	2915500	6110498	741	-2.2455
USAGE_p_TCGA_132_133_136_SNP_N_GenomeWideSNP_6_E12_787548	Y	6112554	6281935	76	-3.7578
USAGE_p_TCGA_132_133_136_SNP_N_GenomeWideSNP_6_E12_787548	Y	6282097	9155575	1490	-2.7736
USAGE_p_TCGA_132_133_136_SNP_N_GenomeWideSNP_6_E12_787548	Y	9156145	9392195	34	-3.9857
USAGE_p_TCGA_132_133_136_SNP_N_GenomeWideSNP_6_E12_787548	Y	9392731	9526990	61	-2.6763
USAGE_p_TCGA_132_133_136_SNP_N_GenomeWideSNP_6_E12_787548	Y	9531709	9774614	94	-3.4623
USAGE_p_TCGA_132_133_136_SNP_N_GenomeWideSNP_6_E12_787548	Y	9775211	19511678	3010	-2.7148
USAGE_p_TCGA_132_133_136_SNP_N_GenomeWideSNP_6_E12_787548	Y	19515512	20890332	631	-3.2959
USAGE_p_TCGA_132_133_136_SNP_N_GenomeWideSNP_6_E12_787548	Y	20891515	20919456	10	-5.4349
USAGE_p_TCGA_132_133_136_SNP_N_GenomeWideSNP_6_E12_787548	Y	20924920	21028957	58	-3.6099
USAGE_p_TCGA_132_133_136_SNP_N_GenomeWideSNP_6_E12_787548	Y	21029230	23653771	1008	-2.8001
USAGE_p_TCGA_132_133_136_SNP_N_GenomeWideSNP_6_E12_787548	Y	23683731	23690350	2	-8.4658
USAGE_p_TCGA_132_133_136_SNP_N_GenomeWideSNP_6_E12_787548	Y	23715701	23880233	81	-2.7491
USAGE_p_TCGA_132_133_136_SNP_N_GenomeWideSNP_6_E12_787548	Y	23882903	28423938	1022	-3.2647
USAGE_p_TCGA_132_133_136_SNP_N_GenomeWideSNP_6_E12_787548	Y	28438116	59018259	183	-2.3954
