Sample	Chromosome	Start	End	Num_Probes	Segment_Mean
SERVO_p_TCGA_157_158_159_SNP_N_GenomeWideSNP_6_B09_831356	1	61735	17012226	8776	-0.0779
SERVO_p_TCGA_157_158_159_SNP_N_GenomeWideSNP_6_B09_831356	1	17012314	17283075	117	-0.3722
SERVO_p_TCGA_157_158_159_SNP_N_GenomeWideSNP_6_B09_831356	1	17284920	24519178	4569	-0.061
SERVO_p_TCGA_157_158_159_SNP_N_GenomeWideSNP_6_B09_831356	1	24520583	24524992	2	-1.2163
SERVO_p_TCGA_157_158_159_SNP_N_GenomeWideSNP_6_B09_831356	1	24525996	25582679	688	-0.056
SERVO_p_TCGA_157_158_159_SNP_N_GenomeWideSNP_6_B09_831356	1	25582843	25663310	35	0.4901
SERVO_p_TCGA_157_158_159_SNP_N_GenomeWideSNP_6_B09_831356	1	25663344	72750353	28811	-0.0522
SERVO_p_TCGA_157_158_159_SNP_N_GenomeWideSNP_6_B09_831356	1	72756113	72762676	8	-0.653
SERVO_p_TCGA_157_158_159_SNP_N_GenomeWideSNP_6_B09_831356	1	72763370	104113158	20096	-0.0441
SERVO_p_TCGA_157_158_159_SNP_N_GenomeWideSNP_6_B09_831356	1	104113224	104303403	51	0.2692
SERVO_p_TCGA_157_158_159_SNP_N_GenomeWideSNP_6_B09_831356	1	104303501	108729284	2877	-0.0628
SERVO_p_TCGA_157_158_159_SNP_N_GenomeWideSNP_6_B09_831356	1	108729759	108737496	4	-1.1184
SERVO_p_TCGA_157_158_159_SNP_N_GenomeWideSNP_6_B09_831356	1	108739104	110227515	722	-0.0435
SERVO_p_TCGA_157_158_159_SNP_N_GenomeWideSNP_6_B09_831356	1	110232974	110242953	18	0.7882
SERVO_p_TCGA_157_158_159_SNP_N_GenomeWideSNP_6_B09_831356	1	110244998	112690326	1950	-0.0732
SERVO_p_TCGA_157_158_159_SNP_N_GenomeWideSNP_6_B09_831356	1	112695965	112697390	25	0.4692
SERVO_p_TCGA_157_158_159_SNP_N_GenomeWideSNP_6_B09_831356	1	112705956	149243072	6486	-0.0331
SERVO_p_TCGA_157_158_159_SNP_N_GenomeWideSNP_6_B09_831356	1	149243241	149246030	7	0.8945
SERVO_p_TCGA_157_158_159_SNP_N_GenomeWideSNP_6_B09_831356	1	149246275	152555527	1536	-0.0484
SERVO_p_TCGA_157_158_159_SNP_N_GenomeWideSNP_6_B09_831356	1	152555706	152586238	31	-1.4804
SERVO_p_TCGA_157_158_159_SNP_N_GenomeWideSNP_6_B09_831356	1	152586278	152759678	174	-0.0441
SERVO_p_TCGA_157_158_159_SNP_N_GenomeWideSNP_6_B09_831356	1	152761923	152768700	37	-1.3788
SERVO_p_TCGA_157_158_159_SNP_N_GenomeWideSNP_6_B09_831356	1	152773905	161508875	5269	-0.0799
SERVO_p_TCGA_157_158_159_SNP_N_GenomeWideSNP_6_B09_831356	1	161517939	161604497	8	-0.8772
SERVO_p_TCGA_157_158_159_SNP_N_GenomeWideSNP_6_B09_831356	1	161612197	169216937	6045	-0.0324
SERVO_p_TCGA_157_158_159_SNP_N_GenomeWideSNP_6_B09_831356	1	169233974	169238731	5	-2.5784
SERVO_p_TCGA_157_158_159_SNP_N_GenomeWideSNP_6_B09_831356	1	169238745	248737447	54039	-0.0517
SERVO_p_TCGA_157_158_159_SNP_N_GenomeWideSNP_6_B09_831356	1	248749194	248805339	34	-0.8224
SERVO_p_TCGA_157_158_159_SNP_N_GenomeWideSNP_6_B09_831356	1	248808557	249224388	144	-0.0116
SERVO_p_TCGA_157_158_159_SNP_N_GenomeWideSNP_6_B09_831356	2	12784	4205687	2990	0.2034
SERVO_p_TCGA_157_158_159_SNP_N_GenomeWideSNP_6_B09_831356	2	4213864	4223167	36	-0.5998
SERVO_p_TCGA_157_158_159_SNP_N_GenomeWideSNP_6_B09_831356	2	4223512	34685280	21081	0.2278
SERVO_p_TCGA_157_158_159_SNP_N_GenomeWideSNP_6_B09_831356	2	34691069	34737057	47	-0.4735
SERVO_p_TCGA_157_158_159_SNP_N_GenomeWideSNP_6_B09_831356	2	34737163	35007976	194	0.1887
SERVO_p_TCGA_157_158_159_SNP_N_GenomeWideSNP_6_B09_831356	2	35008247	35028209	22	-0.1954
SERVO_p_TCGA_157_158_159_SNP_N_GenomeWideSNP_6_B09_831356	2	35034732	52754468	12817	0.2313
SERVO_p_TCGA_157_158_159_SNP_N_GenomeWideSNP_6_B09_831356	2	52754480	52781542	39	-0.3972
SERVO_p_TCGA_157_158_159_SNP_N_GenomeWideSNP_6_B09_831356	2	52787949	76844466	15557	0.2268
SERVO_p_TCGA_157_158_159_SNP_N_GenomeWideSNP_6_B09_831356	2	76845173	76845426	5	-1.0791
SERVO_p_TCGA_157_158_159_SNP_N_GenomeWideSNP_6_B09_831356	2	76847586	89568468	7302	0.2381
SERVO_p_TCGA_157_158_159_SNP_N_GenomeWideSNP_6_B09_831356	2	89570986	91838644	230	-0.1343
SERVO_p_TCGA_157_158_159_SNP_N_GenomeWideSNP_6_B09_831356	2	91839064	98118212	980	0.1931
SERVO_p_TCGA_157_158_159_SNP_N_GenomeWideSNP_6_B09_831356	2	98140747	98162189	9	-0.4134
SERVO_p_TCGA_157_158_159_SNP_N_GenomeWideSNP_6_B09_831356	2	98166878	106135637	4920	0.2329
SERVO_p_TCGA_157_158_159_SNP_N_GenomeWideSNP_6_B09_831356	2	106138125	106138812	2	1.4574
SERVO_p_TCGA_157_158_159_SNP_N_GenomeWideSNP_6_B09_831356	2	106139216	106880095	655	0.271
SERVO_p_TCGA_157_158_159_SNP_N_GenomeWideSNP_6_B09_831356	2	106880713	106885357	11	-1.9477
SERVO_p_TCGA_157_158_159_SNP_N_GenomeWideSNP_6_B09_831356	2	106887255	146862085	23934	0.2213
SERVO_p_TCGA_157_158_159_SNP_N_GenomeWideSNP_6_B09_831356	2	146864404	146866934	24	-1.5054
SERVO_p_TCGA_157_158_159_SNP_N_GenomeWideSNP_6_B09_831356	2	146877806	208682198	37172	0.2508
SERVO_p_TCGA_157_158_159_SNP_N_GenomeWideSNP_6_B09_831356	2	208684341	208914233	134	-0.051
SERVO_p_TCGA_157_158_159_SNP_N_GenomeWideSNP_6_B09_831356	2	208919650	217267266	5428	0.2254
SERVO_p_TCGA_157_158_159_SNP_N_GenomeWideSNP_6_B09_831356	2	217269954	217578923	225	-0.0853
SERVO_p_TCGA_157_158_159_SNP_N_GenomeWideSNP_6_B09_831356	2	217579025	224804768	4698	0.2246
SERVO_p_TCGA_157_158_159_SNP_N_GenomeWideSNP_6_B09_831356	2	224805147	226317610	1036	0.4907
SERVO_p_TCGA_157_158_159_SNP_N_GenomeWideSNP_6_B09_831356	2	226317818	229757006	2198	-0.0507
SERVO_p_TCGA_157_158_159_SNP_N_GenomeWideSNP_6_B09_831356	2	229759479	229759913	8	-1.4894
SERVO_p_TCGA_157_158_159_SNP_N_GenomeWideSNP_6_B09_831356	2	229760083	243089456	8235	-0.1103
SERVO_p_TCGA_157_158_159_SNP_N_GenomeWideSNP_6_B09_831356	3	60345	5786203	5054	-0.0767
SERVO_p_TCGA_157_158_159_SNP_N_GenomeWideSNP_6_B09_831356	3	5786779	6713461	867	-0.5015
SERVO_p_TCGA_157_158_159_SNP_N_GenomeWideSNP_6_B09_831356	3	6713763	16240556	7024	-0.0483
SERVO_p_TCGA_157_158_159_SNP_N_GenomeWideSNP_6_B09_831356	3	16240629	16241179	5	-2.1831
SERVO_p_TCGA_157_158_159_SNP_N_GenomeWideSNP_6_B09_831356	3	16241325	53028375	22823	-0.0441
SERVO_p_TCGA_157_158_159_SNP_N_GenomeWideSNP_6_B09_831356	3	53031736	53039677	42	0.2849
SERVO_p_TCGA_157_158_159_SNP_N_GenomeWideSNP_6_B09_831356	3	53041344	60025593	4947	-0.0333
SERVO_p_TCGA_157_158_159_SNP_N_GenomeWideSNP_6_B09_831356	3	60025849	60136029	154	-0.5681
SERVO_p_TCGA_157_158_159_SNP_N_GenomeWideSNP_6_B09_831356	3	60137556	60218579	80	-1.1874
SERVO_p_TCGA_157_158_159_SNP_N_GenomeWideSNP_6_B09_831356	3	60218594	60370637	139	-0.5713
SERVO_p_TCGA_157_158_159_SNP_N_GenomeWideSNP_6_B09_831356	3	60372144	60418532	53	-1.2662
SERVO_p_TCGA_157_158_159_SNP_N_GenomeWideSNP_6_B09_831356	3	60418642	60488758	81	-0.5983
SERVO_p_TCGA_157_158_159_SNP_N_GenomeWideSNP_6_B09_831356	3	60488861	60777932	324	-0.1318
SERVO_p_TCGA_157_158_159_SNP_N_GenomeWideSNP_6_B09_831356	3	60780640	60780879	3	-1.6166
SERVO_p_TCGA_157_158_159_SNP_N_GenomeWideSNP_6_B09_831356	3	60781027	61277745	455	-0.0851
SERVO_p_TCGA_157_158_159_SNP_N_GenomeWideSNP_6_B09_831356	3	61281829	61316543	27	0.3234
SERVO_p_TCGA_157_158_159_SNP_N_GenomeWideSNP_6_B09_831356	3	61318349	61346510	20	-0.0359
SERVO_p_TCGA_157_158_159_SNP_N_GenomeWideSNP_6_B09_831356	3	61346564	61466154	71	0.3174
SERVO_p_TCGA_157_158_159_SNP_N_GenomeWideSNP_6_B09_831356	3	61466213	68746164	5668	-0.0173
SERVO_p_TCGA_157_158_159_SNP_N_GenomeWideSNP_6_B09_831356	3	68746259	68747413	14	1.4322
SERVO_p_TCGA_157_158_159_SNP_N_GenomeWideSNP_6_B09_831356	3	68748758	98937784	15943	-0.0562
SERVO_p_TCGA_157_158_159_SNP_N_GenomeWideSNP_6_B09_831356	3	98944458	98949314	37	-0.7573
SERVO_p_TCGA_157_158_159_SNP_N_GenomeWideSNP_6_B09_831356	3	98949421	129785940	18748	-0.0414
SERVO_p_TCGA_157_158_159_SNP_N_GenomeWideSNP_6_B09_831356	3	129786209	129806236	46	0.2484
SERVO_p_TCGA_157_158_159_SNP_N_GenomeWideSNP_6_B09_831356	3	129806924	131988638	1440	-0.0637
SERVO_p_TCGA_157_158_159_SNP_N_GenomeWideSNP_6_B09_831356	3	131988864	132000940	10	0.438
SERVO_p_TCGA_157_158_159_SNP_N_GenomeWideSNP_6_B09_831356	3	132002834	162513149	18837	-0.0406
SERVO_p_TCGA_157_158_159_SNP_N_GenomeWideSNP_6_B09_831356	3	162513459	162625995	66	-0.5344
SERVO_p_TCGA_157_158_159_SNP_N_GenomeWideSNP_6_B09_831356	3	162626572	168730180	3443	-0.0252
SERVO_p_TCGA_157_158_159_SNP_N_GenomeWideSNP_6_B09_831356	3	168733402	168738628	2	-1.3317
SERVO_p_TCGA_157_158_159_SNP_N_GenomeWideSNP_6_B09_831356	3	168739827	184224673	9590	-0.0307
SERVO_p_TCGA_157_158_159_SNP_N_GenomeWideSNP_6_B09_831356	3	184225084	184259492	16	-0.5443
SERVO_p_TCGA_157_158_159_SNP_N_GenomeWideSNP_6_B09_831356	3	184260029	192880587	6136	-0.0274
SERVO_p_TCGA_157_158_159_SNP_N_GenomeWideSNP_6_B09_831356	3	192880726	192882903	11	-1.1326
SERVO_p_TCGA_157_158_159_SNP_N_GenomeWideSNP_6_B09_831356	3	192886435	197896118	2706	-0.0232
SERVO_p_TCGA_157_158_159_SNP_N_GenomeWideSNP_6_B09_831356	4	12281	4406259	1911	-0.0728
SERVO_p_TCGA_157_158_159_SNP_N_GenomeWideSNP_6_B09_831356	4	4406263	4406716	2	-1.8716
SERVO_p_TCGA_157_158_159_SNP_N_GenomeWideSNP_6_B09_831356	4	4407217	10210390	3883	-0.0719
SERVO_p_TCGA_157_158_159_SNP_N_GenomeWideSNP_6_B09_831356	4	10223416	10231498	28	1.9972
SERVO_p_TCGA_157_158_159_SNP_N_GenomeWideSNP_6_B09_831356	4	10234214	10235268	7	0.7741
SERVO_p_TCGA_157_158_159_SNP_N_GenomeWideSNP_6_B09_831356	4	10236142	10390715	170	-0.0308
SERVO_p_TCGA_157_158_159_SNP_N_GenomeWideSNP_6_B09_831356	4	10392354	10400668	16	-0.6314
SERVO_p_TCGA_157_158_159_SNP_N_GenomeWideSNP_6_B09_831356	4	10402718	34779054	16800	-0.053
SERVO_p_TCGA_157_158_159_SNP_N_GenomeWideSNP_6_B09_831356	4	34786500	34824725	38	-2.132
SERVO_p_TCGA_157_158_159_SNP_N_GenomeWideSNP_6_B09_831356	4	34829872	44166724	6123	-0.0448
SERVO_p_TCGA_157_158_159_SNP_N_GenomeWideSNP_6_B09_831356	4	44167768	44189495	12	-0.7245
SERVO_p_TCGA_157_158_159_SNP_N_GenomeWideSNP_6_B09_831356	4	44190394	64692979	10439	-0.0619
SERVO_p_TCGA_157_158_159_SNP_N_GenomeWideSNP_6_B09_831356	4	64693940	64708258	30	-0.5028
SERVO_p_TCGA_157_158_159_SNP_N_GenomeWideSNP_6_B09_831356	4	64716431	69284591	2860	-0.0726
SERVO_p_TCGA_157_158_159_SNP_N_GenomeWideSNP_6_B09_831356	4	69288138	69288142	3	-1.7369
SERVO_p_TCGA_157_158_159_SNP_N_GenomeWideSNP_6_B09_831356	4	69294799	69372003	16	-0.1124
SERVO_p_TCGA_157_158_159_SNP_N_GenomeWideSNP_6_B09_831356	4	69374941	69489335	65	0.5998
SERVO_p_TCGA_157_158_159_SNP_N_GenomeWideSNP_6_B09_831356	4	69505115	78366388	5534	-0.012
SERVO_p_TCGA_157_158_159_SNP_N_GenomeWideSNP_6_B09_831356	4	78367249	78367793	2	-1.5584
SERVO_p_TCGA_157_158_159_SNP_N_GenomeWideSNP_6_B09_831356	4	78372934	78520686	91	-0.033
SERVO_p_TCGA_157_158_159_SNP_N_GenomeWideSNP_6_B09_831356	4	78521525	78523092	4	-1.3954
SERVO_p_TCGA_157_158_159_SNP_N_GenomeWideSNP_6_B09_831356	4	78523302	86110530	4561	-0.0304
SERVO_p_TCGA_157_158_159_SNP_N_GenomeWideSNP_6_B09_831356	4	86110874	86114858	2	1.2869
SERVO_p_TCGA_157_158_159_SNP_N_GenomeWideSNP_6_B09_831356	4	86116288	91534943	3424	-0.026
SERVO_p_TCGA_157_158_159_SNP_N_GenomeWideSNP_6_B09_831356	4	91534991	91696169	105	-0.4674
SERVO_p_TCGA_157_158_159_SNP_N_GenomeWideSNP_6_B09_831356	4	91697020	91823910	70	-0.044
SERVO_p_TCGA_157_158_159_SNP_N_GenomeWideSNP_6_B09_831356	4	91833835	91876648	26	-0.4706
SERVO_p_TCGA_157_158_159_SNP_N_GenomeWideSNP_6_B09_831356	4	91877413	92085710	175	-0.0301
SERVO_p_TCGA_157_158_159_SNP_N_GenomeWideSNP_6_B09_831356	4	92090399	92462277	219	-0.3904
SERVO_p_TCGA_157_158_159_SNP_N_GenomeWideSNP_6_B09_831356	4	92465094	115173589	13514	-0.0442
SERVO_p_TCGA_157_158_159_SNP_N_GenomeWideSNP_6_B09_831356	4	115173612	115188309	37	-0.3288
SERVO_p_TCGA_157_158_159_SNP_N_GenomeWideSNP_6_B09_831356	4	115188501	125310929	5999	-0.0302
SERVO_p_TCGA_157_158_159_SNP_N_GenomeWideSNP_6_B09_831356	4	125317272	125318289	2	-1.4558
SERVO_p_TCGA_157_158_159_SNP_N_GenomeWideSNP_6_B09_831356	4	125318298	126330736	659	-0.066
SERVO_p_TCGA_157_158_159_SNP_N_GenomeWideSNP_6_B09_831356	4	126338363	126459860	97	-0.5602
SERVO_p_TCGA_157_158_159_SNP_N_GenomeWideSNP_6_B09_831356	4	126459974	169862199	26452	-0.0645
SERVO_p_TCGA_157_158_159_SNP_N_GenomeWideSNP_6_B09_831356	4	169862532	169865710	2	-1.9431
SERVO_p_TCGA_157_158_159_SNP_N_GenomeWideSNP_6_B09_831356	4	169866677	172987928	1904	-0.0675
SERVO_p_TCGA_157_158_159_SNP_N_GenomeWideSNP_6_B09_831356	4	172989148	172989533	12	-1.0009
SERVO_p_TCGA_157_158_159_SNP_N_GenomeWideSNP_6_B09_831356	4	172995979	188441546	10474	-0.0935
SERVO_p_TCGA_157_158_159_SNP_N_GenomeWideSNP_6_B09_831356	4	188447760	188623955	111	-0.5395
SERVO_p_TCGA_157_158_159_SNP_N_GenomeWideSNP_6_B09_831356	4	188627935	189171046	313	-0.1303
SERVO_p_TCGA_157_158_159_SNP_N_GenomeWideSNP_6_B09_831356	4	189172511	189172865	2	-2.3941
SERVO_p_TCGA_157_158_159_SNP_N_GenomeWideSNP_6_B09_831356	4	189176176	191027923	1208	-0.1696
SERVO_p_TCGA_157_158_159_SNP_N_GenomeWideSNP_6_B09_831356	5	15532	12815780	10212	-0.0893
SERVO_p_TCGA_157_158_159_SNP_N_GenomeWideSNP_6_B09_831356	5	12815865	12820076	8	0.7794
SERVO_p_TCGA_157_158_159_SNP_N_GenomeWideSNP_6_B09_831356	5	12824411	17608256	3194	-0.0252
SERVO_p_TCGA_157_158_159_SNP_N_GenomeWideSNP_6_B09_831356	5	17625374	17642551	10	-1.1743
SERVO_p_TCGA_157_158_159_SNP_N_GenomeWideSNP_6_B09_831356	5	17655138	21376844	2285	-0.0876
SERVO_p_TCGA_157_158_159_SNP_N_GenomeWideSNP_6_B09_831356	5	21377839	21377853	2	1.1601
SERVO_p_TCGA_157_158_159_SNP_N_GenomeWideSNP_6_B09_831356	5	21386066	21451277	47	-0.1519
SERVO_p_TCGA_157_158_159_SNP_N_GenomeWideSNP_6_B09_831356	5	21451964	21452438	3	0.8882
SERVO_p_TCGA_157_158_159_SNP_N_GenomeWideSNP_6_B09_831356	5	21452496	32102731	6585	-0.0828
SERVO_p_TCGA_157_158_159_SNP_N_GenomeWideSNP_6_B09_831356	5	32107084	32171632	43	0.5596
SERVO_p_TCGA_157_158_159_SNP_N_GenomeWideSNP_6_B09_831356	5	32172493	46251306	8389	-0.0475
SERVO_p_TCGA_157_158_159_SNP_N_GenomeWideSNP_6_B09_831356	5	46271008	46273502	8	-1.4101
SERVO_p_TCGA_157_158_159_SNP_N_GenomeWideSNP_6_B09_831356	5	46278212	57321646	5076	-0.0595
SERVO_p_TCGA_157_158_159_SNP_N_GenomeWideSNP_6_B09_831356	5	57326027	57332397	24	-0.6801
SERVO_p_TCGA_157_158_159_SNP_N_GenomeWideSNP_6_B09_831356	5	57332516	103851221	26870	-0.043
SERVO_p_TCGA_157_158_159_SNP_N_GenomeWideSNP_6_B09_831356	5	103860373	103860604	4	0.9518
SERVO_p_TCGA_157_158_159_SNP_N_GenomeWideSNP_6_B09_831356	5	103861049	114092835	6950	-0.062
SERVO_p_TCGA_157_158_159_SNP_N_GenomeWideSNP_6_B09_831356	5	114096941	114101878	2	-1.2667
SERVO_p_TCGA_157_158_159_SNP_N_GenomeWideSNP_6_B09_831356	5	114102723	121071779	4853	-0.0524
SERVO_p_TCGA_157_158_159_SNP_N_GenomeWideSNP_6_B09_831356	5	121074696	121074699	2	-1.5199
SERVO_p_TCGA_157_158_159_SNP_N_GenomeWideSNP_6_B09_831356	5	121077482	141291217	11969	-0.0331
SERVO_p_TCGA_157_158_159_SNP_N_GenomeWideSNP_6_B09_831356	5	141293317	141296461	5	-1.2601
SERVO_p_TCGA_157_158_159_SNP_N_GenomeWideSNP_6_B09_831356	5	141296476	141299444	6	-3.1137
SERVO_p_TCGA_157_158_159_SNP_N_GenomeWideSNP_6_B09_831356	5	141300369	149567970	5651	-0.032
SERVO_p_TCGA_157_158_159_SNP_N_GenomeWideSNP_6_B09_831356	5	149572014	149573365	5	-1.2871
SERVO_p_TCGA_157_158_159_SNP_N_GenomeWideSNP_6_B09_831356	5	149577574	173205500	16443	-0.0632
SERVO_p_TCGA_157_158_159_SNP_N_GenomeWideSNP_6_B09_831356	5	173205607	173205872	2	-1.2566
SERVO_p_TCGA_157_158_159_SNP_N_GenomeWideSNP_6_B09_831356	5	173206216	177254965	2410	-0.0544
SERVO_p_TCGA_157_158_159_SNP_N_GenomeWideSNP_6_B09_831356	5	177259415	177260330	2	-1.3242
SERVO_p_TCGA_157_158_159_SNP_N_GenomeWideSNP_6_B09_831356	5	177265980	180374523	1809	-0.1109
SERVO_p_TCGA_157_158_159_SNP_N_GenomeWideSNP_6_B09_831356	5	180378710	180402843	9	-1.0334
SERVO_p_TCGA_157_158_159_SNP_N_GenomeWideSNP_6_B09_831356	5	180406558	180418103	10	-0.406
SERVO_p_TCGA_157_158_159_SNP_N_GenomeWideSNP_6_B09_831356	5	180433225	180790320	171	-0.0269
SERVO_p_TCGA_157_158_159_SNP_N_GenomeWideSNP_6_B09_831356	6	149661	290598	118	-0.0734
SERVO_p_TCGA_157_158_159_SNP_N_GenomeWideSNP_6_B09_831356	6	291082	384546	89	-0.4089
SERVO_p_TCGA_157_158_159_SNP_N_GenomeWideSNP_6_B09_831356	6	385056	16872232	13029	-0.0477
SERVO_p_TCGA_157_158_159_SNP_N_GenomeWideSNP_6_B09_831356	6	16874985	16875526	5	-0.8217
SERVO_p_TCGA_157_158_159_SNP_N_GenomeWideSNP_6_B09_831356	6	16875664	30767869	8889	-0.0465
SERVO_p_TCGA_157_158_159_SNP_N_GenomeWideSNP_6_B09_831356	6	30772344	30773349	3	-1.4653
SERVO_p_TCGA_157_158_159_SNP_N_GenomeWideSNP_6_B09_831356	6	30778203	31286276	291	-0.0727
SERVO_p_TCGA_157_158_159_SNP_N_GenomeWideSNP_6_B09_831356	6	31286305	31296451	10	0.8571
SERVO_p_TCGA_157_158_159_SNP_N_GenomeWideSNP_6_B09_831356	6	31309924	32454523	511	-0.011
SERVO_p_TCGA_157_158_159_SNP_N_GenomeWideSNP_6_B09_831356	6	32456683	32501299	14	1.2305
SERVO_p_TCGA_157_158_159_SNP_N_GenomeWideSNP_6_B09_831356	6	32508476	32619613	44	0.3532
SERVO_p_TCGA_157_158_159_SNP_N_GenomeWideSNP_6_B09_831356	6	32622194	33937436	809	-0.0991
SERVO_p_TCGA_157_158_159_SNP_N_GenomeWideSNP_6_B09_831356	6	33937454	33937999	8	0.4382
SERVO_p_TCGA_157_158_159_SNP_N_GenomeWideSNP_6_B09_831356	6	33938743	33942705	7	-2.2905
SERVO_p_TCGA_157_158_159_SNP_N_GenomeWideSNP_6_B09_831356	6	33944586	49021881	9650	-0.0464
SERVO_p_TCGA_157_158_159_SNP_N_GenomeWideSNP_6_B09_831356	6	49022964	49038161	5	-0.6655
SERVO_p_TCGA_157_158_159_SNP_N_GenomeWideSNP_6_B09_831356	6	49039948	65710729	7858	-0.0315
SERVO_p_TCGA_157_158_159_SNP_N_GenomeWideSNP_6_B09_831356	6	65711399	65713792	3	-1.2181
SERVO_p_TCGA_157_158_159_SNP_N_GenomeWideSNP_6_B09_831356	6	65717384	77436532	7696	-0.0588
SERVO_p_TCGA_157_158_159_SNP_N_GenomeWideSNP_6_B09_831356	6	77439868	77443247	11	-4.0265
SERVO_p_TCGA_157_158_159_SNP_N_GenomeWideSNP_6_B09_831356	6	77446199	77452757	9	-1.3422
SERVO_p_TCGA_157_158_159_SNP_N_GenomeWideSNP_6_B09_831356	6	77461073	78962889	978	-0.0686
SERVO_p_TCGA_157_158_159_SNP_N_GenomeWideSNP_6_B09_831356	6	78969065	79032317	107	0.2009
SERVO_p_TCGA_157_158_159_SNP_N_GenomeWideSNP_6_B09_831356	6	79032592	103734829	15480	-0.0447
SERVO_p_TCGA_157_158_159_SNP_N_GenomeWideSNP_6_B09_831356	6	103737976	103762061	46	-1.0959
SERVO_p_TCGA_157_158_159_SNP_N_GenomeWideSNP_6_B09_831356	6	103765470	110394906	4225	-0.0358
SERVO_p_TCGA_157_158_159_SNP_N_GenomeWideSNP_6_B09_831356	6	110396191	110413237	18	-1.2754
SERVO_p_TCGA_157_158_159_SNP_N_GenomeWideSNP_6_B09_831356	6	110415428	148679552	24190	-0.0367
SERVO_p_TCGA_157_158_159_SNP_N_GenomeWideSNP_6_B09_831356	6	148681821	148682018	2	-1.1374
SERVO_p_TCGA_157_158_159_SNP_N_GenomeWideSNP_6_B09_831356	6	148682423	162861831	10012	-0.0579
SERVO_p_TCGA_157_158_159_SNP_N_GenomeWideSNP_6_B09_831356	6	162862142	163174412	223	-0.5729
SERVO_p_TCGA_157_158_159_SNP_N_GenomeWideSNP_6_B09_831356	6	163175802	171051005	5561	-0.0829
SERVO_p_TCGA_157_158_159_SNP_N_GenomeWideSNP_6_B09_831356	7	43355	13394623	8728	0.2562
SERVO_p_TCGA_157_158_159_SNP_N_GenomeWideSNP_6_B09_831356	7	13398695	26627099	10482	-0.0314
SERVO_p_TCGA_157_158_159_SNP_N_GenomeWideSNP_6_B09_831356	7	26627743	26628034	2	1.3745
SERVO_p_TCGA_157_158_159_SNP_N_GenomeWideSNP_6_B09_831356	7	26631499	33321296	4698	-0.0362
SERVO_p_TCGA_157_158_159_SNP_N_GenomeWideSNP_6_B09_831356	7	33324408	34952535	1089	0.2575
SERVO_p_TCGA_157_158_159_SNP_N_GenomeWideSNP_6_B09_831356	7	34958304	37597503	1913	-0.0532
SERVO_p_TCGA_157_158_159_SNP_N_GenomeWideSNP_6_B09_831356	7	37601546	54386505	11645	0.249
SERVO_p_TCGA_157_158_159_SNP_N_GenomeWideSNP_6_B09_831356	7	54386509	54386517	5	2.0768
SERVO_p_TCGA_157_158_159_SNP_N_GenomeWideSNP_6_B09_831356	7	54393488	57065360	1632	0.2373
SERVO_p_TCGA_157_158_159_SNP_N_GenomeWideSNP_6_B09_831356	7	57067592	57084132	3	-0.8878
SERVO_p_TCGA_157_158_159_SNP_N_GenomeWideSNP_6_B09_831356	7	57116468	68399773	3439	0.1739
SERVO_p_TCGA_157_158_159_SNP_N_GenomeWideSNP_6_B09_831356	7	68406060	68408992	7	-0.6534
SERVO_p_TCGA_157_158_159_SNP_N_GenomeWideSNP_6_B09_831356	7	68411200	70420438	1214	0.227
SERVO_p_TCGA_157_158_159_SNP_N_GenomeWideSNP_6_B09_831356	7	70423250	70426141	2	-2.192
SERVO_p_TCGA_157_158_159_SNP_N_GenomeWideSNP_6_B09_831356	7	70428243	96543107	15332	0.2548
SERVO_p_TCGA_157_158_159_SNP_N_GenomeWideSNP_6_B09_831356	7	96545968	96547715	2	-0.6121
SERVO_p_TCGA_157_158_159_SNP_N_GenomeWideSNP_6_B09_831356	7	96550164	109437094	7166	0.2531
SERVO_p_TCGA_157_158_159_SNP_N_GenomeWideSNP_6_B09_831356	7	109437097	109440918	15	0.5747
SERVO_p_TCGA_157_158_159_SNP_N_GenomeWideSNP_6_B09_831356	7	109440919	109441212	6	-0.1191
SERVO_p_TCGA_157_158_159_SNP_N_GenomeWideSNP_6_B09_831356	7	109441244	109453819	9	0.7056
SERVO_p_TCGA_157_158_159_SNP_N_GenomeWideSNP_6_B09_831356	7	109453858	126045651	10038	0.2621
SERVO_p_TCGA_157_158_159_SNP_N_GenomeWideSNP_6_B09_831356	7	126045686	126046877	11	1.1151
SERVO_p_TCGA_157_158_159_SNP_N_GenomeWideSNP_6_B09_831356	7	126046878	126046881	4	-0.5359
SERVO_p_TCGA_157_158_159_SNP_N_GenomeWideSNP_6_B09_831356	7	126052766	133785177	4698	0.2472
SERVO_p_TCGA_157_158_159_SNP_N_GenomeWideSNP_6_B09_831356	7	133785195	133790443	25	0.8319
SERVO_p_TCGA_157_158_159_SNP_N_GenomeWideSNP_6_B09_831356	7	133795634	141759994	5202	0.2412
SERVO_p_TCGA_157_158_159_SNP_N_GenomeWideSNP_6_B09_831356	7	141760830	141820601	63	0.5398
SERVO_p_TCGA_157_158_159_SNP_N_GenomeWideSNP_6_B09_831356	7	141822549	142474939	434	0.2843
SERVO_p_TCGA_157_158_159_SNP_N_GenomeWideSNP_6_B09_831356	7	142476719	142486045	27	0.7851
SERVO_p_TCGA_157_158_159_SNP_N_GenomeWideSNP_6_B09_831356	7	142486115	149823316	4479	0.2322
SERVO_p_TCGA_157_158_159_SNP_N_GenomeWideSNP_6_B09_831356	7	149825181	149836421	3	-1.4438
SERVO_p_TCGA_157_158_159_SNP_N_GenomeWideSNP_6_B09_831356	7	149836898	154389895	2841	0.2293
SERVO_p_TCGA_157_158_159_SNP_N_GenomeWideSNP_6_B09_831356	7	154393171	154399613	4	-1.8299
SERVO_p_TCGA_157_158_159_SNP_N_GenomeWideSNP_6_B09_831356	7	154400830	154427672	27	0.1631
SERVO_p_TCGA_157_158_159_SNP_N_GenomeWideSNP_6_B09_831356	7	154427998	154428418	3	-0.6867
SERVO_p_TCGA_157_158_159_SNP_N_GenomeWideSNP_6_B09_831356	7	154429560	159127004	3214	0.2553
SERVO_p_TCGA_157_158_159_SNP_N_GenomeWideSNP_6_B09_831356	8	31254	3907807	3644	-0.0959
SERVO_p_TCGA_157_158_159_SNP_N_GenomeWideSNP_6_B09_831356	8	3907841	3908450	4	-1.3402
SERVO_p_TCGA_157_158_159_SNP_N_GenomeWideSNP_6_B09_831356	8	3910096	8287045	4605	-0.0896
SERVO_p_TCGA_157_158_159_SNP_N_GenomeWideSNP_6_B09_831356	8	8287056	8291357	5	-1.1815
SERVO_p_TCGA_157_158_159_SNP_N_GenomeWideSNP_6_B09_831356	8	8291745	11949551	3031	-0.05
SERVO_p_TCGA_157_158_159_SNP_N_GenomeWideSNP_6_B09_831356	8	11987726	12034307	7	0.7271
SERVO_p_TCGA_157_158_159_SNP_N_GenomeWideSNP_6_B09_831356	8	12034997	12232416	12	-0.1706
SERVO_p_TCGA_157_158_159_SNP_N_GenomeWideSNP_6_B09_831356	8	12233640	12247486	36	-0.5838
SERVO_p_TCGA_157_158_159_SNP_N_GenomeWideSNP_6_B09_831356	8	12260927	39230659	19541	-0.0606
SERVO_p_TCGA_157_158_159_SNP_N_GenomeWideSNP_6_B09_831356	8	39235603	39388299	60	-0.5195
SERVO_p_TCGA_157_158_159_SNP_N_GenomeWideSNP_6_B09_831356	8	39388779	40771996	1073	-0.0139
SERVO_p_TCGA_157_158_159_SNP_N_GenomeWideSNP_6_B09_831356	8	40777852	40778471	2	-1.8011
SERVO_p_TCGA_157_158_159_SNP_N_GenomeWideSNP_6_B09_831356	8	40783680	47517012	1694	-0.1066
SERVO_p_TCGA_157_158_159_SNP_N_GenomeWideSNP_6_B09_831356	8	47521117	47536546	11	0.5934
SERVO_p_TCGA_157_158_159_SNP_N_GenomeWideSNP_6_B09_831356	8	47546095	95557552	28973	-0.0595
SERVO_p_TCGA_157_158_159_SNP_N_GenomeWideSNP_6_B09_831356	8	95557602	95557992	6	0.6212
SERVO_p_TCGA_157_158_159_SNP_N_GenomeWideSNP_6_B09_831356	8	95558115	115634554	12110	-0.0634
SERVO_p_TCGA_157_158_159_SNP_N_GenomeWideSNP_6_B09_831356	8	115634653	115641731	33	-0.7065
SERVO_p_TCGA_157_158_159_SNP_N_GenomeWideSNP_6_B09_831356	8	115650697	126541659	7355	-0.0476
SERVO_p_TCGA_157_158_159_SNP_N_GenomeWideSNP_6_B09_831356	8	126543476	126543928	2	-1.3132
SERVO_p_TCGA_157_158_159_SNP_N_GenomeWideSNP_6_B09_831356	8	126546197	144299158	13047	-0.0649
SERVO_p_TCGA_157_158_159_SNP_N_GenomeWideSNP_6_B09_831356	8	144299335	144309998	9	0.5451
SERVO_p_TCGA_157_158_159_SNP_N_GenomeWideSNP_6_B09_831356	8	144310013	146298155	637	-0.0471
SERVO_p_TCGA_157_158_159_SNP_N_GenomeWideSNP_6_B09_831356	9	46587	10403105	9976	-0.0922
SERVO_p_TCGA_157_158_159_SNP_N_GenomeWideSNP_6_B09_831356	9	10404138	10404986	2	1.4541
SERVO_p_TCGA_157_158_159_SNP_N_GenomeWideSNP_6_B09_831356	9	10407943	26571319	12780	-0.0736
SERVO_p_TCGA_157_158_159_SNP_N_GenomeWideSNP_6_B09_831356	9	26571412	26571886	3	-1.2641
SERVO_p_TCGA_157_158_159_SNP_N_GenomeWideSNP_6_B09_831356	9	26571932	29091097	2037	-0.0966
SERVO_p_TCGA_157_158_159_SNP_N_GenomeWideSNP_6_B09_831356	9	29094549	29094997	2	-2.5306
SERVO_p_TCGA_157_158_159_SNP_N_GenomeWideSNP_6_B09_831356	9	29097680	36884067	5001	-0.0959
SERVO_p_TCGA_157_158_159_SNP_N_GenomeWideSNP_6_B09_831356	9	36884157	38767942	1365	-0.5792
SERVO_p_TCGA_157_158_159_SNP_N_GenomeWideSNP_6_B09_831356	9	38768083	46347431	406	-0.3105
SERVO_p_TCGA_157_158_159_SNP_N_GenomeWideSNP_6_B09_831356	9	46375542	46397841	10	-0.8524
SERVO_p_TCGA_157_158_159_SNP_N_GenomeWideSNP_6_B09_831356	9	46399281	69001434	163	-0.1512
SERVO_p_TCGA_157_158_159_SNP_N_GenomeWideSNP_6_B09_831356	9	69022956	69022971	2	-1.3728
SERVO_p_TCGA_157_158_159_SNP_N_GenomeWideSNP_6_B09_831356	9	69062430	69941946	99	-0.1126
SERVO_p_TCGA_157_158_159_SNP_N_GenomeWideSNP_6_B09_831356	9	69941947	69957668	6	0.6319
SERVO_p_TCGA_157_158_159_SNP_N_GenomeWideSNP_6_B09_831356	9	69957764	79769394	6539	-0.0597
SERVO_p_TCGA_157_158_159_SNP_N_GenomeWideSNP_6_B09_831356	9	79770398	79786128	30	0.4701
SERVO_p_TCGA_157_158_159_SNP_N_GenomeWideSNP_6_B09_831356	9	79786142	115044648	24936	-0.0855
SERVO_p_TCGA_157_158_159_SNP_N_GenomeWideSNP_6_B09_831356	9	115046403	115150054	53	0.246
SERVO_p_TCGA_157_158_159_SNP_N_GenomeWideSNP_6_B09_831356	9	115155946	138179478	15338	-0.1055
SERVO_p_TCGA_157_158_159_SNP_N_GenomeWideSNP_6_B09_831356	9	138179725	138181228	5	0.615
SERVO_p_TCGA_157_158_159_SNP_N_GenomeWideSNP_6_B09_831356	9	138181480	138214105	16	-0.0652
SERVO_p_TCGA_157_158_159_SNP_N_GenomeWideSNP_6_B09_831356	9	138215622	138216412	2	-2.2823
SERVO_p_TCGA_157_158_159_SNP_N_GenomeWideSNP_6_B09_831356	9	138217797	141091394	1113	-0.1165
SERVO_p_TCGA_157_158_159_SNP_N_GenomeWideSNP_6_B09_831356	10	72759	26723138	20899	-0.0606
SERVO_p_TCGA_157_158_159_SNP_N_GenomeWideSNP_6_B09_831356	10	26724205	27223903	331	-0.4671
SERVO_p_TCGA_157_158_159_SNP_N_GenomeWideSNP_6_B09_831356	10	27225904	27228473	13	0.1924
SERVO_p_TCGA_157_158_159_SNP_N_GenomeWideSNP_6_B09_831356	10	27229993	31246510	3033	-0.5169
SERVO_p_TCGA_157_158_159_SNP_N_GenomeWideSNP_6_B09_831356	10	31251334	31251726	9	-1.6183
SERVO_p_TCGA_157_158_159_SNP_N_GenomeWideSNP_6_B09_831356	10	31251738	32561370	852	-0.4733
SERVO_p_TCGA_157_158_159_SNP_N_GenomeWideSNP_6_B09_831356	10	32563922	46256781	6402	-0.0654
SERVO_p_TCGA_157_158_159_SNP_N_GenomeWideSNP_6_B09_831356	10	46293619	46312487	2	-1.1856
SERVO_p_TCGA_157_158_159_SNP_N_GenomeWideSNP_6_B09_831356	10	46485761	46918184	13	-0.1825
SERVO_p_TCGA_157_158_159_SNP_N_GenomeWideSNP_6_B09_831356	10	46931589	46932195	2	-1.959
SERVO_p_TCGA_157_158_159_SNP_N_GenomeWideSNP_6_B09_831356	10	46943377	51822399	2132	-0.0957
SERVO_p_TCGA_157_158_159_SNP_N_GenomeWideSNP_6_B09_831356	10	51830360	51857219	3	-1.4762
SERVO_p_TCGA_157_158_159_SNP_N_GenomeWideSNP_6_B09_831356	10	51867234	67306276	11016	-0.0399
SERVO_p_TCGA_157_158_159_SNP_N_GenomeWideSNP_6_B09_831356	10	67307923	67322795	29	0.3679
SERVO_p_TCGA_157_158_159_SNP_N_GenomeWideSNP_6_B09_831356	10	67322926	75647398	5275	-0.0599
SERVO_p_TCGA_157_158_159_SNP_N_GenomeWideSNP_6_B09_831356	10	75648056	78161827	1466	-0.4728
SERVO_p_TCGA_157_158_159_SNP_N_GenomeWideSNP_6_B09_831356	10	78161871	79253261	887	-0.0424
SERVO_p_TCGA_157_158_159_SNP_N_GenomeWideSNP_6_B09_831356	10	79253986	79321772	49	-0.5032
SERVO_p_TCGA_157_158_159_SNP_N_GenomeWideSNP_6_B09_831356	10	79324594	89338633	6891	-0.0564
SERVO_p_TCGA_157_158_159_SNP_N_GenomeWideSNP_6_B09_831356	10	89341068	101274058	7837	-0.452
SERVO_p_TCGA_157_158_159_SNP_N_GenomeWideSNP_6_B09_831356	10	101274365	101275260	4	-2.1003
SERVO_p_TCGA_157_158_159_SNP_N_GenomeWideSNP_6_B09_831356	10	101277816	115390353	9299	-0.4791
SERVO_p_TCGA_157_158_159_SNP_N_GenomeWideSNP_6_B09_831356	10	115390616	120031074	3214	-0.0253
SERVO_p_TCGA_157_158_159_SNP_N_GenomeWideSNP_6_B09_831356	10	120031952	120032416	2	-1.5078
SERVO_p_TCGA_157_158_159_SNP_N_GenomeWideSNP_6_B09_831356	10	120034243	135506704	11351	-0.0617
SERVO_p_TCGA_157_158_159_SNP_N_GenomeWideSNP_6_B09_831356	11	198510	2128309	688	0.221
SERVO_p_TCGA_157_158_159_SNP_N_GenomeWideSNP_6_B09_831356	11	2135162	2255541	38	0.6514
SERVO_p_TCGA_157_158_159_SNP_N_GenomeWideSNP_6_B09_831356	11	2255563	3486724	621	0.2206
SERVO_p_TCGA_157_158_159_SNP_N_GenomeWideSNP_6_B09_831356	11	3487665	3488541	3	-0.9151
SERVO_p_TCGA_157_158_159_SNP_N_GenomeWideSNP_6_B09_831356	11	3506526	4968117	1128	0.2209
SERVO_p_TCGA_157_158_159_SNP_N_GenomeWideSNP_6_B09_831356	11	4968510	4975164	26	0.8501
SERVO_p_TCGA_157_158_159_SNP_N_GenomeWideSNP_6_B09_831356	11	4975675	5061906	92	0.247
SERVO_p_TCGA_157_158_159_SNP_N_GenomeWideSNP_6_B09_831356	11	5062836	5062942	2	-0.6958
SERVO_p_TCGA_157_158_159_SNP_N_GenomeWideSNP_6_B09_831356	11	5067358	7813040	2241	0.2499
SERVO_p_TCGA_157_158_159_SNP_N_GenomeWideSNP_6_B09_831356	11	7813460	7841583	9	-0.514
SERVO_p_TCGA_157_158_159_SNP_N_GenomeWideSNP_6_B09_831356	11	7841797	18951506	7923	0.2632
SERVO_p_TCGA_157_158_159_SNP_N_GenomeWideSNP_6_B09_831356	11	18951693	18960750	22	0.5894
SERVO_p_TCGA_157_158_159_SNP_N_GenomeWideSNP_6_B09_831356	11	18961065	51564427	21611	0.2423
SERVO_p_TCGA_157_158_159_SNP_N_GenomeWideSNP_6_B09_831356	11	54701645	54758291	4	1.1334
SERVO_p_TCGA_157_158_159_SNP_N_GenomeWideSNP_6_B09_831356	11	54773893	55363340	236	0.1422
SERVO_p_TCGA_157_158_159_SNP_N_GenomeWideSNP_6_B09_831356	11	55374032	55442318	48	0.6665
SERVO_p_TCGA_157_158_159_SNP_N_GenomeWideSNP_6_B09_831356	11	55444211	62040519	3970	0.2427
SERVO_p_TCGA_157_158_159_SNP_N_GenomeWideSNP_6_B09_831356	11	62040793	62043174	2	-1.0051
SERVO_p_TCGA_157_158_159_SNP_N_GenomeWideSNP_6_B09_831356	11	62047967	93018715	18310	0.242
SERVO_p_TCGA_157_158_159_SNP_N_GenomeWideSNP_6_B09_831356	11	93020483	93025416	3	-0.8301
SERVO_p_TCGA_157_158_159_SNP_N_GenomeWideSNP_6_B09_831356	11	93029461	134944770	30116	0.2354
SERVO_p_TCGA_157_158_159_SNP_N_GenomeWideSNP_6_B09_831356	12	150442	224365	26	-0.0197
SERVO_p_TCGA_157_158_159_SNP_N_GenomeWideSNP_6_B09_831356	12	225655	225699	2	-1.76
SERVO_p_TCGA_157_158_159_SNP_N_GenomeWideSNP_6_B09_831356	12	228431	869263	392	-0.0398
SERVO_p_TCGA_157_158_159_SNP_N_GenomeWideSNP_6_B09_831356	12	869278	874029	15	-1.1933
SERVO_p_TCGA_157_158_159_SNP_N_GenomeWideSNP_6_B09_831356	12	875354	9461228	5681	-0.067
SERVO_p_TCGA_157_158_159_SNP_N_GenomeWideSNP_6_B09_831356	12	9467809	9472365	2	-2.5302
SERVO_p_TCGA_157_158_159_SNP_N_GenomeWideSNP_6_B09_831356	12	9472643	9637909	82	-0.1548
SERVO_p_TCGA_157_158_159_SNP_N_GenomeWideSNP_6_B09_831356	12	9638692	9667450	8	-0.7954
SERVO_p_TCGA_157_158_159_SNP_N_GenomeWideSNP_6_B09_831356	12	9673466	33294660	16653	-0.0313
SERVO_p_TCGA_157_158_159_SNP_N_GenomeWideSNP_6_B09_831356	12	33301406	33307374	27	-0.827
SERVO_p_TCGA_157_158_159_SNP_N_GenomeWideSNP_6_B09_831356	12	33308360	37987726	843	-0.0757
SERVO_p_TCGA_157_158_159_SNP_N_GenomeWideSNP_6_B09_831356	12	38012567	38014018	2	-1.5337
SERVO_p_TCGA_157_158_159_SNP_N_GenomeWideSNP_6_B09_831356	12	38034358	45904438	4774	-0.0586
SERVO_p_TCGA_157_158_159_SNP_N_GenomeWideSNP_6_B09_831356	12	45905840	45909537	3	1.2661
SERVO_p_TCGA_157_158_159_SNP_N_GenomeWideSNP_6_B09_831356	12	45913292	51507463	3025	-0.0539
SERVO_p_TCGA_157_158_159_SNP_N_GenomeWideSNP_6_B09_831356	12	51508465	51514923	5	0.7145
SERVO_p_TCGA_157_158_159_SNP_N_GenomeWideSNP_6_B09_831356	12	51518787	133778189	53476	-0.0498
SERVO_p_TCGA_157_158_159_SNP_N_GenomeWideSNP_6_B09_831356	13	19026949	20312110	658	0.1628
SERVO_p_TCGA_157_158_159_SNP_N_GenomeWideSNP_6_B09_831356	13	20320070	20359501	17	-0.0549
SERVO_p_TCGA_157_158_159_SNP_N_GenomeWideSNP_6_B09_831356	13	20359699	25509506	3710	0.2609
SERVO_p_TCGA_157_158_159_SNP_N_GenomeWideSNP_6_B09_831356	13	25509846	25515343	5	-1.415
SERVO_p_TCGA_157_158_159_SNP_N_GenomeWideSNP_6_B09_831356	13	25516291	27354280	1308	0.213
SERVO_p_TCGA_157_158_159_SNP_N_GenomeWideSNP_6_B09_831356	13	27354600	27647030	294	0.5317
SERVO_p_TCGA_157_158_159_SNP_N_GenomeWideSNP_6_B09_831356	13	27647504	38071135	7560	0.2388
SERVO_p_TCGA_157_158_159_SNP_N_GenomeWideSNP_6_B09_831356	13	38072036	38088330	17	-0.2654
SERVO_p_TCGA_157_158_159_SNP_N_GenomeWideSNP_6_B09_831356	13	38088374	49531551	8036	0.2435
SERVO_p_TCGA_157_158_159_SNP_N_GenomeWideSNP_6_B09_831356	13	49533715	49536504	2	-2.1537
SERVO_p_TCGA_157_158_159_SNP_N_GenomeWideSNP_6_B09_831356	13	49537705	50919045	652	0.2363
SERVO_p_TCGA_157_158_159_SNP_N_GenomeWideSNP_6_B09_831356	13	50919656	50921946	2	-1.2632
SERVO_p_TCGA_157_158_159_SNP_N_GenomeWideSNP_6_B09_831356	13	50922773	64224205	7687	0.2016
SERVO_p_TCGA_157_158_159_SNP_N_GenomeWideSNP_6_B09_831356	13	64224792	64236692	9	-0.3657
SERVO_p_TCGA_157_158_159_SNP_N_GenomeWideSNP_6_B09_831356	13	64239563	110387923	31447	0.2401
SERVO_p_TCGA_157_158_159_SNP_N_GenomeWideSNP_6_B09_831356	13	110394138	110394645	2	-1.1666
SERVO_p_TCGA_157_158_159_SNP_N_GenomeWideSNP_6_B09_831356	13	110394732	115108397	2865	0.2327
SERVO_p_TCGA_157_158_159_SNP_N_GenomeWideSNP_6_B09_831356	14	19002124	53807844	21219	-0.0511
SERVO_p_TCGA_157_158_159_SNP_N_GenomeWideSNP_6_B09_831356	14	53811040	53812252	6	-0.9376
SERVO_p_TCGA_157_158_159_SNP_N_GenomeWideSNP_6_B09_831356	14	53812627	74006707	13091	-0.0419
SERVO_p_TCGA_157_158_159_SNP_N_GenomeWideSNP_6_B09_831356	14	74006851	74029915	9	-1.5456
SERVO_p_TCGA_157_158_159_SNP_N_GenomeWideSNP_6_B09_831356	14	74030731	106796697	20922	-0.0664
SERVO_p_TCGA_157_158_159_SNP_N_GenomeWideSNP_6_B09_831356	14	106801355	106821736	8	-0.8895
SERVO_p_TCGA_157_158_159_SNP_N_GenomeWideSNP_6_B09_831356	14	106825916	106881352	31	-0.0779
SERVO_p_TCGA_157_158_159_SNP_N_GenomeWideSNP_6_B09_831356	14	106882342	106918048	45	0.1976
SERVO_p_TCGA_157_158_159_SNP_N_GenomeWideSNP_6_B09_831356	14	106918057	107285437	228	-0.1024
SERVO_p_TCGA_157_158_159_SNP_N_GenomeWideSNP_6_B09_831356	15	20016328	56789647	21558	-0.0526
SERVO_p_TCGA_157_158_159_SNP_N_GenomeWideSNP_6_B09_831356	15	56790703	56800977	25	-0.858
SERVO_p_TCGA_157_158_159_SNP_N_GenomeWideSNP_6_B09_831356	15	56801623	97177392	26571	-0.0483
SERVO_p_TCGA_157_158_159_SNP_N_GenomeWideSNP_6_B09_831356	15	97183382	97206709	19	-0.5734
SERVO_p_TCGA_157_158_159_SNP_N_GenomeWideSNP_6_B09_831356	15	97210875	102388354	3828	-0.0577
SERVO_p_TCGA_157_158_159_SNP_N_GenomeWideSNP_6_B09_831356	15	102388492	102469040	24	0.2913
SERVO_p_TCGA_157_158_159_SNP_N_GenomeWideSNP_6_B09_831356	16	60777	86125	5	-0.4881
SERVO_p_TCGA_157_158_159_SNP_N_GenomeWideSNP_6_B09_831356	16	86235	14980977	11125	-0.0652
SERVO_p_TCGA_157_158_159_SNP_N_GenomeWideSNP_6_B09_831356	16	14989839	15116257	64	-0.5504
SERVO_p_TCGA_157_158_159_SNP_N_GenomeWideSNP_6_B09_831356	16	15125441	23196738	4099	-0.0372
SERVO_p_TCGA_157_158_159_SNP_N_GenomeWideSNP_6_B09_831356	16	23198810	23297890	43	0.2713
SERVO_p_TCGA_157_158_159_SNP_N_GenomeWideSNP_6_B09_831356	16	23298233	78912825	27150	-0.0676
SERVO_p_TCGA_157_158_159_SNP_N_GenomeWideSNP_6_B09_831356	16	78913115	79011864	134	-0.5022
SERVO_p_TCGA_157_158_159_SNP_N_GenomeWideSNP_6_B09_831356	16	79011984	79100559	145	-1.2376
SERVO_p_TCGA_157_158_159_SNP_N_GenomeWideSNP_6_B09_831356	16	79102007	79191480	113	-0.5329
SERVO_p_TCGA_157_158_159_SNP_N_GenomeWideSNP_6_B09_831356	16	79193350	90287535	9521	-0.0578
SERVO_p_TCGA_157_158_159_SNP_N_GenomeWideSNP_6_B09_831356	17	526	18282665	11382	-0.5221
SERVO_p_TCGA_157_158_159_SNP_N_GenomeWideSNP_6_B09_831356	17	18282743	18474646	59	-0.1019
SERVO_p_TCGA_157_158_159_SNP_N_GenomeWideSNP_6_B09_831356	17	18496306	22235650	1544	-0.4998
SERVO_p_TCGA_157_158_159_SNP_N_GenomeWideSNP_6_B09_831356	17	25270411	39423077	7949	0.6362
SERVO_p_TCGA_157_158_159_SNP_N_GenomeWideSNP_6_B09_831356	17	39423090	39430531	20	-0.2511
SERVO_p_TCGA_157_158_159_SNP_N_GenomeWideSNP_6_B09_831356	17	39432724	44505241	2651	0.6066
SERVO_p_TCGA_157_158_159_SNP_N_GenomeWideSNP_6_B09_831356	17	44523711	44523726	2	2.9333
SERVO_p_TCGA_157_158_159_SNP_N_GenomeWideSNP_6_B09_831356	17	44546329	55687489	7045	0.652
SERVO_p_TCGA_157_158_159_SNP_N_GenomeWideSNP_6_B09_831356	17	55688333	55688993	2	-1.6246
SERVO_p_TCGA_157_158_159_SNP_N_GenomeWideSNP_6_B09_831356	17	55691993	66062316	5553	0.6438
SERVO_p_TCGA_157_158_159_SNP_N_GenomeWideSNP_6_B09_831356	17	66075887	66078404	2	-0.7979
SERVO_p_TCGA_157_158_159_SNP_N_GenomeWideSNP_6_B09_831356	17	66091097	81049726	9040	0.6509
SERVO_p_TCGA_157_158_159_SNP_N_GenomeWideSNP_6_B09_831356	18	11543	3829144	2677	-0.4858
SERVO_p_TCGA_157_158_159_SNP_N_GenomeWideSNP_6_B09_831356	18	3829406	3830073	3	0.6309
SERVO_p_TCGA_157_158_159_SNP_N_GenomeWideSNP_6_B09_831356	18	3830194	62617806	36864	-0.4832
SERVO_p_TCGA_157_158_159_SNP_N_GenomeWideSNP_6_B09_831356	18	62621629	62621672	2	-2.5317
SERVO_p_TCGA_157_158_159_SNP_N_GenomeWideSNP_6_B09_831356	18	62622046	78015057	11164	-0.5238
SERVO_p_TCGA_157_158_159_SNP_N_GenomeWideSNP_6_B09_831356	19	90910	255830	7	-0.4192
SERVO_p_TCGA_157_158_159_SNP_N_GenomeWideSNP_6_B09_831356	19	257392	21814919	9662	-0.101
SERVO_p_TCGA_157_158_159_SNP_N_GenomeWideSNP_6_B09_831356	19	21815640	21822322	6	-1.0953
SERVO_p_TCGA_157_158_159_SNP_N_GenomeWideSNP_6_B09_831356	19	21825764	35849322	7130	-0.1037
SERVO_p_TCGA_157_158_159_SNP_N_GenomeWideSNP_6_B09_831356	19	35849493	35861848	22	-0.6635
SERVO_p_TCGA_157_158_159_SNP_N_GenomeWideSNP_6_B09_831356	19	35866744	59097854	12500	-0.1006
SERVO_p_TCGA_157_158_159_SNP_N_GenomeWideSNP_6_B09_831356	20	61305	1561580	1208	0.4778
SERVO_p_TCGA_157_158_159_SNP_N_GenomeWideSNP_6_B09_831356	20	1561667	1597946	41	-0.2481
SERVO_p_TCGA_157_158_159_SNP_N_GenomeWideSNP_6_B09_831356	20	1598106	14817169	9976	0.4894
SERVO_p_TCGA_157_158_159_SNP_N_GenomeWideSNP_6_B09_831356	20	14817185	15022560	186	0.2232
SERVO_p_TCGA_157_158_159_SNP_N_GenomeWideSNP_6_B09_831356	20	15022920	15144763	125	-0.36
SERVO_p_TCGA_157_158_159_SNP_N_GenomeWideSNP_6_B09_831356	20	15150730	15223745	58	0.2133
SERVO_p_TCGA_157_158_159_SNP_N_GenomeWideSNP_6_B09_831356	20	15228295	15340477	100	0.537
SERVO_p_TCGA_157_158_159_SNP_N_GenomeWideSNP_6_B09_831356	20	15341935	16170011	825	0.2453
SERVO_p_TCGA_157_158_159_SNP_N_GenomeWideSNP_6_B09_831356	20	16170867	26305491	7538	0.4921
SERVO_p_TCGA_157_158_159_SNP_N_GenomeWideSNP_6_B09_831356	20	26305579	29492738	20	-0.0649
SERVO_p_TCGA_157_158_159_SNP_N_GenomeWideSNP_6_B09_831356	20	29493853	55408428	17220	0.4614
SERVO_p_TCGA_157_158_159_SNP_N_GenomeWideSNP_6_B09_831356	20	55412730	55428489	16	-0.5965
SERVO_p_TCGA_157_158_159_SNP_N_GenomeWideSNP_6_B09_831356	20	55429824	62956153	5182	0.4586
SERVO_p_TCGA_157_158_159_SNP_N_GenomeWideSNP_6_B09_831356	21	10736871	11008141	74	-0.8847
SERVO_p_TCGA_157_158_159_SNP_N_GenomeWideSNP_6_B09_831356	21	11008280	47381947	23927	-0.0678
SERVO_p_TCGA_157_158_159_SNP_N_GenomeWideSNP_6_B09_831356	21	47384175	48096957	390	0.2268
SERVO_p_TCGA_157_158_159_SNP_N_GenomeWideSNP_6_B09_831356	22	16052528	16058854	4	-0.0759
SERVO_p_TCGA_157_158_159_SNP_N_GenomeWideSNP_6_B09_831356	22	16061342	16102524	7	-0.8116
SERVO_p_TCGA_157_158_159_SNP_N_GenomeWideSNP_6_B09_831356	22	16108143	16239487	19	-0.4455
SERVO_p_TCGA_157_158_159_SNP_N_GenomeWideSNP_6_B09_831356	22	16239968	16877230	71	-0.0903
SERVO_p_TCGA_157_158_159_SNP_N_GenomeWideSNP_6_B09_831356	22	16888900	21809185	2774	0.2519
SERVO_p_TCGA_157_158_159_SNP_N_GenomeWideSNP_6_B09_831356	22	21815866	21845294	24	0.859
SERVO_p_TCGA_157_158_159_SNP_N_GenomeWideSNP_6_B09_831356	22	21845355	24314006	1708	0.2628
SERVO_p_TCGA_157_158_159_SNP_N_GenomeWideSNP_6_B09_831356	22	24315049	24344422	13	0.744
SERVO_p_TCGA_157_158_159_SNP_N_GenomeWideSNP_6_B09_831356	22	24350529	24396814	19	-1.5903
SERVO_p_TCGA_157_158_159_SNP_N_GenomeWideSNP_6_B09_831356	22	24401529	42892439	12791	0.2365
SERVO_p_TCGA_157_158_159_SNP_N_GenomeWideSNP_6_B09_831356	22	42892582	42934462	24	0.6745
SERVO_p_TCGA_157_158_159_SNP_N_GenomeWideSNP_6_B09_831356	22	42942962	50237662	5713	0.2187
SERVO_p_TCGA_157_158_159_SNP_N_GenomeWideSNP_6_B09_831356	22	50241176	50672154	157	0.5477
SERVO_p_TCGA_157_158_159_SNP_N_GenomeWideSNP_6_B09_831356	22	50675431	51234455	242	0.3125
SERVO_p_TCGA_157_158_159_SNP_N_GenomeWideSNP_6_B09_831356	X	168477	377876	11	0.0889
SERVO_p_TCGA_157_158_159_SNP_N_GenomeWideSNP_6_B09_831356	X	387725	387775	4	0.9799
SERVO_p_TCGA_157_158_159_SNP_N_GenomeWideSNP_6_B09_831356	X	401522	7185603	3513	0.0099
SERVO_p_TCGA_157_158_159_SNP_N_GenomeWideSNP_6_B09_831356	X	7188039	7222834	27	-0.4864
SERVO_p_TCGA_157_158_159_SNP_N_GenomeWideSNP_6_B09_831356	X	7225031	28047732	13622	0.0322
SERVO_p_TCGA_157_158_159_SNP_N_GenomeWideSNP_6_B09_831356	X	28047839	28048630	6	-1.1263
SERVO_p_TCGA_157_158_159_SNP_N_GenomeWideSNP_6_B09_831356	X	28048767	55701259	15095	0.0348
SERVO_p_TCGA_157_158_159_SNP_N_GenomeWideSNP_6_B09_831356	X	55702659	55707556	3	-2.149
SERVO_p_TCGA_157_158_159_SNP_N_GenomeWideSNP_6_B09_831356	X	55707686	86649982	13265	0.0147
SERVO_p_TCGA_157_158_159_SNP_N_GenomeWideSNP_6_B09_831356	X	86656667	86657496	2	-2.7864
SERVO_p_TCGA_157_158_159_SNP_N_GenomeWideSNP_6_B09_831356	X	86658693	115138403	15175	0.011
SERVO_p_TCGA_157_158_159_SNP_N_GenomeWideSNP_6_B09_831356	X	115141541	115150638	5	-2.014
SERVO_p_TCGA_157_158_159_SNP_N_GenomeWideSNP_6_B09_831356	X	115156419	140647163	14764	0.0166
SERVO_p_TCGA_157_158_159_SNP_N_GenomeWideSNP_6_B09_831356	X	140666298	140681794	6	-1.6295
SERVO_p_TCGA_157_158_159_SNP_N_GenomeWideSNP_6_B09_831356	X	140683977	147962375	5162	-0.0334
SERVO_p_TCGA_157_158_159_SNP_N_GenomeWideSNP_6_B09_831356	X	147962972	147964199	2	-1.7072
SERVO_p_TCGA_157_158_159_SNP_N_GenomeWideSNP_6_B09_831356	X	147964678	155182354	3819	0.018
SERVO_p_TCGA_157_158_159_SNP_N_GenomeWideSNP_6_B09_831356	Y	2650438	2915759	135	-2.3175
SERVO_p_TCGA_157_158_159_SNP_N_GenomeWideSNP_6_B09_831356	Y	2928908	5944603	669	-1.9757
SERVO_p_TCGA_157_158_159_SNP_N_GenomeWideSNP_6_B09_831356	Y	5948100	6035471	31	-2.2979
SERVO_p_TCGA_157_158_159_SNP_N_GenomeWideSNP_6_B09_831356	Y	6039351	6039663	2	-7.7959
SERVO_p_TCGA_157_158_159_SNP_N_GenomeWideSNP_6_B09_831356	Y	6048274	19165254	4619	-2.358
SERVO_p_TCGA_157_158_159_SNP_N_GenomeWideSNP_6_B09_831356	Y	19166861	21088297	907	-2.6449
SERVO_p_TCGA_157_158_159_SNP_N_GenomeWideSNP_6_B09_831356	Y	21088485	22914301	631	-2.3495
SERVO_p_TCGA_157_158_159_SNP_N_GenomeWideSNP_6_B09_831356	Y	22914378	22918577	2	-7.6439
SERVO_p_TCGA_157_158_159_SNP_N_GenomeWideSNP_6_B09_831356	Y	22918892	24514859	611	-2.3987
SERVO_p_TCGA_157_158_159_SNP_N_GenomeWideSNP_6_B09_831356	Y	24515802	26438049	380	-2.6841
SERVO_p_TCGA_157_158_159_SNP_N_GenomeWideSNP_6_B09_831356	Y	26440459	26465689	10	-1.606
SERVO_p_TCGA_157_158_159_SNP_N_GenomeWideSNP_6_B09_831356	Y	26466126	26619135	21	-2.465
SERVO_p_TCGA_157_158_159_SNP_N_GenomeWideSNP_6_B09_831356	Y	26630929	27240184	80	-2.9968
SERVO_p_TCGA_157_158_159_SNP_N_GenomeWideSNP_6_B09_831356	Y	27254679	27609288	66	-2.4891
SERVO_p_TCGA_157_158_159_SNP_N_GenomeWideSNP_6_B09_831356	Y	27609970	27717920	29	-1.9794
SERVO_p_TCGA_157_158_159_SNP_N_GenomeWideSNP_6_B09_831356	Y	27718192	28452016	261	-2.7306
SERVO_p_TCGA_157_158_159_SNP_N_GenomeWideSNP_6_B09_831356	Y	28457337	59018259	176	-2.2341
