Sample	Chromosome	Start	End	Num_Probes	Segment_Mean
HELVE_p_TCGA_b139_154_155_SNP_N_GenomeWideSNP_6_B02_808594	1	61735	98588	16	-0.7256
HELVE_p_TCGA_b139_154_155_SNP_N_GenomeWideSNP_6_B02_808594	1	98602	30731522	16552	-0.0626
HELVE_p_TCGA_b139_154_155_SNP_N_GenomeWideSNP_6_B02_808594	1	30731577	30745210	16	-0.6598
HELVE_p_TCGA_b139_154_155_SNP_N_GenomeWideSNP_6_B02_808594	1	30747576	54438103	13231	-0.0623
HELVE_p_TCGA_b139_154_155_SNP_N_GenomeWideSNP_6_B02_808594	1	54440228	54525556	48	0.2283
HELVE_p_TCGA_b139_154_155_SNP_N_GenomeWideSNP_6_B02_808594	1	54531898	62114006	5758	-0.0728
HELVE_p_TCGA_b139_154_155_SNP_N_GenomeWideSNP_6_B02_808594	1	62114181	62118187	3	-1.4258
HELVE_p_TCGA_b139_154_155_SNP_N_GenomeWideSNP_6_B02_808594	1	62119809	72763370	7368	-0.0723
HELVE_p_TCGA_b139_154_155_SNP_N_GenomeWideSNP_6_B02_808594	1	72768418	72811148	48	-0.9932
HELVE_p_TCGA_b139_154_155_SNP_N_GenomeWideSNP_6_B02_808594	1	72811904	106019483	21020	-0.0818
HELVE_p_TCGA_b139_154_155_SNP_N_GenomeWideSNP_6_B02_808594	1	106021204	106022344	10	-0.858
HELVE_p_TCGA_b139_154_155_SNP_N_GenomeWideSNP_6_B02_808594	1	106022360	110232974	2674	-0.0587
HELVE_p_TCGA_b139_154_155_SNP_N_GenomeWideSNP_6_B02_808594	1	110233037	110233053	2	1.4072
HELVE_p_TCGA_b139_154_155_SNP_N_GenomeWideSNP_6_B02_808594	1	110233118	111377575	859	-0.0696
HELVE_p_TCGA_b139_154_155_SNP_N_GenomeWideSNP_6_B02_808594	1	111378895	111383912	29	-0.5378
HELVE_p_TCGA_b139_154_155_SNP_N_GenomeWideSNP_6_B02_808594	1	111383935	149732729	7673	-0.062
HELVE_p_TCGA_b139_154_155_SNP_N_GenomeWideSNP_6_B02_808594	1	149739073	152759678	1673	0.2453
HELVE_p_TCGA_b139_154_155_SNP_N_GenomeWideSNP_6_B02_808594	1	152761923	152768700	37	-1.4591
HELVE_p_TCGA_b139_154_155_SNP_N_GenomeWideSNP_6_B02_808594	1	152773905	192840948	26886	0.2121
HELVE_p_TCGA_b139_154_155_SNP_N_GenomeWideSNP_6_B02_808594	1	192841290	193204338	328	-0.0763
HELVE_p_TCGA_b139_154_155_SNP_N_GenomeWideSNP_6_B02_808594	1	193206377	202042364	5831	0.211
HELVE_p_TCGA_b139_154_155_SNP_N_GenomeWideSNP_6_B02_808594	1	202042872	202051984	3	-1.0176
HELVE_p_TCGA_b139_154_155_SNP_N_GenomeWideSNP_6_B02_808594	1	202052013	217166744	10330	0.2213
HELVE_p_TCGA_b139_154_155_SNP_N_GenomeWideSNP_6_B02_808594	1	217166839	217166976	2	1.3851
HELVE_p_TCGA_b139_154_155_SNP_N_GenomeWideSNP_6_B02_808594	1	217167592	217709890	456	0.1582
HELVE_p_TCGA_b139_154_155_SNP_N_GenomeWideSNP_6_B02_808594	1	217710533	217710560	2	-0.9948
HELVE_p_TCGA_b139_154_155_SNP_N_GenomeWideSNP_6_B02_808594	1	217719563	222366668	3225	0.1708
HELVE_p_TCGA_b139_154_155_SNP_N_GenomeWideSNP_6_B02_808594	1	222374834	222377004	2	-2.6163
HELVE_p_TCGA_b139_154_155_SNP_N_GenomeWideSNP_6_B02_808594	1	222382134	223644261	744	0.1904
HELVE_p_TCGA_b139_154_155_SNP_N_GenomeWideSNP_6_B02_808594	1	223644406	223645361	5	-0.4653
HELVE_p_TCGA_b139_154_155_SNP_N_GenomeWideSNP_6_B02_808594	1	223646781	228731677	2981	0.2352
HELVE_p_TCGA_b139_154_155_SNP_N_GenomeWideSNP_6_B02_808594	1	228740121	249224388	14759	-0.0944
HELVE_p_TCGA_b139_154_155_SNP_N_GenomeWideSNP_6_B02_808594	2	12784	4205687	2988	-0.0778
HELVE_p_TCGA_b139_154_155_SNP_N_GenomeWideSNP_6_B02_808594	2	4213864	4223695	39	-0.7406
HELVE_p_TCGA_b139_154_155_SNP_N_GenomeWideSNP_6_B02_808594	2	4223725	34691069	21068	-0.0248
HELVE_p_TCGA_b139_154_155_SNP_N_GenomeWideSNP_6_B02_808594	2	34699315	34708650	8	0.6878
HELVE_p_TCGA_b139_154_155_SNP_N_GenomeWideSNP_6_B02_808594	2	34710728	34717974	22	0.2232
HELVE_p_TCGA_b139_154_155_SNP_N_GenomeWideSNP_6_B02_808594	2	34717988	34737163	17	0.6914
HELVE_p_TCGA_b139_154_155_SNP_N_GenomeWideSNP_6_B02_808594	2	34737556	38029028	2511	0.0028
HELVE_p_TCGA_b139_154_155_SNP_N_GenomeWideSNP_6_B02_808594	2	38029427	38030010	2	-1.4744
HELVE_p_TCGA_b139_154_155_SNP_N_GenomeWideSNP_6_B02_808594	2	38030131	38467279	379	0.0361
HELVE_p_TCGA_b139_154_155_SNP_N_GenomeWideSNP_6_B02_808594	2	38469035	38469133	2	-1.1821
HELVE_p_TCGA_b139_154_155_SNP_N_GenomeWideSNP_6_B02_808594	2	38469908	40332851	1155	1e-04
HELVE_p_TCGA_b139_154_155_SNP_N_GenomeWideSNP_6_B02_808594	2	40335410	40335459	2	-1.8821
HELVE_p_TCGA_b139_154_155_SNP_N_GenomeWideSNP_6_B02_808594	2	40335876	52741737	8985	-0.0072
HELVE_p_TCGA_b139_154_155_SNP_N_GenomeWideSNP_6_B02_808594	2	52743925	52781542	41	-0.702
HELVE_p_TCGA_b139_154_155_SNP_N_GenomeWideSNP_6_B02_808594	2	52787949	78313749	16550	-0.0168
HELVE_p_TCGA_b139_154_155_SNP_N_GenomeWideSNP_6_B02_808594	2	78313903	78678292	202	-0.3074
HELVE_p_TCGA_b139_154_155_SNP_N_GenomeWideSNP_6_B02_808594	2	78681528	119143171	19718	-0.0186
HELVE_p_TCGA_b139_154_155_SNP_N_GenomeWideSNP_6_B02_808594	2	119143345	119149434	3	-2.0044
HELVE_p_TCGA_b139_154_155_SNP_N_GenomeWideSNP_6_B02_808594	2	119150028	126442223	4679	-0.0329
HELVE_p_TCGA_b139_154_155_SNP_N_GenomeWideSNP_6_B02_808594	2	126451651	126451913	2	1.4084
HELVE_p_TCGA_b139_154_155_SNP_N_GenomeWideSNP_6_B02_808594	2	126451932	129638078	1942	-0.0037
HELVE_p_TCGA_b139_154_155_SNP_N_GenomeWideSNP_6_B02_808594	2	129638478	129640315	15	-0.5854
HELVE_p_TCGA_b139_154_155_SNP_N_GenomeWideSNP_6_B02_808594	2	129640329	133009808	1599	-0.0673
HELVE_p_TCGA_b139_154_155_SNP_N_GenomeWideSNP_6_B02_808594	2	133012191	133117260	35	0.3157
HELVE_p_TCGA_b139_154_155_SNP_N_GenomeWideSNP_6_B02_808594	2	133121946	146864429	8840	-0.0593
HELVE_p_TCGA_b139_154_155_SNP_N_GenomeWideSNP_6_B02_808594	2	146864443	146866934	22	0.7692
HELVE_p_TCGA_b139_154_155_SNP_N_GenomeWideSNP_6_B02_808594	2	146877806	147898209	509	-0.0316
HELVE_p_TCGA_b139_154_155_SNP_N_GenomeWideSNP_6_B02_808594	2	147900547	148536946	369	-0.4057
HELVE_p_TCGA_b139_154_155_SNP_N_GenomeWideSNP_6_B02_808594	2	148537911	184793851	22412	-0.0054
HELVE_p_TCGA_b139_154_155_SNP_N_GenomeWideSNP_6_B02_808594	2	184794400	184802441	17	-0.9797
HELVE_p_TCGA_b139_154_155_SNP_N_GenomeWideSNP_6_B02_808594	2	184808589	187042741	1295	-0.0147
HELVE_p_TCGA_b139_154_155_SNP_N_GenomeWideSNP_6_B02_808594	2	187043858	187504217	258	-0.4426
HELVE_p_TCGA_b139_154_155_SNP_N_GenomeWideSNP_6_B02_808594	2	187508542	197299434	5531	-0.0109
HELVE_p_TCGA_b139_154_155_SNP_N_GenomeWideSNP_6_B02_808594	2	197301845	197302392	2	-1.7348
HELVE_p_TCGA_b139_154_155_SNP_N_GenomeWideSNP_6_B02_808594	2	197302448	221289613	14830	-0.0115
HELVE_p_TCGA_b139_154_155_SNP_N_GenomeWideSNP_6_B02_808594	2	221289656	221290227	2	-2.0377
HELVE_p_TCGA_b139_154_155_SNP_N_GenomeWideSNP_6_B02_808594	2	221290339	241698298	13278	-0.0209
HELVE_p_TCGA_b139_154_155_SNP_N_GenomeWideSNP_6_B02_808594	2	241699883	241704381	2	-1.5387
HELVE_p_TCGA_b139_154_155_SNP_N_GenomeWideSNP_6_B02_808594	2	241704462	243089456	593	-0.0327
HELVE_p_TCGA_b139_154_155_SNP_N_GenomeWideSNP_6_B02_808594	3	60345	62608	2	0.4019
HELVE_p_TCGA_b139_154_155_SNP_N_GenomeWideSNP_6_B02_808594	3	66023	9359721	8226	-0.1433
HELVE_p_TCGA_b139_154_155_SNP_N_GenomeWideSNP_6_B02_808594	3	9360211	9368125	10	-1.4192
HELVE_p_TCGA_b139_154_155_SNP_N_GenomeWideSNP_6_B02_808594	3	9371404	68746164	39561	-0.1187
HELVE_p_TCGA_b139_154_155_SNP_N_GenomeWideSNP_6_B02_808594	3	68746259	68747413	14	-1.1717
HELVE_p_TCGA_b139_154_155_SNP_N_GenomeWideSNP_6_B02_808594	3	68748758	75421170	4872	-0.1542
HELVE_p_TCGA_b139_154_155_SNP_N_GenomeWideSNP_6_B02_808594	3	75427107	75645384	77	-0.697
HELVE_p_TCGA_b139_154_155_SNP_N_GenomeWideSNP_6_B02_808594	3	75649234	87665124	6693	-0.1437
HELVE_p_TCGA_b139_154_155_SNP_N_GenomeWideSNP_6_B02_808594	3	87665251	87669370	2	-1.5957
HELVE_p_TCGA_b139_154_155_SNP_N_GenomeWideSNP_6_B02_808594	3	87669798	95456106	2438	-0.1587
HELVE_p_TCGA_b139_154_155_SNP_N_GenomeWideSNP_6_B02_808594	3	95466880	95468110	2	-2.2464
HELVE_p_TCGA_b139_154_155_SNP_N_GenomeWideSNP_6_B02_808594	3	95468680	100213778	2580	-0.1557
HELVE_p_TCGA_b139_154_155_SNP_N_GenomeWideSNP_6_B02_808594	3	100214084	100216177	2	-1.596
HELVE_p_TCGA_b139_154_155_SNP_N_GenomeWideSNP_6_B02_808594	3	100218264	114816633	8855	-0.1516
HELVE_p_TCGA_b139_154_155_SNP_N_GenomeWideSNP_6_B02_808594	3	114819961	129762859	9186	0.1565
HELVE_p_TCGA_b139_154_155_SNP_N_GenomeWideSNP_6_B02_808594	3	129763698	129806236	52	0.4787
HELVE_p_TCGA_b139_154_155_SNP_N_GenomeWideSNP_6_B02_808594	3	129806924	131989330	1443	0.1299
HELVE_p_TCGA_b139_154_155_SNP_N_GenomeWideSNP_6_B02_808594	3	131989347	131995684	5	-1.5371
HELVE_p_TCGA_b139_154_155_SNP_N_GenomeWideSNP_6_B02_808594	3	132000477	151303184	11980	0.1557
HELVE_p_TCGA_b139_154_155_SNP_N_GenomeWideSNP_6_B02_808594	3	151306181	151314956	9	-0.7548
HELVE_p_TCGA_b139_154_155_SNP_N_GenomeWideSNP_6_B02_808594	3	151315112	162512739	6843	0.139
HELVE_p_TCGA_b139_154_155_SNP_N_GenomeWideSNP_6_B02_808594	3	162513092	162625995	68	0.5848
HELVE_p_TCGA_b139_154_155_SNP_N_GenomeWideSNP_6_B02_808594	3	162626572	163658956	581	0.1467
HELVE_p_TCGA_b139_154_155_SNP_N_GenomeWideSNP_6_B02_808594	3	163658958	163658973	3	-0.8774
HELVE_p_TCGA_b139_154_155_SNP_N_GenomeWideSNP_6_B02_808594	3	163659075	168730180	2859	0.1501
HELVE_p_TCGA_b139_154_155_SNP_N_GenomeWideSNP_6_B02_808594	3	168733402	168738628	2	1.3801
HELVE_p_TCGA_b139_154_155_SNP_N_GenomeWideSNP_6_B02_808594	3	168739827	175080592	4212	0.1836
HELVE_p_TCGA_b139_154_155_SNP_N_GenomeWideSNP_6_B02_808594	3	175080611	175086788	7	-0.5784
HELVE_p_TCGA_b139_154_155_SNP_N_GenomeWideSNP_6_B02_808594	3	175086805	195285898	13027	0.1696
HELVE_p_TCGA_b139_154_155_SNP_N_GenomeWideSNP_6_B02_808594	3	195383142	195455940	34	-0.1725
HELVE_p_TCGA_b139_154_155_SNP_N_GenomeWideSNP_6_B02_808594	3	195455956	197896118	1185	0.1977
HELVE_p_TCGA_b139_154_155_SNP_N_GenomeWideSNP_6_B02_808594	4	12281	4095663	1701	-0.1845
HELVE_p_TCGA_b139_154_155_SNP_N_GenomeWideSNP_6_B02_808594	4	4099676	4152760	12	-0.8121
HELVE_p_TCGA_b139_154_155_SNP_N_GenomeWideSNP_6_B02_808594	4	4160063	6404386	1864	-0.2199
HELVE_p_TCGA_b139_154_155_SNP_N_GenomeWideSNP_6_B02_808594	4	6404531	6404714	2	-1.9762
HELVE_p_TCGA_b139_154_155_SNP_N_GenomeWideSNP_6_B02_808594	4	6404774	10214160	2218	-0.1997
HELVE_p_TCGA_b139_154_155_SNP_N_GenomeWideSNP_6_B02_808594	4	10223416	10235166	33	0.3063
HELVE_p_TCGA_b139_154_155_SNP_N_GenomeWideSNP_6_B02_808594	4	10235182	10272788	45	-0.236
HELVE_p_TCGA_b139_154_155_SNP_N_GenomeWideSNP_6_B02_808594	4	10273043	10273549	3	-1.9156
HELVE_p_TCGA_b139_154_155_SNP_N_GenomeWideSNP_6_B02_808594	4	10273579	15985053	4500	-0.198
HELVE_p_TCGA_b139_154_155_SNP_N_GenomeWideSNP_6_B02_808594	4	15985454	15986648	2	-2.2037
HELVE_p_TCGA_b139_154_155_SNP_N_GenomeWideSNP_6_B02_808594	4	15988497	26288818	7182	-0.1974
HELVE_p_TCGA_b139_154_155_SNP_N_GenomeWideSNP_6_B02_808594	4	26291985	26294776	3	-1.5524
HELVE_p_TCGA_b139_154_155_SNP_N_GenomeWideSNP_6_B02_808594	4	26295174	34779054	5246	-0.2127
HELVE_p_TCGA_b139_154_155_SNP_N_GenomeWideSNP_6_B02_808594	4	34786500	34824183	37	-0.7384
HELVE_p_TCGA_b139_154_155_SNP_N_GenomeWideSNP_6_B02_808594	4	34824725	63667834	15999	-0.1872
HELVE_p_TCGA_b139_154_155_SNP_N_GenomeWideSNP_6_B02_808594	4	63669936	63671662	8	-2.0181
HELVE_p_TCGA_b139_154_155_SNP_N_GenomeWideSNP_6_B02_808594	4	63679630	69374941	3464	-0.1901
HELVE_p_TCGA_b139_154_155_SNP_N_GenomeWideSNP_6_B02_808594	4	69374955	69506334	66	0.333
HELVE_p_TCGA_b139_154_155_SNP_N_GenomeWideSNP_6_B02_808594	4	69521409	152789786	49862	-0.1887
HELVE_p_TCGA_b139_154_155_SNP_N_GenomeWideSNP_6_B02_808594	4	152791533	152792567	11	-1.3122
HELVE_p_TCGA_b139_154_155_SNP_N_GenomeWideSNP_6_B02_808594	4	152792891	172987928	12947	-0.4226
HELVE_p_TCGA_b139_154_155_SNP_N_GenomeWideSNP_6_B02_808594	4	172989148	172989533	12	-1.5551
HELVE_p_TCGA_b139_154_155_SNP_N_GenomeWideSNP_6_B02_808594	4	172995979	190931195	12081	-0.4445
HELVE_p_TCGA_b139_154_155_SNP_N_GenomeWideSNP_6_B02_808594	4	190934936	191027923	10	-0.1648
HELVE_p_TCGA_b139_154_155_SNP_N_GenomeWideSNP_6_B02_808594	5	15532	12800889	10210	-0.089
HELVE_p_TCGA_b139_154_155_SNP_N_GenomeWideSNP_6_B02_808594	5	12815780	12826650	11	0.6183
HELVE_p_TCGA_b139_154_155_SNP_N_GenomeWideSNP_6_B02_808594	5	12833857	17496619	3169	-0.0276
HELVE_p_TCGA_b139_154_155_SNP_N_GenomeWideSNP_6_B02_808594	5	17496869	17625633	29	-0.5778
HELVE_p_TCGA_b139_154_155_SNP_N_GenomeWideSNP_6_B02_808594	5	17629520	21376844	2296	-0.0627
HELVE_p_TCGA_b139_154_155_SNP_N_GenomeWideSNP_6_B02_808594	5	21377839	21377853	2	-1.6399
HELVE_p_TCGA_b139_154_155_SNP_N_GenomeWideSNP_6_B02_808594	5	21386066	57329583	20146	-0.0647
HELVE_p_TCGA_b139_154_155_SNP_N_GenomeWideSNP_6_B02_808594	5	57329629	57333533	26	-0.5156
HELVE_p_TCGA_b139_154_155_SNP_N_GenomeWideSNP_6_B02_808594	5	57338357	84540249	16106	-0.0531
HELVE_p_TCGA_b139_154_155_SNP_N_GenomeWideSNP_6_B02_808594	5	84540426	85103862	295	-0.4035
HELVE_p_TCGA_b139_154_155_SNP_N_GenomeWideSNP_6_B02_808594	5	85105053	98836572	7541	-0.0426
HELVE_p_TCGA_b139_154_155_SNP_N_GenomeWideSNP_6_B02_808594	5	98839874	98844337	3	-1.2277
HELVE_p_TCGA_b139_154_155_SNP_N_GenomeWideSNP_6_B02_808594	5	98844511	103851221	2912	-0.0549
HELVE_p_TCGA_b139_154_155_SNP_N_GenomeWideSNP_6_B02_808594	5	103860373	103860604	4	-0.9536
HELVE_p_TCGA_b139_154_155_SNP_N_GenomeWideSNP_6_B02_808594	5	103861049	109633135	3720	-0.0828
HELVE_p_TCGA_b139_154_155_SNP_N_GenomeWideSNP_6_B02_808594	5	109633476	109633567	2	-2.2414
HELVE_p_TCGA_b139_154_155_SNP_N_GenomeWideSNP_6_B02_808594	5	109636055	126901904	11870	-0.0698
HELVE_p_TCGA_b139_154_155_SNP_N_GenomeWideSNP_6_B02_808594	5	126906413	126909061	3	-1.5869
HELVE_p_TCGA_b139_154_155_SNP_N_GenomeWideSNP_6_B02_808594	5	126915344	143009747	9411	-0.0449
HELVE_p_TCGA_b139_154_155_SNP_N_GenomeWideSNP_6_B02_808594	5	143012859	143013270	2	-1.7528
HELVE_p_TCGA_b139_154_155_SNP_N_GenomeWideSNP_6_B02_808594	5	143018221	180790320	25263	-0.0737
HELVE_p_TCGA_b139_154_155_SNP_N_GenomeWideSNP_6_B02_808594	6	149661	294837	124	0.144
HELVE_p_TCGA_b139_154_155_SNP_N_GenomeWideSNP_6_B02_808594	6	302306	384546	83	-0.1769
HELVE_p_TCGA_b139_154_155_SNP_N_GenomeWideSNP_6_B02_808594	6	385056	16087234	12371	0.1927
HELVE_p_TCGA_b139_154_155_SNP_N_GenomeWideSNP_6_B02_808594	6	16087649	16088731	5	-1.3774
HELVE_p_TCGA_b139_154_155_SNP_N_GenomeWideSNP_6_B02_808594	6	16089051	29850274	9167	0.1775
HELVE_p_TCGA_b139_154_155_SNP_N_GenomeWideSNP_6_B02_808594	6	29850366	29898897	13	-0.8047
HELVE_p_TCGA_b139_154_155_SNP_N_GenomeWideSNP_6_B02_808594	6	29899677	31280823	655	0.2062
HELVE_p_TCGA_b139_154_155_SNP_N_GenomeWideSNP_6_B02_808594	6	31286276	31286531	3	-1.6436
HELVE_p_TCGA_b139_154_155_SNP_N_GenomeWideSNP_6_B02_808594	6	31287111	32452929	517	0.1847
HELVE_p_TCGA_b139_154_155_SNP_N_GenomeWideSNP_6_B02_808594	6	32454275	32456683	3	-1.3027
HELVE_p_TCGA_b139_154_155_SNP_N_GenomeWideSNP_6_B02_808594	6	32456742	74592225	24319	0.1942
HELVE_p_TCGA_b139_154_155_SNP_N_GenomeWideSNP_6_B02_808594	6	74592457	74601410	9	-2.5678
HELVE_p_TCGA_b139_154_155_SNP_N_GenomeWideSNP_6_B02_808594	6	74603555	77436532	1766	0.174
HELVE_p_TCGA_b139_154_155_SNP_N_GenomeWideSNP_6_B02_808594	6	77439868	77452446	17	-0.3824
HELVE_p_TCGA_b139_154_155_SNP_N_GenomeWideSNP_6_B02_808594	6	77452641	78962889	984	0.1683
HELVE_p_TCGA_b139_154_155_SNP_N_GenomeWideSNP_6_B02_808594	6	78969065	79035185	112	-0.401
HELVE_p_TCGA_b139_154_155_SNP_N_GenomeWideSNP_6_B02_808594	6	79039234	81277987	1430	0.1958
HELVE_p_TCGA_b139_154_155_SNP_N_GenomeWideSNP_6_B02_808594	6	81284189	81294341	34	-0.5336
HELVE_p_TCGA_b139_154_155_SNP_N_GenomeWideSNP_6_B02_808594	6	81294399	163153373	52713	0.1799
HELVE_p_TCGA_b139_154_155_SNP_N_GenomeWideSNP_6_B02_808594	6	163155451	163232345	47	-0.5458
HELVE_p_TCGA_b139_154_155_SNP_N_GenomeWideSNP_6_B02_808594	6	163232731	170919495	5522	0.1587
HELVE_p_TCGA_b139_154_155_SNP_N_GenomeWideSNP_6_B02_808594	6	170982327	171051005	4	-0.4229
HELVE_p_TCGA_b139_154_155_SNP_N_GenomeWideSNP_6_B02_808594	7	43355	16595757	11363	0.4397
HELVE_p_TCGA_b139_154_155_SNP_N_GenomeWideSNP_6_B02_808594	7	16596651	16596858	3	-0.4027
HELVE_p_TCGA_b139_154_155_SNP_N_GenomeWideSNP_6_B02_808594	7	16597440	22434780	4739	0.4447
HELVE_p_TCGA_b139_154_155_SNP_N_GenomeWideSNP_6_B02_808594	7	22435472	22436487	2	-2.8091
HELVE_p_TCGA_b139_154_155_SNP_N_GenomeWideSNP_6_B02_808594	7	22438754	54380373	22462	0.4323
HELVE_p_TCGA_b139_154_155_SNP_N_GenomeWideSNP_6_B02_808594	7	54386505	54386517	6	1.4903
HELVE_p_TCGA_b139_154_155_SNP_N_GenomeWideSNP_6_B02_808594	7	54393488	70420438	6297	0.3777
HELVE_p_TCGA_b139_154_155_SNP_N_GenomeWideSNP_6_B02_808594	7	70423250	70426141	2	-2.26
HELVE_p_TCGA_b139_154_155_SNP_N_GenomeWideSNP_6_B02_808594	7	70428243	97395509	15860	0.4202
HELVE_p_TCGA_b139_154_155_SNP_N_GenomeWideSNP_6_B02_808594	7	97401932	97402475	8	-0.6321
HELVE_p_TCGA_b139_154_155_SNP_N_GenomeWideSNP_6_B02_808594	7	97404240	100325189	1287	0.447
HELVE_p_TCGA_b139_154_155_SNP_N_GenomeWideSNP_6_B02_808594	7	100329244	100332842	3	-0.4899
HELVE_p_TCGA_b139_154_155_SNP_N_GenomeWideSNP_6_B02_808594	7	100351005	105158056	2521	0.4326
HELVE_p_TCGA_b139_154_155_SNP_N_GenomeWideSNP_6_B02_808594	7	105160424	105171150	6	-0.4099
HELVE_p_TCGA_b139_154_155_SNP_N_GenomeWideSNP_6_B02_808594	7	105171909	109433777	2817	0.4269
HELVE_p_TCGA_b139_154_155_SNP_N_GenomeWideSNP_6_B02_808594	7	109433785	109453819	35	-0.0227
HELVE_p_TCGA_b139_154_155_SNP_N_GenomeWideSNP_6_B02_808594	7	109453858	112431415	1940	0.4116
HELVE_p_TCGA_b139_154_155_SNP_N_GenomeWideSNP_6_B02_808594	7	112434413	112474647	17	1.3674
HELVE_p_TCGA_b139_154_155_SNP_N_GenomeWideSNP_6_B02_808594	7	112476324	133785195	12798	0.4104
HELVE_p_TCGA_b139_154_155_SNP_N_GenomeWideSNP_6_B02_808594	7	133785211	133798846	34	0.0722
HELVE_p_TCGA_b139_154_155_SNP_N_GenomeWideSNP_6_B02_808594	7	133799154	141784496	5224	0.4181
HELVE_p_TCGA_b139_154_155_SNP_N_GenomeWideSNP_6_B02_808594	7	141786850	141787646	9	0.9438
HELVE_p_TCGA_b139_154_155_SNP_N_GenomeWideSNP_6_B02_808594	7	141787899	141882638	72	0.4622
HELVE_p_TCGA_b139_154_155_SNP_N_GenomeWideSNP_6_B02_808594	7	141883685	141887466	2	1.5277
HELVE_p_TCGA_b139_154_155_SNP_N_GenomeWideSNP_6_B02_808594	7	141889307	142253345	260	0.415
HELVE_p_TCGA_b139_154_155_SNP_N_GenomeWideSNP_6_B02_808594	7	142253550	142253685	2	-2.2781
HELVE_p_TCGA_b139_154_155_SNP_N_GenomeWideSNP_6_B02_808594	7	142253894	154389895	7477	0.422
HELVE_p_TCGA_b139_154_155_SNP_N_GenomeWideSNP_6_B02_808594	7	154393171	154399613	4	-2.0844
HELVE_p_TCGA_b139_154_155_SNP_N_GenomeWideSNP_6_B02_808594	7	154400830	154886765	443	0.4226
HELVE_p_TCGA_b139_154_155_SNP_N_GenomeWideSNP_6_B02_808594	7	154886906	154889184	25	0.09
HELVE_p_TCGA_b139_154_155_SNP_N_GenomeWideSNP_6_B02_808594	7	154889545	156385674	1142	0.4495
HELVE_p_TCGA_b139_154_155_SNP_N_GenomeWideSNP_6_B02_808594	7	156391790	156394179	4	-2.7099
HELVE_p_TCGA_b139_154_155_SNP_N_GenomeWideSNP_6_B02_808594	7	156394908	159127004	1632	0.4214
HELVE_p_TCGA_b139_154_155_SNP_N_GenomeWideSNP_6_B02_808594	8	31254	2522277	1920	-0.2205
HELVE_p_TCGA_b139_154_155_SNP_N_GenomeWideSNP_6_B02_808594	8	2522769	2523247	3	-2.2537
HELVE_p_TCGA_b139_154_155_SNP_N_GenomeWideSNP_6_B02_808594	8	2523398	7255110	5929	-0.1864
HELVE_p_TCGA_b139_154_155_SNP_N_GenomeWideSNP_6_B02_808594	8	7267365	7809906	145	-0.6692
HELVE_p_TCGA_b139_154_155_SNP_N_GenomeWideSNP_6_B02_808594	8	7826922	11895245	3277	-0.1509
HELVE_p_TCGA_b139_154_155_SNP_N_GenomeWideSNP_6_B02_808594	8	11934660	12034997	10	-1.1565
HELVE_p_TCGA_b139_154_155_SNP_N_GenomeWideSNP_6_B02_808594	8	12162739	12247486	47	-0.2271
HELVE_p_TCGA_b139_154_155_SNP_N_GenomeWideSNP_6_B02_808594	8	12260927	12327833	28	-0.7756
HELVE_p_TCGA_b139_154_155_SNP_N_GenomeWideSNP_6_B02_808594	8	12343461	15292962	2690	-0.179
HELVE_p_TCGA_b139_154_155_SNP_N_GenomeWideSNP_6_B02_808594	8	15293931	15295445	2	-2.5771
HELVE_p_TCGA_b139_154_155_SNP_N_GenomeWideSNP_6_B02_808594	8	15296703	15401178	80	-0.1862
HELVE_p_TCGA_b139_154_155_SNP_N_GenomeWideSNP_6_B02_808594	8	15403060	15413447	9	-1.5878
HELVE_p_TCGA_b139_154_155_SNP_N_GenomeWideSNP_6_B02_808594	8	15423270	24975500	7673	-0.1602
HELVE_p_TCGA_b139_154_155_SNP_N_GenomeWideSNP_6_B02_808594	8	24975570	24979955	13	0.791
HELVE_p_TCGA_b139_154_155_SNP_N_GenomeWideSNP_6_B02_808594	8	24979962	24984333	9	0.3368
HELVE_p_TCGA_b139_154_155_SNP_N_GenomeWideSNP_6_B02_808594	8	24991104	39230659	9021	-0.1459
HELVE_p_TCGA_b139_154_155_SNP_N_GenomeWideSNP_6_B02_808594	8	39235603	39386965	59	-2.1043
HELVE_p_TCGA_b139_154_155_SNP_N_GenomeWideSNP_6_B02_808594	8	39388299	47001431	2624	-0.122
HELVE_p_TCGA_b139_154_155_SNP_N_GenomeWideSNP_6_B02_808594	8	47001649	47197256	57	-0.3699
HELVE_p_TCGA_b139_154_155_SNP_N_GenomeWideSNP_6_B02_808594	8	47199194	49790942	1159	-0.1301
HELVE_p_TCGA_b139_154_155_SNP_N_GenomeWideSNP_6_B02_808594	8	49793158	58372366	5554	0.1173
HELVE_p_TCGA_b139_154_155_SNP_N_GenomeWideSNP_6_B02_808594	8	58372508	58378246	12	-0.4321
HELVE_p_TCGA_b139_154_155_SNP_N_GenomeWideSNP_6_B02_808594	8	58381007	72212365	8500	0.128
HELVE_p_TCGA_b139_154_155_SNP_N_GenomeWideSNP_6_B02_808594	8	72215311	72216434	7	-1.0866
HELVE_p_TCGA_b139_154_155_SNP_N_GenomeWideSNP_6_B02_808594	8	72216501	85257989	7974	0.1743
HELVE_p_TCGA_b139_154_155_SNP_N_GenomeWideSNP_6_B02_808594	8	85262883	85263116	4	-1.4195
HELVE_p_TCGA_b139_154_155_SNP_N_GenomeWideSNP_6_B02_808594	8	85265718	85266549	10	-0.7347
HELVE_p_TCGA_b139_154_155_SNP_N_GenomeWideSNP_6_B02_808594	8	85266606	85268666	5	-1.4093
HELVE_p_TCGA_b139_154_155_SNP_N_GenomeWideSNP_6_B02_808594	8	85270682	87241319	978	0.0856
HELVE_p_TCGA_b139_154_155_SNP_N_GenomeWideSNP_6_B02_808594	8	87241564	87241715	2	1.4779
HELVE_p_TCGA_b139_154_155_SNP_N_GenomeWideSNP_6_B02_808594	8	87241847	96833914	5814	0.1343
HELVE_p_TCGA_b139_154_155_SNP_N_GenomeWideSNP_6_B02_808594	8	96838495	96838583	2	-1.3746
HELVE_p_TCGA_b139_154_155_SNP_N_GenomeWideSNP_6_B02_808594	8	96838649	112294466	9340	0.128
HELVE_p_TCGA_b139_154_155_SNP_N_GenomeWideSNP_6_B02_808594	8	112294646	112295245	6	-1.5257
HELVE_p_TCGA_b139_154_155_SNP_N_GenomeWideSNP_6_B02_808594	8	112295260	120152010	4968	0.139
HELVE_p_TCGA_b139_154_155_SNP_N_GenomeWideSNP_6_B02_808594	8	120154784	120159446	4	-0.9422
HELVE_p_TCGA_b139_154_155_SNP_N_GenomeWideSNP_6_B02_808594	8	120162854	132946578	8895	0.1721
HELVE_p_TCGA_b139_154_155_SNP_N_GenomeWideSNP_6_B02_808594	8	132947743	133105392	112	-0.1779
HELVE_p_TCGA_b139_154_155_SNP_N_GenomeWideSNP_6_B02_808594	8	133105469	142515399	7437	0.1284
HELVE_p_TCGA_b139_154_155_SNP_N_GenomeWideSNP_6_B02_808594	8	142521377	142529703	4	-1.5024
HELVE_p_TCGA_b139_154_155_SNP_N_GenomeWideSNP_6_B02_808594	8	142530964	146298155	1499	0.1002
HELVE_p_TCGA_b139_154_155_SNP_N_GenomeWideSNP_6_B02_808594	9	46587	6655056	6351	0.2132
HELVE_p_TCGA_b139_154_155_SNP_N_GenomeWideSNP_6_B02_808594	9	6657192	6661406	2	-1.3167
HELVE_p_TCGA_b139_154_155_SNP_N_GenomeWideSNP_6_B02_808594	9	6661613	6695986	33	0.196
HELVE_p_TCGA_b139_154_155_SNP_N_GenomeWideSNP_6_B02_808594	9	6701145	6718963	11	-0.3896
HELVE_p_TCGA_b139_154_155_SNP_N_GenomeWideSNP_6_B02_808594	9	6720831	44404912	25061	0.1967
HELVE_p_TCGA_b139_154_155_SNP_N_GenomeWideSNP_6_B02_808594	9	44424451	46040567	105	-0.1475
HELVE_p_TCGA_b139_154_155_SNP_N_GenomeWideSNP_6_B02_808594	9	46040643	68183978	89	0.118
HELVE_p_TCGA_b139_154_155_SNP_N_GenomeWideSNP_6_B02_808594	9	68183981	68188547	9	1.1312
HELVE_p_TCGA_b139_154_155_SNP_N_GenomeWideSNP_6_B02_808594	9	68209916	80265204	7112	0.1449
HELVE_p_TCGA_b139_154_155_SNP_N_GenomeWideSNP_6_B02_808594	9	80266045	80266330	2	1.3672
HELVE_p_TCGA_b139_154_155_SNP_N_GenomeWideSNP_6_B02_808594	9	80269836	90522594	7341	0.0961
HELVE_p_TCGA_b139_154_155_SNP_N_GenomeWideSNP_6_B02_808594	9	90554151	90554219	2	-1.9656
HELVE_p_TCGA_b139_154_155_SNP_N_GenomeWideSNP_6_B02_808594	9	90557957	90815688	155	0.0741
HELVE_p_TCGA_b139_154_155_SNP_N_GenomeWideSNP_6_B02_808594	9	90819763	90822113	5	-0.6974
HELVE_p_TCGA_b139_154_155_SNP_N_GenomeWideSNP_6_B02_808594	9	90823046	138165503	32465	0.1698
HELVE_p_TCGA_b139_154_155_SNP_N_GenomeWideSNP_6_B02_808594	9	138168114	138171361	2	-1.3732
HELVE_p_TCGA_b139_154_155_SNP_N_GenomeWideSNP_6_B02_808594	9	138171694	141071527	1137	0.1761
HELVE_p_TCGA_b139_154_155_SNP_N_GenomeWideSNP_6_B02_808594	9	141071940	141091394	6	0.551
HELVE_p_TCGA_b139_154_155_SNP_N_GenomeWideSNP_6_B02_808594	10	72759	28547143	22106	-0.0962
HELVE_p_TCGA_b139_154_155_SNP_N_GenomeWideSNP_6_B02_808594	10	28547737	28549192	2	-1.5956
HELVE_p_TCGA_b139_154_155_SNP_N_GenomeWideSNP_6_B02_808594	10	28552168	30282715	1445	-0.1037
HELVE_p_TCGA_b139_154_155_SNP_N_GenomeWideSNP_6_B02_808594	10	30285671	30286263	6	-0.9678
HELVE_p_TCGA_b139_154_155_SNP_N_GenomeWideSNP_6_B02_808594	10	30286698	67781998	21566	-0.0954
HELVE_p_TCGA_b139_154_155_SNP_N_GenomeWideSNP_6_B02_808594	10	67784429	67785177	3	-1.7849
HELVE_p_TCGA_b139_154_155_SNP_N_GenomeWideSNP_6_B02_808594	10	67790395	135506704	45870	-0.084
HELVE_p_TCGA_b139_154_155_SNP_N_GenomeWideSNP_6_B02_808594	11	198510	2128309	688	0.1783
HELVE_p_TCGA_b139_154_155_SNP_N_GenomeWideSNP_6_B02_808594	11	2135162	2241321	33	0.6087
HELVE_p_TCGA_b139_154_155_SNP_N_GenomeWideSNP_6_B02_808594	11	2244704	4968510	1754	0.1757
HELVE_p_TCGA_b139_154_155_SNP_N_GenomeWideSNP_6_B02_808594	11	4970243	4976814	37	0.8361
HELVE_p_TCGA_b139_154_155_SNP_N_GenomeWideSNP_6_B02_808594	11	4976865	5778010	776	0.1433
HELVE_p_TCGA_b139_154_155_SNP_N_GenomeWideSNP_6_B02_808594	11	5778471	5808340	40	0.4713
HELVE_p_TCGA_b139_154_155_SNP_N_GenomeWideSNP_6_B02_808594	11	5808376	18940856	9419	0.1727
HELVE_p_TCGA_b139_154_155_SNP_N_GenomeWideSNP_6_B02_808594	11	18940870	18962133	60	0.4125
HELVE_p_TCGA_b139_154_155_SNP_N_GenomeWideSNP_6_B02_808594	11	18962363	51337258	21502	0.1536
HELVE_p_TCGA_b139_154_155_SNP_N_GenomeWideSNP_6_B02_808594	11	51352990	51357245	3	-1.0803
HELVE_p_TCGA_b139_154_155_SNP_N_GenomeWideSNP_6_B02_808594	11	51375310	55376634	340	0.123
HELVE_p_TCGA_b139_154_155_SNP_N_GenomeWideSNP_6_B02_808594	11	55376654	55452977	47	0.6033
HELVE_p_TCGA_b139_154_155_SNP_N_GenomeWideSNP_6_B02_808594	11	55453009	94878090	23584	0.168
HELVE_p_TCGA_b139_154_155_SNP_N_GenomeWideSNP_6_B02_808594	11	94878651	94878792	3	-1.0541
HELVE_p_TCGA_b139_154_155_SNP_N_GenomeWideSNP_6_B02_808594	11	94879216	97924654	2153	0.1702
HELVE_p_TCGA_b139_154_155_SNP_N_GenomeWideSNP_6_B02_808594	11	97927557	98007161	59	-0.1312
HELVE_p_TCGA_b139_154_155_SNP_N_GenomeWideSNP_6_B02_808594	11	98010223	101594384	2833	0.1541
HELVE_p_TCGA_b139_154_155_SNP_N_GenomeWideSNP_6_B02_808594	11	101597860	101597964	4	1.1388
HELVE_p_TCGA_b139_154_155_SNP_N_GenomeWideSNP_6_B02_808594	11	101598212	114658208	8716	0.1534
HELVE_p_TCGA_b139_154_155_SNP_N_GenomeWideSNP_6_B02_808594	11	114658457	114658636	2	-1.2466
HELVE_p_TCGA_b139_154_155_SNP_N_GenomeWideSNP_6_B02_808594	11	114660624	127772574	9498	0.1547
HELVE_p_TCGA_b139_154_155_SNP_N_GenomeWideSNP_6_B02_808594	11	127779649	127792290	9	-0.6009
HELVE_p_TCGA_b139_154_155_SNP_N_GenomeWideSNP_6_B02_808594	11	127792983	134944770	5533	0.1352
HELVE_p_TCGA_b139_154_155_SNP_N_GenomeWideSNP_6_B02_808594	12	150442	869198	418	-0.0861
HELVE_p_TCGA_b139_154_155_SNP_N_GenomeWideSNP_6_B02_808594	12	869263	874029	16	-1.0196
HELVE_p_TCGA_b139_154_155_SNP_N_GenomeWideSNP_6_B02_808594	12	875354	9630556	5762	-0.0782
HELVE_p_TCGA_b139_154_155_SNP_N_GenomeWideSNP_6_B02_808594	12	9633870	9728292	25	0.8833
HELVE_p_TCGA_b139_154_155_SNP_N_GenomeWideSNP_6_B02_808594	12	9734969	30235421	14344	-0.0758
HELVE_p_TCGA_b139_154_155_SNP_N_GenomeWideSNP_6_B02_808594	12	30235581	30243933	27	-0.6558
HELVE_p_TCGA_b139_154_155_SNP_N_GenomeWideSNP_6_B02_808594	12	30243950	45904438	7912	-0.0835
HELVE_p_TCGA_b139_154_155_SNP_N_GenomeWideSNP_6_B02_808594	12	45905840	45909537	3	-1.8568
HELVE_p_TCGA_b139_154_155_SNP_N_GenomeWideSNP_6_B02_808594	12	45913292	94206580	29700	-0.0829
HELVE_p_TCGA_b139_154_155_SNP_N_GenomeWideSNP_6_B02_808594	12	94207194	94285556	59	0.1715
HELVE_p_TCGA_b139_154_155_SNP_N_GenomeWideSNP_6_B02_808594	12	94285590	126993860	21659	-0.1087
HELVE_p_TCGA_b139_154_155_SNP_N_GenomeWideSNP_6_B02_808594	12	126994227	127004077	8	-0.8502
HELVE_p_TCGA_b139_154_155_SNP_N_GenomeWideSNP_6_B02_808594	12	127004590	129230513	1974	-0.1766
HELVE_p_TCGA_b139_154_155_SNP_N_GenomeWideSNP_6_B02_808594	12	129230816	129232297	4	-2.3905
HELVE_p_TCGA_b139_154_155_SNP_N_GenomeWideSNP_6_B02_808594	12	129232545	132120715	2495	-0.1602
HELVE_p_TCGA_b139_154_155_SNP_N_GenomeWideSNP_6_B02_808594	12	132132584	132133335	13	-1.9992
HELVE_p_TCGA_b139_154_155_SNP_N_GenomeWideSNP_6_B02_808594	12	132142331	133778189	571	-0.1159
HELVE_p_TCGA_b139_154_155_SNP_N_GenomeWideSNP_6_B02_808594	13	19026949	51061044	22350	0.4764
HELVE_p_TCGA_b139_154_155_SNP_N_GenomeWideSNP_6_B02_808594	13	51069892	51072888	2	-0.8301
HELVE_p_TCGA_b139_154_155_SNP_N_GenomeWideSNP_6_B02_808594	13	51075343	78662693	17190	0.468
HELVE_p_TCGA_b139_154_155_SNP_N_GenomeWideSNP_6_B02_808594	13	78665652	78665761	3	-0.4445
HELVE_p_TCGA_b139_154_155_SNP_N_GenomeWideSNP_6_B02_808594	13	78666116	94906616	10241	0.4447
HELVE_p_TCGA_b139_154_155_SNP_N_GenomeWideSNP_6_B02_808594	13	94906735	94942886	24	0.1023
HELVE_p_TCGA_b139_154_155_SNP_N_GenomeWideSNP_6_B02_808594	13	94945685	115108397	14461	0.466
HELVE_p_TCGA_b139_154_155_SNP_N_GenomeWideSNP_6_B02_808594	14	19002124	19382209	24	-0.4141
HELVE_p_TCGA_b139_154_155_SNP_N_GenomeWideSNP_6_B02_808594	14	19382344	19469520	14	0.5284
HELVE_p_TCGA_b139_154_155_SNP_N_GenomeWideSNP_6_B02_808594	14	19541714	20203466	48	-0.4306
HELVE_p_TCGA_b139_154_155_SNP_N_GenomeWideSNP_6_B02_808594	14	20203885	20424926	104	-0.7757
HELVE_p_TCGA_b139_154_155_SNP_N_GenomeWideSNP_6_B02_808594	14	20425509	39999683	12532	-0.4449
HELVE_p_TCGA_b139_154_155_SNP_N_GenomeWideSNP_6_B02_808594	14	40005569	40019272	13	-1.851
HELVE_p_TCGA_b139_154_155_SNP_N_GenomeWideSNP_6_B02_808594	14	40025733	40608928	325	-0.4355
HELVE_p_TCGA_b139_154_155_SNP_N_GenomeWideSNP_6_B02_808594	14	40613922	40616919	2	-2.04
HELVE_p_TCGA_b139_154_155_SNP_N_GenomeWideSNP_6_B02_808594	14	40618165	41608358	721	-0.4408
HELVE_p_TCGA_b139_154_155_SNP_N_GenomeWideSNP_6_B02_808594	14	41610496	41657249	14	-1.833
HELVE_p_TCGA_b139_154_155_SNP_N_GenomeWideSNP_6_B02_808594	14	41657349	69274654	17332	-0.4658
HELVE_p_TCGA_b139_154_155_SNP_N_GenomeWideSNP_6_B02_808594	14	69277341	69287483	4	-1.6741
HELVE_p_TCGA_b139_154_155_SNP_N_GenomeWideSNP_6_B02_808594	14	69287591	74006707	3084	-0.4711
HELVE_p_TCGA_b139_154_155_SNP_N_GenomeWideSNP_6_B02_808594	14	74006851	74029900	8	-1.4472
HELVE_p_TCGA_b139_154_155_SNP_N_GenomeWideSNP_6_B02_808594	14	74029915	106530364	20728	-0.4853
HELVE_p_TCGA_b139_154_155_SNP_N_GenomeWideSNP_6_B02_808594	14	106530687	106561441	16	0.4747
HELVE_p_TCGA_b139_154_155_SNP_N_GenomeWideSNP_6_B02_808594	14	106567100	107285437	418	-0.41
HELVE_p_TCGA_b139_154_155_SNP_N_GenomeWideSNP_6_B02_808594	15	20016328	20550686	82	-0.112
HELVE_p_TCGA_b139_154_155_SNP_N_GenomeWideSNP_6_B02_808594	15	20556430	20578052	11	0.7111
HELVE_p_TCGA_b139_154_155_SNP_N_GenomeWideSNP_6_B02_808594	15	20578064	20578421	5	0.2132
HELVE_p_TCGA_b139_154_155_SNP_N_GenomeWideSNP_6_B02_808594	15	20581451	20581455	5	-0.4126
HELVE_p_TCGA_b139_154_155_SNP_N_GenomeWideSNP_6_B02_808594	15	20581562	20646575	42	0.3847
HELVE_p_TCGA_b139_154_155_SNP_N_GenomeWideSNP_6_B02_808594	15	20646685	20843562	14	0.0084
HELVE_p_TCGA_b139_154_155_SNP_N_GenomeWideSNP_6_B02_808594	15	20847933	22042753	147	0.5285
HELVE_p_TCGA_b139_154_155_SNP_N_GenomeWideSNP_6_B02_808594	15	22263557	22291024	6	1.5639
HELVE_p_TCGA_b139_154_155_SNP_N_GenomeWideSNP_6_B02_808594	15	22293227	22587474	110	0.4167
HELVE_p_TCGA_b139_154_155_SNP_N_GenomeWideSNP_6_B02_808594	15	22673399	24647143	997	-0.1209
HELVE_p_TCGA_b139_154_155_SNP_N_GenomeWideSNP_6_B02_808594	15	24647994	24717520	44	-0.5451
HELVE_p_TCGA_b139_154_155_SNP_N_GenomeWideSNP_6_B02_808594	15	24718173	33661900	5497	-0.1098
HELVE_p_TCGA_b139_154_155_SNP_N_GenomeWideSNP_6_B02_808594	15	33667581	33675580	4	-1.0933
HELVE_p_TCGA_b139_154_155_SNP_N_GenomeWideSNP_6_B02_808594	15	33676574	100746011	43752	-0.0677
HELVE_p_TCGA_b139_154_155_SNP_N_GenomeWideSNP_6_B02_808594	15	100746113	100747201	2	-1.5772
HELVE_p_TCGA_b139_154_155_SNP_N_GenomeWideSNP_6_B02_808594	15	100747552	101947087	950	-0.0987
HELVE_p_TCGA_b139_154_155_SNP_N_GenomeWideSNP_6_B02_808594	15	101947674	101947947	2	-1.491
HELVE_p_TCGA_b139_154_155_SNP_N_GenomeWideSNP_6_B02_808594	15	101948365	102469040	334	-0.0534
HELVE_p_TCGA_b139_154_155_SNP_N_GenomeWideSNP_6_B02_808594	16	60777	85827	4	-0.4528
HELVE_p_TCGA_b139_154_155_SNP_N_GenomeWideSNP_6_B02_808594	16	86125	5646708	2678	0.4503
HELVE_p_TCGA_b139_154_155_SNP_N_GenomeWideSNP_6_B02_808594	16	5648125	6015290	416	-0.1748
HELVE_p_TCGA_b139_154_155_SNP_N_GenomeWideSNP_6_B02_808594	16	6016046	8131265	2612	0.4116
HELVE_p_TCGA_b139_154_155_SNP_N_GenomeWideSNP_6_B02_808594	16	8131713	8160023	11	-0.1826
HELVE_p_TCGA_b139_154_155_SNP_N_GenomeWideSNP_6_B02_808594	16	8160367	14989839	5409	0.4392
HELVE_p_TCGA_b139_154_155_SNP_N_GenomeWideSNP_6_B02_808594	16	15048768	15049885	9	-0.3545
HELVE_p_TCGA_b139_154_155_SNP_N_GenomeWideSNP_6_B02_808594	16	15049981	15106263	52	0.1327
HELVE_p_TCGA_b139_154_155_SNP_N_GenomeWideSNP_6_B02_808594	16	15108587	20515333	2774	0.4451
HELVE_p_TCGA_b139_154_155_SNP_N_GenomeWideSNP_6_B02_808594	16	20515638	20517110	3	-0.7342
HELVE_p_TCGA_b139_154_155_SNP_N_GenomeWideSNP_6_B02_808594	16	20520739	21389970	489	0.4217
HELVE_p_TCGA_b139_154_155_SNP_N_GenomeWideSNP_6_B02_808594	16	21412403	21593634	25	-0.6877
HELVE_p_TCGA_b139_154_155_SNP_N_GenomeWideSNP_6_B02_808594	16	21596313	21743132	97	0.4311
HELVE_p_TCGA_b139_154_155_SNP_N_GenomeWideSNP_6_B02_808594	16	21746502	21775106	5	-0.3573
HELVE_p_TCGA_b139_154_155_SNP_N_GenomeWideSNP_6_B02_808594	16	21779450	22442020	262	0.427
HELVE_p_TCGA_b139_154_155_SNP_N_GenomeWideSNP_6_B02_808594	16	22557932	22710742	73	-0.4429
HELVE_p_TCGA_b139_154_155_SNP_N_GenomeWideSNP_6_B02_808594	16	22712979	31965881	5131	0.4286
HELVE_p_TCGA_b139_154_155_SNP_N_GenomeWideSNP_6_B02_808594	16	31966297	55796594	7267	0.1933
HELVE_p_TCGA_b139_154_155_SNP_N_GenomeWideSNP_6_B02_808594	16	55798222	55809224	9	1.8106
HELVE_p_TCGA_b139_154_155_SNP_N_GenomeWideSNP_6_B02_808594	16	55809466	55822444	9	0.4779
HELVE_p_TCGA_b139_154_155_SNP_N_GenomeWideSNP_6_B02_808594	16	55829557	78371608	14428	0.1832
HELVE_p_TCGA_b139_154_155_SNP_N_GenomeWideSNP_6_B02_808594	16	78372440	78384765	16	-1.9022
HELVE_p_TCGA_b139_154_155_SNP_N_GenomeWideSNP_6_B02_808594	16	78385001	83121550	5207	0.1583
HELVE_p_TCGA_b139_154_155_SNP_N_GenomeWideSNP_6_B02_808594	16	83121584	83121995	2	-1.6047
HELVE_p_TCGA_b139_154_155_SNP_N_GenomeWideSNP_6_B02_808594	16	83122053	88110422	4573	0.2148
HELVE_p_TCGA_b139_154_155_SNP_N_GenomeWideSNP_6_B02_808594	16	88113663	88114838	3	-1.4201
HELVE_p_TCGA_b139_154_155_SNP_N_GenomeWideSNP_6_B02_808594	16	88115391	90287535	848	0.1933
HELVE_p_TCGA_b139_154_155_SNP_N_GenomeWideSNP_6_B02_808594	17	526	18358949	11400	-0.4748
HELVE_p_TCGA_b139_154_155_SNP_N_GenomeWideSNP_6_B02_808594	17	18361686	18453437	23	-1.1224
HELVE_p_TCGA_b139_154_155_SNP_N_GenomeWideSNP_6_B02_808594	17	18459272	20054714	704	-0.4373
HELVE_p_TCGA_b139_154_155_SNP_N_GenomeWideSNP_6_B02_808594	17	20057221	20395887	127	-0.1077
HELVE_p_TCGA_b139_154_155_SNP_N_GenomeWideSNP_6_B02_808594	17	20410231	20413446	2	-2.1474
HELVE_p_TCGA_b139_154_155_SNP_N_GenomeWideSNP_6_B02_808594	17	20431180	39407891	8645	-0.0074
HELVE_p_TCGA_b139_154_155_SNP_N_GenomeWideSNP_6_B02_808594	17	39407981	39430531	30	-0.4483
HELVE_p_TCGA_b139_154_155_SNP_N_GenomeWideSNP_6_B02_808594	17	39432724	44208674	2545	0.0113
HELVE_p_TCGA_b139_154_155_SNP_N_GenomeWideSNP_6_B02_808594	17	44212428	44408674	97	-0.347
HELVE_p_TCGA_b139_154_155_SNP_N_GenomeWideSNP_6_B02_808594	17	44428681	44790811	51	0.2778
HELVE_p_TCGA_b139_154_155_SNP_N_GenomeWideSNP_6_B02_808594	17	44791287	47937317	1618	2e-04
HELVE_p_TCGA_b139_154_155_SNP_N_GenomeWideSNP_6_B02_808594	17	47938473	47941873	3	-1.7524
HELVE_p_TCGA_b139_154_155_SNP_N_GenomeWideSNP_6_B02_808594	17	47942375	55687489	5380	-0.0371
HELVE_p_TCGA_b139_154_155_SNP_N_GenomeWideSNP_6_B02_808594	17	55688333	55688993	2	-1.407
HELVE_p_TCGA_b139_154_155_SNP_N_GenomeWideSNP_6_B02_808594	17	55691993	56212100	351	0.0097
HELVE_p_TCGA_b139_154_155_SNP_N_GenomeWideSNP_6_B02_808594	17	56212782	56214094	3	-1.325
HELVE_p_TCGA_b139_154_155_SNP_N_GenomeWideSNP_6_B02_808594	17	56217398	61238432	2410	-0.0125
HELVE_p_TCGA_b139_154_155_SNP_N_GenomeWideSNP_6_B02_808594	17	61239328	61259512	9	-0.8434
HELVE_p_TCGA_b139_154_155_SNP_N_GenomeWideSNP_6_B02_808594	17	61263027	81049726	11816	-0.0152
HELVE_p_TCGA_b139_154_155_SNP_N_GenomeWideSNP_6_B02_808594	18	11543	21692286	12057	-0.4759
HELVE_p_TCGA_b139_154_155_SNP_N_GenomeWideSNP_6_B02_808594	18	21692882	21693892	3	-1.8969
HELVE_p_TCGA_b139_154_155_SNP_N_GenomeWideSNP_6_B02_808594	18	21694002	38258705	10707	-0.4667
HELVE_p_TCGA_b139_154_155_SNP_N_GenomeWideSNP_6_B02_808594	18	38258727	38265389	20	0.1189
HELVE_p_TCGA_b139_154_155_SNP_N_GenomeWideSNP_6_B02_808594	18	38268024	44802609	4213	-0.5006
HELVE_p_TCGA_b139_154_155_SNP_N_GenomeWideSNP_6_B02_808594	18	44802719	44803381	2	-2.4289
HELVE_p_TCGA_b139_154_155_SNP_N_GenomeWideSNP_6_B02_808594	18	44803843	45472178	625	-0.4793
HELVE_p_TCGA_b139_154_155_SNP_N_GenomeWideSNP_6_B02_808594	18	45475836	45475857	2	-2.9153
HELVE_p_TCGA_b139_154_155_SNP_N_GenomeWideSNP_6_B02_808594	18	45475896	78015057	23001	-0.4788
HELVE_p_TCGA_b139_154_155_SNP_N_GenomeWideSNP_6_B02_808594	19	90910	15292945	6288	-0.4369
HELVE_p_TCGA_b139_154_155_SNP_N_GenomeWideSNP_6_B02_808594	19	15293755	17639517	1300	-0.0152
HELVE_p_TCGA_b139_154_155_SNP_N_GenomeWideSNP_6_B02_808594	19	17640317	20594676	1350	-0.4204
HELVE_p_TCGA_b139_154_155_SNP_N_GenomeWideSNP_6_B02_808594	19	20596206	20721234	69	-1.7194
HELVE_p_TCGA_b139_154_155_SNP_N_GenomeWideSNP_6_B02_808594	19	20721462	24507172	2192	-0.4629
HELVE_p_TCGA_b139_154_155_SNP_N_GenomeWideSNP_6_B02_808594	19	24582577	35849322	5559	-0.0783
HELVE_p_TCGA_b139_154_155_SNP_N_GenomeWideSNP_6_B02_808594	19	35849493	35866744	23	0.559
HELVE_p_TCGA_b139_154_155_SNP_N_GenomeWideSNP_6_B02_808594	19	35866786	59097854	12491	-0.043
HELVE_p_TCGA_b139_154_155_SNP_N_GenomeWideSNP_6_B02_808594	20	61305	1560922	1205	0.6586
HELVE_p_TCGA_b139_154_155_SNP_N_GenomeWideSNP_6_B02_808594	20	1560951	1582207	38	1.6417
HELVE_p_TCGA_b139_154_155_SNP_N_GenomeWideSNP_6_B02_808594	20	1590257	15120323	10266	0.6466
HELVE_p_TCGA_b139_154_155_SNP_N_GenomeWideSNP_6_B02_808594	20	15120744	15144268	20	0.1927
HELVE_p_TCGA_b139_154_155_SNP_N_GenomeWideSNP_6_B02_808594	20	15144676	62956153	30965	0.6383
HELVE_p_TCGA_b139_154_155_SNP_N_GenomeWideSNP_6_B02_808594	21	10736871	10930431	29	-0.4868
HELVE_p_TCGA_b139_154_155_SNP_N_GenomeWideSNP_6_B02_808594	21	10933220	14974491	311	0.1131
HELVE_p_TCGA_b139_154_155_SNP_N_GenomeWideSNP_6_B02_808594	21	14984424	15100785	74	-0.6312
HELVE_p_TCGA_b139_154_155_SNP_N_GenomeWideSNP_6_B02_808594	21	15101058	15909781	409	-0.9949
HELVE_p_TCGA_b139_154_155_SNP_N_GenomeWideSNP_6_B02_808594	21	15912806	17274868	1011	0.3519
HELVE_p_TCGA_b139_154_155_SNP_N_GenomeWideSNP_6_B02_808594	21	17278510	20925880	2565	-0.9681
HELVE_p_TCGA_b139_154_155_SNP_N_GenomeWideSNP_6_B02_808594	21	20926222	21163005	150	0.3626
HELVE_p_TCGA_b139_154_155_SNP_N_GenomeWideSNP_6_B02_808594	21	21167608	23221980	1540	-0.9746
HELVE_p_TCGA_b139_154_155_SNP_N_GenomeWideSNP_6_B02_808594	21	23225628	23464848	194	0.2878
HELVE_p_TCGA_b139_154_155_SNP_N_GenomeWideSNP_6_B02_808594	21	23472138	24508519	770	-0.9112
HELVE_p_TCGA_b139_154_155_SNP_N_GenomeWideSNP_6_B02_808594	21	24509218	27079349	1939	0.2925
HELVE_p_TCGA_b139_154_155_SNP_N_GenomeWideSNP_6_B02_808594	21	27087165	27099644	10	-1.094
HELVE_p_TCGA_b139_154_155_SNP_N_GenomeWideSNP_6_B02_808594	21	27100206	28033543	715	0.3063
HELVE_p_TCGA_b139_154_155_SNP_N_GenomeWideSNP_6_B02_808594	21	28040520	34603880	4721	-1.0238
HELVE_p_TCGA_b139_154_155_SNP_N_GenomeWideSNP_6_B02_808594	21	34609178	34966766	220	-0.1048
HELVE_p_TCGA_b139_154_155_SNP_N_GenomeWideSNP_6_B02_808594	21	34971457	39442546	3200	-1.0423
HELVE_p_TCGA_b139_154_155_SNP_N_GenomeWideSNP_6_B02_808594	21	39443975	39619893	97	0.403
HELVE_p_TCGA_b139_154_155_SNP_N_GenomeWideSNP_6_B02_808594	21	39621213	43749451	3641	-1.0519
HELVE_p_TCGA_b139_154_155_SNP_N_GenomeWideSNP_6_B02_808594	21	43751909	44028951	233	0.3827
HELVE_p_TCGA_b139_154_155_SNP_N_GenomeWideSNP_6_B02_808594	21	44032712	44684589	389	-1.1721
HELVE_p_TCGA_b139_154_155_SNP_N_GenomeWideSNP_6_B02_808594	21	44689962	44692364	5	-5.0061
HELVE_p_TCGA_b139_154_155_SNP_N_GenomeWideSNP_6_B02_808594	21	44693310	46847759	1195	-1.143
HELVE_p_TCGA_b139_154_155_SNP_N_GenomeWideSNP_6_B02_808594	21	46848156	46848499	3	-5.6892
HELVE_p_TCGA_b139_154_155_SNP_N_GenomeWideSNP_6_B02_808594	21	46848589	47721739	458	-1.1468
HELVE_p_TCGA_b139_154_155_SNP_N_GenomeWideSNP_6_B02_808594	21	47724702	48096957	256	0.3091
HELVE_p_TCGA_b139_154_155_SNP_N_GenomeWideSNP_6_B02_808594	22	16052528	51234455	23459	-0.4732
HELVE_p_TCGA_b139_154_155_SNP_N_GenomeWideSNP_6_B02_808594	X	168477	1934383	85	-0.5078
HELVE_p_TCGA_b139_154_155_SNP_N_GenomeWideSNP_6_B02_808594	X	2042200	7103206	3388	-0.1567
HELVE_p_TCGA_b139_154_155_SNP_N_GenomeWideSNP_6_B02_808594	X	7103283	7106206	3	-2.6723
HELVE_p_TCGA_b139_154_155_SNP_N_GenomeWideSNP_6_B02_808594	X	7108850	7384672	180	-0.1286
HELVE_p_TCGA_b139_154_155_SNP_N_GenomeWideSNP_6_B02_808594	X	7385720	7405664	23	-0.7612
HELVE_p_TCGA_b139_154_155_SNP_N_GenomeWideSNP_6_B02_808594	X	7406072	7420248	11	0.0102
HELVE_p_TCGA_b139_154_155_SNP_N_GenomeWideSNP_6_B02_808594	X	7421815	7517363	61	-0.7918
HELVE_p_TCGA_b139_154_155_SNP_N_GenomeWideSNP_6_B02_808594	X	7519132	8588344	825	-0.14
HELVE_p_TCGA_b139_154_155_SNP_N_GenomeWideSNP_6_B02_808594	X	8595820	8596169	2	2.4636
HELVE_p_TCGA_b139_154_155_SNP_N_GenomeWideSNP_6_B02_808594	X	8597666	9829986	923	-0.1612
HELVE_p_TCGA_b139_154_155_SNP_N_GenomeWideSNP_6_B02_808594	X	9830445	9830948	2	-3.8944
HELVE_p_TCGA_b139_154_155_SNP_N_GenomeWideSNP_6_B02_808594	X	9831426	15727240	4185	-0.1072
HELVE_p_TCGA_b139_154_155_SNP_N_GenomeWideSNP_6_B02_808594	X	15727977	15731340	3	2.7215
HELVE_p_TCGA_b139_154_155_SNP_N_GenomeWideSNP_6_B02_808594	X	15734885	115133681	50968	-0.0315
HELVE_p_TCGA_b139_154_155_SNP_N_GenomeWideSNP_6_B02_808594	X	115137955	115150638	7	-1.7209
HELVE_p_TCGA_b139_154_155_SNP_N_GenomeWideSNP_6_B02_808594	X	115156419	123024970	4786	0.1613
HELVE_p_TCGA_b139_154_155_SNP_N_GenomeWideSNP_6_B02_808594	X	123033550	123390198	235	-0.356
HELVE_p_TCGA_b139_154_155_SNP_N_GenomeWideSNP_6_B02_808594	X	123392929	126185410	1636	0.0958
HELVE_p_TCGA_b139_154_155_SNP_N_GenomeWideSNP_6_B02_808594	X	126189329	126190640	2	-1.4713
HELVE_p_TCGA_b139_154_155_SNP_N_GenomeWideSNP_6_B02_808594	X	126192261	131215761	2803	0.1585
HELVE_p_TCGA_b139_154_155_SNP_N_GenomeWideSNP_6_B02_808594	X	131216454	131216684	2	3.2414
HELVE_p_TCGA_b139_154_155_SNP_N_GenomeWideSNP_6_B02_808594	X	131217388	134746902	1767	0.1028
HELVE_p_TCGA_b139_154_155_SNP_N_GenomeWideSNP_6_B02_808594	X	134748605	134848927	67	1.3921
HELVE_p_TCGA_b139_154_155_SNP_N_GenomeWideSNP_6_B02_808594	X	134854929	134893599	11	-0.0182
HELVE_p_TCGA_b139_154_155_SNP_N_GenomeWideSNP_6_B02_808594	X	134893608	134914910	27	0.8652
HELVE_p_TCGA_b139_154_155_SNP_N_GenomeWideSNP_6_B02_808594	X	134915092	142760027	4971	0.0857
HELVE_p_TCGA_b139_154_155_SNP_N_GenomeWideSNP_6_B02_808594	X	142760091	142760275	3	2.5406
HELVE_p_TCGA_b139_154_155_SNP_N_GenomeWideSNP_6_B02_808594	X	142760727	155182354	7412	0.1198
HELVE_p_TCGA_b139_154_155_SNP_N_GenomeWideSNP_6_B02_808594	Y	2650438	14194495	2895	-1.3687
HELVE_p_TCGA_b139_154_155_SNP_N_GenomeWideSNP_6_B02_808594	Y	14197867	14197977	3	-3.0776
HELVE_p_TCGA_b139_154_155_SNP_N_GenomeWideSNP_6_B02_808594	Y	14198562	24107787	4575	-1.3999
HELVE_p_TCGA_b139_154_155_SNP_N_GenomeWideSNP_6_B02_808594	Y	24119779	24177818	2	-3.0817
HELVE_p_TCGA_b139_154_155_SNP_N_GenomeWideSNP_6_B02_808594	Y	24215015	24872143	188	-1.4517
HELVE_p_TCGA_b139_154_155_SNP_N_GenomeWideSNP_6_B02_808594	Y	24876755	25106855	26	-2.4699
HELVE_p_TCGA_b139_154_155_SNP_N_GenomeWideSNP_6_B02_808594	Y	25159666	25618322	54	-1.4379
HELVE_p_TCGA_b139_154_155_SNP_N_GenomeWideSNP_6_B02_808594	Y	25618525	25733001	4	-0.633
HELVE_p_TCGA_b139_154_155_SNP_N_GenomeWideSNP_6_B02_808594	Y	25746752	25813223	9	-1.6846
HELVE_p_TCGA_b139_154_155_SNP_N_GenomeWideSNP_6_B02_808594	Y	25824699	26613266	259	-2.0401
HELVE_p_TCGA_b139_154_155_SNP_N_GenomeWideSNP_6_B02_808594	Y	26619135	26825375	40	-2.691
HELVE_p_TCGA_b139_154_155_SNP_N_GenomeWideSNP_6_B02_808594	Y	26921276	27190752	39	-2.004
HELVE_p_TCGA_b139_154_155_SNP_N_GenomeWideSNP_6_B02_808594	Y	27224321	27240184	2	-5.145
HELVE_p_TCGA_b139_154_155_SNP_N_GenomeWideSNP_6_B02_808594	Y	27254679	28157255	269	-2.0486
HELVE_p_TCGA_b139_154_155_SNP_N_GenomeWideSNP_6_B02_808594	Y	28175261	59018259	263	-1.4058
