Sample	Chromosome	Start	End	Num_Probes	Segment_Mean
FOXED_p_TCGA_b122_128_SNP_N_GenomeWideSNP_6_B06_781760	1	61735	17005978	8776	-0.0131
FOXED_p_TCGA_b122_128_SNP_N_GenomeWideSNP_6_B06_781760	1	17011450	17276241	122	0.4559
FOXED_p_TCGA_b122_128_SNP_N_GenomeWideSNP_6_B06_781760	1	17277940	25583341	5271	-0.006
FOXED_p_TCGA_b122_128_SNP_N_GenomeWideSNP_6_B06_781760	1	25593128	25662212	31	0.6074
FOXED_p_TCGA_b122_128_SNP_N_GenomeWideSNP_6_B06_781760	1	25663310	46510353	11325	-0.0129
FOXED_p_TCGA_b122_128_SNP_N_GenomeWideSNP_6_B06_781760	1	46512275	46513826	2	1.8563
FOXED_p_TCGA_b122_128_SNP_N_GenomeWideSNP_6_B06_781760	1	46519553	72750353	17524	-0.0056
FOXED_p_TCGA_b122_128_SNP_N_GenomeWideSNP_6_B06_781760	1	72756113	72763370	9	-0.8603
FOXED_p_TCGA_b122_128_SNP_N_GenomeWideSNP_6_B06_781760	1	72768418	72811148	48	1.1273
FOXED_p_TCGA_b122_128_SNP_N_GenomeWideSNP_6_B06_781760	1	72811904	104225557	20110	-0.0101
FOXED_p_TCGA_b122_128_SNP_N_GenomeWideSNP_6_B06_781760	1	104225568	104303403	15	0.8502
FOXED_p_TCGA_b122_128_SNP_N_GenomeWideSNP_6_B06_781760	1	104303501	104890086	323	-0.0135
FOXED_p_TCGA_b122_128_SNP_N_GenomeWideSNP_6_B06_781760	1	104890901	104892674	2	-1.1319
FOXED_p_TCGA_b122_128_SNP_N_GenomeWideSNP_6_B06_781760	1	104892901	106013376	594	0.028
FOXED_p_TCGA_b122_128_SNP_N_GenomeWideSNP_6_B06_781760	1	106019205	106024055	18	-1.8015
FOXED_p_TCGA_b122_128_SNP_N_GenomeWideSNP_6_B06_781760	1	106024070	110227515	2671	-0.0218
FOXED_p_TCGA_b122_128_SNP_N_GenomeWideSNP_6_B06_781760	1	110232974	110242953	18	-0.7353
FOXED_p_TCGA_b122_128_SNP_N_GenomeWideSNP_6_B06_781760	1	110244998	112690211	1956	-0.0162
FOXED_p_TCGA_b122_128_SNP_N_GenomeWideSNP_6_B06_781760	1	112690248	112706060	29	0.3877
FOXED_p_TCGA_b122_128_SNP_N_GenomeWideSNP_6_B06_781760	1	112706062	149024808	6381	4e-04
FOXED_p_TCGA_b122_128_SNP_N_GenomeWideSNP_6_B06_781760	1	149036524	149202798	81	-0.862
FOXED_p_TCGA_b122_128_SNP_N_GenomeWideSNP_6_B06_781760	1	149202878	149209360	26	-0.3854
FOXED_p_TCGA_b122_128_SNP_N_GenomeWideSNP_6_B06_781760	1	149229086	149256691	26	-0.8607
FOXED_p_TCGA_b122_128_SNP_N_GenomeWideSNP_6_B06_781760	1	149259416	152555706	1529	0.0102
FOXED_p_TCGA_b122_128_SNP_N_GenomeWideSNP_6_B06_781760	1	152555767	152586594	34	-1.3645
FOXED_p_TCGA_b122_128_SNP_N_GenomeWideSNP_6_B06_781760	1	152590494	189648157	25030	-0.0117
FOXED_p_TCGA_b122_128_SNP_N_GenomeWideSNP_6_B06_781760	1	189648483	189648527	2	-2.2431
FOXED_p_TCGA_b122_128_SNP_N_GenomeWideSNP_6_B06_781760	1	189652047	193155792	2340	-0.0051
FOXED_p_TCGA_b122_128_SNP_N_GenomeWideSNP_6_B06_781760	1	193156279	193156348	4	0.7705
FOXED_p_TCGA_b122_128_SNP_N_GenomeWideSNP_6_B06_781760	1	193159723	194448234	947	-0.021
FOXED_p_TCGA_b122_128_SNP_N_GenomeWideSNP_6_B06_781760	1	194451411	194455018	2	-1.4937
FOXED_p_TCGA_b122_128_SNP_N_GenomeWideSNP_6_B06_781760	1	194457016	196714822	1453	-0.0091
FOXED_p_TCGA_b122_128_SNP_N_GenomeWideSNP_6_B06_781760	1	196714873	196801850	91	0.5216
FOXED_p_TCGA_b122_128_SNP_N_GenomeWideSNP_6_B06_781760	1	196801987	248697391	35790	-0.0106
FOXED_p_TCGA_b122_128_SNP_N_GenomeWideSNP_6_B06_781760	1	248709616	248809369	45	0.3733
FOXED_p_TCGA_b122_128_SNP_N_GenomeWideSNP_6_B06_781760	1	248818483	249224388	140	8e-04
FOXED_p_TCGA_b122_128_SNP_N_GenomeWideSNP_6_B06_781760	2	12784	1786522	1159	-0.0488
FOXED_p_TCGA_b122_128_SNP_N_GenomeWideSNP_6_B06_781760	2	1788006	1789404	3	-1.9549
FOXED_p_TCGA_b122_128_SNP_N_GenomeWideSNP_6_B06_781760	2	1789960	4205687	1828	-0.0188
FOXED_p_TCGA_b122_128_SNP_N_GenomeWideSNP_6_B06_781760	2	4213864	4223167	36	-0.5868
FOXED_p_TCGA_b122_128_SNP_N_GenomeWideSNP_6_B06_781760	2	4223512	8129338	3279	-0.0275
FOXED_p_TCGA_b122_128_SNP_N_GenomeWideSNP_6_B06_781760	2	8130885	8136044	7	-1.0583
FOXED_p_TCGA_b122_128_SNP_N_GenomeWideSNP_6_B06_781760	2	8136618	17221092	6545	-0.014
FOXED_p_TCGA_b122_128_SNP_N_GenomeWideSNP_6_B06_781760	2	17221165	17242537	49	-0.7787
FOXED_p_TCGA_b122_128_SNP_N_GenomeWideSNP_6_B06_781760	2	17247134	22597101	3763	0.0024
FOXED_p_TCGA_b122_128_SNP_N_GenomeWideSNP_6_B06_781760	2	22598746	22598926	2	-1.5597
FOXED_p_TCGA_b122_128_SNP_N_GenomeWideSNP_6_B06_781760	2	22600920	33051529	6158	-0.0162
FOXED_p_TCGA_b122_128_SNP_N_GenomeWideSNP_6_B06_781760	2	33052186	33053688	4	-0.8903
FOXED_p_TCGA_b122_128_SNP_N_GenomeWideSNP_6_B06_781760	2	33057305	33230615	146	0.0546
FOXED_p_TCGA_b122_128_SNP_N_GenomeWideSNP_6_B06_781760	2	33232854	33233029	2	1.1077
FOXED_p_TCGA_b122_128_SNP_N_GenomeWideSNP_6_B06_781760	2	33234942	34701394	1143	-0.0176
FOXED_p_TCGA_b122_128_SNP_N_GenomeWideSNP_6_B06_781760	2	34701583	34737163	45	0.7567
FOXED_p_TCGA_b122_128_SNP_N_GenomeWideSNP_6_B06_781760	2	34737556	35975973	876	-0.017
FOXED_p_TCGA_b122_128_SNP_N_GenomeWideSNP_6_B06_781760	2	35977790	35987916	6	-1.226
FOXED_p_TCGA_b122_128_SNP_N_GenomeWideSNP_6_B06_781760	2	35987947	71782514	24782	-0.0069
FOXED_p_TCGA_b122_128_SNP_N_GenomeWideSNP_6_B06_781760	2	71786566	71786986	2	-1.7235
FOXED_p_TCGA_b122_128_SNP_N_GenomeWideSNP_6_B06_781760	2	71787833	89975620	10330	-0.0127
FOXED_p_TCGA_b122_128_SNP_N_GenomeWideSNP_6_B06_781760	2	89995037	89999062	2	1.8595
FOXED_p_TCGA_b122_128_SNP_N_GenomeWideSNP_6_B06_781760	2	90001943	91952796	230	-0.0212
FOXED_p_TCGA_b122_128_SNP_N_GenomeWideSNP_6_B06_781760	2	91964690	91967186	2	-1.4018
FOXED_p_TCGA_b122_128_SNP_N_GenomeWideSNP_6_B06_781760	2	91971678	106388912	6122	-0.0176
FOXED_p_TCGA_b122_128_SNP_N_GenomeWideSNP_6_B06_781760	2	106388961	106391338	5	-1.4573
FOXED_p_TCGA_b122_128_SNP_N_GenomeWideSNP_6_B06_781760	2	106391913	140361385	20382	-0.0103
FOXED_p_TCGA_b122_128_SNP_N_GenomeWideSNP_6_B06_781760	2	140366091	140373334	2	-3.5778
FOXED_p_TCGA_b122_128_SNP_N_GenomeWideSNP_6_B06_781760	2	140378548	203896897	38165	-0.0053
FOXED_p_TCGA_b122_128_SNP_N_GenomeWideSNP_6_B06_781760	2	203899800	203902046	3	-2.2023
FOXED_p_TCGA_b122_128_SNP_N_GenomeWideSNP_6_B06_781760	2	203904140	208355718	2896	-0.0097
FOXED_p_TCGA_b122_128_SNP_N_GenomeWideSNP_6_B06_781760	2	208355752	208358287	5	-0.8933
FOXED_p_TCGA_b122_128_SNP_N_GenomeWideSNP_6_B06_781760	2	208358731	222471013	9118	-0.0085
FOXED_p_TCGA_b122_128_SNP_N_GenomeWideSNP_6_B06_781760	2	222471460	222471516	2	1.3211
FOXED_p_TCGA_b122_128_SNP_N_GenomeWideSNP_6_B06_781760	2	222472562	229258805	4484	-0.0087
FOXED_p_TCGA_b122_128_SNP_N_GenomeWideSNP_6_B06_781760	2	229262292	229266374	3	1.1552
FOXED_p_TCGA_b122_128_SNP_N_GenomeWideSNP_6_B06_781760	2	229268856	243089456	8547	-0.017
FOXED_p_TCGA_b122_128_SNP_N_GenomeWideSNP_6_B06_781760	3	60345	1781803	1553	-0.0162
FOXED_p_TCGA_b122_128_SNP_N_GenomeWideSNP_6_B06_781760	3	1782524	1787581	6	-1.3064
FOXED_p_TCGA_b122_128_SNP_N_GenomeWideSNP_6_B06_781760	3	1789158	60315788	39561	-0.0096
FOXED_p_TCGA_b122_128_SNP_N_GenomeWideSNP_6_B06_781760	3	60316241	60367530	49	-0.4772
FOXED_p_TCGA_b122_128_SNP_N_GenomeWideSNP_6_B06_781760	3	60368127	68746164	6720	-0.0088
FOXED_p_TCGA_b122_128_SNP_N_GenomeWideSNP_6_B06_781760	3	68746259	68747413	14	1.2654
FOXED_p_TCGA_b122_128_SNP_N_GenomeWideSNP_6_B06_781760	3	68748758	84102222	9645	-0.0087
FOXED_p_TCGA_b122_128_SNP_N_GenomeWideSNP_6_B06_781760	3	84105433	84106166	2	-2.6669
FOXED_p_TCGA_b122_128_SNP_N_GenomeWideSNP_6_B06_781760	3	84110967	84699684	302	-0.0131
FOXED_p_TCGA_b122_128_SNP_N_GenomeWideSNP_6_B06_781760	3	84699758	84702161	15	-1.2558
FOXED_p_TCGA_b122_128_SNP_N_GenomeWideSNP_6_B06_781760	3	84702235	98944632	6004	-0.0037
FOXED_p_TCGA_b122_128_SNP_N_GenomeWideSNP_6_B06_781760	3	98944763	98949314	30	0.5822
FOXED_p_TCGA_b122_128_SNP_N_GenomeWideSNP_6_B06_781760	3	98949421	162540490	39138	-0.008
FOXED_p_TCGA_b122_128_SNP_N_GenomeWideSNP_6_B06_781760	3	162545716	162592358	25	-0.5483
FOXED_p_TCGA_b122_128_SNP_N_GenomeWideSNP_6_B06_781760	3	162593624	174669766	7344	0.0013
FOXED_p_TCGA_b122_128_SNP_N_GenomeWideSNP_6_B06_781760	3	174676406	174893352	144	-0.5144
FOXED_p_TCGA_b122_128_SNP_N_GenomeWideSNP_6_B06_781760	3	174893775	175883749	705	0.0278
FOXED_p_TCGA_b122_128_SNP_N_GenomeWideSNP_6_B06_781760	3	175888059	175914479	33	-0.8367
FOXED_p_TCGA_b122_128_SNP_N_GenomeWideSNP_6_B06_781760	3	175916221	187595294	7167	-0.0078
FOXED_p_TCGA_b122_128_SNP_N_GenomeWideSNP_6_B06_781760	3	187595378	187595713	2	2.194
FOXED_p_TCGA_b122_128_SNP_N_GenomeWideSNP_6_B06_781760	3	187595740	192878593	3839	-0.0091
FOXED_p_TCGA_b122_128_SNP_N_GenomeWideSNP_6_B06_781760	3	192878821	192879006	2	1.3014
FOXED_p_TCGA_b122_128_SNP_N_GenomeWideSNP_6_B06_781760	3	192880473	197896118	2720	0.0021
FOXED_p_TCGA_b122_128_SNP_N_GenomeWideSNP_6_B06_781760	4	12281	9456977	5247	-0.0096
FOXED_p_TCGA_b122_128_SNP_N_GenomeWideSNP_6_B06_781760	4	9461230	9478849	6	-0.8386
FOXED_p_TCGA_b122_128_SNP_N_GenomeWideSNP_6_B06_781760	4	9479035	10210390	548	-0.0171
FOXED_p_TCGA_b122_128_SNP_N_GenomeWideSNP_6_B06_781760	4	10223416	10235166	33	0.6799
FOXED_p_TCGA_b122_128_SNP_N_GenomeWideSNP_6_B06_781760	4	10235182	10392354	174	-0.0023
FOXED_p_TCGA_b122_128_SNP_N_GenomeWideSNP_6_B06_781760	4	10393154	10400156	13	-0.7164
FOXED_p_TCGA_b122_128_SNP_N_GenomeWideSNP_6_B06_781760	4	10400511	34786500	16817	-0.0189
FOXED_p_TCGA_b122_128_SNP_N_GenomeWideSNP_6_B06_781760	4	34786955	34824183	36	-0.3967
FOXED_p_TCGA_b122_128_SNP_N_GenomeWideSNP_6_B06_781760	4	34824725	70088601	19890	-0.0134
FOXED_p_TCGA_b122_128_SNP_N_GenomeWideSNP_6_B06_781760	4	70089098	70229434	73	0.3442
FOXED_p_TCGA_b122_128_SNP_N_GenomeWideSNP_6_B06_781760	4	70231799	70389716	113	-0.022
FOXED_p_TCGA_b122_128_SNP_N_GenomeWideSNP_6_B06_781760	4	70389861	70390779	2	-2.6347
FOXED_p_TCGA_b122_128_SNP_N_GenomeWideSNP_6_B06_781760	4	70391888	115173700	27265	-0.0014
FOXED_p_TCGA_b122_128_SNP_N_GenomeWideSNP_6_B06_781760	4	115175323	115184266	26	0.6903
FOXED_p_TCGA_b122_128_SNP_N_GenomeWideSNP_6_B06_781760	4	115184310	125321426	6018	-3e-04
FOXED_p_TCGA_b122_128_SNP_N_GenomeWideSNP_6_B06_781760	4	125321473	125323828	3	-1.1249
FOXED_p_TCGA_b122_128_SNP_N_GenomeWideSNP_6_B06_781760	4	125324149	125459405	90	-0.0301
FOXED_p_TCGA_b122_128_SNP_N_GenomeWideSNP_6_B06_781760	4	125460351	125462935	3	-1.4542
FOXED_p_TCGA_b122_128_SNP_N_GenomeWideSNP_6_B06_781760	4	125463025	137942909	7048	-0.0101
FOXED_p_TCGA_b122_128_SNP_N_GenomeWideSNP_6_B06_781760	4	137943042	137946369	4	-1.7962
FOXED_p_TCGA_b122_128_SNP_N_GenomeWideSNP_6_B06_781760	4	137948899	138092195	96	0.0057
FOXED_p_TCGA_b122_128_SNP_N_GenomeWideSNP_6_B06_781760	4	138092239	138094958	16	-0.8466
FOXED_p_TCGA_b122_128_SNP_N_GenomeWideSNP_6_B06_781760	4	138094972	189221258	32853	-0.0096
FOXED_p_TCGA_b122_128_SNP_N_GenomeWideSNP_6_B06_781760	4	189221360	189221424	3	1.7868
FOXED_p_TCGA_b122_128_SNP_N_GenomeWideSNP_6_B06_781760	4	189221439	189436915	210	0.0024
FOXED_p_TCGA_b122_128_SNP_N_GenomeWideSNP_6_B06_781760	4	189437086	189437396	7	-0.9094
FOXED_p_TCGA_b122_128_SNP_N_GenomeWideSNP_6_B06_781760	4	189437410	191027923	961	-0.0183
FOXED_p_TCGA_b122_128_SNP_N_GenomeWideSNP_6_B06_781760	5	15532	733612	323	0.1913
FOXED_p_TCGA_b122_128_SNP_N_GenomeWideSNP_6_B06_781760	5	741695	833628	42	0.7597
FOXED_p_TCGA_b122_128_SNP_N_GenomeWideSNP_6_B06_781760	5	852566	12815780	9865	-0.0058
FOXED_p_TCGA_b122_128_SNP_N_GenomeWideSNP_6_B06_781760	5	12815865	12838533	13	-1.2889
FOXED_p_TCGA_b122_128_SNP_N_GenomeWideSNP_6_B06_781760	5	12849201	21370577	5496	0.0158
FOXED_p_TCGA_b122_128_SNP_N_GenomeWideSNP_6_B06_781760	5	21376844	21377853	3	1.0251
FOXED_p_TCGA_b122_128_SNP_N_GenomeWideSNP_6_B06_781760	5	21386066	21449219	44	0.0483
FOXED_p_TCGA_b122_128_SNP_N_GenomeWideSNP_6_B06_781760	5	21449276	21452438	6	0.8261
FOXED_p_TCGA_b122_128_SNP_N_GenomeWideSNP_6_B06_781760	5	21452496	27199236	3386	-0.0017
FOXED_p_TCGA_b122_128_SNP_N_GenomeWideSNP_6_B06_781760	5	27199602	29486149	1334	-0.4874
FOXED_p_TCGA_b122_128_SNP_N_GenomeWideSNP_6_B06_781760	5	29490496	46246655	10313	0.0369
FOXED_p_TCGA_b122_128_SNP_N_GenomeWideSNP_6_B06_781760	5	46246660	46271108	4	-0.3679
FOXED_p_TCGA_b122_128_SNP_N_GenomeWideSNP_6_B06_781760	5	46271930	46273502	6	-2.3466
FOXED_p_TCGA_b122_128_SNP_N_GenomeWideSNP_6_B06_781760	5	46278212	57321646	5084	-0.0101
FOXED_p_TCGA_b122_128_SNP_N_GenomeWideSNP_6_B06_781760	5	57326027	57333533	32	1.2005
FOXED_p_TCGA_b122_128_SNP_N_GenomeWideSNP_6_B06_781760	5	57338357	58303558	742	0.0114
FOXED_p_TCGA_b122_128_SNP_N_GenomeWideSNP_6_B06_781760	5	58303626	58304570	4	-1.0774
FOXED_p_TCGA_b122_128_SNP_N_GenomeWideSNP_6_B06_781760	5	58304705	68846303	6558	-0.0072
FOXED_p_TCGA_b122_128_SNP_N_GenomeWideSNP_6_B06_781760	5	68867294	69074977	2	1.7834
FOXED_p_TCGA_b122_128_SNP_N_GenomeWideSNP_6_B06_781760	5	69074991	75450020	3157	0.0052
FOXED_p_TCGA_b122_128_SNP_N_GenomeWideSNP_6_B06_781760	5	75450067	75450144	3	1.0453
FOXED_p_TCGA_b122_128_SNP_N_GenomeWideSNP_6_B06_781760	5	75450176	104584265	16973	-0.0056
FOXED_p_TCGA_b122_128_SNP_N_GenomeWideSNP_6_B06_781760	5	104585978	104589281	5	0.7737
FOXED_p_TCGA_b122_128_SNP_N_GenomeWideSNP_6_B06_781760	5	104589301	110431941	3631	-0.0086
FOXED_p_TCGA_b122_128_SNP_N_GenomeWideSNP_6_B06_781760	5	110434261	112780914	1842	-0.5085
FOXED_p_TCGA_b122_128_SNP_N_GenomeWideSNP_6_B06_781760	5	112782558	151514171	24795	-0.0037
FOXED_p_TCGA_b122_128_SNP_N_GenomeWideSNP_6_B06_781760	5	151515386	151518351	14	-0.5682
FOXED_p_TCGA_b122_128_SNP_N_GenomeWideSNP_6_B06_781760	5	151520271	155475104	2659	-0.0171
FOXED_p_TCGA_b122_128_SNP_N_GenomeWideSNP_6_B06_781760	5	155475105	155482729	15	-0.5269
FOXED_p_TCGA_b122_128_SNP_N_GenomeWideSNP_6_B06_781760	5	155495250	175416124	14097	-0.0254
FOXED_p_TCGA_b122_128_SNP_N_GenomeWideSNP_6_B06_781760	5	175420896	175469507	9	0.5778
FOXED_p_TCGA_b122_128_SNP_N_GenomeWideSNP_6_B06_781760	5	175470324	177151104	724	-0.0123
FOXED_p_TCGA_b122_128_SNP_N_GenomeWideSNP_6_B06_781760	5	177157399	177198449	5	0.7414
FOXED_p_TCGA_b122_128_SNP_N_GenomeWideSNP_6_B06_781760	5	177227551	180378888	1818	-0.0191
FOXED_p_TCGA_b122_128_SNP_N_GenomeWideSNP_6_B06_781760	5	180380203	180418103	17	0.6344
FOXED_p_TCGA_b122_128_SNP_N_GenomeWideSNP_6_B06_781760	5	180433225	180790320	171	-0.009
FOXED_p_TCGA_b122_128_SNP_N_GenomeWideSNP_6_B06_781760	6	149661	258265	103	0.0032
FOXED_p_TCGA_b122_128_SNP_N_GenomeWideSNP_6_B06_781760	6	260376	381149	98	0.6555
FOXED_p_TCGA_b122_128_SNP_N_GenomeWideSNP_6_B06_781760	6	382559	29837072	21556	-0.0186
FOXED_p_TCGA_b122_128_SNP_N_GenomeWideSNP_6_B06_781760	6	29837187	29849267	16	-0.827
FOXED_p_TCGA_b122_128_SNP_N_GenomeWideSNP_6_B06_781760	6	29850196	31280823	674	-0.0522
FOXED_p_TCGA_b122_128_SNP_N_GenomeWideSNP_6_B06_781760	6	31286276	31295406	7	-2.039
FOXED_p_TCGA_b122_128_SNP_N_GenomeWideSNP_6_B06_781760	6	31295953	32587457	559	-0.0111
FOXED_p_TCGA_b122_128_SNP_N_GenomeWideSNP_6_B06_781760	6	32593021	32602107	7	-1.3443
FOXED_p_TCGA_b122_128_SNP_N_GenomeWideSNP_6_B06_781760	6	32602269	32625095	11	-0.1037
FOXED_p_TCGA_b122_128_SNP_N_GenomeWideSNP_6_B06_781760	6	32625888	32626618	3	-1.2081
FOXED_p_TCGA_b122_128_SNP_N_GenomeWideSNP_6_B06_781760	6	32650612	33938743	810	-0.013
FOXED_p_TCGA_b122_128_SNP_N_GenomeWideSNP_6_B06_781760	6	33942011	33942705	6	-1.2841
FOXED_p_TCGA_b122_128_SNP_N_GenomeWideSNP_6_B06_781760	6	33944586	69653759	20296	-0.0036
FOXED_p_TCGA_b122_128_SNP_N_GenomeWideSNP_6_B06_781760	6	69657055	69661241	2	1.5129
FOXED_p_TCGA_b122_128_SNP_N_GenomeWideSNP_6_B06_781760	6	69662367	77429730	4951	-0.0029
FOXED_p_TCGA_b122_128_SNP_N_GenomeWideSNP_6_B06_781760	6	77436159	77461073	24	0.38
FOXED_p_TCGA_b122_128_SNP_N_GenomeWideSNP_6_B06_781760	6	77467931	78962889	979	0.0122
FOXED_p_TCGA_b122_128_SNP_N_GenomeWideSNP_6_B06_781760	6	78969065	79035174	111	-0.4355
FOXED_p_TCGA_b122_128_SNP_N_GenomeWideSNP_6_B06_781760	6	79035185	124431774	28258	-0.005
FOXED_p_TCGA_b122_128_SNP_N_GenomeWideSNP_6_B06_781760	6	124435941	124470761	21	0.5798
FOXED_p_TCGA_b122_128_SNP_N_GenomeWideSNP_6_B06_781760	6	124471533	134266268	6371	-0.0068
FOXED_p_TCGA_b122_128_SNP_N_GenomeWideSNP_6_B06_781760	6	134269071	134269632	2	-1.6816
FOXED_p_TCGA_b122_128_SNP_N_GenomeWideSNP_6_B06_781760	6	134272072	157779495	15726	-0.0111
FOXED_p_TCGA_b122_128_SNP_N_GenomeWideSNP_6_B06_781760	6	157781264	157796076	3	1.523
FOXED_p_TCGA_b122_128_SNP_N_GenomeWideSNP_6_B06_781760	6	157796994	171051005	9440	-0.0249
FOXED_p_TCGA_b122_128_SNP_N_GenomeWideSNP_6_B06_781760	7	43355	26132290	18881	-1e-04
FOXED_p_TCGA_b122_128_SNP_N_GenomeWideSNP_6_B06_781760	7	26142392	26145413	4	-3.3581
FOXED_p_TCGA_b122_128_SNP_N_GenomeWideSNP_6_B06_781760	7	26147219	70420438	26011	-0.0188
FOXED_p_TCGA_b122_128_SNP_N_GenomeWideSNP_6_B06_781760	7	70423250	70426141	2	-2.089
FOXED_p_TCGA_b122_128_SNP_N_GenomeWideSNP_6_B06_781760	7	70428243	109441244	22551	-0.003
FOXED_p_TCGA_b122_128_SNP_N_GenomeWideSNP_6_B06_781760	7	109441629	109454229	12	0.8681
FOXED_p_TCGA_b122_128_SNP_N_GenomeWideSNP_6_B06_781760	7	109454271	133785177	14762	-0.0047
FOXED_p_TCGA_b122_128_SNP_N_GenomeWideSNP_6_B06_781760	7	133785195	133795634	25	0.5234
FOXED_p_TCGA_b122_128_SNP_N_GenomeWideSNP_6_B06_781760	7	133795665	142474939	5702	-0.0114
FOXED_p_TCGA_b122_128_SNP_N_GenomeWideSNP_6_B06_781760	7	142476719	142486045	27	-2.1383
FOXED_p_TCGA_b122_128_SNP_N_GenomeWideSNP_6_B06_781760	7	142486115	143909445	843	-0.0288
FOXED_p_TCGA_b122_128_SNP_N_GenomeWideSNP_6_B06_781760	7	143911624	144066947	39	-1.0089
FOXED_p_TCGA_b122_128_SNP_N_GenomeWideSNP_6_B06_781760	7	144074929	156385674	8067	-0.0193
FOXED_p_TCGA_b122_128_SNP_N_GenomeWideSNP_6_B06_781760	7	156391790	156394179	4	-1.2476
FOXED_p_TCGA_b122_128_SNP_N_GenomeWideSNP_6_B06_781760	7	156394908	159127004	1632	0.0113
FOXED_p_TCGA_b122_128_SNP_N_GenomeWideSNP_6_B06_781760	8	31254	594973	329	-0.0483
FOXED_p_TCGA_b122_128_SNP_N_GenomeWideSNP_6_B06_781760	8	595220	595790	5	0.7523
FOXED_p_TCGA_b122_128_SNP_N_GenomeWideSNP_6_B06_781760	8	595875	595908	3	3.0276
FOXED_p_TCGA_b122_128_SNP_N_GenomeWideSNP_6_B06_781760	8	601043	7186632	7498	-0.0195
FOXED_p_TCGA_b122_128_SNP_N_GenomeWideSNP_6_B06_781760	8	7186646	7226303	23	0.5989
FOXED_p_TCGA_b122_128_SNP_N_GenomeWideSNP_6_B06_781760	8	7226436	38288463	22560	-0.0086
FOXED_p_TCGA_b122_128_SNP_N_GenomeWideSNP_6_B06_781760	8	38290359	38290509	3	0.9595
FOXED_p_TCGA_b122_128_SNP_N_GenomeWideSNP_6_B06_781760	8	38291087	40771996	1642	-0.0053
FOXED_p_TCGA_b122_128_SNP_N_GenomeWideSNP_6_B06_781760	8	40777852	40778471	2	-2.3604
FOXED_p_TCGA_b122_128_SNP_N_GenomeWideSNP_6_B06_781760	8	40783680	64848636	12590	-0.0128
FOXED_p_TCGA_b122_128_SNP_N_GenomeWideSNP_6_B06_781760	8	64848897	64849118	6	0.9574
FOXED_p_TCGA_b122_128_SNP_N_GenomeWideSNP_6_B06_781760	8	64849510	112295038	28405	-0.0167
FOXED_p_TCGA_b122_128_SNP_N_GenomeWideSNP_6_B06_781760	8	112295081	112295245	3	-2.4665
FOXED_p_TCGA_b122_128_SNP_N_GenomeWideSNP_6_B06_781760	8	112295260	115631294	1827	-0.018
FOXED_p_TCGA_b122_128_SNP_N_GenomeWideSNP_6_B06_781760	8	115631436	115641689	35	-0.4981
FOXED_p_TCGA_b122_128_SNP_N_GenomeWideSNP_6_B06_781760	8	115641731	120152010	3114	0.0024
FOXED_p_TCGA_b122_128_SNP_N_GenomeWideSNP_6_B06_781760	8	120154784	120158883	3	-2.5271
FOXED_p_TCGA_b122_128_SNP_N_GenomeWideSNP_6_B06_781760	8	120159446	142249236	16343	-0.0233
FOXED_p_TCGA_b122_128_SNP_N_GenomeWideSNP_6_B06_781760	8	142250951	142251553	2	-1.4959
FOXED_p_TCGA_b122_128_SNP_N_GenomeWideSNP_6_B06_781760	8	142253481	146298155	1626	-0.0303
FOXED_p_TCGA_b122_128_SNP_N_GenomeWideSNP_6_B06_781760	9	46587	5078423	5252	0.0017
FOXED_p_TCGA_b122_128_SNP_N_GenomeWideSNP_6_B06_781760	9	5078443	5081766	10	0.6753
FOXED_p_TCGA_b122_128_SNP_N_GenomeWideSNP_6_B06_781760	9	5081852	5406118	259	0.057
FOXED_p_TCGA_b122_128_SNP_N_GenomeWideSNP_6_B06_781760	9	5407409	5408358	6	-1.0215
FOXED_p_TCGA_b122_128_SNP_N_GenomeWideSNP_6_B06_781760	9	5410702	8984469	3108	-9e-04
FOXED_p_TCGA_b122_128_SNP_N_GenomeWideSNP_6_B06_781760	9	8984647	9489179	471	-0.5511
FOXED_p_TCGA_b122_128_SNP_N_GenomeWideSNP_6_B06_781760	9	9495226	22492889	10783	0.0056
FOXED_p_TCGA_b122_128_SNP_N_GenomeWideSNP_6_B06_781760	9	22501913	22502699	2	1.433
FOXED_p_TCGA_b122_128_SNP_N_GenomeWideSNP_6_B06_781760	9	22509340	28303495	4372	-0.0041
FOXED_p_TCGA_b122_128_SNP_N_GenomeWideSNP_6_B06_781760	9	28303612	28311629	4	0.9937
FOXED_p_TCGA_b122_128_SNP_N_GenomeWideSNP_6_B06_781760	9	28312061	39330197	7037	-0.0011
FOXED_p_TCGA_b122_128_SNP_N_GenomeWideSNP_6_B06_781760	9	39337293	40513042	13	0.6109
FOXED_p_TCGA_b122_128_SNP_N_GenomeWideSNP_6_B06_781760	9	40524130	41952516	62	-0.0244
FOXED_p_TCGA_b122_128_SNP_N_GenomeWideSNP_6_B06_781760	9	41972506	41978375	2	-1.8253
FOXED_p_TCGA_b122_128_SNP_N_GenomeWideSNP_6_B06_781760	9	41985187	44244880	96	0.0867
FOXED_p_TCGA_b122_128_SNP_N_GenomeWideSNP_6_B06_781760	9	44250853	44385979	12	-0.5587
FOXED_p_TCGA_b122_128_SNP_N_GenomeWideSNP_6_B06_781760	9	44396699	44629223	7	0.2962
FOXED_p_TCGA_b122_128_SNP_N_GenomeWideSNP_6_B06_781760	9	44727859	44837527	34	-1.0786
FOXED_p_TCGA_b122_128_SNP_N_GenomeWideSNP_6_B06_781760	9	44840918	46038861	63	0.0324
FOXED_p_TCGA_b122_128_SNP_N_GenomeWideSNP_6_B06_781760	9	46039614	66470559	40	0.3328
FOXED_p_TCGA_b122_128_SNP_N_GenomeWideSNP_6_B06_781760	9	66482198	90522594	14532	-0.0199
FOXED_p_TCGA_b122_128_SNP_N_GenomeWideSNP_6_B06_781760	9	90554151	90554219	2	-1.2683
FOXED_p_TCGA_b122_128_SNP_N_GenomeWideSNP_6_B06_781760	9	90557957	138211368	32686	-0.0125
FOXED_p_TCGA_b122_128_SNP_N_GenomeWideSNP_6_B06_781760	9	138214105	138215622	2	-1.5282
FOXED_p_TCGA_b122_128_SNP_N_GenomeWideSNP_6_B06_781760	9	138216412	141091394	1116	-0.0062
FOXED_p_TCGA_b122_128_SNP_N_GenomeWideSNP_6_B06_781760	10	72759	2091021	1505	-0.0111
FOXED_p_TCGA_b122_128_SNP_N_GenomeWideSNP_6_B06_781760	10	2092776	2093707	3	-1.326
FOXED_p_TCGA_b122_128_SNP_N_GenomeWideSNP_6_B06_781760	10	2095066	24375263	17747	-0.0234
FOXED_p_TCGA_b122_128_SNP_N_GenomeWideSNP_6_B06_781760	10	24377674	24379039	15	0.8049
FOXED_p_TCGA_b122_128_SNP_N_GenomeWideSNP_6_B06_781760	10	24380660	27223903	1990	-0.0198
FOXED_p_TCGA_b122_128_SNP_N_GenomeWideSNP_6_B06_781760	10	27225904	27228473	13	1.057
FOXED_p_TCGA_b122_128_SNP_N_GenomeWideSNP_6_B06_781760	10	27229993	31251334	3041	-0.0262
FOXED_p_TCGA_b122_128_SNP_N_GenomeWideSNP_6_B06_781760	10	31251348	31251779	10	-0.8071
FOXED_p_TCGA_b122_128_SNP_N_GenomeWideSNP_6_B06_781760	10	31251822	42850859	4938	-0.0167
FOXED_p_TCGA_b122_128_SNP_N_GenomeWideSNP_6_B06_781760	10	42853051	42853689	3	1.4449
FOXED_p_TCGA_b122_128_SNP_N_GenomeWideSNP_6_B06_781760	10	42853702	57587929	8744	-0.0188
FOXED_p_TCGA_b122_128_SNP_N_GenomeWideSNP_6_B06_781760	10	57588292	57590768	2	2.2212
FOXED_p_TCGA_b122_128_SNP_N_GenomeWideSNP_6_B06_781760	10	57593097	67306276	6764	-0.0068
FOXED_p_TCGA_b122_128_SNP_N_GenomeWideSNP_6_B06_781760	10	67307923	67314446	28	-0.5613
FOXED_p_TCGA_b122_128_SNP_N_GenomeWideSNP_6_B06_781760	10	67322795	78252851	6806	-0.011
FOXED_p_TCGA_b122_128_SNP_N_GenomeWideSNP_6_B06_781760	10	78257061	78257610	2	1.6311
FOXED_p_TCGA_b122_128_SNP_N_GenomeWideSNP_6_B06_781760	10	78261267	81443890	2456	-0.0163
FOXED_p_TCGA_b122_128_SNP_N_GenomeWideSNP_6_B06_781760	10	81449007	81617620	29	-0.447
FOXED_p_TCGA_b122_128_SNP_N_GenomeWideSNP_6_B06_781760	10	81626662	135506704	37054	-0.0126
FOXED_p_TCGA_b122_128_SNP_N_GenomeWideSNP_6_B06_781760	11	198510	5783923	3305	-0.0032
FOXED_p_TCGA_b122_128_SNP_N_GenomeWideSNP_6_B06_781760	11	5787405	5809048	32	-0.6242
FOXED_p_TCGA_b122_128_SNP_N_GenomeWideSNP_6_B06_781760	11	5809139	6117976	248	-0.0021
FOXED_p_TCGA_b122_128_SNP_N_GenomeWideSNP_6_B06_781760	11	6120647	6122094	2	1.3319
FOXED_p_TCGA_b122_128_SNP_N_GenomeWideSNP_6_B06_781760	11	6122503	18940870	9184	-0.0032
FOXED_p_TCGA_b122_128_SNP_N_GenomeWideSNP_6_B06_781760	11	18949072	18961178	40	0.7873
FOXED_p_TCGA_b122_128_SNP_N_GenomeWideSNP_6_B06_781760	11	18961281	55376511	21881	-0.0088
FOXED_p_TCGA_b122_128_SNP_N_GenomeWideSNP_6_B06_781760	11	55376634	55453009	49	-0.5301
FOXED_p_TCGA_b122_128_SNP_N_GenomeWideSNP_6_B06_781760	11	55453576	134944770	52447	-0.0093
FOXED_p_TCGA_b122_128_SNP_N_GenomeWideSNP_6_B06_781760	12	150442	8556693	5623	0.3384
FOXED_p_TCGA_b122_128_SNP_N_GenomeWideSNP_6_B06_781760	12	8558488	8594894	23	-0.134
FOXED_p_TCGA_b122_128_SNP_N_GenomeWideSNP_6_B06_781760	12	8595531	9630556	563	0.2915
FOXED_p_TCGA_b122_128_SNP_N_GenomeWideSNP_6_B06_781760	12	9633870	9713674	22	-1.1641
FOXED_p_TCGA_b122_128_SNP_N_GenomeWideSNP_6_B06_781760	12	9714954	9734970	5	-0.2727
FOXED_p_TCGA_b122_128_SNP_N_GenomeWideSNP_6_B06_781760	12	9735686	11220827	1044	0.322
FOXED_p_TCGA_b122_128_SNP_N_GenomeWideSNP_6_B06_781760	12	11222368	11241532	10	1.0605
FOXED_p_TCGA_b122_128_SNP_N_GenomeWideSNP_6_B06_781760	12	11251874	31265057	14205	0.3298
FOXED_p_TCGA_b122_128_SNP_N_GenomeWideSNP_6_B06_781760	12	31269298	31406907	90	0.8096
FOXED_p_TCGA_b122_128_SNP_N_GenomeWideSNP_6_B06_781760	12	31407123	33301520	1308	0.3181
FOXED_p_TCGA_b122_128_SNP_N_GenomeWideSNP_6_B06_781760	12	33301534	33308542	29	0.7624
FOXED_p_TCGA_b122_128_SNP_N_GenomeWideSNP_6_B06_781760	12	33308589	43186879	3986	0.3176
FOXED_p_TCGA_b122_128_SNP_N_GenomeWideSNP_6_B06_781760	12	43190742	44514275	830	-0.2893
FOXED_p_TCGA_b122_128_SNP_N_GenomeWideSNP_6_B06_781760	12	44515673	45560046	603	0.3282
FOXED_p_TCGA_b122_128_SNP_N_GenomeWideSNP_6_B06_781760	12	45560132	45560192	2	-0.8936
FOXED_p_TCGA_b122_128_SNP_N_GenomeWideSNP_6_B06_781760	12	45564103	45904438	203	0.3071
FOXED_p_TCGA_b122_128_SNP_N_GenomeWideSNP_6_B06_781760	12	45905840	45909537	3	-1.1744
FOXED_p_TCGA_b122_128_SNP_N_GenomeWideSNP_6_B06_781760	12	45913292	58721231	7220	0.325
FOXED_p_TCGA_b122_128_SNP_N_GenomeWideSNP_6_B06_781760	12	58730151	58730162	2	-1.4681
FOXED_p_TCGA_b122_128_SNP_N_GenomeWideSNP_6_B06_781760	12	58730848	133778189	49358	0.3222
FOXED_p_TCGA_b122_128_SNP_N_GenomeWideSNP_6_B06_781760	13	19026949	51545054	22716	-0.015
FOXED_p_TCGA_b122_128_SNP_N_GenomeWideSNP_6_B06_781760	13	51546911	51549198	2	2.3479
FOXED_p_TCGA_b122_128_SNP_N_GenomeWideSNP_6_B06_781760	13	51549557	72476988	12459	-0.0031
FOXED_p_TCGA_b122_128_SNP_N_GenomeWideSNP_6_B06_781760	13	72477555	72480605	5	1.3777
FOXED_p_TCGA_b122_128_SNP_N_GenomeWideSNP_6_B06_781760	13	72486483	85303350	8653	0.0014
FOXED_p_TCGA_b122_128_SNP_N_GenomeWideSNP_6_B06_781760	13	85304183	85307262	2	-1.4786
FOXED_p_TCGA_b122_128_SNP_N_GenomeWideSNP_6_B06_781760	13	85307411	115108397	20506	-0.0076
FOXED_p_TCGA_b122_128_SNP_N_GenomeWideSNP_6_B06_781760	14	19002124	19464193	37	0.0766
FOXED_p_TCGA_b122_128_SNP_N_GenomeWideSNP_6_B06_781760	14	19469520	20422583	152	-0.355
FOXED_p_TCGA_b122_128_SNP_N_GenomeWideSNP_6_B06_781760	14	20423372	106751284	55084	-0.0077
FOXED_p_TCGA_b122_128_SNP_N_GenomeWideSNP_6_B06_781760	14	106753859	106753867	3	1.8588
FOXED_p_TCGA_b122_128_SNP_N_GenomeWideSNP_6_B06_781760	14	106754003	106777343	14	0.1209
FOXED_p_TCGA_b122_128_SNP_N_GenomeWideSNP_6_B06_781760	14	106783044	106821736	12	1.0347
FOXED_p_TCGA_b122_128_SNP_N_GenomeWideSNP_6_B06_781760	14	106825916	107145272	206	0.1075
FOXED_p_TCGA_b122_128_SNP_N_GenomeWideSNP_6_B06_781760	14	107145564	107184466	31	-0.3405
FOXED_p_TCGA_b122_128_SNP_N_GenomeWideSNP_6_B06_781760	14	107184483	107285437	66	-0.0015
FOXED_p_TCGA_b122_128_SNP_N_GenomeWideSNP_6_B06_781760	15	20016328	20206939	48	0.1532
FOXED_p_TCGA_b122_128_SNP_N_GenomeWideSNP_6_B06_781760	15	20216955	20262236	5	-1.9955
FOXED_p_TCGA_b122_128_SNP_N_GenomeWideSNP_6_B06_781760	15	20264286	22587474	369	-0.6575
FOXED_p_TCGA_b122_128_SNP_N_GenomeWideSNP_6_B06_781760	15	22673399	24556674	966	0.0059
FOXED_p_TCGA_b122_128_SNP_N_GenomeWideSNP_6_B06_781760	15	24557041	24778891	105	0.5244
FOXED_p_TCGA_b122_128_SNP_N_GenomeWideSNP_6_B06_781760	15	24782267	76878362	32884	-0.0086
FOXED_p_TCGA_b122_128_SNP_N_GenomeWideSNP_6_B06_781760	15	76891241	76895775	22	0.9514
FOXED_p_TCGA_b122_128_SNP_N_GenomeWideSNP_6_B06_781760	15	76902179	82695702	3656	-4e-04
FOXED_p_TCGA_b122_128_SNP_N_GenomeWideSNP_6_B06_781760	15	82895028	83108839	12	0.7011
FOXED_p_TCGA_b122_128_SNP_N_GenomeWideSNP_6_B06_781760	15	83169549	102469040	14024	-0.0101
FOXED_p_TCGA_b122_128_SNP_N_GenomeWideSNP_6_B06_781760	16	60777	6846271	4172	-0.017
FOXED_p_TCGA_b122_128_SNP_N_GenomeWideSNP_6_B06_781760	16	6848188	6851695	3	1.481
FOXED_p_TCGA_b122_128_SNP_N_GenomeWideSNP_6_B06_781760	16	6852187	7012472	169	-0.0531
FOXED_p_TCGA_b122_128_SNP_N_GenomeWideSNP_6_B06_781760	16	7013200	7013568	2	1.5206
FOXED_p_TCGA_b122_128_SNP_N_GenomeWideSNP_6_B06_781760	16	7015770	16377662	7448	-0.0121
FOXED_p_TCGA_b122_128_SNP_N_GenomeWideSNP_6_B06_781760	16	16513091	16529591	4	-1.2651
FOXED_p_TCGA_b122_128_SNP_N_GenomeWideSNP_6_B06_781760	16	16543819	19943026	1736	0.0046
FOXED_p_TCGA_b122_128_SNP_N_GenomeWideSNP_6_B06_781760	16	19944000	19965832	29	0.3581
FOXED_p_TCGA_b122_128_SNP_N_GenomeWideSNP_6_B06_781760	16	19965875	22588050	1306	-0.0187
FOXED_p_TCGA_b122_128_SNP_N_GenomeWideSNP_6_B06_781760	16	22590878	22703862	62	0.2477
FOXED_p_TCGA_b122_128_SNP_N_GenomeWideSNP_6_B06_781760	16	22704520	29345440	4260	-0.0369
FOXED_p_TCGA_b122_128_SNP_N_GenomeWideSNP_6_B06_781760	16	29347129	29358351	4	1.3947
FOXED_p_TCGA_b122_128_SNP_N_GenomeWideSNP_6_B06_781760	16	29358364	32113692	910	-0.0042
FOXED_p_TCGA_b122_128_SNP_N_GenomeWideSNP_6_B06_781760	16	32124331	33241953	152	0.2399
FOXED_p_TCGA_b122_128_SNP_N_GenomeWideSNP_6_B06_781760	16	33300894	33644292	92	0.6134
FOXED_p_TCGA_b122_128_SNP_N_GenomeWideSNP_6_B06_781760	16	33645338	78371608	21445	-0.014
FOXED_p_TCGA_b122_128_SNP_N_GenomeWideSNP_6_B06_781760	16	78372440	78384738	16	-2.6612
FOXED_p_TCGA_b122_128_SNP_N_GenomeWideSNP_6_B06_781760	16	78384765	78839356	589	-0.0592
FOXED_p_TCGA_b122_128_SNP_N_GenomeWideSNP_6_B06_781760	16	78839617	78840423	2	-2.0596
FOXED_p_TCGA_b122_128_SNP_N_GenomeWideSNP_6_B06_781760	16	78840745	78940747	158	-0.0282
FOXED_p_TCGA_b122_128_SNP_N_GenomeWideSNP_6_B06_781760	16	78946063	78950741	7	-1.6884
FOXED_p_TCGA_b122_128_SNP_N_GenomeWideSNP_6_B06_781760	16	78951053	83793995	5374	-0.0163
FOXED_p_TCGA_b122_128_SNP_N_GenomeWideSNP_6_B06_781760	16	83793997	83794006	2	-1.6051
FOXED_p_TCGA_b122_128_SNP_N_GenomeWideSNP_6_B06_781760	16	83794024	88637783	3847	-0.0188
FOXED_p_TCGA_b122_128_SNP_N_GenomeWideSNP_6_B06_781760	16	88637796	88645817	4	1.3444
FOXED_p_TCGA_b122_128_SNP_N_GenomeWideSNP_6_B06_781760	16	88646133	90287535	665	-0.0323
FOXED_p_TCGA_b122_128_SNP_N_GenomeWideSNP_6_B06_781760	17	526	35161137	18748	-0.0171
FOXED_p_TCGA_b122_128_SNP_N_GenomeWideSNP_6_B06_781760	17	35162839	35169199	3	-1.2904
FOXED_p_TCGA_b122_128_SNP_N_GenomeWideSNP_6_B06_781760	17	35171032	39423090	2236	-0.0097
FOXED_p_TCGA_b122_128_SNP_N_GenomeWideSNP_6_B06_781760	17	39423103	39423486	8	1.0144
FOXED_p_TCGA_b122_128_SNP_N_GenomeWideSNP_6_B06_781760	17	39427850	39430157	7	0.2749
FOXED_p_TCGA_b122_128_SNP_N_GenomeWideSNP_6_B06_781760	17	39430173	39430450	3	3.1648
FOXED_p_TCGA_b122_128_SNP_N_GenomeWideSNP_6_B06_781760	17	39430531	44311975	2624	-0.0159
FOXED_p_TCGA_b122_128_SNP_N_GenomeWideSNP_6_B06_781760	17	44325554	44784982	65	0.4216
FOXED_p_TCGA_b122_128_SNP_N_GenomeWideSNP_6_B06_781760	17	44785682	46477349	886	-0.0276
FOXED_p_TCGA_b122_128_SNP_N_GenomeWideSNP_6_B06_781760	17	46479456	46485442	2	1.4169
FOXED_p_TCGA_b122_128_SNP_N_GenomeWideSNP_6_B06_781760	17	46485603	68886613	13621	-0.0157
FOXED_p_TCGA_b122_128_SNP_N_GenomeWideSNP_6_B06_781760	17	68891829	68892350	3	-1.4677
FOXED_p_TCGA_b122_128_SNP_N_GenomeWideSNP_6_B06_781760	17	68893098	81049726	7116	-0.0075
FOXED_p_TCGA_b122_128_SNP_N_GenomeWideSNP_6_B06_781760	18	11543	69321293	44455	-0.0086
FOXED_p_TCGA_b122_128_SNP_N_GenomeWideSNP_6_B06_781760	18	69322280	69322748	2	1.7291
FOXED_p_TCGA_b122_128_SNP_N_GenomeWideSNP_6_B06_781760	18	69327605	78015057	6387	-0.0177
FOXED_p_TCGA_b122_128_SNP_N_GenomeWideSNP_6_B06_781760	19	90910	9273800	3414	-0.0234
FOXED_p_TCGA_b122_128_SNP_N_GenomeWideSNP_6_B06_781760	19	9274672	9278121	5	-3.0193
FOXED_p_TCGA_b122_128_SNP_N_GenomeWideSNP_6_B06_781760	19	9284760	59097854	25943	-0.0203
FOXED_p_TCGA_b122_128_SNP_N_GenomeWideSNP_6_B06_781760	20	61305	706823	485	0.0079
FOXED_p_TCGA_b122_128_SNP_N_GenomeWideSNP_6_B06_781760	20	707598	707712	2	-1.2417
FOXED_p_TCGA_b122_128_SNP_N_GenomeWideSNP_6_B06_781760	20	711775	1560951	719	0.0042
FOXED_p_TCGA_b122_128_SNP_N_GenomeWideSNP_6_B06_781760	20	1560999	1597946	43	-0.371
FOXED_p_TCGA_b122_128_SNP_N_GenomeWideSNP_6_B06_781760	20	1598106	60548170	40292	-0.0075
FOXED_p_TCGA_b122_128_SNP_N_GenomeWideSNP_6_B06_781760	20	60559028	60559084	3	-1.0696
FOXED_p_TCGA_b122_128_SNP_N_GenomeWideSNP_6_B06_781760	20	60567750	62956153	978	-0.0209
FOXED_p_TCGA_b122_128_SNP_N_GenomeWideSNP_6_B06_781760	21	10736871	10956147	41	-0.2585
FOXED_p_TCGA_b122_128_SNP_N_GenomeWideSNP_6_B06_781760	21	10956149	17123855	1718	-0.011
FOXED_p_TCGA_b122_128_SNP_N_GenomeWideSNP_6_B06_781760	21	17124102	17126820	2	1.7408
FOXED_p_TCGA_b122_128_SNP_N_GenomeWideSNP_6_B06_781760	21	17130370	48096957	22667	-0.0155
FOXED_p_TCGA_b122_128_SNP_N_GenomeWideSNP_6_B06_781760	22	16052528	16102524	11	-0.6782
FOXED_p_TCGA_b122_128_SNP_N_GenomeWideSNP_6_B06_781760	22	16108143	18673357	1204	-0.0153
FOXED_p_TCGA_b122_128_SNP_N_GenomeWideSNP_6_B06_781760	22	18732919	18805861	8	-0.8607
FOXED_p_TCGA_b122_128_SNP_N_GenomeWideSNP_6_B06_781760	22	18810094	51234455	22347	-0.0186
FOXED_p_TCGA_b122_128_SNP_N_GenomeWideSNP_6_B06_781760	X	168477	47067411	28649	0.0138
FOXED_p_TCGA_b122_128_SNP_N_GenomeWideSNP_6_B06_781760	X	47067554	47070261	3	-3.0005
FOXED_p_TCGA_b122_128_SNP_N_GenomeWideSNP_6_B06_781760	X	47070846	155182354	55823	0.0084
FOXED_p_TCGA_b122_128_SNP_N_GenomeWideSNP_6_B06_781760	Y	2650438	59018259	8634	-0.9225
