Sample	Chromosome	Start	End	Num_Probes	Segment_Mean
OWNED_p_TCGA_b102_105_SNP_N_GenomeWideSNP_6_C03_777112	1	61735	16869363	8714	0.1051
OWNED_p_TCGA_b102_105_SNP_N_GenomeWideSNP_6_C03_777112	1	16871278	17005776	44	-0.6873
OWNED_p_TCGA_b102_105_SNP_N_GenomeWideSNP_6_C03_777112	1	17005978	17016872	17	0.3343
OWNED_p_TCGA_b102_105_SNP_N_GenomeWideSNP_6_C03_777112	1	17016880	17248398	78	-0.2044
OWNED_p_TCGA_b102_105_SNP_N_GenomeWideSNP_6_C03_777112	1	17253375	25583341	5290	0.1227
OWNED_p_TCGA_b102_105_SNP_N_GenomeWideSNP_6_C03_777112	1	25593128	25611452	14	0.8101
OWNED_p_TCGA_b102_105_SNP_N_GenomeWideSNP_6_C03_777112	1	25616296	70964569	27689	0.1078
OWNED_p_TCGA_b102_105_SNP_N_GenomeWideSNP_6_C03_777112	1	70965286	70972133	5	-0.7252
OWNED_p_TCGA_b102_105_SNP_N_GenomeWideSNP_6_C03_777112	1	70972147	72768916	1168	0.0822
OWNED_p_TCGA_b102_105_SNP_N_GenomeWideSNP_6_C03_777112	1	72768936	72811133	44	-1.0681
OWNED_p_TCGA_b102_105_SNP_N_GenomeWideSNP_6_C03_777112	1	72811148	104159384	20079	0.0899
OWNED_p_TCGA_b102_105_SNP_N_GenomeWideSNP_6_C03_777112	1	104163499	104225568	14	-0.3982
OWNED_p_TCGA_b102_105_SNP_N_GenomeWideSNP_6_C03_777112	1	104239689	104303403	14	0.4622
OWNED_p_TCGA_b102_105_SNP_N_GenomeWideSNP_6_C03_777112	1	104303501	106019205	920	0.0748
OWNED_p_TCGA_b102_105_SNP_N_GenomeWideSNP_6_C03_777112	1	106019236	106022375	16	0.5145
OWNED_p_TCGA_b102_105_SNP_N_GenomeWideSNP_6_C03_777112	1	106024055	110232974	2668	0.1029
OWNED_p_TCGA_b102_105_SNP_N_GenomeWideSNP_6_C03_777112	1	110233037	110242953	17	0.8692
OWNED_p_TCGA_b102_105_SNP_N_GenomeWideSNP_6_C03_777112	1	110244998	112690326	1956	0.098
OWNED_p_TCGA_b102_105_SNP_N_GenomeWideSNP_6_C03_777112	1	112695965	112697012	18	-0.4326
OWNED_p_TCGA_b102_105_SNP_N_GenomeWideSNP_6_C03_777112	1	112697174	114831965	1335	0.1031
OWNED_p_TCGA_b102_105_SNP_N_GenomeWideSNP_6_C03_777112	1	114833626	114833710	2	-0.9658
OWNED_p_TCGA_b102_105_SNP_N_GenomeWideSNP_6_C03_777112	1	114833802	144949975	3983	0.1026
OWNED_p_TCGA_b102_105_SNP_N_GenomeWideSNP_6_C03_777112	1	144957688	145074553	45	-0.3373
OWNED_p_TCGA_b102_105_SNP_N_GenomeWideSNP_6_C03_777112	1	145079996	145151728	33	0.0715
OWNED_p_TCGA_b102_105_SNP_N_GenomeWideSNP_6_C03_777112	1	145151959	145152018	3	-0.6085
OWNED_p_TCGA_b102_105_SNP_N_GenomeWideSNP_6_C03_777112	1	145152050	152555706	2639	0.0866
OWNED_p_TCGA_b102_105_SNP_N_GenomeWideSNP_6_C03_777112	1	152555767	152586540	32	2.0528
OWNED_p_TCGA_b102_105_SNP_N_GenomeWideSNP_6_C03_777112	1	152586576	152762046	178	0.0945
OWNED_p_TCGA_b102_105_SNP_N_GenomeWideSNP_6_C03_777112	1	152762257	152768700	32	0.4929
OWNED_p_TCGA_b102_105_SNP_N_GenomeWideSNP_6_C03_777112	1	152773905	174796405	14864	0.1011
OWNED_p_TCGA_b102_105_SNP_N_GenomeWideSNP_6_C03_777112	1	174796556	174801840	16	-0.7198
OWNED_p_TCGA_b102_105_SNP_N_GenomeWideSNP_6_C03_777112	1	174801854	182082972	4944	0.0991
OWNED_p_TCGA_b102_105_SNP_N_GenomeWideSNP_6_C03_777112	1	182084976	182087336	6	-0.5868
OWNED_p_TCGA_b102_105_SNP_N_GenomeWideSNP_6_C03_777112	1	182087977	196812507	9804	0.0603
OWNED_p_TCGA_b102_105_SNP_N_GenomeWideSNP_6_C03_777112	1	196812530	196815791	2	-2.6336
OWNED_p_TCGA_b102_105_SNP_N_GenomeWideSNP_6_C03_777112	1	196816730	222366668	17427	0.0605
OWNED_p_TCGA_b102_105_SNP_N_GenomeWideSNP_6_C03_777112	1	222374834	222377004	2	-2.8254
OWNED_p_TCGA_b102_105_SNP_N_GenomeWideSNP_6_C03_777112	1	222382134	249224388	18493	0.0686
OWNED_p_TCGA_b102_105_SNP_N_GenomeWideSNP_6_C03_777112	2	12784	34691069	24092	0.0822
OWNED_p_TCGA_b102_105_SNP_N_GenomeWideSNP_6_C03_777112	2	34699315	34737163	47	0.6174
OWNED_p_TCGA_b102_105_SNP_N_GenomeWideSNP_6_C03_777112	2	34737556	84725380	33708	0.0879
OWNED_p_TCGA_b102_105_SNP_N_GenomeWideSNP_6_C03_777112	2	84725833	84732634	5	-0.4829
OWNED_p_TCGA_b102_105_SNP_N_GenomeWideSNP_6_C03_777112	2	84733314	98118212	3422	0.0819
OWNED_p_TCGA_b102_105_SNP_N_GenomeWideSNP_6_C03_777112	2	98140747	98161710	8	-0.7595
OWNED_p_TCGA_b102_105_SNP_N_GenomeWideSNP_6_C03_777112	2	98162189	106880095	5576	0.0868
OWNED_p_TCGA_b102_105_SNP_N_GenomeWideSNP_6_C03_777112	2	106880713	106887255	12	0.5645
OWNED_p_TCGA_b102_105_SNP_N_GenomeWideSNP_6_C03_777112	2	106887408	133021237	15062	0.0892
OWNED_p_TCGA_b102_105_SNP_N_GenomeWideSNP_6_C03_777112	2	133034377	133117260	33	0.4609
OWNED_p_TCGA_b102_105_SNP_N_GenomeWideSNP_6_C03_777112	2	133121946	243089456	67990	0.0857
OWNED_p_TCGA_b102_105_SNP_N_GenomeWideSNP_6_C03_777112	3	60345	6317359	5580	0.041
OWNED_p_TCGA_b102_105_SNP_N_GenomeWideSNP_6_C03_777112	3	6319263	6335472	19	0.6689
OWNED_p_TCGA_b102_105_SNP_N_GenomeWideSNP_6_C03_777112	3	6338436	61047277	36245	0.0661
OWNED_p_TCGA_b102_105_SNP_N_GenomeWideSNP_6_C03_777112	3	61047401	61356250	253	-0.2297
OWNED_p_TCGA_b102_105_SNP_N_GenomeWideSNP_6_C03_777112	3	61356490	68746284	5737	0.0721
OWNED_p_TCGA_b102_105_SNP_N_GenomeWideSNP_6_C03_777112	3	68746446	68747413	12	-0.4392
OWNED_p_TCGA_b102_105_SNP_N_GenomeWideSNP_6_C03_777112	3	68748758	75421170	4870	0.0512
OWNED_p_TCGA_b102_105_SNP_N_GenomeWideSNP_6_C03_777112	3	75427107	75639507	73	-1.2092
OWNED_p_TCGA_b102_105_SNP_N_GenomeWideSNP_6_C03_777112	3	75645384	129786209	29786	0.0527
OWNED_p_TCGA_b102_105_SNP_N_GenomeWideSNP_6_C03_777112	3	129786286	129792995	30	-1.6625
OWNED_p_TCGA_b102_105_SNP_N_GenomeWideSNP_6_C03_777112	3	129793446	129793654	3	-3.6535
OWNED_p_TCGA_b102_105_SNP_N_GenomeWideSNP_6_C03_777112	3	129793973	129806236	12	-1.3353
OWNED_p_TCGA_b102_105_SNP_N_GenomeWideSNP_6_C03_777112	3	129806924	133541774	2473	0.0563
OWNED_p_TCGA_b102_105_SNP_N_GenomeWideSNP_6_C03_777112	3	133543794	133543917	2	-1.16
OWNED_p_TCGA_b102_105_SNP_N_GenomeWideSNP_6_C03_777112	3	133546067	135219964	1140	0.0401
OWNED_p_TCGA_b102_105_SNP_N_GenomeWideSNP_6_C03_777112	3	135222642	135222871	2	-1.5589
OWNED_p_TCGA_b102_105_SNP_N_GenomeWideSNP_6_C03_777112	3	135223322	136019099	412	0.0591
OWNED_p_TCGA_b102_105_SNP_N_GenomeWideSNP_6_C03_777112	3	136022951	136025426	2	-1.4675
OWNED_p_TCGA_b102_105_SNP_N_GenomeWideSNP_6_C03_777112	3	136038541	162508268	16246	0.0554
OWNED_p_TCGA_b102_105_SNP_N_GenomeWideSNP_6_C03_777112	3	162512657	162625995	70	-0.7508
OWNED_p_TCGA_b102_105_SNP_N_GenomeWideSNP_6_C03_777112	3	162626572	179773302	10666	0.0565
OWNED_p_TCGA_b102_105_SNP_N_GenomeWideSNP_6_C03_777112	3	179773493	179776201	2	-1.4816
OWNED_p_TCGA_b102_105_SNP_N_GenomeWideSNP_6_C03_777112	3	179776782	192874747	8521	0.0608
OWNED_p_TCGA_b102_105_SNP_N_GenomeWideSNP_6_C03_777112	3	192877902	192882757	16	-0.3989
OWNED_p_TCGA_b102_105_SNP_N_GenomeWideSNP_6_C03_777112	3	192882772	194660610	1190	0.0809
OWNED_p_TCGA_b102_105_SNP_N_GenomeWideSNP_6_C03_777112	3	194661953	194669596	2	-1.1501
OWNED_p_TCGA_b102_105_SNP_N_GenomeWideSNP_6_C03_777112	3	194673626	197896118	1518	0.067
OWNED_p_TCGA_b102_105_SNP_N_GenomeWideSNP_6_C03_777112	4	12281	66719	58	-0.6132
OWNED_p_TCGA_b102_105_SNP_N_GenomeWideSNP_6_C03_777112	4	68821	10210390	5740	-0.2465
OWNED_p_TCGA_b102_105_SNP_N_GenomeWideSNP_6_C03_777112	4	10223416	10235007	32	0.2475
OWNED_p_TCGA_b102_105_SNP_N_GenomeWideSNP_6_C03_777112	4	10235166	34786500	16982	-0.2285
OWNED_p_TCGA_b102_105_SNP_N_GenomeWideSNP_6_C03_777112	4	34786955	34816071	30	-0.5477
OWNED_p_TCGA_b102_105_SNP_N_GenomeWideSNP_6_C03_777112	4	34818480	34824725	7	-1.0476
OWNED_p_TCGA_b102_105_SNP_N_GenomeWideSNP_6_C03_777112	4	34829872	40700573	3884	-0.2084
OWNED_p_TCGA_b102_105_SNP_N_GenomeWideSNP_6_C03_777112	4	40704011	40704192	3	-1.9949
OWNED_p_TCGA_b102_105_SNP_N_GenomeWideSNP_6_C03_777112	4	40704687	104745571	37063	-0.2221
OWNED_p_TCGA_b102_105_SNP_N_GenomeWideSNP_6_C03_777112	4	104751630	104751637	5	0.6713
OWNED_p_TCGA_b102_105_SNP_N_GenomeWideSNP_6_C03_777112	4	104751644	115173700	6305	-0.2169
OWNED_p_TCGA_b102_105_SNP_N_GenomeWideSNP_6_C03_777112	4	115175323	115182175	23	-1.1421
OWNED_p_TCGA_b102_105_SNP_N_GenomeWideSNP_6_C03_777112	4	115184229	172369346	34708	-0.2247
OWNED_p_TCGA_b102_105_SNP_N_GenomeWideSNP_6_C03_777112	4	172374884	172377776	12	0.6668
OWNED_p_TCGA_b102_105_SNP_N_GenomeWideSNP_6_C03_777112	4	172380371	172989373	401	-0.2467
OWNED_p_TCGA_b102_105_SNP_N_GenomeWideSNP_6_C03_777112	4	172989408	172989505	5	-1.5704
OWNED_p_TCGA_b102_105_SNP_N_GenomeWideSNP_6_C03_777112	4	172989519	191027923	12113	-0.2384
OWNED_p_TCGA_b102_105_SNP_N_GenomeWideSNP_6_C03_777112	5	15532	18449661	13982	0.2356
OWNED_p_TCGA_b102_105_SNP_N_GenomeWideSNP_6_C03_777112	5	18450614	18454010	2	-0.7725
OWNED_p_TCGA_b102_105_SNP_N_GenomeWideSNP_6_C03_777112	5	18458550	21376844	1741	0.1956
OWNED_p_TCGA_b102_105_SNP_N_GenomeWideSNP_6_C03_777112	5	21377839	21377853	2	-1.3985
OWNED_p_TCGA_b102_105_SNP_N_GenomeWideSNP_6_C03_777112	5	21386066	21449276	45	0.1289
OWNED_p_TCGA_b102_105_SNP_N_GenomeWideSNP_6_C03_777112	5	21451200	21452438	5	-0.916
OWNED_p_TCGA_b102_105_SNP_N_GenomeWideSNP_6_C03_777112	5	21452496	46191884	14997	0.3131
OWNED_p_TCGA_b102_105_SNP_N_GenomeWideSNP_6_C03_777112	5	46195883	46199435	4	-1.0744
OWNED_p_TCGA_b102_105_SNP_N_GenomeWideSNP_6_C03_777112	5	46209299	46271108	15	0.3041
OWNED_p_TCGA_b102_105_SNP_N_GenomeWideSNP_6_C03_777112	5	46271930	46273502	6	1.3878
OWNED_p_TCGA_b102_105_SNP_N_GenomeWideSNP_6_C03_777112	5	46278212	46386392	18	0.2269
OWNED_p_TCGA_b102_105_SNP_N_GenomeWideSNP_6_C03_777112	5	46389273	98753247	28980	-0.2276
OWNED_p_TCGA_b102_105_SNP_N_GenomeWideSNP_6_C03_777112	5	98753411	98759032	5	-1.3395
OWNED_p_TCGA_b102_105_SNP_N_GenomeWideSNP_6_C03_777112	5	98767744	180509910	53118	-0.2362
OWNED_p_TCGA_b102_105_SNP_N_GenomeWideSNP_6_C03_777112	5	180510947	180552412	23	0.3344
OWNED_p_TCGA_b102_105_SNP_N_GenomeWideSNP_6_C03_777112	5	180553222	180608617	34	0.7494
OWNED_p_TCGA_b102_105_SNP_N_GenomeWideSNP_6_C03_777112	5	180612926	180790320	57	0.2941
OWNED_p_TCGA_b102_105_SNP_N_GenomeWideSNP_6_C03_777112	6	149661	294837	123	0.0785
OWNED_p_TCGA_b102_105_SNP_N_GenomeWideSNP_6_C03_777112	6	302306	381149	78	-0.27
OWNED_p_TCGA_b102_105_SNP_N_GenomeWideSNP_6_C03_777112	6	382559	29849037	21547	0.0819
OWNED_p_TCGA_b102_105_SNP_N_GenomeWideSNP_6_C03_777112	6	29849101	29898897	18	-0.5165
OWNED_p_TCGA_b102_105_SNP_N_GenomeWideSNP_6_C03_777112	6	29899677	31273703	656	0.1112
OWNED_p_TCGA_b102_105_SNP_N_GenomeWideSNP_6_C03_777112	6	31277686	31296451	13	-0.4352
OWNED_p_TCGA_b102_105_SNP_N_GenomeWideSNP_6_C03_777112	6	31309924	32454523	509	0.0938
OWNED_p_TCGA_b102_105_SNP_N_GenomeWideSNP_6_C03_777112	6	32456683	32602107	51	0.5492
OWNED_p_TCGA_b102_105_SNP_N_GenomeWideSNP_6_C03_777112	6	32602269	53931067	13749	0.0926
OWNED_p_TCGA_b102_105_SNP_N_GenomeWideSNP_6_C03_777112	6	53931084	53931855	8	1.0751
OWNED_p_TCGA_b102_105_SNP_N_GenomeWideSNP_6_C03_777112	6	53935348	66399482	5049	0.0761
OWNED_p_TCGA_b102_105_SNP_N_GenomeWideSNP_6_C03_777112	6	66399537	66407127	24	-0.3608
OWNED_p_TCGA_b102_105_SNP_N_GenomeWideSNP_6_C03_777112	6	66407210	74591858	5439	0.0641
OWNED_p_TCGA_b102_105_SNP_N_GenomeWideSNP_6_C03_777112	6	74592225	74601410	10	1.0858
OWNED_p_TCGA_b102_105_SNP_N_GenomeWideSNP_6_C03_777112	6	74603555	77436159	1767	0.088
OWNED_p_TCGA_b102_105_SNP_N_GenomeWideSNP_6_C03_777112	6	77436532	77452757	22	-0.6543
OWNED_p_TCGA_b102_105_SNP_N_GenomeWideSNP_6_C03_777112	6	77461073	78971834	986	0.0584
OWNED_p_TCGA_b102_105_SNP_N_GenomeWideSNP_6_C03_777112	6	78972088	79035174	105	0.357
OWNED_p_TCGA_b102_105_SNP_N_GenomeWideSNP_6_C03_777112	6	79035185	86702090	4821	0.0812
OWNED_p_TCGA_b102_105_SNP_N_GenomeWideSNP_6_C03_777112	6	86705255	86705922	3	-1.1945
OWNED_p_TCGA_b102_105_SNP_N_GenomeWideSNP_6_C03_777112	6	86708248	103725407	10649	0.0638
OWNED_p_TCGA_b102_105_SNP_N_GenomeWideSNP_6_C03_777112	6	103725500	103762049	56	0.3129
OWNED_p_TCGA_b102_105_SNP_N_GenomeWideSNP_6_C03_777112	6	103762061	104462268	445	0.0573
OWNED_p_TCGA_b102_105_SNP_N_GenomeWideSNP_6_C03_777112	6	104467061	104468144	4	-1.241
OWNED_p_TCGA_b102_105_SNP_N_GenomeWideSNP_6_C03_777112	6	104469545	110394906	3782	0.0959
OWNED_p_TCGA_b102_105_SNP_N_GenomeWideSNP_6_C03_777112	6	110396191	110413237	18	-1.1901
OWNED_p_TCGA_b102_105_SNP_N_GenomeWideSNP_6_C03_777112	6	110415428	171051005	39973	0.0763
OWNED_p_TCGA_b102_105_SNP_N_GenomeWideSNP_6_C03_777112	7	43355	148300	91	0.37
OWNED_p_TCGA_b102_105_SNP_N_GenomeWideSNP_6_C03_777112	7	155066	158626	10	-0.4627
OWNED_p_TCGA_b102_105_SNP_N_GenomeWideSNP_6_C03_777112	7	161442	53218912	37607	0.3653
OWNED_p_TCGA_b102_105_SNP_N_GenomeWideSNP_6_C03_777112	7	53222388	53224572	4	-0.549
OWNED_p_TCGA_b102_105_SNP_N_GenomeWideSNP_6_C03_777112	7	53225289	54380373	846	0.333
OWNED_p_TCGA_b102_105_SNP_N_GenomeWideSNP_6_C03_777112	7	54386505	54386517	6	-1.4853
OWNED_p_TCGA_b102_105_SNP_N_GenomeWideSNP_6_C03_777112	7	54393488	56866924	1610	0.3632
OWNED_p_TCGA_b102_105_SNP_N_GenomeWideSNP_6_C03_777112	7	56914450	57197823	35	-0.013
OWNED_p_TCGA_b102_105_SNP_N_GenomeWideSNP_6_C03_777112	7	57198661	64568852	1490	0.2797
OWNED_p_TCGA_b102_105_SNP_N_GenomeWideSNP_6_C03_777112	7	64594065	64637128	7	0.9705
OWNED_p_TCGA_b102_105_SNP_N_GenomeWideSNP_6_C03_777112	7	64638157	76153348	5344	0.336
OWNED_p_TCGA_b102_105_SNP_N_GenomeWideSNP_6_C03_777112	7	76153363	76161297	3	-0.7386
OWNED_p_TCGA_b102_105_SNP_N_GenomeWideSNP_6_C03_777112	7	76161308	126045482	30376	0.341
OWNED_p_TCGA_b102_105_SNP_N_GenomeWideSNP_6_C03_777112	7	126045556	126046615	11	0.9694
OWNED_p_TCGA_b102_105_SNP_N_GenomeWideSNP_6_C03_777112	7	126046876	133785195	4706	0.3519
OWNED_p_TCGA_b102_105_SNP_N_GenomeWideSNP_6_C03_777112	7	133785211	133790443	22	0.6813
OWNED_p_TCGA_b102_105_SNP_N_GenomeWideSNP_6_C03_777112	7	133795634	142474939	5697	0.3457
OWNED_p_TCGA_b102_105_SNP_N_GenomeWideSNP_6_C03_777112	7	142476719	142479665	7	-3.0598
OWNED_p_TCGA_b102_105_SNP_N_GenomeWideSNP_6_C03_777112	7	142479722	142486045	20	-1.3767
OWNED_p_TCGA_b102_105_SNP_N_GenomeWideSNP_6_C03_777112	7	142486115	153147638	6462	0.3406
OWNED_p_TCGA_b102_105_SNP_N_GenomeWideSNP_6_C03_777112	7	153147645	153147712	2	-1.4977
OWNED_p_TCGA_b102_105_SNP_N_GenomeWideSNP_6_C03_777112	7	153147715	159127004	4113	0.3591
OWNED_p_TCGA_b102_105_SNP_N_GenomeWideSNP_6_C03_777112	8	31254	11992286	11253	-0.7096
OWNED_p_TCGA_b102_105_SNP_N_GenomeWideSNP_6_C03_777112	8	11997095	12478191	123	-0.3839
OWNED_p_TCGA_b102_105_SNP_N_GenomeWideSNP_6_C03_777112	8	12480678	15975008	3278	-0.6755
OWNED_p_TCGA_b102_105_SNP_N_GenomeWideSNP_6_C03_777112	8	15975109	15975574	2	-2.6304
OWNED_p_TCGA_b102_105_SNP_N_GenomeWideSNP_6_C03_777112	8	15975654	24972187	7085	-0.6812
OWNED_p_TCGA_b102_105_SNP_N_GenomeWideSNP_6_C03_777112	8	24974443	24984250	26	0.0866
OWNED_p_TCGA_b102_105_SNP_N_GenomeWideSNP_6_C03_777112	8	24984333	38087324	8378	-0.6664
OWNED_p_TCGA_b102_105_SNP_N_GenomeWideSNP_6_C03_777112	8	38094483	38291212	118	0.5426
OWNED_p_TCGA_b102_105_SNP_N_GenomeWideSNP_6_C03_777112	8	38291323	38291492	8	0.1311
OWNED_p_TCGA_b102_105_SNP_N_GenomeWideSNP_6_C03_777112	8	38291947	39230325	498	0.5921
OWNED_p_TCGA_b102_105_SNP_N_GenomeWideSNP_6_C03_777112	8	39230659	39389015	62	0.9501
OWNED_p_TCGA_b102_105_SNP_N_GenomeWideSNP_6_C03_777112	8	39389029	42153565	1922	0.567
OWNED_p_TCGA_b102_105_SNP_N_GenomeWideSNP_6_C03_777112	8	42153581	42155830	5	-0.038
OWNED_p_TCGA_b102_105_SNP_N_GenomeWideSNP_6_C03_777112	8	42155987	72212365	15977	0.5455
OWNED_p_TCGA_b102_105_SNP_N_GenomeWideSNP_6_C03_777112	8	72215311	72216599	9	-1.5311
OWNED_p_TCGA_b102_105_SNP_N_GenomeWideSNP_6_C03_777112	8	72219863	84959054	7789	0.553
OWNED_p_TCGA_b102_105_SNP_N_GenomeWideSNP_6_C03_777112	8	84959471	84962337	2	-0.7076
OWNED_p_TCGA_b102_105_SNP_N_GenomeWideSNP_6_C03_777112	8	84965998	90453776	3036	0.5413
OWNED_p_TCGA_b102_105_SNP_N_GenomeWideSNP_6_C03_777112	8	90464580	90580943	57	0.3173
OWNED_p_TCGA_b102_105_SNP_N_GenomeWideSNP_6_C03_777112	8	90581659	144295782	35523	0.5581
OWNED_p_TCGA_b102_105_SNP_N_GenomeWideSNP_6_C03_777112	8	144299106	144310617	16	0.0388
OWNED_p_TCGA_b102_105_SNP_N_GenomeWideSNP_6_C03_777112	8	144314377	146298155	633	0.5813
OWNED_p_TCGA_b102_105_SNP_N_GenomeWideSNP_6_C03_777112	9	46587	2443766	2657	-0.2235
OWNED_p_TCGA_b102_105_SNP_N_GenomeWideSNP_6_C03_777112	9	2447896	2881608	406	0.1293
OWNED_p_TCGA_b102_105_SNP_N_GenomeWideSNP_6_C03_777112	9	2882523	2893646	9	-0.2112
OWNED_p_TCGA_b102_105_SNP_N_GenomeWideSNP_6_C03_777112	9	2897034	3311334	421	0.8029
OWNED_p_TCGA_b102_105_SNP_N_GenomeWideSNP_6_C03_777112	9	3312131	3510568	105	0.5318
OWNED_p_TCGA_b102_105_SNP_N_GenomeWideSNP_6_C03_777112	9	3516555	3561910	17	0.9162
OWNED_p_TCGA_b102_105_SNP_N_GenomeWideSNP_6_C03_777112	9	3562232	3602811	34	1.1848
OWNED_p_TCGA_b102_105_SNP_N_GenomeWideSNP_6_C03_777112	9	3602890	3646534	22	0.8332
OWNED_p_TCGA_b102_105_SNP_N_GenomeWideSNP_6_C03_777112	9	3648334	4349212	832	-0.229
OWNED_p_TCGA_b102_105_SNP_N_GenomeWideSNP_6_C03_777112	9	4353554	4444412	94	0.1232
OWNED_p_TCGA_b102_105_SNP_N_GenomeWideSNP_6_C03_777112	9	4444994	4764210	295	-0.2164
OWNED_p_TCGA_b102_105_SNP_N_GenomeWideSNP_6_C03_777112	9	4772328	4896447	127	0.1033
OWNED_p_TCGA_b102_105_SNP_N_GenomeWideSNP_6_C03_777112	9	4903308	5164790	317	0.7713
OWNED_p_TCGA_b102_105_SNP_N_GenomeWideSNP_6_C03_777112	9	5169598	5191128	14	-0.2398
OWNED_p_TCGA_b102_105_SNP_N_GenomeWideSNP_6_C03_777112	9	5191430	5202830	15	0.2264
OWNED_p_TCGA_b102_105_SNP_N_GenomeWideSNP_6_C03_777112	9	5203054	6788085	1074	-0.2076
OWNED_p_TCGA_b102_105_SNP_N_GenomeWideSNP_6_C03_777112	9	6795052	6878612	77	0.8958
OWNED_p_TCGA_b102_105_SNP_N_GenomeWideSNP_6_C03_777112	9	6884704	6942146	55	0.5749
OWNED_p_TCGA_b102_105_SNP_N_GenomeWideSNP_6_C03_777112	9	6942259	7329786	466	0.1832
OWNED_p_TCGA_b102_105_SNP_N_GenomeWideSNP_6_C03_777112	9	7330203	8115564	777	-0.2519
OWNED_p_TCGA_b102_105_SNP_N_GenomeWideSNP_6_C03_777112	9	8115949	8143420	37	0.1104
OWNED_p_TCGA_b102_105_SNP_N_GenomeWideSNP_6_C03_777112	9	8143686	8148244	8	0.5636
OWNED_p_TCGA_b102_105_SNP_N_GenomeWideSNP_6_C03_777112	9	8153503	8548429	399	-0.2291
OWNED_p_TCGA_b102_105_SNP_N_GenomeWideSNP_6_C03_777112	9	8552747	8558709	8	0.8495
OWNED_p_TCGA_b102_105_SNP_N_GenomeWideSNP_6_C03_777112	9	8562056	22492889	11596	-0.2143
OWNED_p_TCGA_b102_105_SNP_N_GenomeWideSNP_6_C03_777112	9	22501913	22502699	2	-3.1786
OWNED_p_TCGA_b102_105_SNP_N_GenomeWideSNP_6_C03_777112	9	22509340	23361805	579	-0.1869
OWNED_p_TCGA_b102_105_SNP_N_GenomeWideSNP_6_C03_777112	9	23363115	23379719	10	0.4185
OWNED_p_TCGA_b102_105_SNP_N_GenomeWideSNP_6_C03_777112	9	23380445	44996432	11043	-0.2156
OWNED_p_TCGA_b102_105_SNP_N_GenomeWideSNP_6_C03_777112	9	45054940	45112376	6	-0.8401
OWNED_p_TCGA_b102_105_SNP_N_GenomeWideSNP_6_C03_777112	9	45113522	68183981	134	-0.1347
OWNED_p_TCGA_b102_105_SNP_N_GenomeWideSNP_6_C03_777112	9	68186051	68188547	8	0.8753
OWNED_p_TCGA_b102_105_SNP_N_GenomeWideSNP_6_C03_777112	9	68209916	71985636	1055	-0.2036
OWNED_p_TCGA_b102_105_SNP_N_GenomeWideSNP_6_C03_777112	9	71986805	71987327	2	-2.1047
OWNED_p_TCGA_b102_105_SNP_N_GenomeWideSNP_6_C03_777112	9	71991318	141091394	47127	-0.2201
OWNED_p_TCGA_b102_105_SNP_N_GenomeWideSNP_6_C03_777112	10	72759	18173963	14892	0.0766
OWNED_p_TCGA_b102_105_SNP_N_GenomeWideSNP_6_C03_777112	10	18185123	18199813	3	-1.4528
OWNED_p_TCGA_b102_105_SNP_N_GenomeWideSNP_6_C03_777112	10	18223647	18256874	22	0.1024
OWNED_p_TCGA_b102_105_SNP_N_GenomeWideSNP_6_C03_777112	10	18257170	18258293	3	-0.8136
OWNED_p_TCGA_b102_105_SNP_N_GenomeWideSNP_6_C03_777112	10	18264625	24377674	4313	0.0709
OWNED_p_TCGA_b102_105_SNP_N_GenomeWideSNP_6_C03_777112	10	24377675	24378054	10	0.9924
OWNED_p_TCGA_b102_105_SNP_N_GenomeWideSNP_6_C03_777112	10	24378908	48771950	12982	0.0681
OWNED_p_TCGA_b102_105_SNP_N_GenomeWideSNP_6_C03_777112	10	48837810	48840627	2	2.1464
OWNED_p_TCGA_b102_105_SNP_N_GenomeWideSNP_6_C03_777112	10	48883402	51817644	1470	0.055
OWNED_p_TCGA_b102_105_SNP_N_GenomeWideSNP_6_C03_777112	10	51818485	51891920	8	-0.5578
OWNED_p_TCGA_b102_105_SNP_N_GenomeWideSNP_6_C03_777112	10	51903768	53376965	1089	0.0932
OWNED_p_TCGA_b102_105_SNP_N_GenomeWideSNP_6_C03_777112	10	53382241	53562962	115	-0.2004
OWNED_p_TCGA_b102_105_SNP_N_GenomeWideSNP_6_C03_777112	10	53564266	58516403	3659	0.0578
OWNED_p_TCGA_b102_105_SNP_N_GenomeWideSNP_6_C03_777112	10	58516521	58532989	42	-0.8753
OWNED_p_TCGA_b102_105_SNP_N_GenomeWideSNP_6_C03_777112	10	58536052	59203049	549	0.0742
OWNED_p_TCGA_b102_105_SNP_N_GenomeWideSNP_6_C03_777112	10	59210505	59210773	4	-0.7371
OWNED_p_TCGA_b102_105_SNP_N_GenomeWideSNP_6_C03_777112	10	59218495	67308017	5558	0.0864
OWNED_p_TCGA_b102_105_SNP_N_GenomeWideSNP_6_C03_777112	10	67308030	67314430	23	-0.3287
OWNED_p_TCGA_b102_105_SNP_N_GenomeWideSNP_6_C03_777112	10	67314446	82878159	10125	0.0882
OWNED_p_TCGA_b102_105_SNP_N_GenomeWideSNP_6_C03_777112	10	82881330	82889783	10	-1.1191
OWNED_p_TCGA_b102_105_SNP_N_GenomeWideSNP_6_C03_777112	10	82894469	135506704	36144	0.0817
OWNED_p_TCGA_b102_105_SNP_N_GenomeWideSNP_6_C03_777112	11	198510	3413187	1324	0.0891
OWNED_p_TCGA_b102_105_SNP_N_GenomeWideSNP_6_C03_777112	11	3416489	3419502	3	-0.892
OWNED_p_TCGA_b102_105_SNP_N_GenomeWideSNP_6_C03_777112	11	3421743	4968117	1148	0.0926
OWNED_p_TCGA_b102_105_SNP_N_GenomeWideSNP_6_C03_777112	11	4968510	4976257	29	0.669
OWNED_p_TCGA_b102_105_SNP_N_GenomeWideSNP_6_C03_777112	11	4976272	18940870	10250	0.0964
OWNED_p_TCGA_b102_105_SNP_N_GenomeWideSNP_6_C03_777112	11	18949072	18961922	55	0.4436
OWNED_p_TCGA_b102_105_SNP_N_GenomeWideSNP_6_C03_777112	11	18961935	31393294	9085	0.0803
OWNED_p_TCGA_b102_105_SNP_N_GenomeWideSNP_6_C03_777112	11	31394268	31397080	2	-2.0843
OWNED_p_TCGA_b102_105_SNP_N_GenomeWideSNP_6_C03_777112	11	31398207	55376023	12745	0.0849
OWNED_p_TCGA_b102_105_SNP_N_GenomeWideSNP_6_C03_777112	11	55376236	55453009	54	-0.5022
OWNED_p_TCGA_b102_105_SNP_N_GenomeWideSNP_6_C03_777112	11	55453576	60617215	3179	0.098
OWNED_p_TCGA_b102_105_SNP_N_GenomeWideSNP_6_C03_777112	11	60618134	60922042	197	1.209
OWNED_p_TCGA_b102_105_SNP_N_GenomeWideSNP_6_C03_777112	11	60925364	61288822	158	0.0776
OWNED_p_TCGA_b102_105_SNP_N_GenomeWideSNP_6_C03_777112	11	61289106	63044992	927	-0.2093
OWNED_p_TCGA_b102_105_SNP_N_GenomeWideSNP_6_C03_777112	11	63050150	63334643	191	0.0985
OWNED_p_TCGA_b102_105_SNP_N_GenomeWideSNP_6_C03_777112	11	63342638	63518503	71	-0.2528
OWNED_p_TCGA_b102_105_SNP_N_GenomeWideSNP_6_C03_777112	11	63519047	63519817	2	1.1731
OWNED_p_TCGA_b102_105_SNP_N_GenomeWideSNP_6_C03_777112	11	63523838	63724075	57	-0.1587
OWNED_p_TCGA_b102_105_SNP_N_GenomeWideSNP_6_C03_777112	11	63725495	63755961	18	-0.5863
OWNED_p_TCGA_b102_105_SNP_N_GenomeWideSNP_6_C03_777112	11	63758224	64197117	169	-0.2139
OWNED_p_TCGA_b102_105_SNP_N_GenomeWideSNP_6_C03_777112	11	64197972	64299330	58	1.412
OWNED_p_TCGA_b102_105_SNP_N_GenomeWideSNP_6_C03_777112	11	64301558	65566719	455	0.7771
OWNED_p_TCGA_b102_105_SNP_N_GenomeWideSNP_6_C03_777112	11	65568215	65581752	16	-0.4823
OWNED_p_TCGA_b102_105_SNP_N_GenomeWideSNP_6_C03_777112	11	65583066	65649002	36	1.1167
OWNED_p_TCGA_b102_105_SNP_N_GenomeWideSNP_6_C03_777112	11	65653309	65721349	35	0.0515
OWNED_p_TCGA_b102_105_SNP_N_GenomeWideSNP_6_C03_777112	11	65721394	65737683	11	-0.243
OWNED_p_TCGA_b102_105_SNP_N_GenomeWideSNP_6_C03_777112	11	65749337	66015773	137	0.0947
OWNED_p_TCGA_b102_105_SNP_N_GenomeWideSNP_6_C03_777112	11	66016947	66804748	260	-0.2287
OWNED_p_TCGA_b102_105_SNP_N_GenomeWideSNP_6_C03_777112	11	66814306	67149024	134	0.8115
OWNED_p_TCGA_b102_105_SNP_N_GenomeWideSNP_6_C03_777112	11	67153612	67157704	3	-0.1755
OWNED_p_TCGA_b102_105_SNP_N_GenomeWideSNP_6_C03_777112	11	67160933	67845956	238	0.6959
OWNED_p_TCGA_b102_105_SNP_N_GenomeWideSNP_6_C03_777112	11	67847539	68906570	518	-0.2115
OWNED_p_TCGA_b102_105_SNP_N_GenomeWideSNP_6_C03_777112	11	68906746	68995958	70	0.0628
OWNED_p_TCGA_b102_105_SNP_N_GenomeWideSNP_6_C03_777112	11	68996443	69264370	132	-0.254
OWNED_p_TCGA_b102_105_SNP_N_GenomeWideSNP_6_C03_777112	11	69264492	69292284	24	0.116
OWNED_p_TCGA_b102_105_SNP_N_GenomeWideSNP_6_C03_777112	11	69294139	69572684	189	-0.245
OWNED_p_TCGA_b102_105_SNP_N_GenomeWideSNP_6_C03_777112	11	69582523	69628252	32	0.7654
OWNED_p_TCGA_b102_105_SNP_N_GenomeWideSNP_6_C03_777112	11	69628936	69663181	22	-0.2055
OWNED_p_TCGA_b102_105_SNP_N_GenomeWideSNP_6_C03_777112	11	69669683	69699980	23	1.488
OWNED_p_TCGA_b102_105_SNP_N_GenomeWideSNP_6_C03_777112	11	69800156	70157644	202	-0.2226
OWNED_p_TCGA_b102_105_SNP_N_GenomeWideSNP_6_C03_777112	11	70159287	70295897	76	1.4949
OWNED_p_TCGA_b102_105_SNP_N_GenomeWideSNP_6_C03_777112	11	70299949	70326807	13	-0.3377
OWNED_p_TCGA_b102_105_SNP_N_GenomeWideSNP_6_C03_777112	11	70327305	70379131	27	-0.0059
OWNED_p_TCGA_b102_105_SNP_N_GenomeWideSNP_6_C03_777112	11	70379264	70410082	23	-0.2742
OWNED_p_TCGA_b102_105_SNP_N_GenomeWideSNP_6_C03_777112	11	70410130	70429600	11	0.2512
OWNED_p_TCGA_b102_105_SNP_N_GenomeWideSNP_6_C03_777112	11	70430746	70539036	77	-0.2054
OWNED_p_TCGA_b102_105_SNP_N_GenomeWideSNP_6_C03_777112	11	70540451	70544921	5	0.3508
OWNED_p_TCGA_b102_105_SNP_N_GenomeWideSNP_6_C03_777112	11	70545700	70795265	158	-0.2347
OWNED_p_TCGA_b102_105_SNP_N_GenomeWideSNP_6_C03_777112	11	70807361	70871809	31	1.3283
OWNED_p_TCGA_b102_105_SNP_N_GenomeWideSNP_6_C03_777112	11	70872459	70994320	93	-0.2098
OWNED_p_TCGA_b102_105_SNP_N_GenomeWideSNP_6_C03_777112	11	70997527	71044744	37	0.079
OWNED_p_TCGA_b102_105_SNP_N_GenomeWideSNP_6_C03_777112	11	71045537	71210405	150	-0.2314
OWNED_p_TCGA_b102_105_SNP_N_GenomeWideSNP_6_C03_777112	11	71213007	71290740	56	0.8136
OWNED_p_TCGA_b102_105_SNP_N_GenomeWideSNP_6_C03_777112	11	71291471	72355751	464	-0.2172
OWNED_p_TCGA_b102_105_SNP_N_GenomeWideSNP_6_C03_777112	11	72359204	72401451	23	0.112
OWNED_p_TCGA_b102_105_SNP_N_GenomeWideSNP_6_C03_777112	11	72401732	72464525	26	-0.2837
OWNED_p_TCGA_b102_105_SNP_N_GenomeWideSNP_6_C03_777112	11	72465552	72520987	23	0.1334
OWNED_p_TCGA_b102_105_SNP_N_GenomeWideSNP_6_C03_777112	11	72524238	72607268	34	-0.2088
OWNED_p_TCGA_b102_105_SNP_N_GenomeWideSNP_6_C03_777112	11	72610508	72632913	10	0.7413
OWNED_p_TCGA_b102_105_SNP_N_GenomeWideSNP_6_C03_777112	11	72640600	73210072	260	-0.212
OWNED_p_TCGA_b102_105_SNP_N_GenomeWideSNP_6_C03_777112	11	73211288	73235421	13	0.778
OWNED_p_TCGA_b102_105_SNP_N_GenomeWideSNP_6_C03_777112	11	73245158	73266005	12	-0.1235
OWNED_p_TCGA_b102_105_SNP_N_GenomeWideSNP_6_C03_777112	11	73270443	73272239	4	0.6401
OWNED_p_TCGA_b102_105_SNP_N_GenomeWideSNP_6_C03_777112	11	73276872	73542259	133	-0.2249
OWNED_p_TCGA_b102_105_SNP_N_GenomeWideSNP_6_C03_777112	11	73543497	73663676	60	0.737
OWNED_p_TCGA_b102_105_SNP_N_GenomeWideSNP_6_C03_777112	11	73665787	73712149	18	-0.2068
OWNED_p_TCGA_b102_105_SNP_N_GenomeWideSNP_6_C03_777112	11	73712859	73713591	4	-0.5828
OWNED_p_TCGA_b102_105_SNP_N_GenomeWideSNP_6_C03_777112	11	73716277	73736801	18	-0.14
OWNED_p_TCGA_b102_105_SNP_N_GenomeWideSNP_6_C03_777112	11	73740718	73746255	7	0.1469
OWNED_p_TCGA_b102_105_SNP_N_GenomeWideSNP_6_C03_777112	11	73752400	74012087	133	1.2255
OWNED_p_TCGA_b102_105_SNP_N_GenomeWideSNP_6_C03_777112	11	74014467	74315603	202	-0.1843
OWNED_p_TCGA_b102_105_SNP_N_GenomeWideSNP_6_C03_777112	11	74321124	74338054	14	0.9474
OWNED_p_TCGA_b102_105_SNP_N_GenomeWideSNP_6_C03_777112	11	74345582	74895253	320	-0.2297
OWNED_p_TCGA_b102_105_SNP_N_GenomeWideSNP_6_C03_777112	11	74899798	75362833	260	0.0642
OWNED_p_TCGA_b102_105_SNP_N_GenomeWideSNP_6_C03_777112	11	75363331	75403959	24	-0.2333
OWNED_p_TCGA_b102_105_SNP_N_GenomeWideSNP_6_C03_777112	11	75404921	75535522	95	0.8046
OWNED_p_TCGA_b102_105_SNP_N_GenomeWideSNP_6_C03_777112	11	75540768	75729892	71	-0.226
OWNED_p_TCGA_b102_105_SNP_N_GenomeWideSNP_6_C03_777112	11	75733418	75832940	44	0.8659
OWNED_p_TCGA_b102_105_SNP_N_GenomeWideSNP_6_C03_777112	11	75836613	76191637	197	-0.244
OWNED_p_TCGA_b102_105_SNP_N_GenomeWideSNP_6_C03_777112	11	76196873	76215536	8	0.707
OWNED_p_TCGA_b102_105_SNP_N_GenomeWideSNP_6_C03_777112	11	76215783	79075375	1810	-0.2321
OWNED_p_TCGA_b102_105_SNP_N_GenomeWideSNP_6_C03_777112	11	79075852	79131163	63	0.1167
OWNED_p_TCGA_b102_105_SNP_N_GenomeWideSNP_6_C03_777112	11	79131600	81727297	2116	-0.246
OWNED_p_TCGA_b102_105_SNP_N_GenomeWideSNP_6_C03_777112	11	81731760	81760105	21	0.775
OWNED_p_TCGA_b102_105_SNP_N_GenomeWideSNP_6_C03_777112	11	81766869	81794242	19	-0.2373
OWNED_p_TCGA_b102_105_SNP_N_GenomeWideSNP_6_C03_777112	11	81795963	82015963	165	0.7775
OWNED_p_TCGA_b102_105_SNP_N_GenomeWideSNP_6_C03_777112	11	82017936	82025477	6	-0.3003
OWNED_p_TCGA_b102_105_SNP_N_GenomeWideSNP_6_C03_777112	11	82028471	82040055	14	0.8875
OWNED_p_TCGA_b102_105_SNP_N_GenomeWideSNP_6_C03_777112	11	82043756	95427873	8996	-0.2265
OWNED_p_TCGA_b102_105_SNP_N_GenomeWideSNP_6_C03_777112	11	95429636	95437946	7	-1.7685
OWNED_p_TCGA_b102_105_SNP_N_GenomeWideSNP_6_C03_777112	11	95438411	107876271	8858	-0.2223
OWNED_p_TCGA_b102_105_SNP_N_GenomeWideSNP_6_C03_777112	11	107884390	107986418	61	-0.9912
OWNED_p_TCGA_b102_105_SNP_N_GenomeWideSNP_6_C03_777112	11	107991580	134944770	19429	-0.2417
OWNED_p_TCGA_b102_105_SNP_N_GenomeWideSNP_6_C03_777112	12	150442	7994787	5371	-0.1354
OWNED_p_TCGA_b102_105_SNP_N_GenomeWideSNP_6_C03_777112	12	8004425	8123900	56	-2.3389
OWNED_p_TCGA_b102_105_SNP_N_GenomeWideSNP_6_C03_777112	12	8130958	8357507	119	-0.1734
OWNED_p_TCGA_b102_105_SNP_N_GenomeWideSNP_6_C03_777112	12	8362050	8370714	8	0.4353
OWNED_p_TCGA_b102_105_SNP_N_GenomeWideSNP_6_C03_777112	12	8371320	9460534	561	-0.1663
OWNED_p_TCGA_b102_105_SNP_N_GenomeWideSNP_6_C03_777112	12	9461228	9472643	4	-1.5724
OWNED_p_TCGA_b102_105_SNP_N_GenomeWideSNP_6_C03_777112	12	9473157	9630556	79	-0.2617
OWNED_p_TCGA_b102_105_SNP_N_GenomeWideSNP_6_C03_777112	12	9633870	9728292	25	0.7386
OWNED_p_TCGA_b102_105_SNP_N_GenomeWideSNP_6_C03_777112	12	9734969	33294660	16619	-0.13
OWNED_p_TCGA_b102_105_SNP_N_GenomeWideSNP_6_C03_777112	12	33301406	33315658	39	0.1754
OWNED_p_TCGA_b102_105_SNP_N_GenomeWideSNP_6_C03_777112	12	33317572	45904438	5611	-0.1276
OWNED_p_TCGA_b102_105_SNP_N_GenomeWideSNP_6_C03_777112	12	45905840	45909537	3	-0.8698
OWNED_p_TCGA_b102_105_SNP_N_GenomeWideSNP_6_C03_777112	12	45913292	47944178	1221	0.0654
OWNED_p_TCGA_b102_105_SNP_N_GenomeWideSNP_6_C03_777112	12	47946795	48045722	62	1.099
OWNED_p_TCGA_b102_105_SNP_N_GenomeWideSNP_6_C03_777112	12	48058275	48310931	173	0.1258
OWNED_p_TCGA_b102_105_SNP_N_GenomeWideSNP_6_C03_777112	12	48312203	64112123	9249	-0.1249
OWNED_p_TCGA_b102_105_SNP_N_GenomeWideSNP_6_C03_777112	12	64117268	64136654	10	-0.6395
OWNED_p_TCGA_b102_105_SNP_N_GenomeWideSNP_6_C03_777112	12	64143188	133778189	45783	-0.1387
OWNED_p_TCGA_b102_105_SNP_N_GenomeWideSNP_6_C03_777112	13	19026949	20121459	567	0.3314
OWNED_p_TCGA_b102_105_SNP_N_GenomeWideSNP_6_C03_777112	13	20123895	20123910	2	-0.907
OWNED_p_TCGA_b102_105_SNP_N_GenomeWideSNP_6_C03_777112	13	20124501	38071135	12978	0.3878
OWNED_p_TCGA_b102_105_SNP_N_GenomeWideSNP_6_C03_777112	13	38072036	38084732	15	-0.0245
OWNED_p_TCGA_b102_105_SNP_N_GenomeWideSNP_6_C03_777112	13	38084757	39052811	700	0.3718
OWNED_p_TCGA_b102_105_SNP_N_GenomeWideSNP_6_C03_777112	13	39057572	39058056	2	-1.0193
OWNED_p_TCGA_b102_105_SNP_N_GenomeWideSNP_6_C03_777112	13	39065057	85554044	29681	0.4976
OWNED_p_TCGA_b102_105_SNP_N_GenomeWideSNP_6_C03_777112	13	85554074	85554392	9	0.1321
OWNED_p_TCGA_b102_105_SNP_N_GenomeWideSNP_6_C03_777112	13	85554591	93334567	4686	0.6295
OWNED_p_TCGA_b102_105_SNP_N_GenomeWideSNP_6_C03_777112	13	93337645	93345881	3	-0.2711
OWNED_p_TCGA_b102_105_SNP_N_GenomeWideSNP_6_C03_777112	13	93348178	98175247	3192	0.6553
OWNED_p_TCGA_b102_105_SNP_N_GenomeWideSNP_6_C03_777112	13	98177451	98177512	6	0.008
OWNED_p_TCGA_b102_105_SNP_N_GenomeWideSNP_6_C03_777112	13	98177517	115108397	12416	0.6908
OWNED_p_TCGA_b102_105_SNP_N_GenomeWideSNP_6_C03_777112	14	19002124	19437987	32	-0.3484
OWNED_p_TCGA_b102_105_SNP_N_GenomeWideSNP_6_C03_777112	14	19438611	20423372	158	0.0977
OWNED_p_TCGA_b102_105_SNP_N_GenomeWideSNP_6_C03_777112	14	20424926	70018047	31468	-0.2153
OWNED_p_TCGA_b102_105_SNP_N_GenomeWideSNP_6_C03_777112	14	70018368	70022467	8	-1.4229
OWNED_p_TCGA_b102_105_SNP_N_GenomeWideSNP_6_C03_777112	14	70022713	73995774	2621	-0.2167
OWNED_p_TCGA_b102_105_SNP_N_GenomeWideSNP_6_C03_777112	14	74001123	74020979	9	0.7689
OWNED_p_TCGA_b102_105_SNP_N_GenomeWideSNP_6_C03_777112	14	74029900	106460902	20771	-0.2285
OWNED_p_TCGA_b102_105_SNP_N_GenomeWideSNP_6_C03_777112	14	106479675	106479941	2	-1.7443
OWNED_p_TCGA_b102_105_SNP_N_GenomeWideSNP_6_C03_777112	14	106482128	106783044	140	-0.1426
OWNED_p_TCGA_b102_105_SNP_N_GenomeWideSNP_6_C03_777112	14	106796025	106815943	8	-0.8731
OWNED_p_TCGA_b102_105_SNP_N_GenomeWideSNP_6_C03_777112	14	106818557	106881352	34	-0.1892
OWNED_p_TCGA_b102_105_SNP_N_GenomeWideSNP_6_C03_777112	14	106882342	106918108	49	0.0576
OWNED_p_TCGA_b102_105_SNP_N_GenomeWideSNP_6_C03_777112	14	106918649	107160325	135	-0.2505
OWNED_p_TCGA_b102_105_SNP_N_GenomeWideSNP_6_C03_777112	14	107160399	107160654	2	-2.6966
OWNED_p_TCGA_b102_105_SNP_N_GenomeWideSNP_6_C03_777112	14	107160761	107285437	87	-0.2468
OWNED_p_TCGA_b102_105_SNP_N_GenomeWideSNP_6_C03_777112	15	20016328	20262236	53	-0.0066
OWNED_p_TCGA_b102_105_SNP_N_GenomeWideSNP_6_C03_777112	15	20264286	22681076	371	0.6971
OWNED_p_TCGA_b102_105_SNP_N_GenomeWideSNP_6_C03_777112	15	22681250	24054787	614	-0.0755
OWNED_p_TCGA_b102_105_SNP_N_GenomeWideSNP_6_C03_777112	15	24055437	24059307	20	-0.931
OWNED_p_TCGA_b102_105_SNP_N_GenomeWideSNP_6_C03_777112	15	24065693	34719795	6756	-0.0868
OWNED_p_TCGA_b102_105_SNP_N_GenomeWideSNP_6_C03_777112	15	34719811	34727622	8	-0.6939
OWNED_p_TCGA_b102_105_SNP_N_GenomeWideSNP_6_C03_777112	15	34728087	61690100	17389	-0.068
OWNED_p_TCGA_b102_105_SNP_N_GenomeWideSNP_6_C03_777112	15	61691653	61697708	10	-0.9516
OWNED_p_TCGA_b102_105_SNP_N_GenomeWideSNP_6_C03_777112	15	61697928	82684935	12786	-0.0064
OWNED_p_TCGA_b102_105_SNP_N_GenomeWideSNP_6_C03_777112	15	82691502	82695702	2	-1.2758
OWNED_p_TCGA_b102_105_SNP_N_GenomeWideSNP_6_C03_777112	15	82895028	102440922	14011	0.1281
OWNED_p_TCGA_b102_105_SNP_N_GenomeWideSNP_6_C03_777112	15	102445241	102469040	3	-1.6208
OWNED_p_TCGA_b102_105_SNP_N_GenomeWideSNP_6_C03_777112	16	60777	55796594	27310	0.0495
OWNED_p_TCGA_b102_105_SNP_N_GenomeWideSNP_6_C03_777112	16	55798222	55798779	3	2.4281
OWNED_p_TCGA_b102_105_SNP_N_GenomeWideSNP_6_C03_777112	16	55804348	78371608	14433	0.0571
OWNED_p_TCGA_b102_105_SNP_N_GenomeWideSNP_6_C03_777112	16	78372440	78383140	14	0.8225
OWNED_p_TCGA_b102_105_SNP_N_GenomeWideSNP_6_C03_777112	16	78384738	90287535	10634	0.0483
OWNED_p_TCGA_b102_105_SNP_N_GenomeWideSNP_6_C03_777112	17	526	22235650	13001	-0.2271
OWNED_p_TCGA_b102_105_SNP_N_GenomeWideSNP_6_C03_777112	17	25270411	31837253	3403	0.371
OWNED_p_TCGA_b102_105_SNP_N_GenomeWideSNP_6_C03_777112	17	31838203	34437128	1958	-0.2557
OWNED_p_TCGA_b102_105_SNP_N_GenomeWideSNP_6_C03_777112	17	34439978	34485091	36	0.404
OWNED_p_TCGA_b102_105_SNP_N_GenomeWideSNP_6_C03_777112	17	34528125	39421708	2542	-0.2041
OWNED_p_TCGA_b102_105_SNP_N_GenomeWideSNP_6_C03_777112	17	39423014	39430450	23	0.8896
OWNED_p_TCGA_b102_105_SNP_N_GenomeWideSNP_6_C03_777112	17	39430531	44254494	2590	-0.2008
OWNED_p_TCGA_b102_105_SNP_N_GenomeWideSNP_6_C03_777112	17	44262950	44784678	96	0.086
OWNED_p_TCGA_b102_105_SNP_N_GenomeWideSNP_6_C03_777112	17	44784982	77507897	20042	-0.2129
OWNED_p_TCGA_b102_105_SNP_N_GenomeWideSNP_6_C03_777112	17	77509815	77545109	10	-0.8514
OWNED_p_TCGA_b102_105_SNP_N_GenomeWideSNP_6_C03_777112	17	77609181	78641290	581	-0.2142
OWNED_p_TCGA_b102_105_SNP_N_GenomeWideSNP_6_C03_777112	17	78642620	78644018	2	-1.3243
OWNED_p_TCGA_b102_105_SNP_N_GenomeWideSNP_6_C03_777112	17	78656487	81049726	956	-0.2437
OWNED_p_TCGA_b102_105_SNP_N_GenomeWideSNP_6_C03_777112	18	11543	392189	222	-0.213
OWNED_p_TCGA_b102_105_SNP_N_GenomeWideSNP_6_C03_777112	18	392795	394762	3	-1.1941
OWNED_p_TCGA_b102_105_SNP_N_GenomeWideSNP_6_C03_777112	18	395016	5955911	3984	-0.2
OWNED_p_TCGA_b102_105_SNP_N_GenomeWideSNP_6_C03_777112	18	5956116	5978258	39	-0.5146
OWNED_p_TCGA_b102_105_SNP_N_GenomeWideSNP_6_C03_777112	18	5978507	20160142	6976	-0.217
OWNED_p_TCGA_b102_105_SNP_N_GenomeWideSNP_6_C03_777112	18	20160453	78015057	39412	-0.6453
OWNED_p_TCGA_b102_105_SNP_N_GenomeWideSNP_6_C03_777112	19	90910	4755178	1263	-0.2373
OWNED_p_TCGA_b102_105_SNP_N_GenomeWideSNP_6_C03_777112	19	4755195	9455926	2242	0.1055
OWNED_p_TCGA_b102_105_SNP_N_GenomeWideSNP_6_C03_777112	19	9460729	11279029	826	-0.2151
OWNED_p_TCGA_b102_105_SNP_N_GenomeWideSNP_6_C03_777112	19	11279255	11379884	40	0.0854
OWNED_p_TCGA_b102_105_SNP_N_GenomeWideSNP_6_C03_777112	19	11381975	16358333	2640	-0.2131
OWNED_p_TCGA_b102_105_SNP_N_GenomeWideSNP_6_C03_777112	19	16363963	16364118	2	-1.7231
OWNED_p_TCGA_b102_105_SNP_N_GenomeWideSNP_6_C03_777112	19	16365748	18394296	937	-0.2175
OWNED_p_TCGA_b102_105_SNP_N_GenomeWideSNP_6_C03_777112	19	18398335	20582963	1008	0.081
OWNED_p_TCGA_b102_105_SNP_N_GenomeWideSNP_6_C03_777112	19	20583583	20632519	32	-0.2417
OWNED_p_TCGA_b102_105_SNP_N_GenomeWideSNP_6_C03_777112	19	20632523	20681442	22	-0.607
OWNED_p_TCGA_b102_105_SNP_N_GenomeWideSNP_6_C03_777112	19	20683187	20716389	26	-0.3315
OWNED_p_TCGA_b102_105_SNP_N_GenomeWideSNP_6_C03_777112	19	20720881	21153079	245	0.0214
OWNED_p_TCGA_b102_105_SNP_N_GenomeWideSNP_6_C03_777112	19	21153474	21271222	64	-0.2746
OWNED_p_TCGA_b102_105_SNP_N_GenomeWideSNP_6_C03_777112	19	21272088	21603869	192	0.0144
OWNED_p_TCGA_b102_105_SNP_N_GenomeWideSNP_6_C03_777112	19	21610451	21772103	91	-0.2869
OWNED_p_TCGA_b102_105_SNP_N_GenomeWideSNP_6_C03_777112	19	21773827	33651455	5687	0.0742
OWNED_p_TCGA_b102_105_SNP_N_GenomeWideSNP_6_C03_777112	19	33652247	33652356	3	-0.947
OWNED_p_TCGA_b102_105_SNP_N_GenomeWideSNP_6_C03_777112	19	33654505	56282369	12154	0.0972
OWNED_p_TCGA_b102_105_SNP_N_GenomeWideSNP_6_C03_777112	19	56282535	56283067	3	-1.5166
OWNED_p_TCGA_b102_105_SNP_N_GenomeWideSNP_6_C03_777112	19	56286293	59097854	1848	0.0764
OWNED_p_TCGA_b102_105_SNP_N_GenomeWideSNP_6_C03_777112	20	61305	1561667	1207	-0.2413
OWNED_p_TCGA_b102_105_SNP_N_GenomeWideSNP_6_C03_777112	20	1567454	1593893	39	-0.6033
OWNED_p_TCGA_b102_105_SNP_N_GenomeWideSNP_6_C03_777112	20	1597946	26305579	18784	-0.2316
OWNED_p_TCGA_b102_105_SNP_N_GenomeWideSNP_6_C03_777112	20	29420352	35657751	2829	0.7698
OWNED_p_TCGA_b102_105_SNP_N_GenomeWideSNP_6_C03_777112	20	35661945	35722830	119	0.4555
OWNED_p_TCGA_b102_105_SNP_N_GenomeWideSNP_6_C03_777112	20	35726402	40359519	3045	0.7618
OWNED_p_TCGA_b102_105_SNP_N_GenomeWideSNP_6_C03_777112	20	40360023	40361295	7	0.1636
OWNED_p_TCGA_b102_105_SNP_N_GenomeWideSNP_6_C03_777112	20	40361532	62916068	16416	0.783
OWNED_p_TCGA_b102_105_SNP_N_GenomeWideSNP_6_C03_777112	20	62954695	62956153	5	-0.3953
OWNED_p_TCGA_b102_105_SNP_N_GenomeWideSNP_6_C03_777112	21	10736871	11175912	113	-0.3433
OWNED_p_TCGA_b102_105_SNP_N_GenomeWideSNP_6_C03_777112	21	14345669	14446712	17	0.0861
OWNED_p_TCGA_b102_105_SNP_N_GenomeWideSNP_6_C03_777112	21	14452862	14549965	18	-0.8656
OWNED_p_TCGA_b102_105_SNP_N_GenomeWideSNP_6_C03_777112	21	14560710	15158439	282	-0.0232
OWNED_p_TCGA_b102_105_SNP_N_GenomeWideSNP_6_C03_777112	21	15158756	22269252	4971	-0.4882
OWNED_p_TCGA_b102_105_SNP_N_GenomeWideSNP_6_C03_777112	21	22275508	22436259	131	0.042
OWNED_p_TCGA_b102_105_SNP_N_GenomeWideSNP_6_C03_777112	21	22441853	22446281	10	-0.6382
OWNED_p_TCGA_b102_105_SNP_N_GenomeWideSNP_6_C03_777112	21	22447070	23570480	864	0.0304
OWNED_p_TCGA_b102_105_SNP_N_GenomeWideSNP_6_C03_777112	21	23571308	25729211	1722	-0.4756
OWNED_p_TCGA_b102_105_SNP_N_GenomeWideSNP_6_C03_777112	21	25733154	26058659	218	0.0197
OWNED_p_TCGA_b102_105_SNP_N_GenomeWideSNP_6_C03_777112	21	26066865	27801286	1247	-0.5042
OWNED_p_TCGA_b102_105_SNP_N_GenomeWideSNP_6_C03_777112	21	27801527	29939436	1684	-2e-04
OWNED_p_TCGA_b102_105_SNP_N_GenomeWideSNP_6_C03_777112	21	29940627	31515646	1157	-0.4779
OWNED_p_TCGA_b102_105_SNP_N_GenomeWideSNP_6_C03_777112	21	31525149	33441026	1298	0.011
OWNED_p_TCGA_b102_105_SNP_N_GenomeWideSNP_6_C03_777112	21	33442511	33450303	15	-0.5468
OWNED_p_TCGA_b102_105_SNP_N_GenomeWideSNP_6_C03_777112	21	33450316	37429413	2890	0.0378
OWNED_p_TCGA_b102_105_SNP_N_GenomeWideSNP_6_C03_777112	21	37430102	44690856	5787	-0.5098
OWNED_p_TCGA_b102_105_SNP_N_GenomeWideSNP_6_C03_777112	21	44690926	44697940	7	-1.936
OWNED_p_TCGA_b102_105_SNP_N_GenomeWideSNP_6_C03_777112	21	44704843	44815897	75	-0.655
OWNED_p_TCGA_b102_105_SNP_N_GenomeWideSNP_6_C03_777112	21	44817248	44837359	13	0.0603
OWNED_p_TCGA_b102_105_SNP_N_GenomeWideSNP_6_C03_777112	21	44841812	44968053	84	-0.5
OWNED_p_TCGA_b102_105_SNP_N_GenomeWideSNP_6_C03_777112	21	44970873	44972812	2	-2.4059
OWNED_p_TCGA_b102_105_SNP_N_GenomeWideSNP_6_C03_777112	21	44973667	46196308	669	-0.5627
OWNED_p_TCGA_b102_105_SNP_N_GenomeWideSNP_6_C03_777112	21	46200581	48096957	1091	-0.0028
OWNED_p_TCGA_b102_105_SNP_N_GenomeWideSNP_6_C03_777112	22	16052528	22321501	3089	-0.2611
OWNED_p_TCGA_b102_105_SNP_N_GenomeWideSNP_6_C03_777112	22	22321734	22608727	463	0.0094
OWNED_p_TCGA_b102_105_SNP_N_GenomeWideSNP_6_C03_777112	22	22627056	24344422	1063	-0.2561
OWNED_p_TCGA_b102_105_SNP_N_GenomeWideSNP_6_C03_777112	22	24350529	24396814	19	0.3442
OWNED_p_TCGA_b102_105_SNP_N_GenomeWideSNP_6_C03_777112	22	24401529	51234455	18891	-0.2276
OWNED_p_TCGA_b102_105_SNP_N_GenomeWideSNP_6_C03_777112	X	168477	5697701	2360	0.0274
OWNED_p_TCGA_b102_105_SNP_N_GenomeWideSNP_6_C03_777112	X	5699090	5699394	2	-1.2478
OWNED_p_TCGA_b102_105_SNP_N_GenomeWideSNP_6_C03_777112	X	5701177	6788056	879	0.0072
OWNED_p_TCGA_b102_105_SNP_N_GenomeWideSNP_6_C03_777112	X	6788245	6788322	2	-1.2971
OWNED_p_TCGA_b102_105_SNP_N_GenomeWideSNP_6_C03_777112	X	6789764	9759402	2210	-0.0041
OWNED_p_TCGA_b102_105_SNP_N_GenomeWideSNP_6_C03_777112	X	9760291	9824197	42	-0.7635
OWNED_p_TCGA_b102_105_SNP_N_GenomeWideSNP_6_C03_777112	X	9825088	79170077	35806	0.0271
OWNED_p_TCGA_b102_105_SNP_N_GenomeWideSNP_6_C03_777112	X	79172157	79172805	3	-1.1902
OWNED_p_TCGA_b102_105_SNP_N_GenomeWideSNP_6_C03_777112	X	79175769	87747348	4957	-0.0061
OWNED_p_TCGA_b102_105_SNP_N_GenomeWideSNP_6_C03_777112	X	87747379	87748677	2	-1.838
OWNED_p_TCGA_b102_105_SNP_N_GenomeWideSNP_6_C03_777112	X	87750435	135620633	26164	0.0139
OWNED_p_TCGA_b102_105_SNP_N_GenomeWideSNP_6_C03_777112	X	135621282	135621330	2	-1.7842
OWNED_p_TCGA_b102_105_SNP_N_GenomeWideSNP_6_C03_777112	X	135625585	139802737	2571	0.0014
OWNED_p_TCGA_b102_105_SNP_N_GenomeWideSNP_6_C03_777112	X	139804211	139804668	2	-3.5706
OWNED_p_TCGA_b102_105_SNP_N_GenomeWideSNP_6_C03_777112	X	139808556	155182354	9420	-5e-04
OWNED_p_TCGA_b102_105_SNP_N_GenomeWideSNP_6_C03_777112	Y	2650438	2912181	133	-1.8121
OWNED_p_TCGA_b102_105_SNP_N_GenomeWideSNP_6_C03_777112	Y	2915500	6101425	738	-1.5494
OWNED_p_TCGA_b102_105_SNP_N_GenomeWideSNP_6_C03_777112	Y	6107901	21910311	5830	-1.8554
OWNED_p_TCGA_b102_105_SNP_N_GenomeWideSNP_6_C03_777112	Y	21917313	21917832	2	-4.8242
OWNED_p_TCGA_b102_105_SNP_N_GenomeWideSNP_6_C03_777112	Y	21918198	26630929	1312	-1.9139
OWNED_p_TCGA_b102_105_SNP_N_GenomeWideSNP_6_C03_777112	Y	26631228	26805564	33	-2.4619
OWNED_p_TCGA_b102_105_SNP_N_GenomeWideSNP_6_C03_777112	Y	26812798	27651378	126	-1.913
OWNED_p_TCGA_b102_105_SNP_N_GenomeWideSNP_6_C03_777112	Y	27653562	27656954	4	-0.5791
OWNED_p_TCGA_b102_105_SNP_N_GenomeWideSNP_6_C03_777112	Y	27665008	28470990	283	-2.0623
OWNED_p_TCGA_b102_105_SNP_N_GenomeWideSNP_6_C03_777112	Y	28476039	59018259	161	-1.7129
