Sample	Chromosome	Start	End	Num_Probes	Segment_Mean
FOXED_p_TCGA_b122_128_SNP_N_GenomeWideSNP_6_E09_781832	1	61735	723317	38	0.087
FOXED_p_TCGA_b122_128_SNP_N_GenomeWideSNP_6_E09_781832	1	728608	17190004	8708	-0.488
FOXED_p_TCGA_b122_128_SNP_N_GenomeWideSNP_6_E09_781832	1	17190862	17262232	61	-0.132
FOXED_p_TCGA_b122_128_SNP_N_GenomeWideSNP_6_E09_781832	1	17262247	22496703	3431	-0.4642
FOXED_p_TCGA_b122_128_SNP_N_GenomeWideSNP_6_E09_781832	1	22501716	22507423	4	-2.1947
FOXED_p_TCGA_b122_128_SNP_N_GenomeWideSNP_6_E09_781832	1	22508650	25583341	1793	-0.44
FOXED_p_TCGA_b122_128_SNP_N_GenomeWideSNP_6_E09_781832	1	25593128	25646986	28	-1.0606
FOXED_p_TCGA_b122_128_SNP_N_GenomeWideSNP_6_E09_781832	1	25661501	29764426	1740	-0.4255
FOXED_p_TCGA_b122_128_SNP_N_GenomeWideSNP_6_E09_781832	1	29764800	29765602	2	-2.7562
FOXED_p_TCGA_b122_128_SNP_N_GenomeWideSNP_6_E09_781832	1	29765644	30479770	415	-0.5053
FOXED_p_TCGA_b122_128_SNP_N_GenomeWideSNP_6_E09_781832	1	30485510	30488561	5	-3.6607
FOXED_p_TCGA_b122_128_SNP_N_GenomeWideSNP_6_E09_781832	1	30490594	31251051	629	-0.5142
FOXED_p_TCGA_b122_128_SNP_N_GenomeWideSNP_6_E09_781832	1	31251264	31251698	2	-2.2778
FOXED_p_TCGA_b122_128_SNP_N_GenomeWideSNP_6_E09_781832	1	31262005	31975960	372	-0.4201
FOXED_p_TCGA_b122_128_SNP_N_GenomeWideSNP_6_E09_781832	1	31977063	31980298	6	-1.3054
FOXED_p_TCGA_b122_128_SNP_N_GenomeWideSNP_6_E09_781832	1	31981400	32476769	239	-0.4226
FOXED_p_TCGA_b122_128_SNP_N_GenomeWideSNP_6_E09_781832	1	32482916	34274794	883	-0.1237
FOXED_p_TCGA_b122_128_SNP_N_GenomeWideSNP_6_E09_781832	1	34276694	34328648	61	-0.5103
FOXED_p_TCGA_b122_128_SNP_N_GenomeWideSNP_6_E09_781832	1	34331317	34892913	445	-0.1451
FOXED_p_TCGA_b122_128_SNP_N_GenomeWideSNP_6_E09_781832	1	34894960	35082968	119	-0.4621
FOXED_p_TCGA_b122_128_SNP_N_GenomeWideSNP_6_E09_781832	1	35083065	35114268	30	-0.0833
FOXED_p_TCGA_b122_128_SNP_N_GenomeWideSNP_6_E09_781832	1	35115542	35832710	334	-0.448
FOXED_p_TCGA_b122_128_SNP_N_GenomeWideSNP_6_E09_781832	1	35833129	38601480	1479	-0.1318
FOXED_p_TCGA_b122_128_SNP_N_GenomeWideSNP_6_E09_781832	1	38602073	38606400	2	-2.3551
FOXED_p_TCGA_b122_128_SNP_N_GenomeWideSNP_6_E09_781832	1	38606455	51265284	7163	-0.1176
FOXED_p_TCGA_b122_128_SNP_N_GenomeWideSNP_6_E09_781832	1	51267605	51367647	41	0.1441
FOXED_p_TCGA_b122_128_SNP_N_GenomeWideSNP_6_E09_781832	1	51369399	53550187	1006	-0.1332
FOXED_p_TCGA_b122_128_SNP_N_GenomeWideSNP_6_E09_781832	1	53551293	53551880	2	-2.0994
FOXED_p_TCGA_b122_128_SNP_N_GenomeWideSNP_6_E09_781832	1	53554305	54766306	807	-0.15
FOXED_p_TCGA_b122_128_SNP_N_GenomeWideSNP_6_E09_781832	1	54769867	54770424	2	-1.752
FOXED_p_TCGA_b122_128_SNP_N_GenomeWideSNP_6_E09_781832	1	54770441	69886702	11149	-0.156
FOXED_p_TCGA_b122_128_SNP_N_GenomeWideSNP_6_E09_781832	1	69886892	69889880	2	-1.8953
FOXED_p_TCGA_b122_128_SNP_N_GenomeWideSNP_6_E09_781832	1	69890766	71302563	948	-0.0785
FOXED_p_TCGA_b122_128_SNP_N_GenomeWideSNP_6_E09_781832	1	71305107	71314457	10	-1.39
FOXED_p_TCGA_b122_128_SNP_N_GenomeWideSNP_6_E09_781832	1	71315832	72763370	868	-0.1597
FOXED_p_TCGA_b122_128_SNP_N_GenomeWideSNP_6_E09_781832	1	72768418	72811904	49	-1.587
FOXED_p_TCGA_b122_128_SNP_N_GenomeWideSNP_6_E09_781832	1	72812440	76434123	2183	-0.1439
FOXED_p_TCGA_b122_128_SNP_N_GenomeWideSNP_6_E09_781832	1	76435147	91772807	10204	-0.4103
FOXED_p_TCGA_b122_128_SNP_N_GenomeWideSNP_6_E09_781832	1	91780822	92193264	334	-0.1454
FOXED_p_TCGA_b122_128_SNP_N_GenomeWideSNP_6_E09_781832	1	92193662	92195652	2	-2.3545
FOXED_p_TCGA_b122_128_SNP_N_GenomeWideSNP_6_E09_781832	1	92196053	94738846	1412	-0.1497
FOXED_p_TCGA_b122_128_SNP_N_GenomeWideSNP_6_E09_781832	1	94738982	106013376	6843	-0.4316
FOXED_p_TCGA_b122_128_SNP_N_GenomeWideSNP_6_E09_781832	1	106019205	106022375	17	0.4219
FOXED_p_TCGA_b122_128_SNP_N_GenomeWideSNP_6_E09_781832	1	106024055	106500349	301	-0.4022
FOXED_p_TCGA_b122_128_SNP_N_GenomeWideSNP_6_E09_781832	1	106507045	110227515	2366	-0.1281
FOXED_p_TCGA_b122_128_SNP_N_GenomeWideSNP_6_E09_781832	1	110232974	110242953	18	-1.1215
FOXED_p_TCGA_b122_128_SNP_N_GenomeWideSNP_6_E09_781832	1	110244998	111338960	810	-0.1363
FOXED_p_TCGA_b122_128_SNP_N_GenomeWideSNP_6_E09_781832	1	111340044	111401889	90	0.1243
FOXED_p_TCGA_b122_128_SNP_N_GenomeWideSNP_6_E09_781832	1	111403495	112690326	1054	-0.1562
FOXED_p_TCGA_b122_128_SNP_N_GenomeWideSNP_6_E09_781832	1	112695965	112706118	30	0.4484
FOXED_p_TCGA_b122_128_SNP_N_GenomeWideSNP_6_E09_781832	1	112706128	144008335	5175	-0.1478
FOXED_p_TCGA_b122_128_SNP_N_GenomeWideSNP_6_E09_781832	1	144008375	150803027	1882	0.2727
FOXED_p_TCGA_b122_128_SNP_N_GenomeWideSNP_6_E09_781832	1	150808889	150809116	2	-3.9324
FOXED_p_TCGA_b122_128_SNP_N_GenomeWideSNP_6_E09_781832	1	150811005	152555706	966	0.3226
FOXED_p_TCGA_b122_128_SNP_N_GenomeWideSNP_6_E09_781832	1	152555767	152586117	29	0.9734
FOXED_p_TCGA_b122_128_SNP_N_GenomeWideSNP_6_E09_781832	1	152586238	152751237	168	0.2981
FOXED_p_TCGA_b122_128_SNP_N_GenomeWideSNP_6_E09_781832	1	152754630	152762890	23	-0.0201
FOXED_p_TCGA_b122_128_SNP_N_GenomeWideSNP_6_E09_781832	1	152762903	152767864	12	0.6483
FOXED_p_TCGA_b122_128_SNP_N_GenomeWideSNP_6_E09_781832	1	152767884	156830218	2091	0.3364
FOXED_p_TCGA_b122_128_SNP_N_GenomeWideSNP_6_E09_781832	1	156832779	156859609	20	-0.4769
FOXED_p_TCGA_b122_128_SNP_N_GenomeWideSNP_6_E09_781832	1	156867288	158866573	1522	0.2971
FOXED_p_TCGA_b122_128_SNP_N_GenomeWideSNP_6_E09_781832	1	158868501	158869759	2	1.9518
FOXED_p_TCGA_b122_128_SNP_N_GenomeWideSNP_6_E09_781832	1	158874818	159927798	710	0.3015
FOXED_p_TCGA_b122_128_SNP_N_GenomeWideSNP_6_E09_781832	1	159928059	159928711	2	-1.0512
FOXED_p_TCGA_b122_128_SNP_N_GenomeWideSNP_6_E09_781832	1	159931139	163881773	2788	0.2842
FOXED_p_TCGA_b122_128_SNP_N_GenomeWideSNP_6_E09_781832	1	163884827	169216937	4211	-0.1205
FOXED_p_TCGA_b122_128_SNP_N_GenomeWideSNP_6_E09_781832	1	169233974	169241766	7	1.0662
FOXED_p_TCGA_b122_128_SNP_N_GenomeWideSNP_6_E09_781832	1	169242401	171941708	1882	-0.008
FOXED_p_TCGA_b122_128_SNP_N_GenomeWideSNP_6_E09_781832	1	171942488	171942783	2	-1.0976
FOXED_p_TCGA_b122_128_SNP_N_GenomeWideSNP_6_E09_781832	1	171944418	179439630	4817	0.2448
FOXED_p_TCGA_b122_128_SNP_N_GenomeWideSNP_6_E09_781832	1	179446133	179447281	2	-0.7358
FOXED_p_TCGA_b122_128_SNP_N_GenomeWideSNP_6_E09_781832	1	179447543	186425209	4671	0.3141
FOXED_p_TCGA_b122_128_SNP_N_GenomeWideSNP_6_E09_781832	1	186433229	186439536	4	1.0491
FOXED_p_TCGA_b122_128_SNP_N_GenomeWideSNP_6_E09_781832	1	186441776	187247786	516	0.2937
FOXED_p_TCGA_b122_128_SNP_N_GenomeWideSNP_6_E09_781832	1	187251415	187264379	4	-0.0344
FOXED_p_TCGA_b122_128_SNP_N_GenomeWideSNP_6_E09_781832	1	187264411	189085327	1191	-0.4466
FOXED_p_TCGA_b122_128_SNP_N_GenomeWideSNP_6_E09_781832	1	189085372	189090206	16	0.047
FOXED_p_TCGA_b122_128_SNP_N_GenomeWideSNP_6_E09_781832	1	189090485	189648157	358	-0.3781
FOXED_p_TCGA_b122_128_SNP_N_GenomeWideSNP_6_E09_781832	1	189648483	189648527	2	-2.3719
FOXED_p_TCGA_b122_128_SNP_N_GenomeWideSNP_6_E09_781832	1	189652047	193870307	2891	-0.4207
FOXED_p_TCGA_b122_128_SNP_N_GenomeWideSNP_6_E09_781832	1	193871478	195830772	1263	0.2924
FOXED_p_TCGA_b122_128_SNP_N_GenomeWideSNP_6_E09_781832	1	195830936	195837030	6	-0.3558
FOXED_p_TCGA_b122_128_SNP_N_GenomeWideSNP_6_E09_781832	1	195837330	195855975	12	0.5538
FOXED_p_TCGA_b122_128_SNP_N_GenomeWideSNP_6_E09_781832	1	195855996	196688159	540	0.2771
FOXED_p_TCGA_b122_128_SNP_N_GenomeWideSNP_6_E09_781832	1	196689616	196732086	27	0.506
FOXED_p_TCGA_b122_128_SNP_N_GenomeWideSNP_6_E09_781832	1	196738623	196799288	74	-0.2201
FOXED_p_TCGA_b122_128_SNP_N_GenomeWideSNP_6_E09_781832	1	196799505	196913797	85	0.3252
FOXED_p_TCGA_b122_128_SNP_N_GenomeWideSNP_6_E09_781832	1	196916070	197019858	60	-0.375
FOXED_p_TCGA_b122_128_SNP_N_GenomeWideSNP_6_E09_781832	1	197025725	199054666	1205	0.2822
FOXED_p_TCGA_b122_128_SNP_N_GenomeWideSNP_6_E09_781832	1	199072722	199090061	22	0.5741
FOXED_p_TCGA_b122_128_SNP_N_GenomeWideSNP_6_E09_781832	1	199091139	199107702	26	0.2635
FOXED_p_TCGA_b122_128_SNP_N_GenomeWideSNP_6_E09_781832	1	199111363	199114238	10	0.9124
FOXED_p_TCGA_b122_128_SNP_N_GenomeWideSNP_6_E09_781832	1	199114390	201733368	1862	0.304
FOXED_p_TCGA_b122_128_SNP_N_GenomeWideSNP_6_E09_781832	1	201739620	201956877	123	-0.4493
FOXED_p_TCGA_b122_128_SNP_N_GenomeWideSNP_6_E09_781832	1	201962233	202063448	62	0.3725
FOXED_p_TCGA_b122_128_SNP_N_GenomeWideSNP_6_E09_781832	1	202066465	202097130	22	-0.367
FOXED_p_TCGA_b122_128_SNP_N_GenomeWideSNP_6_E09_781832	1	202104497	210071062	5363	0.3165
FOXED_p_TCGA_b122_128_SNP_N_GenomeWideSNP_6_E09_781832	1	210081613	210083984	3	-2.7937
FOXED_p_TCGA_b122_128_SNP_N_GenomeWideSNP_6_E09_781832	1	210086552	212344489	1488	0.2918
FOXED_p_TCGA_b122_128_SNP_N_GenomeWideSNP_6_E09_781832	1	212346089	212490304	96	-0.44
FOXED_p_TCGA_b122_128_SNP_N_GenomeWideSNP_6_E09_781832	1	212499248	213756152	810	0.2854
FOXED_p_TCGA_b122_128_SNP_N_GenomeWideSNP_6_E09_781832	1	213759644	214003718	190	-0.4733
FOXED_p_TCGA_b122_128_SNP_N_GenomeWideSNP_6_E09_781832	1	214007190	215284243	1001	0.2749
FOXED_p_TCGA_b122_128_SNP_N_GenomeWideSNP_6_E09_781832	1	215285311	215438659	113	-0.4715
FOXED_p_TCGA_b122_128_SNP_N_GenomeWideSNP_6_E09_781832	1	215440899	218866367	2460	0.2467
FOXED_p_TCGA_b122_128_SNP_N_GenomeWideSNP_6_E09_781832	1	218872471	219304545	297	-0.4359
FOXED_p_TCGA_b122_128_SNP_N_GenomeWideSNP_6_E09_781832	1	219309216	219654392	256	-0.1433
FOXED_p_TCGA_b122_128_SNP_N_GenomeWideSNP_6_E09_781832	1	219654992	220809272	761	0.2628
FOXED_p_TCGA_b122_128_SNP_N_GenomeWideSNP_6_E09_781832	1	220814263	221480857	447	-0.4529
FOXED_p_TCGA_b122_128_SNP_N_GenomeWideSNP_6_E09_781832	1	221482736	221756538	204	0.253
FOXED_p_TCGA_b122_128_SNP_N_GenomeWideSNP_6_E09_781832	1	221762431	222338488	462	-0.4892
FOXED_p_TCGA_b122_128_SNP_N_GenomeWideSNP_6_E09_781832	1	222338759	222926121	299	0.2736
FOXED_p_TCGA_b122_128_SNP_N_GenomeWideSNP_6_E09_781832	1	222931672	223141268	126	-0.4648
FOXED_p_TCGA_b122_128_SNP_N_GenomeWideSNP_6_E09_781832	1	223143455	223644406	344	0.2707
FOXED_p_TCGA_b122_128_SNP_N_GenomeWideSNP_6_E09_781832	1	223644439	223645256	3	-0.9406
FOXED_p_TCGA_b122_128_SNP_N_GenomeWideSNP_6_E09_781832	1	223645361	223663505	32	0.3208
FOXED_p_TCGA_b122_128_SNP_N_GenomeWideSNP_6_E09_781832	1	223663555	223663828	2	-1.0694
FOXED_p_TCGA_b122_128_SNP_N_GenomeWideSNP_6_E09_781832	1	223663935	225088095	842	0.2565
FOXED_p_TCGA_b122_128_SNP_N_GenomeWideSNP_6_E09_781832	1	225091756	225114654	24	-0.4397
FOXED_p_TCGA_b122_128_SNP_N_GenomeWideSNP_6_E09_781832	1	225115234	225659815	318	0.0776
FOXED_p_TCGA_b122_128_SNP_N_GenomeWideSNP_6_E09_781832	1	225660014	225670147	11	-0.525
FOXED_p_TCGA_b122_128_SNP_N_GenomeWideSNP_6_E09_781832	1	225670243	227852026	1350	0.0545
FOXED_p_TCGA_b122_128_SNP_N_GenomeWideSNP_6_E09_781832	1	227857667	228041209	102	-0.4798
FOXED_p_TCGA_b122_128_SNP_N_GenomeWideSNP_6_E09_781832	1	228043276	229011341	428	0.041
FOXED_p_TCGA_b122_128_SNP_N_GenomeWideSNP_6_E09_781832	1	229015145	229168822	133	-0.5227
FOXED_p_TCGA_b122_128_SNP_N_GenomeWideSNP_6_E09_781832	1	229173118	230403595	901	-0.1621
FOXED_p_TCGA_b122_128_SNP_N_GenomeWideSNP_6_E09_781832	1	230404825	230454285	33	-0.5383
FOXED_p_TCGA_b122_128_SNP_N_GenomeWideSNP_6_E09_781832	1	230454674	232859274	1833	-0.1723
FOXED_p_TCGA_b122_128_SNP_N_GenomeWideSNP_6_E09_781832	1	232864203	233515256	521	-0.4803
FOXED_p_TCGA_b122_128_SNP_N_GenomeWideSNP_6_E09_781832	1	233515413	239253606	4378	-0.1674
FOXED_p_TCGA_b122_128_SNP_N_GenomeWideSNP_6_E09_781832	1	239254410	239258400	3	-1.7503
FOXED_p_TCGA_b122_128_SNP_N_GenomeWideSNP_6_E09_781832	1	239258823	241204163	1511	-0.1533
FOXED_p_TCGA_b122_128_SNP_N_GenomeWideSNP_6_E09_781832	1	241205433	241205611	2	-1.4897
FOXED_p_TCGA_b122_128_SNP_N_GenomeWideSNP_6_E09_781832	1	241205674	241423023	177	-0.1418
FOXED_p_TCGA_b122_128_SNP_N_GenomeWideSNP_6_E09_781832	1	241423404	241511550	75	-0.4249
FOXED_p_TCGA_b122_128_SNP_N_GenomeWideSNP_6_E09_781832	1	241511886	248688615	4868	-0.138
FOXED_p_TCGA_b122_128_SNP_N_GenomeWideSNP_6_E09_781832	1	248697391	248825263	49	0.2772
FOXED_p_TCGA_b122_128_SNP_N_GenomeWideSNP_6_E09_781832	1	248825820	249224388	137	-0.1361
FOXED_p_TCGA_b122_128_SNP_N_GenomeWideSNP_6_E09_781832	2	12784	450545	275	0.1336
FOXED_p_TCGA_b122_128_SNP_N_GenomeWideSNP_6_E09_781832	2	451478	451914	2	-1.8029
FOXED_p_TCGA_b122_128_SNP_N_GenomeWideSNP_6_E09_781832	2	453432	1033756	431	0.0506
FOXED_p_TCGA_b122_128_SNP_N_GenomeWideSNP_6_E09_781832	2	1036247	1037581	3	-1.7286
FOXED_p_TCGA_b122_128_SNP_N_GenomeWideSNP_6_E09_781832	2	1037783	34691069	23380	0.0532
FOXED_p_TCGA_b122_128_SNP_N_GenomeWideSNP_6_E09_781832	2	34699315	34723203	36	-0.2953
FOXED_p_TCGA_b122_128_SNP_N_GenomeWideSNP_6_E09_781832	2	34723301	35669707	649	0.073
FOXED_p_TCGA_b122_128_SNP_N_GenomeWideSNP_6_E09_781832	2	35670363	35670916	4	-1.0845
FOXED_p_TCGA_b122_128_SNP_N_GenomeWideSNP_6_E09_781832	2	35672382	35904806	184	0.1855
FOXED_p_TCGA_b122_128_SNP_N_GenomeWideSNP_6_E09_781832	2	35905670	35925531	15	-0.1804
FOXED_p_TCGA_b122_128_SNP_N_GenomeWideSNP_6_E09_781832	2	35926073	35975973	34	0.2285
FOXED_p_TCGA_b122_128_SNP_N_GenomeWideSNP_6_E09_781832	2	35977790	35987916	6	-1.3979
FOXED_p_TCGA_b122_128_SNP_N_GenomeWideSNP_6_E09_781832	2	35987947	52754728	12166	0.0674
FOXED_p_TCGA_b122_128_SNP_N_GenomeWideSNP_6_E09_781832	2	52754865	52781542	35	0.9189
FOXED_p_TCGA_b122_128_SNP_N_GenomeWideSNP_6_E09_781832	2	52787949	77886659	16270	0.0742
FOXED_p_TCGA_b122_128_SNP_N_GenomeWideSNP_6_E09_781832	2	77898110	77958771	33	0.3795
FOXED_p_TCGA_b122_128_SNP_N_GenomeWideSNP_6_E09_781832	2	77959537	77974045	7	0.0189
FOXED_p_TCGA_b122_128_SNP_N_GenomeWideSNP_6_E09_781832	2	77976698	77996666	46	0.7153
FOXED_p_TCGA_b122_128_SNP_N_GenomeWideSNP_6_E09_781832	2	77996870	86937687	5583	0.0685
FOXED_p_TCGA_b122_128_SNP_N_GenomeWideSNP_6_E09_781832	2	86953070	86953854	2	1.8863
FOXED_p_TCGA_b122_128_SNP_N_GenomeWideSNP_6_E09_781832	2	86970406	106881633	7730	0.0719
FOXED_p_TCGA_b122_128_SNP_N_GenomeWideSNP_6_E09_781832	2	106883229	106885357	8	0.9136
FOXED_p_TCGA_b122_128_SNP_N_GenomeWideSNP_6_E09_781832	2	106887255	129638078	13445	0.0638
FOXED_p_TCGA_b122_128_SNP_N_GenomeWideSNP_6_E09_781832	2	129638478	129640297	14	-0.6375
FOXED_p_TCGA_b122_128_SNP_N_GenomeWideSNP_6_E09_781832	2	129640315	133009808	1602	0.033
FOXED_p_TCGA_b122_128_SNP_N_GenomeWideSNP_6_E09_781832	2	133012191	133108026	31	0.6232
FOXED_p_TCGA_b122_128_SNP_N_GenomeWideSNP_6_E09_781832	2	133114536	146862085	8849	0.0392
FOXED_p_TCGA_b122_128_SNP_N_GenomeWideSNP_6_E09_781832	2	146864404	146866934	24	-2.0713
FOXED_p_TCGA_b122_128_SNP_N_GenomeWideSNP_6_E09_781832	2	146877806	154479035	4636	0.045
FOXED_p_TCGA_b122_128_SNP_N_GenomeWideSNP_6_E09_781832	2	154479295	154516093	25	0.4065
FOXED_p_TCGA_b122_128_SNP_N_GenomeWideSNP_6_E09_781832	2	154516655	177370261	13905	0.0663
FOXED_p_TCGA_b122_128_SNP_N_GenomeWideSNP_6_E09_781832	2	177370519	177379051	2	-1.3889
FOXED_p_TCGA_b122_128_SNP_N_GenomeWideSNP_6_E09_781832	2	177382589	180413371	1950	0.0592
FOXED_p_TCGA_b122_128_SNP_N_GenomeWideSNP_6_E09_781832	2	180418211	180422137	30	-0.7656
FOXED_p_TCGA_b122_128_SNP_N_GenomeWideSNP_6_E09_781832	2	180425643	189567087	5394	0.0895
FOXED_p_TCGA_b122_128_SNP_N_GenomeWideSNP_6_E09_781832	2	189567771	189583910	36	0.4068
FOXED_p_TCGA_b122_128_SNP_N_GenomeWideSNP_6_E09_781832	2	189583964	195753857	3486	0.0869
FOXED_p_TCGA_b122_128_SNP_N_GenomeWideSNP_6_E09_781832	2	195755513	195756216	2	1.5555
FOXED_p_TCGA_b122_128_SNP_N_GenomeWideSNP_6_E09_781832	2	195756905	208354955	7539	0.0605
FOXED_p_TCGA_b122_128_SNP_N_GenomeWideSNP_6_E09_781832	2	208355178	208359149	14	0.5785
FOXED_p_TCGA_b122_128_SNP_N_GenomeWideSNP_6_E09_781832	2	208359336	209546436	769	0.0696
FOXED_p_TCGA_b122_128_SNP_N_GenomeWideSNP_6_E09_781832	2	209546440	209546664	3	1.0407
FOXED_p_TCGA_b122_128_SNP_N_GenomeWideSNP_6_E09_781832	2	209551939	213162168	2245	0.0539
FOXED_p_TCGA_b122_128_SNP_N_GenomeWideSNP_6_E09_781832	2	213162300	213192844	61	0.2874
FOXED_p_TCGA_b122_128_SNP_N_GenomeWideSNP_6_E09_781832	2	213192962	229757006	10821	0.0553
FOXED_p_TCGA_b122_128_SNP_N_GenomeWideSNP_6_E09_781832	2	229759479	229759913	8	-1.0857
FOXED_p_TCGA_b122_128_SNP_N_GenomeWideSNP_6_E09_781832	2	229760083	243089456	8235	0.0388
FOXED_p_TCGA_b122_128_SNP_N_GenomeWideSNP_6_E09_781832	3	60345	37977417	27659	-0.1515
FOXED_p_TCGA_b122_128_SNP_N_GenomeWideSNP_6_E09_781832	3	37982108	37986928	18	-1.2073
FOXED_p_TCGA_b122_128_SNP_N_GenomeWideSNP_6_E09_781832	3	37987106	68746259	20131	-0.1629
FOXED_p_TCGA_b122_128_SNP_N_GenomeWideSNP_6_E09_781832	3	68746284	68747413	13	-1.796
FOXED_p_TCGA_b122_128_SNP_N_GenomeWideSNP_6_E09_781832	3	68748758	75568549	4928	-0.1617
FOXED_p_TCGA_b122_128_SNP_N_GenomeWideSNP_6_E09_781832	3	75572549	75577304	3	-2.2295
FOXED_p_TCGA_b122_128_SNP_N_GenomeWideSNP_6_E09_781832	3	75578858	75645384	12	-0.2911
FOXED_p_TCGA_b122_128_SNP_N_GenomeWideSNP_6_E09_781832	3	75649234	75842878	55	0.1214
FOXED_p_TCGA_b122_128_SNP_N_GenomeWideSNP_6_E09_781832	3	75843507	82436395	3787	-0.161
FOXED_p_TCGA_b122_128_SNP_N_GenomeWideSNP_6_E09_781832	3	82438134	82576249	94	-0.4569
FOXED_p_TCGA_b122_128_SNP_N_GenomeWideSNP_6_E09_781832	3	82586490	98937784	7065	-0.1418
FOXED_p_TCGA_b122_128_SNP_N_GenomeWideSNP_6_E09_781832	3	98944458	98949314	37	0.3461
FOXED_p_TCGA_b122_128_SNP_N_GenomeWideSNP_6_E09_781832	3	98949421	129761124	18723	-0.1517
FOXED_p_TCGA_b122_128_SNP_N_GenomeWideSNP_6_E09_781832	3	129762859	129798735	47	0.5335
FOXED_p_TCGA_b122_128_SNP_N_GenomeWideSNP_6_E09_781832	3	129798781	162123366	20008	-0.1459
FOXED_p_TCGA_b122_128_SNP_N_GenomeWideSNP_6_E09_781832	3	162137600	162142496	10	-0.7713
FOXED_p_TCGA_b122_128_SNP_N_GenomeWideSNP_6_E09_781832	3	162142576	162218869	71	-0.1944
FOXED_p_TCGA_b122_128_SNP_N_GenomeWideSNP_6_E09_781832	3	162218885	162226959	23	0.1802
FOXED_p_TCGA_b122_128_SNP_N_GenomeWideSNP_6_E09_781832	3	162236534	162237128	5	-0.8493
FOXED_p_TCGA_b122_128_SNP_N_GenomeWideSNP_6_E09_781832	3	162237290	162512657	167	-0.1165
FOXED_p_TCGA_b122_128_SNP_N_GenomeWideSNP_6_E09_781832	3	162512739	162623853	65	-0.5972
FOXED_p_TCGA_b122_128_SNP_N_GenomeWideSNP_6_E09_781832	3	162623881	165059272	1346	-0.1224
FOXED_p_TCGA_b122_128_SNP_N_GenomeWideSNP_6_E09_781832	3	165059374	165088522	42	0.2064
FOXED_p_TCGA_b122_128_SNP_N_GenomeWideSNP_6_E09_781832	3	165093633	174213657	5633	-0.1226
FOXED_p_TCGA_b122_128_SNP_N_GenomeWideSNP_6_E09_781832	3	174217522	174228932	9	-0.3499
FOXED_p_TCGA_b122_128_SNP_N_GenomeWideSNP_6_E09_781832	3	174229465	174353869	68	-0.6863
FOXED_p_TCGA_b122_128_SNP_N_GenomeWideSNP_6_E09_781832	3	174355158	174403767	53	-0.385
FOXED_p_TCGA_b122_128_SNP_N_GenomeWideSNP_6_E09_781832	3	174418538	192850845	11996	-0.1409
FOXED_p_TCGA_b122_128_SNP_N_GenomeWideSNP_6_E09_781832	3	192850865	192850904	2	-2.15
FOXED_p_TCGA_b122_128_SNP_N_GenomeWideSNP_6_E09_781832	3	192851363	192877962	33	-0.0808
FOXED_p_TCGA_b122_128_SNP_N_GenomeWideSNP_6_E09_781832	3	192878045	192882903	18	0.4768
FOXED_p_TCGA_b122_128_SNP_N_GenomeWideSNP_6_E09_781832	3	192886435	194604054	1143	-0.1522
FOXED_p_TCGA_b122_128_SNP_N_GenomeWideSNP_6_E09_781832	3	194606652	194642628	23	0.2329
FOXED_p_TCGA_b122_128_SNP_N_GenomeWideSNP_6_E09_781832	3	194646814	195442582	340	-0.1616
FOXED_p_TCGA_b122_128_SNP_N_GenomeWideSNP_6_E09_781832	3	195446597	195473796	21	0.3979
FOXED_p_TCGA_b122_128_SNP_N_GenomeWideSNP_6_E09_781832	3	195474182	196664159	548	-0.148
FOXED_p_TCGA_b122_128_SNP_N_GenomeWideSNP_6_E09_781832	3	196665798	196666059	2	-2.1164
FOXED_p_TCGA_b122_128_SNP_N_GenomeWideSNP_6_E09_781832	3	196674749	197896118	625	-0.0939
FOXED_p_TCGA_b122_128_SNP_N_GenomeWideSNP_6_E09_781832	4	12281	62126	54	0.2778
FOXED_p_TCGA_b122_128_SNP_N_GenomeWideSNP_6_E09_781832	4	65677	296383	117	-0.08
FOXED_p_TCGA_b122_128_SNP_N_GenomeWideSNP_6_E09_781832	4	297932	297989	2	-2.249
FOXED_p_TCGA_b122_128_SNP_N_GenomeWideSNP_6_E09_781832	4	298772	10223416	5607	-0.2069
FOXED_p_TCGA_b122_128_SNP_N_GenomeWideSNP_6_E09_781832	4	10223628	10234608	30	-2.138
FOXED_p_TCGA_b122_128_SNP_N_GenomeWideSNP_6_E09_781832	4	10235007	34779054	16987	-0.1826
FOXED_p_TCGA_b122_128_SNP_N_GenomeWideSNP_6_E09_781832	4	34786500	34824725	38	-2.6141
FOXED_p_TCGA_b122_128_SNP_N_GenomeWideSNP_6_E09_781832	4	34829872	49650106	9001	-0.1633
FOXED_p_TCGA_b122_128_SNP_N_GenomeWideSNP_6_E09_781832	4	49655363	52685993	7	0.5797
FOXED_p_TCGA_b122_128_SNP_N_GenomeWideSNP_6_E09_781832	4	52686044	55497886	1824	-0.1796
FOXED_p_TCGA_b122_128_SNP_N_GenomeWideSNP_6_E09_781832	4	55501726	55505360	4	-1.7618
FOXED_p_TCGA_b122_128_SNP_N_GenomeWideSNP_6_E09_781832	4	55505933	64684169	5732	-0.1882
FOXED_p_TCGA_b122_128_SNP_N_GenomeWideSNP_6_E09_781832	4	64687561	64723193	44	0.1976
FOXED_p_TCGA_b122_128_SNP_N_GenomeWideSNP_6_E09_781832	4	64725504	68890095	2654	-0.185
FOXED_p_TCGA_b122_128_SNP_N_GenomeWideSNP_6_E09_781832	4	68890194	68912860	13	0.3416
FOXED_p_TCGA_b122_128_SNP_N_GenomeWideSNP_6_E09_781832	4	68919096	69226848	179	-0.1694
FOXED_p_TCGA_b122_128_SNP_N_GenomeWideSNP_6_E09_781832	4	69244434	69256759	4	-1.1979
FOXED_p_TCGA_b122_128_SNP_N_GenomeWideSNP_6_E09_781832	4	69256760	69372003	25	-0.0337
FOXED_p_TCGA_b122_128_SNP_N_GenomeWideSNP_6_E09_781832	4	69374941	69615381	94	0.3253
FOXED_p_TCGA_b122_128_SNP_N_GenomeWideSNP_6_E09_781832	4	69628493	92392152	14142	-0.1783
FOXED_p_TCGA_b122_128_SNP_N_GenomeWideSNP_6_E09_781832	4	92395860	92481535	56	0.0711
FOXED_p_TCGA_b122_128_SNP_N_GenomeWideSNP_6_E09_781832	4	92482074	93880490	684	-0.1757
FOXED_p_TCGA_b122_128_SNP_N_GenomeWideSNP_6_E09_781832	4	93881365	93922871	22	0.201
FOXED_p_TCGA_b122_128_SNP_N_GenomeWideSNP_6_E09_781832	4	93933679	108050612	8349	-0.183
FOXED_p_TCGA_b122_128_SNP_N_GenomeWideSNP_6_E09_781832	4	108050955	108073808	30	0.15
FOXED_p_TCGA_b122_128_SNP_N_GenomeWideSNP_6_E09_781832	4	108075267	112348343	2611	-0.1862
FOXED_p_TCGA_b122_128_SNP_N_GenomeWideSNP_6_E09_781832	4	112348362	112390469	39	0.1985
FOXED_p_TCGA_b122_128_SNP_N_GenomeWideSNP_6_E09_781832	4	112390503	115173700	1774	-0.1783
FOXED_p_TCGA_b122_128_SNP_N_GenomeWideSNP_6_E09_781832	4	115175323	115182175	23	0.5678
FOXED_p_TCGA_b122_128_SNP_N_GenomeWideSNP_6_E09_781832	4	115184229	115507624	226	-0.1419
FOXED_p_TCGA_b122_128_SNP_N_GenomeWideSNP_6_E09_781832	4	115508166	115510454	3	-1.1734
FOXED_p_TCGA_b122_128_SNP_N_GenomeWideSNP_6_E09_781832	4	115514426	116164211	375	-0.1721
FOXED_p_TCGA_b122_128_SNP_N_GenomeWideSNP_6_E09_781832	4	116164229	116176125	30	0.1866
FOXED_p_TCGA_b122_128_SNP_N_GenomeWideSNP_6_E09_781832	4	116180182	122281973	3718	-0.1872
FOXED_p_TCGA_b122_128_SNP_N_GenomeWideSNP_6_E09_781832	4	122282468	122291131	29	-1.2403
FOXED_p_TCGA_b122_128_SNP_N_GenomeWideSNP_6_E09_781832	4	122291522	126158832	2184	-0.1853
FOXED_p_TCGA_b122_128_SNP_N_GenomeWideSNP_6_E09_781832	4	126159339	126160161	2	-1.6024
FOXED_p_TCGA_b122_128_SNP_N_GenomeWideSNP_6_E09_781832	4	126160628	135039504	5003	-0.1801
FOXED_p_TCGA_b122_128_SNP_N_GenomeWideSNP_6_E09_781832	4	135040224	135121601	39	0.1181
FOXED_p_TCGA_b122_128_SNP_N_GenomeWideSNP_6_E09_781832	4	135126705	135137508	4	-0.8723
FOXED_p_TCGA_b122_128_SNP_N_GenomeWideSNP_6_E09_781832	4	135138220	135192813	27	0.1467
FOXED_p_TCGA_b122_128_SNP_N_GenomeWideSNP_6_E09_781832	4	135199165	135678185	278	-0.1919
FOXED_p_TCGA_b122_128_SNP_N_GenomeWideSNP_6_E09_781832	4	135678228	135679163	2	-1.4338
FOXED_p_TCGA_b122_128_SNP_N_GenomeWideSNP_6_E09_781832	4	135679774	137939370	1229	-0.2149
FOXED_p_TCGA_b122_128_SNP_N_GenomeWideSNP_6_E09_781832	4	137939504	137954385	26	0.1429
FOXED_p_TCGA_b122_128_SNP_N_GenomeWideSNP_6_E09_781832	4	137954595	138080761	77	-0.208
FOXED_p_TCGA_b122_128_SNP_N_GenomeWideSNP_6_E09_781832	4	138082638	138140649	56	0.0856
FOXED_p_TCGA_b122_128_SNP_N_GenomeWideSNP_6_E09_781832	4	138140966	138182433	50	-0.251
FOXED_p_TCGA_b122_128_SNP_N_GenomeWideSNP_6_E09_781832	4	138182481	138183298	21	0.351
FOXED_p_TCGA_b122_128_SNP_N_GenomeWideSNP_6_E09_781832	4	138183527	168828989	19079	-0.1888
FOXED_p_TCGA_b122_128_SNP_N_GenomeWideSNP_6_E09_781832	4	168829106	168841223	17	-0.4772
FOXED_p_TCGA_b122_128_SNP_N_GenomeWideSNP_6_E09_781832	4	168842499	170844144	1282	-0.1886
FOXED_p_TCGA_b122_128_SNP_N_GenomeWideSNP_6_E09_781832	4	170844480	170847041	4	-1.3864
FOXED_p_TCGA_b122_128_SNP_N_GenomeWideSNP_6_E09_781832	4	170847532	172368531	969	-0.1878
FOXED_p_TCGA_b122_128_SNP_N_GenomeWideSNP_6_E09_781832	4	172369346	172377458	10	-0.739
FOXED_p_TCGA_b122_128_SNP_N_GenomeWideSNP_6_E09_781832	4	172377710	172832692	273	-0.2004
FOXED_p_TCGA_b122_128_SNP_N_GenomeWideSNP_6_E09_781832	4	172833803	172849152	12	0.1945
FOXED_p_TCGA_b122_128_SNP_N_GenomeWideSNP_6_E09_781832	4	172851044	172868303	16	-0.2509
FOXED_p_TCGA_b122_128_SNP_N_GenomeWideSNP_6_E09_781832	4	172868453	172876770	4	-1.0576
FOXED_p_TCGA_b122_128_SNP_N_GenomeWideSNP_6_E09_781832	4	172877037	172989224	96	-0.1799
FOXED_p_TCGA_b122_128_SNP_N_GenomeWideSNP_6_E09_781832	4	172989300	172989533	9	0.6073
FOXED_p_TCGA_b122_128_SNP_N_GenomeWideSNP_6_E09_781832	4	172995979	173422272	225	-0.193
FOXED_p_TCGA_b122_128_SNP_N_GenomeWideSNP_6_E09_781832	4	173422287	173474164	29	0.2607
FOXED_p_TCGA_b122_128_SNP_N_GenomeWideSNP_6_E09_781832	4	173474369	190189043	11474	-0.1886
FOXED_p_TCGA_b122_128_SNP_N_GenomeWideSNP_6_E09_781832	4	190195118	190199264	4	-2.6132
FOXED_p_TCGA_b122_128_SNP_N_GenomeWideSNP_6_E09_781832	4	190199771	191027923	386	-0.1043
FOXED_p_TCGA_b122_128_SNP_N_GenomeWideSNP_6_E09_781832	5	15532	13802063	10785	0.0333
FOXED_p_TCGA_b122_128_SNP_N_GenomeWideSNP_6_E09_781832	5	13802998	13821751	9	0.5669
FOXED_p_TCGA_b122_128_SNP_N_GenomeWideSNP_6_E09_781832	5	13822140	20676877	4572	0.0731
FOXED_p_TCGA_b122_128_SNP_N_GenomeWideSNP_6_E09_781832	5	20687719	20765911	29	0.3543
FOXED_p_TCGA_b122_128_SNP_N_GenomeWideSNP_6_E09_781832	5	20770443	21393124	331	0.0417
FOXED_p_TCGA_b122_128_SNP_N_GenomeWideSNP_6_E09_781832	5	21395998	21575971	94	0.2741
FOXED_p_TCGA_b122_128_SNP_N_GenomeWideSNP_6_E09_781832	5	21576090	24560193	1722	0.0365
FOXED_p_TCGA_b122_128_SNP_N_GenomeWideSNP_6_E09_781832	5	24560211	24577451	16	0.4324
FOXED_p_TCGA_b122_128_SNP_N_GenomeWideSNP_6_E09_781832	5	24577659	26789496	1368	0.0544
FOXED_p_TCGA_b122_128_SNP_N_GenomeWideSNP_6_E09_781832	5	26797760	26797844	2	-2.0412
FOXED_p_TCGA_b122_128_SNP_N_GenomeWideSNP_6_E09_781832	5	26803884	28628485	1017	0.042
FOXED_p_TCGA_b122_128_SNP_N_GenomeWideSNP_6_E09_781832	5	28631499	28719681	67	0.3041
FOXED_p_TCGA_b122_128_SNP_N_GenomeWideSNP_6_E09_781832	5	28720094	34564023	3913	0.065
FOXED_p_TCGA_b122_128_SNP_N_GenomeWideSNP_6_E09_781832	5	34564835	34566786	4	-1.0776
FOXED_p_TCGA_b122_128_SNP_N_GenomeWideSNP_6_E09_781832	5	34566860	57321586	11955	0.0785
FOXED_p_TCGA_b122_128_SNP_N_GenomeWideSNP_6_E09_781832	5	57321646	57333515	32	-0.9888
FOXED_p_TCGA_b122_128_SNP_N_GenomeWideSNP_6_E09_781832	5	57333533	61573372	2839	0.0512
FOXED_p_TCGA_b122_128_SNP_N_GenomeWideSNP_6_E09_781832	5	61574991	61575920	2	-1.1419
FOXED_p_TCGA_b122_128_SNP_N_GenomeWideSNP_6_E09_781832	5	61576273	68829347	4458	0.0744
FOXED_p_TCGA_b122_128_SNP_N_GenomeWideSNP_6_E09_781832	5	68846303	69313688	10	-0.4953
FOXED_p_TCGA_b122_128_SNP_N_GenomeWideSNP_6_E09_781832	5	70178835	85178546	9144	0.0621
FOXED_p_TCGA_b122_128_SNP_N_GenomeWideSNP_6_E09_781832	5	85181510	85209042	13	0.5308
FOXED_p_TCGA_b122_128_SNP_N_GenomeWideSNP_6_E09_781832	5	85211913	91201134	3230	0.0647
FOXED_p_TCGA_b122_128_SNP_N_GenomeWideSNP_6_E09_781832	5	91208018	91273283	32	0.3636
FOXED_p_TCGA_b122_128_SNP_N_GenomeWideSNP_6_E09_781832	5	91273510	97050743	3215	0.0753
FOXED_p_TCGA_b122_128_SNP_N_GenomeWideSNP_6_E09_781832	5	97051344	97241462	102	0.2422
FOXED_p_TCGA_b122_128_SNP_N_GenomeWideSNP_6_E09_781832	5	97244970	103851221	3824	0.1066
FOXED_p_TCGA_b122_128_SNP_N_GenomeWideSNP_6_E09_781832	5	103860373	103860604	4	-1.3753
FOXED_p_TCGA_b122_128_SNP_N_GenomeWideSNP_6_E09_781832	5	103861049	173202507	45910	0.0657
FOXED_p_TCGA_b122_128_SNP_N_GenomeWideSNP_6_E09_781832	5	173205058	173206216	7	-1.4128
FOXED_p_TCGA_b122_128_SNP_N_GenomeWideSNP_6_E09_781832	5	173206371	179103726	3492	0.0635
FOXED_p_TCGA_b122_128_SNP_N_GenomeWideSNP_6_E09_781832	5	179104050	179105267	11	-0.485
FOXED_p_TCGA_b122_128_SNP_N_GenomeWideSNP_6_E09_781832	5	179105328	180378888	719	0.0677
FOXED_p_TCGA_b122_128_SNP_N_GenomeWideSNP_6_E09_781832	5	180380203	180414465	12	0.897
FOXED_p_TCGA_b122_128_SNP_N_GenomeWideSNP_6_E09_781832	5	180417207	180790320	176	-0.0128
FOXED_p_TCGA_b122_128_SNP_N_GenomeWideSNP_6_E09_781832	6	149661	163382	11	0.2794
FOXED_p_TCGA_b122_128_SNP_N_GenomeWideSNP_6_E09_781832	6	172095	23743017	18198	-0.1386
FOXED_p_TCGA_b122_128_SNP_N_GenomeWideSNP_6_E09_781832	6	23744672	23745430	2	-2.9051
FOXED_p_TCGA_b122_128_SNP_N_GenomeWideSNP_6_E09_781832	6	23747732	32452929	4704	-0.139
FOXED_p_TCGA_b122_128_SNP_N_GenomeWideSNP_6_E09_781832	6	32454275	32574381	37	1.4341
FOXED_p_TCGA_b122_128_SNP_N_GenomeWideSNP_6_E09_781832	6	32578082	32686196	67	0.0397
FOXED_p_TCGA_b122_128_SNP_N_GenomeWideSNP_6_E09_781832	6	32688615	32690830	11	0.8016
FOXED_p_TCGA_b122_128_SNP_N_GenomeWideSNP_6_E09_781832	6	32692227	40391564	4939	-0.1265
FOXED_p_TCGA_b122_128_SNP_N_GenomeWideSNP_6_E09_781832	6	40391999	47688792	4670	0.3037
FOXED_p_TCGA_b122_128_SNP_N_GenomeWideSNP_6_E09_781832	6	47690067	47691034	12	-0.1573
FOXED_p_TCGA_b122_128_SNP_N_GenomeWideSNP_6_E09_781832	6	47695002	53931275	4064	0.2964
FOXED_p_TCGA_b122_128_SNP_N_GenomeWideSNP_6_E09_781832	6	53931380	53931855	4	1.7655
FOXED_p_TCGA_b122_128_SNP_N_GenomeWideSNP_6_E09_781832	6	53935348	57928938	2265	0.305
FOXED_p_TCGA_b122_128_SNP_N_GenomeWideSNP_6_E09_781832	6	57932670	58071377	59	-0.0587
FOXED_p_TCGA_b122_128_SNP_N_GenomeWideSNP_6_E09_781832	6	58082096	58774716	253	0.4234
FOXED_p_TCGA_b122_128_SNP_N_GenomeWideSNP_6_E09_781832	6	61886440	62240768	101	-0.0299
FOXED_p_TCGA_b122_128_SNP_N_GenomeWideSNP_6_E09_781832	6	62240809	66160753	2238	0.2756
FOXED_p_TCGA_b122_128_SNP_N_GenomeWideSNP_6_E09_781832	6	66166861	67031565	573	-0.1561
FOXED_p_TCGA_b122_128_SNP_N_GenomeWideSNP_6_E09_781832	6	67031580	67047313	27	0.17
FOXED_p_TCGA_b122_128_SNP_N_GenomeWideSNP_6_E09_781832	6	67048557	67078841	30	-0.074
FOXED_p_TCGA_b122_128_SNP_N_GenomeWideSNP_6_E09_781832	6	67079610	67086085	7	-0.6755
FOXED_p_TCGA_b122_128_SNP_N_GenomeWideSNP_6_E09_781832	6	67086115	67206289	98	-0.1862
FOXED_p_TCGA_b122_128_SNP_N_GenomeWideSNP_6_E09_781832	6	67206939	67207600	3	0.4742
FOXED_p_TCGA_b122_128_SNP_N_GenomeWideSNP_6_E09_781832	6	67207617	67790773	506	-0.1423
FOXED_p_TCGA_b122_128_SNP_N_GenomeWideSNP_6_E09_781832	6	67795281	67802497	11	0.4686
FOXED_p_TCGA_b122_128_SNP_N_GenomeWideSNP_6_E09_781832	6	67802735	69466367	1047	-0.1232
FOXED_p_TCGA_b122_128_SNP_N_GenomeWideSNP_6_E09_781832	6	69470944	69475322	5	-1.3186
FOXED_p_TCGA_b122_128_SNP_N_GenomeWideSNP_6_E09_781832	6	69475930	70916998	928	-0.123
FOXED_p_TCGA_b122_128_SNP_N_GenomeWideSNP_6_E09_781832	6	70917685	70917973	3	-1.5168
FOXED_p_TCGA_b122_128_SNP_N_GenomeWideSNP_6_E09_781832	6	70918129	71722821	474	-0.1393
FOXED_p_TCGA_b122_128_SNP_N_GenomeWideSNP_6_E09_781832	6	71724524	71724814	3	0.8591
FOXED_p_TCGA_b122_128_SNP_N_GenomeWideSNP_6_E09_781832	6	71726539	74591858	1887	-0.1495
FOXED_p_TCGA_b122_128_SNP_N_GenomeWideSNP_6_E09_781832	6	74592225	74601410	10	0.9199
FOXED_p_TCGA_b122_128_SNP_N_GenomeWideSNP_6_E09_781832	6	74603555	75533512	611	-0.1317
FOXED_p_TCGA_b122_128_SNP_N_GenomeWideSNP_6_E09_781832	6	75534180	75534396	3	0.8577
FOXED_p_TCGA_b122_128_SNP_N_GenomeWideSNP_6_E09_781832	6	75534581	77439868	1156	-0.1386
FOXED_p_TCGA_b122_128_SNP_N_GenomeWideSNP_6_E09_781832	6	77440048	77467931	22	0.3508
FOXED_p_TCGA_b122_128_SNP_N_GenomeWideSNP_6_E09_781832	6	77468466	78955868	964	-0.1284
FOXED_p_TCGA_b122_128_SNP_N_GenomeWideSNP_6_E09_781832	6	78956554	78995090	44	0.2104
FOXED_p_TCGA_b122_128_SNP_N_GenomeWideSNP_6_E09_781832	6	78995106	79014340	34	0.5517
FOXED_p_TCGA_b122_128_SNP_N_GenomeWideSNP_6_E09_781832	6	79019103	79039234	48	0.2263
FOXED_p_TCGA_b122_128_SNP_N_GenomeWideSNP_6_E09_781832	6	79041633	101153348	13947	-0.1426
FOXED_p_TCGA_b122_128_SNP_N_GenomeWideSNP_6_E09_781832	6	101153665	101230382	45	0.1129
FOXED_p_TCGA_b122_128_SNP_N_GenomeWideSNP_6_E09_781832	6	101230860	103734829	1481	-0.1469
FOXED_p_TCGA_b122_128_SNP_N_GenomeWideSNP_6_E09_781832	6	103737976	103762061	46	0.3572
FOXED_p_TCGA_b122_128_SNP_N_GenomeWideSNP_6_E09_781832	6	103765470	113973396	6487	-0.1462
FOXED_p_TCGA_b122_128_SNP_N_GenomeWideSNP_6_E09_781832	6	113974057	113974896	2	-1.7971
FOXED_p_TCGA_b122_128_SNP_N_GenomeWideSNP_6_E09_781832	6	113975118	118692514	2751	-0.1387
FOXED_p_TCGA_b122_128_SNP_N_GenomeWideSNP_6_E09_781832	6	118692981	118872300	96	0.1086
FOXED_p_TCGA_b122_128_SNP_N_GenomeWideSNP_6_E09_781832	6	118874345	124275231	3227	-0.1441
FOXED_p_TCGA_b122_128_SNP_N_GenomeWideSNP_6_E09_781832	6	124275316	124292360	12	-0.8754
FOXED_p_TCGA_b122_128_SNP_N_GenomeWideSNP_6_E09_781832	6	124292594	137366551	8653	-0.1421
FOXED_p_TCGA_b122_128_SNP_N_GenomeWideSNP_6_E09_781832	6	137366623	140968292	2297	0.271
FOXED_p_TCGA_b122_128_SNP_N_GenomeWideSNP_6_E09_781832	6	140980810	141126717	67	0.5143
FOXED_p_TCGA_b122_128_SNP_N_GenomeWideSNP_6_E09_781832	6	141126974	157779495	11219	0.264
FOXED_p_TCGA_b122_128_SNP_N_GenomeWideSNP_6_E09_781832	6	157781264	157796076	3	-0.8049
FOXED_p_TCGA_b122_128_SNP_N_GenomeWideSNP_6_E09_781832	6	157796994	158641898	492	0.2807
FOXED_p_TCGA_b122_128_SNP_N_GenomeWideSNP_6_E09_781832	6	158642055	158642566	6	-0.4725
FOXED_p_TCGA_b122_128_SNP_N_GenomeWideSNP_6_E09_781832	6	158642580	162250726	2593	0.2689
FOXED_p_TCGA_b122_128_SNP_N_GenomeWideSNP_6_E09_781832	6	162252602	162256779	13	-0.1426
FOXED_p_TCGA_b122_128_SNP_N_GenomeWideSNP_6_E09_781832	6	162256923	162562510	303	0.2453
FOXED_p_TCGA_b122_128_SNP_N_GenomeWideSNP_6_E09_781832	6	162564054	162634401	62	-0.1888
FOXED_p_TCGA_b122_128_SNP_N_GenomeWideSNP_6_E09_781832	6	162635045	162771929	104	0.2503
FOXED_p_TCGA_b122_128_SNP_N_GenomeWideSNP_6_E09_781832	6	162772362	163155451	285	-0.2273
FOXED_p_TCGA_b122_128_SNP_N_GenomeWideSNP_6_E09_781832	6	163157655	168332501	3706	0.2567
FOXED_p_TCGA_b122_128_SNP_N_GenomeWideSNP_6_E09_781832	6	168335278	168595919	179	1.2489
FOXED_p_TCGA_b122_128_SNP_N_GenomeWideSNP_6_E09_781832	6	168597242	171051005	1689	0.2317
FOXED_p_TCGA_b122_128_SNP_N_GenomeWideSNP_6_E09_781832	7	43355	9215547	5460	0.2911
FOXED_p_TCGA_b122_128_SNP_N_GenomeWideSNP_6_E09_781832	7	9222669	9223721	6	-0.7508
FOXED_p_TCGA_b122_128_SNP_N_GenomeWideSNP_6_E09_781832	7	9226970	9902589	538	0.3018
FOXED_p_TCGA_b122_128_SNP_N_GenomeWideSNP_6_E09_781832	7	9904713	10035793	99	0.5466
FOXED_p_TCGA_b122_128_SNP_N_GenomeWideSNP_6_E09_781832	7	10049901	12337549	1859	0.3001
FOXED_p_TCGA_b122_128_SNP_N_GenomeWideSNP_6_E09_781832	7	12338058	12339360	2	-1.0697
FOXED_p_TCGA_b122_128_SNP_N_GenomeWideSNP_6_E09_781832	7	12339495	15431632	2452	0.3004
FOXED_p_TCGA_b122_128_SNP_N_GenomeWideSNP_6_E09_781832	7	15431670	15433289	2	-1.9463
FOXED_p_TCGA_b122_128_SNP_N_GenomeWideSNP_6_E09_781832	7	15434065	19251781	3247	0.3326
FOXED_p_TCGA_b122_128_SNP_N_GenomeWideSNP_6_E09_781832	7	19255957	19256103	2	-1.0076
FOXED_p_TCGA_b122_128_SNP_N_GenomeWideSNP_6_E09_781832	7	19256239	84164108	38869	0.2802
FOXED_p_TCGA_b122_128_SNP_N_GenomeWideSNP_6_E09_781832	7	84164755	84165788	4	-1.5121
FOXED_p_TCGA_b122_128_SNP_N_GenomeWideSNP_6_E09_781832	7	84166793	88751636	2696	0.3052
FOXED_p_TCGA_b122_128_SNP_N_GenomeWideSNP_6_E09_781832	7	88751897	88762225	7	-0.7042
FOXED_p_TCGA_b122_128_SNP_N_GenomeWideSNP_6_E09_781832	7	88763641	97385933	5510	0.2957
FOXED_p_TCGA_b122_128_SNP_N_GenomeWideSNP_6_E09_781832	7	97385970	97401932	10	-0.1955
FOXED_p_TCGA_b122_128_SNP_N_GenomeWideSNP_6_E09_781832	7	97401959	97407061	26	0.3379
FOXED_p_TCGA_b122_128_SNP_N_GenomeWideSNP_6_E09_781832	7	97417607	97417610	2	1.3651
FOXED_p_TCGA_b122_128_SNP_N_GenomeWideSNP_6_E09_781832	7	97420649	97420652	3	-0.8151
FOXED_p_TCGA_b122_128_SNP_N_GenomeWideSNP_6_E09_781832	7	97421090	100329244	1264	0.2839
FOXED_p_TCGA_b122_128_SNP_N_GenomeWideSNP_6_E09_781832	7	100329265	100332842	2	-1.2224
FOXED_p_TCGA_b122_128_SNP_N_GenomeWideSNP_6_E09_781832	7	100351005	102101306	763	0.2895
FOXED_p_TCGA_b122_128_SNP_N_GenomeWideSNP_6_E09_781832	7	102102164	102317090	8	-0.414
FOXED_p_TCGA_b122_128_SNP_N_GenomeWideSNP_6_E09_781832	7	102317109	102358404	32	0.5446
FOXED_p_TCGA_b122_128_SNP_N_GenomeWideSNP_6_E09_781832	7	102373011	108062358	3652	0.2828
FOXED_p_TCGA_b122_128_SNP_N_GenomeWideSNP_6_E09_781832	7	108062917	108064767	7	-0.6047
FOXED_p_TCGA_b122_128_SNP_N_GenomeWideSNP_6_E09_781832	7	108065487	109437680	900	0.2891
FOXED_p_TCGA_b122_128_SNP_N_GenomeWideSNP_6_E09_781832	7	109437757	109437774	3	1.4488
FOXED_p_TCGA_b122_128_SNP_N_GenomeWideSNP_6_E09_781832	7	109440917	109441960	13	0.5115
FOXED_p_TCGA_b122_128_SNP_N_GenomeWideSNP_6_E09_781832	7	109453713	109453910	6	1.5221
FOXED_p_TCGA_b122_128_SNP_N_GenomeWideSNP_6_E09_781832	7	109453982	109979754	339	0.2677
FOXED_p_TCGA_b122_128_SNP_N_GenomeWideSNP_6_E09_781832	7	109980068	110036898	47	-0.0239
FOXED_p_TCGA_b122_128_SNP_N_GenomeWideSNP_6_E09_781832	7	110037249	110827093	530	0.194
FOXED_p_TCGA_b122_128_SNP_N_GenomeWideSNP_6_E09_781832	7	110830960	111066659	181	0.4407
FOXED_p_TCGA_b122_128_SNP_N_GenomeWideSNP_6_E09_781832	7	111069414	122842075	6973	0.2819
FOXED_p_TCGA_b122_128_SNP_N_GenomeWideSNP_6_E09_781832	7	122842541	122883449	36	0.537
FOXED_p_TCGA_b122_128_SNP_N_GenomeWideSNP_6_E09_781832	7	122884232	126045686	1942	0.2811
FOXED_p_TCGA_b122_128_SNP_N_GenomeWideSNP_6_E09_781832	7	126045744	126046615	8	1.0485
FOXED_p_TCGA_b122_128_SNP_N_GenomeWideSNP_6_E09_781832	7	126046876	133785211	4712	0.2612
FOXED_p_TCGA_b122_128_SNP_N_GenomeWideSNP_6_E09_781832	7	133785309	133799197	34	-0.339
FOXED_p_TCGA_b122_128_SNP_N_GenomeWideSNP_6_E09_781832	7	133806244	143873952	6553	0.2705
FOXED_p_TCGA_b122_128_SNP_N_GenomeWideSNP_6_E09_781832	7	143896252	144066947	44	1.2354
FOXED_p_TCGA_b122_128_SNP_N_GenomeWideSNP_6_E09_781832	7	144074929	154389895	6453	0.2772
FOXED_p_TCGA_b122_128_SNP_N_GenomeWideSNP_6_E09_781832	7	154393171	154399613	4	-2.3215
FOXED_p_TCGA_b122_128_SNP_N_GenomeWideSNP_6_E09_781832	7	154400830	155205099	738	0.2711
FOXED_p_TCGA_b122_128_SNP_N_GenomeWideSNP_6_E09_781832	7	155206518	155207267	4	-0.6443
FOXED_p_TCGA_b122_128_SNP_N_GenomeWideSNP_6_E09_781832	7	155208576	157754923	1653	0.2704
FOXED_p_TCGA_b122_128_SNP_N_GenomeWideSNP_6_E09_781832	7	157754963	157756325	5	-0.8578
FOXED_p_TCGA_b122_128_SNP_N_GenomeWideSNP_6_E09_781832	7	157756400	158111939	196	0.2134
FOXED_p_TCGA_b122_128_SNP_N_GenomeWideSNP_6_E09_781832	7	158113055	158115862	4	-0.9717
FOXED_p_TCGA_b122_128_SNP_N_GenomeWideSNP_6_E09_781832	7	158116391	159117329	627	0.2827
FOXED_p_TCGA_b122_128_SNP_N_GenomeWideSNP_6_E09_781832	7	159117398	159127004	17	-0.5186
FOXED_p_TCGA_b122_128_SNP_N_GenomeWideSNP_6_E09_781832	8	31254	594973	329	0.0414
FOXED_p_TCGA_b122_128_SNP_N_GenomeWideSNP_6_E09_781832	8	595220	595875	6	0.6281
FOXED_p_TCGA_b122_128_SNP_N_GenomeWideSNP_6_E09_781832	8	595892	595908	2	3.7055
FOXED_p_TCGA_b122_128_SNP_N_GenomeWideSNP_6_E09_781832	8	601043	3770471	3090	0.0735
FOXED_p_TCGA_b122_128_SNP_N_GenomeWideSNP_6_E09_781832	8	3770547	3790106	28	-0.4691
FOXED_p_TCGA_b122_128_SNP_N_GenomeWideSNP_6_E09_781832	8	3791218	4050543	447	0.0944
FOXED_p_TCGA_b122_128_SNP_N_GenomeWideSNP_6_E09_781832	8	4050710	4052366	11	-0.6588
FOXED_p_TCGA_b122_128_SNP_N_GenomeWideSNP_6_E09_781832	8	4052810	4139698	163	0.0485
FOXED_p_TCGA_b122_128_SNP_N_GenomeWideSNP_6_E09_781832	8	4141400	4144890	8	-0.6809
FOXED_p_TCGA_b122_128_SNP_N_GenomeWideSNP_6_E09_781832	8	4145054	5594267	2004	0.091
FOXED_p_TCGA_b122_128_SNP_N_GenomeWideSNP_6_E09_781832	8	5598726	5604495	27	-0.658
FOXED_p_TCGA_b122_128_SNP_N_GenomeWideSNP_6_E09_781832	8	5607088	7238019	1734	0.1048
FOXED_p_TCGA_b122_128_SNP_N_GenomeWideSNP_6_E09_781832	8	7250380	7799390	149	-0.339
FOXED_p_TCGA_b122_128_SNP_N_GenomeWideSNP_6_E09_781832	8	7809891	12240162	3317	0.0829
FOXED_p_TCGA_b122_128_SNP_N_GenomeWideSNP_6_E09_781832	8	12240182	12241114	4	-1.2751
FOXED_p_TCGA_b122_128_SNP_N_GenomeWideSNP_6_E09_781832	8	12241160	12644857	186	-0.0522
FOXED_p_TCGA_b122_128_SNP_N_GenomeWideSNP_6_E09_781832	8	12646389	12653533	6	0.7175
FOXED_p_TCGA_b122_128_SNP_N_GenomeWideSNP_6_E09_781832	8	12656883	13543455	874	0.0878
FOXED_p_TCGA_b122_128_SNP_N_GenomeWideSNP_6_E09_781832	8	13543469	13610406	90	0.3306
FOXED_p_TCGA_b122_128_SNP_N_GenomeWideSNP_6_E09_781832	8	13610494	13610886	4	-0.4784
FOXED_p_TCGA_b122_128_SNP_N_GenomeWideSNP_6_E09_781832	8	13612045	24972187	9348	0.0915
FOXED_p_TCGA_b122_128_SNP_N_GenomeWideSNP_6_E09_781832	8	24974443	24976675	10	0.7592
FOXED_p_TCGA_b122_128_SNP_N_GenomeWideSNP_6_E09_781832	8	24978492	24979987	11	1.3089
FOXED_p_TCGA_b122_128_SNP_N_GenomeWideSNP_6_E09_781832	8	24984069	24991235	9	0.7011
FOXED_p_TCGA_b122_128_SNP_N_GenomeWideSNP_6_E09_781832	8	24991274	39230659	9039	0.083
FOXED_p_TCGA_b122_128_SNP_N_GenomeWideSNP_6_E09_781832	8	39235603	39386965	58	-2.3371
FOXED_p_TCGA_b122_128_SNP_N_GenomeWideSNP_6_E09_781832	8	39388299	40467016	855	0.0923
FOXED_p_TCGA_b122_128_SNP_N_GenomeWideSNP_6_E09_781832	8	40469243	40474992	4	-0.6118
FOXED_p_TCGA_b122_128_SNP_N_GenomeWideSNP_6_E09_781832	8	40475513	50438306	3373	0.0923
FOXED_p_TCGA_b122_128_SNP_N_GenomeWideSNP_6_E09_781832	8	50441046	50530732	52	0.3882
FOXED_p_TCGA_b122_128_SNP_N_GenomeWideSNP_6_E09_781832	8	50532823	72212365	13627	0.0951
FOXED_p_TCGA_b122_128_SNP_N_GenomeWideSNP_6_E09_781832	8	72215311	72219863	10	-0.4446
FOXED_p_TCGA_b122_128_SNP_N_GenomeWideSNP_6_E09_781832	8	72220127	78724690	4174	0.1111
FOXED_p_TCGA_b122_128_SNP_N_GenomeWideSNP_6_E09_781832	8	78728743	78769171	30	0.4443
FOXED_p_TCGA_b122_128_SNP_N_GenomeWideSNP_6_E09_781832	8	78773931	79776434	540	0.1284
FOXED_p_TCGA_b122_128_SNP_N_GenomeWideSNP_6_E09_781832	8	79790325	79807756	32	0.4331
FOXED_p_TCGA_b122_128_SNP_N_GenomeWideSNP_6_E09_781832	8	79808576	80890372	700	0.1153
FOXED_p_TCGA_b122_128_SNP_N_GenomeWideSNP_6_E09_781832	8	80893223	80905273	6	0.7362
FOXED_p_TCGA_b122_128_SNP_N_GenomeWideSNP_6_E09_781832	8	80905879	85257989	2493	0.1126
FOXED_p_TCGA_b122_128_SNP_N_GenomeWideSNP_6_E09_781832	8	85262883	85271538	33	0.3896
FOXED_p_TCGA_b122_128_SNP_N_GenomeWideSNP_6_E09_781832	8	85271551	90832040	3047	0.1039
FOXED_p_TCGA_b122_128_SNP_N_GenomeWideSNP_6_E09_781832	8	90837630	90837747	3	-0.7844
FOXED_p_TCGA_b122_128_SNP_N_GenomeWideSNP_6_E09_781832	8	90839620	90853071	8	0.5174
FOXED_p_TCGA_b122_128_SNP_N_GenomeWideSNP_6_E09_781832	8	90853156	92119007	736	0.0931
FOXED_p_TCGA_b122_128_SNP_N_GenomeWideSNP_6_E09_781832	8	92119717	92175393	34	0.4202
FOXED_p_TCGA_b122_128_SNP_N_GenomeWideSNP_6_E09_781832	8	92177415	107101226	9139	0.1101
FOXED_p_TCGA_b122_128_SNP_N_GenomeWideSNP_6_E09_781832	8	107101580	107208556	63	0.376
FOXED_p_TCGA_b122_128_SNP_N_GenomeWideSNP_6_E09_781832	8	107208897	109842068	1760	0.0981
FOXED_p_TCGA_b122_128_SNP_N_GenomeWideSNP_6_E09_781832	8	109844129	109953500	54	0.3659
FOXED_p_TCGA_b122_128_SNP_N_GenomeWideSNP_6_E09_781832	8	109957068	141650616	22241	0.1071
FOXED_p_TCGA_b122_128_SNP_N_GenomeWideSNP_6_E09_781832	8	141656155	142001366	170	0.3328
FOXED_p_TCGA_b122_128_SNP_N_GenomeWideSNP_6_E09_781832	8	142001447	146298155	1812	0.0868
FOXED_p_TCGA_b122_128_SNP_N_GenomeWideSNP_6_E09_781832	9	46587	6689722	6381	0.0767
FOXED_p_TCGA_b122_128_SNP_N_GenomeWideSNP_6_E09_781832	9	6695017	6715049	14	-0.6362
FOXED_p_TCGA_b122_128_SNP_N_GenomeWideSNP_6_E09_781832	9	6716958	23363115	14063	0.0861
FOXED_p_TCGA_b122_128_SNP_N_GenomeWideSNP_6_E09_781832	9	23363933	23372399	6	1.1403
FOXED_p_TCGA_b122_128_SNP_N_GenomeWideSNP_6_E09_781832	9	23373484	44243434	10984	0.0816
FOXED_p_TCGA_b122_128_SNP_N_GenomeWideSNP_6_E09_781832	9	44244880	44385979	13	-0.6117
FOXED_p_TCGA_b122_128_SNP_N_GenomeWideSNP_6_E09_781832	9	44396699	44629223	7	0.1909
FOXED_p_TCGA_b122_128_SNP_N_GenomeWideSNP_6_E09_781832	9	44727859	44855737	36	0.6777
FOXED_p_TCGA_b122_128_SNP_N_GenomeWideSNP_6_E09_781832	9	44866028	85362958	10763	0.0702
FOXED_p_TCGA_b122_128_SNP_N_GenomeWideSNP_6_E09_781832	9	85364105	85364771	2	-1.9921
FOXED_p_TCGA_b122_128_SNP_N_GenomeWideSNP_6_E09_781832	9	85376276	107360146	15099	0.0599
FOXED_p_TCGA_b122_128_SNP_N_GenomeWideSNP_6_E09_781832	9	107360171	107365230	26	0.4265
FOXED_p_TCGA_b122_128_SNP_N_GenomeWideSNP_6_E09_781832	9	107365895	138163994	21356	0.0779
FOXED_p_TCGA_b122_128_SNP_N_GenomeWideSNP_6_E09_781832	9	138164038	138171694	5	-0.9136
FOXED_p_TCGA_b122_128_SNP_N_GenomeWideSNP_6_E09_781832	9	138172097	139089679	439	0.027
FOXED_p_TCGA_b122_128_SNP_N_GenomeWideSNP_6_E09_781832	9	139101465	139120635	13	-0.3315
FOXED_p_TCGA_b122_128_SNP_N_GenomeWideSNP_6_E09_781832	9	139120828	141091394	690	0.0681
FOXED_p_TCGA_b122_128_SNP_N_GenomeWideSNP_6_E09_781832	10	72759	24377675	19225	0.0803
FOXED_p_TCGA_b122_128_SNP_N_GenomeWideSNP_6_E09_781832	10	24377676	24378054	9	-1.5291
FOXED_p_TCGA_b122_128_SNP_N_GenomeWideSNP_6_E09_781832	10	24378908	24379039	4	-0.5952
FOXED_p_TCGA_b122_128_SNP_N_GenomeWideSNP_6_E09_781832	10	24380660	31040517	4907	0.0812
FOXED_p_TCGA_b122_128_SNP_N_GenomeWideSNP_6_E09_781832	10	31040826	31042494	4	-0.7529
FOXED_p_TCGA_b122_128_SNP_N_GenomeWideSNP_6_E09_781832	10	31043130	31246510	126	0.0733
FOXED_p_TCGA_b122_128_SNP_N_GenomeWideSNP_6_E09_781832	10	31251334	31251726	9	-0.5036
FOXED_p_TCGA_b122_128_SNP_N_GenomeWideSNP_6_E09_781832	10	31251738	32951737	1061	0.0922
FOXED_p_TCGA_b122_128_SNP_N_GenomeWideSNP_6_E09_781832	10	32952337	32954392	25	0.435
FOXED_p_TCGA_b122_128_SNP_N_GenomeWideSNP_6_E09_781832	10	32954536	46215431	6166	0.0629
FOXED_p_TCGA_b122_128_SNP_N_GenomeWideSNP_6_E09_781832	10	46215766	46931589	23	-0.2761
FOXED_p_TCGA_b122_128_SNP_N_GenomeWideSNP_6_E09_781832	10	46932195	47055711	77	0.2943
FOXED_p_TCGA_b122_128_SNP_N_GenomeWideSNP_6_E09_781832	10	47058792	47059806	21	-0.1264
FOXED_p_TCGA_b122_128_SNP_N_GenomeWideSNP_6_E09_781832	10	47059821	47587103	97	0.3106
FOXED_p_TCGA_b122_128_SNP_N_GenomeWideSNP_6_E09_781832	10	47587331	47771030	169	-0.0263
FOXED_p_TCGA_b122_128_SNP_N_GenomeWideSNP_6_E09_781832	10	47897394	47948060	4	-1.9525
FOXED_p_TCGA_b122_128_SNP_N_GenomeWideSNP_6_E09_781832	10	47960476	48698626	286	0.0441
FOXED_p_TCGA_b122_128_SNP_N_GenomeWideSNP_6_E09_781832	10	48714583	49389968	39	0.4174
FOXED_p_TCGA_b122_128_SNP_N_GenomeWideSNP_6_E09_781832	10	49390308	51822399	1438	0.0639
FOXED_p_TCGA_b122_128_SNP_N_GenomeWideSNP_6_E09_781832	10	51830360	51891920	5	1.1723
FOXED_p_TCGA_b122_128_SNP_N_GenomeWideSNP_6_E09_781832	10	51903768	53383563	1090	0.1154
FOXED_p_TCGA_b122_128_SNP_N_GenomeWideSNP_6_E09_781832	10	53385984	53398090	11	0.6369
FOXED_p_TCGA_b122_128_SNP_N_GenomeWideSNP_6_E09_781832	10	53398189	55411222	1565	0.0639
FOXED_p_TCGA_b122_128_SNP_N_GenomeWideSNP_6_E09_781832	10	55412667	55457896	64	0.3053
FOXED_p_TCGA_b122_128_SNP_N_GenomeWideSNP_6_E09_781832	10	55459392	56648167	909	0.0463
FOXED_p_TCGA_b122_128_SNP_N_GenomeWideSNP_6_E09_781832	10	56648924	56680277	14	0.418
FOXED_p_TCGA_b122_128_SNP_N_GenomeWideSNP_6_E09_781832	10	56683090	61364115	3339	0.0983
FOXED_p_TCGA_b122_128_SNP_N_GenomeWideSNP_6_E09_781832	10	61364130	61365805	11	-0.6756
FOXED_p_TCGA_b122_128_SNP_N_GenomeWideSNP_6_E09_781832	10	61366264	67279572	3990	0.0899
FOXED_p_TCGA_b122_128_SNP_N_GenomeWideSNP_6_E09_781832	10	67281040	67289290	11	0.5783
FOXED_p_TCGA_b122_128_SNP_N_GenomeWideSNP_6_E09_781832	10	67291230	67308971	34	0.0329
FOXED_p_TCGA_b122_128_SNP_N_GenomeWideSNP_6_E09_781832	10	67309001	67322795	17	-0.5063
FOXED_p_TCGA_b122_128_SNP_N_GenomeWideSNP_6_E09_781832	10	67322926	81047342	9093	0.0773
FOXED_p_TCGA_b122_128_SNP_N_GenomeWideSNP_6_E09_781832	10	81047383	81047575	2	-1.6564
FOXED_p_TCGA_b122_128_SNP_N_GenomeWideSNP_6_E09_781832	10	81053770	84947422	2611	0.067
FOXED_p_TCGA_b122_128_SNP_N_GenomeWideSNP_6_E09_781832	10	84947614	84947722	2	-1.3275
FOXED_p_TCGA_b122_128_SNP_N_GenomeWideSNP_6_E09_781832	10	84947883	135506704	34584	0.0739
FOXED_p_TCGA_b122_128_SNP_N_GenomeWideSNP_6_E09_781832	11	198510	42813151	29988	-0.1437
FOXED_p_TCGA_b122_128_SNP_N_GenomeWideSNP_6_E09_781832	11	42816486	42818039	2	-2.9859
FOXED_p_TCGA_b122_128_SNP_N_GenomeWideSNP_6_E09_781832	11	42820603	55342838	4611	-0.1217
FOXED_p_TCGA_b122_128_SNP_N_GenomeWideSNP_6_E09_781832	11	55343925	55453009	74	0.3153
FOXED_p_TCGA_b122_128_SNP_N_GenomeWideSNP_6_E09_781832	11	55453576	95184355	23756	-0.1393
FOXED_p_TCGA_b122_128_SNP_N_GenomeWideSNP_6_E09_781832	11	95186029	95186100	2	-3.341
FOXED_p_TCGA_b122_128_SNP_N_GenomeWideSNP_6_E09_781832	11	95186307	95186913	2	-1.4113
FOXED_p_TCGA_b122_128_SNP_N_GenomeWideSNP_6_E09_781832	11	95188170	134944770	28583	-0.1512
FOXED_p_TCGA_b122_128_SNP_N_GenomeWideSNP_6_E09_781832	12	150442	9630556	6204	0.3403
FOXED_p_TCGA_b122_128_SNP_N_GenomeWideSNP_6_E09_781832	12	9633870	9713674	22	-1.4496
FOXED_p_TCGA_b122_128_SNP_N_GenomeWideSNP_6_E09_781832	12	9714954	9734970	5	-0.3577
FOXED_p_TCGA_b122_128_SNP_N_GenomeWideSNP_6_E09_781832	12	9735686	10869136	817	0.3373
FOXED_p_TCGA_b122_128_SNP_N_GenomeWideSNP_6_E09_781832	12	10870097	11219423	225	-0.1131
FOXED_p_TCGA_b122_128_SNP_N_GenomeWideSNP_6_E09_781832	12	11220724	11241532	12	0.8267
FOXED_p_TCGA_b122_128_SNP_N_GenomeWideSNP_6_E09_781832	12	11251874	11266831	5	-0.155
FOXED_p_TCGA_b122_128_SNP_N_GenomeWideSNP_6_E09_781832	12	11267707	11305337	18	0.3064
FOXED_p_TCGA_b122_128_SNP_N_GenomeWideSNP_6_E09_781832	12	11308174	16635860	3839	-0.1211
FOXED_p_TCGA_b122_128_SNP_N_GenomeWideSNP_6_E09_781832	12	16636343	33294660	11723	0.3396
FOXED_p_TCGA_b122_128_SNP_N_GenomeWideSNP_6_E09_781832	12	33301406	33307374	27	-0.3921
FOXED_p_TCGA_b122_128_SNP_N_GenomeWideSNP_6_E09_781832	12	33308360	33718811	267	0.4337
FOXED_p_TCGA_b122_128_SNP_N_GenomeWideSNP_6_E09_781832	12	33722802	33736808	26	0.0941
FOXED_p_TCGA_b122_128_SNP_N_GenomeWideSNP_6_E09_781832	12	33737019	39216424	1075	0.4058
FOXED_p_TCGA_b122_128_SNP_N_GenomeWideSNP_6_E09_781832	12	39219832	71792719	20089	-0.1276
FOXED_p_TCGA_b122_128_SNP_N_GenomeWideSNP_6_E09_781832	12	71792892	71826066	23	0.2677
FOXED_p_TCGA_b122_128_SNP_N_GenomeWideSNP_6_E09_781832	12	71828425	74309547	1474	-0.1104
FOXED_p_TCGA_b122_128_SNP_N_GenomeWideSNP_6_E09_781832	12	74309749	74335356	15	0.2378
FOXED_p_TCGA_b122_128_SNP_N_GenomeWideSNP_6_E09_781832	12	74337278	74346264	5	-0.293
FOXED_p_TCGA_b122_128_SNP_N_GenomeWideSNP_6_E09_781832	12	74346863	74357906	8	0.505
FOXED_p_TCGA_b122_128_SNP_N_GenomeWideSNP_6_E09_781832	12	74358554	90482843	9905	-0.1259
FOXED_p_TCGA_b122_128_SNP_N_GenomeWideSNP_6_E09_781832	12	90483347	90493613	11	0.414
FOXED_p_TCGA_b122_128_SNP_N_GenomeWideSNP_6_E09_781832	12	90493626	94636856	2826	-0.1319
FOXED_p_TCGA_b122_128_SNP_N_GenomeWideSNP_6_E09_781832	12	94637198	94639925	3	-1.4646
FOXED_p_TCGA_b122_128_SNP_N_GenomeWideSNP_6_E09_781832	12	94640187	97875669	2303	-0.1506
FOXED_p_TCGA_b122_128_SNP_N_GenomeWideSNP_6_E09_781832	12	97875693	97877688	6	-1.3494
FOXED_p_TCGA_b122_128_SNP_N_GenomeWideSNP_6_E09_781832	12	97878411	116638445	12642	-0.1411
FOXED_p_TCGA_b122_128_SNP_N_GenomeWideSNP_6_E09_781832	12	116639890	116789982	92	0.3191
FOXED_p_TCGA_b122_128_SNP_N_GenomeWideSNP_6_E09_781832	12	116790188	120798565	2682	-0.1503
FOXED_p_TCGA_b122_128_SNP_N_GenomeWideSNP_6_E09_781832	12	120803783	121009577	92	0.362
FOXED_p_TCGA_b122_128_SNP_N_GenomeWideSNP_6_E09_781832	12	121011178	132120715	7953	-0.1688
FOXED_p_TCGA_b122_128_SNP_N_GenomeWideSNP_6_E09_781832	12	132132584	132133335	13	-2.4376
FOXED_p_TCGA_b122_128_SNP_N_GenomeWideSNP_6_E09_781832	12	132142331	133224273	317	-0.18
FOXED_p_TCGA_b122_128_SNP_N_GenomeWideSNP_6_E09_781832	12	133225292	133226196	2	-3.8538
FOXED_p_TCGA_b122_128_SNP_N_GenomeWideSNP_6_E09_781832	12	133226831	133778189	251	-0.1552
FOXED_p_TCGA_b122_128_SNP_N_GenomeWideSNP_6_E09_781832	13	19026949	25035607	4057	0.7769
FOXED_p_TCGA_b122_128_SNP_N_GenomeWideSNP_6_E09_781832	13	25039590	25039598	3	-0.892
FOXED_p_TCGA_b122_128_SNP_N_GenomeWideSNP_6_E09_781832	13	25039678	38072036	9514	0.7684
FOXED_p_TCGA_b122_128_SNP_N_GenomeWideSNP_6_E09_781832	13	38072224	38088330	16	-0.119
FOXED_p_TCGA_b122_128_SNP_N_GenomeWideSNP_6_E09_781832	13	38088374	43693165	3965	0.7809
FOXED_p_TCGA_b122_128_SNP_N_GenomeWideSNP_6_E09_781832	13	43695417	43697601	4	-0.136
FOXED_p_TCGA_b122_128_SNP_N_GenomeWideSNP_6_E09_781832	13	43698252	51243400	4945	0.7916
FOXED_p_TCGA_b122_128_SNP_N_GenomeWideSNP_6_E09_781832	13	51243906	51245376	3	-0.6369
FOXED_p_TCGA_b122_128_SNP_N_GenomeWideSNP_6_E09_781832	13	51247210	59919661	4954	0.7718
FOXED_p_TCGA_b122_128_SNP_N_GenomeWideSNP_6_E09_781832	13	59920908	59921583	2	-0.7633
FOXED_p_TCGA_b122_128_SNP_N_GenomeWideSNP_6_E09_781832	13	59922495	69249481	5622	0.7181
FOXED_p_TCGA_b122_128_SNP_N_GenomeWideSNP_6_E09_781832	13	69250779	69259015	10	-0.1184
FOXED_p_TCGA_b122_128_SNP_N_GenomeWideSNP_6_E09_781832	13	69259214	72476988	2087	0.7036
FOXED_p_TCGA_b122_128_SNP_N_GenomeWideSNP_6_E09_781832	13	72477555	72480556	4	-3.5567
FOXED_p_TCGA_b122_128_SNP_N_GenomeWideSNP_6_E09_781832	13	72480605	83164534	7288	0.7215
FOXED_p_TCGA_b122_128_SNP_N_GenomeWideSNP_6_E09_781832	13	83168967	83170678	2	-0.8149
FOXED_p_TCGA_b122_128_SNP_N_GenomeWideSNP_6_E09_781832	13	83172655	85778740	1710	0.69
FOXED_p_TCGA_b122_128_SNP_N_GenomeWideSNP_6_E09_781832	13	85783608	85790229	2	-0.6152
FOXED_p_TCGA_b122_128_SNP_N_GenomeWideSNP_6_E09_781832	13	85796320	115108397	20166	0.7118
FOXED_p_TCGA_b122_128_SNP_N_GenomeWideSNP_6_E09_781832	14	19002124	20400720	175	-0.1988
FOXED_p_TCGA_b122_128_SNP_N_GenomeWideSNP_6_E09_781832	14	20400795	24453143	2760	0.1205
FOXED_p_TCGA_b122_128_SNP_N_GenomeWideSNP_6_E09_781832	14	24453694	24464512	8	-1.454
FOXED_p_TCGA_b122_128_SNP_N_GenomeWideSNP_6_E09_781832	14	24468200	106547314	52214	0.0669
FOXED_p_TCGA_b122_128_SNP_N_GenomeWideSNP_6_E09_781832	14	106547507	106561441	9	-2.9925
FOXED_p_TCGA_b122_128_SNP_N_GenomeWideSNP_6_E09_781832	14	106567100	106777343	102	-0.0251
FOXED_p_TCGA_b122_128_SNP_N_GenomeWideSNP_6_E09_781832	14	106783044	106943522	101	0.3453
FOXED_p_TCGA_b122_128_SNP_N_GenomeWideSNP_6_E09_781832	14	106943834	107285437	215	0.152
FOXED_p_TCGA_b122_128_SNP_N_GenomeWideSNP_6_E09_781832	15	20016328	20203961	47	0.0057
FOXED_p_TCGA_b122_128_SNP_N_GenomeWideSNP_6_E09_781832	15	20206939	20606698	83	-0.6247
FOXED_p_TCGA_b122_128_SNP_N_GenomeWideSNP_6_E09_781832	15	20607493	29411991	4309	-0.227
FOXED_p_TCGA_b122_128_SNP_N_GenomeWideSNP_6_E09_781832	15	29412047	29425240	7	-1.4228
FOXED_p_TCGA_b122_128_SNP_N_GenomeWideSNP_6_E09_781832	15	29426096	34944237	3503	-0.1788
FOXED_p_TCGA_b122_128_SNP_N_GenomeWideSNP_6_E09_781832	15	34944383	34949119	3	-1.7493
FOXED_p_TCGA_b122_128_SNP_N_GenomeWideSNP_6_E09_781832	15	34949194	39692061	3429	-0.1948
FOXED_p_TCGA_b122_128_SNP_N_GenomeWideSNP_6_E09_781832	15	39693241	39699853	10	-0.8066
FOXED_p_TCGA_b122_128_SNP_N_GenomeWideSNP_6_E09_781832	15	39705407	43845503	2167	-0.1934
FOXED_p_TCGA_b122_128_SNP_N_GenomeWideSNP_6_E09_781832	15	43885118	43938806	24	0.3925
FOXED_p_TCGA_b122_128_SNP_N_GenomeWideSNP_6_E09_781832	15	43976418	61813884	11710	-0.2006
FOXED_p_TCGA_b122_128_SNP_N_GenomeWideSNP_6_E09_781832	15	61816722	61817216	3	-2.1139
FOXED_p_TCGA_b122_128_SNP_N_GenomeWideSNP_6_E09_781832	15	61817932	83068590	12675	-0.2021
FOXED_p_TCGA_b122_128_SNP_N_GenomeWideSNP_6_E09_781832	15	83083151	83108458	3	-1.5504
FOXED_p_TCGA_b122_128_SNP_N_GenomeWideSNP_6_E09_781832	15	83108839	83551383	248	-0.1934
FOXED_p_TCGA_b122_128_SNP_N_GenomeWideSNP_6_E09_781832	15	83557883	83558071	3	-2.1374
FOXED_p_TCGA_b122_128_SNP_N_GenomeWideSNP_6_E09_781832	15	83559421	102070253	13515	-0.2099
FOXED_p_TCGA_b122_128_SNP_N_GenomeWideSNP_6_E09_781832	15	102070619	102104694	16	-0.7951
FOXED_p_TCGA_b122_128_SNP_N_GenomeWideSNP_6_E09_781832	15	102105615	102469040	204	-0.1121
FOXED_p_TCGA_b122_128_SNP_N_GenomeWideSNP_6_E09_781832	16	60777	86125	5	0.7692
FOXED_p_TCGA_b122_128_SNP_N_GenomeWideSNP_6_E09_781832	16	86235	1253529	413	0.0438
FOXED_p_TCGA_b122_128_SNP_N_GenomeWideSNP_6_E09_781832	16	1254369	1272472	2	-1.7901
FOXED_p_TCGA_b122_128_SNP_N_GenomeWideSNP_6_E09_781832	16	1273291	6265793	2970	0.0557
FOXED_p_TCGA_b122_128_SNP_N_GenomeWideSNP_6_E09_781832	16	6266525	6448438	227	-0.3252
FOXED_p_TCGA_b122_128_SNP_N_GenomeWideSNP_6_E09_781832	16	6449365	6875404	552	-1.3549
FOXED_p_TCGA_b122_128_SNP_N_GenomeWideSNP_6_E09_781832	16	6876241	6905072	39	-0.2332
FOXED_p_TCGA_b122_128_SNP_N_GenomeWideSNP_6_E09_781832	16	6909388	6911441	7	-1.239
FOXED_p_TCGA_b122_128_SNP_N_GenomeWideSNP_6_E09_781832	16	6914358	6935307	23	-0.1435
FOXED_p_TCGA_b122_128_SNP_N_GenomeWideSNP_6_E09_781832	16	6939158	6965041	36	0.2518
FOXED_p_TCGA_b122_128_SNP_N_GenomeWideSNP_6_E09_781832	16	6965298	6998154	27	-0.0447
FOXED_p_TCGA_b122_128_SNP_N_GenomeWideSNP_6_E09_781832	16	6999203	7031701	34	-0.7694
FOXED_p_TCGA_b122_128_SNP_N_GenomeWideSNP_6_E09_781832	16	7033742	22736349	10584	0.0818
FOXED_p_TCGA_b122_128_SNP_N_GenomeWideSNP_6_E09_781832	16	22738086	22740033	4	-1.8566
FOXED_p_TCGA_b122_128_SNP_N_GenomeWideSNP_6_E09_781832	16	22740160	60553311	15333	0.0834
FOXED_p_TCGA_b122_128_SNP_N_GenomeWideSNP_6_E09_781832	16	60555538	60574394	10	-0.7009
FOXED_p_TCGA_b122_128_SNP_N_GenomeWideSNP_6_E09_781832	16	60575074	64073794	2284	0.0557
FOXED_p_TCGA_b122_128_SNP_N_GenomeWideSNP_6_E09_781832	16	64073809	64120565	34	0.3719
FOXED_p_TCGA_b122_128_SNP_N_GenomeWideSNP_6_E09_781832	16	64120772	66159270	1619	0.0668
FOXED_p_TCGA_b122_128_SNP_N_GenomeWideSNP_6_E09_781832	16	66159298	66163067	5	-0.5981
FOXED_p_TCGA_b122_128_SNP_N_GenomeWideSNP_6_E09_781832	16	66167732	69026253	1362	0.1147
FOXED_p_TCGA_b122_128_SNP_N_GenomeWideSNP_6_E09_781832	16	69026486	70187194	520	0.4439
FOXED_p_TCGA_b122_128_SNP_N_GenomeWideSNP_6_E09_781832	16	70197767	70213044	6	-0.6563
FOXED_p_TCGA_b122_128_SNP_N_GenomeWideSNP_6_E09_781832	16	70234536	90287535	16310	0.4241
FOXED_p_TCGA_b122_128_SNP_N_GenomeWideSNP_6_E09_781832	17	526	15554278	9982	-0.4193
FOXED_p_TCGA_b122_128_SNP_N_GenomeWideSNP_6_E09_781832	17	15554561	15557530	2	-2.8011
FOXED_p_TCGA_b122_128_SNP_N_GenomeWideSNP_6_E09_781832	17	15557740	18283713	1383	-0.3988
FOXED_p_TCGA_b122_128_SNP_N_GenomeWideSNP_6_E09_781832	17	18288994	18317394	15	-0.0371
FOXED_p_TCGA_b122_128_SNP_N_GenomeWideSNP_6_E09_781832	17	18319862	18464586	29	0.4698
FOXED_p_TCGA_b122_128_SNP_N_GenomeWideSNP_6_E09_781832	17	18465221	18532410	12	-0.0235
FOXED_p_TCGA_b122_128_SNP_N_GenomeWideSNP_6_E09_781832	17	18533676	19130231	176	-0.3718
FOXED_p_TCGA_b122_128_SNP_N_GenomeWideSNP_6_E09_781832	17	19149286	20043810	515	0.21
FOXED_p_TCGA_b122_128_SNP_N_GenomeWideSNP_6_E09_781832	17	20054052	20711468	228	0.4353
FOXED_p_TCGA_b122_128_SNP_N_GenomeWideSNP_6_E09_781832	17	20718432	20852046	62	0.1353
FOXED_p_TCGA_b122_128_SNP_N_GenomeWideSNP_6_E09_781832	17	20852310	39423153	8499	-0.131
FOXED_p_TCGA_b122_128_SNP_N_GenomeWideSNP_6_E09_781832	17	39423210	39430450	16	-0.852
FOXED_p_TCGA_b122_128_SNP_N_GenomeWideSNP_6_E09_781832	17	39430531	44201454	2537	-0.1189
FOXED_p_TCGA_b122_128_SNP_N_GenomeWideSNP_6_E09_781832	17	44204373	44311886	79	-0.5781
FOXED_p_TCGA_b122_128_SNP_N_GenomeWideSNP_6_E09_781832	17	44311975	44794755	74	0.1949
FOXED_p_TCGA_b122_128_SNP_N_GenomeWideSNP_6_E09_781832	17	44795190	48659406	2027	-0.0998
FOXED_p_TCGA_b122_128_SNP_N_GenomeWideSNP_6_E09_781832	17	48660893	48666506	2	-1.8094
FOXED_p_TCGA_b122_128_SNP_N_GenomeWideSNP_6_E09_781832	17	48667031	70772407	13997	-0.0954
FOXED_p_TCGA_b122_128_SNP_N_GenomeWideSNP_6_E09_781832	17	70772793	70778012	4	-2.1009
FOXED_p_TCGA_b122_128_SNP_N_GenomeWideSNP_6_E09_781832	17	70779765	81049726	5534	-0.1289
FOXED_p_TCGA_b122_128_SNP_N_GenomeWideSNP_6_E09_781832	18	11543	24365863	13834	-0.4378
FOXED_p_TCGA_b122_128_SNP_N_GenomeWideSNP_6_E09_781832	18	24365915	24366145	3	-2.6225
FOXED_p_TCGA_b122_128_SNP_N_GenomeWideSNP_6_E09_781832	18	24366379	36237880	7639	-0.4222
FOXED_p_TCGA_b122_128_SNP_N_GenomeWideSNP_6_E09_781832	18	36238940	36240112	2	-3.8966
FOXED_p_TCGA_b122_128_SNP_N_GenomeWideSNP_6_E09_781832	18	36240319	38258705	1254	-0.4283
FOXED_p_TCGA_b122_128_SNP_N_GenomeWideSNP_6_E09_781832	18	38258727	38265389	20	0.2197
FOXED_p_TCGA_b122_128_SNP_N_GenomeWideSNP_6_E09_781832	18	38268024	53303142	10107	-0.4361
FOXED_p_TCGA_b122_128_SNP_N_GenomeWideSNP_6_E09_781832	18	53308927	53318588	9	-2.0034
FOXED_p_TCGA_b122_128_SNP_N_GenomeWideSNP_6_E09_781832	18	53323391	55034577	1093	-0.4379
FOXED_p_TCGA_b122_128_SNP_N_GenomeWideSNP_6_E09_781832	18	55035930	55036602	2	-1.7905
FOXED_p_TCGA_b122_128_SNP_N_GenomeWideSNP_6_E09_781832	18	55040639	55577138	375	-0.4099
FOXED_p_TCGA_b122_128_SNP_N_GenomeWideSNP_6_E09_781832	18	55579183	55586063	4	-2.2498
FOXED_p_TCGA_b122_128_SNP_N_GenomeWideSNP_6_E09_781832	18	55586212	58096656	1905	-0.4351
FOXED_p_TCGA_b122_128_SNP_N_GenomeWideSNP_6_E09_781832	18	58097539	58102506	9	0.2134
FOXED_p_TCGA_b122_128_SNP_N_GenomeWideSNP_6_E09_781832	18	58102737	61806634	2618	-0.4141
FOXED_p_TCGA_b122_128_SNP_N_GenomeWideSNP_6_E09_781832	18	61809405	61809922	2	-2.6981
FOXED_p_TCGA_b122_128_SNP_N_GenomeWideSNP_6_E09_781832	18	61810012	63762300	1368	-0.3951
FOXED_p_TCGA_b122_128_SNP_N_GenomeWideSNP_6_E09_781832	18	63767140	63767922	3	-2.2028
FOXED_p_TCGA_b122_128_SNP_N_GenomeWideSNP_6_E09_781832	18	63775595	68084195	3162	-0.4183
FOXED_p_TCGA_b122_128_SNP_N_GenomeWideSNP_6_E09_781832	18	68090747	68091097	2	-2.5607
FOXED_p_TCGA_b122_128_SNP_N_GenomeWideSNP_6_E09_781832	18	68091795	73514932	4103	-0.4164
FOXED_p_TCGA_b122_128_SNP_N_GenomeWideSNP_6_E09_781832	18	73515127	73515359	3	-2.2755
FOXED_p_TCGA_b122_128_SNP_N_GenomeWideSNP_6_E09_781832	18	73517629	78015057	3051	-0.4772
FOXED_p_TCGA_b122_128_SNP_N_GenomeWideSNP_6_E09_781832	19	90910	20494553	8942	-0.1049
FOXED_p_TCGA_b122_128_SNP_N_GenomeWideSNP_6_E09_781832	19	20494556	20830034	162	0.1138
FOXED_p_TCGA_b122_128_SNP_N_GenomeWideSNP_6_E09_781832	19	20831713	56282535	18346	-0.1205
FOXED_p_TCGA_b122_128_SNP_N_GenomeWideSNP_6_E09_781832	19	56283029	56283067	2	-2.9415
FOXED_p_TCGA_b122_128_SNP_N_GenomeWideSNP_6_E09_781832	19	56286293	56306402	17	-0.1225
FOXED_p_TCGA_b122_128_SNP_N_GenomeWideSNP_6_E09_781832	19	56307583	56307847	5	-1.071
FOXED_p_TCGA_b122_128_SNP_N_GenomeWideSNP_6_E09_781832	19	56309150	56458118	149	-0.0603
FOXED_p_TCGA_b122_128_SNP_N_GenomeWideSNP_6_E09_781832	19	56462032	56462607	2	-3.249
FOXED_p_TCGA_b122_128_SNP_N_GenomeWideSNP_6_E09_781832	19	56462916	57199720	508	-0.1156
FOXED_p_TCGA_b122_128_SNP_N_GenomeWideSNP_6_E09_781832	19	57200018	57205871	5	-1.9816
FOXED_p_TCGA_b122_128_SNP_N_GenomeWideSNP_6_E09_781832	19	57210786	59097854	1161	-0.1606
FOXED_p_TCGA_b122_128_SNP_N_GenomeWideSNP_6_E09_781832	20	61305	5381440	3991	-0.4679
FOXED_p_TCGA_b122_128_SNP_N_GenomeWideSNP_6_E09_781832	20	5381490	5381650	2	-2.3876
FOXED_p_TCGA_b122_128_SNP_N_GenomeWideSNP_6_E09_781832	20	5382489	13027313	6058	-0.4451
FOXED_p_TCGA_b122_128_SNP_N_GenomeWideSNP_6_E09_781832	20	13029764	13029862	2	-3.1626
FOXED_p_TCGA_b122_128_SNP_N_GenomeWideSNP_6_E09_781832	20	13034705	14228823	735	-0.458
FOXED_p_TCGA_b122_128_SNP_N_GenomeWideSNP_6_E09_781832	20	14235816	14878181	447	2.0678
FOXED_p_TCGA_b122_128_SNP_N_GenomeWideSNP_6_E09_781832	20	14878223	15174441	281	1.3741
FOXED_p_TCGA_b122_128_SNP_N_GenomeWideSNP_6_E09_781832	20	15179820	15235424	41	-0.4864
FOXED_p_TCGA_b122_128_SNP_N_GenomeWideSNP_6_E09_781832	20	15237052	15237872	3	-1.7076
FOXED_p_TCGA_b122_128_SNP_N_GenomeWideSNP_6_E09_781832	20	15239469	16268507	1021	-0.4627
FOXED_p_TCGA_b122_128_SNP_N_GenomeWideSNP_6_E09_781832	20	16273853	16296227	23	0.8856
FOXED_p_TCGA_b122_128_SNP_N_GenomeWideSNP_6_E09_781832	20	16310535	16310774	2	-0.2391
FOXED_p_TCGA_b122_128_SNP_N_GenomeWideSNP_6_E09_781832	20	16311579	16552238	215	0.8561
FOXED_p_TCGA_b122_128_SNP_N_GenomeWideSNP_6_E09_781832	20	16555032	18796095	1856	-0.451
FOXED_p_TCGA_b122_128_SNP_N_GenomeWideSNP_6_E09_781832	20	18798011	19919634	973	0.8278
FOXED_p_TCGA_b122_128_SNP_N_GenomeWideSNP_6_E09_781832	20	19920469	23938591	2935	-0.4654
FOXED_p_TCGA_b122_128_SNP_N_GenomeWideSNP_6_E09_781832	20	23939277	23948341	8	0.752
FOXED_p_TCGA_b122_128_SNP_N_GenomeWideSNP_6_E09_781832	20	23951741	26222699	1347	-0.4804
FOXED_p_TCGA_b122_128_SNP_N_GenomeWideSNP_6_E09_781832	20	26223669	26305579	38	-0.1157
FOXED_p_TCGA_b122_128_SNP_N_GenomeWideSNP_6_E09_781832	20	29420352	29598227	46	0.7179
FOXED_p_TCGA_b122_128_SNP_N_GenomeWideSNP_6_E09_781832	20	29598734	29631350	10	0.1991
FOXED_p_TCGA_b122_128_SNP_N_GenomeWideSNP_6_E09_781832	20	29635466	61179294	21679	0.8504
FOXED_p_TCGA_b122_128_SNP_N_GenomeWideSNP_6_E09_781832	20	61179388	61182062	2	-1.3417
FOXED_p_TCGA_b122_128_SNP_N_GenomeWideSNP_6_E09_781832	20	61183145	62956153	712	0.8262
FOXED_p_TCGA_b122_128_SNP_N_GenomeWideSNP_6_E09_781832	21	10736871	14446712	130	0.4019
FOXED_p_TCGA_b122_128_SNP_N_GenomeWideSNP_6_E09_781832	21	14452862	48096957	24172	-0.4398
FOXED_p_TCGA_b122_128_SNP_N_GenomeWideSNP_6_E09_781832	22	16052528	51001766	23374	-0.153
FOXED_p_TCGA_b122_128_SNP_N_GenomeWideSNP_6_E09_781832	22	51001888	51010112	7	-0.9566
FOXED_p_TCGA_b122_128_SNP_N_GenomeWideSNP_6_E09_781832	22	51012775	51234455	120	-0.177
FOXED_p_TCGA_b122_128_SNP_N_GenomeWideSNP_6_E09_781832	X	168477	10086508	5710	0.0094
FOXED_p_TCGA_b122_128_SNP_N_GenomeWideSNP_6_E09_781832	X	10086986	10087487	2	-5.0796
FOXED_p_TCGA_b122_128_SNP_N_GenomeWideSNP_6_E09_781832	X	10089683	12937022	2058	0.0155
FOXED_p_TCGA_b122_128_SNP_N_GenomeWideSNP_6_E09_781832	X	12939946	12940813	2	-6.1962
FOXED_p_TCGA_b122_128_SNP_N_GenomeWideSNP_6_E09_781832	X	12940888	37853761	15642	0.0213
FOXED_p_TCGA_b122_128_SNP_N_GenomeWideSNP_6_E09_781832	X	37854365	37854689	4	-3.995
FOXED_p_TCGA_b122_128_SNP_N_GenomeWideSNP_6_E09_781832	X	37855198	94836638	26117	0.012
FOXED_p_TCGA_b122_128_SNP_N_GenomeWideSNP_6_E09_781832	X	94836737	94847649	3	-4.1384
FOXED_p_TCGA_b122_128_SNP_N_GenomeWideSNP_6_E09_781832	X	94847825	111717913	9026	0.0175
FOXED_p_TCGA_b122_128_SNP_N_GenomeWideSNP_6_E09_781832	X	111718452	111742777	15	-3.4534
FOXED_p_TCGA_b122_128_SNP_N_GenomeWideSNP_6_E09_781832	X	111751842	112654961	547	0.0037
FOXED_p_TCGA_b122_128_SNP_N_GenomeWideSNP_6_E09_781832	X	112655489	112657507	2	-4.7469
FOXED_p_TCGA_b122_128_SNP_N_GenomeWideSNP_6_E09_781832	X	112659748	142317417	17295	0.0098
FOXED_p_TCGA_b122_128_SNP_N_GenomeWideSNP_6_E09_781832	X	142318919	142319284	3	-3.4347
FOXED_p_TCGA_b122_128_SNP_N_GenomeWideSNP_6_E09_781832	X	142320508	152200283	6517	-0.0195
FOXED_p_TCGA_b122_128_SNP_N_GenomeWideSNP_6_E09_781832	X	152201666	152201714	2	-6.2109
FOXED_p_TCGA_b122_128_SNP_N_GenomeWideSNP_6_E09_781832	X	152202022	153713097	666	-0.007
FOXED_p_TCGA_b122_128_SNP_N_GenomeWideSNP_6_E09_781832	X	153713167	153713787	2	-4.1489
FOXED_p_TCGA_b122_128_SNP_N_GenomeWideSNP_6_E09_781832	X	153714314	155182354	515	0.0606
FOXED_p_TCGA_b122_128_SNP_N_GenomeWideSNP_6_E09_781832	Y	2650438	9436620	2497	-0.8265
FOXED_p_TCGA_b122_128_SNP_N_GenomeWideSNP_6_E09_781832	Y	9441523	9441534	5	0.2114
FOXED_p_TCGA_b122_128_SNP_N_GenomeWideSNP_6_E09_781832	Y	9441871	59018259	6130	-0.8163
