Sample	Chromosome	Start	End	Num_Probes	Segment_Mean
SERVO_p_TCGA_157_158_159_SNP_N_GenomeWideSNP_6_B04_831458	1	61735	25583341	14157	0.1451
SERVO_p_TCGA_157_158_159_SNP_N_GenomeWideSNP_6_B04_831458	1	25593128	25646986	28	-1.085
SERVO_p_TCGA_157_158_159_SNP_N_GenomeWideSNP_6_B04_831458	1	25661501	35102654	4970	0.1404
SERVO_p_TCGA_157_158_159_SNP_N_GenomeWideSNP_6_B04_831458	1	35102670	35104491	19	-0.5069
SERVO_p_TCGA_157_158_159_SNP_N_GenomeWideSNP_6_B04_831458	1	35114268	40785263	3060	0.1311
SERVO_p_TCGA_157_158_159_SNP_N_GenomeWideSNP_6_B04_831458	1	40786452	40788961	2	1.9021
SERVO_p_TCGA_157_158_159_SNP_N_GenomeWideSNP_6_B04_831458	1	40790678	46510353	3269	0.139
SERVO_p_TCGA_157_158_159_SNP_N_GenomeWideSNP_6_B04_831458	1	46512275	46513826	2	1.7118
SERVO_p_TCGA_157_158_159_SNP_N_GenomeWideSNP_6_B04_831458	1	46519553	48715653	1354	0.1614
SERVO_p_TCGA_157_158_159_SNP_N_GenomeWideSNP_6_B04_831458	1	48718742	48837337	53	-0.3619
SERVO_p_TCGA_157_158_159_SNP_N_GenomeWideSNP_6_B04_831458	1	48841815	48844612	2	1.1713
SERVO_p_TCGA_157_158_159_SNP_N_GenomeWideSNP_6_B04_831458	1	48845481	49325290	352	-0.4363
SERVO_p_TCGA_157_158_159_SNP_N_GenomeWideSNP_6_B04_831458	1	49325816	74796526	16963	0.1106
SERVO_p_TCGA_157_158_159_SNP_N_GenomeWideSNP_6_B04_831458	1	74798868	74799577	3	1.3497
SERVO_p_TCGA_157_158_159_SNP_N_GenomeWideSNP_6_B04_831458	1	74800033	74806165	6	-0.4355
SERVO_p_TCGA_157_158_159_SNP_N_GenomeWideSNP_6_B04_831458	1	74806552	81888456	4608	0.0685
SERVO_p_TCGA_157_158_159_SNP_N_GenomeWideSNP_6_B04_831458	1	81888602	81888605	2	1.4494
SERVO_p_TCGA_157_158_159_SNP_N_GenomeWideSNP_6_B04_831458	1	81888667	83829357	1316	0.0584
SERVO_p_TCGA_157_158_159_SNP_N_GenomeWideSNP_6_B04_831458	1	83829675	83840442	9	-0.4637
SERVO_p_TCGA_157_158_159_SNP_N_GenomeWideSNP_6_B04_831458	1	83840989	104158309	12962	0.1049
SERVO_p_TCGA_157_158_159_SNP_N_GenomeWideSNP_6_B04_831458	1	104159347	104268222	29	-0.5274
SERVO_p_TCGA_157_158_159_SNP_N_GenomeWideSNP_6_B04_831458	1	104303403	104335637	25	0.0826
SERVO_p_TCGA_157_158_159_SNP_N_GenomeWideSNP_6_B04_831458	1	104343987	104351566	7	-0.725
SERVO_p_TCGA_157_158_159_SNP_N_GenomeWideSNP_6_B04_831458	1	104360088	104378156	11	-0.2673
SERVO_p_TCGA_157_158_159_SNP_N_GenomeWideSNP_6_B04_831458	1	104381295	104394036	8	-0.6832
SERVO_p_TCGA_157_158_159_SNP_N_GenomeWideSNP_6_B04_831458	1	104400181	110220739	3536	0.1034
SERVO_p_TCGA_157_158_159_SNP_N_GenomeWideSNP_6_B04_831458	1	110221727	110246130	37	-0.2724
SERVO_p_TCGA_157_158_159_SNP_N_GenomeWideSNP_6_B04_831458	1	110246273	112690326	1948	0.1085
SERVO_p_TCGA_157_158_159_SNP_N_GenomeWideSNP_6_B04_831458	1	112695965	112697213	22	-1.335
SERVO_p_TCGA_157_158_159_SNP_N_GenomeWideSNP_6_B04_831458	1	112697241	145151728	5395	0.1196
SERVO_p_TCGA_157_158_159_SNP_N_GenomeWideSNP_6_B04_831458	1	145151959	145156363	8	0.7766
SERVO_p_TCGA_157_158_159_SNP_N_GenomeWideSNP_6_B04_831458	1	145156380	145372550	60	-0.1864
SERVO_p_TCGA_157_158_159_SNP_N_GenomeWideSNP_6_B04_831458	1	145372563	148870937	903	0.1778
SERVO_p_TCGA_157_158_159_SNP_N_GenomeWideSNP_6_B04_831458	1	148893345	149306068	155	-0.4769
SERVO_p_TCGA_157_158_159_SNP_N_GenomeWideSNP_6_B04_831458	1	149336636	152575461	1537	0.1194
SERVO_p_TCGA_157_158_159_SNP_N_GenomeWideSNP_6_B04_831458	1	152579449	152579468	2	2.0237
SERVO_p_TCGA_157_158_159_SNP_N_GenomeWideSNP_6_B04_831458	1	152579621	152762046	184	0.1176
SERVO_p_TCGA_157_158_159_SNP_N_GenomeWideSNP_6_B04_831458	1	152762257	152778443	35	0.6138
SERVO_p_TCGA_157_158_159_SNP_N_GenomeWideSNP_6_B04_831458	1	152778526	158866573	3613	0.1258
SERVO_p_TCGA_157_158_159_SNP_N_GenomeWideSNP_6_B04_831458	1	158868501	158869759	2	2.7021
SERVO_p_TCGA_157_158_159_SNP_N_GenomeWideSNP_6_B04_831458	1	158874818	194448234	24451	0.1088
SERVO_p_TCGA_157_158_159_SNP_N_GenomeWideSNP_6_B04_831458	1	194451411	194455018	2	-1.6739
SERVO_p_TCGA_157_158_159_SNP_N_GenomeWideSNP_6_B04_831458	1	194457016	196731035	1457	0.0831
SERVO_p_TCGA_157_158_159_SNP_N_GenomeWideSNP_6_B04_831458	1	196731610	196732086	2	-1.3156
SERVO_p_TCGA_157_158_159_SNP_N_GenomeWideSNP_6_B04_831458	1	196738623	196758120	33	0.2952
SERVO_p_TCGA_157_158_159_SNP_N_GenomeWideSNP_6_B04_831458	1	196758149	196761820	5	1.0115
SERVO_p_TCGA_157_158_159_SNP_N_GenomeWideSNP_6_B04_831458	1	196762066	196812507	52	0.1385
SERVO_p_TCGA_157_158_159_SNP_N_GenomeWideSNP_6_B04_831458	1	196812530	196815791	2	3.7356
SERVO_p_TCGA_157_158_159_SNP_N_GenomeWideSNP_6_B04_831458	1	196816730	202567553	3695	0.1016
SERVO_p_TCGA_157_158_159_SNP_N_GenomeWideSNP_6_B04_831458	1	202567713	202567786	2	1.534
SERVO_p_TCGA_157_158_159_SNP_N_GenomeWideSNP_6_B04_831458	1	202568542	226004562	15913	0.1103
SERVO_p_TCGA_157_158_159_SNP_N_GenomeWideSNP_6_B04_831458	1	226006098	226007490	2	2.1613
SERVO_p_TCGA_157_158_159_SNP_N_GenomeWideSNP_6_B04_831458	1	226008101	237267370	7844	0.1207
SERVO_p_TCGA_157_158_159_SNP_N_GenomeWideSNP_6_B04_831458	1	237274019	237278208	10	-0.8379
SERVO_p_TCGA_157_158_159_SNP_N_GenomeWideSNP_6_B04_831458	1	237278525	241205433	3148	0.0802
SERVO_p_TCGA_157_158_159_SNP_N_GenomeWideSNP_6_B04_831458	1	241205611	241205674	2	1.6731
SERVO_p_TCGA_157_158_159_SNP_N_GenomeWideSNP_6_B04_831458	1	241208996	243306924	1565	0.0758
SERVO_p_TCGA_157_158_159_SNP_N_GenomeWideSNP_6_B04_831458	1	243307666	243350477	14	0.6492
SERVO_p_TCGA_157_158_159_SNP_N_GenomeWideSNP_6_B04_831458	1	243352380	248610056	3512	0.1229
SERVO_p_TCGA_157_158_159_SNP_N_GenomeWideSNP_6_B04_831458	1	248610507	248637264	10	-0.7351
SERVO_p_TCGA_157_158_159_SNP_N_GenomeWideSNP_6_B04_831458	1	248638626	249224388	204	0.1641
SERVO_p_TCGA_157_158_159_SNP_N_GenomeWideSNP_6_B04_831458	2	12784	52741737	37183	0.0935
SERVO_p_TCGA_157_158_159_SNP_N_GenomeWideSNP_6_B04_831458	2	52743925	52754865	7	-0.8785
SERVO_p_TCGA_157_158_159_SNP_N_GenomeWideSNP_6_B04_831458	2	52754881	52781522	33	0.7575
SERVO_p_TCGA_157_158_159_SNP_N_GenomeWideSNP_6_B04_831458	2	52781542	155952091	59121	0.0844
SERVO_p_TCGA_157_158_159_SNP_N_GenomeWideSNP_6_B04_831458	2	155952670	155952929	2	-1.4607
SERVO_p_TCGA_157_158_159_SNP_N_GenomeWideSNP_6_B04_831458	2	155956409	159955758	2288	0.1049
SERVO_p_TCGA_157_158_159_SNP_N_GenomeWideSNP_6_B04_831458	2	159956520	159957058	3	1.2627
SERVO_p_TCGA_157_158_159_SNP_N_GenomeWideSNP_6_B04_831458	2	159957477	185316676	15917	0.0922
SERVO_p_TCGA_157_158_159_SNP_N_GenomeWideSNP_6_B04_831458	2	185316880	185320059	4	1.6346
SERVO_p_TCGA_157_158_159_SNP_N_GenomeWideSNP_6_B04_831458	2	185325519	243089456	35411	0.0915
SERVO_p_TCGA_157_158_159_SNP_N_GenomeWideSNP_6_B04_831458	3	60345	21340812	15988	0.1048
SERVO_p_TCGA_157_158_159_SNP_N_GenomeWideSNP_6_B04_831458	3	21340863	21342988	2	1.5151
SERVO_p_TCGA_157_158_159_SNP_N_GenomeWideSNP_6_B04_831458	3	21343091	26612110	4074	0.077
SERVO_p_TCGA_157_158_159_SNP_N_GenomeWideSNP_6_B04_831458	3	26612164	26612166	3	1.5698
SERVO_p_TCGA_157_158_159_SNP_N_GenomeWideSNP_6_B04_831458	3	26613201	53028375	15707	0.1255
SERVO_p_TCGA_157_158_159_SNP_N_GenomeWideSNP_6_B04_831458	3	53031736	53039489	41	-0.2645
SERVO_p_TCGA_157_158_159_SNP_N_GenomeWideSNP_6_B04_831458	3	53039677	84699684	21978	0.096
SERVO_p_TCGA_157_158_159_SNP_N_GenomeWideSNP_6_B04_831458	3	84699758	84702136	14	-1.1993
SERVO_p_TCGA_157_158_159_SNP_N_GenomeWideSNP_6_B04_831458	3	84702161	98937784	5994	0.0617
SERVO_p_TCGA_157_158_159_SNP_N_GenomeWideSNP_6_B04_831458	3	98944458	98949301	35	-0.3085
SERVO_p_TCGA_157_158_159_SNP_N_GenomeWideSNP_6_B04_831458	3	98949308	129762859	18747	0.1034
SERVO_p_TCGA_157_158_159_SNP_N_GenomeWideSNP_6_B04_831458	3	129763698	129806236	52	0.4509
SERVO_p_TCGA_157_158_159_SNP_N_GenomeWideSNP_6_B04_831458	3	129806924	143285765	8377	0.105
SERVO_p_TCGA_157_158_159_SNP_N_GenomeWideSNP_6_B04_831458	3	143285800	143285974	4	1.3113
SERVO_p_TCGA_157_158_159_SNP_N_GenomeWideSNP_6_B04_831458	3	143286801	146379189	2024	0.0668
SERVO_p_TCGA_157_158_159_SNP_N_GenomeWideSNP_6_B04_831458	3	146382994	146386132	4	-1.3841
SERVO_p_TCGA_157_158_159_SNP_N_GenomeWideSNP_6_B04_831458	3	146391984	150528702	2457	0.097
SERVO_p_TCGA_157_158_159_SNP_N_GenomeWideSNP_6_B04_831458	3	150529952	150530740	2	1.4574
SERVO_p_TCGA_157_158_159_SNP_N_GenomeWideSNP_6_B04_831458	3	150530994	151016071	344	0.111
SERVO_p_TCGA_157_158_159_SNP_N_GenomeWideSNP_6_B04_831458	3	151017856	151021414	6	-0.3947
SERVO_p_TCGA_157_158_159_SNP_N_GenomeWideSNP_6_B04_831458	3	151022567	151024411	2	-1.3998
SERVO_p_TCGA_157_158_159_SNP_N_GenomeWideSNP_6_B04_831458	3	151025568	162508178	7059	0.0965
SERVO_p_TCGA_157_158_159_SNP_N_GenomeWideSNP_6_B04_831458	3	162508192	162625995	72	0.5059
SERVO_p_TCGA_157_158_159_SNP_N_GenomeWideSNP_6_B04_831458	3	162626572	167659756	2806	0.0537
SERVO_p_TCGA_157_158_159_SNP_N_GenomeWideSNP_6_B04_831458	3	167660757	167661136	2	1.9118
SERVO_p_TCGA_157_158_159_SNP_N_GenomeWideSNP_6_B04_831458	3	167665917	168730180	636	0.1323
SERVO_p_TCGA_157_158_159_SNP_N_GenomeWideSNP_6_B04_831458	3	168733402	168738628	2	2.0886
SERVO_p_TCGA_157_158_159_SNP_N_GenomeWideSNP_6_B04_831458	3	168739827	175319717	4406	0.1174
SERVO_p_TCGA_157_158_159_SNP_N_GenomeWideSNP_6_B04_831458	3	175324423	175383928	48	-0.3774
SERVO_p_TCGA_157_158_159_SNP_N_GenomeWideSNP_6_B04_831458	3	175384006	187595294	7453	0.1092
SERVO_p_TCGA_157_158_159_SNP_N_GenomeWideSNP_6_B04_831458	3	187595378	187595713	2	1.7711
SERVO_p_TCGA_157_158_159_SNP_N_GenomeWideSNP_6_B04_831458	3	187595740	189360754	1320	0.1246
SERVO_p_TCGA_157_158_159_SNP_N_GenomeWideSNP_6_B04_831458	3	189363678	189370988	12	-0.661
SERVO_p_TCGA_157_158_159_SNP_N_GenomeWideSNP_6_B04_831458	3	189371014	192877902	2495	0.1113
SERVO_p_TCGA_157_158_159_SNP_N_GenomeWideSNP_6_B04_831458	3	192877962	192882869	17	-0.8764
SERVO_p_TCGA_157_158_159_SNP_N_GenomeWideSNP_6_B04_831458	3	192882888	197896118	2707	0.1408
SERVO_p_TCGA_157_158_159_SNP_N_GenomeWideSNP_6_B04_831458	4	12281	66719	58	-0.5063
SERVO_p_TCGA_157_158_159_SNP_N_GenomeWideSNP_6_B04_831458	4	68821	55501728	33630	-0.1459
SERVO_p_TCGA_157_158_159_SNP_N_GenomeWideSNP_6_B04_831458	4	55501921	55505360	2	1.8198
SERVO_p_TCGA_157_158_159_SNP_N_GenomeWideSNP_6_B04_831458	4	55505933	69255070	8620	-0.1797
SERVO_p_TCGA_157_158_159_SNP_N_GenomeWideSNP_6_B04_831458	4	69255070	69375160	30	0.2377
SERVO_p_TCGA_157_158_159_SNP_N_GenomeWideSNP_6_B04_831458	4	69375348	69485840	60	-1.2574
SERVO_p_TCGA_157_158_159_SNP_N_GenomeWideSNP_6_B04_831458	4	69485979	70134680	337	-0.0983
SERVO_p_TCGA_157_158_159_SNP_N_GenomeWideSNP_6_B04_831458	4	70137957	70228624	41	-0.7613
SERVO_p_TCGA_157_158_159_SNP_N_GenomeWideSNP_6_B04_831458	4	70228656	70389716	116	-0.1475
SERVO_p_TCGA_157_158_159_SNP_N_GenomeWideSNP_6_B04_831458	4	70389861	70390779	2	-2.859
SERVO_p_TCGA_157_158_159_SNP_N_GenomeWideSNP_6_B04_831458	4	70391888	104744653	20919	-0.141
SERVO_p_TCGA_157_158_159_SNP_N_GenomeWideSNP_6_B04_831458	4	104744716	104753752	15	0.4833
SERVO_p_TCGA_157_158_159_SNP_N_GenomeWideSNP_6_B04_831458	4	104757844	108068298	1869	-0.1459
SERVO_p_TCGA_157_158_159_SNP_N_GenomeWideSNP_6_B04_831458	4	108068318	108071612	5	0.7007
SERVO_p_TCGA_157_158_159_SNP_N_GenomeWideSNP_6_B04_831458	4	108071628	115507624	4682	-0.1402
SERVO_p_TCGA_157_158_159_SNP_N_GenomeWideSNP_6_B04_831458	4	115508166	115510454	3	-0.9924
SERVO_p_TCGA_157_158_159_SNP_N_GenomeWideSNP_6_B04_831458	4	115514426	122281973	4119	-0.1465
SERVO_p_TCGA_157_158_159_SNP_N_GenomeWideSNP_6_B04_831458	4	122282468	122285135	28	-0.7714
SERVO_p_TCGA_157_158_159_SNP_N_GenomeWideSNP_6_B04_831458	4	122291131	163161082	24514	-0.1565
SERVO_p_TCGA_157_158_159_SNP_N_GenomeWideSNP_6_B04_831458	4	163161476	163166252	3	-1.522
SERVO_p_TCGA_157_158_159_SNP_N_GenomeWideSNP_6_B04_831458	4	163166277	172369346	5825	-0.1636
SERVO_p_TCGA_157_158_159_SNP_N_GenomeWideSNP_6_B04_831458	4	172374884	172374949	2	2.2567
SERVO_p_TCGA_157_158_159_SNP_N_GenomeWideSNP_6_B04_831458	4	172375027	172377776	10	0.4885
SERVO_p_TCGA_157_158_159_SNP_N_GenomeWideSNP_6_B04_831458	4	172380371	191027923	12520	-0.1667
SERVO_p_TCGA_157_158_159_SNP_N_GenomeWideSNP_6_B04_831458	5	15532	9264682	7481	0.0809
SERVO_p_TCGA_157_158_159_SNP_N_GenomeWideSNP_6_B04_831458	5	9268658	9277764	8	-0.911
SERVO_p_TCGA_157_158_159_SNP_N_GenomeWideSNP_6_B04_831458	5	9279313	12783665	2717	0.0968
SERVO_p_TCGA_157_158_159_SNP_N_GenomeWideSNP_6_B04_831458	5	12785039	12849201	24	0.5477
SERVO_p_TCGA_157_158_159_SNP_N_GenomeWideSNP_6_B04_831458	5	12857133	17608256	3191	0.1317
SERVO_p_TCGA_157_158_159_SNP_N_GenomeWideSNP_6_B04_831458	5	17625374	17642551	10	-0.7238
SERVO_p_TCGA_157_158_159_SNP_N_GenomeWideSNP_6_B04_831458	5	17655138	20493284	1805	0.0523
SERVO_p_TCGA_157_158_159_SNP_N_GenomeWideSNP_6_B04_831458	5	20500164	20500186	2	-1.3593
SERVO_p_TCGA_157_158_159_SNP_N_GenomeWideSNP_6_B04_831458	5	20500606	34170370	8483	0.0542
SERVO_p_TCGA_157_158_159_SNP_N_GenomeWideSNP_6_B04_831458	5	34176643	34213164	4	-0.7444
SERVO_p_TCGA_157_158_159_SNP_N_GenomeWideSNP_6_B04_831458	5	34213174	34600047	231	0.0794
SERVO_p_TCGA_157_158_159_SNP_N_GenomeWideSNP_6_B04_831458	5	34600072	34600082	2	-1.6008
SERVO_p_TCGA_157_158_159_SNP_N_GenomeWideSNP_6_B04_831458	5	34600263	57299956	11902	0.1079
SERVO_p_TCGA_157_158_159_SNP_N_GenomeWideSNP_6_B04_831458	5	57309031	57333533	43	-0.2583
SERVO_p_TCGA_157_158_159_SNP_N_GenomeWideSNP_6_B04_831458	5	57338357	97045121	22935	0.1063
SERVO_p_TCGA_157_158_159_SNP_N_GenomeWideSNP_6_B04_831458	5	97048466	97099320	42	-0.6324
SERVO_p_TCGA_157_158_159_SNP_N_GenomeWideSNP_6_B04_831458	5	97099684	97116687	7	0.1365
SERVO_p_TCGA_157_158_159_SNP_N_GenomeWideSNP_6_B04_831458	5	97116861	97120507	4	-1.0036
SERVO_p_TCGA_157_158_159_SNP_N_GenomeWideSNP_6_B04_831458	5	97125667	151513833	34655	-0.0796
SERVO_p_TCGA_157_158_159_SNP_N_GenomeWideSNP_6_B04_831458	5	151513927	151518088	17	0.3092
SERVO_p_TCGA_157_158_159_SNP_N_GenomeWideSNP_6_B04_831458	5	151518223	180380203	19306	-0.1451
SERVO_p_TCGA_157_158_159_SNP_N_GenomeWideSNP_6_B04_831458	5	180387138	180418103	16	-1.7393
SERVO_p_TCGA_157_158_159_SNP_N_GenomeWideSNP_6_B04_831458	5	180433225	180677939	153	-0.1948
SERVO_p_TCGA_157_158_159_SNP_N_GenomeWideSNP_6_B04_831458	5	180678717	180790320	18	0.1136
SERVO_p_TCGA_157_158_159_SNP_N_GenomeWideSNP_6_B04_831458	6	149661	4479146	3582	0.1195
SERVO_p_TCGA_157_158_159_SNP_N_GenomeWideSNP_6_B04_831458	6	4480006	4491515	16	0.5577
SERVO_p_TCGA_157_158_159_SNP_N_GenomeWideSNP_6_B04_831458	6	4491921	27488834	17020	0.1132
SERVO_p_TCGA_157_158_159_SNP_N_GenomeWideSNP_6_B04_831458	6	27497999	27542016	19	0.7048
SERVO_p_TCGA_157_158_159_SNP_N_GenomeWideSNP_6_B04_831458	6	27542090	29837188	1097	0.0897
SERVO_p_TCGA_157_158_159_SNP_N_GenomeWideSNP_6_B04_831458	6	29837314	29874808	22	-0.6958
SERVO_p_TCGA_157_158_159_SNP_N_GenomeWideSNP_6_B04_831458	6	29876959	31280823	663	0.1488
SERVO_p_TCGA_157_158_159_SNP_N_GenomeWideSNP_6_B04_831458	6	31286276	31296451	11	1.844
SERVO_p_TCGA_157_158_159_SNP_N_GenomeWideSNP_6_B04_831458	6	31309924	32595083	559	0.1629
SERVO_p_TCGA_157_158_159_SNP_N_GenomeWideSNP_6_B04_831458	6	32595232	32601317	2	-1.8205
SERVO_p_TCGA_157_158_159_SNP_N_GenomeWideSNP_6_B04_831458	6	32602107	53931151	13753	0.1255
SERVO_p_TCGA_157_158_159_SNP_N_GenomeWideSNP_6_B04_831458	6	53931230	53935348	7	-1.2874
SERVO_p_TCGA_157_158_159_SNP_N_GenomeWideSNP_6_B04_831458	6	53935415	67028746	5478	0.0777
SERVO_p_TCGA_157_158_159_SNP_N_GenomeWideSNP_6_B04_831458	6	67031142	67031565	8	0.8436
SERVO_p_TCGA_157_158_159_SNP_N_GenomeWideSNP_6_B04_831458	6	67031580	74591801	5030	0.0673
SERVO_p_TCGA_157_158_159_SNP_N_GenomeWideSNP_6_B04_831458	6	74591858	74601410	11	-0.447
SERVO_p_TCGA_157_158_159_SNP_N_GenomeWideSNP_6_B04_831458	6	74603555	77014948	1468	0.0825
SERVO_p_TCGA_157_158_159_SNP_N_GenomeWideSNP_6_B04_831458	6	77016900	77016926	3	1.6172
SERVO_p_TCGA_157_158_159_SNP_N_GenomeWideSNP_6_B04_831458	6	77016993	77440094	298	0.0903
SERVO_p_TCGA_157_158_159_SNP_N_GenomeWideSNP_6_B04_831458	6	77440818	77472584	28	0.4179
SERVO_p_TCGA_157_158_159_SNP_N_GenomeWideSNP_6_B04_831458	6	77472781	97936756	13022	0.0812
SERVO_p_TCGA_157_158_159_SNP_N_GenomeWideSNP_6_B04_831458	6	97941359	98909186	530	0.3904
SERVO_p_TCGA_157_158_159_SNP_N_GenomeWideSNP_6_B04_831458	6	98911945	103747432	3016	0.0648
SERVO_p_TCGA_157_158_159_SNP_N_GenomeWideSNP_6_B04_831458	6	103747453	103751338	8	0.8043
SERVO_p_TCGA_157_158_159_SNP_N_GenomeWideSNP_6_B04_831458	6	103751564	134266268	19108	0.0956
SERVO_p_TCGA_157_158_159_SNP_N_GenomeWideSNP_6_B04_831458	6	134269071	134269632	2	-1.4526
SERVO_p_TCGA_157_158_159_SNP_N_GenomeWideSNP_6_B04_831458	6	134272072	162426461	18983	0.1064
SERVO_p_TCGA_157_158_159_SNP_N_GenomeWideSNP_6_B04_831458	6	162428289	162430993	4	0.8199
SERVO_p_TCGA_157_158_159_SNP_N_GenomeWideSNP_6_B04_831458	6	162433917	162441100	9	0.1233
SERVO_p_TCGA_157_158_159_SNP_N_GenomeWideSNP_6_B04_831458	6	162442894	162496609	63	-0.232
SERVO_p_TCGA_157_158_159_SNP_N_GenomeWideSNP_6_B04_831458	6	162496652	171051005	6091	0.0762
SERVO_p_TCGA_157_158_159_SNP_N_GenomeWideSNP_6_B04_831458	7	43355	4156647	2081	0.0968
SERVO_p_TCGA_157_158_159_SNP_N_GenomeWideSNP_6_B04_831458	7	4158354	4158553	2	-2.7586
SERVO_p_TCGA_157_158_159_SNP_N_GenomeWideSNP_6_B04_831458	7	4161371	91208142	54765	0.0996
SERVO_p_TCGA_157_158_159_SNP_N_GenomeWideSNP_6_B04_831458	7	91218884	91219132	3	-1.1632
SERVO_p_TCGA_157_158_159_SNP_N_GenomeWideSNP_6_B04_831458	7	91225032	91357869	96	0.0912
SERVO_p_TCGA_157_158_159_SNP_N_GenomeWideSNP_6_B04_831458	7	91358294	91359591	11	0.8385
SERVO_p_TCGA_157_158_159_SNP_N_GenomeWideSNP_6_B04_831458	7	91360990	101115994	5340	0.0903
SERVO_p_TCGA_157_158_159_SNP_N_GenomeWideSNP_6_B04_831458	7	101116334	101137314	12	0.7036
SERVO_p_TCGA_157_158_159_SNP_N_GenomeWideSNP_6_B04_831458	7	101141867	109440918	5054	0.1101
SERVO_p_TCGA_157_158_159_SNP_N_GenomeWideSNP_6_B04_831458	7	109440919	109453910	17	-0.4213
SERVO_p_TCGA_157_158_159_SNP_N_GenomeWideSNP_6_B04_831458	7	109453982	127930962	11332	0.0975
SERVO_p_TCGA_157_158_159_SNP_N_GenomeWideSNP_6_B04_831458	7	127930979	127930994	2	1.7942
SERVO_p_TCGA_157_158_159_SNP_N_GenomeWideSNP_6_B04_831458	7	127931080	133778652	3415	0.1027
SERVO_p_TCGA_157_158_159_SNP_N_GenomeWideSNP_6_B04_831458	7	133785177	133795634	27	-1.4079
SERVO_p_TCGA_157_158_159_SNP_N_GenomeWideSNP_6_B04_831458	7	133795665	142474939	5699	0.0961
SERVO_p_TCGA_157_158_159_SNP_N_GenomeWideSNP_6_B04_831458	7	142476719	142479665	7	-2.8304
SERVO_p_TCGA_157_158_159_SNP_N_GenomeWideSNP_6_B04_831458	7	142479722	142486045	20	-1.3603
SERVO_p_TCGA_157_158_159_SNP_N_GenomeWideSNP_6_B04_831458	7	142486115	159127004	10571	0.0886
SERVO_p_TCGA_157_158_159_SNP_N_GenomeWideSNP_6_B04_831458	8	31254	6131338	6878	0.0588
SERVO_p_TCGA_157_158_159_SNP_N_GenomeWideSNP_6_B04_831458	8	6132709	6944774	913	-0.6909
SERVO_p_TCGA_157_158_159_SNP_N_GenomeWideSNP_6_B04_831458	8	6959833	10068073	2023	0.1215
SERVO_p_TCGA_157_158_159_SNP_N_GenomeWideSNP_6_B04_831458	8	10068889	10072245	6	1.1369
SERVO_p_TCGA_157_158_159_SNP_N_GenomeWideSNP_6_B04_831458	8	10072791	12189243	1476	0.1115
SERVO_p_TCGA_157_158_159_SNP_N_GenomeWideSNP_6_B04_831458	8	12198121	12419667	96	-0.2822
SERVO_p_TCGA_157_158_159_SNP_N_GenomeWideSNP_6_B04_831458	8	12419965	18265154	5341	0.0816
SERVO_p_TCGA_157_158_159_SNP_N_GenomeWideSNP_6_B04_831458	8	18266157	18271185	4	-1.5755
SERVO_p_TCGA_157_158_159_SNP_N_GenomeWideSNP_6_B04_831458	8	18271387	24974443	5088	0.1112
SERVO_p_TCGA_157_158_159_SNP_N_GenomeWideSNP_6_B04_831458	8	24974476	24991763	34	0.4446
SERVO_p_TCGA_157_158_159_SNP_N_GenomeWideSNP_6_B04_831458	8	24991776	39230659	9022	0.104
SERVO_p_TCGA_157_158_159_SNP_N_GenomeWideSNP_6_B04_831458	8	39235603	39386965	58	-1.8866
SERVO_p_TCGA_157_158_159_SNP_N_GenomeWideSNP_6_B04_831458	8	39388299	58343334	9351	0.0713
SERVO_p_TCGA_157_158_159_SNP_N_GenomeWideSNP_6_B04_831458	8	58344032	58344441	2	1.5772
SERVO_p_TCGA_157_158_159_SNP_N_GenomeWideSNP_6_B04_831458	8	58346590	64848636	4304	0.0947
SERVO_p_TCGA_157_158_159_SNP_N_GenomeWideSNP_6_B04_831458	8	64848897	64849118	6	1.1037
SERVO_p_TCGA_157_158_159_SNP_N_GenomeWideSNP_6_B04_831458	8	64849510	68547669	1882	0.058
SERVO_p_TCGA_157_158_159_SNP_N_GenomeWideSNP_6_B04_831458	8	68548132	68548400	6	-0.6235
SERVO_p_TCGA_157_158_159_SNP_N_GenomeWideSNP_6_B04_831458	8	68548491	71564232	1976	0.0713
SERVO_p_TCGA_157_158_159_SNP_N_GenomeWideSNP_6_B04_831458	8	71564539	71570411	7	0.6248
SERVO_p_TCGA_157_158_159_SNP_N_GenomeWideSNP_6_B04_831458	8	71570431	72212365	374	0.1171
SERVO_p_TCGA_157_158_159_SNP_N_GenomeWideSNP_6_B04_831458	8	72215311	72216599	9	-1.3233
SERVO_p_TCGA_157_158_159_SNP_N_GenomeWideSNP_6_B04_831458	8	72219863	84737372	7655	0.0762
SERVO_p_TCGA_157_158_159_SNP_N_GenomeWideSNP_6_B04_831458	8	84737945	84959054	142	-0.5079
SERVO_p_TCGA_157_158_159_SNP_N_GenomeWideSNP_6_B04_831458	8	84959471	112294466	16324	0.0794
SERVO_p_TCGA_157_158_159_SNP_N_GenomeWideSNP_6_B04_831458	8	112294646	112295260	7	-1.8423
SERVO_p_TCGA_157_158_159_SNP_N_GenomeWideSNP_6_B04_831458	8	112300281	115631436	1825	0.0357
SERVO_p_TCGA_157_158_159_SNP_N_GenomeWideSNP_6_B04_831458	8	115632043	115641689	35	-0.3424
SERVO_p_TCGA_157_158_159_SNP_N_GenomeWideSNP_6_B04_831458	8	115641731	115778063	80	0.0677
SERVO_p_TCGA_157_158_159_SNP_N_GenomeWideSNP_6_B04_831458	8	115778134	115786768	5	0.7655
SERVO_p_TCGA_157_158_159_SNP_N_GenomeWideSNP_6_B04_831458	8	115787297	146298155	20970	0.0987
SERVO_p_TCGA_157_158_159_SNP_N_GenomeWideSNP_6_B04_831458	9	46587	592306	483	0.183
SERVO_p_TCGA_157_158_159_SNP_N_GenomeWideSNP_6_B04_831458	9	592552	592567	2	-1.6119
SERVO_p_TCGA_157_158_159_SNP_N_GenomeWideSNP_6_B04_831458	9	592718	602903	28	0.0995
SERVO_p_TCGA_157_158_159_SNP_N_GenomeWideSNP_6_B04_831458	9	606699	606893	3	-2.1376
SERVO_p_TCGA_157_158_159_SNP_N_GenomeWideSNP_6_B04_831458	9	606961	43554462	30870	0.1159
SERVO_p_TCGA_157_158_159_SNP_N_GenomeWideSNP_6_B04_831458	9	43583463	43800186	29	0.9798
SERVO_p_TCGA_157_158_159_SNP_N_GenomeWideSNP_6_B04_831458	9	44114872	68183981	240	-0.0048
SERVO_p_TCGA_157_158_159_SNP_N_GenomeWideSNP_6_B04_831458	9	68186051	68186056	3	1.952
SERVO_p_TCGA_157_158_159_SNP_N_GenomeWideSNP_6_B04_831458	9	68186057	68323823	31	0.1976
SERVO_p_TCGA_157_158_159_SNP_N_GenomeWideSNP_6_B04_831458	9	68323922	68735835	38	-0.2137
SERVO_p_TCGA_157_158_159_SNP_N_GenomeWideSNP_6_B04_831458	9	68735971	79070461	6055	0.1188
SERVO_p_TCGA_157_158_159_SNP_N_GenomeWideSNP_6_B04_831458	9	79075652	79078413	3	-1.37
SERVO_p_TCGA_157_158_159_SNP_N_GenomeWideSNP_6_B04_831458	9	79078673	87267378	5915	0.0995
SERVO_p_TCGA_157_158_159_SNP_N_GenomeWideSNP_6_B04_831458	9	87267699	87267793	2	1.6906
SERVO_p_TCGA_157_158_159_SNP_N_GenomeWideSNP_6_B04_831458	9	87274748	90522594	2422	0.1036
SERVO_p_TCGA_157_158_159_SNP_N_GenomeWideSNP_6_B04_831458	9	90554151	90554219	2	-1.4222
SERVO_p_TCGA_157_158_159_SNP_N_GenomeWideSNP_6_B04_831458	9	90557957	93609577	2033	0.1145
SERVO_p_TCGA_157_158_159_SNP_N_GenomeWideSNP_6_B04_831458	9	93609668	93610132	3	1.5454
SERVO_p_TCGA_157_158_159_SNP_N_GenomeWideSNP_6_B04_831458	9	93612959	115754893	15687	0.1268
SERVO_p_TCGA_157_158_159_SNP_N_GenomeWideSNP_6_B04_831458	9	115756239	115768781	4	1.3415
SERVO_p_TCGA_157_158_159_SNP_N_GenomeWideSNP_6_B04_831458	9	115777108	118852684	2291	0.1152
SERVO_p_TCGA_157_158_159_SNP_N_GenomeWideSNP_6_B04_831458	9	118855224	118862100	9	0.7754
SERVO_p_TCGA_157_158_159_SNP_N_GenomeWideSNP_6_B04_831458	9	118862695	141091394	13751	0.1242
SERVO_p_TCGA_157_158_159_SNP_N_GenomeWideSNP_6_B04_831458	10	72759	91732	4	-0.5735
SERVO_p_TCGA_157_158_159_SNP_N_GenomeWideSNP_6_B04_831458	10	104198	24377675	19223	0.0152
SERVO_p_TCGA_157_158_159_SNP_N_GenomeWideSNP_6_B04_831458	10	24377676	24379007	12	0.5401
SERVO_p_TCGA_157_158_159_SNP_N_GenomeWideSNP_6_B04_831458	10	24379039	47047599	12389	-0.1311
SERVO_p_TCGA_157_158_159_SNP_N_GenomeWideSNP_6_B04_831458	10	47055654	47059633	17	0.3635
SERVO_p_TCGA_157_158_159_SNP_N_GenomeWideSNP_6_B04_831458	10	47059673	47094305	32	-0.2237
SERVO_p_TCGA_157_158_159_SNP_N_GenomeWideSNP_6_B04_831458	10	47094644	47131734	27	-0.6687
SERVO_p_TCGA_157_158_159_SNP_N_GenomeWideSNP_6_B04_831458	10	47131749	47771030	212	-0.2673
SERVO_p_TCGA_157_158_159_SNP_N_GenomeWideSNP_6_B04_831458	10	47897394	47913401	3	-1.8442
SERVO_p_TCGA_157_158_159_SNP_N_GenomeWideSNP_6_B04_831458	10	47948060	48902376	296	-0.1814
SERVO_p_TCGA_157_158_159_SNP_N_GenomeWideSNP_6_B04_831458	10	48928791	49045895	9	-1.0449
SERVO_p_TCGA_157_158_159_SNP_N_GenomeWideSNP_6_B04_831458	10	49082219	81559401	21767	-0.1285
SERVO_p_TCGA_157_158_159_SNP_N_GenomeWideSNP_6_B04_831458	10	81562187	81597140	14	-0.881
SERVO_p_TCGA_157_158_159_SNP_N_GenomeWideSNP_6_B04_831458	10	81597779	109856276	18574	-0.1248
SERVO_p_TCGA_157_158_159_SNP_N_GenomeWideSNP_6_B04_831458	10	109856486	109856510	2	-1.8399
SERVO_p_TCGA_157_158_159_SNP_N_GenomeWideSNP_6_B04_831458	10	109856750	135506704	18426	-0.1298
SERVO_p_TCGA_157_158_159_SNP_N_GenomeWideSNP_6_B04_831458	11	198510	4967650	2475	-0.1202
SERVO_p_TCGA_157_158_159_SNP_N_GenomeWideSNP_6_B04_831458	11	4968117	4976907	43	0.4318
SERVO_p_TCGA_157_158_159_SNP_N_GenomeWideSNP_6_B04_831458	11	4977011	31393294	19364	-0.1359
SERVO_p_TCGA_157_158_159_SNP_N_GenomeWideSNP_6_B04_831458	11	31394268	31397080	2	-1.9901
SERVO_p_TCGA_157_158_159_SNP_N_GenomeWideSNP_6_B04_831458	11	31398207	55374048	12738	-0.1413
SERVO_p_TCGA_157_158_159_SNP_N_GenomeWideSNP_6_B04_831458	11	55374188	55435127	42	-0.559
SERVO_p_TCGA_157_158_159_SNP_N_GenomeWideSNP_6_B04_831458	11	55437719	55474227	27	-0.2052
SERVO_p_TCGA_157_158_159_SNP_N_GenomeWideSNP_6_B04_831458	11	55475356	55475560	2	1.5666
SERVO_p_TCGA_157_158_159_SNP_N_GenomeWideSNP_6_B04_831458	11	55475639	84486717	16541	-0.126
SERVO_p_TCGA_157_158_159_SNP_N_GenomeWideSNP_6_B04_831458	11	84487003	84493235	2	1.776
SERVO_p_TCGA_157_158_159_SNP_N_GenomeWideSNP_6_B04_831458	11	84493877	91830489	4806	-0.1516
SERVO_p_TCGA_157_158_159_SNP_N_GenomeWideSNP_6_B04_831458	11	91830658	91831043	2	2.5837
SERVO_p_TCGA_157_158_159_SNP_N_GenomeWideSNP_6_B04_831458	11	91832704	95978219	3081	-0.1334
SERVO_p_TCGA_157_158_159_SNP_N_GenomeWideSNP_6_B04_831458	11	95979692	95979800	3	-1.2595
SERVO_p_TCGA_157_158_159_SNP_N_GenomeWideSNP_6_B04_831458	11	95982568	105117855	6664	-0.1566
SERVO_p_TCGA_157_158_159_SNP_N_GenomeWideSNP_6_B04_831458	11	105118016	105123434	3	1.2878
SERVO_p_TCGA_157_158_159_SNP_N_GenomeWideSNP_6_B04_831458	11	105123515	134944770	21260	-0.1428
SERVO_p_TCGA_157_158_159_SNP_N_GenomeWideSNP_6_B04_831458	12	150442	31269298	21467	-0.1255
SERVO_p_TCGA_157_158_159_SNP_N_GenomeWideSNP_6_B04_831458	12	31278031	31409879	91	0.2678
SERVO_p_TCGA_157_158_159_SNP_N_GenomeWideSNP_6_B04_831458	12	31410284	52704991	10681	-0.1369
SERVO_p_TCGA_157_158_159_SNP_N_GenomeWideSNP_6_B04_831458	12	52706286	52715815	12	-0.7135
SERVO_p_TCGA_157_158_159_SNP_N_GenomeWideSNP_6_B04_831458	12	52715876	58468766	3271	-0.1088
SERVO_p_TCGA_157_158_159_SNP_N_GenomeWideSNP_6_B04_831458	12	58469348	58469695	3	1.5635
SERVO_p_TCGA_157_158_159_SNP_N_GenomeWideSNP_6_B04_831458	12	58469921	99795737	26710	-0.1367
SERVO_p_TCGA_157_158_159_SNP_N_GenomeWideSNP_6_B04_831458	12	99795773	99798734	27	-0.7501
SERVO_p_TCGA_157_158_159_SNP_N_GenomeWideSNP_6_B04_831458	12	99803093	129228886	19653	-0.1229
SERVO_p_TCGA_157_158_159_SNP_N_GenomeWideSNP_6_B04_831458	12	129230513	129232142	5	-1.8822
SERVO_p_TCGA_157_158_159_SNP_N_GenomeWideSNP_6_B04_831458	12	129232297	130444853	1089	-0.1767
SERVO_p_TCGA_157_158_159_SNP_N_GenomeWideSNP_6_B04_831458	12	130447464	130450562	3	1.5474
SERVO_p_TCGA_157_158_159_SNP_N_GenomeWideSNP_6_B04_831458	12	130452931	133778189	1991	-0.1505
SERVO_p_TCGA_157_158_159_SNP_N_GenomeWideSNP_6_B04_831458	13	19026949	19418888	114	0.7005
SERVO_p_TCGA_157_158_159_SNP_N_GenomeWideSNP_6_B04_831458	13	19426562	20121459	452	0.9964
SERVO_p_TCGA_157_158_159_SNP_N_GenomeWideSNP_6_B04_831458	13	20123895	20123910	2	-0.3877
SERVO_p_TCGA_157_158_159_SNP_N_GenomeWideSNP_6_B04_831458	13	20124501	20820781	339	1.0228
SERVO_p_TCGA_157_158_159_SNP_N_GenomeWideSNP_6_B04_831458	13	20827251	20827940	2	-2.4315
SERVO_p_TCGA_157_158_159_SNP_N_GenomeWideSNP_6_B04_831458	13	20832547	22921326	1502	1.0041
SERVO_p_TCGA_157_158_159_SNP_N_GenomeWideSNP_6_B04_831458	13	22925898	22928373	2	-1.4341
SERVO_p_TCGA_157_158_159_SNP_N_GenomeWideSNP_6_B04_831458	13	22933062	46799169	17199	0.9022
SERVO_p_TCGA_157_158_159_SNP_N_GenomeWideSNP_6_B04_831458	13	46802129	46802357	3	1.914
SERVO_p_TCGA_157_158_159_SNP_N_GenomeWideSNP_6_B04_831458	13	46802657	47031713	129	0.8813
SERVO_p_TCGA_157_158_159_SNP_N_GenomeWideSNP_6_B04_831458	13	47034809	47036022	2	-1.2017
SERVO_p_TCGA_157_158_159_SNP_N_GenomeWideSNP_6_B04_831458	13	47047212	67172779	12011	0.8078
SERVO_p_TCGA_157_158_159_SNP_N_GenomeWideSNP_6_B04_831458	13	67176219	67177783	2	-1.2912
SERVO_p_TCGA_157_158_159_SNP_N_GenomeWideSNP_6_B04_831458	13	67178344	67281178	81	0.7216
SERVO_p_TCGA_157_158_159_SNP_N_GenomeWideSNP_6_B04_831458	13	67281627	67290628	7	1.4334
SERVO_p_TCGA_157_158_159_SNP_N_GenomeWideSNP_6_B04_831458	13	67292384	69260035	1220	0.7702
SERVO_p_TCGA_157_158_159_SNP_N_GenomeWideSNP_6_B04_831458	13	69260496	69260734	2	-0.8955
SERVO_p_TCGA_157_158_159_SNP_N_GenomeWideSNP_6_B04_831458	13	69261153	72476988	2074	0.7988
SERVO_p_TCGA_157_158_159_SNP_N_GenomeWideSNP_6_B04_831458	13	72477555	72479547	2	-1.8681
SERVO_p_TCGA_157_158_159_SNP_N_GenomeWideSNP_6_B04_831458	13	72480449	72771046	256	0.8423
SERVO_p_TCGA_157_158_159_SNP_N_GenomeWideSNP_6_B04_831458	13	72771714	72772051	2	-0.6887
SERVO_p_TCGA_157_158_159_SNP_N_GenomeWideSNP_6_B04_831458	13	72774135	78711996	4183	0.8345
SERVO_p_TCGA_157_158_159_SNP_N_GenomeWideSNP_6_B04_831458	13	78714858	78715400	3	-0.4262
SERVO_p_TCGA_157_158_159_SNP_N_GenomeWideSNP_6_B04_831458	13	78716024	80707429	1369	0.8384
SERVO_p_TCGA_157_158_159_SNP_N_GenomeWideSNP_6_B04_831458	13	80707683	80740680	26	1.1725
SERVO_p_TCGA_157_158_159_SNP_N_GenomeWideSNP_6_B04_831458	13	80742925	100384103	12406	0.8046
SERVO_p_TCGA_157_158_159_SNP_N_GenomeWideSNP_6_B04_831458	13	100384766	100385360	3	-1.8537
SERVO_p_TCGA_157_158_159_SNP_N_GenomeWideSNP_6_B04_831458	13	100389732	115108397	10876	0.844
SERVO_p_TCGA_157_158_159_SNP_N_GenomeWideSNP_6_B04_831458	14	19002124	28024444	5303	-0.4099
SERVO_p_TCGA_157_158_159_SNP_N_GenomeWideSNP_6_B04_831458	14	28037037	28037861	2	-2.1879
SERVO_p_TCGA_157_158_159_SNP_N_GenomeWideSNP_6_B04_831458	14	28037991	73995774	28957	-0.44
SERVO_p_TCGA_157_158_159_SNP_N_GenomeWideSNP_6_B04_831458	14	74001123	74029900	10	1.1217
SERVO_p_TCGA_157_158_159_SNP_N_GenomeWideSNP_6_B04_831458	14	74029915	106377914	20709	-0.449
SERVO_p_TCGA_157_158_159_SNP_N_GenomeWideSNP_6_B04_831458	14	106377935	106428390	14	0.2479
SERVO_p_TCGA_157_158_159_SNP_N_GenomeWideSNP_6_B04_831458	14	106429968	106547314	47	-0.4152
SERVO_p_TCGA_157_158_159_SNP_N_GenomeWideSNP_6_B04_831458	14	106547507	106561441	9	-2.1436
SERVO_p_TCGA_157_158_159_SNP_N_GenomeWideSNP_6_B04_831458	14	106567100	106715489	67	-0.4522
SERVO_p_TCGA_157_158_159_SNP_N_GenomeWideSNP_6_B04_831458	14	106717356	106746725	14	-0.9129
SERVO_p_TCGA_157_158_159_SNP_N_GenomeWideSNP_6_B04_831458	14	106746958	106753867	7	0.5571
SERVO_p_TCGA_157_158_159_SNP_N_GenomeWideSNP_6_B04_831458	14	106754003	106952855	121	-0.1831
SERVO_p_TCGA_157_158_159_SNP_N_GenomeWideSNP_6_B04_831458	14	106958242	107285437	207	-0.4923
SERVO_p_TCGA_157_158_159_SNP_N_GenomeWideSNP_6_B04_831458	15	20016328	24669745	1423	-0.4227
SERVO_p_TCGA_157_158_159_SNP_N_GenomeWideSNP_6_B04_831458	15	24674751	24714839	35	-1.5193
SERVO_p_TCGA_157_158_159_SNP_N_GenomeWideSNP_6_B04_831458	15	24714858	61688169	23711	-0.4328
SERVO_p_TCGA_157_158_159_SNP_N_GenomeWideSNP_6_B04_831458	15	61688191	61690100	2	-7.5064
SERVO_p_TCGA_157_158_159_SNP_N_GenomeWideSNP_6_B04_831458	15	61691653	61694643	7	-2.64
SERVO_p_TCGA_157_158_159_SNP_N_GenomeWideSNP_6_B04_831458	15	61697674	102469040	26773	-0.4201
SERVO_p_TCGA_157_158_159_SNP_N_GenomeWideSNP_6_B04_831458	16	60777	3211320	1106	0.0955
SERVO_p_TCGA_157_158_159_SNP_N_GenomeWideSNP_6_B04_831458	16	3214686	3237581	14	0.8564
SERVO_p_TCGA_157_158_159_SNP_N_GenomeWideSNP_6_B04_831458	16	3248359	21360430	13329	0.1207
SERVO_p_TCGA_157_158_159_SNP_N_GenomeWideSNP_6_B04_831458	16	21363405	21593455	30	-0.3899
SERVO_p_TCGA_157_158_159_SNP_N_GenomeWideSNP_6_B04_831458	16	21593634	22557932	366	0.1248
SERVO_p_TCGA_157_158_159_SNP_N_GenomeWideSNP_6_B04_831458	16	22558311	22710742	72	-0.34
SERVO_p_TCGA_157_158_159_SNP_N_GenomeWideSNP_6_B04_831458	16	22712979	55796594	12398	0.1254
SERVO_p_TCGA_157_158_159_SNP_N_GenomeWideSNP_6_B04_831458	16	55798222	55798779	3	2.2644
SERVO_p_TCGA_157_158_159_SNP_N_GenomeWideSNP_6_B04_831458	16	55804348	90287535	25086	0.1148
SERVO_p_TCGA_157_158_159_SNP_N_GenomeWideSNP_6_B04_831458	17	526	468091	209	-0.1479
SERVO_p_TCGA_157_158_159_SNP_N_GenomeWideSNP_6_B04_831458	17	471229	476993	6	-1.712
SERVO_p_TCGA_157_158_159_SNP_N_GenomeWideSNP_6_B04_831458	17	477471	665044	122	-0.1322
SERVO_p_TCGA_157_158_159_SNP_N_GenomeWideSNP_6_B04_831458	17	667243	667377	2	1.9988
SERVO_p_TCGA_157_158_159_SNP_N_GenomeWideSNP_6_B04_831458	17	678491	15512133	9679	-0.1238
SERVO_p_TCGA_157_158_159_SNP_N_GenomeWideSNP_6_B04_831458	17	15513066	15546790	5	-1.3906
SERVO_p_TCGA_157_158_159_SNP_N_GenomeWideSNP_6_B04_831458	17	15554278	44408674	13593	-0.1053
SERVO_p_TCGA_157_158_159_SNP_N_GenomeWideSNP_6_B04_831458	17	44428681	44752300	42	0.5731
SERVO_p_TCGA_157_158_159_SNP_N_GenomeWideSNP_6_B04_831458	17	44764994	54157907	5805	-0.1122
SERVO_p_TCGA_157_158_159_SNP_N_GenomeWideSNP_6_B04_831458	17	54158212	54173247	33	-0.5389
SERVO_p_TCGA_157_158_159_SNP_N_GenomeWideSNP_6_B04_831458	17	54173267	74035444	12116	-0.0899
SERVO_p_TCGA_157_158_159_SNP_N_GenomeWideSNP_6_B04_831458	17	74035691	74036112	2	-2.1125
SERVO_p_TCGA_157_158_159_SNP_N_GenomeWideSNP_6_B04_831458	17	74036468	75483528	850	-0.1166
SERVO_p_TCGA_157_158_159_SNP_N_GenomeWideSNP_6_B04_831458	17	75487202	75488933	2	1.8814
SERVO_p_TCGA_157_158_159_SNP_N_GenomeWideSNP_6_B04_831458	17	75489427	78628863	1832	-0.1168
SERVO_p_TCGA_157_158_159_SNP_N_GenomeWideSNP_6_B04_831458	17	78629793	78634179	2	2.3451
SERVO_p_TCGA_157_158_159_SNP_N_GenomeWideSNP_6_B04_831458	17	78634300	81049726	961	-0.1081
SERVO_p_TCGA_157_158_159_SNP_N_GenomeWideSNP_6_B04_831458	18	11543	294045	112	-0.3954
SERVO_p_TCGA_157_158_159_SNP_N_GenomeWideSNP_6_B04_831458	18	294169	295046	6	-1.5688
SERVO_p_TCGA_157_158_159_SNP_N_GenomeWideSNP_6_B04_831458	18	298035	5966158	4114	-0.4295
SERVO_p_TCGA_157_158_159_SNP_N_GenomeWideSNP_6_B04_831458	18	5966289	5974522	12	-1.2596
SERVO_p_TCGA_157_158_159_SNP_N_GenomeWideSNP_6_B04_831458	18	5975172	23550826	9160	-0.4355
SERVO_p_TCGA_157_158_159_SNP_N_GenomeWideSNP_6_B04_831458	18	23551606	26535696	1885	0.7394
SERVO_p_TCGA_157_158_159_SNP_N_GenomeWideSNP_6_B04_831458	18	26539088	63200076	24622	-0.4469
SERVO_p_TCGA_157_158_159_SNP_N_GenomeWideSNP_6_B04_831458	18	63200357	63207273	24	0.2935
SERVO_p_TCGA_157_158_159_SNP_N_GenomeWideSNP_6_B04_831458	18	63207381	78015057	10775	-0.4718
SERVO_p_TCGA_157_158_159_SNP_N_GenomeWideSNP_6_B04_831458	19	90910	15784152	6621	0.0854
SERVO_p_TCGA_157_158_159_SNP_N_GenomeWideSNP_6_B04_831458	19	15790085	15791617	2	2.6042
SERVO_p_TCGA_157_158_159_SNP_N_GenomeWideSNP_6_B04_831458	19	15791664	20596206	2351	0.0861
SERVO_p_TCGA_157_158_159_SNP_N_GenomeWideSNP_6_B04_831458	19	20598443	20716389	69	-0.5624
SERVO_p_TCGA_157_158_159_SNP_N_GenomeWideSNP_6_B04_831458	19	20720881	21387808	374	0.0348
SERVO_p_TCGA_157_158_159_SNP_N_GenomeWideSNP_6_B04_831458	19	21388921	21400142	17	-0.9034
SERVO_p_TCGA_157_158_159_SNP_N_GenomeWideSNP_6_B04_831458	19	21402762	21635355	125	0.0706
SERVO_p_TCGA_157_158_159_SNP_N_GenomeWideSNP_6_B04_831458	19	21635397	21650836	11	0.4227
SERVO_p_TCGA_157_158_159_SNP_N_GenomeWideSNP_6_B04_831458	19	21651061	32589702	5114	0.0317
SERVO_p_TCGA_157_158_159_SNP_N_GenomeWideSNP_6_B04_831458	19	32590162	32591077	4	1.0486
SERVO_p_TCGA_157_158_159_SNP_N_GenomeWideSNP_6_B04_831458	19	32591931	42689009	5623	0.0862
SERVO_p_TCGA_157_158_159_SNP_N_GenomeWideSNP_6_B04_831458	19	42696015	42696698	2	-1.2682
SERVO_p_TCGA_157_158_159_SNP_N_GenomeWideSNP_6_B04_831458	19	42700528	43290773	241	0.0879
SERVO_p_TCGA_157_158_159_SNP_N_GenomeWideSNP_6_B04_831458	19	43294390	43537378	114	-0.6902
SERVO_p_TCGA_157_158_159_SNP_N_GenomeWideSNP_6_B04_831458	19	43538778	52131813	4263	0.0992
SERVO_p_TCGA_157_158_159_SNP_N_GenomeWideSNP_6_B04_831458	19	52142352	52148197	11	-0.5521
SERVO_p_TCGA_157_158_159_SNP_N_GenomeWideSNP_6_B04_831458	19	52154905	53525262	952	0.0458
SERVO_p_TCGA_157_158_159_SNP_N_GenomeWideSNP_6_B04_831458	19	53525535	53554240	18	0.7123
SERVO_p_TCGA_157_158_159_SNP_N_GenomeWideSNP_6_B04_831458	19	53554319	56282535	1562	0.0425
SERVO_p_TCGA_157_158_159_SNP_N_GenomeWideSNP_6_B04_831458	19	56283029	56283067	2	-2.4672
SERVO_p_TCGA_157_158_159_SNP_N_GenomeWideSNP_6_B04_831458	19	56286293	59097854	1848	0.0495
SERVO_p_TCGA_157_158_159_SNP_N_GenomeWideSNP_6_B04_831458	20	61305	61308	4	0.0802
SERVO_p_TCGA_157_158_159_SNP_N_GenomeWideSNP_6_B04_831458	20	61309	1560999	1202	-0.4302
SERVO_p_TCGA_157_158_159_SNP_N_GenomeWideSNP_6_B04_831458	20	1561580	1582092	35	0.6791
SERVO_p_TCGA_157_158_159_SNP_N_GenomeWideSNP_6_B04_831458	20	1582207	23858722	17320	-0.4243
SERVO_p_TCGA_157_158_159_SNP_N_GenomeWideSNP_6_B04_831458	20	23858984	23863795	7	-2.0368
SERVO_p_TCGA_157_158_159_SNP_N_GenomeWideSNP_6_B04_831458	20	23864029	29490837	1467	-0.4557
SERVO_p_TCGA_157_158_159_SNP_N_GenomeWideSNP_6_B04_831458	20	29490986	29598227	29	0.2939
SERVO_p_TCGA_157_158_159_SNP_N_GenomeWideSNP_6_B04_831458	20	29598734	29598863	2	-1.111
SERVO_p_TCGA_157_158_159_SNP_N_GenomeWideSNP_6_B04_831458	20	29601779	62956153	22389	0.4995
SERVO_p_TCGA_157_158_159_SNP_N_GenomeWideSNP_6_B04_831458	21	10736871	40997359	19407	0.0018
SERVO_p_TCGA_157_158_159_SNP_N_GenomeWideSNP_6_B04_831458	21	40997665	40998123	2	1.4429
SERVO_p_TCGA_157_158_159_SNP_N_GenomeWideSNP_6_B04_831458	21	41000353	44716050	3050	0.0482
SERVO_p_TCGA_157_158_159_SNP_N_GenomeWideSNP_6_B04_831458	21	44716095	44733280	11	0.6774
SERVO_p_TCGA_157_158_159_SNP_N_GenomeWideSNP_6_B04_831458	21	44739048	44968053	154	-0.0176
SERVO_p_TCGA_157_158_159_SNP_N_GenomeWideSNP_6_B04_831458	21	44970873	44972812	2	-1.8668
SERVO_p_TCGA_157_158_159_SNP_N_GenomeWideSNP_6_B04_831458	21	44973667	48096957	1763	-0.0028
SERVO_p_TCGA_157_158_159_SNP_N_GenomeWideSNP_6_B04_831458	22	16052528	18810110	1220	-0.4224
SERVO_p_TCGA_157_158_159_SNP_N_GenomeWideSNP_6_B04_831458	22	18876428	18894927	28	-1.3004
SERVO_p_TCGA_157_158_159_SNP_N_GenomeWideSNP_6_B04_831458	22	18894940	18976690	41	-3.0227
SERVO_p_TCGA_157_158_159_SNP_N_GenomeWideSNP_6_B04_831458	22	18979268	37742992	13370	-0.4266
SERVO_p_TCGA_157_158_159_SNP_N_GenomeWideSNP_6_B04_831458	22	37748729	37749946	4	-4.487
SERVO_p_TCGA_157_158_159_SNP_N_GenomeWideSNP_6_B04_831458	22	37750667	39290920	767	-0.4111
SERVO_p_TCGA_157_158_159_SNP_N_GenomeWideSNP_6_B04_831458	22	39295255	39300048	5	0.46
SERVO_p_TCGA_157_158_159_SNP_N_GenomeWideSNP_6_B04_831458	22	39300205	39350222	35	-0.4051
SERVO_p_TCGA_157_158_159_SNP_N_GenomeWideSNP_6_B04_831458	22	39351466	39375307	25	-1.2529
SERVO_p_TCGA_157_158_159_SNP_N_GenomeWideSNP_6_B04_831458	22	39389628	51234455	7998	-0.4409
SERVO_p_TCGA_157_158_159_SNP_N_GenomeWideSNP_6_B04_831458	X	168477	2666353	95	-0.4088
SERVO_p_TCGA_157_158_159_SNP_N_GenomeWideSNP_6_B04_831458	X	2703391	62450445	33621	0.0279
SERVO_p_TCGA_157_158_159_SNP_N_GenomeWideSNP_6_B04_831458	X	62457637	62498272	19	0.7483
SERVO_p_TCGA_157_158_159_SNP_N_GenomeWideSNP_6_B04_831458	X	62505635	66260124	1651	0.0012
SERVO_p_TCGA_157_158_159_SNP_N_GenomeWideSNP_6_B04_831458	X	66261972	66262221	2	-1.9021
SERVO_p_TCGA_157_158_159_SNP_N_GenomeWideSNP_6_B04_831458	X	66262673	155182354	48974	-0.0085
SERVO_p_TCGA_157_158_159_SNP_N_GenomeWideSNP_6_B04_831458	Y	2650438	59018259	8630	-1.4538
