Sample	Chromosome	Start	End	Num_Probes	Segment_Mean
FOXED_p_TCGA_b122_128_SNP_N_GenomeWideSNP_6_E02_781884	1	61735	603590	33	0.1443
FOXED_p_TCGA_b122_128_SNP_N_GenomeWideSNP_6_E02_781884	1	625470	16149343	8361	-0.2894
FOXED_p_TCGA_b122_128_SNP_N_GenomeWideSNP_6_E02_781884	1	16149915	16153925	7	0.7626
FOXED_p_TCGA_b122_128_SNP_N_GenomeWideSNP_6_E02_781884	1	16154201	16970000	342	-0.3075
FOXED_p_TCGA_b122_128_SNP_N_GenomeWideSNP_6_E02_781884	1	16970178	16970311	2	-2.23
FOXED_p_TCGA_b122_128_SNP_N_GenomeWideSNP_6_E02_781884	1	16970359	17182437	64	-0.0911
FOXED_p_TCGA_b122_128_SNP_N_GenomeWideSNP_6_E02_781884	1	17190004	17262247	63	0.2682
FOXED_p_TCGA_b122_128_SNP_N_GenomeWideSNP_6_E02_781884	1	17276241	25605058	5270	-0.2739
FOXED_p_TCGA_b122_128_SNP_N_GenomeWideSNP_6_E02_781884	1	25611120	25611452	2	-2.1549
FOXED_p_TCGA_b122_128_SNP_N_GenomeWideSNP_6_E02_781884	1	25616296	31251051	2829	-0.2893
FOXED_p_TCGA_b122_128_SNP_N_GenomeWideSNP_6_E02_781884	1	31251264	31251698	2	-2.4013
FOXED_p_TCGA_b122_128_SNP_N_GenomeWideSNP_6_E02_781884	1	31262005	62439746	18857	-0.2468
FOXED_p_TCGA_b122_128_SNP_N_GenomeWideSNP_6_E02_781884	1	62439761	62454672	26	0.1865
FOXED_p_TCGA_b122_128_SNP_N_GenomeWideSNP_6_E02_781884	1	62454784	63469503	660	-0.2502
FOXED_p_TCGA_b122_128_SNP_N_GenomeWideSNP_6_E02_781884	1	63471492	63472103	2	-2.4536
FOXED_p_TCGA_b122_128_SNP_N_GenomeWideSNP_6_E02_781884	1	63472868	72768916	6429	-0.2266
FOXED_p_TCGA_b122_128_SNP_N_GenomeWideSNP_6_E02_781884	1	72768936	72811904	46	-1.4225
FOXED_p_TCGA_b122_128_SNP_N_GenomeWideSNP_6_E02_781884	1	72812440	81599140	5560	-0.2444
FOXED_p_TCGA_b122_128_SNP_N_GenomeWideSNP_6_E02_781884	1	81601170	81634331	19	-0.7919
FOXED_p_TCGA_b122_128_SNP_N_GenomeWideSNP_6_E02_781884	1	81636783	90555907	6036	-0.2194
FOXED_p_TCGA_b122_128_SNP_N_GenomeWideSNP_6_E02_781884	1	90556980	90559217	2	-2.2787
FOXED_p_TCGA_b122_128_SNP_N_GenomeWideSNP_6_E02_781884	1	90559683	91231747	460	-0.1968
FOXED_p_TCGA_b122_128_SNP_N_GenomeWideSNP_6_E02_781884	1	91235443	91235489	2	-2.8202
FOXED_p_TCGA_b122_128_SNP_N_GenomeWideSNP_6_E02_781884	1	91235578	96155176	3143	-0.2186
FOXED_p_TCGA_b122_128_SNP_N_GenomeWideSNP_6_E02_781884	1	96155716	96156066	2	-2.5651
FOXED_p_TCGA_b122_128_SNP_N_GenomeWideSNP_6_E02_781884	1	96156216	106030601	5810	-0.2424
FOXED_p_TCGA_b122_128_SNP_N_GenomeWideSNP_6_E02_781884	1	106033932	106034215	2	-2.4594
FOXED_p_TCGA_b122_128_SNP_N_GenomeWideSNP_6_E02_781884	1	106034938	110227515	2658	-0.2158
FOXED_p_TCGA_b122_128_SNP_N_GenomeWideSNP_6_E02_781884	1	110232974	110240178	17	-0.8296
FOXED_p_TCGA_b122_128_SNP_N_GenomeWideSNP_6_E02_781884	1	110242953	110256624	21	0.1061
FOXED_p_TCGA_b122_128_SNP_N_GenomeWideSNP_6_E02_781884	1	110260742	112690326	1933	-0.254
FOXED_p_TCGA_b122_128_SNP_N_GenomeWideSNP_6_E02_781884	1	112695965	112697012	18	-0.7587
FOXED_p_TCGA_b122_128_SNP_N_GenomeWideSNP_6_E02_781884	1	112697174	120553354	5057	-0.2279
FOXED_p_TCGA_b122_128_SNP_N_GenomeWideSNP_6_E02_781884	1	120557366	147844790	1261	0.0444
FOXED_p_TCGA_b122_128_SNP_N_GenomeWideSNP_6_E02_781884	1	147929336	148789864	38	-0.6144
FOXED_p_TCGA_b122_128_SNP_N_GenomeWideSNP_6_E02_781884	1	148789983	152542215	1661	0.0057
FOXED_p_TCGA_b122_128_SNP_N_GenomeWideSNP_6_E02_781884	1	152542246	152555527	18	0.3829
FOXED_p_TCGA_b122_128_SNP_N_GenomeWideSNP_6_E02_781884	1	152555706	152586594	35	0.7973
FOXED_p_TCGA_b122_128_SNP_N_GenomeWideSNP_6_E02_781884	1	152590494	158866573	3826	-0.0067
FOXED_p_TCGA_b122_128_SNP_N_GenomeWideSNP_6_E02_781884	1	158868501	158869759	2	2.2525
FOXED_p_TCGA_b122_128_SNP_N_GenomeWideSNP_6_E02_781884	1	158874818	160146173	844	0.0055
FOXED_p_TCGA_b122_128_SNP_N_GenomeWideSNP_6_E02_781884	1	160146494	160146943	4	-1.323
FOXED_p_TCGA_b122_128_SNP_N_GenomeWideSNP_6_E02_781884	1	160148671	168986492	6678	0.0246
FOXED_p_TCGA_b122_128_SNP_N_GenomeWideSNP_6_E02_781884	1	168987120	168987211	2	-1.6232
FOXED_p_TCGA_b122_128_SNP_N_GenomeWideSNP_6_E02_781884	1	168989386	169216937	190	0.0415
FOXED_p_TCGA_b122_128_SNP_N_GenomeWideSNP_6_E02_781884	1	169233974	169241766	7	1.3211
FOXED_p_TCGA_b122_128_SNP_N_GenomeWideSNP_6_E02_781884	1	169242401	172464519	2245	0.0257
FOXED_p_TCGA_b122_128_SNP_N_GenomeWideSNP_6_E02_781884	1	172464899	172465222	2	-1.3137
FOXED_p_TCGA_b122_128_SNP_N_GenomeWideSNP_6_E02_781884	1	172466509	174796556	1276	0.0156
FOXED_p_TCGA_b122_128_SNP_N_GenomeWideSNP_6_E02_781884	1	174796699	174797226	4	-0.8855
FOXED_p_TCGA_b122_128_SNP_N_GenomeWideSNP_6_E02_781884	1	174797315	174797505	5	-1.3776
FOXED_p_TCGA_b122_128_SNP_N_GenomeWideSNP_6_E02_781884	1	174797577	174801854	7	-0.6328
FOXED_p_TCGA_b122_128_SNP_N_GenomeWideSNP_6_E02_781884	1	174801872	177811306	1995	-0.0137
FOXED_p_TCGA_b122_128_SNP_N_GenomeWideSNP_6_E02_781884	1	177811355	177811371	2	-2.0792
FOXED_p_TCGA_b122_128_SNP_N_GenomeWideSNP_6_E02_781884	1	177811499	187686095	6657	0.0193
FOXED_p_TCGA_b122_128_SNP_N_GenomeWideSNP_6_E02_781884	1	187689852	187690536	2	-2.3995
FOXED_p_TCGA_b122_128_SNP_N_GenomeWideSNP_6_E02_781884	1	187690973	196709760	6005	8e-04
FOXED_p_TCGA_b122_128_SNP_N_GenomeWideSNP_6_E02_781884	1	196711067	196812530	99	0.4512
FOXED_p_TCGA_b122_128_SNP_N_GenomeWideSNP_6_E02_781884	1	196815791	220933100	16363	0.0113
FOXED_p_TCGA_b122_128_SNP_N_GenomeWideSNP_6_E02_781884	1	220936372	220954520	19	-0.7056
FOXED_p_TCGA_b122_128_SNP_N_GenomeWideSNP_6_E02_781884	1	220954633	243048740	15701	0.0083
FOXED_p_TCGA_b122_128_SNP_N_GenomeWideSNP_6_E02_781884	1	243049874	243054702	3	-1.2098
FOXED_p_TCGA_b122_128_SNP_N_GenomeWideSNP_6_E02_781884	1	243055542	248621163	3639	-0.0106
FOXED_p_TCGA_b122_128_SNP_N_GenomeWideSNP_6_E02_781884	1	248621397	248825263	75	0.3899
FOXED_p_TCGA_b122_128_SNP_N_GenomeWideSNP_6_E02_781884	1	248825820	249224388	137	0.0244
FOXED_p_TCGA_b122_128_SNP_N_GenomeWideSNP_6_E02_781884	2	12784	21833	4	-0.2469
FOXED_p_TCGA_b122_128_SNP_N_GenomeWideSNP_6_E02_781884	2	22492	14345791	10722	0.1589
FOXED_p_TCGA_b122_128_SNP_N_GenomeWideSNP_6_E02_781884	2	14348914	14352324	2	-1.6287
FOXED_p_TCGA_b122_128_SNP_N_GenomeWideSNP_6_E02_781884	2	14353910	30420830	10574	0.193
FOXED_p_TCGA_b122_128_SNP_N_GenomeWideSNP_6_E02_781884	2	30426596	30432115	3	-1.2122
FOXED_p_TCGA_b122_128_SNP_N_GenomeWideSNP_6_E02_781884	2	30433569	34701394	2807	0.1905
FOXED_p_TCGA_b122_128_SNP_N_GenomeWideSNP_6_E02_781884	2	34701583	34737057	44	0.8155
FOXED_p_TCGA_b122_128_SNP_N_GenomeWideSNP_6_E02_781884	2	34737163	37860705	2353	0.1976
FOXED_p_TCGA_b122_128_SNP_N_GenomeWideSNP_6_E02_781884	2	37862717	37865070	6	-0.791
FOXED_p_TCGA_b122_128_SNP_N_GenomeWideSNP_6_E02_781884	2	37865696	40332851	1699	0.1876
FOXED_p_TCGA_b122_128_SNP_N_GenomeWideSNP_6_E02_781884	2	40335410	40336640	4	-0.7794
FOXED_p_TCGA_b122_128_SNP_N_GenomeWideSNP_6_E02_781884	2	40338067	41238235	770	0.1937
FOXED_p_TCGA_b122_128_SNP_N_GenomeWideSNP_6_E02_781884	2	41238443	41238603	4	1.0183
FOXED_p_TCGA_b122_128_SNP_N_GenomeWideSNP_6_E02_781884	2	41238618	41418224	141	0.2293
FOXED_p_TCGA_b122_128_SNP_N_GenomeWideSNP_6_E02_781884	2	41421594	41421666	2	-1.5629
FOXED_p_TCGA_b122_128_SNP_N_GenomeWideSNP_6_E02_781884	2	41423097	41555051	110	0.2947
FOXED_p_TCGA_b122_128_SNP_N_GenomeWideSNP_6_E02_781884	2	41556281	41556910	4	-0.6584
FOXED_p_TCGA_b122_128_SNP_N_GenomeWideSNP_6_E02_781884	2	41559590	43028833	1088	0.2239
FOXED_p_TCGA_b122_128_SNP_N_GenomeWideSNP_6_E02_781884	2	43031054	43032241	3	-0.74
FOXED_p_TCGA_b122_128_SNP_N_GenomeWideSNP_6_E02_781884	2	43035049	43555394	360	0.1743
FOXED_p_TCGA_b122_128_SNP_N_GenomeWideSNP_6_E02_781884	2	43555506	43555805	2	-1.3453
FOXED_p_TCGA_b122_128_SNP_N_GenomeWideSNP_6_E02_781884	2	43559476	50921932	5249	0.191
FOXED_p_TCGA_b122_128_SNP_N_GenomeWideSNP_6_E02_781884	2	50923733	50925840	4	-0.9328
FOXED_p_TCGA_b122_128_SNP_N_GenomeWideSNP_6_E02_781884	2	50927258	52754468	1247	0.1314
FOXED_p_TCGA_b122_128_SNP_N_GenomeWideSNP_6_E02_781884	2	52754480	52754881	6	-1.143
FOXED_p_TCGA_b122_128_SNP_N_GenomeWideSNP_6_E02_781884	2	52758753	79588189	17452	0.1859
FOXED_p_TCGA_b122_128_SNP_N_GenomeWideSNP_6_E02_781884	2	79589774	79589920	3	-1.8332
FOXED_p_TCGA_b122_128_SNP_N_GenomeWideSNP_6_E02_781884	2	79591277	79671852	76	0.1859
FOXED_p_TCGA_b122_128_SNP_N_GenomeWideSNP_6_E02_781884	2	79672431	79687877	8	-0.5123
FOXED_p_TCGA_b122_128_SNP_N_GenomeWideSNP_6_E02_781884	2	79689046	86937687	4448	0.1884
FOXED_p_TCGA_b122_128_SNP_N_GenomeWideSNP_6_E02_781884	2	86953070	86953854	2	-1.1167
FOXED_p_TCGA_b122_128_SNP_N_GenomeWideSNP_6_E02_781884	2	86970406	87309263	78	0.1938
FOXED_p_TCGA_b122_128_SNP_N_GenomeWideSNP_6_E02_781884	2	87309834	88046621	195	0.594
FOXED_p_TCGA_b122_128_SNP_N_GenomeWideSNP_6_E02_781884	2	88052330	91787401	861	0.1845
FOXED_p_TCGA_b122_128_SNP_N_GenomeWideSNP_6_E02_781884	2	91787505	91791156	16	-0.5326
FOXED_p_TCGA_b122_128_SNP_N_GenomeWideSNP_6_E02_781884	2	91794138	96236602	389	0.1454
FOXED_p_TCGA_b122_128_SNP_N_GenomeWideSNP_6_E02_781884	2	96239415	96498624	62	0.4565
FOXED_p_TCGA_b122_128_SNP_N_GenomeWideSNP_6_E02_781884	2	96500454	106146307	5480	0.1952
FOXED_p_TCGA_b122_128_SNP_N_GenomeWideSNP_6_E02_781884	2	106146375	106152104	2	-2.1694
FOXED_p_TCGA_b122_128_SNP_N_GenomeWideSNP_6_E02_781884	2	106152252	106881633	648	0.1977
FOXED_p_TCGA_b122_128_SNP_N_GenomeWideSNP_6_E02_781884	2	106883229	106885357	8	1.1445
FOXED_p_TCGA_b122_128_SNP_N_GenomeWideSNP_6_E02_781884	2	106887255	108440736	995	0.1985
FOXED_p_TCGA_b122_128_SNP_N_GenomeWideSNP_6_E02_781884	2	108446969	108480907	2	1.3613
FOXED_p_TCGA_b122_128_SNP_N_GenomeWideSNP_6_E02_781884	2	108492088	109585248	624	0.2408
FOXED_p_TCGA_b122_128_SNP_N_GenomeWideSNP_6_E02_781884	2	109585410	109588356	6	-0.6937
FOXED_p_TCGA_b122_128_SNP_N_GenomeWideSNP_6_E02_781884	2	109590380	115539594	2954	0.2244
FOXED_p_TCGA_b122_128_SNP_N_GenomeWideSNP_6_E02_781884	2	115539605	115542505	13	0.7833
FOXED_p_TCGA_b122_128_SNP_N_GenomeWideSNP_6_E02_781884	2	115542598	117625463	1217	0.139
FOXED_p_TCGA_b122_128_SNP_N_GenomeWideSNP_6_E02_781884	2	117629591	117629603	4	1.4042
FOXED_p_TCGA_b122_128_SNP_N_GenomeWideSNP_6_E02_781884	2	117630472	123479951	3743	0.1781
FOXED_p_TCGA_b122_128_SNP_N_GenomeWideSNP_6_E02_781884	2	123481713	123482241	7	-0.8288
FOXED_p_TCGA_b122_128_SNP_N_GenomeWideSNP_6_E02_781884	2	123483653	130793856	4785	0.153
FOXED_p_TCGA_b122_128_SNP_N_GenomeWideSNP_6_E02_781884	2	130793883	130820850	7	-0.81
FOXED_p_TCGA_b122_128_SNP_N_GenomeWideSNP_6_E02_781884	2	130823235	131308378	112	0.1349
FOXED_p_TCGA_b122_128_SNP_N_GenomeWideSNP_6_E02_781884	2	131317849	131318051	2	-1.5147
FOXED_p_TCGA_b122_128_SNP_N_GenomeWideSNP_6_E02_781884	2	131338652	138452729	4297	0.1711
FOXED_p_TCGA_b122_128_SNP_N_GenomeWideSNP_6_E02_781884	2	138453808	138461173	12	-0.5149
FOXED_p_TCGA_b122_128_SNP_N_GenomeWideSNP_6_E02_781884	2	138462319	138488100	18	0.1713
FOXED_p_TCGA_b122_128_SNP_N_GenomeWideSNP_6_E02_781884	2	138489527	138495247	2	-1.537
FOXED_p_TCGA_b122_128_SNP_N_GenomeWideSNP_6_E02_781884	2	138495892	149933922	6685	0.1302
FOXED_p_TCGA_b122_128_SNP_N_GenomeWideSNP_6_E02_781884	2	149934100	149934244	2	-1.7563
FOXED_p_TCGA_b122_128_SNP_N_GenomeWideSNP_6_E02_781884	2	149934287	159958620	6293	0.1759
FOXED_p_TCGA_b122_128_SNP_N_GenomeWideSNP_6_E02_781884	2	159960343	159960973	2	1.6559
FOXED_p_TCGA_b122_128_SNP_N_GenomeWideSNP_6_E02_781884	2	159963287	164511442	2722	0.2268
FOXED_p_TCGA_b122_128_SNP_N_GenomeWideSNP_6_E02_781884	2	164511879	164512996	3	-0.9148
FOXED_p_TCGA_b122_128_SNP_N_GenomeWideSNP_6_E02_781884	2	164514239	186797057	13968	0.2192
FOXED_p_TCGA_b122_128_SNP_N_GenomeWideSNP_6_E02_781884	2	186807268	186807393	2	-1.1944
FOXED_p_TCGA_b122_128_SNP_N_GenomeWideSNP_6_E02_781884	2	186807858	189567787	1454	0.2164
FOXED_p_TCGA_b122_128_SNP_N_GenomeWideSNP_6_E02_781884	2	189567956	189579329	25	0.552
FOXED_p_TCGA_b122_128_SNP_N_GenomeWideSNP_6_E02_781884	2	189580539	202422866	7378	0.241
FOXED_p_TCGA_b122_128_SNP_N_GenomeWideSNP_6_E02_781884	2	202423395	202423704	3	1.677
FOXED_p_TCGA_b122_128_SNP_N_GenomeWideSNP_6_E02_781884	2	202426707	208350191	3653	0.2482
FOXED_p_TCGA_b122_128_SNP_N_GenomeWideSNP_6_E02_781884	2	208350247	208359149	21	-0.1353
FOXED_p_TCGA_b122_128_SNP_N_GenomeWideSNP_6_E02_781884	2	208359336	214539079	3937	0.1861
FOXED_p_TCGA_b122_128_SNP_N_GenomeWideSNP_6_E02_781884	2	214543584	214549554	5	-0.7384
FOXED_p_TCGA_b122_128_SNP_N_GenomeWideSNP_6_E02_781884	2	214550014	243089456	18214	0.1918
FOXED_p_TCGA_b122_128_SNP_N_GenomeWideSNP_6_E02_781884	3	60345	21747841	16305	-0.0163
FOXED_p_TCGA_b122_128_SNP_N_GenomeWideSNP_6_E02_781884	3	21748789	21770057	18	-0.4638
FOXED_p_TCGA_b122_128_SNP_N_GenomeWideSNP_6_E02_781884	3	21772714	21809266	54	0.1201
FOXED_p_TCGA_b122_128_SNP_N_GenomeWideSNP_6_E02_781884	3	21813360	21820331	13	-0.5607
FOXED_p_TCGA_b122_128_SNP_N_GenomeWideSNP_6_E02_781884	3	21821266	46791545	16855	0.034
FOXED_p_TCGA_b122_128_SNP_N_GenomeWideSNP_6_E02_781884	3	46793377	46859832	43	0.4143
FOXED_p_TCGA_b122_128_SNP_N_GenomeWideSNP_6_E02_781884	3	46868828	53023211	2495	0.0094
FOXED_p_TCGA_b122_128_SNP_N_GenomeWideSNP_6_E02_781884	3	53028375	53034449	23	0.3982
FOXED_p_TCGA_b122_128_SNP_N_GenomeWideSNP_6_E02_781884	3	53034540	59801732	4675	0.0235
FOXED_p_TCGA_b122_128_SNP_N_GenomeWideSNP_6_E02_781884	3	59801859	59804978	3	-1.1762
FOXED_p_TCGA_b122_128_SNP_N_GenomeWideSNP_6_E02_781884	3	59811605	59877011	54	0.0506
FOXED_p_TCGA_b122_128_SNP_N_GenomeWideSNP_6_E02_781884	3	59877910	59879030	4	-1.1259
FOXED_p_TCGA_b122_128_SNP_N_GenomeWideSNP_6_E02_781884	3	59880142	60237621	486	-0.0254
FOXED_p_TCGA_b122_128_SNP_N_GenomeWideSNP_6_E02_781884	3	60241048	60242348	4	-1.2976
FOXED_p_TCGA_b122_128_SNP_N_GenomeWideSNP_6_E02_781884	3	60243547	60957887	754	-0.0607
FOXED_p_TCGA_b122_128_SNP_N_GenomeWideSNP_6_E02_781884	3	60959210	60962243	5	0.731
FOXED_p_TCGA_b122_128_SNP_N_GenomeWideSNP_6_E02_781884	3	60962284	61482336	415	0.0851
FOXED_p_TCGA_b122_128_SNP_N_GenomeWideSNP_6_E02_781884	3	61485630	61485907	2	1.077
FOXED_p_TCGA_b122_128_SNP_N_GenomeWideSNP_6_E02_781884	3	61490149	61494252	2	-1.7377
FOXED_p_TCGA_b122_128_SNP_N_GenomeWideSNP_6_E02_781884	3	61494892	68746164	5652	0.058
FOXED_p_TCGA_b122_128_SNP_N_GenomeWideSNP_6_E02_781884	3	68746259	68747413	14	1.3435
FOXED_p_TCGA_b122_128_SNP_N_GenomeWideSNP_6_E02_781884	3	68748758	75568549	4937	0.0207
FOXED_p_TCGA_b122_128_SNP_N_GenomeWideSNP_6_E02_781884	3	75572549	75596246	8	0.9115
FOXED_p_TCGA_b122_128_SNP_N_GenomeWideSNP_6_E02_781884	3	75608639	80194643	2613	-0.0056
FOXED_p_TCGA_b122_128_SNP_N_GenomeWideSNP_6_E02_781884	3	80195878	80213719	14	-0.6269
FOXED_p_TCGA_b122_128_SNP_N_GenomeWideSNP_6_E02_781884	3	80218242	85570278	2893	0.0026
FOXED_p_TCGA_b122_128_SNP_N_GenomeWideSNP_6_E02_781884	3	85570561	85584213	9	-0.7462
FOXED_p_TCGA_b122_128_SNP_N_GenomeWideSNP_6_E02_781884	3	85586470	96407846	4101	0.0095
FOXED_p_TCGA_b122_128_SNP_N_GenomeWideSNP_6_E02_781884	3	96408023	96409966	3	-1.6932
FOXED_p_TCGA_b122_128_SNP_N_GenomeWideSNP_6_E02_781884	3	96411154	98937784	1375	-0.0122
FOXED_p_TCGA_b122_128_SNP_N_GenomeWideSNP_6_E02_781884	3	98944458	98949421	38	0.4735
FOXED_p_TCGA_b122_128_SNP_N_GenomeWideSNP_6_E02_781884	3	98950964	162681971	39211	0.0309
FOXED_p_TCGA_b122_128_SNP_N_GenomeWideSNP_6_E02_781884	3	162681979	162682265	2	-2.0127
FOXED_p_TCGA_b122_128_SNP_N_GenomeWideSNP_6_E02_781884	3	162683295	168730180	3394	0.0469
FOXED_p_TCGA_b122_128_SNP_N_GenomeWideSNP_6_E02_781884	3	168733402	168738628	2	-1.6543
FOXED_p_TCGA_b122_128_SNP_N_GenomeWideSNP_6_E02_781884	3	168739827	175240642	4367	0.0636
FOXED_p_TCGA_b122_128_SNP_N_GenomeWideSNP_6_E02_781884	3	175241386	175296589	29	-0.3912
FOXED_p_TCGA_b122_128_SNP_N_GenomeWideSNP_6_E02_781884	3	175297342	183796081	4993	0.0192
FOXED_p_TCGA_b122_128_SNP_N_GenomeWideSNP_6_E02_781884	3	183796471	183797455	2	-1.8639
FOXED_p_TCGA_b122_128_SNP_N_GenomeWideSNP_6_E02_781884	3	183797549	184474965	335	1e-04
FOXED_p_TCGA_b122_128_SNP_N_GenomeWideSNP_6_E02_781884	3	184475340	184475833	2	-1.8381
FOXED_p_TCGA_b122_128_SNP_N_GenomeWideSNP_6_E02_781884	3	184476594	189363678	3511	0.0402
FOXED_p_TCGA_b122_128_SNP_N_GenomeWideSNP_6_E02_781884	3	189363830	189371014	12	-1.047
FOXED_p_TCGA_b122_128_SNP_N_GenomeWideSNP_6_E02_781884	3	189372351	190256086	654	0.0892
FOXED_p_TCGA_b122_128_SNP_N_GenomeWideSNP_6_E02_781884	3	190260037	190260695	3	-1.5979
FOXED_p_TCGA_b122_128_SNP_N_GenomeWideSNP_6_E02_781884	3	190260915	191652217	949	0.0519
FOXED_p_TCGA_b122_128_SNP_N_GenomeWideSNP_6_E02_781884	3	191656170	191657940	4	-1.0137
FOXED_p_TCGA_b122_128_SNP_N_GenomeWideSNP_6_E02_781884	3	191659351	192088108	333	-0.0054
FOXED_p_TCGA_b122_128_SNP_N_GenomeWideSNP_6_E02_781884	3	192089178	192092031	5	-0.9121
FOXED_p_TCGA_b122_128_SNP_N_GenomeWideSNP_6_E02_781884	3	192092077	192608440	356	0.0063
FOXED_p_TCGA_b122_128_SNP_N_GenomeWideSNP_6_E02_781884	3	192608551	192612450	18	-0.4679
FOXED_p_TCGA_b122_128_SNP_N_GenomeWideSNP_6_E02_781884	3	192612465	192877902	175	0.0206
FOXED_p_TCGA_b122_128_SNP_N_GenomeWideSNP_6_E02_781884	3	192877962	192882903	19	0.6915
FOXED_p_TCGA_b122_128_SNP_N_GenomeWideSNP_6_E02_781884	3	192886435	197869571	2702	0.0563
FOXED_p_TCGA_b122_128_SNP_N_GenomeWideSNP_6_E02_781884	3	197895985	197896118	4	-0.7371
FOXED_p_TCGA_b122_128_SNP_N_GenomeWideSNP_6_E02_781884	4	12281	10210390	5787	-0.2749
FOXED_p_TCGA_b122_128_SNP_N_GenomeWideSNP_6_E02_781884	4	10223416	10234266	30	1.3491
FOXED_p_TCGA_b122_128_SNP_N_GenomeWideSNP_6_E02_781884	4	10234608	10392354	176	-0.2635
FOXED_p_TCGA_b122_128_SNP_N_GenomeWideSNP_6_E02_781884	4	10393154	10400668	15	-2.4378
FOXED_p_TCGA_b122_128_SNP_N_GenomeWideSNP_6_E02_781884	4	10402718	33153342	15868	-0.2418
FOXED_p_TCGA_b122_128_SNP_N_GenomeWideSNP_6_E02_781884	4	33153371	33153814	2	-2.0952
FOXED_p_TCGA_b122_128_SNP_N_GenomeWideSNP_6_E02_781884	4	33158269	34303130	587	-0.24
FOXED_p_TCGA_b122_128_SNP_N_GenomeWideSNP_6_E02_781884	4	34303907	34308023	3	-1.2829
FOXED_p_TCGA_b122_128_SNP_N_GenomeWideSNP_6_E02_781884	4	34313301	34765771	321	-0.2061
FOXED_p_TCGA_b122_128_SNP_N_GenomeWideSNP_6_E02_781884	4	34770306	34824725	47	0.4533
FOXED_p_TCGA_b122_128_SNP_N_GenomeWideSNP_6_E02_781884	4	34829872	43147514	5534	-0.2284
FOXED_p_TCGA_b122_128_SNP_N_GenomeWideSNP_6_E02_781884	4	43148161	43150072	4	-2.4758
FOXED_p_TCGA_b122_128_SNP_N_GenomeWideSNP_6_E02_781884	4	43156435	43246631	68	-0.0641
FOXED_p_TCGA_b122_128_SNP_N_GenomeWideSNP_6_E02_781884	4	43247067	43247737	2	-1.8287
FOXED_p_TCGA_b122_128_SNP_N_GenomeWideSNP_6_E02_781884	4	43248638	48458622	3097	-0.2278
FOXED_p_TCGA_b122_128_SNP_N_GenomeWideSNP_6_E02_781884	4	48462164	48479718	11	-0.8299
FOXED_p_TCGA_b122_128_SNP_N_GenomeWideSNP_6_E02_781884	4	48482588	55497886	2116	-0.2305
FOXED_p_TCGA_b122_128_SNP_N_GenomeWideSNP_6_E02_781884	4	55501726	55505933	5	-1.239
FOXED_p_TCGA_b122_128_SNP_N_GenomeWideSNP_6_E02_781884	4	55507606	57498669	1327	-0.25
FOXED_p_TCGA_b122_128_SNP_N_GenomeWideSNP_6_E02_781884	4	57499266	57503928	2	-2.7322
FOXED_p_TCGA_b122_128_SNP_N_GenomeWideSNP_6_E02_781884	4	57506571	69261064	7291	-0.247
FOXED_p_TCGA_b122_128_SNP_N_GenomeWideSNP_6_E02_781884	4	69282205	69540025	94	0.032
FOXED_p_TCGA_b122_128_SNP_N_GenomeWideSNP_6_E02_781884	4	69551744	69582483	3	-1.0739
FOXED_p_TCGA_b122_128_SNP_N_GenomeWideSNP_6_E02_781884	4	69591612	70017614	265	-0.1893
FOXED_p_TCGA_b122_128_SNP_N_GenomeWideSNP_6_E02_781884	4	70019933	70031658	7	-1.0722
FOXED_p_TCGA_b122_128_SNP_N_GenomeWideSNP_6_E02_781884	4	70032371	70306095	144	-0.0104
FOXED_p_TCGA_b122_128_SNP_N_GenomeWideSNP_6_E02_781884	4	70307484	70312971	4	-1.668
FOXED_p_TCGA_b122_128_SNP_N_GenomeWideSNP_6_E02_781884	4	70316357	75201708	2957	-0.1956
FOXED_p_TCGA_b122_128_SNP_N_GenomeWideSNP_6_E02_781884	4	75201884	75202277	3	-1.8313
FOXED_p_TCGA_b122_128_SNP_N_GenomeWideSNP_6_E02_781884	4	75206124	112348193	22512	-0.2139
FOXED_p_TCGA_b122_128_SNP_N_GenomeWideSNP_6_E02_781884	4	112348343	112394911	43	0.1195
FOXED_p_TCGA_b122_128_SNP_N_GenomeWideSNP_6_E02_781884	4	112395961	127776133	9384	-0.2161
FOXED_p_TCGA_b122_128_SNP_N_GenomeWideSNP_6_E02_781884	4	127776440	127802565	14	-0.7459
FOXED_p_TCGA_b122_128_SNP_N_GenomeWideSNP_6_E02_781884	4	127803377	138179445	5744	-0.2207
FOXED_p_TCGA_b122_128_SNP_N_GenomeWideSNP_6_E02_781884	4	138182433	138183251	20	0.2623
FOXED_p_TCGA_b122_128_SNP_N_GenomeWideSNP_6_E02_781884	4	138183259	168828414	19073	-0.2126
FOXED_p_TCGA_b122_128_SNP_N_GenomeWideSNP_6_E02_781884	4	168828532	168828558	3	1.1539
FOXED_p_TCGA_b122_128_SNP_N_GenomeWideSNP_6_E02_781884	4	168828722	191027923	14796	-0.2356
FOXED_p_TCGA_b122_128_SNP_N_GenomeWideSNP_6_E02_781884	5	15532	7504111	5978	-0.0692
FOXED_p_TCGA_b122_128_SNP_N_GenomeWideSNP_6_E02_781884	5	7509867	7510391	2	-2.1904
FOXED_p_TCGA_b122_128_SNP_N_GenomeWideSNP_6_E02_781884	5	7512421	9191574	1419	-0.0183
FOXED_p_TCGA_b122_128_SNP_N_GenomeWideSNP_6_E02_781884	5	9191681	9192881	3	-1.1364
FOXED_p_TCGA_b122_128_SNP_N_GenomeWideSNP_6_E02_781884	5	9194367	10765633	1335	0.0246
FOXED_p_TCGA_b122_128_SNP_N_GenomeWideSNP_6_E02_781884	5	10766984	10768935	4	-1.1296
FOXED_p_TCGA_b122_128_SNP_N_GenomeWideSNP_6_E02_781884	5	10770403	16793151	4223	0.0254
FOXED_p_TCGA_b122_128_SNP_N_GenomeWideSNP_6_E02_781884	5	16794133	16795073	2	-2.4435
FOXED_p_TCGA_b122_128_SNP_N_GenomeWideSNP_6_E02_781884	5	16795287	27524452	6361	-0.0295
FOXED_p_TCGA_b122_128_SNP_N_GenomeWideSNP_6_E02_781884	5	27525390	27528614	13	-0.6854
FOXED_p_TCGA_b122_128_SNP_N_GenomeWideSNP_6_E02_781884	5	27533659	36070109	5657	-0.0082
FOXED_p_TCGA_b122_128_SNP_N_GenomeWideSNP_6_E02_781884	5	36071062	36071994	5	-1.0253
FOXED_p_TCGA_b122_128_SNP_N_GenomeWideSNP_6_E02_781884	5	36072811	39808632	2480	0.0163
FOXED_p_TCGA_b122_128_SNP_N_GenomeWideSNP_6_E02_781884	5	39808954	39809043	6	0.8616
FOXED_p_TCGA_b122_128_SNP_N_GenomeWideSNP_6_E02_781884	5	39809082	46271108	3301	0.0133
FOXED_p_TCGA_b122_128_SNP_N_GenomeWideSNP_6_E02_781884	5	46271930	46273502	6	1.3969
FOXED_p_TCGA_b122_128_SNP_N_GenomeWideSNP_6_E02_781884	5	46278212	49441958	21	0.0038
FOXED_p_TCGA_b122_128_SNP_N_GenomeWideSNP_6_E02_781884	5	49447306	49678131	72	-0.3513
FOXED_p_TCGA_b122_128_SNP_N_GenomeWideSNP_6_E02_781884	5	49689091	49820973	58	0.0358
FOXED_p_TCGA_b122_128_SNP_N_GenomeWideSNP_6_E02_781884	5	49821090	57314217	4920	-0.235
FOXED_p_TCGA_b122_128_SNP_N_GenomeWideSNP_6_E02_781884	5	57319482	57341144	38	-0.7121
FOXED_p_TCGA_b122_128_SNP_N_GenomeWideSNP_6_E02_781884	5	57342120	58177886	636	-0.2309
FOXED_p_TCGA_b122_128_SNP_N_GenomeWideSNP_6_E02_781884	5	58178083	58178546	2	-2.3776
FOXED_p_TCGA_b122_128_SNP_N_GenomeWideSNP_6_E02_781884	5	58188586	70178835	6664	-0.2229
FOXED_p_TCGA_b122_128_SNP_N_GenomeWideSNP_6_E02_781884	5	70254895	70254906	8	0.4999
FOXED_p_TCGA_b122_128_SNP_N_GenomeWideSNP_6_E02_781884	5	70306659	75044276	2817	-0.2095
FOXED_p_TCGA_b122_128_SNP_N_GenomeWideSNP_6_E02_781884	5	75046053	75046654	2	-2.2404
FOXED_p_TCGA_b122_128_SNP_N_GenomeWideSNP_6_E02_781884	5	75046962	97485129	13039	-0.242
FOXED_p_TCGA_b122_128_SNP_N_GenomeWideSNP_6_E02_781884	5	97487008	97487225	4	1.0228
FOXED_p_TCGA_b122_128_SNP_N_GenomeWideSNP_6_E02_781884	5	97492056	99234994	984	-0.1556
FOXED_p_TCGA_b122_128_SNP_N_GenomeWideSNP_6_E02_781884	5	99235527	99291031	53	-0.5292
FOXED_p_TCGA_b122_128_SNP_N_GenomeWideSNP_6_E02_781884	5	99291144	106229673	4051	-0.2172
FOXED_p_TCGA_b122_128_SNP_N_GenomeWideSNP_6_E02_781884	5	106229704	106232531	8	-1.6148
FOXED_p_TCGA_b122_128_SNP_N_GenomeWideSNP_6_E02_781884	5	106232690	115327840	6348	-0.2543
FOXED_p_TCGA_b122_128_SNP_N_GenomeWideSNP_6_E02_781884	5	115328436	115385683	53	-0.5388
FOXED_p_TCGA_b122_128_SNP_N_GenomeWideSNP_6_E02_781884	5	115386339	120307551	3461	-0.2371
FOXED_p_TCGA_b122_128_SNP_N_GenomeWideSNP_6_E02_781884	5	120310535	120311051	3	-1.7752
FOXED_p_TCGA_b122_128_SNP_N_GenomeWideSNP_6_E02_781884	5	120311585	155478762	22149	-0.2231
FOXED_p_TCGA_b122_128_SNP_N_GenomeWideSNP_6_E02_781884	5	155480113	155495250	11	0.5338
FOXED_p_TCGA_b122_128_SNP_N_GenomeWideSNP_6_E02_781884	5	155495253	157796317	1588	-0.2517
FOXED_p_TCGA_b122_128_SNP_N_GenomeWideSNP_6_E02_781884	5	157796740	157798884	2	-2.7451
FOXED_p_TCGA_b122_128_SNP_N_GenomeWideSNP_6_E02_781884	5	157801335	180378710	15025	-0.2564
FOXED_p_TCGA_b122_128_SNP_N_GenomeWideSNP_6_E02_781884	5	180378888	180414465	13	0.4757
FOXED_p_TCGA_b122_128_SNP_N_GenomeWideSNP_6_E02_781884	5	180417207	180790320	176	-0.3363
FOXED_p_TCGA_b122_128_SNP_N_GenomeWideSNP_6_E02_781884	6	149661	314962	127	-0.1029
FOXED_p_TCGA_b122_128_SNP_N_GenomeWideSNP_6_E02_781884	6	315197	382559	73	-0.7053
FOXED_p_TCGA_b122_128_SNP_N_GenomeWideSNP_6_E02_781884	6	384109	32431292	22717	-0.2263
FOXED_p_TCGA_b122_128_SNP_N_GenomeWideSNP_6_E02_781884	6	32431552	32570365	38	1.3771
FOXED_p_TCGA_b122_128_SNP_N_GenomeWideSNP_6_E02_781884	6	32573771	32622194	29	-0.0163
FOXED_p_TCGA_b122_128_SNP_N_GenomeWideSNP_6_E02_781884	6	32624304	32626618	6	1.4088
FOXED_p_TCGA_b122_128_SNP_N_GenomeWideSNP_6_E02_781884	6	32650612	45766762	8275	-0.2112
FOXED_p_TCGA_b122_128_SNP_N_GenomeWideSNP_6_E02_781884	6	45768146	45770388	10	-0.7983
FOXED_p_TCGA_b122_128_SNP_N_GenomeWideSNP_6_E02_781884	6	45772397	53931067	5436	-0.159
FOXED_p_TCGA_b122_128_SNP_N_GenomeWideSNP_6_E02_781884	6	53931084	53931855	8	1.1439
FOXED_p_TCGA_b122_128_SNP_N_GenomeWideSNP_6_E02_781884	6	53935348	65825628	4669	-0.1569
FOXED_p_TCGA_b122_128_SNP_N_GenomeWideSNP_6_E02_781884	6	65826547	65831684	10	-0.9182
FOXED_p_TCGA_b122_128_SNP_N_GenomeWideSNP_6_E02_781884	6	65834181	74591858	5824	-0.1896
FOXED_p_TCGA_b122_128_SNP_N_GenomeWideSNP_6_E02_781884	6	74592225	74603619	13	0.8178
FOXED_p_TCGA_b122_128_SNP_N_GenomeWideSNP_6_E02_781884	6	74603719	76246999	1049	-0.1617
FOXED_p_TCGA_b122_128_SNP_N_GenomeWideSNP_6_E02_781884	6	76252792	76252896	2	-1.8782
FOXED_p_TCGA_b122_128_SNP_N_GenomeWideSNP_6_E02_781884	6	76270279	76814691	292	-0.186
FOXED_p_TCGA_b122_128_SNP_N_GenomeWideSNP_6_E02_781884	6	76814693	76830541	2	-1.5343
FOXED_p_TCGA_b122_128_SNP_N_GenomeWideSNP_6_E02_781884	6	76831649	77021978	130	-0.1323
FOXED_p_TCGA_b122_128_SNP_N_GenomeWideSNP_6_E02_781884	6	77023588	77024273	7	-0.9977
FOXED_p_TCGA_b122_128_SNP_N_GenomeWideSNP_6_E02_781884	6	77024361	78906227	1228	-0.1883
FOXED_p_TCGA_b122_128_SNP_N_GenomeWideSNP_6_E02_781884	6	78906512	78912262	6	-0.9183
FOXED_p_TCGA_b122_128_SNP_N_GenomeWideSNP_6_E02_781884	6	78914986	78962874	46	-0.1496
FOXED_p_TCGA_b122_128_SNP_N_GenomeWideSNP_6_E02_781884	6	78962889	79027128	103	0.2619
FOXED_p_TCGA_b122_128_SNP_N_GenomeWideSNP_6_E02_781884	6	79027245	103734829	15486	-0.1915
FOXED_p_TCGA_b122_128_SNP_N_GenomeWideSNP_6_E02_781884	6	103737976	103762061	46	-1.4253
FOXED_p_TCGA_b122_128_SNP_N_GenomeWideSNP_6_E02_781884	6	103765470	153957370	32274	-0.1759
FOXED_p_TCGA_b122_128_SNP_N_GenomeWideSNP_6_E02_781884	6	153960786	153961419	2	-3.3041
FOXED_p_TCGA_b122_128_SNP_N_GenomeWideSNP_6_E02_781884	6	153961899	156139202	1508	-0.1747
FOXED_p_TCGA_b122_128_SNP_N_GenomeWideSNP_6_E02_781884	6	156139555	156139645	2	-2.0537
FOXED_p_TCGA_b122_128_SNP_N_GenomeWideSNP_6_E02_781884	6	156140443	160636362	2849	-0.1972
FOXED_p_TCGA_b122_128_SNP_N_GenomeWideSNP_6_E02_781884	6	160637192	160642528	3	-2.2463
FOXED_p_TCGA_b122_128_SNP_N_GenomeWideSNP_6_E02_781884	6	160643328	161031480	311	-0.2007
FOXED_p_TCGA_b122_128_SNP_N_GenomeWideSNP_6_E02_781884	6	161031702	161032103	7	0.66
FOXED_p_TCGA_b122_128_SNP_N_GenomeWideSNP_6_E02_781884	6	161032229	168907454	5782	-0.2525
FOXED_p_TCGA_b122_128_SNP_N_GenomeWideSNP_6_E02_781884	6	168908408	168909843	5	-1.4391
FOXED_p_TCGA_b122_128_SNP_N_GenomeWideSNP_6_E02_781884	6	168910712	171051005	1468	-0.2142
FOXED_p_TCGA_b122_128_SNP_N_GenomeWideSNP_6_E02_781884	7	43355	8613344	4922	0.3857
FOXED_p_TCGA_b122_128_SNP_N_GenomeWideSNP_6_E02_781884	7	8613465	8614068	2	-1.1254
FOXED_p_TCGA_b122_128_SNP_N_GenomeWideSNP_6_E02_781884	7	8614461	9073105	419	0.4312
FOXED_p_TCGA_b122_128_SNP_N_GenomeWideSNP_6_E02_781884	7	9075294	9119996	42	0.645
FOXED_p_TCGA_b122_128_SNP_N_GenomeWideSNP_6_E02_781884	7	9120450	9169798	35	0.2131
FOXED_p_TCGA_b122_128_SNP_N_GenomeWideSNP_6_E02_781884	7	9172089	9203111	29	0.6944
FOXED_p_TCGA_b122_128_SNP_N_GenomeWideSNP_6_E02_781884	7	9207068	9215547	15	0.1893
FOXED_p_TCGA_b122_128_SNP_N_GenomeWideSNP_6_E02_781884	7	9222669	9226970	7	-0.8064
FOXED_p_TCGA_b122_128_SNP_N_GenomeWideSNP_6_E02_781884	7	9227852	42811567	25123	0.3969
FOXED_p_TCGA_b122_128_SNP_N_GenomeWideSNP_6_E02_781884	7	42813490	42821367	4	-0.6579
FOXED_p_TCGA_b122_128_SNP_N_GenomeWideSNP_6_E02_781884	7	42834277	43147965	185	0.397
FOXED_p_TCGA_b122_128_SNP_N_GenomeWideSNP_6_E02_781884	7	43149715	43150447	2	-1.0715
FOXED_p_TCGA_b122_128_SNP_N_GenomeWideSNP_6_E02_781884	7	43153926	46716070	2160	0.3565
FOXED_p_TCGA_b122_128_SNP_N_GenomeWideSNP_6_E02_781884	7	46718310	46720242	2	-1.0345
FOXED_p_TCGA_b122_128_SNP_N_GenomeWideSNP_6_E02_781884	7	46720419	50871351	3032	0.3798
FOXED_p_TCGA_b122_128_SNP_N_GenomeWideSNP_6_E02_781884	7	50871909	50878411	6	0.8399
FOXED_p_TCGA_b122_128_SNP_N_GenomeWideSNP_6_E02_781884	7	50879079	50903934	26	0.441
FOXED_p_TCGA_b122_128_SNP_N_GenomeWideSNP_6_E02_781884	7	50904069	50906821	6	0.1894
FOXED_p_TCGA_b122_128_SNP_N_GenomeWideSNP_6_E02_781884	7	50906903	54386505	2580	0.4747
FOXED_p_TCGA_b122_128_SNP_N_GenomeWideSNP_6_E02_781884	7	54386509	54386517	5	-1.0267
FOXED_p_TCGA_b122_128_SNP_N_GenomeWideSNP_6_E02_781884	7	54393488	56241584	1324	0.623
FOXED_p_TCGA_b122_128_SNP_N_GenomeWideSNP_6_E02_781884	7	56246365	56247391	2	-2.2161
FOXED_p_TCGA_b122_128_SNP_N_GenomeWideSNP_6_E02_781884	7	56252266	62077692	838	0.285
FOXED_p_TCGA_b122_128_SNP_N_GenomeWideSNP_6_E02_781884	7	62077755	70315024	4067	-0.0189
FOXED_p_TCGA_b122_128_SNP_N_GenomeWideSNP_6_E02_781884	7	70315067	70329434	13	-0.4766
FOXED_p_TCGA_b122_128_SNP_N_GenomeWideSNP_6_E02_781884	7	70335413	70420438	54	-0.0266
FOXED_p_TCGA_b122_128_SNP_N_GenomeWideSNP_6_E02_781884	7	70423250	70426141	2	-1.8999
FOXED_p_TCGA_b122_128_SNP_N_GenomeWideSNP_6_E02_781884	7	70428243	72308090	1161	-0.0137
FOXED_p_TCGA_b122_128_SNP_N_GenomeWideSNP_6_E02_781884	7	72310492	72311817	2	-1.5213
FOXED_p_TCGA_b122_128_SNP_N_GenomeWideSNP_6_E02_781884	7	72313144	72401628	24	0.0038
FOXED_p_TCGA_b122_128_SNP_N_GenomeWideSNP_6_E02_781884	7	72402412	72403116	4	0.5986
FOXED_p_TCGA_b122_128_SNP_N_GenomeWideSNP_6_E02_781884	7	72403244	72447784	19	-0.0559
FOXED_p_TCGA_b122_128_SNP_N_GenomeWideSNP_6_E02_781884	7	72449863	72732833	16	0.5095
FOXED_p_TCGA_b122_128_SNP_N_GenomeWideSNP_6_E02_781884	7	72739742	76606812	1229	-0.0138
FOXED_p_TCGA_b122_128_SNP_N_GenomeWideSNP_6_E02_781884	7	76607295	76709612	2	-2.7012
FOXED_p_TCGA_b122_128_SNP_N_GenomeWideSNP_6_E02_781884	7	76711915	80925648	2975	0.0331
FOXED_p_TCGA_b122_128_SNP_N_GenomeWideSNP_6_E02_781884	7	80926962	80928102	2	-0.9145
FOXED_p_TCGA_b122_128_SNP_N_GenomeWideSNP_6_E02_781884	7	80930221	88712393	4884	0.0192
FOXED_p_TCGA_b122_128_SNP_N_GenomeWideSNP_6_E02_781884	7	88713031	88713328	2	-1.6633
FOXED_p_TCGA_b122_128_SNP_N_GenomeWideSNP_6_E02_781884	7	88714902	88751897	26	-0.0567
FOXED_p_TCGA_b122_128_SNP_N_GenomeWideSNP_6_E02_781884	7	88753282	88762225	6	-1.1091
FOXED_p_TCGA_b122_128_SNP_N_GenomeWideSNP_6_E02_781884	7	88763641	109441244	12185	0.019
FOXED_p_TCGA_b122_128_SNP_N_GenomeWideSNP_6_E02_781884	7	109441629	109453910	10	-2.0582
FOXED_p_TCGA_b122_128_SNP_N_GenomeWideSNP_6_E02_781884	7	109453982	111527560	1351	0.0187
FOXED_p_TCGA_b122_128_SNP_N_GenomeWideSNP_6_E02_781884	7	111529037	111529810	2	-1.8255
FOXED_p_TCGA_b122_128_SNP_N_GenomeWideSNP_6_E02_781884	7	111531487	133785177	13406	0.0243
FOXED_p_TCGA_b122_128_SNP_N_GenomeWideSNP_6_E02_781884	7	133785195	133790443	24	-1.7791
FOXED_p_TCGA_b122_128_SNP_N_GenomeWideSNP_6_E02_781884	7	133795634	133799197	12	-0.788
FOXED_p_TCGA_b122_128_SNP_N_GenomeWideSNP_6_E02_781884	7	133806244	159117398	16268	0.0026
FOXED_p_TCGA_b122_128_SNP_N_GenomeWideSNP_6_E02_781884	7	159117446	159127004	17	-0.9004
FOXED_p_TCGA_b122_128_SNP_N_GenomeWideSNP_6_E02_781884	8	31254	161222	6	0.2248
FOXED_p_TCGA_b122_128_SNP_N_GenomeWideSNP_6_E02_781884	8	162672	2571265	1958	-0.3349
FOXED_p_TCGA_b122_128_SNP_N_GenomeWideSNP_6_E02_781884	8	2572946	2573751	2	-3.3527
FOXED_p_TCGA_b122_128_SNP_N_GenomeWideSNP_6_E02_781884	8	2576294	7798851	6022	-0.3441
FOXED_p_TCGA_b122_128_SNP_N_GenomeWideSNP_6_E02_781884	8	7799390	7978010	45	0.1848
FOXED_p_TCGA_b122_128_SNP_N_GenomeWideSNP_6_E02_781884	8	7978056	15901155	6596	-0.2852
FOXED_p_TCGA_b122_128_SNP_N_GenomeWideSNP_6_E02_781884	8	15901797	15902596	3	-2.2552
FOXED_p_TCGA_b122_128_SNP_N_GenomeWideSNP_6_E02_781884	8	15904061	17275471	1128	-0.2588
FOXED_p_TCGA_b122_128_SNP_N_GenomeWideSNP_6_E02_781884	8	17276139	17279391	4	-1.6751
FOXED_p_TCGA_b122_128_SNP_N_GenomeWideSNP_6_E02_781884	8	17279862	21038301	3425	-0.2625
FOXED_p_TCGA_b122_128_SNP_N_GenomeWideSNP_6_E02_781884	8	21042037	21165085	118	0.0401
FOXED_p_TCGA_b122_128_SNP_N_GenomeWideSNP_6_E02_781884	8	21172943	24976641	2511	-0.2782
FOXED_p_TCGA_b122_128_SNP_N_GenomeWideSNP_6_E02_781884	8	24976675	24991408	25	0.3401
FOXED_p_TCGA_b122_128_SNP_N_GenomeWideSNP_6_E02_781884	8	24991763	36068854	7313	-0.2759
FOXED_p_TCGA_b122_128_SNP_N_GenomeWideSNP_6_E02_781884	8	36072563	36072902	2	1.1791
FOXED_p_TCGA_b122_128_SNP_N_GenomeWideSNP_6_E02_781884	8	36077059	38938365	1559	-0.2343
FOXED_p_TCGA_b122_128_SNP_N_GenomeWideSNP_6_E02_781884	8	38942504	38949525	6	1.025
FOXED_p_TCGA_b122_128_SNP_N_GenomeWideSNP_6_E02_781884	8	38949984	39230325	138	-0.1739
FOXED_p_TCGA_b122_128_SNP_N_GenomeWideSNP_6_E02_781884	8	39230659	39298233	24	0.8205
FOXED_p_TCGA_b122_128_SNP_N_GenomeWideSNP_6_E02_781884	8	39298836	39333133	13	1.8139
FOXED_p_TCGA_b122_128_SNP_N_GenomeWideSNP_6_E02_781884	8	39333148	39388299	24	0.7703
FOXED_p_TCGA_b122_128_SNP_N_GenomeWideSNP_6_E02_781884	8	39388779	41744611	1677	-0.2875
FOXED_p_TCGA_b122_128_SNP_N_GenomeWideSNP_6_E02_781884	8	41745534	42133128	196	0.7574
FOXED_p_TCGA_b122_128_SNP_N_GenomeWideSNP_6_E02_781884	8	42139784	43762681	705	1.0455
FOXED_p_TCGA_b122_128_SNP_N_GenomeWideSNP_6_E02_781884	8	43767226	51030772	2008	0.4896
FOXED_p_TCGA_b122_128_SNP_N_GenomeWideSNP_6_E02_781884	8	51032011	51033423	9	-0.3386
FOXED_p_TCGA_b122_128_SNP_N_GenomeWideSNP_6_E02_781884	8	51038578	53990818	1920	0.5218
FOXED_p_TCGA_b122_128_SNP_N_GenomeWideSNP_6_E02_781884	8	53991014	54018824	14	0.0339
FOXED_p_TCGA_b122_128_SNP_N_GenomeWideSNP_6_E02_781884	8	54019411	61856994	5207	0.4784
FOXED_p_TCGA_b122_128_SNP_N_GenomeWideSNP_6_E02_781884	8	61858213	61861036	5	1.3669
FOXED_p_TCGA_b122_128_SNP_N_GenomeWideSNP_6_E02_781884	8	61862346	72314986	6261	0.5145
FOXED_p_TCGA_b122_128_SNP_N_GenomeWideSNP_6_E02_781884	8	72324232	72324886	2	-0.7131
FOXED_p_TCGA_b122_128_SNP_N_GenomeWideSNP_6_E02_781884	8	72326920	83415272	6824	0.5259
FOXED_p_TCGA_b122_128_SNP_N_GenomeWideSNP_6_E02_781884	8	83416729	83419822	2	-0.6112
FOXED_p_TCGA_b122_128_SNP_N_GenomeWideSNP_6_E02_781884	8	83422809	90832040	4155	0.5097
FOXED_p_TCGA_b122_128_SNP_N_GenomeWideSNP_6_E02_781884	8	90837630	90837747	3	-0.7305
FOXED_p_TCGA_b122_128_SNP_N_GenomeWideSNP_6_E02_781884	8	90839620	92119007	744	0.5461
FOXED_p_TCGA_b122_128_SNP_N_GenomeWideSNP_6_E02_781884	8	92119717	92186069	41	0.8595
FOXED_p_TCGA_b122_128_SNP_N_GenomeWideSNP_6_E02_781884	8	92187013	103992590	7292	0.5594
FOXED_p_TCGA_b122_128_SNP_N_GenomeWideSNP_6_E02_781884	8	103994911	103997435	3	-0.736
FOXED_p_TCGA_b122_128_SNP_N_GenomeWideSNP_6_E02_781884	8	103998546	107373810	2020	0.5091
FOXED_p_TCGA_b122_128_SNP_N_GenomeWideSNP_6_E02_781884	8	107374274	107383969	5	-0.2735
FOXED_p_TCGA_b122_128_SNP_N_GenomeWideSNP_6_E02_781884	8	107385493	112291494	2975	0.5238
FOXED_p_TCGA_b122_128_SNP_N_GenomeWideSNP_6_E02_781884	8	112294279	112295260	10	-1.325
FOXED_p_TCGA_b122_128_SNP_N_GenomeWideSNP_6_E02_781884	8	112300281	137677625	17765	0.5737
FOXED_p_TCGA_b122_128_SNP_N_GenomeWideSNP_6_E02_781884	8	137677675	137863926	182	0.2405
FOXED_p_TCGA_b122_128_SNP_N_GenomeWideSNP_6_E02_781884	8	137866778	146298155	5001	0.5817
FOXED_p_TCGA_b122_128_SNP_N_GenomeWideSNP_6_E02_781884	9	46587	602903	512	0.4235
FOXED_p_TCGA_b122_128_SNP_N_GenomeWideSNP_6_E02_781884	9	606699	606961	4	-2.3063
FOXED_p_TCGA_b122_128_SNP_N_GenomeWideSNP_6_E02_781884	9	607307	11995307	10761	0.4009
FOXED_p_TCGA_b122_128_SNP_N_GenomeWideSNP_6_E02_781884	9	11996163	11996270	2	-2.5781
FOXED_p_TCGA_b122_128_SNP_N_GenomeWideSNP_6_E02_781884	9	11996759	19509905	6331	0.4488
FOXED_p_TCGA_b122_128_SNP_N_GenomeWideSNP_6_E02_781884	9	19510856	19511096	2	1.7763
FOXED_p_TCGA_b122_128_SNP_N_GenomeWideSNP_6_E02_781884	9	19511367	23361805	2859	0.4574
FOXED_p_TCGA_b122_128_SNP_N_GenomeWideSNP_6_E02_781884	9	23363115	23373484	8	1.3364
FOXED_p_TCGA_b122_128_SNP_N_GenomeWideSNP_6_E02_781884	9	23378488	26037974	1927	0.3948
FOXED_p_TCGA_b122_128_SNP_N_GenomeWideSNP_6_E02_781884	9	26049348	26051856	5	-0.5378
FOXED_p_TCGA_b122_128_SNP_N_GenomeWideSNP_6_E02_781884	9	26052107	29091097	2415	0.4075
FOXED_p_TCGA_b122_128_SNP_N_GenomeWideSNP_6_E02_781884	9	29094549	29094997	2	-3.6405
FOXED_p_TCGA_b122_128_SNP_N_GenomeWideSNP_6_E02_781884	9	29097680	29105290	4	-0.3165
FOXED_p_TCGA_b122_128_SNP_N_GenomeWideSNP_6_E02_781884	9	29105392	29871350	542	0.3914
FOXED_p_TCGA_b122_128_SNP_N_GenomeWideSNP_6_E02_781884	9	29874704	29875103	2	-1.0017
FOXED_p_TCGA_b122_128_SNP_N_GenomeWideSNP_6_E02_781884	9	29887126	29958579	68	0.4141
FOXED_p_TCGA_b122_128_SNP_N_GenomeWideSNP_6_E02_781884	9	29958595	29969969	22	-0.0468
FOXED_p_TCGA_b122_128_SNP_N_GenomeWideSNP_6_E02_781884	9	29970411	39061371	5768	0.4243
FOXED_p_TCGA_b122_128_SNP_N_GenomeWideSNP_6_E02_781884	9	39081473	39140347	15	-0.1108
FOXED_p_TCGA_b122_128_SNP_N_GenomeWideSNP_6_E02_781884	9	39146299	39146318	2	-2.1548
FOXED_p_TCGA_b122_128_SNP_N_GenomeWideSNP_6_E02_781884	9	39158785	43187967	154	0.3972
FOXED_p_TCGA_b122_128_SNP_N_GenomeWideSNP_6_E02_781884	9	43315670	44114872	42	-0.1591
FOXED_p_TCGA_b122_128_SNP_N_GenomeWideSNP_6_E02_781884	9	44136790	44469328	47	0.3824
FOXED_p_TCGA_b122_128_SNP_N_GenomeWideSNP_6_E02_781884	9	44629223	44855737	37	-1.0273
FOXED_p_TCGA_b122_128_SNP_N_GenomeWideSNP_6_E02_781884	9	44866028	45112376	21	-0.073
FOXED_p_TCGA_b122_128_SNP_N_GenomeWideSNP_6_E02_781884	9	45113522	69957764	339	0.3103
FOXED_p_TCGA_b122_128_SNP_N_GenomeWideSNP_6_E02_781884	9	69957817	72105613	959	0.0347
FOXED_p_TCGA_b122_128_SNP_N_GenomeWideSNP_6_E02_781884	9	72105614	72107686	6	-0.8466
FOXED_p_TCGA_b122_128_SNP_N_GenomeWideSNP_6_E02_781884	9	72107701	141018423	47048	0.0014
FOXED_p_TCGA_b122_128_SNP_N_GenomeWideSNP_6_E02_781884	9	141018493	141025328	5	0.9519
FOXED_p_TCGA_b122_128_SNP_N_GenomeWideSNP_6_E02_781884	9	141025886	141091394	16	0.2472
FOXED_p_TCGA_b122_128_SNP_N_GenomeWideSNP_6_E02_781884	10	72759	5133690	4393	-0.0461
FOXED_p_TCGA_b122_128_SNP_N_GenomeWideSNP_6_E02_781884	10	5134043	5134511	4	-1.0376
FOXED_p_TCGA_b122_128_SNP_N_GenomeWideSNP_6_E02_781884	10	5136915	16797033	9680	-0.079
FOXED_p_TCGA_b122_128_SNP_N_GenomeWideSNP_6_E02_781884	10	16800028	16803947	3	-1.2825
FOXED_p_TCGA_b122_128_SNP_N_GenomeWideSNP_6_E02_781884	10	16806545	19248205	1633	-0.0393
FOXED_p_TCGA_b122_128_SNP_N_GenomeWideSNP_6_E02_781884	10	19248555	19249700	5	-1.061
FOXED_p_TCGA_b122_128_SNP_N_GenomeWideSNP_6_E02_781884	10	19252125	24377674	3509	-0.0537
FOXED_p_TCGA_b122_128_SNP_N_GenomeWideSNP_6_E02_781884	10	24377675	24378908	11	1.5777
FOXED_p_TCGA_b122_128_SNP_N_GenomeWideSNP_6_E02_781884	10	24378951	46256781	12306	-0.068
FOXED_p_TCGA_b122_128_SNP_N_GenomeWideSNP_6_E02_781884	10	46293619	47055711	93	0.458
FOXED_p_TCGA_b122_128_SNP_N_GenomeWideSNP_6_E02_781884	10	47058792	47059806	21	-0.0713
FOXED_p_TCGA_b122_128_SNP_N_GenomeWideSNP_6_E02_781884	10	47059821	48311058	283	0.5144
FOXED_p_TCGA_b122_128_SNP_N_GenomeWideSNP_6_E02_781884	10	48312447	51830360	1754	-0.0825
FOXED_p_TCGA_b122_128_SNP_N_GenomeWideSNP_6_E02_781884	10	51840984	51867234	3	-1.5715
FOXED_p_TCGA_b122_128_SNP_N_GenomeWideSNP_6_E02_781884	10	51891920	59202354	5460	-0.0624
FOXED_p_TCGA_b122_128_SNP_N_GenomeWideSNP_6_E02_781884	10	59203049	59210773	5	-1.1954
FOXED_p_TCGA_b122_128_SNP_N_GenomeWideSNP_6_E02_781884	10	59218495	61364130	1528	-0.0282
FOXED_p_TCGA_b122_128_SNP_N_GenomeWideSNP_6_E02_781884	10	61364429	61365074	4	-0.8439
FOXED_p_TCGA_b122_128_SNP_N_GenomeWideSNP_6_E02_781884	10	61365182	66058847	3167	0.0022
FOXED_p_TCGA_b122_128_SNP_N_GenomeWideSNP_6_E02_781884	10	66060252	66068820	9	-0.5371
FOXED_p_TCGA_b122_128_SNP_N_GenomeWideSNP_6_E02_781884	10	66070231	90938673	16744	-0.0497
FOXED_p_TCGA_b122_128_SNP_N_GenomeWideSNP_6_E02_781884	10	90943096	90948090	11	-1.1333
FOXED_p_TCGA_b122_128_SNP_N_GenomeWideSNP_6_E02_781884	10	90950094	135506704	30430	-0.054
FOXED_p_TCGA_b122_128_SNP_N_GenomeWideSNP_6_E02_781884	11	198510	5472735	2978	0.2138
FOXED_p_TCGA_b122_128_SNP_N_GenomeWideSNP_6_E02_781884	11	5472822	5480645	14	-0.4474
FOXED_p_TCGA_b122_128_SNP_N_GenomeWideSNP_6_E02_781884	11	5481568	5783923	311	0.2026
FOXED_p_TCGA_b122_128_SNP_N_GenomeWideSNP_6_E02_781884	11	5787405	5809338	34	-0.3091
FOXED_p_TCGA_b122_128_SNP_N_GenomeWideSNP_6_E02_781884	11	5809461	5898092	84	0.2418
FOXED_p_TCGA_b122_128_SNP_N_GenomeWideSNP_6_E02_781884	11	5898220	5901825	7	0.9495
FOXED_p_TCGA_b122_128_SNP_N_GenomeWideSNP_6_E02_781884	11	5901952	33422504	19770	0.0997
FOXED_p_TCGA_b122_128_SNP_N_GenomeWideSNP_6_E02_781884	11	33423590	33427912	2	-1.7293
FOXED_p_TCGA_b122_128_SNP_N_GenomeWideSNP_6_E02_781884	11	33429998	33455339	16	0.3711
FOXED_p_TCGA_b122_128_SNP_N_GenomeWideSNP_6_E02_781884	11	33455733	42970284	6941	0.0114
FOXED_p_TCGA_b122_128_SNP_N_GenomeWideSNP_6_E02_781884	11	42970825	42977361	5	-1.3485
FOXED_p_TCGA_b122_128_SNP_N_GenomeWideSNP_6_E02_781884	11	42977439	55376498	4511	0.0044
FOXED_p_TCGA_b122_128_SNP_N_GenomeWideSNP_6_E02_781884	11	55376511	55463007	54	0.4383
FOXED_p_TCGA_b122_128_SNP_N_GenomeWideSNP_6_E02_781884	11	55463154	55475560	10	-0.4127
FOXED_p_TCGA_b122_128_SNP_N_GenomeWideSNP_6_E02_781884	11	55475639	71544011	8379	0.0134
FOXED_p_TCGA_b122_128_SNP_N_GenomeWideSNP_6_E02_781884	11	71550003	71550092	2	-2.4202
FOXED_p_TCGA_b122_128_SNP_N_GenomeWideSNP_6_E02_781884	11	71551602	78993753	4136	0.1998
FOXED_p_TCGA_b122_128_SNP_N_GenomeWideSNP_6_E02_781884	11	79001449	79002403	3	-0.7636
FOXED_p_TCGA_b122_128_SNP_N_GenomeWideSNP_6_E02_781884	11	79003273	79967182	761	0.1423
FOXED_p_TCGA_b122_128_SNP_N_GenomeWideSNP_6_E02_781884	11	79967209	79976268	19	0.574
FOXED_p_TCGA_b122_128_SNP_N_GenomeWideSNP_6_E02_781884	11	79978108	80992153	855	0.1348
FOXED_p_TCGA_b122_128_SNP_N_GenomeWideSNP_6_E02_781884	11	80992519	80995619	4	-0.8822
FOXED_p_TCGA_b122_128_SNP_N_GenomeWideSNP_6_E02_781884	11	80996502	84092980	2162	0.183
FOXED_p_TCGA_b122_128_SNP_N_GenomeWideSNP_6_E02_781884	11	84102780	84105873	5	-0.7763
FOXED_p_TCGA_b122_128_SNP_N_GenomeWideSNP_6_E02_781884	11	84111209	86729527	1762	0.2444
FOXED_p_TCGA_b122_128_SNP_N_GenomeWideSNP_6_E02_781884	11	86729568	91786039	3226	-0.0342
FOXED_p_TCGA_b122_128_SNP_N_GenomeWideSNP_6_E02_781884	11	91790050	91797221	11	-0.6378
FOXED_p_TCGA_b122_128_SNP_N_GenomeWideSNP_6_E02_781884	11	91798924	92791992	765	-0.045
FOXED_p_TCGA_b122_128_SNP_N_GenomeWideSNP_6_E02_781884	11	92792100	92796600	10	-0.4843
FOXED_p_TCGA_b122_128_SNP_N_GenomeWideSNP_6_E02_781884	11	92797770	96265941	2530	0.0386
FOXED_p_TCGA_b122_128_SNP_N_GenomeWideSNP_6_E02_781884	11	96266892	96286817	7	0.4709
FOXED_p_TCGA_b122_128_SNP_N_GenomeWideSNP_6_E02_781884	11	96439407	134944770	27776	0.1383
FOXED_p_TCGA_b122_128_SNP_N_GenomeWideSNP_6_E02_781884	12	150442	2797071	1714	0.0091
FOXED_p_TCGA_b122_128_SNP_N_GenomeWideSNP_6_E02_781884	12	2797179	2840942	28	0.4996
FOXED_p_TCGA_b122_128_SNP_N_GenomeWideSNP_6_E02_781884	12	2841673	8018325	3645	-0.0128
FOXED_p_TCGA_b122_128_SNP_N_GenomeWideSNP_6_E02_781884	12	8022893	8023530	4	-1.3092
FOXED_p_TCGA_b122_128_SNP_N_GenomeWideSNP_6_E02_781884	12	8024362	9460534	728	-0.034
FOXED_p_TCGA_b122_128_SNP_N_GenomeWideSNP_6_E02_781884	12	9461228	9472643	4	-1.8402
FOXED_p_TCGA_b122_128_SNP_N_GenomeWideSNP_6_E02_781884	12	9473157	9633870	79	-0.1319
FOXED_p_TCGA_b122_128_SNP_N_GenomeWideSNP_6_E02_781884	12	9637909	9707322	20	0.623
FOXED_p_TCGA_b122_128_SNP_N_GenomeWideSNP_6_E02_781884	12	9713674	11504091	1192	0.0152
FOXED_p_TCGA_b122_128_SNP_N_GenomeWideSNP_6_E02_781884	12	11511577	11541029	29	-0.607
FOXED_p_TCGA_b122_128_SNP_N_GenomeWideSNP_6_E02_781884	12	11543386	16419405	3539	0.0361
FOXED_p_TCGA_b122_128_SNP_N_GenomeWideSNP_6_E02_781884	12	16420987	16421325	2	1.5187
FOXED_p_TCGA_b122_128_SNP_N_GenomeWideSNP_6_E02_781884	12	16428557	16470389	29	0.1514
FOXED_p_TCGA_b122_128_SNP_N_GenomeWideSNP_6_E02_781884	12	16470735	16470904	2	-1.3256
FOXED_p_TCGA_b122_128_SNP_N_GenomeWideSNP_6_E02_781884	12	16471320	31907274	10827	0.0038
FOXED_p_TCGA_b122_128_SNP_N_GenomeWideSNP_6_E02_781884	12	31908050	31909908	3	-2.0975
FOXED_p_TCGA_b122_128_SNP_N_GenomeWideSNP_6_E02_781884	12	31917220	33294545	1014	0.0048
FOXED_p_TCGA_b122_128_SNP_N_GenomeWideSNP_6_E02_781884	12	33294587	33308589	37	0.4775
FOXED_p_TCGA_b122_128_SNP_N_GenomeWideSNP_6_E02_781884	12	33308863	43970941	4489	-0.0197
FOXED_p_TCGA_b122_128_SNP_N_GenomeWideSNP_6_E02_781884	12	43973663	43973953	3	-1.4093
FOXED_p_TCGA_b122_128_SNP_N_GenomeWideSNP_6_E02_781884	12	43974415	45899825	1127	0.0187
FOXED_p_TCGA_b122_128_SNP_N_GenomeWideSNP_6_E02_781884	12	45904438	45909537	4	-1.6025
FOXED_p_TCGA_b122_128_SNP_N_GenomeWideSNP_6_E02_781884	12	45913292	52657482	3699	0.0109
FOXED_p_TCGA_b122_128_SNP_N_GenomeWideSNP_6_E02_781884	12	52658353	52732289	64	0.2668
FOXED_p_TCGA_b122_128_SNP_N_GenomeWideSNP_6_E02_781884	12	52732506	59256947	3918	0.0118
FOXED_p_TCGA_b122_128_SNP_N_GenomeWideSNP_6_E02_781884	12	59257631	59258906	3	-0.7741
FOXED_p_TCGA_b122_128_SNP_N_GenomeWideSNP_6_E02_781884	12	59260002	84163187	15958	0.0086
FOXED_p_TCGA_b122_128_SNP_N_GenomeWideSNP_6_E02_781884	12	84163290	84165241	3	-1.5103
FOXED_p_TCGA_b122_128_SNP_N_GenomeWideSNP_6_E02_781884	12	84165279	100007372	10262	0.0161
FOXED_p_TCGA_b122_128_SNP_N_GenomeWideSNP_6_E02_781884	12	100007899	100013168	4	-1.0417
FOXED_p_TCGA_b122_128_SNP_N_GenomeWideSNP_6_E02_781884	12	100015840	100935310	474	-0.0108
FOXED_p_TCGA_b122_128_SNP_N_GenomeWideSNP_6_E02_781884	12	100936836	100944508	7	-0.7921
FOXED_p_TCGA_b122_128_SNP_N_GenomeWideSNP_6_E02_781884	12	100944938	114631402	8975	0.0024
FOXED_p_TCGA_b122_128_SNP_N_GenomeWideSNP_6_E02_781884	12	114632722	114637848	4	-1.1938
FOXED_p_TCGA_b122_128_SNP_N_GenomeWideSNP_6_E02_781884	12	114637909	115426589	598	-0.0158
FOXED_p_TCGA_b122_128_SNP_N_GenomeWideSNP_6_E02_781884	12	115426798	115436727	7	-0.7734
FOXED_p_TCGA_b122_128_SNP_N_GenomeWideSNP_6_E02_781884	12	115436862	116246667	827	0.0139
FOXED_p_TCGA_b122_128_SNP_N_GenomeWideSNP_6_E02_781884	12	116247605	116248048	3	-1.2695
FOXED_p_TCGA_b122_128_SNP_N_GenomeWideSNP_6_E02_781884	12	116249173	132120715	11131	-0.0566
FOXED_p_TCGA_b122_128_SNP_N_GenomeWideSNP_6_E02_781884	12	132132584	132133335	13	-2.1505
FOXED_p_TCGA_b122_128_SNP_N_GenomeWideSNP_6_E02_781884	12	132142331	133778189	572	0.0039
FOXED_p_TCGA_b122_128_SNP_N_GenomeWideSNP_6_E02_781884	13	19026949	23548546	2818	0.203
FOXED_p_TCGA_b122_128_SNP_N_GenomeWideSNP_6_E02_781884	13	23549126	23551669	2	-1.7401
FOXED_p_TCGA_b122_128_SNP_N_GenomeWideSNP_6_E02_781884	13	23552500	23625373	65	0.1636
FOXED_p_TCGA_b122_128_SNP_N_GenomeWideSNP_6_E02_781884	13	23625707	23626563	6	-0.8189
FOXED_p_TCGA_b122_128_SNP_N_GenomeWideSNP_6_E02_781884	13	23626684	23633004	12	0.3856
FOXED_p_TCGA_b122_128_SNP_N_GenomeWideSNP_6_E02_781884	13	23633131	23633515	6	1.1715
FOXED_p_TCGA_b122_128_SNP_N_GenomeWideSNP_6_E02_781884	13	23638195	38070044	10656	0.2104
FOXED_p_TCGA_b122_128_SNP_N_GenomeWideSNP_6_E02_781884	13	38070370	38088387	21	-0.3103
FOXED_p_TCGA_b122_128_SNP_N_GenomeWideSNP_6_E02_781884	13	38088609	43747989	4011	0.2346
FOXED_p_TCGA_b122_128_SNP_N_GenomeWideSNP_6_E02_781884	13	43748290	43748496	2	-1.515
FOXED_p_TCGA_b122_128_SNP_N_GenomeWideSNP_6_E02_781884	13	43748895	50960666	4702	0.2561
FOXED_p_TCGA_b122_128_SNP_N_GenomeWideSNP_6_E02_781884	13	50961493	50962458	3	-1.3536
FOXED_p_TCGA_b122_128_SNP_N_GenomeWideSNP_6_E02_781884	13	50963364	58028635	4003	0.1983
FOXED_p_TCGA_b122_128_SNP_N_GenomeWideSNP_6_E02_781884	13	58031602	58032506	2	-1.704
FOXED_p_TCGA_b122_128_SNP_N_GenomeWideSNP_6_E02_781884	13	58032934	72346772	8771	0.1881
FOXED_p_TCGA_b122_128_SNP_N_GenomeWideSNP_6_E02_781884	13	72347448	72359353	7	-0.3428
FOXED_p_TCGA_b122_128_SNP_N_GenomeWideSNP_6_E02_781884	13	72360226	72473741	76	0.3158
FOXED_p_TCGA_b122_128_SNP_N_GenomeWideSNP_6_E02_781884	13	72474297	72476988	3	-0.2511
FOXED_p_TCGA_b122_128_SNP_N_GenomeWideSNP_6_E02_781884	13	72477555	72480556	4	-3.0742
FOXED_p_TCGA_b122_128_SNP_N_GenomeWideSNP_6_E02_781884	13	72480605	75328649	2148	0.2985
FOXED_p_TCGA_b122_128_SNP_N_GenomeWideSNP_6_E02_781884	13	75336985	75337021	2	-1.5303
FOXED_p_TCGA_b122_128_SNP_N_GenomeWideSNP_6_E02_781884	13	75338360	77632392	1667	0.2365
FOXED_p_TCGA_b122_128_SNP_N_GenomeWideSNP_6_E02_781884	13	77632470	77632832	2	-1.1987
FOXED_p_TCGA_b122_128_SNP_N_GenomeWideSNP_6_E02_781884	13	77634191	105792063	18731	0.2099
FOXED_p_TCGA_b122_128_SNP_N_GenomeWideSNP_6_E02_781884	13	105792320	105793080	3	-1.2342
FOXED_p_TCGA_b122_128_SNP_N_GenomeWideSNP_6_E02_781884	13	105793770	107553416	1427	0.2209
FOXED_p_TCGA_b122_128_SNP_N_GenomeWideSNP_6_E02_781884	13	107557567	107562307	2	-1.2081
FOXED_p_TCGA_b122_128_SNP_N_GenomeWideSNP_6_E02_781884	13	107568657	108664915	890	0.1812
FOXED_p_TCGA_b122_128_SNP_N_GenomeWideSNP_6_E02_781884	13	108665627	108668485	5	-0.9483
FOXED_p_TCGA_b122_128_SNP_N_GenomeWideSNP_6_E02_781884	13	108669264	108772980	94	0.1792
FOXED_p_TCGA_b122_128_SNP_N_GenomeWideSNP_6_E02_781884	13	108773193	108774957	4	-0.8755
FOXED_p_TCGA_b122_128_SNP_N_GenomeWideSNP_6_E02_781884	13	108775023	115108397	4186	0.2284
FOXED_p_TCGA_b122_128_SNP_N_GenomeWideSNP_6_E02_781884	14	19002124	22607502	1740	0.2202
FOXED_p_TCGA_b122_128_SNP_N_GenomeWideSNP_6_E02_781884	14	22611312	22613690	11	-0.6287
FOXED_p_TCGA_b122_128_SNP_N_GenomeWideSNP_6_E02_781884	14	22615465	25580659	1958	0.2224
FOXED_p_TCGA_b122_128_SNP_N_GenomeWideSNP_6_E02_781884	14	25581621	25581789	2	-1.6481
FOXED_p_TCGA_b122_128_SNP_N_GenomeWideSNP_6_E02_781884	14	25584386	30680434	3098	0.1666
FOXED_p_TCGA_b122_128_SNP_N_GenomeWideSNP_6_E02_781884	14	30683580	30685621	2	-0.9708
FOXED_p_TCGA_b122_128_SNP_N_GenomeWideSNP_6_E02_781884	14	30686570	30692051	8	0.3057
FOXED_p_TCGA_b122_128_SNP_N_GenomeWideSNP_6_E02_781884	14	30692840	30696098	4	-0.0095
FOXED_p_TCGA_b122_128_SNP_N_GenomeWideSNP_6_E02_781884	14	30696508	30710329	13	0.3133
FOXED_p_TCGA_b122_128_SNP_N_GenomeWideSNP_6_E02_781884	14	30712977	30724855	5	0.9398
FOXED_p_TCGA_b122_128_SNP_N_GenomeWideSNP_6_E02_781884	14	30727948	35426774	3162	0.2323
FOXED_p_TCGA_b122_128_SNP_N_GenomeWideSNP_6_E02_781884	14	35428995	35429746	3	-1.2106
FOXED_p_TCGA_b122_128_SNP_N_GenomeWideSNP_6_E02_781884	14	35434418	35491343	35	0.1485
FOXED_p_TCGA_b122_128_SNP_N_GenomeWideSNP_6_E02_781884	14	35493077	35539399	20	-0.272
FOXED_p_TCGA_b122_128_SNP_N_GenomeWideSNP_6_E02_781884	14	35539860	46590910	6660	0.1776
FOXED_p_TCGA_b122_128_SNP_N_GenomeWideSNP_6_E02_781884	14	46592058	46592177	2	-1.8954
FOXED_p_TCGA_b122_128_SNP_N_GenomeWideSNP_6_E02_781884	14	46592900	48227037	1003	0.1713
FOXED_p_TCGA_b122_128_SNP_N_GenomeWideSNP_6_E02_781884	14	48231967	48277451	30	-1.5093
FOXED_p_TCGA_b122_128_SNP_N_GenomeWideSNP_6_E02_781884	14	48286588	56928167	5720	0.2241
FOXED_p_TCGA_b122_128_SNP_N_GenomeWideSNP_6_E02_781884	14	56931092	56941364	9	-2.6584
FOXED_p_TCGA_b122_128_SNP_N_GenomeWideSNP_6_E02_781884	14	56941474	56944399	4	-6.7769
FOXED_p_TCGA_b122_128_SNP_N_GenomeWideSNP_6_E02_781884	14	56944753	56988560	47	-2.083
FOXED_p_TCGA_b122_128_SNP_N_GenomeWideSNP_6_E02_781884	14	56989637	57130403	118	0.2395
FOXED_p_TCGA_b122_128_SNP_N_GenomeWideSNP_6_E02_781884	14	57130787	57130977	2	-1.7446
FOXED_p_TCGA_b122_128_SNP_N_GenomeWideSNP_6_E02_781884	14	57141867	67747919	6576	0.1988
FOXED_p_TCGA_b122_128_SNP_N_GenomeWideSNP_6_E02_781884	14	67750627	73970691	4086	-0.221
FOXED_p_TCGA_b122_128_SNP_N_GenomeWideSNP_6_E02_781884	14	73972535	73992772	14	0.0815
FOXED_p_TCGA_b122_128_SNP_N_GenomeWideSNP_6_E02_781884	14	73995774	74029915	12	1.011
FOXED_p_TCGA_b122_128_SNP_N_GenomeWideSNP_6_E02_781884	14	74030731	81172126	4735	0.1898
FOXED_p_TCGA_b122_128_SNP_N_GenomeWideSNP_6_E02_781884	14	81176358	89832089	5714	-0.2319
FOXED_p_TCGA_b122_128_SNP_N_GenomeWideSNP_6_E02_781884	14	89834135	89835723	2	-2.9085
FOXED_p_TCGA_b122_128_SNP_N_GenomeWideSNP_6_E02_781884	14	89836270	106706137	10406	-0.248
FOXED_p_TCGA_b122_128_SNP_N_GenomeWideSNP_6_E02_781884	14	106709597	106728162	14	-0.8272
FOXED_p_TCGA_b122_128_SNP_N_GenomeWideSNP_6_E02_781884	14	106736240	107128578	219	-0.0346
FOXED_p_TCGA_b122_128_SNP_N_GenomeWideSNP_6_E02_781884	14	107129353	107142790	20	-0.4728
FOXED_p_TCGA_b122_128_SNP_N_GenomeWideSNP_6_E02_781884	14	107144078	107188449	44	0.115
FOXED_p_TCGA_b122_128_SNP_N_GenomeWideSNP_6_E02_781884	14	107188715	107285437	59	-0.2307
FOXED_p_TCGA_b122_128_SNP_N_GenomeWideSNP_6_E02_781884	15	20016328	20578421	98	0.0475
FOXED_p_TCGA_b122_128_SNP_N_GenomeWideSNP_6_E02_781884	15	20581451	20581455	5	-1.3422
FOXED_p_TCGA_b122_128_SNP_N_GenomeWideSNP_6_E02_781884	15	20581562	29411991	4337	-0.0521
FOXED_p_TCGA_b122_128_SNP_N_GenomeWideSNP_6_E02_781884	15	29412047	29422682	5	-1.3191
FOXED_p_TCGA_b122_128_SNP_N_GenomeWideSNP_6_E02_781884	15	29424755	29878331	339	-0.0392
FOXED_p_TCGA_b122_128_SNP_N_GenomeWideSNP_6_E02_781884	15	29884907	29885835	4	-1.3198
FOXED_p_TCGA_b122_128_SNP_N_GenomeWideSNP_6_E02_781884	15	29886522	29931257	33	-0.28
FOXED_p_TCGA_b122_128_SNP_N_GenomeWideSNP_6_E02_781884	15	29936650	65814102	22974	0.0145
FOXED_p_TCGA_b122_128_SNP_N_GenomeWideSNP_6_E02_781884	15	65816942	65818387	3	-2.7139
FOXED_p_TCGA_b122_128_SNP_N_GenomeWideSNP_6_E02_781884	15	65822534	68825675	1992	0.0081
FOXED_p_TCGA_b122_128_SNP_N_GenomeWideSNP_6_E02_781884	15	68826274	68960014	83	-0.5975
FOXED_p_TCGA_b122_128_SNP_N_GenomeWideSNP_6_E02_781884	15	68961024	76891241	4470	0.0108
FOXED_p_TCGA_b122_128_SNP_N_GenomeWideSNP_6_E02_781884	15	76891511	76895344	14	-2.3753
FOXED_p_TCGA_b122_128_SNP_N_GenomeWideSNP_6_E02_781884	15	76895767	76895775	7	-0.4093
FOXED_p_TCGA_b122_128_SNP_N_GenomeWideSNP_6_E02_781884	15	76902179	78694688	914	0.0193
FOXED_p_TCGA_b122_128_SNP_N_GenomeWideSNP_6_E02_781884	15	78695911	78706774	2	-1.6116
FOXED_p_TCGA_b122_128_SNP_N_GenomeWideSNP_6_E02_781884	15	78707049	84543250	3517	0.0047
FOXED_p_TCGA_b122_128_SNP_N_GenomeWideSNP_6_E02_781884	15	84543402	84547867	6	-1.3648
FOXED_p_TCGA_b122_128_SNP_N_GenomeWideSNP_6_E02_781884	15	84547898	102469040	13240	-0.0033
FOXED_p_TCGA_b122_128_SNP_N_GenomeWideSNP_6_E02_781884	16	60777	1252599	417	0.0323
FOXED_p_TCGA_b122_128_SNP_N_GenomeWideSNP_6_E02_781884	16	1253529	1272472	3	-2.0198
FOXED_p_TCGA_b122_128_SNP_N_GenomeWideSNP_6_E02_781884	16	1273291	34459709	20117	-0.0172
FOXED_p_TCGA_b122_128_SNP_N_GenomeWideSNP_6_E02_781884	16	34466571	34754728	167	0.3854
FOXED_p_TCGA_b122_128_SNP_N_GenomeWideSNP_6_E02_781884	16	34755566	66159298	13521	-0.0094
FOXED_p_TCGA_b122_128_SNP_N_GenomeWideSNP_6_E02_781884	16	66162229	66163067	4	-1.4543
FOXED_p_TCGA_b122_128_SNP_N_GenomeWideSNP_6_E02_781884	16	66167732	77595285	6693	0.0022
FOXED_p_TCGA_b122_128_SNP_N_GenomeWideSNP_6_E02_781884	16	77595335	77595365	2	-1.8457
FOXED_p_TCGA_b122_128_SNP_N_GenomeWideSNP_6_E02_781884	16	77596021	78371608	838	-0.0484
FOXED_p_TCGA_b122_128_SNP_N_GenomeWideSNP_6_E02_781884	16	78372440	78384738	16	0.9117
FOXED_p_TCGA_b122_128_SNP_N_GenomeWideSNP_6_E02_781884	16	78384765	84777520	7037	-0.0334
FOXED_p_TCGA_b122_128_SNP_N_GenomeWideSNP_6_E02_781884	16	84778049	84783658	2	-2.3962
FOXED_p_TCGA_b122_128_SNP_N_GenomeWideSNP_6_E02_781884	16	84784290	85925569	768	-0.0192
FOXED_p_TCGA_b122_128_SNP_N_GenomeWideSNP_6_E02_781884	16	85927079	85935797	4	-1.3961
FOXED_p_TCGA_b122_128_SNP_N_GenomeWideSNP_6_E02_781884	16	85936742	90287535	2826	-0.0082
FOXED_p_TCGA_b122_128_SNP_N_GenomeWideSNP_6_E02_781884	17	526	560480	262	-0.219
FOXED_p_TCGA_b122_128_SNP_N_GenomeWideSNP_6_E02_781884	17	560851	562244	2	-1.821
FOXED_p_TCGA_b122_128_SNP_N_GenomeWideSNP_6_E02_781884	17	562478	5958701	2991	-0.2841
FOXED_p_TCGA_b122_128_SNP_N_GenomeWideSNP_6_E02_781884	17	5960849	5962383	4	-2.7275
FOXED_p_TCGA_b122_128_SNP_N_GenomeWideSNP_6_E02_781884	17	5963959	6101198	114	-0.3005
FOXED_p_TCGA_b122_128_SNP_N_GenomeWideSNP_6_E02_781884	17	6106486	6132774	29	-1.8638
FOXED_p_TCGA_b122_128_SNP_N_GenomeWideSNP_6_E02_781884	17	6132812	22133785	9551	-0.2782
FOXED_p_TCGA_b122_128_SNP_N_GenomeWideSNP_6_E02_781884	17	22145506	22159899	2	-2.6733
FOXED_p_TCGA_b122_128_SNP_N_GenomeWideSNP_6_E02_781884	17	22166511	22235650	37	-0.173
FOXED_p_TCGA_b122_128_SNP_N_GenomeWideSNP_6_E02_781884	17	25270411	25383448	42	0.1455
FOXED_p_TCGA_b122_128_SNP_N_GenomeWideSNP_6_E02_781884	17	25385557	25440382	36	0.5367
FOXED_p_TCGA_b122_128_SNP_N_GenomeWideSNP_6_E02_781884	17	25444855	39421708	7873	0.2
FOXED_p_TCGA_b122_128_SNP_N_GenomeWideSNP_6_E02_781884	17	39423014	39430531	24	-0.419
FOXED_p_TCGA_b122_128_SNP_N_GenomeWideSNP_6_E02_781884	17	39432724	41005498	842	0.2184
FOXED_p_TCGA_b122_128_SNP_N_GenomeWideSNP_6_E02_781884	17	41008404	41034712	14	0.5383
FOXED_p_TCGA_b122_128_SNP_N_GenomeWideSNP_6_E02_781884	17	41035850	41235799	138	0.1437
FOXED_p_TCGA_b122_128_SNP_N_GenomeWideSNP_6_E02_781884	17	41239237	41239394	6	0.7458
FOXED_p_TCGA_b122_128_SNP_N_GenomeWideSNP_6_E02_781884	17	41239902	41426948	109	0.1829
FOXED_p_TCGA_b122_128_SNP_N_GenomeWideSNP_6_E02_781884	17	41432265	41439921	4	1.2259
FOXED_p_TCGA_b122_128_SNP_N_GenomeWideSNP_6_E02_781884	17	41443704	44456008	1535	0.2043
FOXED_p_TCGA_b122_128_SNP_N_GenomeWideSNP_6_E02_781884	17	44460432	44794755	49	0.7653
FOXED_p_TCGA_b122_128_SNP_N_GenomeWideSNP_6_E02_781884	17	44795190	81049726	21617	0.2125
FOXED_p_TCGA_b122_128_SNP_N_GenomeWideSNP_6_E02_781884	18	11543	10139745	7429	-0.2753
FOXED_p_TCGA_b122_128_SNP_N_GenomeWideSNP_6_E02_781884	18	10140132	10142175	4	-1.4677
FOXED_p_TCGA_b122_128_SNP_N_GenomeWideSNP_6_E02_781884	18	10142323	21034108	4253	-0.247
FOXED_p_TCGA_b122_128_SNP_N_GenomeWideSNP_6_E02_781884	18	21036332	27506062	4163	-0.561
FOXED_p_TCGA_b122_128_SNP_N_GenomeWideSNP_6_E02_781884	18	27506264	37992313	6729	-0.2272
FOXED_p_TCGA_b122_128_SNP_N_GenomeWideSNP_6_E02_781884	18	37992579	37993734	10	-1.0321
FOXED_p_TCGA_b122_128_SNP_N_GenomeWideSNP_6_E02_781884	18	37993745	40986259	2026	-0.2564
FOXED_p_TCGA_b122_128_SNP_N_GenomeWideSNP_6_E02_781884	18	40988064	40988542	3	-2.1227
FOXED_p_TCGA_b122_128_SNP_N_GenomeWideSNP_6_E02_781884	18	40990377	41069732	46	-0.4164
FOXED_p_TCGA_b122_128_SNP_N_GenomeWideSNP_6_E02_781884	18	41069878	41079541	5	-1.644
FOXED_p_TCGA_b122_128_SNP_N_GenomeWideSNP_6_E02_781884	18	41079581	45650398	3105	-0.2453
FOXED_p_TCGA_b122_128_SNP_N_GenomeWideSNP_6_E02_781884	18	45652986	46454048	588	-0.6004
FOXED_p_TCGA_b122_128_SNP_N_GenomeWideSNP_6_E02_781884	18	46456130	46482141	11	-1.3419
FOXED_p_TCGA_b122_128_SNP_N_GenomeWideSNP_6_E02_781884	18	46482862	47022944	261	-0.5456
FOXED_p_TCGA_b122_128_SNP_N_GenomeWideSNP_6_E02_781884	18	47024513	47132464	73	-0.1991
FOXED_p_TCGA_b122_128_SNP_N_GenomeWideSNP_6_E02_781884	18	47133402	47328029	142	-0.5654
FOXED_p_TCGA_b122_128_SNP_N_GenomeWideSNP_6_E02_781884	18	47329735	50413631	2350	-0.2408
FOXED_p_TCGA_b122_128_SNP_N_GenomeWideSNP_6_E02_781884	18	50414696	50758952	235	-0.5594
FOXED_p_TCGA_b122_128_SNP_N_GenomeWideSNP_6_E02_781884	18	50760933	51266566	325	-0.2172
FOXED_p_TCGA_b122_128_SNP_N_GenomeWideSNP_6_E02_781884	18	51266632	51267392	10	0.4883
FOXED_p_TCGA_b122_128_SNP_N_GenomeWideSNP_6_E02_781884	18	51268184	51859914	368	-0.2214
FOXED_p_TCGA_b122_128_SNP_N_GenomeWideSNP_6_E02_781884	18	51862182	52309962	160	-0.5301
FOXED_p_TCGA_b122_128_SNP_N_GenomeWideSNP_6_E02_781884	18	52310183	55793087	2291	-0.2265
FOXED_p_TCGA_b122_128_SNP_N_GenomeWideSNP_6_E02_781884	18	55793323	78015057	16066	-0.5699
FOXED_p_TCGA_b122_128_SNP_N_GenomeWideSNP_6_E02_781884	19	90910	20829591	9123	0.3273
FOXED_p_TCGA_b122_128_SNP_N_GenomeWideSNP_6_E02_781884	19	20830034	20975280	85	0.9536
FOXED_p_TCGA_b122_128_SNP_N_GenomeWideSNP_6_E02_781884	19	20980313	24460818	2031	0.2382
FOXED_p_TCGA_b122_128_SNP_N_GenomeWideSNP_6_E02_781884	19	24461420	24487682	10	-0.3552
FOXED_p_TCGA_b122_128_SNP_N_GenomeWideSNP_6_E02_781884	19	24503772	28340294	159	0.3264
FOXED_p_TCGA_b122_128_SNP_N_GenomeWideSNP_6_E02_781884	19	28341204	35658728	5243	-0.0703
FOXED_p_TCGA_b122_128_SNP_N_GenomeWideSNP_6_E02_781884	19	35663774	35666047	7	0.7805
FOXED_p_TCGA_b122_128_SNP_N_GenomeWideSNP_6_E02_781884	19	35666081	37510259	1032	-0.0363
FOXED_p_TCGA_b122_128_SNP_N_GenomeWideSNP_6_E02_781884	19	37510784	37516089	3	-1.5515
FOXED_p_TCGA_b122_128_SNP_N_GenomeWideSNP_6_E02_781884	19	37516374	43458054	2960	-0.041
FOXED_p_TCGA_b122_128_SNP_N_GenomeWideSNP_6_E02_781884	19	43460991	43465171	2	-1.699
FOXED_p_TCGA_b122_128_SNP_N_GenomeWideSNP_6_E02_781884	19	43466756	43703033	116	0.0833
FOXED_p_TCGA_b122_128_SNP_N_GenomeWideSNP_6_E02_781884	19	43703504	43756237	21	-0.8193
FOXED_p_TCGA_b122_128_SNP_N_GenomeWideSNP_6_E02_781884	19	43766659	57470332	7561	-0.0518
FOXED_p_TCGA_b122_128_SNP_N_GenomeWideSNP_6_E02_781884	19	57474906	57478020	4	-2.0329
FOXED_p_TCGA_b122_128_SNP_N_GenomeWideSNP_6_E02_781884	19	57478319	58027503	400	-0.1335
FOXED_p_TCGA_b122_128_SNP_N_GenomeWideSNP_6_E02_781884	19	58027752	58044490	6	0.535
FOXED_p_TCGA_b122_128_SNP_N_GenomeWideSNP_6_E02_781884	19	58045441	59097854	591	-0.0663
FOXED_p_TCGA_b122_128_SNP_N_GenomeWideSNP_6_E02_781884	20	61305	1560999	1207	0.6107
FOXED_p_TCGA_b122_128_SNP_N_GenomeWideSNP_6_E02_781884	20	1561580	1593893	41	-0.3168
FOXED_p_TCGA_b122_128_SNP_N_GenomeWideSNP_6_E02_781884	20	1597946	5431140	2818	0.5495
FOXED_p_TCGA_b122_128_SNP_N_GenomeWideSNP_6_E02_781884	20	5431173	5470514	15	1.0796
FOXED_p_TCGA_b122_128_SNP_N_GenomeWideSNP_6_E02_781884	20	5474117	5689020	138	0.5791
FOXED_p_TCGA_b122_128_SNP_N_GenomeWideSNP_6_E02_781884	20	5690278	5690549	3	-0.4932
FOXED_p_TCGA_b122_128_SNP_N_GenomeWideSNP_6_E02_781884	20	5691234	6070440	285	0.5872
FOXED_p_TCGA_b122_128_SNP_N_GenomeWideSNP_6_E02_781884	20	6070583	11033800	4011	0.2963
FOXED_p_TCGA_b122_128_SNP_N_GenomeWideSNP_6_E02_781884	20	11037739	12174020	826	0.552
FOXED_p_TCGA_b122_128_SNP_N_GenomeWideSNP_6_E02_781884	20	12175478	12179036	5	-0.5024
FOXED_p_TCGA_b122_128_SNP_N_GenomeWideSNP_6_E02_781884	20	12185756	14850762	1915	0.5812
FOXED_p_TCGA_b122_128_SNP_N_GenomeWideSNP_6_E02_781884	20	14850780	15026745	159	0.2078
FOXED_p_TCGA_b122_128_SNP_N_GenomeWideSNP_6_E02_781884	20	15030006	15070049	48	0.6153
FOXED_p_TCGA_b122_128_SNP_N_GenomeWideSNP_6_E02_781884	20	15070699	15144763	71	0.3322
FOXED_p_TCGA_b122_128_SNP_N_GenomeWideSNP_6_E02_781884	20	15150730	50647593	21979	0.6409
FOXED_p_TCGA_b122_128_SNP_N_GenomeWideSNP_6_E02_781884	20	50652797	50654576	5	-0.2916
FOXED_p_TCGA_b122_128_SNP_N_GenomeWideSNP_6_E02_781884	20	50657899	52647808	1498	0.7261
FOXED_p_TCGA_b122_128_SNP_N_GenomeWideSNP_6_E02_781884	20	52651154	52652360	7	0.0318
FOXED_p_TCGA_b122_128_SNP_N_GenomeWideSNP_6_E02_781884	20	52652478	52657717	24	1.2696
FOXED_p_TCGA_b122_128_SNP_N_GenomeWideSNP_6_E02_781884	20	52658073	60548170	6490	0.6866
FOXED_p_TCGA_b122_128_SNP_N_GenomeWideSNP_6_E02_781884	20	60559028	60559084	3	1.7088
FOXED_p_TCGA_b122_128_SNP_N_GenomeWideSNP_6_E02_781884	20	60567750	61179294	264	0.7593
FOXED_p_TCGA_b122_128_SNP_N_GenomeWideSNP_6_E02_781884	20	61179388	61182062	2	-0.6654
FOXED_p_TCGA_b122_128_SNP_N_GenomeWideSNP_6_E02_781884	20	61183145	62956153	712	0.8243
FOXED_p_TCGA_b122_128_SNP_N_GenomeWideSNP_6_E02_781884	21	10736871	10953424	36	-0.3725
FOXED_p_TCGA_b122_128_SNP_N_GenomeWideSNP_6_E02_781884	21	10954126	14538478	109	0.0708
FOXED_p_TCGA_b122_128_SNP_N_GenomeWideSNP_6_E02_781884	21	14538557	29295529	10684	-0.2327
FOXED_p_TCGA_b122_128_SNP_N_GenomeWideSNP_6_E02_781884	21	29299378	29300559	2	-3.0247
FOXED_p_TCGA_b122_128_SNP_N_GenomeWideSNP_6_E02_781884	21	29306668	48096957	13548	-0.2423
FOXED_p_TCGA_b122_128_SNP_N_GenomeWideSNP_6_E02_781884	22	16052528	24330218	4615	0.2545
FOXED_p_TCGA_b122_128_SNP_N_GenomeWideSNP_6_E02_781884	22	24330269	24332625	3	-2.1635
FOXED_p_TCGA_b122_128_SNP_N_GenomeWideSNP_6_E02_781884	22	24332933	24394015	22	0.757
FOXED_p_TCGA_b122_128_SNP_N_GenomeWideSNP_6_E02_781884	22	24396814	25606207	756	0.2186
FOXED_p_TCGA_b122_128_SNP_N_GenomeWideSNP_6_E02_781884	22	25606347	25606874	5	-0.7622
FOXED_p_TCGA_b122_128_SNP_N_GenomeWideSNP_6_E02_781884	22	25607785	39290920	10071	0.2101
FOXED_p_TCGA_b122_128_SNP_N_GenomeWideSNP_6_E02_781884	22	39295255	39296904	3	1.4122
FOXED_p_TCGA_b122_128_SNP_N_GenomeWideSNP_6_E02_781884	22	39299114	39351466	38	0.2129
FOXED_p_TCGA_b122_128_SNP_N_GenomeWideSNP_6_E02_781884	22	39363619	39395381	33	-0.3604
FOXED_p_TCGA_b122_128_SNP_N_GenomeWideSNP_6_E02_781884	22	39395481	42884903	1879	0.1932
FOXED_p_TCGA_b122_128_SNP_N_GenomeWideSNP_6_E02_781884	22	42884997	42934462	30	0.737
FOXED_p_TCGA_b122_128_SNP_N_GenomeWideSNP_6_E02_781884	22	42942962	51234455	6112	0.1848
FOXED_p_TCGA_b122_128_SNP_N_GenomeWideSNP_6_E02_781884	X	168477	5158364	1907	0.009
FOXED_p_TCGA_b122_128_SNP_N_GenomeWideSNP_6_E02_781884	X	5160947	5162224	2	-3.4754
FOXED_p_TCGA_b122_128_SNP_N_GenomeWideSNP_6_E02_781884	X	5165812	7888008	2129	-0.0239
FOXED_p_TCGA_b122_128_SNP_N_GenomeWideSNP_6_E02_781884	X	7889828	7890946	3	-1.7277
FOXED_p_TCGA_b122_128_SNP_N_GenomeWideSNP_6_E02_781884	X	7891626	8271157	276	0.045
FOXED_p_TCGA_b122_128_SNP_N_GenomeWideSNP_6_E02_781884	X	8271445	8272423	6	-1.0192
FOXED_p_TCGA_b122_128_SNP_N_GenomeWideSNP_6_E02_781884	X	8273086	10086508	1418	0.0128
FOXED_p_TCGA_b122_128_SNP_N_GenomeWideSNP_6_E02_781884	X	10086986	10087487	2	-3.047
FOXED_p_TCGA_b122_128_SNP_N_GenomeWideSNP_6_E02_781884	X	10089683	10169688	67	0.093
FOXED_p_TCGA_b122_128_SNP_N_GenomeWideSNP_6_E02_781884	X	10169704	10170962	3	-1.4107
FOXED_p_TCGA_b122_128_SNP_N_GenomeWideSNP_6_E02_781884	X	10171065	29179592	12085	0.0538
FOXED_p_TCGA_b122_128_SNP_N_GenomeWideSNP_6_E02_781884	X	29182202	29182301	3	-2.3611
FOXED_p_TCGA_b122_128_SNP_N_GenomeWideSNP_6_E02_781884	X	29182313	47809306	11209	0.0275
FOXED_p_TCGA_b122_128_SNP_N_GenomeWideSNP_6_E02_781884	X	47813318	47828181	15	0.4748
FOXED_p_TCGA_b122_128_SNP_N_GenomeWideSNP_6_E02_781884	X	47829019	47900193	43	-0.0178
FOXED_p_TCGA_b122_128_SNP_N_GenomeWideSNP_6_E02_781884	X	47900219	47979657	55	0.3266
FOXED_p_TCGA_b122_128_SNP_N_GenomeWideSNP_6_E02_781884	X	47980874	69098287	7718	0.0365
FOXED_p_TCGA_b122_128_SNP_N_GenomeWideSNP_6_E02_781884	X	69098710	69188395	39	0.3311
FOXED_p_TCGA_b122_128_SNP_N_GenomeWideSNP_6_E02_781884	X	69191230	74576207	2243	0.0318
FOXED_p_TCGA_b122_128_SNP_N_GenomeWideSNP_6_E02_781884	X	74576521	74576705	2	-1.4369
FOXED_p_TCGA_b122_128_SNP_N_GenomeWideSNP_6_E02_781884	X	74578649	74802287	115	0.0164
FOXED_p_TCGA_b122_128_SNP_N_GenomeWideSNP_6_E02_781884	X	74802967	74876036	37	-0.4269
FOXED_p_TCGA_b122_128_SNP_N_GenomeWideSNP_6_E02_781884	X	74876442	90173519	7989	0.0071
FOXED_p_TCGA_b122_128_SNP_N_GenomeWideSNP_6_E02_781884	X	90173774	90173807	2	-1.7474
FOXED_p_TCGA_b122_128_SNP_N_GenomeWideSNP_6_E02_781884	X	90175290	90674143	250	-0.0326
FOXED_p_TCGA_b122_128_SNP_N_GenomeWideSNP_6_E02_781884	X	90677091	90677278	2	-1.7426
FOXED_p_TCGA_b122_128_SNP_N_GenomeWideSNP_6_E02_781884	X	90681379	115133681	13175	0.0155
FOXED_p_TCGA_b122_128_SNP_N_GenomeWideSNP_6_E02_781884	X	115137955	115150638	7	-1.3794
FOXED_p_TCGA_b122_128_SNP_N_GenomeWideSNP_6_E02_781884	X	115156419	137049098	12566	0.0178
FOXED_p_TCGA_b122_128_SNP_N_GenomeWideSNP_6_E02_781884	X	137050677	137051670	2	-2.1482
FOXED_p_TCGA_b122_128_SNP_N_GenomeWideSNP_6_E02_781884	X	137059391	139238459	1420	-0.0319
FOXED_p_TCGA_b122_128_SNP_N_GenomeWideSNP_6_E02_781884	X	139238648	139239783	2	-1.8719
FOXED_p_TCGA_b122_128_SNP_N_GenomeWideSNP_6_E02_781884	X	139243625	140479843	739	-0.036
FOXED_p_TCGA_b122_128_SNP_N_GenomeWideSNP_6_E02_781884	X	140479935	140500857	15	-0.7115
FOXED_p_TCGA_b122_128_SNP_N_GenomeWideSNP_6_E02_781884	X	140508931	155182354	9029	-0.0121
FOXED_p_TCGA_b122_128_SNP_N_GenomeWideSNP_6_E02_781884	Y	2650438	2912181	133	-3.0377
FOXED_p_TCGA_b122_128_SNP_N_GenomeWideSNP_6_E02_781884	Y	2915500	6101425	738	-2.4037
FOXED_p_TCGA_b122_128_SNP_N_GenomeWideSNP_6_E02_781884	Y	6107901	6426233	129	-3.7796
FOXED_p_TCGA_b122_128_SNP_N_GenomeWideSNP_6_E02_781884	Y	6426853	19570632	4661	-3.0934
FOXED_p_TCGA_b122_128_SNP_N_GenomeWideSNP_6_E02_781884	Y	19571480	21088297	705	-3.6989
FOXED_p_TCGA_b122_128_SNP_N_GenomeWideSNP_6_E02_781884	Y	21088485	23653771	978	-3.1337
FOXED_p_TCGA_b122_128_SNP_N_GenomeWideSNP_6_E02_781884	Y	23683731	23690350	2	-8.9658
FOXED_p_TCGA_b122_128_SNP_N_GenomeWideSNP_6_E02_781884	Y	23715701	24525360	269	-3.2502
FOXED_p_TCGA_b122_128_SNP_N_GenomeWideSNP_6_E02_781884	Y	24528056	24964952	75	-4.0821
FOXED_p_TCGA_b122_128_SNP_N_GenomeWideSNP_6_E02_781884	Y	24979518	25975796	144	-3.4101
FOXED_p_TCGA_b122_128_SNP_N_GenomeWideSNP_6_E02_781884	Y	25976129	26218232	98	-4.0424
FOXED_p_TCGA_b122_128_SNP_N_GenomeWideSNP_6_E02_781884	Y	26222820	26598702	86	-2.8422
FOXED_p_TCGA_b122_128_SNP_N_GenomeWideSNP_6_E02_781884	Y	26604818	27315972	88	-4.2672
FOXED_p_TCGA_b122_128_SNP_N_GenomeWideSNP_6_E02_781884	Y	27367487	27717920	90	-2.7723
FOXED_p_TCGA_b122_128_SNP_N_GenomeWideSNP_6_E02_781884	Y	27718192	28452016	261	-3.8253
FOXED_p_TCGA_b122_128_SNP_N_GenomeWideSNP_6_E02_781884	Y	28457337	59018259	176	-2.6266
