Sample	Chromosome	Start	End	Num_Probes	Segment_Mean
SERVO_p_TCGA_157_158_159_SNP_N_GenomeWideSNP_6_D07_831316	1	61735	625470	34	0.4608
SERVO_p_TCGA_157_158_159_SNP_N_GenomeWideSNP_6_D07_831316	1	707099	12841928	6494	-0.046
SERVO_p_TCGA_157_158_159_SNP_N_GenomeWideSNP_6_D07_831316	1	12845863	12927107	38	-0.479
SERVO_p_TCGA_157_158_159_SNP_N_GenomeWideSNP_6_D07_831316	1	12927856	16851514	2158	-0.0435
SERVO_p_TCGA_157_158_159_SNP_N_GenomeWideSNP_6_D07_831316	1	16869363	17005776	45	0.3091
SERVO_p_TCGA_157_158_159_SNP_N_GenomeWideSNP_6_D07_831316	1	17005978	17012741	13	-0.1566
SERVO_p_TCGA_157_158_159_SNP_N_GenomeWideSNP_6_D07_831316	1	17012785	17017078	6	0.4069
SERVO_p_TCGA_157_158_159_SNP_N_GenomeWideSNP_6_D07_831316	1	17017530	17093417	25	0.0926
SERVO_p_TCGA_157_158_159_SNP_N_GenomeWideSNP_6_D07_831316	1	17094015	17182437	15	0.4317
SERVO_p_TCGA_157_158_159_SNP_N_GenomeWideSNP_6_D07_831316	1	17190004	25583341	5330	-0.0309
SERVO_p_TCGA_157_158_159_SNP_N_GenomeWideSNP_6_D07_831316	1	25593128	25662212	31	0.4571
SERVO_p_TCGA_157_158_159_SNP_N_GenomeWideSNP_6_D07_831316	1	25663310	35091674	4965	-0.0371
SERVO_p_TCGA_157_158_159_SNP_N_GenomeWideSNP_6_D07_831316	1	35102654	35103036	6	-0.7265
SERVO_p_TCGA_157_158_159_SNP_N_GenomeWideSNP_6_D07_831316	1	35103142	35103827	5	0.0214
SERVO_p_TCGA_157_158_159_SNP_N_GenomeWideSNP_6_D07_831316	1	35103864	35104491	9	-0.663
SERVO_p_TCGA_157_158_159_SNP_N_GenomeWideSNP_6_D07_831316	1	35114268	72768916	23842	-0.0251
SERVO_p_TCGA_157_158_159_SNP_N_GenomeWideSNP_6_D07_831316	1	72768936	72811148	45	-1.0588
SERVO_p_TCGA_157_158_159_SNP_N_GenomeWideSNP_6_D07_831316	1	72811904	104163499	20073	-0.0221
SERVO_p_TCGA_157_158_159_SNP_N_GenomeWideSNP_6_D07_831316	1	104163787	104260239	24	0.3776
SERVO_p_TCGA_157_158_159_SNP_N_GenomeWideSNP_6_D07_831316	1	104261206	106013376	921	-0.0286
SERVO_p_TCGA_157_158_159_SNP_N_GenomeWideSNP_6_D07_831316	1	106019205	106024070	19	0.3745
SERVO_p_TCGA_157_158_159_SNP_N_GenomeWideSNP_6_D07_831316	1	106024090	112695965	4638	-0.0236
SERVO_p_TCGA_157_158_159_SNP_N_GenomeWideSNP_6_D07_831316	1	112696087	112697213	21	0.3716
SERVO_p_TCGA_157_158_159_SNP_N_GenomeWideSNP_6_D07_831316	1	112697241	149024808	6381	-0.0095
SERVO_p_TCGA_157_158_159_SNP_N_GenomeWideSNP_6_D07_831316	1	149036524	149273545	135	-0.4577
SERVO_p_TCGA_157_158_159_SNP_N_GenomeWideSNP_6_D07_831316	1	149274654	152759678	1726	0.0145
SERVO_p_TCGA_157_158_159_SNP_N_GenomeWideSNP_6_D07_831316	1	152761923	152768700	37	0.4147
SERVO_p_TCGA_157_158_159_SNP_N_GenomeWideSNP_6_D07_831316	1	152773905	158866573	3614	-0.0096
SERVO_p_TCGA_157_158_159_SNP_N_GenomeWideSNP_6_D07_831316	1	158868501	158869759	2	1.2745
SERVO_p_TCGA_157_158_159_SNP_N_GenomeWideSNP_6_D07_831316	1	158874818	196714873	25914	-2e-04
SERVO_p_TCGA_157_158_159_SNP_N_GenomeWideSNP_6_D07_831316	1	196727850	196801987	91	-0.3763
SERVO_p_TCGA_157_158_159_SNP_N_GenomeWideSNP_6_D07_831316	1	196802002	246240267	34198	-0.0034
SERVO_p_TCGA_157_158_159_SNP_N_GenomeWideSNP_6_D07_831316	1	246240377	246244239	5	-1.2782
SERVO_p_TCGA_157_158_159_SNP_N_GenomeWideSNP_6_D07_831316	1	246244622	249224388	1719	-0.0178
SERVO_p_TCGA_157_158_159_SNP_N_GenomeWideSNP_6_D07_831316	2	12784	4203580	2987	-0.035
SERVO_p_TCGA_157_158_159_SNP_N_GenomeWideSNP_6_D07_831316	2	4205687	4223512	38	0.3354
SERVO_p_TCGA_157_158_159_SNP_N_GenomeWideSNP_6_D07_831316	2	4223567	34520473	20979	-0.0077
SERVO_p_TCGA_157_158_159_SNP_N_GenomeWideSNP_6_D07_831316	2	34523978	34525580	2	-1.2715
SERVO_p_TCGA_157_158_159_SNP_N_GenomeWideSNP_6_D07_831316	2	34525967	89934959	36091	-0.0028
SERVO_p_TCGA_157_158_159_SNP_N_GenomeWideSNP_6_D07_831316	2	89936766	89995037	6	0.7687
SERVO_p_TCGA_157_158_159_SNP_N_GenomeWideSNP_6_D07_831316	2	89999062	106866623	6761	-0.0032
SERVO_p_TCGA_157_158_159_SNP_N_GenomeWideSNP_6_D07_831316	2	106866680	106887408	24	0.3529
SERVO_p_TCGA_157_158_159_SNP_N_GenomeWideSNP_6_D07_831316	2	106887870	129638478	13444	-0.0059
SERVO_p_TCGA_157_158_159_SNP_N_GenomeWideSNP_6_D07_831316	2	129638502	129640297	13	-0.6023
SERVO_p_TCGA_157_158_159_SNP_N_GenomeWideSNP_6_D07_831316	2	129640315	138488100	5317	-0.0064
SERVO_p_TCGA_157_158_159_SNP_N_GenomeWideSNP_6_D07_831316	2	138489527	138495247	2	-1.3762
SERVO_p_TCGA_157_158_159_SNP_N_GenomeWideSNP_6_D07_831316	2	138495892	146862085	5153	-0.0089
SERVO_p_TCGA_157_158_159_SNP_N_GenomeWideSNP_6_D07_831316	2	146864404	146866707	21	0.5579
SERVO_p_TCGA_157_158_159_SNP_N_GenomeWideSNP_6_D07_831316	2	146866798	208354955	36986	0.0073
SERVO_p_TCGA_157_158_159_SNP_N_GenomeWideSNP_6_D07_831316	2	208355178	208359560	19	-0.5744
SERVO_p_TCGA_157_158_159_SNP_N_GenomeWideSNP_6_D07_831316	2	208359796	228240198	12916	-0.0042
SERVO_p_TCGA_157_158_159_SNP_N_GenomeWideSNP_6_D07_831316	2	228246529	228254272	6	0.8925
SERVO_p_TCGA_157_158_159_SNP_N_GenomeWideSNP_6_D07_831316	2	228258857	243089456	9205	-0.0093
SERVO_p_TCGA_157_158_159_SNP_N_GenomeWideSNP_6_D07_831316	3	60345	6646543	5843	-0.0273
SERVO_p_TCGA_157_158_159_SNP_N_GenomeWideSNP_6_D07_831316	3	6651128	6653244	22	-0.6913
SERVO_p_TCGA_157_158_159_SNP_N_GenomeWideSNP_6_D07_831316	3	6653332	8821804	1889	-0.0074
SERVO_p_TCGA_157_158_159_SNP_N_GenomeWideSNP_6_D07_831316	3	8825367	8856500	25	0.6354
SERVO_p_TCGA_157_158_159_SNP_N_GenomeWideSNP_6_D07_831316	3	8856583	68746284	40062	-0.0046
SERVO_p_TCGA_157_158_159_SNP_N_GenomeWideSNP_6_D07_831316	3	68746446	68747329	10	0.8701
SERVO_p_TCGA_157_158_159_SNP_N_GenomeWideSNP_6_D07_831316	3	68747364	75449833	4884	-0.0093
SERVO_p_TCGA_157_158_159_SNP_N_GenomeWideSNP_6_D07_831316	3	75452285	75545172	44	-0.6464
SERVO_p_TCGA_157_158_159_SNP_N_GenomeWideSNP_6_D07_831316	3	75545822	75681210	32	-0.1154
SERVO_p_TCGA_157_158_159_SNP_N_GenomeWideSNP_6_D07_831316	3	75682318	75788459	35	0.2644
SERVO_p_TCGA_157_158_159_SNP_N_GenomeWideSNP_6_D07_831316	3	75792056	85534571	5454	-0.0039
SERVO_p_TCGA_157_158_159_SNP_N_GenomeWideSNP_6_D07_831316	3	85537555	85625019	52	-0.2379
SERVO_p_TCGA_157_158_159_SNP_N_GenomeWideSNP_6_D07_831316	3	85628848	97568352	4642	-0.0051
SERVO_p_TCGA_157_158_159_SNP_N_GenomeWideSNP_6_D07_831316	3	97570864	97572766	2	-1.1181
SERVO_p_TCGA_157_158_159_SNP_N_GenomeWideSNP_6_D07_831316	3	97574921	100794301	1924	-0.0015
SERVO_p_TCGA_157_158_159_SNP_N_GenomeWideSNP_6_D07_831316	3	100796370	100796879	2	-1.2222
SERVO_p_TCGA_157_158_159_SNP_N_GenomeWideSNP_6_D07_831316	3	100797628	129761124	17661	0.0021
SERVO_p_TCGA_157_158_159_SNP_N_GenomeWideSNP_6_D07_831316	3	129762859	129806236	53	0.4567
SERVO_p_TCGA_157_158_159_SNP_N_GenomeWideSNP_6_D07_831316	3	129806924	162508268	20285	-0.003
SERVO_p_TCGA_157_158_159_SNP_N_GenomeWideSNP_6_D07_831316	3	162512657	162623853	66	0.3532
SERVO_p_TCGA_157_158_159_SNP_N_GenomeWideSNP_6_D07_831316	3	162623881	162714517	76	-0.0956
SERVO_p_TCGA_157_158_159_SNP_N_GenomeWideSNP_6_D07_831316	3	162717727	162719562	2	-2.3525
SERVO_p_TCGA_157_158_159_SNP_N_GenomeWideSNP_6_D07_831316	3	162726159	182304544	11885	0.0052
SERVO_p_TCGA_157_158_159_SNP_N_GenomeWideSNP_6_D07_831316	3	182308911	182309675	2	-1.3022
SERVO_p_TCGA_157_158_159_SNP_N_GenomeWideSNP_6_D07_831316	3	182319303	192874747	7222	-4e-04
SERVO_p_TCGA_157_158_159_SNP_N_GenomeWideSNP_6_D07_831316	3	192877902	192879006	7	1.0045
SERVO_p_TCGA_157_158_159_SNP_N_GenomeWideSNP_6_D07_831316	3	192880473	195383142	1499	0.011
SERVO_p_TCGA_157_158_159_SNP_N_GenomeWideSNP_6_D07_831316	3	195390680	195456048	35	0.4312
SERVO_p_TCGA_157_158_159_SNP_N_GenomeWideSNP_6_D07_831316	3	195456889	195464315	6	0.044
SERVO_p_TCGA_157_158_159_SNP_N_GenomeWideSNP_6_D07_831316	3	195464507	195474763	5	0.4255
SERVO_p_TCGA_157_158_159_SNP_N_GenomeWideSNP_6_D07_831316	3	195478694	196261177	345	-0.0291
SERVO_p_TCGA_157_158_159_SNP_N_GenomeWideSNP_6_D07_831316	3	196262194	196264713	2	-1.1858
SERVO_p_TCGA_157_158_159_SNP_N_GenomeWideSNP_6_D07_831316	3	196264893	196752723	246	0.0389
SERVO_p_TCGA_157_158_159_SNP_N_GenomeWideSNP_6_D07_831316	3	196766772	196767854	3	-0.7772
SERVO_p_TCGA_157_158_159_SNP_N_GenomeWideSNP_6_D07_831316	3	196768085	197896118	578	0.0273
SERVO_p_TCGA_157_158_159_SNP_N_GenomeWideSNP_6_D07_831316	4	12281	5167917	2520	-0.0322
SERVO_p_TCGA_157_158_159_SNP_N_GenomeWideSNP_6_D07_831316	4	5170961	5179702	3	-1.4622
SERVO_p_TCGA_157_158_159_SNP_N_GenomeWideSNP_6_D07_831316	4	5181189	10210390	3274	-0.0374
SERVO_p_TCGA_157_158_159_SNP_N_GenomeWideSNP_6_D07_831316	4	10223416	10231498	28	1.6401
SERVO_p_TCGA_157_158_159_SNP_N_GenomeWideSNP_6_D07_831316	4	10234214	34786500	16990	-0.0286
SERVO_p_TCGA_157_158_159_SNP_N_GenomeWideSNP_6_D07_831316	4	34786955	34831818	43	-0.3465
SERVO_p_TCGA_157_158_159_SNP_N_GenomeWideSNP_6_D07_831316	4	34831867	69372003	19478	-0.0208
SERVO_p_TCGA_157_158_159_SNP_N_GenomeWideSNP_6_D07_831316	4	69374941	69485979	64	-1.1731
SERVO_p_TCGA_157_158_159_SNP_N_GenomeWideSNP_6_D07_831316	4	69489335	109609294	24230	-0.014
SERVO_p_TCGA_157_158_159_SNP_N_GenomeWideSNP_6_D07_831316	4	109609309	109610715	4	-1.5378
SERVO_p_TCGA_157_158_159_SNP_N_GenomeWideSNP_6_D07_831316	4	109611560	115173563	3494	-0.0117
SERVO_p_TCGA_157_158_159_SNP_N_GenomeWideSNP_6_D07_831316	4	115173589	115182175	28	0.4907
SERVO_p_TCGA_157_158_159_SNP_N_GenomeWideSNP_6_D07_831316	4	115184229	116166104	612	-7e-04
SERVO_p_TCGA_157_158_159_SNP_N_GenomeWideSNP_6_D07_831316	4	116172611	116176125	22	-0.4695
SERVO_p_TCGA_157_158_159_SNP_N_GenomeWideSNP_6_D07_831316	4	116180182	130062751	8099	-0.0242
SERVO_p_TCGA_157_158_159_SNP_N_GenomeWideSNP_6_D07_831316	4	130067546	130068160	2	-2.1013
SERVO_p_TCGA_157_158_159_SNP_N_GenomeWideSNP_6_D07_831316	4	130072563	170844144	25016	-0.0184
SERVO_p_TCGA_157_158_159_SNP_N_GenomeWideSNP_6_D07_831316	4	170844480	170847041	4	-0.9991
SERVO_p_TCGA_157_158_159_SNP_N_GenomeWideSNP_6_D07_831316	4	170847532	172369346	968	-0.0209
SERVO_p_TCGA_157_158_159_SNP_N_GenomeWideSNP_6_D07_831316	4	172374884	172377724	11	0.9418
SERVO_p_TCGA_157_158_159_SNP_N_GenomeWideSNP_6_D07_831316	4	172377776	172987928	398	0.0026
SERVO_p_TCGA_157_158_159_SNP_N_GenomeWideSNP_6_D07_831316	4	172989148	172989505	10	-1.3725
SERVO_p_TCGA_157_158_159_SNP_N_GenomeWideSNP_6_D07_831316	4	172989519	189221258	10935	-0.034
SERVO_p_TCGA_157_158_159_SNP_N_GenomeWideSNP_6_D07_831316	4	189221360	189221375	2	-1.4734
SERVO_p_TCGA_157_158_159_SNP_N_GenomeWideSNP_6_D07_831316	4	189221424	191027923	1177	-0.0344
SERVO_p_TCGA_157_158_159_SNP_N_GenomeWideSNP_6_D07_831316	5	15532	11161625	9124	-0.0331
SERVO_p_TCGA_157_158_159_SNP_N_GenomeWideSNP_6_D07_831316	5	11162636	11162771	3	-2.2167
SERVO_p_TCGA_157_158_159_SNP_N_GenomeWideSNP_6_D07_831316	5	11167277	12815780	1085	-0.0398
SERVO_p_TCGA_157_158_159_SNP_N_GenomeWideSNP_6_D07_831316	5	12815865	12838533	13	0.5269
SERVO_p_TCGA_157_158_159_SNP_N_GenomeWideSNP_6_D07_831316	5	12849201	25821685	8087	-0.0108
SERVO_p_TCGA_157_158_159_SNP_N_GenomeWideSNP_6_D07_831316	5	25821882	25822027	2	-3.9739
SERVO_p_TCGA_157_158_159_SNP_N_GenomeWideSNP_6_D07_831316	5	25824488	34083642	5370	-0.0108
SERVO_p_TCGA_157_158_159_SNP_N_GenomeWideSNP_6_D07_831316	5	34087506	34089289	2	-1.7311
SERVO_p_TCGA_157_158_159_SNP_N_GenomeWideSNP_6_D07_831316	5	34091248	103851221	39078	-6e-04
SERVO_p_TCGA_157_158_159_SNP_N_GenomeWideSNP_6_D07_831316	5	103860373	103860604	4	-1.0292
SERVO_p_TCGA_157_158_159_SNP_N_GenomeWideSNP_6_D07_831316	5	103861049	150202205	29815	-5e-04
SERVO_p_TCGA_157_158_159_SNP_N_GenomeWideSNP_6_D07_831316	5	150205500	150218604	8	-1.3885
SERVO_p_TCGA_157_158_159_SNP_N_GenomeWideSNP_6_D07_831316	5	150223387	180374523	20283	-0.0132
SERVO_p_TCGA_157_158_159_SNP_N_GenomeWideSNP_6_D07_831316	5	180378710	180418103	19	-1.5864
SERVO_p_TCGA_157_158_159_SNP_N_GenomeWideSNP_6_D07_831316	5	180433225	180790320	170	-0.0381
SERVO_p_TCGA_157_158_159_SNP_N_GenomeWideSNP_6_D07_831316	6	149661	294837	124	-0.0114
SERVO_p_TCGA_157_158_159_SNP_N_GenomeWideSNP_6_D07_831316	6	302306	381149	78	0.3598
SERVO_p_TCGA_157_158_159_SNP_N_GenomeWideSNP_6_D07_831316	6	382559	31286305	22220	-0.0069
SERVO_p_TCGA_157_158_159_SNP_N_GenomeWideSNP_6_D07_831316	6	31286531	31296451	9	1.2125
SERVO_p_TCGA_157_158_159_SNP_N_GenomeWideSNP_6_D07_831316	6	31309924	32431292	502	0.0301
SERVO_p_TCGA_157_158_159_SNP_N_GenomeWideSNP_6_D07_831316	6	32431552	32605576	62	0.7199
SERVO_p_TCGA_157_158_159_SNP_N_GenomeWideSNP_6_D07_831316	6	32605884	32690027	56	0.1504
SERVO_p_TCGA_157_158_159_SNP_N_GenomeWideSNP_6_D07_831316	6	32690797	32690830	3	1.1541
SERVO_p_TCGA_157_158_159_SNP_N_GenomeWideSNP_6_D07_831316	6	32692227	35752792	1716	-0.0158
SERVO_p_TCGA_157_158_159_SNP_N_GenomeWideSNP_6_D07_831316	6	35756850	35769721	5	0.8043
SERVO_p_TCGA_157_158_159_SNP_N_GenomeWideSNP_6_D07_831316	6	35775499	58422642	14388	0.0021
SERVO_p_TCGA_157_158_159_SNP_N_GenomeWideSNP_6_D07_831316	6	58426052	58427069	5	-0.7693
SERVO_p_TCGA_157_158_159_SNP_N_GenomeWideSNP_6_D07_831316	6	58432574	65710729	2171	0.008
SERVO_p_TCGA_157_158_159_SNP_N_GenomeWideSNP_6_D07_831316	6	65711399	65713792	3	-1.2447
SERVO_p_TCGA_157_158_159_SNP_N_GenomeWideSNP_6_D07_831316	6	65717384	67008262	863	0.0136
SERVO_p_TCGA_157_158_159_SNP_N_GenomeWideSNP_6_D07_831316	6	67008286	67048629	56	-0.6695
SERVO_p_TCGA_157_158_159_SNP_N_GenomeWideSNP_6_D07_831316	6	67049406	73760758	4498	-0.0019
SERVO_p_TCGA_157_158_159_SNP_N_GenomeWideSNP_6_D07_831316	6	73761831	73761877	2	-1.0813
SERVO_p_TCGA_157_158_159_SNP_N_GenomeWideSNP_6_D07_831316	6	73765813	77436532	2278	0.004
SERVO_p_TCGA_157_158_159_SNP_N_GenomeWideSNP_6_D07_831316	6	77439868	77467931	23	-0.4878
SERVO_p_TCGA_157_158_159_SNP_N_GenomeWideSNP_6_D07_831316	6	77468466	78971834	984	-0.0075
SERVO_p_TCGA_157_158_159_SNP_N_GenomeWideSNP_6_D07_831316	6	78972088	79035174	104	-0.5476
SERVO_p_TCGA_157_158_159_SNP_N_GenomeWideSNP_6_D07_831316	6	79035185	81277987	1431	0.0061
SERVO_p_TCGA_157_158_159_SNP_N_GenomeWideSNP_6_D07_831316	6	81284189	81289534	33	-0.6839
SERVO_p_TCGA_157_158_159_SNP_N_GenomeWideSNP_6_D07_831316	6	81294341	134266268	33143	-3e-04
SERVO_p_TCGA_157_158_159_SNP_N_GenomeWideSNP_6_D07_831316	6	134269071	134269632	2	-1.6453
SERVO_p_TCGA_157_158_159_SNP_N_GenomeWideSNP_6_D07_831316	6	134272072	171051005	25148	-0.0066
SERVO_p_TCGA_157_158_159_SNP_N_GenomeWideSNP_6_D07_831316	7	43355	54386505	38554	0.0021
SERVO_p_TCGA_157_158_159_SNP_N_GenomeWideSNP_6_D07_831316	7	54386509	54386517	5	2.1495
SERVO_p_TCGA_157_158_159_SNP_N_GenomeWideSNP_6_D07_831316	7	54393488	70315067	6230	-8e-04
SERVO_p_TCGA_157_158_159_SNP_N_GenomeWideSNP_6_D07_831316	7	70315873	70364513	34	0.5405
SERVO_p_TCGA_157_158_159_SNP_N_GenomeWideSNP_6_D07_831316	7	70365243	97401932	15894	0.0071
SERVO_p_TCGA_157_158_159_SNP_N_GenomeWideSNP_6_D07_831316	7	97401959	97402475	7	-0.7298
SERVO_p_TCGA_157_158_159_SNP_N_GenomeWideSNP_6_D07_831316	7	97404240	109441244	6656	0.0064
SERVO_p_TCGA_157_158_159_SNP_N_GenomeWideSNP_6_D07_831316	7	109441629	109453910	10	-0.5178
SERVO_p_TCGA_157_158_159_SNP_N_GenomeWideSNP_6_D07_831316	7	109453982	117788815	5123	0.0162
SERVO_p_TCGA_157_158_159_SNP_N_GenomeWideSNP_6_D07_831316	7	117792508	117793000	3	-1.2431
SERVO_p_TCGA_157_158_159_SNP_N_GenomeWideSNP_6_D07_831316	7	117814202	126044974	4908	0.0103
SERVO_p_TCGA_157_158_159_SNP_N_GenomeWideSNP_6_D07_831316	7	126045482	126046877	14	0.6746
SERVO_p_TCGA_157_158_159_SNP_N_GenomeWideSNP_6_D07_831316	7	126046878	133785177	4702	0.0076
SERVO_p_TCGA_157_158_159_SNP_N_GenomeWideSNP_6_D07_831316	7	133785195	133798543	33	0.6322
SERVO_p_TCGA_157_158_159_SNP_N_GenomeWideSNP_6_D07_831316	7	133798558	141770509	5209	-0.0024
SERVO_p_TCGA_157_158_159_SNP_N_GenomeWideSNP_6_D07_831316	7	141770532	141799117	37	0.4203
SERVO_p_TCGA_157_158_159_SNP_N_GenomeWideSNP_6_D07_831316	7	141799160	142474939	447	0.0257
SERVO_p_TCGA_157_158_159_SNP_N_GenomeWideSNP_6_D07_831316	7	142476719	142486045	27	-1.6219
SERVO_p_TCGA_157_158_159_SNP_N_GenomeWideSNP_6_D07_831316	7	142486115	143931078	848	-0.0113
SERVO_p_TCGA_157_158_159_SNP_N_GenomeWideSNP_6_D07_831316	7	143931103	144050933	32	-0.3339
SERVO_p_TCGA_157_158_159_SNP_N_GenomeWideSNP_6_D07_831316	7	144051231	153147638	5577	-0.0059
SERVO_p_TCGA_157_158_159_SNP_N_GenomeWideSNP_6_D07_831316	7	153147645	153147712	2	-2.3785
SERVO_p_TCGA_157_158_159_SNP_N_GenomeWideSNP_6_D07_831316	7	153147715	154389895	866	-0.0081
SERVO_p_TCGA_157_158_159_SNP_N_GenomeWideSNP_6_D07_831316	7	154393171	154399613	4	-1.5033
SERVO_p_TCGA_157_158_159_SNP_N_GenomeWideSNP_6_D07_831316	7	154400830	156391790	1610	-0.0175
SERVO_p_TCGA_157_158_159_SNP_N_GenomeWideSNP_6_D07_831316	7	156393168	156394179	3	-0.9974
SERVO_p_TCGA_157_158_159_SNP_N_GenomeWideSNP_6_D07_831316	7	156394908	159127004	1631	-0.0016
SERVO_p_TCGA_157_158_159_SNP_N_GenomeWideSNP_6_D07_831316	8	31254	112796	3	0.5775
SERVO_p_TCGA_157_158_159_SNP_N_GenomeWideSNP_6_D07_831316	8	113380	593041	324	-0.0148
SERVO_p_TCGA_157_158_159_SNP_N_GenomeWideSNP_6_D07_831316	8	594944	595875	8	0.9335
SERVO_p_TCGA_157_158_159_SNP_N_GenomeWideSNP_6_D07_831316	8	595892	595908	2	3.3944
SERVO_p_TCGA_157_158_159_SNP_N_GenomeWideSNP_6_D07_831316	8	601043	2184964	1283	-0.045
SERVO_p_TCGA_157_158_159_SNP_N_GenomeWideSNP_6_D07_831316	8	2193927	2247688	30	0.6476
SERVO_p_TCGA_157_158_159_SNP_N_GenomeWideSNP_6_D07_831316	8	2247827	2259358	13	0.1395
SERVO_p_TCGA_157_158_159_SNP_N_GenomeWideSNP_6_D07_831316	8	2270328	2460407	207	0.5025
SERVO_p_TCGA_157_158_159_SNP_N_GenomeWideSNP_6_D07_831316	8	2462162	2701934	253	-0.017
SERVO_p_TCGA_157_158_159_SNP_N_GenomeWideSNP_6_D07_831316	8	2703533	2703899	7	-1.0864
SERVO_p_TCGA_157_158_159_SNP_N_GenomeWideSNP_6_D07_831316	8	2707171	3906209	1515	-0.0475
SERVO_p_TCGA_157_158_159_SNP_N_GenomeWideSNP_6_D07_831316	8	3907807	3907841	2	-5.6621
SERVO_p_TCGA_157_158_159_SNP_N_GenomeWideSNP_6_D07_831316	8	3908317	3908450	3	-1.1215
SERVO_p_TCGA_157_158_159_SNP_N_GenomeWideSNP_6_D07_831316	8	3910096	5594267	2445	-0.0458
SERVO_p_TCGA_157_158_159_SNP_N_GenomeWideSNP_6_D07_831316	8	5598726	5604495	27	-0.582
SERVO_p_TCGA_157_158_159_SNP_N_GenomeWideSNP_6_D07_831316	8	5607088	8283667	2133	0.0073
SERVO_p_TCGA_157_158_159_SNP_N_GenomeWideSNP_6_D07_831316	8	8287045	8291357	6	-0.715
SERVO_p_TCGA_157_158_159_SNP_N_GenomeWideSNP_6_D07_831316	8	8291745	11895245	3028	-0.0167
SERVO_p_TCGA_157_158_159_SNP_N_GenomeWideSNP_6_D07_831316	8	11934660	12162739	11	0.5019
SERVO_p_TCGA_157_158_159_SNP_N_GenomeWideSNP_6_D07_831316	8	12162782	12198254	6	0.0116
SERVO_p_TCGA_157_158_159_SNP_N_GenomeWideSNP_6_D07_831316	8	12216009	12241505	20	-0.6062
SERVO_p_TCGA_157_158_159_SNP_N_GenomeWideSNP_6_D07_831316	8	12241813	24974476	10507	-0.0171
SERVO_p_TCGA_157_158_159_SNP_N_GenomeWideSNP_6_D07_831316	8	24974522	24984223	23	-1.66
SERVO_p_TCGA_157_158_159_SNP_N_GenomeWideSNP_6_D07_831316	8	24984250	39230659	9032	-0.0118
SERVO_p_TCGA_157_158_159_SNP_N_GenomeWideSNP_6_D07_831316	8	39235603	39386965	58	-1.814
SERVO_p_TCGA_157_158_159_SNP_N_GenomeWideSNP_6_D07_831316	8	39388299	103992590	37040	-0.0051
SERVO_p_TCGA_157_158_159_SNP_N_GenomeWideSNP_6_D07_831316	8	103994911	103997435	3	-2.69
SERVO_p_TCGA_157_158_159_SNP_N_GenomeWideSNP_6_D07_831316	8	103998546	109780588	3629	-0.0158
SERVO_p_TCGA_157_158_159_SNP_N_GenomeWideSNP_6_D07_831316	8	109780654	109780828	2	-1.2474
SERVO_p_TCGA_157_158_159_SNP_N_GenomeWideSNP_6_D07_831316	8	109786898	112294646	1361	-0.009
SERVO_p_TCGA_157_158_159_SNP_N_GenomeWideSNP_6_D07_831316	8	112294670	112295245	5	-1.5541
SERVO_p_TCGA_157_158_159_SNP_N_GenomeWideSNP_6_D07_831316	8	112295260	137893470	17938	-0.0034
SERVO_p_TCGA_157_158_159_SNP_N_GenomeWideSNP_6_D07_831316	8	137894500	137894514	2	-1.5162
SERVO_p_TCGA_157_158_159_SNP_N_GenomeWideSNP_6_D07_831316	8	137900733	144304632	4339	-0.0279
SERVO_p_TCGA_157_158_159_SNP_N_GenomeWideSNP_6_D07_831316	8	144309755	144310383	7	0.6256
SERVO_p_TCGA_157_158_159_SNP_N_GenomeWideSNP_6_D07_831316	8	144310437	144699157	122	-0.0091
SERVO_p_TCGA_157_158_159_SNP_N_GenomeWideSNP_6_D07_831316	8	144705157	144706884	6	0.6716
SERVO_p_TCGA_157_158_159_SNP_N_GenomeWideSNP_6_D07_831316	8	144706978	146298155	507	0.0095
SERVO_p_TCGA_157_158_159_SNP_N_GenomeWideSNP_6_D07_831316	9	46587	5078423	5247	0.3059
SERVO_p_TCGA_157_158_159_SNP_N_GenomeWideSNP_6_D07_831316	9	5078443	5082995	13	0.7611
SERVO_p_TCGA_157_158_159_SNP_N_GenomeWideSNP_6_D07_831316	9	5083003	7226519	1657	0.318
SERVO_p_TCGA_157_158_159_SNP_N_GenomeWideSNP_6_D07_831316	9	7226609	7232797	11	-1.2536
SERVO_p_TCGA_157_158_159_SNP_N_GenomeWideSNP_6_D07_831316	9	7237331	22492889	12941	0.3023
SERVO_p_TCGA_157_158_159_SNP_N_GenomeWideSNP_6_D07_831316	9	22501913	22502699	2	-2.7132
SERVO_p_TCGA_157_158_159_SNP_N_GenomeWideSNP_6_D07_831316	9	22509340	44272951	11587	0.2978
SERVO_p_TCGA_157_158_159_SNP_N_GenomeWideSNP_6_D07_831316	9	44273241	44875942	48	0.1109
SERVO_p_TCGA_157_158_159_SNP_N_GenomeWideSNP_6_D07_831316	9	44888127	80275143	7276	0.3195
SERVO_p_TCGA_157_158_159_SNP_N_GenomeWideSNP_6_D07_831316	9	80276495	80276608	2	1.67
SERVO_p_TCGA_157_158_159_SNP_N_GenomeWideSNP_6_D07_831316	9	80277516	141091394	41117	0.2969
SERVO_p_TCGA_157_158_159_SNP_N_GenomeWideSNP_6_D07_831316	10	72759	27226098	21227	-0.0153
SERVO_p_TCGA_157_158_159_SNP_N_GenomeWideSNP_6_D07_831316	10	27226804	27230737	13	0.4289
SERVO_p_TCGA_157_158_159_SNP_N_GenomeWideSNP_6_D07_831316	10	27231610	43612872	8498	-0.0104
SERVO_p_TCGA_157_158_159_SNP_N_GenomeWideSNP_6_D07_831316	10	43612965	43615505	16	-0.4519
SERVO_p_TCGA_157_158_159_SNP_N_GenomeWideSNP_6_D07_831316	10	43617104	47016677	1860	-0.0106
SERVO_p_TCGA_157_158_159_SNP_N_GenomeWideSNP_6_D07_831316	10	47020176	47077739	49	0.413
SERVO_p_TCGA_157_158_159_SNP_N_GenomeWideSNP_6_D07_831316	10	47077958	47541189	62	0.1639
SERVO_p_TCGA_157_158_159_SNP_N_GenomeWideSNP_6_D07_831316	10	47542094	47743516	190	0.5037
SERVO_p_TCGA_157_158_159_SNP_N_GenomeWideSNP_6_D07_831316	10	47771030	111612577	41873	-0.0047
SERVO_p_TCGA_157_158_159_SNP_N_GenomeWideSNP_6_D07_831316	10	111612666	111614293	3	-1.4824
SERVO_p_TCGA_157_158_159_SNP_N_GenomeWideSNP_6_D07_831316	10	111617982	135234175	17088	-0.0156
SERVO_p_TCGA_157_158_159_SNP_N_GenomeWideSNP_6_D07_831316	10	135234192	135387867	113	0.5409
SERVO_p_TCGA_157_158_159_SNP_N_GenomeWideSNP_6_D07_831316	10	135387875	135403842	9	0.1999
SERVO_p_TCGA_157_158_159_SNP_N_GenomeWideSNP_6_D07_831316	10	135404536	135434551	21	-0.1032
SERVO_p_TCGA_157_158_159_SNP_N_GenomeWideSNP_6_D07_831316	10	135449357	135506704	5	0.3201
SERVO_p_TCGA_157_158_159_SNP_N_GenomeWideSNP_6_D07_831316	11	198510	2141586	693	-0.0223
SERVO_p_TCGA_157_158_159_SNP_N_GenomeWideSNP_6_D07_831316	11	2152220	2234169	24	0.5227
SERVO_p_TCGA_157_158_159_SNP_N_GenomeWideSNP_6_D07_831316	11	2238396	5783682	2583	-0.011
SERVO_p_TCGA_157_158_159_SNP_N_GenomeWideSNP_6_D07_831316	11	5783923	5809139	34	0.3534
SERVO_p_TCGA_157_158_159_SNP_N_GenomeWideSNP_6_D07_831316	11	5809338	18933049	9410	-0.0011
SERVO_p_TCGA_157_158_159_SNP_N_GenomeWideSNP_6_D07_831316	11	18933912	18971380	74	0.2541
SERVO_p_TCGA_157_158_159_SNP_N_GenomeWideSNP_6_D07_831316	11	18971413	134944770	74265	-0.0099
SERVO_p_TCGA_157_158_159_SNP_N_GenomeWideSNP_6_D07_831316	12	150442	9633870	6196	-0.0086
SERVO_p_TCGA_157_158_159_SNP_N_GenomeWideSNP_6_D07_831316	12	9637909	9728292	24	2.0955
SERVO_p_TCGA_157_158_159_SNP_N_GenomeWideSNP_6_D07_831316	12	9734969	10580460	634	-0.0273
SERVO_p_TCGA_157_158_159_SNP_N_GenomeWideSNP_6_D07_831316	12	10583367	10586795	2	-1.4485
SERVO_p_TCGA_157_158_159_SNP_N_GenomeWideSNP_6_D07_831316	12	10587320	11504091	550	-0.009
SERVO_p_TCGA_157_158_159_SNP_N_GenomeWideSNP_6_D07_831316	12	11511577	11543406	32	0.7595
SERVO_p_TCGA_157_158_159_SNP_N_GenomeWideSNP_6_D07_831316	12	11552192	48725042	22783	-0.0014
SERVO_p_TCGA_157_158_159_SNP_N_GenomeWideSNP_6_D07_831316	12	48725239	48725415	3	-1.4676
SERVO_p_TCGA_157_158_159_SNP_N_GenomeWideSNP_6_D07_831316	12	48730036	108771649	38166	4e-04
SERVO_p_TCGA_157_158_159_SNP_N_GenomeWideSNP_6_D07_831316	12	108774549	108774839	2	-1.3953
SERVO_p_TCGA_157_158_159_SNP_N_GenomeWideSNP_6_D07_831316	12	108777022	133778189	16615	-0.0182
SERVO_p_TCGA_157_158_159_SNP_N_GenomeWideSNP_6_D07_831316	13	19026949	23633131	2901	0.0439
SERVO_p_TCGA_157_158_159_SNP_N_GenomeWideSNP_6_D07_831316	13	23633148	23633515	5	-0.7031
SERVO_p_TCGA_157_158_159_SNP_N_GenomeWideSNP_6_D07_831316	13	23638195	30212446	5008	0.0546
SERVO_p_TCGA_157_158_159_SNP_N_GenomeWideSNP_6_D07_831316	13	30212940	30213039	2	-1.5171
SERVO_p_TCGA_157_158_159_SNP_N_GenomeWideSNP_6_D07_831316	13	30213872	32532622	1719	0.0702
SERVO_p_TCGA_157_158_159_SNP_N_GenomeWideSNP_6_D07_831316	13	32532727	32538423	17	-0.9158
SERVO_p_TCGA_157_158_159_SNP_N_GenomeWideSNP_6_D07_831316	13	32540047	82303749	32288	0.0563
SERVO_p_TCGA_157_158_159_SNP_N_GenomeWideSNP_6_D07_831316	13	82309215	82309443	2	-1.396
SERVO_p_TCGA_157_158_159_SNP_N_GenomeWideSNP_6_D07_831316	13	82314815	115108397	22321	0.0528
SERVO_p_TCGA_157_158_159_SNP_N_GenomeWideSNP_6_D07_831316	14	19002124	41608358	13825	-0.0178
SERVO_p_TCGA_157_158_159_SNP_N_GenomeWideSNP_6_D07_831316	14	41610496	41629242	7	-1.3524
SERVO_p_TCGA_157_158_159_SNP_N_GenomeWideSNP_6_D07_831316	14	41633385	41653977	5	-3.728
SERVO_p_TCGA_157_158_159_SNP_N_GenomeWideSNP_6_D07_831316	14	41657249	61701465	12564	-0.023
SERVO_p_TCGA_157_158_159_SNP_N_GenomeWideSNP_6_D07_831316	14	61701500	61719983	18	0.4345
SERVO_p_TCGA_157_158_159_SNP_N_GenomeWideSNP_6_D07_831316	14	61726662	70018047	5259	-0.0179
SERVO_p_TCGA_157_158_159_SNP_N_GenomeWideSNP_6_D07_831316	14	70018368	70022467	8	-0.7457
SERVO_p_TCGA_157_158_159_SNP_N_GenomeWideSNP_6_D07_831316	14	70022713	74006707	2626	-0.0161
SERVO_p_TCGA_157_158_159_SNP_N_GenomeWideSNP_6_D07_831316	14	74006851	74017521	5	-1.0673
SERVO_p_TCGA_157_158_159_SNP_N_GenomeWideSNP_6_D07_831316	14	74017538	106460902	20782	-0.0264
SERVO_p_TCGA_157_158_159_SNP_N_GenomeWideSNP_6_D07_831316	14	106479675	106487040	5	-1.0455
SERVO_p_TCGA_157_158_159_SNP_N_GenomeWideSNP_6_D07_831316	14	106488191	106796025	138	0.0159
SERVO_p_TCGA_157_158_159_SNP_N_GenomeWideSNP_6_D07_831316	14	106796228	106821736	10	0.5781
SERVO_p_TCGA_157_158_159_SNP_N_GenomeWideSNP_6_D07_831316	14	106825916	106879831	30	-0.0266
SERVO_p_TCGA_157_158_159_SNP_N_GenomeWideSNP_6_D07_831316	14	106881352	106918108	50	-0.417
SERVO_p_TCGA_157_158_159_SNP_N_GenomeWideSNP_6_D07_831316	14	106918649	107285437	224	0.0191
SERVO_p_TCGA_157_158_159_SNP_N_GenomeWideSNP_6_D07_831316	15	20016328	30523577	5138	-0.008
SERVO_p_TCGA_157_158_159_SNP_N_GenomeWideSNP_6_D07_831316	15	30544923	30561567	8	0.6088
SERVO_p_TCGA_157_158_159_SNP_N_GenomeWideSNP_6_D07_831316	15	30562770	30821758	64	0.0878
SERVO_p_TCGA_157_158_159_SNP_N_GenomeWideSNP_6_D07_831316	15	30887956	30900878	2	1.4741
SERVO_p_TCGA_157_158_159_SNP_N_GenomeWideSNP_6_D07_831316	15	30913587	76891511	29126	-0.0047
SERVO_p_TCGA_157_158_159_SNP_N_GenomeWideSNP_6_D07_831316	15	76891627	76892225	9	-2.1515
SERVO_p_TCGA_157_158_159_SNP_N_GenomeWideSNP_6_D07_831316	15	76895064	76895775	11	-0.8181
SERVO_p_TCGA_157_158_159_SNP_N_GenomeWideSNP_6_D07_831316	15	76902179	79473031	1376	-0.012
SERVO_p_TCGA_157_158_159_SNP_N_GenomeWideSNP_6_D07_831316	15	79478182	79491722	17	-0.9415
SERVO_p_TCGA_157_158_159_SNP_N_GenomeWideSNP_6_D07_831316	15	79494590	84540181	3040	-0.0116
SERVO_p_TCGA_157_158_159_SNP_N_GenomeWideSNP_6_D07_831316	15	84540717	84543550	7	-0.7676
SERVO_p_TCGA_157_158_159_SNP_N_GenomeWideSNP_6_D07_831316	15	84547277	102469040	13237	-0.0113
SERVO_p_TCGA_157_158_159_SNP_N_GenomeWideSNP_6_D07_831316	16	60777	12648859	9423	-0.02
SERVO_p_TCGA_157_158_159_SNP_N_GenomeWideSNP_6_D07_831316	16	12648978	12648995	2	1.6487
SERVO_p_TCGA_157_158_159_SNP_N_GenomeWideSNP_6_D07_831316	16	12650247	14751056	1675	-0.0159
SERVO_p_TCGA_157_158_159_SNP_N_GenomeWideSNP_6_D07_831316	16	14752209	15087173	77	0.2632
SERVO_p_TCGA_157_158_159_SNP_N_GenomeWideSNP_6_D07_831316	16	15087174	19949329	2354	3e-04
SERVO_p_TCGA_157_158_159_SNP_N_GenomeWideSNP_6_D07_831316	16	19949505	19965349	18	0.5234
SERVO_p_TCGA_157_158_159_SNP_N_GenomeWideSNP_6_D07_831316	16	19965832	21412403	909	0.0094
SERVO_p_TCGA_157_158_159_SNP_N_GenomeWideSNP_6_D07_831316	16	21515074	21591340	22	-0.5659
SERVO_p_TCGA_157_158_159_SNP_N_GenomeWideSNP_6_D07_831316	16	21593455	22577590	371	0.0194
SERVO_p_TCGA_157_158_159_SNP_N_GenomeWideSNP_6_D07_831316	16	22577603	22704520	63	-0.8052
SERVO_p_TCGA_157_158_159_SNP_N_GenomeWideSNP_6_D07_831316	16	22710742	55796594	12397	-0.013
SERVO_p_TCGA_157_158_159_SNP_N_GenomeWideSNP_6_D07_831316	16	55798222	55798779	3	1.9883
SERVO_p_TCGA_157_158_159_SNP_N_GenomeWideSNP_6_D07_831316	16	55804348	78371608	14441	-0.0185
SERVO_p_TCGA_157_158_159_SNP_N_GenomeWideSNP_6_D07_831316	16	78372440	78384738	15	-1.5551
SERVO_p_TCGA_157_158_159_SNP_N_GenomeWideSNP_6_D07_831316	16	78384765	90287535	10632	-0.0167
SERVO_p_TCGA_157_158_159_SNP_N_GenomeWideSNP_6_D07_831316	17	526	425099	173	-0.0282
SERVO_p_TCGA_157_158_159_SNP_N_GenomeWideSNP_6_D07_831316	17	428071	428247	2	-1.3169
SERVO_p_TCGA_157_158_159_SNP_N_GenomeWideSNP_6_D07_831316	17	429644	16657331	10328	-0.0432
SERVO_p_TCGA_157_158_159_SNP_N_GenomeWideSNP_6_D07_831316	17	16662914	16738160	11	0.548
SERVO_p_TCGA_157_158_159_SNP_N_GenomeWideSNP_6_D07_831316	17	16740270	18355392	923	-0.0426
SERVO_p_TCGA_157_158_159_SNP_N_GenomeWideSNP_6_D07_831316	17	18358946	18465221	28	-0.9688
SERVO_p_TCGA_157_158_159_SNP_N_GenomeWideSNP_6_D07_831316	17	18469197	39423090	9501	-0.0141
SERVO_p_TCGA_157_158_159_SNP_N_GenomeWideSNP_6_D07_831316	17	39423103	39430450	18	1.0619
SERVO_p_TCGA_157_158_159_SNP_N_GenomeWideSNP_6_D07_831316	17	39430531	44428681	2646	-0.0111
SERVO_p_TCGA_157_158_159_SNP_N_GenomeWideSNP_6_D07_831316	17	44429320	44752300	41	-0.5324
SERVO_p_TCGA_157_158_159_SNP_N_GenomeWideSNP_6_D07_831316	17	44764994	77243063	19850	-0.0099
SERVO_p_TCGA_157_158_159_SNP_N_GenomeWideSNP_6_D07_831316	17	77245660	77246390	3	-1.148
SERVO_p_TCGA_157_158_159_SNP_N_GenomeWideSNP_6_D07_831316	17	77247044	81049726	1751	-0.0219
SERVO_p_TCGA_157_158_159_SNP_N_GenomeWideSNP_6_D07_831316	18	11543	38349614	22901	-0.0291
SERVO_p_TCGA_157_158_159_SNP_N_GenomeWideSNP_6_D07_831316	18	38351012	38353915	2	-1.3911
SERVO_p_TCGA_157_158_159_SNP_N_GenomeWideSNP_6_D07_831316	18	38359791	40050428	1148	-0.0199
SERVO_p_TCGA_157_158_159_SNP_N_GenomeWideSNP_6_D07_831316	18	40051678	40057471	25	-0.5325
SERVO_p_TCGA_157_158_159_SNP_N_GenomeWideSNP_6_D07_831316	18	40057767	63906866	16421	-0.0301
SERVO_p_TCGA_157_158_159_SNP_N_GenomeWideSNP_6_D07_831316	18	63907434	63911589	10	-0.7814
SERVO_p_TCGA_157_158_159_SNP_N_GenomeWideSNP_6_D07_831316	18	63911876	66742788	2060	-0.0347
SERVO_p_TCGA_157_158_159_SNP_N_GenomeWideSNP_6_D07_831316	18	66743345	66753326	39	-0.7395
SERVO_p_TCGA_157_158_159_SNP_N_GenomeWideSNP_6_D07_831316	18	66757696	76662828	7463	-0.0485
SERVO_p_TCGA_157_158_159_SNP_N_GenomeWideSNP_6_D07_831316	18	76663872	76664863	3	-1.4903
SERVO_p_TCGA_157_158_159_SNP_N_GenomeWideSNP_6_D07_831316	18	76666449	77403088	388	-0.0493
SERVO_p_TCGA_157_158_159_SNP_N_GenomeWideSNP_6_D07_831316	18	77405731	77410774	5	-0.8314
SERVO_p_TCGA_157_158_159_SNP_N_GenomeWideSNP_6_D07_831316	18	77418456	78015057	312	-0.0409
SERVO_p_TCGA_157_158_159_SNP_N_GenomeWideSNP_6_D07_831316	19	90910	35849322	16807	-0.0187
SERVO_p_TCGA_157_158_159_SNP_N_GenomeWideSNP_6_D07_831316	19	35849493	35856703	11	-0.6767
SERVO_p_TCGA_157_158_159_SNP_N_GenomeWideSNP_6_D07_831316	19	35857107	43786678	3968	-0.0121
SERVO_p_TCGA_157_158_159_SNP_N_GenomeWideSNP_6_D07_831316	19	43789914	43790751	2	-1.2288
SERVO_p_TCGA_157_158_159_SNP_N_GenomeWideSNP_6_D07_831316	19	43794153	51626942	3784	-0.0087
SERVO_p_TCGA_157_158_159_SNP_N_GenomeWideSNP_6_D07_831316	19	51628529	51628622	2	-1.3823
SERVO_p_TCGA_157_158_159_SNP_N_GenomeWideSNP_6_D07_831316	19	51633660	54719005	2124	-0.017
SERVO_p_TCGA_157_158_159_SNP_N_GenomeWideSNP_6_D07_831316	19	54722275	54741319	18	0.8089
SERVO_p_TCGA_157_158_159_SNP_N_GenomeWideSNP_6_D07_831316	19	54753340	56278050	761	-0.0272
SERVO_p_TCGA_157_158_159_SNP_N_GenomeWideSNP_6_D07_831316	19	56282070	56286293	6	0.623
SERVO_p_TCGA_157_158_159_SNP_N_GenomeWideSNP_6_D07_831316	19	56288941	59097854	1848	-0.0396
SERVO_p_TCGA_157_158_159_SNP_N_GenomeWideSNP_6_D07_831316	20	61305	1552503	1186	0.2921
SERVO_p_TCGA_157_158_159_SNP_N_GenomeWideSNP_6_D07_831316	20	1557190	1560999	21	-1.6972
SERVO_p_TCGA_157_158_159_SNP_N_GenomeWideSNP_6_D07_831316	20	1561580	1582207	36	0.1084
SERVO_p_TCGA_157_158_159_SNP_N_GenomeWideSNP_6_D07_831316	20	1590257	1593893	5	1.2926
SERVO_p_TCGA_157_158_159_SNP_N_GenomeWideSNP_6_D07_831316	20	1597946	62956153	41246	0.2924
SERVO_p_TCGA_157_158_159_SNP_N_GenomeWideSNP_6_D07_831316	21	10736871	10935910	32	0.3954
SERVO_p_TCGA_157_158_159_SNP_N_GenomeWideSNP_6_D07_831316	21	10940642	48096957	24355	-0.0113
SERVO_p_TCGA_157_158_159_SNP_N_GenomeWideSNP_6_D07_831316	22	16052528	21542615	2851	0.0095
SERVO_p_TCGA_157_158_159_SNP_N_GenomeWideSNP_6_D07_831316	22	21567231	21611349	6	-1.3255
SERVO_p_TCGA_157_158_159_SNP_N_GenomeWideSNP_6_D07_831316	22	21708030	24271745	1729	0.0102
SERVO_p_TCGA_157_158_159_SNP_N_GenomeWideSNP_6_D07_831316	22	24283016	24332933	30	0.5135
SERVO_p_TCGA_157_158_159_SNP_N_GenomeWideSNP_6_D07_831316	22	24337307	39363765	10898	-0.0157
SERVO_p_TCGA_157_158_159_SNP_N_GenomeWideSNP_6_D07_831316	22	39363972	39395507	32	0.3655
SERVO_p_TCGA_157_158_159_SNP_N_GenomeWideSNP_6_D07_831316	22	39399312	51234455	8015	-0.0249
SERVO_p_TCGA_157_158_159_SNP_N_GenomeWideSNP_6_D07_831316	X	168477	155182354	84511	0.0143
SERVO_p_TCGA_157_158_159_SNP_N_GenomeWideSNP_6_D07_831316	Y	2650438	5944603	804	-2.1359
SERVO_p_TCGA_157_158_159_SNP_N_GenomeWideSNP_6_D07_831316	Y	5948100	6313572	157	-2.9245
SERVO_p_TCGA_157_158_159_SNP_N_GenomeWideSNP_6_D07_831316	Y	6315579	15590276	2616	-2.5612
SERVO_p_TCGA_157_158_159_SNP_N_GenomeWideSNP_6_D07_831316	Y	15590342	15594523	3	-7.4645
SERVO_p_TCGA_157_158_159_SNP_N_GenomeWideSNP_6_D07_831316	Y	15594889	19170442	1884	-2.6076
SERVO_p_TCGA_157_158_159_SNP_N_GenomeWideSNP_6_D07_831316	Y	19179335	19179540	3	-7.5522
SERVO_p_TCGA_157_158_159_SNP_N_GenomeWideSNP_6_D07_831316	Y	19182271	21088297	899	-2.956
SERVO_p_TCGA_157_158_159_SNP_N_GenomeWideSNP_6_D07_831316	Y	21088485	23859163	1053	-2.5788
SERVO_p_TCGA_157_158_159_SNP_N_GenomeWideSNP_6_D07_831316	Y	23859468	26631228	604	-2.9227
SERVO_p_TCGA_157_158_159_SNP_N_GenomeWideSNP_6_D07_831316	Y	26631371	27436702	85	-3.5564
SERVO_p_TCGA_157_158_159_SNP_N_GenomeWideSNP_6_D07_831316	Y	27444915	27720551	91	-2.2565
SERVO_p_TCGA_157_158_159_SNP_N_GenomeWideSNP_6_D07_831316	Y	27721084	28423938	251	-3.1742
SERVO_p_TCGA_157_158_159_SNP_N_GenomeWideSNP_6_D07_831316	Y	28438116	28661292	108	-2.472
SERVO_p_TCGA_157_158_159_SNP_N_GenomeWideSNP_6_D07_831316	Y	28661650	59018259	75	-2.2289
