Sample	Chromosome	Start	End	Num_Probes	Segment_Mean
SERVO_p_TCGA_157_158_159_SNP_N_GenomeWideSNP_6_A05_831376	1	61735	356542	29	-0.0126
SERVO_p_TCGA_157_158_159_SNP_N_GenomeWideSNP_6_A05_831376	1	404171	16149343	8373	-0.353
SERVO_p_TCGA_157_158_159_SNP_N_GenomeWideSNP_6_A05_831376	1	16149915	16171036	17	0.221
SERVO_p_TCGA_157_158_159_SNP_N_GenomeWideSNP_6_A05_831376	1	16176764	16344827	77	-0.3619
SERVO_p_TCGA_157_158_159_SNP_N_GenomeWideSNP_6_A05_831376	1	16345255	16374330	6	-0.9468
SERVO_p_TCGA_157_158_159_SNP_N_GenomeWideSNP_6_A05_831376	1	16379331	17190004	316	-0.3369
SERVO_p_TCGA_157_158_159_SNP_N_GenomeWideSNP_6_A05_831376	1	17190862	17224970	12	-0.8246
SERVO_p_TCGA_157_158_159_SNP_N_GenomeWideSNP_6_A05_831376	1	17225225	17235698	6	-0.1385
SERVO_p_TCGA_157_158_159_SNP_N_GenomeWideSNP_6_A05_831376	1	17235852	17262247	44	-0.7087
SERVO_p_TCGA_157_158_159_SNP_N_GenomeWideSNP_6_A05_831376	1	17276241	32082000	8558	-0.354
SERVO_p_TCGA_157_158_159_SNP_N_GenomeWideSNP_6_A05_831376	1	32085637	72750353	25555	0.3081
SERVO_p_TCGA_157_158_159_SNP_N_GenomeWideSNP_6_A05_831376	1	72756113	72763370	9	-0.7658
SERVO_p_TCGA_157_158_159_SNP_N_GenomeWideSNP_6_A05_831376	1	72768418	72811148	48	1.268
SERVO_p_TCGA_157_158_159_SNP_N_GenomeWideSNP_6_A05_831376	1	72811904	76169775	2014	0.2923
SERVO_p_TCGA_157_158_159_SNP_N_GenomeWideSNP_6_A05_831376	1	76174149	76174752	5	-0.4734
SERVO_p_TCGA_157_158_159_SNP_N_GenomeWideSNP_6_A05_831376	1	76177994	92907074	11108	0.3012
SERVO_p_TCGA_157_158_159_SNP_N_GenomeWideSNP_6_A05_831376	1	92907238	95939767	1977	0.0486
SERVO_p_TCGA_157_158_159_SNP_N_GenomeWideSNP_6_A05_831376	1	95947234	98263127	1368	0.2917
SERVO_p_TCGA_157_158_159_SNP_N_GenomeWideSNP_6_A05_831376	1	98268360	99456080	671	0.023
SERVO_p_TCGA_157_158_159_SNP_N_GenomeWideSNP_6_A05_831376	1	99458938	100508562	754	0.2925
SERVO_p_TCGA_157_158_159_SNP_N_GenomeWideSNP_6_A05_831376	1	100510674	101851980	820	0.0165
SERVO_p_TCGA_157_158_159_SNP_N_GenomeWideSNP_6_A05_831376	1	101859057	104225557	1368	0.2865
SERVO_p_TCGA_157_158_159_SNP_N_GenomeWideSNP_6_A05_831376	1	104225568	104303403	15	0.9347
SERVO_p_TCGA_157_158_159_SNP_N_GenomeWideSNP_6_A05_831376	1	104303501	107385511	1845	0.2856
SERVO_p_TCGA_157_158_159_SNP_N_GenomeWideSNP_6_A05_831376	1	107387893	108729759	1033	0.023
SERVO_p_TCGA_157_158_159_SNP_N_GenomeWideSNP_6_A05_831376	1	108734235	108737496	3	-2.7285
SERVO_p_TCGA_157_158_159_SNP_N_GenomeWideSNP_6_A05_831376	1	108739104	110227515	722	0.0295
SERVO_p_TCGA_157_158_159_SNP_N_GenomeWideSNP_6_A05_831376	1	110232974	110242953	18	1.7859
SERVO_p_TCGA_157_158_159_SNP_N_GenomeWideSNP_6_A05_831376	1	110244998	112690326	1952	0.0412
SERVO_p_TCGA_157_158_159_SNP_N_GenomeWideSNP_6_A05_831376	1	112695965	112697390	25	0.4744
SERVO_p_TCGA_157_158_159_SNP_N_GenomeWideSNP_6_A05_831376	1	112705956	149024808	6376	0.0425
SERVO_p_TCGA_157_158_159_SNP_N_GenomeWideSNP_6_A05_831376	1	149036524	149422459	161	-0.4654
SERVO_p_TCGA_157_158_159_SNP_N_GenomeWideSNP_6_A05_831376	1	149422617	152552754	1489	0.0171
SERVO_p_TCGA_157_158_159_SNP_N_GenomeWideSNP_6_A05_831376	1	152552819	152586117	34	0.3018
SERVO_p_TCGA_157_158_159_SNP_N_GenomeWideSNP_6_A05_831376	1	152586238	152759678	175	0.0323
SERVO_p_TCGA_157_158_159_SNP_N_GenomeWideSNP_6_A05_831376	1	152761923	152768700	37	-1.489
SERVO_p_TCGA_157_158_159_SNP_N_GenomeWideSNP_6_A05_831376	1	152773905	169216937	11324	0.0397
SERVO_p_TCGA_157_158_159_SNP_N_GenomeWideSNP_6_A05_831376	1	169233974	169241766	7	0.8111
SERVO_p_TCGA_157_158_159_SNP_N_GenomeWideSNP_6_A05_831376	1	169242401	176220213	4507	0.0381
SERVO_p_TCGA_157_158_159_SNP_N_GenomeWideSNP_6_A05_831376	1	176220257	176276387	24	0.5208
SERVO_p_TCGA_157_158_159_SNP_N_GenomeWideSNP_6_A05_831376	1	176285547	191005866	9884	0.0418
SERVO_p_TCGA_157_158_159_SNP_N_GenomeWideSNP_6_A05_831376	1	191008381	196714822	3783	0.2998
SERVO_p_TCGA_157_158_159_SNP_N_GenomeWideSNP_6_A05_831376	1	196714873	196732086	5	-0.0194
SERVO_p_TCGA_157_158_159_SNP_N_GenomeWideSNP_6_A05_831376	1	196738623	196758149	34	-0.4869
SERVO_p_TCGA_157_158_159_SNP_N_GenomeWideSNP_6_A05_831376	1	196758159	196823317	60	-0.1067
SERVO_p_TCGA_157_158_159_SNP_N_GenomeWideSNP_6_A05_831376	1	196823613	249224388	35929	0.3181
SERVO_p_TCGA_157_158_159_SNP_N_GenomeWideSNP_6_A05_831376	2	12784	14706056	11049	0.0574
SERVO_p_TCGA_157_158_159_SNP_N_GenomeWideSNP_6_A05_831376	2	14706269	14710092	10	-0.8401
SERVO_p_TCGA_157_158_159_SNP_N_GenomeWideSNP_6_A05_831376	2	14710364	32849207	11637	0.0523
SERVO_p_TCGA_157_158_159_SNP_N_GenomeWideSNP_6_A05_831376	2	32853705	32978818	70	-0.7748
SERVO_p_TCGA_157_158_159_SNP_N_GenomeWideSNP_6_A05_831376	2	32982560	34520473	1241	0.0496
SERVO_p_TCGA_157_158_159_SNP_N_GenomeWideSNP_6_A05_831376	2	34523978	34525580	2	-2.0048
SERVO_p_TCGA_157_158_159_SNP_N_GenomeWideSNP_6_A05_831376	2	34525967	34683290	93	0.0597
SERVO_p_TCGA_157_158_159_SNP_N_GenomeWideSNP_6_A05_831376	2	34685280	34727867	46	-0.2534
SERVO_p_TCGA_157_158_159_SNP_N_GenomeWideSNP_6_A05_831376	2	34736513	35975973	878	0.0408
SERVO_p_TCGA_157_158_159_SNP_N_GenomeWideSNP_6_A05_831376	2	35977790	35987916	6	-1.482
SERVO_p_TCGA_157_158_159_SNP_N_GenomeWideSNP_6_A05_831376	2	35987947	52754468	12148	0.0448
SERVO_p_TCGA_157_158_159_SNP_N_GenomeWideSNP_6_A05_831376	2	52754480	52781542	39	0.7025
SERVO_p_TCGA_157_158_159_SNP_N_GenomeWideSNP_6_A05_831376	2	52787949	78311781	16554	0.0442
SERVO_p_TCGA_157_158_159_SNP_N_GenomeWideSNP_6_A05_831376	2	78312990	87393856	5466	-0.3203
SERVO_p_TCGA_157_158_159_SNP_N_GenomeWideSNP_6_A05_831376	2	87396814	87739790	121	-0.1086
SERVO_p_TCGA_157_158_159_SNP_N_GenomeWideSNP_6_A05_831376	2	87747124	91794138	938	-0.2961
SERVO_p_TCGA_157_158_159_SNP_N_GenomeWideSNP_6_A05_831376	2	91796684	106135637	5916	0.012
SERVO_p_TCGA_157_158_159_SNP_N_GenomeWideSNP_6_A05_831376	2	106138125	106138812	2	-1.4508
SERVO_p_TCGA_157_158_159_SNP_N_GenomeWideSNP_6_A05_831376	2	106139216	129638078	14107	-0.0232
SERVO_p_TCGA_157_158_159_SNP_N_GenomeWideSNP_6_A05_831376	2	129638478	129640329	16	0.367
SERVO_p_TCGA_157_158_159_SNP_N_GenomeWideSNP_6_A05_831376	2	129646448	146864429	10470	-0.0473
SERVO_p_TCGA_157_158_159_SNP_N_GenomeWideSNP_6_A05_831376	2	146864443	146866934	22	0.4976
SERVO_p_TCGA_157_158_159_SNP_N_GenomeWideSNP_6_A05_831376	2	146877806	153796068	4202	-0.0387
SERVO_p_TCGA_157_158_159_SNP_N_GenomeWideSNP_6_A05_831376	2	153796770	153796784	2	-1.6161
SERVO_p_TCGA_157_158_159_SNP_N_GenomeWideSNP_6_A05_831376	2	153800569	163321014	5613	-0.0454
SERVO_p_TCGA_157_158_159_SNP_N_GenomeWideSNP_6_A05_831376	2	163327876	163472288	86	0.1991
SERVO_p_TCGA_157_158_159_SNP_N_GenomeWideSNP_6_A05_831376	2	163477266	163827849	199	-0.0341
SERVO_p_TCGA_157_158_159_SNP_N_GenomeWideSNP_6_A05_831376	2	163828115	163828227	2	0.9284
SERVO_p_TCGA_157_158_159_SNP_N_GenomeWideSNP_6_A05_831376	2	163828468	170004337	3819	-0.0408
SERVO_p_TCGA_157_158_159_SNP_N_GenomeWideSNP_6_A05_831376	2	170005283	170213024	164	-0.3853
SERVO_p_TCGA_157_158_159_SNP_N_GenomeWideSNP_6_A05_831376	2	170216267	171162648	541	-0.049
SERVO_p_TCGA_157_158_159_SNP_N_GenomeWideSNP_6_A05_831376	2	171162920	180061655	5656	-0.3362
SERVO_p_TCGA_157_158_159_SNP_N_GenomeWideSNP_6_A05_831376	2	180067192	180079144	3	-2.3304
SERVO_p_TCGA_157_158_159_SNP_N_GenomeWideSNP_6_A05_831376	2	180083591	190027125	5936	-0.3227
SERVO_p_TCGA_157_158_159_SNP_N_GenomeWideSNP_6_A05_831376	2	190028968	202422866	7093	0.0335
SERVO_p_TCGA_157_158_159_SNP_N_GenomeWideSNP_6_A05_831376	2	202423395	202423704	3	0.9063
SERVO_p_TCGA_157_158_159_SNP_N_GenomeWideSNP_6_A05_831376	2	202426707	208350191	3651	0.0268
SERVO_p_TCGA_157_158_159_SNP_N_GenomeWideSNP_6_A05_831376	2	208350247	208350262	2	-1.6212
SERVO_p_TCGA_157_158_159_SNP_N_GenomeWideSNP_6_A05_831376	2	208350319	208500333	101	0.0337
SERVO_p_TCGA_157_158_159_SNP_N_GenomeWideSNP_6_A05_831376	2	208500945	208503551	2	-1.2521
SERVO_p_TCGA_157_158_159_SNP_N_GenomeWideSNP_6_A05_831376	2	208504593	216623254	5204	0.029
SERVO_p_TCGA_157_158_159_SNP_N_GenomeWideSNP_6_A05_831376	2	216624563	216624977	3	-1.1061
SERVO_p_TCGA_157_158_159_SNP_N_GenomeWideSNP_6_A05_831376	2	216626984	217405203	543	0.047
SERVO_p_TCGA_157_158_159_SNP_N_GenomeWideSNP_6_A05_831376	2	217408103	217408221	2	-1.4513
SERVO_p_TCGA_157_158_159_SNP_N_GenomeWideSNP_6_A05_831376	2	217408239	221852535	2813	0.0348
SERVO_p_TCGA_157_158_159_SNP_N_GenomeWideSNP_6_A05_831376	2	221853893	242958458	13381	0.3176
SERVO_p_TCGA_157_158_159_SNP_N_GenomeWideSNP_6_A05_831376	2	242958473	242998514	39	0.5841
SERVO_p_TCGA_157_158_159_SNP_N_GenomeWideSNP_6_A05_831376	2	242999117	243089456	62	0.3024
SERVO_p_TCGA_157_158_159_SNP_N_GenomeWideSNP_6_A05_831376	3	60345	21952660	16548	0.0476
SERVO_p_TCGA_157_158_159_SNP_N_GenomeWideSNP_6_A05_831376	3	21953644	21960919	5	-0.9037
SERVO_p_TCGA_157_158_159_SNP_N_GenomeWideSNP_6_A05_831376	3	21960927	26426191	3375	0.0328
SERVO_p_TCGA_157_158_159_SNP_N_GenomeWideSNP_6_A05_831376	3	26434124	26439343	5	-0.9781
SERVO_p_TCGA_157_158_159_SNP_N_GenomeWideSNP_6_A05_831376	3	26445973	26582145	105	0.0676
SERVO_p_TCGA_157_158_159_SNP_N_GenomeWideSNP_6_A05_831376	3	26582707	26614984	33	-0.2508
SERVO_p_TCGA_157_158_159_SNP_N_GenomeWideSNP_6_A05_831376	3	26614985	61234123	21945	0.0385
SERVO_p_TCGA_157_158_159_SNP_N_GenomeWideSNP_6_A05_831376	3	61234832	61594769	252	0.3359
SERVO_p_TCGA_157_158_159_SNP_N_GenomeWideSNP_6_A05_831376	3	61595751	63192104	1344	0.0749
SERVO_p_TCGA_157_158_159_SNP_N_GenomeWideSNP_6_A05_831376	3	63193105	63263514	51	0.4118
SERVO_p_TCGA_157_158_159_SNP_N_GenomeWideSNP_6_A05_831376	3	63264908	68746259	4169	0.0533
SERVO_p_TCGA_157_158_159_SNP_N_GenomeWideSNP_6_A05_831376	3	68746284	68747413	13	-0.6759
SERVO_p_TCGA_157_158_159_SNP_N_GenomeWideSNP_6_A05_831376	3	68748758	75421170	4871	0.0467
SERVO_p_TCGA_157_158_159_SNP_N_GenomeWideSNP_6_A05_831376	3	75427107	75568549	62	-0.6045
SERVO_p_TCGA_157_158_159_SNP_N_GenomeWideSNP_6_A05_831376	3	75572549	75586805	6	-1.8452
SERVO_p_TCGA_157_158_159_SNP_N_GenomeWideSNP_6_A05_831376	3	75595181	75639507	8	-0.6344
SERVO_p_TCGA_157_158_159_SNP_N_GenomeWideSNP_6_A05_831376	3	75645384	89387101	7706	0.0403
SERVO_p_TCGA_157_158_159_SNP_N_GenomeWideSNP_6_A05_831376	3	89394592	89405100	9	-0.5708
SERVO_p_TCGA_157_158_159_SNP_N_GenomeWideSNP_6_A05_831376	3	89405102	89405117	3	0.1129
SERVO_p_TCGA_157_158_159_SNP_N_GenomeWideSNP_6_A05_831376	3	89405754	89419381	39	-0.613
SERVO_p_TCGA_157_158_159_SNP_N_GenomeWideSNP_6_A05_831376	3	89419921	94711911	927	0.0351
SERVO_p_TCGA_157_158_159_SNP_N_GenomeWideSNP_6_A05_831376	3	94712715	95203201	322	-0.3385
SERVO_p_TCGA_157_158_159_SNP_N_GenomeWideSNP_6_A05_831376	3	95205522	99233930	2222	0.0281
SERVO_p_TCGA_157_158_159_SNP_N_GenomeWideSNP_6_A05_831376	3	99239615	99246539	4	-0.8707
SERVO_p_TCGA_157_158_159_SNP_N_GenomeWideSNP_6_A05_831376	3	99251704	129762859	18545	0.0343
SERVO_p_TCGA_157_158_159_SNP_N_GenomeWideSNP_6_A05_831376	3	129763698	129806236	52	-1.3327
SERVO_p_TCGA_157_158_159_SNP_N_GenomeWideSNP_6_A05_831376	3	129806924	148962976	11919	0.0255
SERVO_p_TCGA_157_158_159_SNP_N_GenomeWideSNP_6_A05_831376	3	148963395	148968121	25	-0.689
SERVO_p_TCGA_157_158_159_SNP_N_GenomeWideSNP_6_A05_831376	3	148971080	162546229	8361	0.023
SERVO_p_TCGA_157_158_159_SNP_N_GenomeWideSNP_6_A05_831376	3	162547509	162623842	41	-0.3438
SERVO_p_TCGA_157_158_159_SNP_N_GenomeWideSNP_6_A05_831376	3	162623853	189360754	16681	0.0245
SERVO_p_TCGA_157_158_159_SNP_N_GenomeWideSNP_6_A05_831376	3	189363678	189364638	11	-0.8083
SERVO_p_TCGA_157_158_159_SNP_N_GenomeWideSNP_6_A05_831376	3	189370988	192877962	2496	0.0286
SERVO_p_TCGA_157_158_159_SNP_N_GenomeWideSNP_6_A05_831376	3	192878045	192879006	5	1.0832
SERVO_p_TCGA_157_158_159_SNP_N_GenomeWideSNP_6_A05_831376	3	192880473	195275395	1493	0.0346
SERVO_p_TCGA_157_158_159_SNP_N_GenomeWideSNP_6_A05_831376	3	195276072	195474763	52	0.3289
SERVO_p_TCGA_157_158_159_SNP_N_GenomeWideSNP_6_A05_831376	3	195478694	197896118	1173	0.047
SERVO_p_TCGA_157_158_159_SNP_N_GenomeWideSNP_6_A05_831376	4	12281	10210390	5789	-0.3597
SERVO_p_TCGA_157_158_159_SNP_N_GenomeWideSNP_6_A05_831376	4	10223416	10235268	35	-0.7648
SERVO_p_TCGA_157_158_159_SNP_N_GenomeWideSNP_6_A05_831376	4	10236142	10392354	171	-0.3346
SERVO_p_TCGA_157_158_159_SNP_N_GenomeWideSNP_6_A05_831376	4	10393154	10400668	15	0.1832
SERVO_p_TCGA_157_158_159_SNP_N_GenomeWideSNP_6_A05_831376	4	10402718	13273848	2321	-0.3127
SERVO_p_TCGA_157_158_159_SNP_N_GenomeWideSNP_6_A05_831376	4	13275957	13276652	2	-1.5597
SERVO_p_TCGA_157_158_159_SNP_N_GenomeWideSNP_6_A05_831376	4	13276838	13712060	267	-0.3321
SERVO_p_TCGA_157_158_159_SNP_N_GenomeWideSNP_6_A05_831376	4	13712925	13731823	21	0.2238
SERVO_p_TCGA_157_158_159_SNP_N_GenomeWideSNP_6_A05_831376	4	13735020	20577141	4833	-0.3235
SERVO_p_TCGA_157_158_159_SNP_N_GenomeWideSNP_6_A05_831376	4	20577369	25556580	3569	0.0507
SERVO_p_TCGA_157_158_159_SNP_N_GenomeWideSNP_6_A05_831376	4	25557047	25578269	18	0.6508
SERVO_p_TCGA_157_158_159_SNP_N_GenomeWideSNP_6_A05_831376	4	25585383	25832190	184	0.0356
SERVO_p_TCGA_157_158_159_SNP_N_GenomeWideSNP_6_A05_831376	4	25832389	25837639	3	0.921
SERVO_p_TCGA_157_158_159_SNP_N_GenomeWideSNP_6_A05_831376	4	25847258	34779054	5579	0.0332
SERVO_p_TCGA_157_158_159_SNP_N_GenomeWideSNP_6_A05_831376	4	34786500	34824725	38	0.4383
SERVO_p_TCGA_157_158_159_SNP_N_GenomeWideSNP_6_A05_831376	4	34829872	49154769	8971	0.0401
SERVO_p_TCGA_157_158_159_SNP_N_GenomeWideSNP_6_A05_831376	4	49161758	49643763	26	-0.2641
SERVO_p_TCGA_157_158_159_SNP_N_GenomeWideSNP_6_A05_831376	4	49649791	60329894	5068	0.0416
SERVO_p_TCGA_157_158_159_SNP_N_GenomeWideSNP_6_A05_831376	4	60330445	61936938	1013	-0.2963
SERVO_p_TCGA_157_158_159_SNP_N_GenomeWideSNP_6_A05_831376	4	61940935	61941952	2	1.6289
SERVO_p_TCGA_157_158_159_SNP_N_GenomeWideSNP_6_A05_831376	4	61945686	63667834	935	-0.3395
SERVO_p_TCGA_157_158_159_SNP_N_GenomeWideSNP_6_A05_831376	4	63669936	63671662	8	-0.9961
SERVO_p_TCGA_157_158_159_SNP_N_GenomeWideSNP_6_A05_831376	4	63679630	64198883	264	-0.2943
SERVO_p_TCGA_157_158_159_SNP_N_GenomeWideSNP_6_A05_831376	4	64211261	64692059	288	0.0629
SERVO_p_TCGA_157_158_159_SNP_N_GenomeWideSNP_6_A05_831376	4	64692979	64708258	31	-0.3548
SERVO_p_TCGA_157_158_159_SNP_N_GenomeWideSNP_6_A05_831376	4	64716431	65944314	783	0.0577
SERVO_p_TCGA_157_158_159_SNP_N_GenomeWideSNP_6_A05_831376	4	65944325	65944478	2	-0.9205
SERVO_p_TCGA_157_158_159_SNP_N_GenomeWideSNP_6_A05_831376	4	65952414	68665857	1702	0.0336
SERVO_p_TCGA_157_158_159_SNP_N_GenomeWideSNP_6_A05_831376	4	68669406	69372003	393	-0.3078
SERVO_p_TCGA_157_158_159_SNP_N_GenomeWideSNP_6_A05_831376	4	69374941	69506334	67	0.278
SERVO_p_TCGA_157_158_159_SNP_N_GenomeWideSNP_6_A05_831376	4	69521409	115507624	27967	-0.3224
SERVO_p_TCGA_157_158_159_SNP_N_GenomeWideSNP_6_A05_831376	4	115508166	115510454	3	-1.6046
SERVO_p_TCGA_157_158_159_SNP_N_GenomeWideSNP_6_A05_831376	4	115514426	122274654	4113	-0.3238
SERVO_p_TCGA_157_158_159_SNP_N_GenomeWideSNP_6_A05_831376	4	122281973	122291131	30	-0.6711
SERVO_p_TCGA_157_158_159_SNP_N_GenomeWideSNP_6_A05_831376	4	122291522	125094678	1526	-0.3354
SERVO_p_TCGA_157_158_159_SNP_N_GenomeWideSNP_6_A05_831376	4	125102345	150904846	15221	0.0301
SERVO_p_TCGA_157_158_159_SNP_N_GenomeWideSNP_6_A05_831376	4	150905374	150905959	2	-1.696
SERVO_p_TCGA_157_158_159_SNP_N_GenomeWideSNP_6_A05_831376	4	150909060	155802548	2975	0.0271
SERVO_p_TCGA_157_158_159_SNP_N_GenomeWideSNP_6_A05_831376	4	155803005	155803078	3	-1.4315
SERVO_p_TCGA_157_158_159_SNP_N_GenomeWideSNP_6_A05_831376	4	155803199	165569182	6338	0.0244
SERVO_p_TCGA_157_158_159_SNP_N_GenomeWideSNP_6_A05_831376	4	165576770	165593134	12	-1.7837
SERVO_p_TCGA_157_158_159_SNP_N_GenomeWideSNP_6_A05_831376	4	165604098	189221258	15623	0.0316
SERVO_p_TCGA_157_158_159_SNP_N_GenomeWideSNP_6_A05_831376	4	189221360	189221375	2	-1.5771
SERVO_p_TCGA_157_158_159_SNP_N_GenomeWideSNP_6_A05_831376	4	189221424	189505104	284	0.0363
SERVO_p_TCGA_157_158_159_SNP_N_GenomeWideSNP_6_A05_831376	4	189505454	189505920	3	-1.5358
SERVO_p_TCGA_157_158_159_SNP_N_GenomeWideSNP_6_A05_831376	4	189506528	190189043	499	0.0179
SERVO_p_TCGA_157_158_159_SNP_N_GenomeWideSNP_6_A05_831376	4	190195118	190199771	5	-1.0891
SERVO_p_TCGA_157_158_159_SNP_N_GenomeWideSNP_6_A05_831376	4	190211271	191027923	385	0.01
SERVO_p_TCGA_157_158_159_SNP_N_GenomeWideSNP_6_A05_831376	5	15532	7169476	5739	-0.0463
SERVO_p_TCGA_157_158_159_SNP_N_GenomeWideSNP_6_A05_831376	5	7177338	7189925	26	-1.4956
SERVO_p_TCGA_157_158_159_SNP_N_GenomeWideSNP_6_A05_831376	5	7202635	12800889	4443	-0.0445
SERVO_p_TCGA_157_158_159_SNP_N_GenomeWideSNP_6_A05_831376	5	12815780	12870215	20	0.3365
SERVO_p_TCGA_157_158_159_SNP_N_GenomeWideSNP_6_A05_831376	5	12885681	24871091	7519	-0.0419
SERVO_p_TCGA_157_158_159_SNP_N_GenomeWideSNP_6_A05_831376	5	24871725	32629419	4925	-0.3327
SERVO_p_TCGA_157_158_159_SNP_N_GenomeWideSNP_6_A05_831376	5	32629982	35759778	2036	0.3122
SERVO_p_TCGA_157_158_159_SNP_N_GenomeWideSNP_6_A05_831376	5	35763916	50163475	6389	0.048
SERVO_p_TCGA_157_158_159_SNP_N_GenomeWideSNP_6_A05_831376	5	50167292	57310380	4752	-0.3381
SERVO_p_TCGA_157_158_159_SNP_N_GenomeWideSNP_6_A05_831376	5	57313235	57332331	28	-0.7794
SERVO_p_TCGA_157_158_159_SNP_N_GenomeWideSNP_6_A05_831376	5	57332397	61162114	2585	-0.3196
SERVO_p_TCGA_157_158_159_SNP_N_GenomeWideSNP_6_A05_831376	5	61162152	61163865	3	-1.7248
SERVO_p_TCGA_157_158_159_SNP_N_GenomeWideSNP_6_A05_831376	5	61164899	61593277	263	-0.3356
SERVO_p_TCGA_157_158_159_SNP_N_GenomeWideSNP_6_A05_831376	5	61606610	68846303	4461	0.035
SERVO_p_TCGA_157_158_159_SNP_N_GenomeWideSNP_6_A05_831376	5	68867294	69074977	2	1.9068
SERVO_p_TCGA_157_158_159_SNP_N_GenomeWideSNP_6_A05_831376	5	69074991	103851221	19561	0.0344
SERVO_p_TCGA_157_158_159_SNP_N_GenomeWideSNP_6_A05_831376	5	103860373	103860604	4	-1.2419
SERVO_p_TCGA_157_158_159_SNP_N_GenomeWideSNP_6_A05_831376	5	103861049	109661302	3743	0.0323
SERVO_p_TCGA_157_158_159_SNP_N_GenomeWideSNP_6_A05_831376	5	109661323	112709952	2222	0.2993
SERVO_p_TCGA_157_158_159_SNP_N_GenomeWideSNP_6_A05_831376	5	112712406	128643629	10685	0.0365
SERVO_p_TCGA_157_158_159_SNP_N_GenomeWideSNP_6_A05_831376	5	128643798	128645070	3	-1.0128
SERVO_p_TCGA_157_158_159_SNP_N_GenomeWideSNP_6_A05_831376	5	128645154	137805120	5517	0.0357
SERVO_p_TCGA_157_158_159_SNP_N_GenomeWideSNP_6_A05_831376	5	137808423	137815711	16	-1.1492
SERVO_p_TCGA_157_158_159_SNP_N_GenomeWideSNP_6_A05_831376	5	137816468	150913952	8142	0.0416
SERVO_p_TCGA_157_158_159_SNP_N_GenomeWideSNP_6_A05_831376	5	150915944	150918162	4	-0.8533
SERVO_p_TCGA_157_158_159_SNP_N_GenomeWideSNP_6_A05_831376	5	150918766	151725790	629	0.0171
SERVO_p_TCGA_157_158_159_SNP_N_GenomeWideSNP_6_A05_831376	5	151729795	151730148	2	-1.5321
SERVO_p_TCGA_157_158_159_SNP_N_GenomeWideSNP_6_A05_831376	5	151731277	174399898	15850	0.0355
SERVO_p_TCGA_157_158_159_SNP_N_GenomeWideSNP_6_A05_831376	5	174400949	174673218	234	0.2991
SERVO_p_TCGA_157_158_159_SNP_N_GenomeWideSNP_6_A05_831376	5	174673737	179069211	2293	0.0339
SERVO_p_TCGA_157_158_159_SNP_N_GenomeWideSNP_6_A05_831376	5	179082473	179086494	15	0.5056
SERVO_p_TCGA_157_158_159_SNP_N_GenomeWideSNP_6_A05_831376	5	179095593	180790320	930	0.0374
SERVO_p_TCGA_157_158_159_SNP_N_GenomeWideSNP_6_A05_831376	6	149661	172095	12	-0.0304
SERVO_p_TCGA_157_158_159_SNP_N_GenomeWideSNP_6_A05_831376	6	174624	254283	89	0.378
SERVO_p_TCGA_157_158_159_SNP_N_GenomeWideSNP_6_A05_831376	6	257353	294837	23	-0.4122
SERVO_p_TCGA_157_158_159_SNP_N_GenomeWideSNP_6_A05_831376	6	302306	16087234	12461	0.3375
SERVO_p_TCGA_157_158_159_SNP_N_GenomeWideSNP_6_A05_831376	6	16087649	16088268	2	-0.842
SERVO_p_TCGA_157_158_159_SNP_N_GenomeWideSNP_6_A05_831376	6	16088393	29837188	9153	0.3165
SERVO_p_TCGA_157_158_159_SNP_N_GenomeWideSNP_6_A05_831376	6	29837314	29849267	14	-1.0009
SERVO_p_TCGA_157_158_159_SNP_N_GenomeWideSNP_6_A05_831376	6	29850196	31286276	672	0.3188
SERVO_p_TCGA_157_158_159_SNP_N_GenomeWideSNP_6_A05_831376	6	31286305	31309924	11	1.4174
SERVO_p_TCGA_157_158_159_SNP_N_GenomeWideSNP_6_A05_831376	6	31317347	31827286	244	0.3366
SERVO_p_TCGA_157_158_159_SNP_N_GenomeWideSNP_6_A05_831376	6	31836151	32454523	266	0.0684
SERVO_p_TCGA_157_158_159_SNP_N_GenomeWideSNP_6_A05_831376	6	32456683	32626618	65	-0.4626
SERVO_p_TCGA_157_158_159_SNP_N_GenomeWideSNP_6_A05_831376	6	32650612	33937999	810	0.031
SERVO_p_TCGA_157_158_159_SNP_N_GenomeWideSNP_6_A05_831376	6	33938743	33942705	7	-0.8506
SERVO_p_TCGA_157_158_159_SNP_N_GenomeWideSNP_6_A05_831376	6	33944586	53931151	12916	0.0402
SERVO_p_TCGA_157_158_159_SNP_N_GenomeWideSNP_6_A05_831376	6	53931230	53931855	6	-1.5128
SERVO_p_TCGA_157_158_159_SNP_N_GenomeWideSNP_6_A05_831376	6	53935348	72862925	9430	0.0286
SERVO_p_TCGA_157_158_159_SNP_N_GenomeWideSNP_6_A05_831376	6	72866524	72866872	2	-2.1216
SERVO_p_TCGA_157_158_159_SNP_N_GenomeWideSNP_6_A05_831376	6	72868563	74591858	1086	0.0242
SERVO_p_TCGA_157_158_159_SNP_N_GenomeWideSNP_6_A05_831376	6	74592225	74597341	9	-0.4741
SERVO_p_TCGA_157_158_159_SNP_N_GenomeWideSNP_6_A05_831376	6	74601410	77440094	1771	0.0349
SERVO_p_TCGA_157_158_159_SNP_N_GenomeWideSNP_6_A05_831376	6	77440818	77452757	18	0.3913
SERVO_p_TCGA_157_158_159_SNP_N_GenomeWideSNP_6_A05_831376	6	77461073	78962889	979	0.025
SERVO_p_TCGA_157_158_159_SNP_N_GenomeWideSNP_6_A05_831376	6	78969065	79035185	112	-2.3836
SERVO_p_TCGA_157_158_159_SNP_N_GenomeWideSNP_6_A05_831376	6	79039234	103734829	15473	0.0304
SERVO_p_TCGA_157_158_159_SNP_N_GenomeWideSNP_6_A05_831376	6	103737976	103762061	46	0.5559
SERVO_p_TCGA_157_158_159_SNP_N_GenomeWideSNP_6_A05_831376	6	103765470	171051005	44231	0.024
SERVO_p_TCGA_157_158_159_SNP_N_GenomeWideSNP_6_A05_831376	7	43355	5166230	2738	0.3302
SERVO_p_TCGA_157_158_159_SNP_N_GenomeWideSNP_6_A05_831376	7	5167162	5168515	2	1.474
SERVO_p_TCGA_157_158_159_SNP_N_GenomeWideSNP_6_A05_831376	7	5170413	15227059	7518	0.3158
SERVO_p_TCGA_157_158_159_SNP_N_GenomeWideSNP_6_A05_831376	7	15229982	15230731	3	-0.5961
SERVO_p_TCGA_157_158_159_SNP_N_GenomeWideSNP_6_A05_831376	7	15234508	22434780	5836	0.3246
SERVO_p_TCGA_157_158_159_SNP_N_GenomeWideSNP_6_A05_831376	7	22435472	22436487	2	-1.8432
SERVO_p_TCGA_157_158_159_SNP_N_GenomeWideSNP_6_A05_831376	7	22438754	38387443	11453	0.3214
SERVO_p_TCGA_157_158_159_SNP_N_GenomeWideSNP_6_A05_831376	7	38391365	38398047	5	1.0191
SERVO_p_TCGA_157_158_159_SNP_N_GenomeWideSNP_6_A05_831376	7	38400957	54380373	11000	0.3216
SERVO_p_TCGA_157_158_159_SNP_N_GenomeWideSNP_6_A05_831376	7	54386505	54386514	5	-0.6846
SERVO_p_TCGA_157_158_159_SNP_N_GenomeWideSNP_6_A05_831376	7	54386517	56785672	1588	0.4423
SERVO_p_TCGA_157_158_159_SNP_N_GenomeWideSNP_6_A05_831376	7	56785845	56828656	10	-0.017
SERVO_p_TCGA_157_158_159_SNP_N_GenomeWideSNP_6_A05_831376	7	56829050	56954399	29	0.3193
SERVO_p_TCGA_157_158_159_SNP_N_GenomeWideSNP_6_A05_831376	7	56957104	57192973	21	-0.1792
SERVO_p_TCGA_157_158_159_SNP_N_GenomeWideSNP_6_A05_831376	7	57195111	58019970	437	0.289
SERVO_p_TCGA_157_158_159_SNP_N_GenomeWideSNP_6_A05_831376	7	58019983	61851187	50	0.0655
SERVO_p_TCGA_157_158_159_SNP_N_GenomeWideSNP_6_A05_831376	7	61857945	61858375	4	0.7631
SERVO_p_TCGA_157_158_159_SNP_N_GenomeWideSNP_6_A05_831376	7	61875430	64568852	1000	0.0312
SERVO_p_TCGA_157_158_159_SNP_N_GenomeWideSNP_6_A05_831376	7	64594065	64651349	10	0.5327
SERVO_p_TCGA_157_158_159_SNP_N_GenomeWideSNP_6_A05_831376	7	64651640	69372391	2488	0.0361
SERVO_p_TCGA_157_158_159_SNP_N_GenomeWideSNP_6_A05_831376	7	69376482	70364102	627	0.5603
SERVO_p_TCGA_157_158_159_SNP_N_GenomeWideSNP_6_A05_831376	7	70364513	70432014	45	0.8188
SERVO_p_TCGA_157_158_159_SNP_N_GenomeWideSNP_6_A05_831376	7	70432508	76143893	2179	0.5395
SERVO_p_TCGA_157_158_159_SNP_N_GenomeWideSNP_6_A05_831376	7	76153348	76161308	5	-0.7737
SERVO_p_TCGA_157_158_159_SNP_N_GenomeWideSNP_6_A05_831376	7	76161422	109433798	20303	0.467
SERVO_p_TCGA_157_158_159_SNP_N_GenomeWideSNP_6_A05_831376	7	109437092	109441212	24	-0.3355
SERVO_p_TCGA_157_158_159_SNP_N_GenomeWideSNP_6_A05_831376	7	109441244	109453910	11	-1.9561
SERVO_p_TCGA_157_158_159_SNP_N_GenomeWideSNP_6_A05_831376	7	109453982	114108306	2817	0.554
SERVO_p_TCGA_157_158_159_SNP_N_GenomeWideSNP_6_A05_831376	7	114108745	126045556	7220	0.0274
SERVO_p_TCGA_157_158_159_SNP_N_GenomeWideSNP_6_A05_831376	7	126045651	126046615	10	-1.2785
SERVO_p_TCGA_157_158_159_SNP_N_GenomeWideSNP_6_A05_831376	7	126046876	133785340	4706	0.0305
SERVO_p_TCGA_157_158_159_SNP_N_GenomeWideSNP_6_A05_831376	7	133785377	133795634	22	0.587
SERVO_p_TCGA_157_158_159_SNP_N_GenomeWideSNP_6_A05_831376	7	133795665	141759787	5200	0.0316
SERVO_p_TCGA_157_158_159_SNP_N_GenomeWideSNP_6_A05_831376	7	141759994	141787646	38	0.3897
SERVO_p_TCGA_157_158_159_SNP_N_GenomeWideSNP_6_A05_831376	7	141787899	142474939	460	0.0793
SERVO_p_TCGA_157_158_159_SNP_N_GenomeWideSNP_6_A05_831376	7	142476719	142486045	27	-2.0585
SERVO_p_TCGA_157_158_159_SNP_N_GenomeWideSNP_6_A05_831376	7	142486115	147011388	2732	0.0328
SERVO_p_TCGA_157_158_159_SNP_N_GenomeWideSNP_6_A05_831376	7	147011687	147012081	2	-1.5433
SERVO_p_TCGA_157_158_159_SNP_N_GenomeWideSNP_6_A05_831376	7	147014998	154389895	4592	0.0407
SERVO_p_TCGA_157_158_159_SNP_N_GenomeWideSNP_6_A05_831376	7	154393171	154399613	4	-0.9942
SERVO_p_TCGA_157_158_159_SNP_N_GenomeWideSNP_6_A05_831376	7	154400830	159127004	3242	0.0539
SERVO_p_TCGA_157_158_159_SNP_N_GenomeWideSNP_6_A05_831376	8	31254	3656732	3264	-0.3427
SERVO_p_TCGA_157_158_159_SNP_N_GenomeWideSNP_6_A05_831376	8	3663471	4106211	760	-0.9187
SERVO_p_TCGA_157_158_159_SNP_N_GenomeWideSNP_6_A05_831376	8	4106612	4111854	2	-4.0413
SERVO_p_TCGA_157_158_159_SNP_N_GenomeWideSNP_6_A05_831376	8	4112258	5076309	1363	-0.8562
SERVO_p_TCGA_157_158_159_SNP_N_GenomeWideSNP_6_A05_831376	8	5076587	7267365	2454	-0.3403
SERVO_p_TCGA_157_158_159_SNP_N_GenomeWideSNP_6_A05_831376	8	7272181	7744064	105	0.1901
SERVO_p_TCGA_157_158_159_SNP_N_GenomeWideSNP_6_A05_831376	8	7745979	7747699	4	-0.586
SERVO_p_TCGA_157_158_159_SNP_N_GenomeWideSNP_6_A05_831376	8	7752048	7799390	33	0.1122
SERVO_p_TCGA_157_158_159_SNP_N_GenomeWideSNP_6_A05_831376	8	7809891	11949551	3284	-0.3384
SERVO_p_TCGA_157_158_159_SNP_N_GenomeWideSNP_6_A05_831376	8	11987726	12438748	117	0.0522
SERVO_p_TCGA_157_158_159_SNP_N_GenomeWideSNP_6_A05_831376	8	12438891	24979554	10431	-0.3265
SERVO_p_TCGA_157_158_159_SNP_N_GenomeWideSNP_6_A05_831376	8	24979904	24979906	2	-1.7617
SERVO_p_TCGA_157_158_159_SNP_N_GenomeWideSNP_6_A05_831376	8	24979929	32998985	5653	-0.3378
SERVO_p_TCGA_157_158_159_SNP_N_GenomeWideSNP_6_A05_831376	8	33002990	61569436	14976	0.0416
SERVO_p_TCGA_157_158_159_SNP_N_GenomeWideSNP_6_A05_831376	8	61574992	61576528	2	-1.0721
SERVO_p_TCGA_157_158_159_SNP_N_GenomeWideSNP_6_A05_831376	8	61576798	67036573	3266	0.046
SERVO_p_TCGA_157_158_159_SNP_N_GenomeWideSNP_6_A05_831376	8	67037110	67037464	2	-0.8707
SERVO_p_TCGA_157_158_159_SNP_N_GenomeWideSNP_6_A05_831376	8	67039389	72212365	3108	0.0355
SERVO_p_TCGA_157_158_159_SNP_N_GenomeWideSNP_6_A05_831376	8	72215311	72216599	9	-1.759
SERVO_p_TCGA_157_158_159_SNP_N_GenomeWideSNP_6_A05_831376	8	72219863	90269205	10707	0.0383
SERVO_p_TCGA_157_158_159_SNP_N_GenomeWideSNP_6_A05_831376	8	90275132	90312762	27	0.5296
SERVO_p_TCGA_157_158_159_SNP_N_GenomeWideSNP_6_A05_831376	8	90314384	136486952	30239	0.0427
SERVO_p_TCGA_157_158_159_SNP_N_GenomeWideSNP_6_A05_831376	8	136489779	142584308	4625	-0.3256
SERVO_p_TCGA_157_158_159_SNP_N_GenomeWideSNP_6_A05_831376	8	142584729	142590596	4	-1.8955
SERVO_p_TCGA_157_158_159_SNP_N_GenomeWideSNP_6_A05_831376	8	142595796	146298155	1434	-0.33
SERVO_p_TCGA_157_158_159_SNP_N_GenomeWideSNP_6_A05_831376	9	46587	5302749	5435	0.3819
SERVO_p_TCGA_157_158_159_SNP_N_GenomeWideSNP_6_A05_831376	9	5311567	5337707	13	-0.672
SERVO_p_TCGA_157_158_159_SNP_N_GenomeWideSNP_6_A05_831376	9	5340984	39247233	25805	0.3634
SERVO_p_TCGA_157_158_159_SNP_N_GenomeWideSNP_6_A05_831376	9	39249761	85364105	11017	0.0496
SERVO_p_TCGA_157_158_159_SNP_N_GenomeWideSNP_6_A05_831376	9	85364771	85377966	7	-0.659
SERVO_p_TCGA_157_158_159_SNP_N_GenomeWideSNP_6_A05_831376	9	85378921	90522594	3853	0.034
SERVO_p_TCGA_157_158_159_SNP_N_GenomeWideSNP_6_A05_831376	9	90554151	90554219	2	-1.8791
SERVO_p_TCGA_157_158_159_SNP_N_GenomeWideSNP_6_A05_831376	9	90557957	110321140	13396	0.0408
SERVO_p_TCGA_157_158_159_SNP_N_GenomeWideSNP_6_A05_831376	9	110323028	110323075	2	-1.4856
SERVO_p_TCGA_157_158_159_SNP_N_GenomeWideSNP_6_A05_831376	9	110326874	120259077	7875	0.05
SERVO_p_TCGA_157_158_159_SNP_N_GenomeWideSNP_6_A05_831376	9	120260121	120261120	4	-1.008
SERVO_p_TCGA_157_158_159_SNP_N_GenomeWideSNP_6_A05_831376	9	120263714	123051783	2308	0.0585
SERVO_p_TCGA_157_158_159_SNP_N_GenomeWideSNP_6_A05_831376	9	123053240	123053324	2	-1.3004
SERVO_p_TCGA_157_158_159_SNP_N_GenomeWideSNP_6_A05_831376	9	123053715	126769575	2344	0.0285
SERVO_p_TCGA_157_158_159_SNP_N_GenomeWideSNP_6_A05_831376	9	126770250	134014535	4079	0.3089
SERVO_p_TCGA_157_158_159_SNP_N_GenomeWideSNP_6_A05_831376	9	134014941	140252947	3348	0.5443
SERVO_p_TCGA_157_158_159_SNP_N_GenomeWideSNP_6_A05_831376	9	140255642	140273003	4	-0.5669
SERVO_p_TCGA_157_158_159_SNP_N_GenomeWideSNP_6_A05_831376	9	140273035	141091394	411	0.7455
SERVO_p_TCGA_157_158_159_SNP_N_GenomeWideSNP_6_A05_831376	10	72759	111148	9	-0.0153
SERVO_p_TCGA_157_158_159_SNP_N_GenomeWideSNP_6_A05_831376	10	111955	2617975	1969	-0.338
SERVO_p_TCGA_157_158_159_SNP_N_GenomeWideSNP_6_A05_831376	10	2619547	2619713	3	-1.668
SERVO_p_TCGA_157_158_159_SNP_N_GenomeWideSNP_6_A05_831376	10	2620938	13056550	8959	-0.3363
SERVO_p_TCGA_157_158_159_SNP_N_GenomeWideSNP_6_A05_831376	10	13056587	13058840	24	-0.8209
SERVO_p_TCGA_157_158_159_SNP_N_GenomeWideSNP_6_A05_831376	10	13064223	24375263	8244	-0.3327
SERVO_p_TCGA_157_158_159_SNP_N_GenomeWideSNP_6_A05_831376	10	24377674	24378908	12	0.1955
SERVO_p_TCGA_157_158_159_SNP_N_GenomeWideSNP_6_A05_831376	10	24378951	31246510	5035	-0.3428
SERVO_p_TCGA_157_158_159_SNP_N_GenomeWideSNP_6_A05_831376	10	31251334	31251726	9	-2.3701
SERVO_p_TCGA_157_158_159_SNP_N_GenomeWideSNP_6_A05_831376	10	31251738	39000045	4841	-0.3271
SERVO_p_TCGA_157_158_159_SNP_N_GenomeWideSNP_6_A05_831376	10	39000046	47897394	2793	0.0312
SERVO_p_TCGA_157_158_159_SNP_N_GenomeWideSNP_6_A05_831376	10	47912899	47913401	2	-1.5136
SERVO_p_TCGA_157_158_159_SNP_N_GenomeWideSNP_6_A05_831376	10	47948060	49241479	310	0.0324
SERVO_p_TCGA_157_158_159_SNP_N_GenomeWideSNP_6_A05_831376	10	49241492	49287591	4	-1.2574
SERVO_p_TCGA_157_158_159_SNP_N_GenomeWideSNP_6_A05_831376	10	49287603	67308591	12478	0.0413
SERVO_p_TCGA_157_158_159_SNP_N_GenomeWideSNP_6_A05_831376	10	67308709	67314430	21	0.5239
SERVO_p_TCGA_157_158_159_SNP_N_GenomeWideSNP_6_A05_831376	10	67314446	88976597	14469	0.0393
SERVO_p_TCGA_157_158_159_SNP_N_GenomeWideSNP_6_A05_831376	10	89018962	89019812	2	-1.4447
SERVO_p_TCGA_157_158_159_SNP_N_GenomeWideSNP_6_A05_831376	10	89029243	108508311	12313	0.0371
SERVO_p_TCGA_157_158_159_SNP_N_GenomeWideSNP_6_A05_831376	10	108509201	108982778	361	-0.3598
SERVO_p_TCGA_157_158_159_SNP_N_GenomeWideSNP_6_A05_831376	10	108982948	124343951	11225	0.0757
SERVO_p_TCGA_157_158_159_SNP_N_GenomeWideSNP_6_A05_831376	10	124344109	124351013	6	-0.9805
SERVO_p_TCGA_157_158_159_SNP_N_GenomeWideSNP_6_A05_831376	10	124356812	128067997	2667	0.1381
SERVO_p_TCGA_157_158_159_SNP_N_GenomeWideSNP_6_A05_831376	10	128068283	128104063	22	0.4891
SERVO_p_TCGA_157_158_159_SNP_N_GenomeWideSNP_6_A05_831376	10	128105072	129605383	1096	0.1517
SERVO_p_TCGA_157_158_159_SNP_N_GenomeWideSNP_6_A05_831376	10	129610097	129689793	80	-0.8004
SERVO_p_TCGA_157_158_159_SNP_N_GenomeWideSNP_6_A05_831376	10	129690074	135506704	4050	0.1451
SERVO_p_TCGA_157_158_159_SNP_N_GenomeWideSNP_6_A05_831376	11	198510	5783923	3298	-0.339
SERVO_p_TCGA_157_158_159_SNP_N_GenomeWideSNP_6_A05_831376	11	5787405	5793441	10	0.1918
SERVO_p_TCGA_157_158_159_SNP_N_GenomeWideSNP_6_A05_831376	11	5793583	5802912	18	-0.0974
SERVO_p_TCGA_157_158_159_SNP_N_GenomeWideSNP_6_A05_831376	11	5808326	5809139	5	0.2443
SERVO_p_TCGA_157_158_159_SNP_N_GenomeWideSNP_6_A05_831376	11	5809338	11256050	3864	-0.3418
SERVO_p_TCGA_157_158_159_SNP_N_GenomeWideSNP_6_A05_831376	11	11256491	18940870	5549	0.0543
SERVO_p_TCGA_157_158_159_SNP_N_GenomeWideSNP_6_A05_831376	11	18949072	18960750	37	0.876
SERVO_p_TCGA_157_158_159_SNP_N_GenomeWideSNP_6_A05_831376	11	18961065	18961922	18	0.5165
SERVO_p_TCGA_157_158_159_SNP_N_GenomeWideSNP_6_A05_831376	11	18961935	19079033	109	0.0561
SERVO_p_TCGA_157_158_159_SNP_N_GenomeWideSNP_6_A05_831376	11	19082979	19179820	70	0.3625
SERVO_p_TCGA_157_158_159_SNP_N_GenomeWideSNP_6_A05_831376	11	19182112	40277023	15212	0.0438
SERVO_p_TCGA_157_158_159_SNP_N_GenomeWideSNP_6_A05_831376	11	40280638	40329199	33	0.3338
SERVO_p_TCGA_157_158_159_SNP_N_GenomeWideSNP_6_A05_831376	11	40330257	50769317	6013	0.0809
SERVO_p_TCGA_157_158_159_SNP_N_GenomeWideSNP_6_A05_831376	11	51096372	51228146	27	-0.5716
SERVO_p_TCGA_157_158_159_SNP_N_GenomeWideSNP_6_A05_831376	11	51228181	54758291	125	0.0687
SERVO_p_TCGA_157_158_159_SNP_N_GenomeWideSNP_6_A05_831376	11	54773893	55376280	244	-0.2933
SERVO_p_TCGA_157_158_159_SNP_N_GenomeWideSNP_6_A05_831376	11	55376498	55442318	40	0.27
SERVO_p_TCGA_157_158_159_SNP_N_GenomeWideSNP_6_A05_831376	11	55444211	56297523	585	-0.3112
SERVO_p_TCGA_157_158_159_SNP_N_GenomeWideSNP_6_A05_831376	11	56297965	56309896	13	0.2699
SERVO_p_TCGA_157_158_159_SNP_N_GenomeWideSNP_6_A05_831376	11	56311147	57565983	747	-0.3072
SERVO_p_TCGA_157_158_159_SNP_N_GenomeWideSNP_6_A05_831376	11	57571167	58105054	341	-0.8344
SERVO_p_TCGA_157_158_159_SNP_N_GenomeWideSNP_6_A05_831376	11	58107261	58190421	76	-0.3219
SERVO_p_TCGA_157_158_159_SNP_N_GenomeWideSNP_6_A05_831376	11	58193093	58596910	188	0.0368
SERVO_p_TCGA_157_158_159_SNP_N_GenomeWideSNP_6_A05_831376	11	58598012	58669751	39	-0.3337
SERVO_p_TCGA_157_158_159_SNP_N_GenomeWideSNP_6_A05_831376	11	58670553	62838156	2365	0.0144
SERVO_p_TCGA_157_158_159_SNP_N_GenomeWideSNP_6_A05_831376	11	62847161	64007474	543	0.3429
SERVO_p_TCGA_157_158_159_SNP_N_GenomeWideSNP_6_A05_831376	11	64010244	99515057	22017	0.0397
SERVO_p_TCGA_157_158_159_SNP_N_GenomeWideSNP_6_A05_831376	11	99519830	99564935	42	-1.0093
SERVO_p_TCGA_157_158_159_SNP_N_GenomeWideSNP_6_A05_831376	11	99565102	107648317	5794	0.0395
SERVO_p_TCGA_157_158_159_SNP_N_GenomeWideSNP_6_A05_831376	11	107648810	107671190	15	0.5267
SERVO_p_TCGA_157_158_159_SNP_N_GenomeWideSNP_6_A05_831376	11	107671528	107854530	99	0.0608
SERVO_p_TCGA_157_158_159_SNP_N_GenomeWideSNP_6_A05_831376	11	107857037	115495353	5087	-0.3354
SERVO_p_TCGA_157_158_159_SNP_N_GenomeWideSNP_6_A05_831376	11	115496643	115497034	3	-1.5592
SERVO_p_TCGA_157_158_159_SNP_N_GenomeWideSNP_6_A05_831376	11	115497151	127701008	8833	-0.3316
SERVO_p_TCGA_157_158_159_SNP_N_GenomeWideSNP_6_A05_831376	11	127701074	128376122	632	0.0552
SERVO_p_TCGA_157_158_159_SNP_N_GenomeWideSNP_6_A05_831376	11	128378911	134944770	4954	-0.3122
SERVO_p_TCGA_157_158_159_SNP_N_GenomeWideSNP_6_A05_831376	12	150442	9637909	6196	0.0476
SERVO_p_TCGA_157_158_159_SNP_N_GenomeWideSNP_6_A05_831376	12	9638692	9734970	25	-0.5022
SERVO_p_TCGA_157_158_159_SNP_N_GenomeWideSNP_6_A05_831376	12	9735686	11219423	1041	0.0095
SERVO_p_TCGA_157_158_159_SNP_N_GenomeWideSNP_6_A05_831376	12	11220724	11241532	12	0.6763
SERVO_p_TCGA_157_158_159_SNP_N_GenomeWideSNP_6_A05_831376	12	11251874	32050799	14677	0.0479
SERVO_p_TCGA_157_158_159_SNP_N_GenomeWideSNP_6_A05_831376	12	32053232	32057907	5	-0.6568
SERVO_p_TCGA_157_158_159_SNP_N_GenomeWideSNP_6_A05_831376	12	32057975	45899825	6546	0.0126
SERVO_p_TCGA_157_158_159_SNP_N_GenomeWideSNP_6_A05_831376	12	45904438	45909537	4	-1.1824
SERVO_p_TCGA_157_158_159_SNP_N_GenomeWideSNP_6_A05_831376	12	45913292	69461273	14253	0.0468
SERVO_p_TCGA_157_158_159_SNP_N_GenomeWideSNP_6_A05_831376	12	69461330	70560565	765	0.3333
SERVO_p_TCGA_157_158_159_SNP_N_GenomeWideSNP_6_A05_831376	12	70564037	87557683	10532	-0.0389
SERVO_p_TCGA_157_158_159_SNP_N_GenomeWideSNP_6_A05_831376	12	87561561	133778189	30959	0.2091
SERVO_p_TCGA_157_158_159_SNP_N_GenomeWideSNP_6_A05_831376	13	19026949	22620281	2119	-0.3041
SERVO_p_TCGA_157_158_159_SNP_N_GenomeWideSNP_6_A05_831376	13	22620466	23351405	600	0.0413
SERVO_p_TCGA_157_158_159_SNP_N_GenomeWideSNP_6_A05_831376	13	23353397	23379212	18	0.3992
SERVO_p_TCGA_157_158_159_SNP_N_GenomeWideSNP_6_A05_831376	13	23380775	23506072	62	-0.0248
SERVO_p_TCGA_157_158_159_SNP_N_GenomeWideSNP_6_A05_831376	13	23519930	24927971	1181	-0.3436
SERVO_p_TCGA_157_158_159_SNP_N_GenomeWideSNP_6_A05_831376	13	24928453	25029574	61	-0.0761
SERVO_p_TCGA_157_158_159_SNP_N_GenomeWideSNP_6_A05_831376	13	25030211	25740538	487	-0.3396
SERVO_p_TCGA_157_158_159_SNP_N_GenomeWideSNP_6_A05_831376	13	25746380	25848261	77	0.0055
SERVO_p_TCGA_157_158_159_SNP_N_GenomeWideSNP_6_A05_831376	13	25855764	25876334	14	0.5046
SERVO_p_TCGA_157_158_159_SNP_N_GenomeWideSNP_6_A05_831376	13	25884936	27469768	1183	0.0434
SERVO_p_TCGA_157_158_159_SNP_N_GenomeWideSNP_6_A05_831376	13	27472564	28335473	663	0.3232
SERVO_p_TCGA_157_158_159_SNP_N_GenomeWideSNP_6_A05_831376	13	28344969	28496771	112	0.7005
SERVO_p_TCGA_157_158_159_SNP_N_GenomeWideSNP_6_A05_831376	13	28512082	28524174	15	1.3717
SERVO_p_TCGA_157_158_159_SNP_N_GenomeWideSNP_6_A05_831376	13	28529273	30187122	1304	0.7162
SERVO_p_TCGA_157_158_159_SNP_N_GenomeWideSNP_6_A05_831376	13	30193133	30772079	422	0.3276
SERVO_p_TCGA_157_158_159_SNP_N_GenomeWideSNP_6_A05_831376	13	30773281	31896984	886	0.0266
SERVO_p_TCGA_157_158_159_SNP_N_GenomeWideSNP_6_A05_831376	13	31904761	32389849	325	-0.3332
SERVO_p_TCGA_157_158_159_SNP_N_GenomeWideSNP_6_A05_831376	13	32392752	33134047	608	0.0267
SERVO_p_TCGA_157_158_159_SNP_N_GenomeWideSNP_6_A05_831376	13	33134942	43116696	6926	-0.3314
SERVO_p_TCGA_157_158_159_SNP_N_GenomeWideSNP_6_A05_831376	13	43117131	43119329	3	-1.9451
SERVO_p_TCGA_157_158_159_SNP_N_GenomeWideSNP_6_A05_831376	13	43119337	49531551	4515	-0.3327
SERVO_p_TCGA_157_158_159_SNP_N_GenomeWideSNP_6_A05_831376	13	49533715	49536504	2	-2.3659
SERVO_p_TCGA_157_158_159_SNP_N_GenomeWideSNP_6_A05_831376	13	49537705	57671886	4466	-0.3123
SERVO_p_TCGA_157_158_159_SNP_N_GenomeWideSNP_6_A05_831376	13	57673811	57673830	2	-1.8758
SERVO_p_TCGA_157_158_159_SNP_N_GenomeWideSNP_6_A05_831376	13	57676364	72476988	9063	-0.3042
SERVO_p_TCGA_157_158_159_SNP_N_GenomeWideSNP_6_A05_831376	13	72477555	72480605	5	0.7715
SERVO_p_TCGA_157_158_159_SNP_N_GenomeWideSNP_6_A05_831376	13	72486483	84350926	8067	-0.3078
SERVO_p_TCGA_157_158_159_SNP_N_GenomeWideSNP_6_A05_831376	13	84359798	90945966	3884	0.0539
SERVO_p_TCGA_157_158_159_SNP_N_GenomeWideSNP_6_A05_831376	13	90947529	90947543	2	-1.0104
SERVO_p_TCGA_157_158_159_SNP_N_GenomeWideSNP_6_A05_831376	13	90952373	92492127	984	0.0374
SERVO_p_TCGA_157_158_159_SNP_N_GenomeWideSNP_6_A05_831376	13	92493200	92501284	8	-0.7316
SERVO_p_TCGA_157_158_159_SNP_N_GenomeWideSNP_6_A05_831376	13	92501540	103769781	7860	0.0619
SERVO_p_TCGA_157_158_159_SNP_N_GenomeWideSNP_6_A05_831376	13	103772779	103925370	132	-0.3563
SERVO_p_TCGA_157_158_159_SNP_N_GenomeWideSNP_6_A05_831376	13	103927135	110672102	5509	-0.1018
SERVO_p_TCGA_157_158_159_SNP_N_GenomeWideSNP_6_A05_831376	13	110673614	110673648	2	-1.5177
SERVO_p_TCGA_157_158_159_SNP_N_GenomeWideSNP_6_A05_831376	13	110674779	115108397	2660	-0.1335
SERVO_p_TCGA_157_158_159_SNP_N_GenomeWideSNP_6_A05_831376	14	19002124	19660853	47	-0.1939
SERVO_p_TCGA_157_158_159_SNP_N_GenomeWideSNP_6_A05_831376	14	19689317	19697885	4	-1.3402
SERVO_p_TCGA_157_158_159_SNP_N_GenomeWideSNP_6_A05_831376	14	19706758	19938441	18	0.1271
SERVO_p_TCGA_157_158_159_SNP_N_GenomeWideSNP_6_A05_831376	14	19968403	20425860	124	-0.228
SERVO_p_TCGA_157_158_159_SNP_N_GenomeWideSNP_6_A05_831376	14	20425911	35428995	9806	0.0467
SERVO_p_TCGA_157_158_159_SNP_N_GenomeWideSNP_6_A05_831376	14	35429361	35429746	2	-1.579
SERVO_p_TCGA_157_158_159_SNP_N_GenomeWideSNP_6_A05_831376	14	35434418	73995774	24315	0.0328
SERVO_p_TCGA_157_158_159_SNP_N_GenomeWideSNP_6_A05_831376	14	74001123	74006707	2	-0.4981
SERVO_p_TCGA_157_158_159_SNP_N_GenomeWideSNP_6_A05_831376	14	74006851	74029900	8	-1.5343
SERVO_p_TCGA_157_158_159_SNP_N_GenomeWideSNP_6_A05_831376	14	74029915	106569463	20818	0.0395
SERVO_p_TCGA_157_158_159_SNP_N_GenomeWideSNP_6_A05_831376	14	106574118	106715489	65	-0.6914
SERVO_p_TCGA_157_158_159_SNP_N_GenomeWideSNP_6_A05_831376	14	106717356	106740774	13	-1.2301
SERVO_p_TCGA_157_158_159_SNP_N_GenomeWideSNP_6_A05_831376	14	106746725	106783044	23	-0.4044
SERVO_p_TCGA_157_158_159_SNP_N_GenomeWideSNP_6_A05_831376	14	106796025	107153173	225	0.1352
SERVO_p_TCGA_157_158_159_SNP_N_GenomeWideSNP_6_A05_831376	14	107160325	107174572	13	0.6382
SERVO_p_TCGA_157_158_159_SNP_N_GenomeWideSNP_6_A05_831376	14	107176213	107285437	77	0.0376
SERVO_p_TCGA_157_158_159_SNP_N_GenomeWideSNP_6_A05_831376	15	20016328	20269773	57	0.2111
SERVO_p_TCGA_157_158_159_SNP_N_GenomeWideSNP_6_A05_831376	15	20284066	20581564	47	-0.7346
SERVO_p_TCGA_157_158_159_SNP_N_GenomeWideSNP_6_A05_831376	15	20585988	20590042	14	-2.2327
SERVO_p_TCGA_157_158_159_SNP_N_GenomeWideSNP_6_A05_831376	15	20590160	22280477	189	-0.9237
SERVO_p_TCGA_157_158_159_SNP_N_GenomeWideSNP_6_A05_831376	15	22284954	22417553	47	-0.4397
SERVO_p_TCGA_157_158_159_SNP_N_GenomeWideSNP_6_A05_831376	15	22421126	22543492	52	-0.1761
SERVO_p_TCGA_157_158_159_SNP_N_GenomeWideSNP_6_A05_831376	15	22548025	22582902	12	-0.615
SERVO_p_TCGA_157_158_159_SNP_N_GenomeWideSNP_6_A05_831376	15	22584431	56789647	21143	0.2871
SERVO_p_TCGA_157_158_159_SNP_N_GenomeWideSNP_6_A05_831376	15	56790703	56800977	25	-0.542
SERVO_p_TCGA_157_158_159_SNP_N_GenomeWideSNP_6_A05_831376	15	56801623	85037892	17412	0.2798
SERVO_p_TCGA_157_158_159_SNP_N_GenomeWideSNP_6_A05_831376	15	85037917	85093452	13	0.7248
SERVO_p_TCGA_157_158_159_SNP_N_GenomeWideSNP_6_A05_831376	15	85097034	91908112	4837	0.2856
SERVO_p_TCGA_157_158_159_SNP_N_GenomeWideSNP_6_A05_831376	15	91909115	92792322	826	0.5206
SERVO_p_TCGA_157_158_159_SNP_N_GenomeWideSNP_6_A05_831376	15	92798997	92816411	47	0.2737
SERVO_p_TCGA_157_158_159_SNP_N_GenomeWideSNP_6_A05_831376	15	92816906	95661411	2293	0.5319
SERVO_p_TCGA_157_158_159_SNP_N_GenomeWideSNP_6_A05_831376	15	95662241	95708333	48	0.2762
SERVO_p_TCGA_157_158_159_SNP_N_GenomeWideSNP_6_A05_831376	15	95710250	102420602	4963	0.5232
SERVO_p_TCGA_157_158_159_SNP_N_GenomeWideSNP_6_A05_831376	15	102420807	102469040	11	-0.2258
SERVO_p_TCGA_157_158_159_SNP_N_GenomeWideSNP_6_A05_831376	16	60777	16377662	11780	-0.0078
SERVO_p_TCGA_157_158_159_SNP_N_GenomeWideSNP_6_A05_831376	16	16513091	16513638	3	-1.5223
SERVO_p_TCGA_157_158_159_SNP_N_GenomeWideSNP_6_A05_831376	16	16529591	29276794	7359	0.0388
SERVO_p_TCGA_157_158_159_SNP_N_GenomeWideSNP_6_A05_831376	16	29279750	29287978	7	-0.9154
SERVO_p_TCGA_157_158_159_SNP_N_GenomeWideSNP_6_A05_831376	16	29288203	32005641	908	0.0398
SERVO_p_TCGA_157_158_159_SNP_N_GenomeWideSNP_6_A05_831376	16	32006016	32588622	98	-0.2729
SERVO_p_TCGA_157_158_159_SNP_N_GenomeWideSNP_6_A05_831376	16	32588901	32588909	5	-1.0818
SERVO_p_TCGA_157_158_159_SNP_N_GenomeWideSNP_6_A05_831376	16	32609274	33827062	191	-0.32
SERVO_p_TCGA_157_158_159_SNP_N_GenomeWideSNP_6_A05_831376	16	33828054	55795214	6959	0.0474
SERVO_p_TCGA_157_158_159_SNP_N_GenomeWideSNP_6_A05_831376	16	55796389	55822444	22	-0.6632
SERVO_p_TCGA_157_158_159_SNP_N_GenomeWideSNP_6_A05_831376	16	55829557	55842354	3	-0.0731
SERVO_p_TCGA_157_158_159_SNP_N_GenomeWideSNP_6_A05_831376	16	55842382	55858793	13	0.4571
SERVO_p_TCGA_157_158_159_SNP_N_GenomeWideSNP_6_A05_831376	16	55868439	70124413	8744	0.0436
SERVO_p_TCGA_157_158_159_SNP_N_GenomeWideSNP_6_A05_831376	16	70124765	70198330	18	-0.3067
SERVO_p_TCGA_157_158_159_SNP_N_GenomeWideSNP_6_A05_831376	16	70198356	72836746	1286	0.0566
SERVO_p_TCGA_157_158_159_SNP_N_GenomeWideSNP_6_A05_831376	16	72837795	81002563	7442	-0.3355
SERVO_p_TCGA_157_158_159_SNP_N_GenomeWideSNP_6_A05_831376	16	81004307	81005379	2	-2.5229
SERVO_p_TCGA_157_158_159_SNP_N_GenomeWideSNP_6_A05_831376	16	81005402	90163275	7547	-0.3497
SERVO_p_TCGA_157_158_159_SNP_N_GenomeWideSNP_6_A05_831376	16	90163721	90287535	4	0.0843
SERVO_p_TCGA_157_158_159_SNP_N_GenomeWideSNP_6_A05_831376	17	526	201460	117	-0.3233
SERVO_p_TCGA_157_158_159_SNP_N_GenomeWideSNP_6_A05_831376	17	202893	204759	2	-1.7366
SERVO_p_TCGA_157_158_159_SNP_N_GenomeWideSNP_6_A05_831376	17	204959	5585557	2835	-0.3289
SERVO_p_TCGA_157_158_159_SNP_N_GenomeWideSNP_6_A05_831376	17	5587103	5589067	3	-1.4097
SERVO_p_TCGA_157_158_159_SNP_N_GenomeWideSNP_6_A05_831376	17	5590510	14986853	6683	-0.3403
SERVO_p_TCGA_157_158_159_SNP_N_GenomeWideSNP_6_A05_831376	17	14987470	15062576	96	0.1475
SERVO_p_TCGA_157_158_159_SNP_N_GenomeWideSNP_6_A05_831376	17	15064170	18319862	1690	-0.3365
SERVO_p_TCGA_157_158_159_SNP_N_GenomeWideSNP_6_A05_831376	17	18355392	18441308	22	-0.7688
SERVO_p_TCGA_157_158_159_SNP_N_GenomeWideSNP_6_A05_831376	17	18443622	22235650	1557	-0.3281
SERVO_p_TCGA_157_158_159_SNP_N_GenomeWideSNP_6_A05_831376	17	25270411	39423103	7947	0.0331
SERVO_p_TCGA_157_158_159_SNP_N_GenomeWideSNP_6_A05_831376	17	39423153	39430531	18	-0.8015
SERVO_p_TCGA_157_158_159_SNP_N_GenomeWideSNP_6_A05_831376	17	39432724	42692513	1753	0.0286
SERVO_p_TCGA_157_158_159_SNP_N_GenomeWideSNP_6_A05_831376	17	42693848	42693866	2	-1.107
SERVO_p_TCGA_157_158_159_SNP_N_GenomeWideSNP_6_A05_831376	17	42694367	43648504	410	0.0535
SERVO_p_TCGA_157_158_159_SNP_N_GenomeWideSNP_6_A05_831376	17	43648540	43675229	10	0.5248
SERVO_p_TCGA_157_158_159_SNP_N_GenomeWideSNP_6_A05_831376	17	43675472	44163098	335	0.0661
SERVO_p_TCGA_157_158_159_SNP_N_GenomeWideSNP_6_A05_831376	17	44165803	44362363	124	0.5939
SERVO_p_TCGA_157_158_159_SNP_N_GenomeWideSNP_6_A05_831376	17	44364170	81049726	21651	0.0377
SERVO_p_TCGA_157_158_159_SNP_N_GenomeWideSNP_6_A05_831376	18	11543	58202	3	-0.6249
SERVO_p_TCGA_157_158_159_SNP_N_GenomeWideSNP_6_A05_831376	18	78315	1221984	857	-0.008
SERVO_p_TCGA_157_158_159_SNP_N_GenomeWideSNP_6_A05_831376	18	1224564	1224703	2	-1.5491
SERVO_p_TCGA_157_158_159_SNP_N_GenomeWideSNP_6_A05_831376	18	1227832	4978905	2674	-1e-04
SERVO_p_TCGA_157_158_159_SNP_N_GenomeWideSNP_6_A05_831376	18	4979612	4980177	5	1.02
SERVO_p_TCGA_157_158_159_SNP_N_GenomeWideSNP_6_A05_831376	18	4985482	8898071	2992	-0.0023
SERVO_p_TCGA_157_158_159_SNP_N_GenomeWideSNP_6_A05_831376	18	8899016	8970561	46	0.5755
SERVO_p_TCGA_157_158_159_SNP_N_GenomeWideSNP_6_A05_831376	18	8971951	9010110	47	-0.031
SERVO_p_TCGA_157_158_159_SNP_N_GenomeWideSNP_6_A05_831376	18	9018463	9900691	605	0.283
SERVO_p_TCGA_157_158_159_SNP_N_GenomeWideSNP_6_A05_831376	18	9903834	10466929	482	0.0057
SERVO_p_TCGA_157_158_159_SNP_N_GenomeWideSNP_6_A05_831376	18	10467701	10468022	2	1.1161
SERVO_p_TCGA_157_158_159_SNP_N_GenomeWideSNP_6_A05_831376	18	10468453	12160910	1163	0.0028
SERVO_p_TCGA_157_158_159_SNP_N_GenomeWideSNP_6_A05_831376	18	12161879	12175907	7	0.3204
SERVO_p_TCGA_157_158_159_SNP_N_GenomeWideSNP_6_A05_831376	18	12179112	13255312	562	0.5553
SERVO_p_TCGA_157_158_159_SNP_N_GenomeWideSNP_6_A05_831376	18	13257828	14236858	646	0.3272
SERVO_p_TCGA_157_158_159_SNP_N_GenomeWideSNP_6_A05_831376	18	14239701	22692546	2768	0.0944
SERVO_p_TCGA_157_158_159_SNP_N_GenomeWideSNP_6_A05_831376	18	22696065	26193536	2231	-0.3129
SERVO_p_TCGA_157_158_159_SNP_N_GenomeWideSNP_6_A05_831376	18	26195767	26196130	4	-1.6055
SERVO_p_TCGA_157_158_159_SNP_N_GenomeWideSNP_6_A05_831376	18	26196632	51204135	16629	-0.3134
SERVO_p_TCGA_157_158_159_SNP_N_GenomeWideSNP_6_A05_831376	18	51207209	51210640	5	-1.2172
SERVO_p_TCGA_157_158_159_SNP_N_GenomeWideSNP_6_A05_831376	18	51212148	61308295	6907	-0.3101
SERVO_p_TCGA_157_158_159_SNP_N_GenomeWideSNP_6_A05_831376	18	61313803	61323776	9	0.3646
SERVO_p_TCGA_157_158_159_SNP_N_GenomeWideSNP_6_A05_831376	18	61331610	66146100	3460	-0.3094
SERVO_p_TCGA_157_158_159_SNP_N_GenomeWideSNP_6_A05_831376	18	66146456	66146471	2	-1.8537
SERVO_p_TCGA_157_158_159_SNP_N_GenomeWideSNP_6_A05_831376	18	66146722	67207227	832	-0.3098
SERVO_p_TCGA_157_158_159_SNP_N_GenomeWideSNP_6_A05_831376	18	67207852	67217271	7	-1.5525
SERVO_p_TCGA_157_158_159_SNP_N_GenomeWideSNP_6_A05_831376	18	67217542	78015057	7795	-0.3314
SERVO_p_TCGA_157_158_159_SNP_N_GenomeWideSNP_6_A05_831376	19	90910	3321677	897	0.043
SERVO_p_TCGA_157_158_159_SNP_N_GenomeWideSNP_6_A05_831376	19	3321710	3501284	58	0.2898
SERVO_p_TCGA_157_158_159_SNP_N_GenomeWideSNP_6_A05_831376	19	3501754	7445633	1575	0.0247
SERVO_p_TCGA_157_158_159_SNP_N_GenomeWideSNP_6_A05_831376	19	7451300	7454022	3	-0.8174
SERVO_p_TCGA_157_158_159_SNP_N_GenomeWideSNP_6_A05_831376	19	7460859	8334939	396	0.0263
SERVO_p_TCGA_157_158_159_SNP_N_GenomeWideSNP_6_A05_831376	19	8350197	8351473	3	1.3423
SERVO_p_TCGA_157_158_159_SNP_N_GenomeWideSNP_6_A05_831376	19	8351848	12692001	2136	0.0219
SERVO_p_TCGA_157_158_159_SNP_N_GenomeWideSNP_6_A05_831376	19	12697366	12698102	2	-1.2189
SERVO_p_TCGA_157_158_159_SNP_N_GenomeWideSNP_6_A05_831376	19	12700523	15012726	1030	0.0162
SERVO_p_TCGA_157_158_159_SNP_N_GenomeWideSNP_6_A05_831376	19	15013608	15016630	3	-1.3342
SERVO_p_TCGA_157_158_159_SNP_N_GenomeWideSNP_6_A05_831376	19	15016660	21710955	3501	0.0212
SERVO_p_TCGA_157_158_159_SNP_N_GenomeWideSNP_6_A05_831376	19	21717303	21721674	2	-1.4444
SERVO_p_TCGA_157_158_159_SNP_N_GenomeWideSNP_6_A05_831376	19	21722305	35658728	7028	0.0306
SERVO_p_TCGA_157_158_159_SNP_N_GenomeWideSNP_6_A05_831376	19	35663774	35664043	6	-0.6797
SERVO_p_TCGA_157_158_159_SNP_N_GenomeWideSNP_6_A05_831376	19	35666047	36806515	625	0.0252
SERVO_p_TCGA_157_158_159_SNP_N_GenomeWideSNP_6_A05_831376	19	36807300	36827683	5	-0.7725
SERVO_p_TCGA_157_158_159_SNP_N_GenomeWideSNP_6_A05_831376	19	36830311	56944388	10699	0.0343
SERVO_p_TCGA_157_158_159_SNP_N_GenomeWideSNP_6_A05_831376	19	56945101	57210786	200	-0.3408
SERVO_p_TCGA_157_158_159_SNP_N_GenomeWideSNP_6_A05_831376	19	57210943	59097854	1161	0.0374
SERVO_p_TCGA_157_158_159_SNP_N_GenomeWideSNP_6_A05_831376	20	61305	1561580	1207	-0.1531
SERVO_p_TCGA_157_158_159_SNP_N_GenomeWideSNP_6_A05_831376	20	1561667	1571416	18	-0.642
SERVO_p_TCGA_157_158_159_SNP_N_GenomeWideSNP_6_A05_831376	20	1571724	1582207	17	-0.2394
SERVO_p_TCGA_157_158_159_SNP_N_GenomeWideSNP_6_A05_831376	20	1590257	1593893	5	-1.3219
SERVO_p_TCGA_157_158_159_SNP_N_GenomeWideSNP_6_A05_831376	20	1597946	15922504	11015	-0.1381
SERVO_p_TCGA_157_158_159_SNP_N_GenomeWideSNP_6_A05_831376	20	15927137	16494952	556	0.3537
SERVO_p_TCGA_157_158_159_SNP_N_GenomeWideSNP_6_A05_831376	20	16497469	26255704	7217	0.0529
SERVO_p_TCGA_157_158_159_SNP_N_GenomeWideSNP_6_A05_831376	20	26258092	26305491	14	0.5271
SERVO_p_TCGA_157_158_159_SNP_N_GenomeWideSNP_6_A05_831376	20	26305579	62916068	22429	0.0477
SERVO_p_TCGA_157_158_159_SNP_N_GenomeWideSNP_6_A05_831376	20	62954695	62956153	5	-0.6317
SERVO_p_TCGA_157_158_159_SNP_N_GenomeWideSNP_6_A05_831376	21	10736871	48096957	24377	-0.331
SERVO_p_TCGA_157_158_159_SNP_N_GenomeWideSNP_6_A05_831376	22	16052528	16444877	64	-0.658
SERVO_p_TCGA_157_158_159_SNP_N_GenomeWideSNP_6_A05_831376	22	16477054	24271745	4513	-0.3143
SERVO_p_TCGA_157_158_159_SNP_N_GenomeWideSNP_6_A05_831376	22	24283016	24344422	33	-0.0029
SERVO_p_TCGA_157_158_159_SNP_N_GenomeWideSNP_6_A05_831376	22	24350529	24386631	14	-0.9267
SERVO_p_TCGA_157_158_159_SNP_N_GenomeWideSNP_6_A05_831376	22	24387320	25649272	815	-0.3372
SERVO_p_TCGA_157_158_159_SNP_N_GenomeWideSNP_6_A05_831376	22	25650176	25918709	303	-0.7904
SERVO_p_TCGA_157_158_159_SNP_N_GenomeWideSNP_6_A05_831376	22	25922342	36700175	8203	-0.3381
SERVO_p_TCGA_157_158_159_SNP_N_GenomeWideSNP_6_A05_831376	22	36700834	37742992	729	0.0494
SERVO_p_TCGA_157_158_159_SNP_N_GenomeWideSNP_6_A05_831376	22	37748729	37749946	3	-2.1668
SERVO_p_TCGA_157_158_159_SNP_N_GenomeWideSNP_6_A05_831376	22	37750667	49268700	7624	0.0309
SERVO_p_TCGA_157_158_159_SNP_N_GenomeWideSNP_6_A05_831376	22	49269923	49270542	2	-1.4184
SERVO_p_TCGA_157_158_159_SNP_N_GenomeWideSNP_6_A05_831376	22	49273291	51234455	1234	0.0533
SERVO_p_TCGA_157_158_159_SNP_N_GenomeWideSNP_6_A05_831376	X	168477	4292415	1246	0.0258
SERVO_p_TCGA_157_158_159_SNP_N_GenomeWideSNP_6_A05_831376	X	4293277	4293736	2	-1.7377
SERVO_p_TCGA_157_158_159_SNP_N_GenomeWideSNP_6_A05_831376	X	4293763	47886996	27852	0.0109
SERVO_p_TCGA_157_158_159_SNP_N_GenomeWideSNP_6_A05_831376	X	47887126	47887528	2	-1.802
SERVO_p_TCGA_157_158_159_SNP_N_GenomeWideSNP_6_A05_831376	X	47888860	56457806	3547	0.0116
SERVO_p_TCGA_157_158_159_SNP_N_GenomeWideSNP_6_A05_831376	X	56469495	56512189	23	0.8916
SERVO_p_TCGA_157_158_159_SNP_N_GenomeWideSNP_6_A05_831376	X	56515754	123455451	33099	0.0132
SERVO_p_TCGA_157_158_159_SNP_N_GenomeWideSNP_6_A05_831376	X	123461345	125198581	983	0.6497
SERVO_p_TCGA_157_158_159_SNP_N_GenomeWideSNP_6_A05_831376	X	125199615	155182354	17707	0.0075
SERVO_p_TCGA_157_158_159_SNP_N_GenomeWideSNP_6_A05_831376	Y	2650438	5949944	808	-2.4327
SERVO_p_TCGA_157_158_159_SNP_N_GenomeWideSNP_6_A05_831376	Y	5950884	6344503	169	-3.2171
SERVO_p_TCGA_157_158_159_SNP_N_GenomeWideSNP_6_A05_831376	Y	6356305	7395687	445	-2.6708
SERVO_p_TCGA_157_158_159_SNP_N_GenomeWideSNP_6_A05_831376	Y	7397635	9759564	1205	-2.999
SERVO_p_TCGA_157_158_159_SNP_N_GenomeWideSNP_6_A05_831376	Y	9774614	15590276	951	-2.7228
SERVO_p_TCGA_157_158_159_SNP_N_GenomeWideSNP_6_A05_831376	Y	15590342	15594523	3	-7.598
SERVO_p_TCGA_157_158_159_SNP_N_GenomeWideSNP_6_A05_831376	Y	15594889	19034392	1826	-2.861
SERVO_p_TCGA_157_158_159_SNP_N_GenomeWideSNP_6_A05_831376	Y	19038302	21088297	960	-3.2413
SERVO_p_TCGA_157_158_159_SNP_N_GenomeWideSNP_6_A05_831376	Y	21088485	24516081	1246	-2.8895
SERVO_p_TCGA_157_158_159_SNP_N_GenomeWideSNP_6_A05_831376	Y	24516702	26190025	313	-3.3803
SERVO_p_TCGA_157_158_159_SNP_N_GenomeWideSNP_6_A05_831376	Y	26193050	26619135	96	-2.7104
SERVO_p_TCGA_157_158_159_SNP_N_GenomeWideSNP_6_A05_831376	Y	26630929	26928589	42	-4.0907
SERVO_p_TCGA_157_158_159_SNP_N_GenomeWideSNP_6_A05_831376	Y	26947771	27022389	24	-3.0049
SERVO_p_TCGA_157_158_159_SNP_N_GenomeWideSNP_6_A05_831376	Y	27041129	27315972	19	-3.9613
SERVO_p_TCGA_157_158_159_SNP_N_GenomeWideSNP_6_A05_831376	Y	27367487	27720551	93	-2.6188
SERVO_p_TCGA_157_158_159_SNP_N_GenomeWideSNP_6_A05_831376	Y	27721084	28180322	176	-3.2723
SERVO_p_TCGA_157_158_159_SNP_N_GenomeWideSNP_6_A05_831376	Y	28180757	28322019	32	-4.2282
SERVO_p_TCGA_157_158_159_SNP_N_GenomeWideSNP_6_A05_831376	Y	28322083	28452016	50	-3.1601
SERVO_p_TCGA_157_158_159_SNP_N_GenomeWideSNP_6_A05_831376	Y	28457337	59018259	176	-2.6332
