Sample	Chromosome	Start	End	Num_Probes	Segment_Mean
OWNED_p_TCGA_b102_105_SNP_N_GenomeWideSNP_6_A02_777048	1	61735	3218329	753	0.0257
OWNED_p_TCGA_b102_105_SNP_N_GenomeWideSNP_6_A02_777048	1	3218610	3318977	69	-0.249
OWNED_p_TCGA_b102_105_SNP_N_GenomeWideSNP_6_A02_777048	1	3325037	3326796	4	0.6161
OWNED_p_TCGA_b102_105_SNP_N_GenomeWideSNP_6_A02_777048	1	3326803	16869363	7876	-0.277
OWNED_p_TCGA_b102_105_SNP_N_GenomeWideSNP_6_A02_777048	1	16871278	17005776	44	-0.684
OWNED_p_TCGA_b102_105_SNP_N_GenomeWideSNP_6_A02_777048	1	17005978	17045761	33	0.0059
OWNED_p_TCGA_b102_105_SNP_N_GenomeWideSNP_6_A02_777048	1	17048196	17190004	27	-0.5062
OWNED_p_TCGA_b102_105_SNP_N_GenomeWideSNP_6_A02_777048	1	17190862	17236208	21	-0.127
OWNED_p_TCGA_b102_105_SNP_N_GenomeWideSNP_6_A02_777048	1	17236220	17330149	66	0.1885
OWNED_p_TCGA_b102_105_SNP_N_GenomeWideSNP_6_A02_777048	1	17336877	25582843	5228	-0.2763
OWNED_p_TCGA_b102_105_SNP_N_GenomeWideSNP_6_A02_777048	1	25583291	25646744	28	0.2666
OWNED_p_TCGA_b102_105_SNP_N_GenomeWideSNP_6_A02_777048	1	25646946	31599808	2994	-0.2843
OWNED_p_TCGA_b102_105_SNP_N_GenomeWideSNP_6_A02_777048	1	31600476	71243479	24913	0.0355
OWNED_p_TCGA_b102_105_SNP_N_GenomeWideSNP_6_A02_777048	1	71244830	71246668	5	-1.2918
OWNED_p_TCGA_b102_105_SNP_N_GenomeWideSNP_6_A02_777048	1	71250754	104163499	21022	0.0108
OWNED_p_TCGA_b102_105_SNP_N_GenomeWideSNP_6_A02_777048	1	104163787	104303403	27	-1.0522
OWNED_p_TCGA_b102_105_SNP_N_GenomeWideSNP_6_A02_777048	1	104303501	106019205	920	0.0212
OWNED_p_TCGA_b102_105_SNP_N_GenomeWideSNP_6_A02_777048	1	106019236	106022344	14	-0.4013
OWNED_p_TCGA_b102_105_SNP_N_GenomeWideSNP_6_A02_777048	1	106022360	110227515	2669	0.0328
OWNED_p_TCGA_b102_105_SNP_N_GenomeWideSNP_6_A02_777048	1	110232974	110240178	17	0.8889
OWNED_p_TCGA_b102_105_SNP_N_GenomeWideSNP_6_A02_777048	1	110242953	112682862	1952	0.0144
OWNED_p_TCGA_b102_105_SNP_N_GenomeWideSNP_6_A02_777048	1	112686349	112697012	23	0.415
OWNED_p_TCGA_b102_105_SNP_N_GenomeWideSNP_6_A02_777048	1	112697174	152556144	8041	0.0319
OWNED_p_TCGA_b102_105_SNP_N_GenomeWideSNP_6_A02_777048	1	152556414	152579825	22	-0.3791
OWNED_p_TCGA_b102_105_SNP_N_GenomeWideSNP_6_A02_777048	1	152585718	152756538	174	0.1043
OWNED_p_TCGA_b102_105_SNP_N_GenomeWideSNP_6_A02_777048	1	152756774	152768700	41	0.5083
OWNED_p_TCGA_b102_105_SNP_N_GenomeWideSNP_6_A02_777048	1	152773905	158959575	3683	0.0366
OWNED_p_TCGA_b102_105_SNP_N_GenomeWideSNP_6_A02_777048	1	158962039	158962796	2	-3.2735
OWNED_p_TCGA_b102_105_SNP_N_GenomeWideSNP_6_A02_777048	1	158966864	164820919	4135	0.0095
OWNED_p_TCGA_b102_105_SNP_N_GenomeWideSNP_6_A02_777048	1	164821782	164825007	3	-0.9702
OWNED_p_TCGA_b102_105_SNP_N_GenomeWideSNP_6_A02_777048	1	164826754	169216937	3509	0.022
OWNED_p_TCGA_b102_105_SNP_N_GenomeWideSNP_6_A02_777048	1	169233974	169238558	4	0.8202
OWNED_p_TCGA_b102_105_SNP_N_GenomeWideSNP_6_A02_777048	1	169238731	187339875	11919	0.0226
OWNED_p_TCGA_b102_105_SNP_N_GenomeWideSNP_6_A02_777048	1	187341407	187341807	3	1.0765
OWNED_p_TCGA_b102_105_SNP_N_GenomeWideSNP_6_A02_777048	1	187342526	198876594	7582	-0.0019
OWNED_p_TCGA_b102_105_SNP_N_GenomeWideSNP_6_A02_777048	1	198876812	198876858	2	-1.7416
OWNED_p_TCGA_b102_105_SNP_N_GenomeWideSNP_6_A02_777048	1	198878347	217705595	12972	0.0256
OWNED_p_TCGA_b102_105_SNP_N_GenomeWideSNP_6_A02_777048	1	217706849	217710560	4	-0.915
OWNED_p_TCGA_b102_105_SNP_N_GenomeWideSNP_6_A02_777048	1	217719563	225673293	5202	0.0079
OWNED_p_TCGA_b102_105_SNP_N_GenomeWideSNP_6_A02_777048	1	225673516	225673784	2	-1.2203
OWNED_p_TCGA_b102_105_SNP_N_GenomeWideSNP_6_A02_777048	1	225674255	226025175	211	0.0684
OWNED_p_TCGA_b102_105_SNP_N_GenomeWideSNP_6_A02_777048	1	226027659	226067862	27	0.3572
OWNED_p_TCGA_b102_105_SNP_N_GenomeWideSNP_6_A02_777048	1	226068927	240391740	10334	0.0318
OWNED_p_TCGA_b102_105_SNP_N_GenomeWideSNP_6_A02_777048	1	240394015	240394124	5	-0.8901
OWNED_p_TCGA_b102_105_SNP_N_GenomeWideSNP_6_A02_777048	1	240394139	246945775	4670	-0.0067
OWNED_p_TCGA_b102_105_SNP_N_GenomeWideSNP_6_A02_777048	1	246945822	246958340	10	0.6366
OWNED_p_TCGA_b102_105_SNP_N_GenomeWideSNP_6_A02_777048	1	246961742	249224388	1243	0.0327
OWNED_p_TCGA_b102_105_SNP_N_GenomeWideSNP_6_A02_777048	2	12784	74453351	50997	-0.3014
OWNED_p_TCGA_b102_105_SNP_N_GenomeWideSNP_6_A02_777048	2	74456686	74516800	37	0.2052
OWNED_p_TCGA_b102_105_SNP_N_GenomeWideSNP_6_A02_777048	2	74519240	77258718	1956	-0.2973
OWNED_p_TCGA_b102_105_SNP_N_GenomeWideSNP_6_A02_777048	2	77262453	77537635	154	0.2411
OWNED_p_TCGA_b102_105_SNP_N_GenomeWideSNP_6_A02_777048	2	77539362	77833745	185	-0.292
OWNED_p_TCGA_b102_105_SNP_N_GenomeWideSNP_6_A02_777048	2	77836798	77844952	3	-1.2732
OWNED_p_TCGA_b102_105_SNP_N_GenomeWideSNP_6_A02_777048	2	77845145	79000673	689	-0.2832
OWNED_p_TCGA_b102_105_SNP_N_GenomeWideSNP_6_A02_777048	2	79004888	80060051	869	0.2595
OWNED_p_TCGA_b102_105_SNP_N_GenomeWideSNP_6_A02_777048	2	80060283	80692283	517	-0.3487
OWNED_p_TCGA_b102_105_SNP_N_GenomeWideSNP_6_A02_777048	2	80694309	80813199	98	0.2283
OWNED_p_TCGA_b102_105_SNP_N_GenomeWideSNP_6_A02_777048	2	80813664	80830821	22	-0.2787
OWNED_p_TCGA_b102_105_SNP_N_GenomeWideSNP_6_A02_777048	2	80831249	80901274	43	0.2564
OWNED_p_TCGA_b102_105_SNP_N_GenomeWideSNP_6_A02_777048	2	80907225	82763732	1065	-0.309
OWNED_p_TCGA_b102_105_SNP_N_GenomeWideSNP_6_A02_777048	2	82768466	86104855	1881	0.2563
OWNED_p_TCGA_b102_105_SNP_N_GenomeWideSNP_6_A02_777048	2	86108302	86262718	100	-0.2867
OWNED_p_TCGA_b102_105_SNP_N_GenomeWideSNP_6_A02_777048	2	86265621	86937687	405	0.2757
OWNED_p_TCGA_b102_105_SNP_N_GenomeWideSNP_6_A02_777048	2	86953070	86953854	2	-0.9253
OWNED_p_TCGA_b102_105_SNP_N_GenomeWideSNP_6_A02_777048	2	86970406	87128201	64	0.2463
OWNED_p_TCGA_b102_105_SNP_N_GenomeWideSNP_6_A02_777048	2	87129203	87137385	2	-1.7155
OWNED_p_TCGA_b102_105_SNP_N_GenomeWideSNP_6_A02_777048	2	87161853	89337678	806	0.2204
OWNED_p_TCGA_b102_105_SNP_N_GenomeWideSNP_6_A02_777048	2	89343987	89485739	35	-0.1814
OWNED_p_TCGA_b102_105_SNP_N_GenomeWideSNP_6_A02_777048	2	89488950	90031817	58	0.1963
OWNED_p_TCGA_b102_105_SNP_N_GenomeWideSNP_6_A02_777048	2	90032090	91922121	209	-0.3081
OWNED_p_TCGA_b102_105_SNP_N_GenomeWideSNP_6_A02_777048	2	91925461	97834082	919	0.2316
OWNED_p_TCGA_b102_105_SNP_N_GenomeWideSNP_6_A02_777048	2	97834120	97877173	25	-0.1977
OWNED_p_TCGA_b102_105_SNP_N_GenomeWideSNP_6_A02_777048	2	97886334	102215229	2444	0.2444
OWNED_p_TCGA_b102_105_SNP_N_GenomeWideSNP_6_A02_777048	2	102226016	102259867	20	-0.9009
OWNED_p_TCGA_b102_105_SNP_N_GenomeWideSNP_6_A02_777048	2	102260657	109688972	4861	0.2507
OWNED_p_TCGA_b102_105_SNP_N_GenomeWideSNP_6_A02_777048	2	109692425	109693443	2	-1.0908
OWNED_p_TCGA_b102_105_SNP_N_GenomeWideSNP_6_A02_777048	2	109695116	112133014	932	0.2517
OWNED_p_TCGA_b102_105_SNP_N_GenomeWideSNP_6_A02_777048	2	112134092	112188518	20	0.6022
OWNED_p_TCGA_b102_105_SNP_N_GenomeWideSNP_6_A02_777048	2	112196233	130779976	11669	0.2183
OWNED_p_TCGA_b102_105_SNP_N_GenomeWideSNP_6_A02_777048	2	130780153	130874876	25	-0.1846
OWNED_p_TCGA_b102_105_SNP_N_GenomeWideSNP_6_A02_777048	2	130893997	146865079	9591	0.1796
OWNED_p_TCGA_b102_105_SNP_N_GenomeWideSNP_6_A02_777048	2	146865094	146878899	27	0.4598
OWNED_p_TCGA_b102_105_SNP_N_GenomeWideSNP_6_A02_777048	2	146878988	167616064	12295	0.202
OWNED_p_TCGA_b102_105_SNP_N_GenomeWideSNP_6_A02_777048	2	167619396	167629228	6	-0.8025
OWNED_p_TCGA_b102_105_SNP_N_GenomeWideSNP_6_A02_777048	2	167629579	213923059	28252	0.2091
OWNED_p_TCGA_b102_105_SNP_N_GenomeWideSNP_6_A02_777048	2	213923915	213923999	2	-0.9579
OWNED_p_TCGA_b102_105_SNP_N_GenomeWideSNP_6_A02_777048	2	213924006	226074567	7932	0.1952
OWNED_p_TCGA_b102_105_SNP_N_GenomeWideSNP_6_A02_777048	2	226074931	226075559	2	-1.6211
OWNED_p_TCGA_b102_105_SNP_N_GenomeWideSNP_6_A02_777048	2	226076780	226690653	380	0.1796
OWNED_p_TCGA_b102_105_SNP_N_GenomeWideSNP_6_A02_777048	2	226695736	226695966	3	1.5137
OWNED_p_TCGA_b102_105_SNP_N_GenomeWideSNP_6_A02_777048	2	226697428	231258615	2975	0.2239
OWNED_p_TCGA_b102_105_SNP_N_GenomeWideSNP_6_A02_777048	2	231265351	231266278	2	1.4626
OWNED_p_TCGA_b102_105_SNP_N_GenomeWideSNP_6_A02_777048	2	231267643	241611321	6623	0.2483
OWNED_p_TCGA_b102_105_SNP_N_GenomeWideSNP_6_A02_777048	2	241626057	241715903	30	0.6454
OWNED_p_TCGA_b102_105_SNP_N_GenomeWideSNP_6_A02_777048	2	241727945	242497206	400	0.2629
OWNED_p_TCGA_b102_105_SNP_N_GenomeWideSNP_6_A02_777048	2	242497284	242517770	13	0.6581
OWNED_p_TCGA_b102_105_SNP_N_GenomeWideSNP_6_A02_777048	2	242524587	242927035	50	0.2964
OWNED_p_TCGA_b102_105_SNP_N_GenomeWideSNP_6_A02_777048	2	242928837	242996589	64	0.5707
OWNED_p_TCGA_b102_105_SNP_N_GenomeWideSNP_6_A02_777048	2	242998514	243054607	59	0.1684
OWNED_p_TCGA_b102_105_SNP_N_GenomeWideSNP_6_A02_777048	2	243067550	243089456	4	-0.1161
OWNED_p_TCGA_b102_105_SNP_N_GenomeWideSNP_6_A02_777048	3	60345	6419717	5665	0.2412
OWNED_p_TCGA_b102_105_SNP_N_GenomeWideSNP_6_A02_777048	3	6419896	6420009	2	-2.131
OWNED_p_TCGA_b102_105_SNP_N_GenomeWideSNP_6_A02_777048	3	6420269	26583220	14363	0.2787
OWNED_p_TCGA_b102_105_SNP_N_GenomeWideSNP_6_A02_777048	3	26588441	26588657	2	-1.1952
OWNED_p_TCGA_b102_105_SNP_N_GenomeWideSNP_6_A02_777048	3	26588864	60084971	20789	0.3041
OWNED_p_TCGA_b102_105_SNP_N_GenomeWideSNP_6_A02_777048	3	60085364	60558630	522	0.0179
OWNED_p_TCGA_b102_105_SNP_N_GenomeWideSNP_6_A02_777048	3	60559047	63467227	2493	0.3234
OWNED_p_TCGA_b102_105_SNP_N_GenomeWideSNP_6_A02_777048	3	63467429	63467832	3	-0.8834
OWNED_p_TCGA_b102_105_SNP_N_GenomeWideSNP_6_A02_777048	3	63468136	75690319	8955	0.2913
OWNED_p_TCGA_b102_105_SNP_N_GenomeWideSNP_6_A02_777048	3	75695529	75806378	37	-0.0343
OWNED_p_TCGA_b102_105_SNP_N_GenomeWideSNP_6_A02_777048	3	75819252	84858876	5056	0.2755
OWNED_p_TCGA_b102_105_SNP_N_GenomeWideSNP_6_A02_777048	3	84868834	84871763	6	-0.9071
OWNED_p_TCGA_b102_105_SNP_N_GenomeWideSNP_6_A02_777048	3	84872432	129786739	24672	0.2812
OWNED_p_TCGA_b102_105_SNP_N_GenomeWideSNP_6_A02_777048	3	129786753	129806236	42	0.6223
OWNED_p_TCGA_b102_105_SNP_N_GenomeWideSNP_6_A02_777048	3	129806924	131992737	1442	0.2597
OWNED_p_TCGA_b102_105_SNP_N_GenomeWideSNP_6_A02_777048	3	131992773	131995684	3	-0.8655
OWNED_p_TCGA_b102_105_SNP_N_GenomeWideSNP_6_A02_777048	3	132000477	137771152	3470	0.2997
OWNED_p_TCGA_b102_105_SNP_N_GenomeWideSNP_6_A02_777048	3	137771183	137819499	41	0.5652
OWNED_p_TCGA_b102_105_SNP_N_GenomeWideSNP_6_A02_777048	3	137819918	162208419	15108	0.29
OWNED_p_TCGA_b102_105_SNP_N_GenomeWideSNP_6_A02_777048	3	162216629	162236534	34	-0.3521
OWNED_p_TCGA_b102_105_SNP_N_GenomeWideSNP_6_A02_777048	3	162236885	162540490	192	0.2499
OWNED_p_TCGA_b102_105_SNP_N_GenomeWideSNP_6_A02_777048	3	162545716	162623881	45	-0.024
OWNED_p_TCGA_b102_105_SNP_N_GenomeWideSNP_6_A02_777048	3	162623897	173488175	6542	0.2968
OWNED_p_TCGA_b102_105_SNP_N_GenomeWideSNP_6_A02_777048	3	173488554	173488798	2	-0.8177
OWNED_p_TCGA_b102_105_SNP_N_GenomeWideSNP_6_A02_777048	3	173489454	175080592	1121	0.3106
OWNED_p_TCGA_b102_105_SNP_N_GenomeWideSNP_6_A02_777048	3	175080611	175086788	7	-0.5512
OWNED_p_TCGA_b102_105_SNP_N_GenomeWideSNP_6_A02_777048	3	175086805	192877962	11518	0.292
OWNED_p_TCGA_b102_105_SNP_N_GenomeWideSNP_6_A02_777048	3	192878045	192882903	18	1.3215
OWNED_p_TCGA_b102_105_SNP_N_GenomeWideSNP_6_A02_777048	3	192886435	197896118	2706	0.3625
OWNED_p_TCGA_b102_105_SNP_N_GenomeWideSNP_6_A02_777048	4	12281	481809	239	-0.3246
OWNED_p_TCGA_b102_105_SNP_N_GenomeWideSNP_6_A02_777048	4	483931	1045111	168	0.0174
OWNED_p_TCGA_b102_105_SNP_N_GenomeWideSNP_6_A02_777048	4	1045171	1297569	140	-0.2749
OWNED_p_TCGA_b102_105_SNP_N_GenomeWideSNP_6_A02_777048	4	1300480	1405675	38	0.1648
OWNED_p_TCGA_b102_105_SNP_N_GenomeWideSNP_6_A02_777048	4	1411559	1596631	22	-0.1983
OWNED_p_TCGA_b102_105_SNP_N_GenomeWideSNP_6_A02_777048	4	1613810	1618911	4	0.4721
OWNED_p_TCGA_b102_105_SNP_N_GenomeWideSNP_6_A02_777048	4	1619034	1738732	70	-0.2529
OWNED_p_TCGA_b102_105_SNP_N_GenomeWideSNP_6_A02_777048	4	1752420	1798029	13	0.0819
OWNED_p_TCGA_b102_105_SNP_N_GenomeWideSNP_6_A02_777048	4	1798300	3463452	759	-0.2979
OWNED_p_TCGA_b102_105_SNP_N_GenomeWideSNP_6_A02_777048	4	3463882	3522683	22	0.1422
OWNED_p_TCGA_b102_105_SNP_N_GenomeWideSNP_6_A02_777048	4	3529870	3582638	22	-0.3212
OWNED_p_TCGA_b102_105_SNP_N_GenomeWideSNP_6_A02_777048	4	3582651	3637426	27	0.1472
OWNED_p_TCGA_b102_105_SNP_N_GenomeWideSNP_6_A02_777048	4	3637495	7427831	2775	-0.3175
OWNED_p_TCGA_b102_105_SNP_N_GenomeWideSNP_6_A02_777048	4	7431096	7466466	39	0.1272
OWNED_p_TCGA_b102_105_SNP_N_GenomeWideSNP_6_A02_777048	4	7466980	10210390	1452	-0.2838
OWNED_p_TCGA_b102_105_SNP_N_GenomeWideSNP_6_A02_777048	4	10223416	10231498	28	-1.1584
OWNED_p_TCGA_b102_105_SNP_N_GenomeWideSNP_6_A02_777048	4	10234214	10390715	178	-0.3307
OWNED_p_TCGA_b102_105_SNP_N_GenomeWideSNP_6_A02_777048	4	10392354	10400156	14	0.2365
OWNED_p_TCGA_b102_105_SNP_N_GenomeWideSNP_6_A02_777048	4	10400511	33008505	15756	-0.3348
OWNED_p_TCGA_b102_105_SNP_N_GenomeWideSNP_6_A02_777048	4	33008538	33026077	16	0.2202
OWNED_p_TCGA_b102_105_SNP_N_GenomeWideSNP_6_A02_777048	4	33026919	34779054	994	-0.3169
OWNED_p_TCGA_b102_105_SNP_N_GenomeWideSNP_6_A02_777048	4	34786500	34819211	35	-1.2912
OWNED_p_TCGA_b102_105_SNP_N_GenomeWideSNP_6_A02_777048	4	34821340	69374955	19449	-0.3256
OWNED_p_TCGA_b102_105_SNP_N_GenomeWideSNP_6_A02_777048	4	69375160	69485979	62	-1.244
OWNED_p_TCGA_b102_105_SNP_N_GenomeWideSNP_6_A02_777048	4	69489335	92060755	13952	-0.3077
OWNED_p_TCGA_b102_105_SNP_N_GenomeWideSNP_6_A02_777048	4	92063738	92282897	141	-0.7164
OWNED_p_TCGA_b102_105_SNP_N_GenomeWideSNP_6_A02_777048	4	92283771	131170935	23086	-0.3096
OWNED_p_TCGA_b102_105_SNP_N_GenomeWideSNP_6_A02_777048	4	131171000	131171505	11	0.4179
OWNED_p_TCGA_b102_105_SNP_N_GenomeWideSNP_6_A02_777048	4	131171827	138092239	3731	-0.3264
OWNED_p_TCGA_b102_105_SNP_N_GenomeWideSNP_6_A02_777048	4	138092420	138093064	12	-0.9978
OWNED_p_TCGA_b102_105_SNP_N_GenomeWideSNP_6_A02_777048	4	138093401	161320324	14333	-0.3126
OWNED_p_TCGA_b102_105_SNP_N_GenomeWideSNP_6_A02_777048	4	161322921	161323274	2	-2.6998
OWNED_p_TCGA_b102_105_SNP_N_GenomeWideSNP_6_A02_777048	4	161323611	172986978	7493	-0.3272
OWNED_p_TCGA_b102_105_SNP_N_GenomeWideSNP_6_A02_777048	4	172987025	172995979	23	0.1534
OWNED_p_TCGA_b102_105_SNP_N_GenomeWideSNP_6_A02_777048	4	172996893	183152803	6789	-0.3537
OWNED_p_TCGA_b102_105_SNP_N_GenomeWideSNP_6_A02_777048	4	183156576	185728839	1732	-0.835
OWNED_p_TCGA_b102_105_SNP_N_GenomeWideSNP_6_A02_777048	4	185731940	189221258	2379	-0.3165
OWNED_p_TCGA_b102_105_SNP_N_GenomeWideSNP_6_A02_777048	4	189221360	189221439	4	1.139
OWNED_p_TCGA_b102_105_SNP_N_GenomeWideSNP_6_A02_777048	4	189222813	191027923	1171	-0.3619
OWNED_p_TCGA_b102_105_SNP_N_GenomeWideSNP_6_A02_777048	5	15532	27081	6	-0.0333
OWNED_p_TCGA_b102_105_SNP_N_GenomeWideSNP_6_A02_777048	5	29339	46793	10	0.2126
OWNED_p_TCGA_b102_105_SNP_N_GenomeWideSNP_6_A02_777048	5	48785	676449	286	0.5759
OWNED_p_TCGA_b102_105_SNP_N_GenomeWideSNP_6_A02_777048	5	676859	698505	8	0.9204
OWNED_p_TCGA_b102_105_SNP_N_GenomeWideSNP_6_A02_777048	5	717379	818755	44	0.2208
OWNED_p_TCGA_b102_105_SNP_N_GenomeWideSNP_6_A02_777048	5	819815	875018	22	0.4945
OWNED_p_TCGA_b102_105_SNP_N_GenomeWideSNP_6_A02_777048	5	883065	913391	11	0.8571
OWNED_p_TCGA_b102_105_SNP_N_GenomeWideSNP_6_A02_777048	5	914053	1003135	42	0.3094
OWNED_p_TCGA_b102_105_SNP_N_GenomeWideSNP_6_A02_777048	5	1006073	1055879	15	0.5261
OWNED_p_TCGA_b102_105_SNP_N_GenomeWideSNP_6_A02_777048	5	1056056	1260971	84	0.7797
OWNED_p_TCGA_b102_105_SNP_N_GenomeWideSNP_6_A02_777048	5	1260996	1269006	34	0.4761
OWNED_p_TCGA_b102_105_SNP_N_GenomeWideSNP_6_A02_777048	5	1269061	1286141	17	0.8626
OWNED_p_TCGA_b102_105_SNP_N_GenomeWideSNP_6_A02_777048	5	1286232	1458680	101	0.413
OWNED_p_TCGA_b102_105_SNP_N_GenomeWideSNP_6_A02_777048	5	1460368	1555201	50	0.7718
OWNED_p_TCGA_b102_105_SNP_N_GenomeWideSNP_6_A02_777048	5	1555825	1630989	30	0.3557
OWNED_p_TCGA_b102_105_SNP_N_GenomeWideSNP_6_A02_777048	5	1635899	1642871	10	0.8264
OWNED_p_TCGA_b102_105_SNP_N_GenomeWideSNP_6_A02_777048	5	1647831	1928889	191	0.4874
OWNED_p_TCGA_b102_105_SNP_N_GenomeWideSNP_6_A02_777048	5	1930367	8766520	6063	0.2541
OWNED_p_TCGA_b102_105_SNP_N_GenomeWideSNP_6_A02_777048	5	8767977	8768044	2	-1.1745
OWNED_p_TCGA_b102_105_SNP_N_GenomeWideSNP_6_A02_777048	5	8768529	15718492	5177	0.3049
OWNED_p_TCGA_b102_105_SNP_N_GenomeWideSNP_6_A02_777048	5	15719222	15720597	11	-1.1814
OWNED_p_TCGA_b102_105_SNP_N_GenomeWideSNP_6_A02_777048	5	15723346	32928315	10679	0.2451
OWNED_p_TCGA_b102_105_SNP_N_GenomeWideSNP_6_A02_777048	5	32928926	32929145	2	-0.8347
OWNED_p_TCGA_b102_105_SNP_N_GenomeWideSNP_6_A02_777048	5	32930892	41561373	5767	0.2471
OWNED_p_TCGA_b102_105_SNP_N_GenomeWideSNP_6_A02_777048	5	41564126	41564438	2	-1.2475
OWNED_p_TCGA_b102_105_SNP_N_GenomeWideSNP_6_A02_777048	5	41564562	46383335	2144	0.2778
OWNED_p_TCGA_b102_105_SNP_N_GenomeWideSNP_6_A02_777048	5	46386392	68846303	12392	0.0027
OWNED_p_TCGA_b102_105_SNP_N_GenomeWideSNP_6_A02_777048	5	68867294	69118135	5	-0.9479
OWNED_p_TCGA_b102_105_SNP_N_GenomeWideSNP_6_A02_777048	5	69233427	87789166	10484	0.0051
OWNED_p_TCGA_b102_105_SNP_N_GenomeWideSNP_6_A02_777048	5	87792484	87793025	2	-1.1954
OWNED_p_TCGA_b102_105_SNP_N_GenomeWideSNP_6_A02_777048	5	87795267	101095165	7447	0.0183
OWNED_p_TCGA_b102_105_SNP_N_GenomeWideSNP_6_A02_777048	5	101096015	101096376	2	-1.3822
OWNED_p_TCGA_b102_105_SNP_N_GenomeWideSNP_6_A02_777048	5	101096488	101709446	414	-0.005
OWNED_p_TCGA_b102_105_SNP_N_GenomeWideSNP_6_A02_777048	5	101712324	101743397	16	0.3233
OWNED_p_TCGA_b102_105_SNP_N_GenomeWideSNP_6_A02_777048	5	101746269	105558742	2227	-0.0072
OWNED_p_TCGA_b102_105_SNP_N_GenomeWideSNP_6_A02_777048	5	105561089	106818802	793	-0.3682
OWNED_p_TCGA_b102_105_SNP_N_GenomeWideSNP_6_A02_777048	5	106819406	115239004	5827	-0.0253
OWNED_p_TCGA_b102_105_SNP_N_GenomeWideSNP_6_A02_777048	5	115241766	121913250	4670	0.2541
OWNED_p_TCGA_b102_105_SNP_N_GenomeWideSNP_6_A02_777048	5	121919902	169352826	30720	0.0055
OWNED_p_TCGA_b102_105_SNP_N_GenomeWideSNP_6_A02_777048	5	169353466	169354431	4	-0.6859
OWNED_p_TCGA_b102_105_SNP_N_GenomeWideSNP_6_A02_777048	5	169355553	174231086	3612	0.0294
OWNED_p_TCGA_b102_105_SNP_N_GenomeWideSNP_6_A02_777048	5	174231346	174231856	2	-1.2792
OWNED_p_TCGA_b102_105_SNP_N_GenomeWideSNP_6_A02_777048	5	174233825	176043333	1089	0.013
OWNED_p_TCGA_b102_105_SNP_N_GenomeWideSNP_6_A02_777048	5	176044904	176313335	139	0.2918
OWNED_p_TCGA_b102_105_SNP_N_GenomeWideSNP_6_A02_777048	5	176313982	180374523	2166	0.0404
OWNED_p_TCGA_b102_105_SNP_N_GenomeWideSNP_6_A02_777048	5	180378710	180414465	14	-0.4745
OWNED_p_TCGA_b102_105_SNP_N_GenomeWideSNP_6_A02_777048	5	180417207	180790320	175	0.1203
OWNED_p_TCGA_b102_105_SNP_N_GenomeWideSNP_6_A02_777048	6	149661	460732	272	0.0741
OWNED_p_TCGA_b102_105_SNP_N_GenomeWideSNP_6_A02_777048	6	460901	472898	12	0.4835
OWNED_p_TCGA_b102_105_SNP_N_GenomeWideSNP_6_A02_777048	6	473031	15496122	11805	0.012
OWNED_p_TCGA_b102_105_SNP_N_GenomeWideSNP_6_A02_777048	6	15500920	15530784	30	0.3565
OWNED_p_TCGA_b102_105_SNP_N_GenomeWideSNP_6_A02_777048	6	15531266	19040119	2663	-0.01
OWNED_p_TCGA_b102_105_SNP_N_GenomeWideSNP_6_A02_777048	6	19042181	19042818	3	-1.2081
OWNED_p_TCGA_b102_105_SNP_N_GenomeWideSNP_6_A02_777048	6	19044702	29874808	6960	-0.0363
OWNED_p_TCGA_b102_105_SNP_N_GenomeWideSNP_6_A02_777048	6	29876959	29898897	8	-1.7442
OWNED_p_TCGA_b102_105_SNP_N_GenomeWideSNP_6_A02_777048	6	29899677	32578082	1209	0.0539
OWNED_p_TCGA_b102_105_SNP_N_GenomeWideSNP_6_A02_777048	6	32578970	32602269	16	-0.4168
OWNED_p_TCGA_b102_105_SNP_N_GenomeWideSNP_6_A02_777048	6	32604372	41618761	5942	0.0284
OWNED_p_TCGA_b102_105_SNP_N_GenomeWideSNP_6_A02_777048	6	41619050	41619247	2	-1.5188
OWNED_p_TCGA_b102_105_SNP_N_GenomeWideSNP_6_A02_777048	6	41619689	43892190	1202	0.0239
OWNED_p_TCGA_b102_105_SNP_N_GenomeWideSNP_6_A02_777048	6	43892938	43905377	18	0.4058
OWNED_p_TCGA_b102_105_SNP_N_GenomeWideSNP_6_A02_777048	6	43908624	53094861	5941	0.0314
OWNED_p_TCGA_b102_105_SNP_N_GenomeWideSNP_6_A02_777048	6	53095440	53095563	2	-2.4209
OWNED_p_TCGA_b102_105_SNP_N_GenomeWideSNP_6_A02_777048	6	53095806	71698865	9244	0.0138
OWNED_p_TCGA_b102_105_SNP_N_GenomeWideSNP_6_A02_777048	6	71703773	71704432	2	-1.2559
OWNED_p_TCGA_b102_105_SNP_N_GenomeWideSNP_6_A02_777048	6	71704908	74592225	1909	-0.0113
OWNED_p_TCGA_b102_105_SNP_N_GenomeWideSNP_6_A02_777048	6	74592457	74601410	9	-1.403
OWNED_p_TCGA_b102_105_SNP_N_GenomeWideSNP_6_A02_777048	6	74603555	77436159	1765	0.037
OWNED_p_TCGA_b102_105_SNP_N_GenomeWideSNP_6_A02_777048	6	77436532	77443247	12	0.4966
OWNED_p_TCGA_b102_105_SNP_N_GenomeWideSNP_6_A02_777048	6	77446199	78962889	987	-0.0051
OWNED_p_TCGA_b102_105_SNP_N_GenomeWideSNP_6_A02_777048	6	78969065	79035185	111	-1.6364
OWNED_p_TCGA_b102_105_SNP_N_GenomeWideSNP_6_A02_777048	6	79039234	103734816	15471	-0.0055
OWNED_p_TCGA_b102_105_SNP_N_GenomeWideSNP_6_A02_777048	6	103734825	103762061	48	-0.8212
OWNED_p_TCGA_b102_105_SNP_N_GenomeWideSNP_6_A02_777048	6	103765470	124431774	12692	-0.0014
OWNED_p_TCGA_b102_105_SNP_N_GenomeWideSNP_6_A02_777048	6	124435941	124461658	18	0.5839
OWNED_p_TCGA_b102_105_SNP_N_GenomeWideSNP_6_A02_777048	6	124461689	171051005	31492	0.0137
OWNED_p_TCGA_b102_105_SNP_N_GenomeWideSNP_6_A02_777048	7	43355	231145	134	0.8561
OWNED_p_TCGA_b102_105_SNP_N_GenomeWideSNP_6_A02_777048	7	704573	919667	83	0.592
OWNED_p_TCGA_b102_105_SNP_N_GenomeWideSNP_6_A02_777048	7	927887	1162748	96	0.9902
OWNED_p_TCGA_b102_105_SNP_N_GenomeWideSNP_6_A02_777048	7	1163692	2276974	416	0.6089
OWNED_p_TCGA_b102_105_SNP_N_GenomeWideSNP_6_A02_777048	7	2277301	2298227	10	1.1456
OWNED_p_TCGA_b102_105_SNP_N_GenomeWideSNP_6_A02_777048	7	2304370	19405876	13034	0.5096
OWNED_p_TCGA_b102_105_SNP_N_GenomeWideSNP_6_A02_777048	7	19407127	19420846	11	0.7841
OWNED_p_TCGA_b102_105_SNP_N_GenomeWideSNP_6_A02_777048	7	19421544	19615333	170	0.5128
OWNED_p_TCGA_b102_105_SNP_N_GenomeWideSNP_6_A02_777048	7	19615334	19616838	10	1.0134
OWNED_p_TCGA_b102_105_SNP_N_GenomeWideSNP_6_A02_777048	7	19616903	19666788	36	0.427
OWNED_p_TCGA_b102_105_SNP_N_GenomeWideSNP_6_A02_777048	7	19677547	19678469	2	-0.6928
OWNED_p_TCGA_b102_105_SNP_N_GenomeWideSNP_6_A02_777048	7	19681519	45379512	18002	0.4947
OWNED_p_TCGA_b102_105_SNP_N_GenomeWideSNP_6_A02_777048	7	45383741	45384579	4	-0.0076
OWNED_p_TCGA_b102_105_SNP_N_GenomeWideSNP_6_A02_777048	7	45387563	45543252	78	0.542
OWNED_p_TCGA_b102_105_SNP_N_GenomeWideSNP_6_A02_777048	7	45547546	45550962	3	1.5916
OWNED_p_TCGA_b102_105_SNP_N_GenomeWideSNP_6_A02_777048	7	45551861	45813188	159	0.4764
OWNED_p_TCGA_b102_105_SNP_N_GenomeWideSNP_6_A02_777048	7	45813795	45819833	4	-0.2921
OWNED_p_TCGA_b102_105_SNP_N_GenomeWideSNP_6_A02_777048	7	45829595	64951818	9621	0.4735
OWNED_p_TCGA_b102_105_SNP_N_GenomeWideSNP_6_A02_777048	7	64958622	76074980	5156	0.0159
OWNED_p_TCGA_b102_105_SNP_N_GenomeWideSNP_6_A02_777048	7	76108761	76153348	12	0.5039
OWNED_p_TCGA_b102_105_SNP_N_GenomeWideSNP_6_A02_777048	7	76153363	98521537	14207	0.0099
OWNED_p_TCGA_b102_105_SNP_N_GenomeWideSNP_6_A02_777048	7	98523346	98631366	77	0.2985
OWNED_p_TCGA_b102_105_SNP_N_GenomeWideSNP_6_A02_777048	7	98632433	110999837	7077	0.0301
OWNED_p_TCGA_b102_105_SNP_N_GenomeWideSNP_6_A02_777048	7	111006271	111122305	89	-0.2731
OWNED_p_TCGA_b102_105_SNP_N_GenomeWideSNP_6_A02_777048	7	111132722	112129235	652	-0.0182
OWNED_p_TCGA_b102_105_SNP_N_GenomeWideSNP_6_A02_777048	7	112129333	112129613	2	-1.2646
OWNED_p_TCGA_b102_105_SNP_N_GenomeWideSNP_6_A02_777048	7	112130009	133785309	12963	0.0163
OWNED_p_TCGA_b102_105_SNP_N_GenomeWideSNP_6_A02_777048	7	133785340	133795634	21	-1.4393
OWNED_p_TCGA_b102_105_SNP_N_GenomeWideSNP_6_A02_777048	7	133795665	153147638	12173	0.0082
OWNED_p_TCGA_b102_105_SNP_N_GenomeWideSNP_6_A02_777048	7	153147645	153147712	2	-1.652
OWNED_p_TCGA_b102_105_SNP_N_GenomeWideSNP_6_A02_777048	7	153147715	158782275	3878	0.0599
OWNED_p_TCGA_b102_105_SNP_N_GenomeWideSNP_6_A02_777048	7	158783034	158837900	38	0.37
OWNED_p_TCGA_b102_105_SNP_N_GenomeWideSNP_6_A02_777048	7	158846533	158858439	9	-0.0942
OWNED_p_TCGA_b102_105_SNP_N_GenomeWideSNP_6_A02_777048	7	158860676	159127004	184	0.1846
OWNED_p_TCGA_b102_105_SNP_N_GenomeWideSNP_6_A02_777048	8	31254	113380	4	0.2038
OWNED_p_TCGA_b102_105_SNP_N_GenomeWideSNP_6_A02_777048	8	158062	593041	321	-0.8017
OWNED_p_TCGA_b102_105_SNP_N_GenomeWideSNP_6_A02_777048	8	594944	595908	10	0.8781
OWNED_p_TCGA_b102_105_SNP_N_GenomeWideSNP_6_A02_777048	8	601043	7043340	7396	-0.8506
OWNED_p_TCGA_b102_105_SNP_N_GenomeWideSNP_6_A02_777048	8	7154067	8070303	248	-0.4398
OWNED_p_TCGA_b102_105_SNP_N_GenomeWideSNP_6_A02_777048	8	8072303	11845324	3173	-0.8446
OWNED_p_TCGA_b102_105_SNP_N_GenomeWideSNP_6_A02_777048	8	11845506	12438891	133	-0.4579
OWNED_p_TCGA_b102_105_SNP_N_GenomeWideSNP_6_A02_777048	8	12443055	35196417	17128	-0.8333
OWNED_p_TCGA_b102_105_SNP_N_GenomeWideSNP_6_A02_777048	8	35203684	40182117	2805	0.0439
OWNED_p_TCGA_b102_105_SNP_N_GenomeWideSNP_6_A02_777048	8	40183797	40189511	34	-0.448
OWNED_p_TCGA_b102_105_SNP_N_GenomeWideSNP_6_A02_777048	8	40192910	40771996	451	-7e-04
OWNED_p_TCGA_b102_105_SNP_N_GenomeWideSNP_6_A02_777048	8	40777852	40778471	2	-1.2097
OWNED_p_TCGA_b102_105_SNP_N_GenomeWideSNP_6_A02_777048	8	40783680	42150362	843	-0.0026
OWNED_p_TCGA_b102_105_SNP_N_GenomeWideSNP_6_A02_777048	8	42150405	42150617	3	1.0894
OWNED_p_TCGA_b102_105_SNP_N_GenomeWideSNP_6_A02_777048	8	42150692	47742007	963	0.0411
OWNED_p_TCGA_b102_105_SNP_N_GenomeWideSNP_6_A02_777048	8	47742387	47742804	2	-3.7826
OWNED_p_TCGA_b102_105_SNP_N_GenomeWideSNP_6_A02_777048	8	47743262	75880770	17542	-0.0088
OWNED_p_TCGA_b102_105_SNP_N_GenomeWideSNP_6_A02_777048	8	75888661	75889078	2	-1.6604
OWNED_p_TCGA_b102_105_SNP_N_GenomeWideSNP_6_A02_777048	8	75889142	89232797	7508	0.0059
OWNED_p_TCGA_b102_105_SNP_N_GenomeWideSNP_6_A02_777048	8	89242924	89243741	2	-1.1801
OWNED_p_TCGA_b102_105_SNP_N_GenomeWideSNP_6_A02_777048	8	89246828	112291494	14066	-0.0016
OWNED_p_TCGA_b102_105_SNP_N_GenomeWideSNP_6_A02_777048	8	112294279	112295260	10	0.5711
OWNED_p_TCGA_b102_105_SNP_N_GenomeWideSNP_6_A02_777048	8	112300281	115936907	2048	-0.007
OWNED_p_TCGA_b102_105_SNP_N_GenomeWideSNP_6_A02_777048	8	115938602	120029694	2798	0.4732
OWNED_p_TCGA_b102_105_SNP_N_GenomeWideSNP_6_A02_777048	8	120029709	120031716	3	-0.6126
OWNED_p_TCGA_b102_105_SNP_N_GenomeWideSNP_6_A02_777048	8	120032259	137677896	12896	0.4834
OWNED_p_TCGA_b102_105_SNP_N_GenomeWideSNP_6_A02_777048	8	137681619	137862195	169	-1.0319
OWNED_p_TCGA_b102_105_SNP_N_GenomeWideSNP_6_A02_777048	8	137862416	142210336	3351	0.4967
OWNED_p_TCGA_b102_105_SNP_N_GenomeWideSNP_6_A02_777048	8	142210813	142253481	28	0.9751
OWNED_p_TCGA_b102_105_SNP_N_GenomeWideSNP_6_A02_777048	8	142254515	142359460	54	0.6763
OWNED_p_TCGA_b102_105_SNP_N_GenomeWideSNP_6_A02_777048	8	142359550	142453003	30	1.1538
OWNED_p_TCGA_b102_105_SNP_N_GenomeWideSNP_6_A02_777048	8	142457176	144699157	1026	0.7463
OWNED_p_TCGA_b102_105_SNP_N_GenomeWideSNP_6_A02_777048	8	144705157	144707808	9	-0.5914
OWNED_p_TCGA_b102_105_SNP_N_GenomeWideSNP_6_A02_777048	8	144718989	144761410	25	0.6062
OWNED_p_TCGA_b102_105_SNP_N_GenomeWideSNP_6_A02_777048	8	144762278	144823911	15	0.9772
OWNED_p_TCGA_b102_105_SNP_N_GenomeWideSNP_6_A02_777048	8	144832475	146298155	463	0.6554
OWNED_p_TCGA_b102_105_SNP_N_GenomeWideSNP_6_A02_777048	9	46587	673512	661	0.5986
OWNED_p_TCGA_b102_105_SNP_N_GenomeWideSNP_6_A02_777048	9	676055	676175	3	-0.6031
OWNED_p_TCGA_b102_105_SNP_N_GenomeWideSNP_6_A02_777048	9	676278	6684955	5716	0.5956
OWNED_p_TCGA_b102_105_SNP_N_GenomeWideSNP_6_A02_777048	9	6685029	6687217	2	-0.8258
OWNED_p_TCGA_b102_105_SNP_N_GenomeWideSNP_6_A02_777048	9	6689722	16911800	8955	0.5999
OWNED_p_TCGA_b102_105_SNP_N_GenomeWideSNP_6_A02_777048	9	16911835	16914152	22	0.2198
OWNED_p_TCGA_b102_105_SNP_N_GenomeWideSNP_6_A02_777048	9	16914179	23361805	5092	0.6059
OWNED_p_TCGA_b102_105_SNP_N_GenomeWideSNP_6_A02_777048	9	23363115	23373484	8	-0.1698
OWNED_p_TCGA_b102_105_SNP_N_GenomeWideSNP_6_A02_777048	9	23378488	29091097	4339	0.5685
OWNED_p_TCGA_b102_105_SNP_N_GenomeWideSNP_6_A02_777048	9	29094549	29100799	4	-0.7141
OWNED_p_TCGA_b102_105_SNP_N_GenomeWideSNP_6_A02_777048	9	29101432	30661394	1083	0.5335
OWNED_p_TCGA_b102_105_SNP_N_GenomeWideSNP_6_A02_777048	9	30661612	30662037	2	-0.8021
OWNED_p_TCGA_b102_105_SNP_N_GenomeWideSNP_6_A02_777048	9	30669429	38771831	5286	0.5392
OWNED_p_TCGA_b102_105_SNP_N_GenomeWideSNP_6_A02_777048	9	38787493	43187967	196	0.0382
OWNED_p_TCGA_b102_105_SNP_N_GenomeWideSNP_6_A02_777048	9	43315670	43776918	38	-0.614
OWNED_p_TCGA_b102_105_SNP_N_GenomeWideSNP_6_A02_777048	9	43780909	44250853	34	0.1757
OWNED_p_TCGA_b102_105_SNP_N_GenomeWideSNP_6_A02_777048	9	44251228	44629223	18	-0.5021
OWNED_p_TCGA_b102_105_SNP_N_GenomeWideSNP_6_A02_777048	9	44727859	44873200	38	0.8037
OWNED_p_TCGA_b102_105_SNP_N_GenomeWideSNP_6_A02_777048	9	44875942	44906542	6	0.093
OWNED_p_TCGA_b102_105_SNP_N_GenomeWideSNP_6_A02_777048	9	44993298	66986478	116	-0.2933
OWNED_p_TCGA_b102_105_SNP_N_GenomeWideSNP_6_A02_777048	9	67046560	68665184	88	0.1634
OWNED_p_TCGA_b102_105_SNP_N_GenomeWideSNP_6_A02_777048	9	68683847	69958125	150	-0.3665
OWNED_p_TCGA_b102_105_SNP_N_GenomeWideSNP_6_A02_777048	9	69958201	72808962	1531	0.1449
OWNED_p_TCGA_b102_105_SNP_N_GenomeWideSNP_6_A02_777048	9	72810986	72812754	2	-1.3716
OWNED_p_TCGA_b102_105_SNP_N_GenomeWideSNP_6_A02_777048	9	72813681	105229777	22407	0.1288
OWNED_p_TCGA_b102_105_SNP_N_GenomeWideSNP_6_A02_777048	9	105230777	105260502	19	-1.0924
OWNED_p_TCGA_b102_105_SNP_N_GenomeWideSNP_6_A02_777048	9	105264905	136753903	22083	0.1483
OWNED_p_TCGA_b102_105_SNP_N_GenomeWideSNP_6_A02_777048	9	136754076	136761766	6	0.7632
OWNED_p_TCGA_b102_105_SNP_N_GenomeWideSNP_6_A02_777048	9	136761842	136769441	9	0.2737
OWNED_p_TCGA_b102_105_SNP_N_GenomeWideSNP_6_A02_777048	9	136769601	136787735	9	0.7013
OWNED_p_TCGA_b102_105_SNP_N_GenomeWideSNP_6_A02_777048	9	136788539	136952579	112	0.2153
OWNED_p_TCGA_b102_105_SNP_N_GenomeWideSNP_6_A02_777048	9	136955203	136961349	3	-0.731
OWNED_p_TCGA_b102_105_SNP_N_GenomeWideSNP_6_A02_777048	9	136961373	137159596	56	0.2443
OWNED_p_TCGA_b102_105_SNP_N_GenomeWideSNP_6_A02_777048	9	137159660	137183374	17	0.6489
OWNED_p_TCGA_b102_105_SNP_N_GenomeWideSNP_6_A02_777048	9	137186524	138139807	586	0.2089
OWNED_p_TCGA_b102_105_SNP_N_GenomeWideSNP_6_A02_777048	9	138139987	138306350	114	0.5056
OWNED_p_TCGA_b102_105_SNP_N_GenomeWideSNP_6_A02_777048	9	138308725	139053515	335	0.2099
OWNED_p_TCGA_b102_105_SNP_N_GenomeWideSNP_6_A02_777048	9	139056779	139058723	3	-0.7697
OWNED_p_TCGA_b102_105_SNP_N_GenomeWideSNP_6_A02_777048	9	139059275	139271355	30	0.5894
OWNED_p_TCGA_b102_105_SNP_N_GenomeWideSNP_6_A02_777048	9	139282755	139408692	73	0.2276
OWNED_p_TCGA_b102_105_SNP_N_GenomeWideSNP_6_A02_777048	9	139408741	139435063	9	0.8966
OWNED_p_TCGA_b102_105_SNP_N_GenomeWideSNP_6_A02_777048	9	139435369	140250818	176	0.2539
OWNED_p_TCGA_b102_105_SNP_N_GenomeWideSNP_6_A02_777048	9	140252685	140255833	7	0.8193
OWNED_p_TCGA_b102_105_SNP_N_GenomeWideSNP_6_A02_777048	9	140273003	140433627	49	0.398
OWNED_p_TCGA_b102_105_SNP_N_GenomeWideSNP_6_A02_777048	9	140438733	140466816	12	0.7757
OWNED_p_TCGA_b102_105_SNP_N_GenomeWideSNP_6_A02_777048	9	140466923	141091394	351	0.3074
OWNED_p_TCGA_b102_105_SNP_N_GenomeWideSNP_6_A02_777048	10	72759	2511284	1876	0.078
OWNED_p_TCGA_b102_105_SNP_N_GenomeWideSNP_6_A02_777048	10	2512174	2519130	4	-1.1622
OWNED_p_TCGA_b102_105_SNP_N_GenomeWideSNP_6_A02_777048	10	2519358	24375263	17338	0.0222
OWNED_p_TCGA_b102_105_SNP_N_GenomeWideSNP_6_A02_777048	10	24377674	24378054	11	1.0734
OWNED_p_TCGA_b102_105_SNP_N_GenomeWideSNP_6_A02_777048	10	24378908	48902376	12984	0.0163
OWNED_p_TCGA_b102_105_SNP_N_GenomeWideSNP_6_A02_777048	10	48928791	48958519	5	-0.9574
OWNED_p_TCGA_b102_105_SNP_N_GenomeWideSNP_6_A02_777048	10	49031175	67306276	12474	0.0157
OWNED_p_TCGA_b102_105_SNP_N_GenomeWideSNP_6_A02_777048	10	67307923	67314446	28	-1.4015
OWNED_p_TCGA_b102_105_SNP_N_GenomeWideSNP_6_A02_777048	10	67322795	72426905	3478	0.0387
OWNED_p_TCGA_b102_105_SNP_N_GenomeWideSNP_6_A02_777048	10	72428103	72543456	106	0.3001
OWNED_p_TCGA_b102_105_SNP_N_GenomeWideSNP_6_A02_777048	10	72543471	80689033	5189	0.0292
OWNED_p_TCGA_b102_105_SNP_N_GenomeWideSNP_6_A02_777048	10	80689109	80741205	29	0.3585
OWNED_p_TCGA_b102_105_SNP_N_GenomeWideSNP_6_A02_777048	10	80743495	87231261	4602	0.0227
OWNED_p_TCGA_b102_105_SNP_N_GenomeWideSNP_6_A02_777048	10	87231530	132547962	31055	-0.3155
OWNED_p_TCGA_b102_105_SNP_N_GenomeWideSNP_6_A02_777048	10	132549045	132549207	2	-2.4768
OWNED_p_TCGA_b102_105_SNP_N_GenomeWideSNP_6_A02_777048	10	132552446	133639688	896	-0.2458
OWNED_p_TCGA_b102_105_SNP_N_GenomeWideSNP_6_A02_777048	10	133641433	133677343	40	0.1081
OWNED_p_TCGA_b102_105_SNP_N_GenomeWideSNP_6_A02_777048	10	133727647	133945696	159	-0.3009
OWNED_p_TCGA_b102_105_SNP_N_GenomeWideSNP_6_A02_777048	10	133954831	133965626	7	0.4951
OWNED_p_TCGA_b102_105_SNP_N_GenomeWideSNP_6_A02_777048	10	133966434	135232654	507	-0.1421
OWNED_p_TCGA_b102_105_SNP_N_GenomeWideSNP_6_A02_777048	10	135234140	135377278	112	0.2942
OWNED_p_TCGA_b102_105_SNP_N_GenomeWideSNP_6_A02_777048	10	135387240	135506704	37	-0.3367
OWNED_p_TCGA_b102_105_SNP_N_GenomeWideSNP_6_A02_777048	11	198510	365502	78	0.46
OWNED_p_TCGA_b102_105_SNP_N_GenomeWideSNP_6_A02_777048	11	366435	458784	28	0.8947
OWNED_p_TCGA_b102_105_SNP_N_GenomeWideSNP_6_A02_777048	11	460431	2530279	742	0.4011
OWNED_p_TCGA_b102_105_SNP_N_GenomeWideSNP_6_A02_777048	11	2533291	2614738	33	0.775
OWNED_p_TCGA_b102_105_SNP_N_GenomeWideSNP_6_A02_777048	11	2615600	4967650	1594	0.3149
OWNED_p_TCGA_b102_105_SNP_N_GenomeWideSNP_6_A02_777048	11	4968117	4976534	36	-0.0748
OWNED_p_TCGA_b102_105_SNP_N_GenomeWideSNP_6_A02_777048	11	4976596	6104817	1060	0.2614
OWNED_p_TCGA_b102_105_SNP_N_GenomeWideSNP_6_A02_777048	11	6104831	6122503	11	-0.393
OWNED_p_TCGA_b102_105_SNP_N_GenomeWideSNP_6_A02_777048	11	6123888	35000983	20909	0.2752
OWNED_p_TCGA_b102_105_SNP_N_GenomeWideSNP_6_A02_777048	11	35001098	60392745	13237	0.0089
OWNED_p_TCGA_b102_105_SNP_N_GenomeWideSNP_6_A02_777048	11	60394470	68920841	3833	-0.2628
OWNED_p_TCGA_b102_105_SNP_N_GenomeWideSNP_6_A02_777048	11	68923430	70236793	728	0.0892
OWNED_p_TCGA_b102_105_SNP_N_GenomeWideSNP_6_A02_777048	11	70240416	70249187	6	-0.3467
OWNED_p_TCGA_b102_105_SNP_N_GenomeWideSNP_6_A02_777048	11	70251812	70639488	228	0.0608
OWNED_p_TCGA_b102_105_SNP_N_GenomeWideSNP_6_A02_777048	11	70639849	74281910	1903	-0.2947
OWNED_p_TCGA_b102_105_SNP_N_GenomeWideSNP_6_A02_777048	11	74282926	134944770	42602	0.0081
OWNED_p_TCGA_b102_105_SNP_N_GenomeWideSNP_6_A02_777048	12	150442	869263	421	0.1429
OWNED_p_TCGA_b102_105_SNP_N_GenomeWideSNP_6_A02_777048	12	869278	874029	14	-0.9122
OWNED_p_TCGA_b102_105_SNP_N_GenomeWideSNP_6_A02_777048	12	875354	2840942	1308	0.0635
OWNED_p_TCGA_b102_105_SNP_N_GenomeWideSNP_6_A02_777048	12	2841673	2842565	2	-0.9784
OWNED_p_TCGA_b102_105_SNP_N_GenomeWideSNP_6_A02_777048	12	2849533	7798426	3534	0.0421
OWNED_p_TCGA_b102_105_SNP_N_GenomeWideSNP_6_A02_777048	12	7798488	7799139	4	-1.9845
OWNED_p_TCGA_b102_105_SNP_N_GenomeWideSNP_6_A02_777048	12	7799155	8004425	86	0.0106
OWNED_p_TCGA_b102_105_SNP_N_GenomeWideSNP_6_A02_777048	12	8006506	8130958	60	0.3685
OWNED_p_TCGA_b102_105_SNP_N_GenomeWideSNP_6_A02_777048	12	8134669	9633870	769	-0.008
OWNED_p_TCGA_b102_105_SNP_N_GenomeWideSNP_6_A02_777048	12	9637909	9713674	21	-0.7915
OWNED_p_TCGA_b102_105_SNP_N_GenomeWideSNP_6_A02_777048	12	9714954	11222710	1049	-0.0099
OWNED_p_TCGA_b102_105_SNP_N_GenomeWideSNP_6_A02_777048	12	11224689	11241532	8	-0.7842
OWNED_p_TCGA_b102_105_SNP_N_GenomeWideSNP_6_A02_777048	12	11251874	11512492	135	0.042
OWNED_p_TCGA_b102_105_SNP_N_GenomeWideSNP_6_A02_777048	12	11512531	11543406	29	0.701
OWNED_p_TCGA_b102_105_SNP_N_GenomeWideSNP_6_A02_777048	12	11552192	29163628	12325	0.0026
OWNED_p_TCGA_b102_105_SNP_N_GenomeWideSNP_6_A02_777048	12	29164321	29164522	2	-1.2711
OWNED_p_TCGA_b102_105_SNP_N_GenomeWideSNP_6_A02_777048	12	29167983	29333836	128	0.0626
OWNED_p_TCGA_b102_105_SNP_N_GenomeWideSNP_6_A02_777048	12	29334035	29334901	16	0.5947
OWNED_p_TCGA_b102_105_SNP_N_GenomeWideSNP_6_A02_777048	12	29338439	31265057	1537	0.017
OWNED_p_TCGA_b102_105_SNP_N_GenomeWideSNP_6_A02_777048	12	31269298	31402690	87	0.4605
OWNED_p_TCGA_b102_105_SNP_N_GenomeWideSNP_6_A02_777048	12	31406809	33294660	1307	0.0239
OWNED_p_TCGA_b102_105_SNP_N_GenomeWideSNP_6_A02_777048	12	33301406	33307374	27	0.4572
OWNED_p_TCGA_b102_105_SNP_N_GenomeWideSNP_6_A02_777048	12	33308360	34450534	693	0.0088
OWNED_p_TCGA_b102_105_SNP_N_GenomeWideSNP_6_A02_777048	12	34454133	34578298	52	0.357
OWNED_p_TCGA_b102_105_SNP_N_GenomeWideSNP_6_A02_777048	12	34599327	53434105	9268	-0.0059
OWNED_p_TCGA_b102_105_SNP_N_GenomeWideSNP_6_A02_777048	12	53437806	53497927	32	0.2972
OWNED_p_TCGA_b102_105_SNP_N_GenomeWideSNP_6_A02_777048	12	53499574	112764428	37450	-0.0208
OWNED_p_TCGA_b102_105_SNP_N_GenomeWideSNP_6_A02_777048	12	112776042	124817393	7857	0.2632
OWNED_p_TCGA_b102_105_SNP_N_GenomeWideSNP_6_A02_777048	12	124818594	124846495	10	0.7733
OWNED_p_TCGA_b102_105_SNP_N_GenomeWideSNP_6_A02_777048	12	124846876	132617807	6381	0.2781
OWNED_p_TCGA_b102_105_SNP_N_GenomeWideSNP_6_A02_777048	12	132618607	132851597	29	0.5943
OWNED_p_TCGA_b102_105_SNP_N_GenomeWideSNP_6_A02_777048	12	132852269	132908463	6	1.1691
OWNED_p_TCGA_b102_105_SNP_N_GenomeWideSNP_6_A02_777048	12	132908832	133521039	199	0.4595
OWNED_p_TCGA_b102_105_SNP_N_GenomeWideSNP_6_A02_777048	12	133541961	133596914	49	0.2448
OWNED_p_TCGA_b102_105_SNP_N_GenomeWideSNP_6_A02_777048	12	133596917	133596931	3	-0.495
OWNED_p_TCGA_b102_105_SNP_N_GenomeWideSNP_6_A02_777048	12	133604976	133778189	71	0.2074
OWNED_p_TCGA_b102_105_SNP_N_GenomeWideSNP_6_A02_777048	13	19026949	19135703	11	0.1855
OWNED_p_TCGA_b102_105_SNP_N_GenomeWideSNP_6_A02_777048	13	19143824	19318638	62	0.6514
OWNED_p_TCGA_b102_105_SNP_N_GenomeWideSNP_6_A02_777048	13	19319635	19409709	35	0.1698
OWNED_p_TCGA_b102_105_SNP_N_GenomeWideSNP_6_A02_777048	13	19409847	28176427	6234	0.7787
OWNED_p_TCGA_b102_105_SNP_N_GenomeWideSNP_6_A02_777048	13	28176529	28176625	2	-1.104
OWNED_p_TCGA_b102_105_SNP_N_GenomeWideSNP_6_A02_777048	13	28177866	28618160	310	0.7939
OWNED_p_TCGA_b102_105_SNP_N_GenomeWideSNP_6_A02_777048	13	28618175	28618186	2	-0.8613
OWNED_p_TCGA_b102_105_SNP_N_GenomeWideSNP_6_A02_777048	13	28618198	34188263	4208	0.753
OWNED_p_TCGA_b102_105_SNP_N_GenomeWideSNP_6_A02_777048	13	34192789	34193118	2	-0.8687
OWNED_p_TCGA_b102_105_SNP_N_GenomeWideSNP_6_A02_777048	13	34193376	38075965	2680	0.7267
OWNED_p_TCGA_b102_105_SNP_N_GenomeWideSNP_6_A02_777048	13	38076267	38084757	12	1.5194
OWNED_p_TCGA_b102_105_SNP_N_GenomeWideSNP_6_A02_777048	13	38088330	39052811	700	0.7325
OWNED_p_TCGA_b102_105_SNP_N_GenomeWideSNP_6_A02_777048	13	39057572	39058056	2	-0.5674
OWNED_p_TCGA_b102_105_SNP_N_GenomeWideSNP_6_A02_777048	13	39065057	48003212	6214	0.7688
OWNED_p_TCGA_b102_105_SNP_N_GenomeWideSNP_6_A02_777048	13	48004567	65352131	10126	0.0507
OWNED_p_TCGA_b102_105_SNP_N_GenomeWideSNP_6_A02_777048	13	65352251	65353495	2	-1.7531
OWNED_p_TCGA_b102_105_SNP_N_GenomeWideSNP_6_A02_777048	13	65356283	69242255	2402	0.0276
OWNED_p_TCGA_b102_105_SNP_N_GenomeWideSNP_6_A02_777048	13	69248333	69249481	6	-1.2174
OWNED_p_TCGA_b102_105_SNP_N_GenomeWideSNP_6_A02_777048	13	69250779	69251505	6	-0.0245
OWNED_p_TCGA_b102_105_SNP_N_GenomeWideSNP_6_A02_777048	13	69251649	69268242	26	-1.3707
OWNED_p_TCGA_b102_105_SNP_N_GenomeWideSNP_6_A02_777048	13	69269119	72476988	2065	0.0746
OWNED_p_TCGA_b102_105_SNP_N_GenomeWideSNP_6_A02_777048	13	72477555	72480556	4	1.3056
OWNED_p_TCGA_b102_105_SNP_N_GenomeWideSNP_6_A02_777048	13	72480605	72486483	2	-0.3641
OWNED_p_TCGA_b102_105_SNP_N_GenomeWideSNP_6_A02_777048	13	72486797	77428151	3678	0.0832
OWNED_p_TCGA_b102_105_SNP_N_GenomeWideSNP_6_A02_777048	13	77430611	77432168	2	-1.5882
OWNED_p_TCGA_b102_105_SNP_N_GenomeWideSNP_6_A02_777048	13	77432504	85395301	5015	0.0505
OWNED_p_TCGA_b102_105_SNP_N_GenomeWideSNP_6_A02_777048	13	85396851	85419870	15	-0.3593
OWNED_p_TCGA_b102_105_SNP_N_GenomeWideSNP_6_A02_777048	13	85420441	111499178	18421	-0.0684
OWNED_p_TCGA_b102_105_SNP_N_GenomeWideSNP_6_A02_777048	13	111499763	111723194	177	0.2823
OWNED_p_TCGA_b102_105_SNP_N_GenomeWideSNP_6_A02_777048	13	111724124	111724532	2	-1.645
OWNED_p_TCGA_b102_105_SNP_N_GenomeWideSNP_6_A02_777048	13	111724545	112148200	313	0.2383
OWNED_p_TCGA_b102_105_SNP_N_GenomeWideSNP_6_A02_777048	13	112148273	113520362	807	-0.4483
OWNED_p_TCGA_b102_105_SNP_N_GenomeWideSNP_6_A02_777048	13	113523990	113555050	16	0.028
OWNED_p_TCGA_b102_105_SNP_N_GenomeWideSNP_6_A02_777048	13	113556357	114770445	497	-0.3144
OWNED_p_TCGA_b102_105_SNP_N_GenomeWideSNP_6_A02_777048	13	114782099	114820990	11	0.21
OWNED_p_TCGA_b102_105_SNP_N_GenomeWideSNP_6_A02_777048	13	114821176	115108397	136	-0.3892
OWNED_p_TCGA_b102_105_SNP_N_GenomeWideSNP_6_A02_777048	14	19002124	19422533	29	-0.3304
OWNED_p_TCGA_b102_105_SNP_N_GenomeWideSNP_6_A02_777048	14	19432799	19469520	9	-1.7637
OWNED_p_TCGA_b102_105_SNP_N_GenomeWideSNP_6_A02_777048	14	19541714	20424926	152	-0.4034
OWNED_p_TCGA_b102_105_SNP_N_GenomeWideSNP_6_A02_777048	14	20425509	24455144	2740	-0.0087
OWNED_p_TCGA_b102_105_SNP_N_GenomeWideSNP_6_A02_777048	14	24455425	24489012	21	0.286
OWNED_p_TCGA_b102_105_SNP_N_GenomeWideSNP_6_A02_777048	14	24489019	26783903	1602	-0.0291
OWNED_p_TCGA_b102_105_SNP_N_GenomeWideSNP_6_A02_777048	14	26783911	26783918	7	0.49
OWNED_p_TCGA_b102_105_SNP_N_GenomeWideSNP_6_A02_777048	14	26784913	41608358	9247	-0.0365
OWNED_p_TCGA_b102_105_SNP_N_GenomeWideSNP_6_A02_777048	14	41610496	41657249	13	-0.9765
OWNED_p_TCGA_b102_105_SNP_N_GenomeWideSNP_6_A02_777048	14	41657349	47632916	3487	-0.0509
OWNED_p_TCGA_b102_105_SNP_N_GenomeWideSNP_6_A02_777048	14	47634767	47636016	4	-0.9069
OWNED_p_TCGA_b102_105_SNP_N_GenomeWideSNP_6_A02_777048	14	47650373	47753659	58	-0.0152
OWNED_p_TCGA_b102_105_SNP_N_GenomeWideSNP_6_A02_777048	14	47753683	47753756	2	0.895
OWNED_p_TCGA_b102_105_SNP_N_GenomeWideSNP_6_A02_777048	14	47754329	73995774	16893	-0.0338
OWNED_p_TCGA_b102_105_SNP_N_GenomeWideSNP_6_A02_777048	14	74001123	74029900	10	1.6594
OWNED_p_TCGA_b102_105_SNP_N_GenomeWideSNP_6_A02_777048	14	74029915	106526966	20779	-0.033
OWNED_p_TCGA_b102_105_SNP_N_GenomeWideSNP_6_A02_777048	14	106530364	106547314	8	-0.6377
OWNED_p_TCGA_b102_105_SNP_N_GenomeWideSNP_6_A02_777048	14	106547507	106561441	9	-2.0387
OWNED_p_TCGA_b102_105_SNP_N_GenomeWideSNP_6_A02_777048	14	106567100	106868286	140	-0.0731
OWNED_p_TCGA_b102_105_SNP_N_GenomeWideSNP_6_A02_777048	14	106868554	106918649	55	0.244
OWNED_p_TCGA_b102_105_SNP_N_GenomeWideSNP_6_A02_777048	14	106922531	107153173	133	-0.0288
OWNED_p_TCGA_b102_105_SNP_N_GenomeWideSNP_6_A02_777048	14	107160325	107165591	8	-0.9214
OWNED_p_TCGA_b102_105_SNP_N_GenomeWideSNP_6_A02_777048	14	107166966	107285437	82	-0.0042
OWNED_p_TCGA_b102_105_SNP_N_GenomeWideSNP_6_A02_777048	15	20016328	20820159	156	-0.3923
OWNED_p_TCGA_b102_105_SNP_N_GenomeWideSNP_6_A02_777048	15	20830374	21142183	100	-0.7101
OWNED_p_TCGA_b102_105_SNP_N_GenomeWideSNP_6_A02_777048	15	21142268	21909018	38	-0.3652
OWNED_p_TCGA_b102_105_SNP_N_GenomeWideSNP_6_A02_777048	15	21909391	22287270	17	-0.9314
OWNED_p_TCGA_b102_105_SNP_N_GenomeWideSNP_6_A02_777048	15	22291024	22587474	111	-0.1134
OWNED_p_TCGA_b102_105_SNP_N_GenomeWideSNP_6_A02_777048	15	22673399	22681250	3	-1.6532
OWNED_p_TCGA_b102_105_SNP_N_GenomeWideSNP_6_A02_777048	15	22751094	30450044	4664	-0.3264
OWNED_p_TCGA_b102_105_SNP_N_GenomeWideSNP_6_A02_777048	15	30450369	30900878	105	-0.9373
OWNED_p_TCGA_b102_105_SNP_N_GenomeWideSNP_6_A02_777048	15	30913587	32444055	1047	-0.2826
OWNED_p_TCGA_b102_105_SNP_N_GenomeWideSNP_6_A02_777048	15	32460887	32914078	73	-0.6313
OWNED_p_TCGA_b102_105_SNP_N_GenomeWideSNP_6_A02_777048	15	32914200	56345628	14957	-0.3123
OWNED_p_TCGA_b102_105_SNP_N_GenomeWideSNP_6_A02_777048	15	56347421	56351229	4	-2.0454
OWNED_p_TCGA_b102_105_SNP_N_GenomeWideSNP_6_A02_777048	15	56355045	56790855	245	-0.2906
OWNED_p_TCGA_b102_105_SNP_N_GenomeWideSNP_6_A02_777048	15	56790880	56800977	21	-0.9821
OWNED_p_TCGA_b102_105_SNP_N_GenomeWideSNP_6_A02_777048	15	56801623	67458622	7315	-0.3089
OWNED_p_TCGA_b102_105_SNP_N_GenomeWideSNP_6_A02_777048	15	67458639	67540282	49	-1.3649
OWNED_p_TCGA_b102_105_SNP_N_GenomeWideSNP_6_A02_777048	15	67540999	76848302	5340	-0.3044
OWNED_p_TCGA_b102_105_SNP_N_GenomeWideSNP_6_A02_777048	15	76850960	76895344	26	0.0177
OWNED_p_TCGA_b102_105_SNP_N_GenomeWideSNP_6_A02_777048	15	76895767	76895775	7	0.4632
OWNED_p_TCGA_b102_105_SNP_N_GenomeWideSNP_6_A02_777048	15	76902179	77301333	183	-0.2279
OWNED_p_TCGA_b102_105_SNP_N_GenomeWideSNP_6_A02_777048	15	77301772	77334080	15	0.1919
OWNED_p_TCGA_b102_105_SNP_N_GenomeWideSNP_6_A02_777048	15	77339272	84648493	4316	-0.3005
OWNED_p_TCGA_b102_105_SNP_N_GenomeWideSNP_6_A02_777048	15	84649064	95024089	7621	0.0795
OWNED_p_TCGA_b102_105_SNP_N_GenomeWideSNP_6_A02_777048	15	95024344	95038082	14	-0.9086
OWNED_p_TCGA_b102_105_SNP_N_GenomeWideSNP_6_A02_777048	15	95038994	97808409	2066	0.0292
OWNED_p_TCGA_b102_105_SNP_N_GenomeWideSNP_6_A02_777048	15	97817792	97832187	11	-0.7484
OWNED_p_TCGA_b102_105_SNP_N_GenomeWideSNP_6_A02_777048	15	97833649	101652240	2841	0.0783
OWNED_p_TCGA_b102_105_SNP_N_GenomeWideSNP_6_A02_777048	15	101652830	101706441	43	0.4351
OWNED_p_TCGA_b102_105_SNP_N_GenomeWideSNP_6_A02_777048	15	101706714	102469040	542	0.1482
OWNED_p_TCGA_b102_105_SNP_N_GenomeWideSNP_6_A02_777048	16	60777	5862164	2929	-0.2148
OWNED_p_TCGA_b102_105_SNP_N_GenomeWideSNP_6_A02_777048	16	5862262	5863931	4	-1.2335
OWNED_p_TCGA_b102_105_SNP_N_GenomeWideSNP_6_A02_777048	16	5865956	5986820	131	-0.3473
OWNED_p_TCGA_b102_105_SNP_N_GenomeWideSNP_6_A02_777048	16	5986935	6030333	43	0.0948
OWNED_p_TCGA_b102_105_SNP_N_GenomeWideSNP_6_A02_777048	16	6036358	6270452	278	-0.273
OWNED_p_TCGA_b102_105_SNP_N_GenomeWideSNP_6_A02_777048	16	6270717	6534369	318	0.0407
OWNED_p_TCGA_b102_105_SNP_N_GenomeWideSNP_6_A02_777048	16	6534602	6660169	178	-0.2736
OWNED_p_TCGA_b102_105_SNP_N_GenomeWideSNP_6_A02_777048	16	6663261	6800650	204	0.0266
OWNED_p_TCGA_b102_105_SNP_N_GenomeWideSNP_6_A02_777048	16	6800993	6813287	31	-0.3645
OWNED_p_TCGA_b102_105_SNP_N_GenomeWideSNP_6_A02_777048	16	6813671	6957157	142	-0.0071
OWNED_p_TCGA_b102_105_SNP_N_GenomeWideSNP_6_A02_777048	16	6957887	6957923	2	-1.5895
OWNED_p_TCGA_b102_105_SNP_N_GenomeWideSNP_6_A02_777048	16	6958176	19941968	9241	0.0912
OWNED_p_TCGA_b102_105_SNP_N_GenomeWideSNP_6_A02_777048	16	19943026	19970490	34	-0.2786
OWNED_p_TCGA_b102_105_SNP_N_GenomeWideSNP_6_A02_777048	16	19970818	22577603	1293	0.0615
OWNED_p_TCGA_b102_105_SNP_N_GenomeWideSNP_6_A02_777048	16	22587465	22710742	67	-0.2275
OWNED_p_TCGA_b102_105_SNP_N_GenomeWideSNP_6_A02_777048	16	22712979	27795175	3598	0.0765
OWNED_p_TCGA_b102_105_SNP_N_GenomeWideSNP_6_A02_777048	16	27803751	27842014	50	0.3434
OWNED_p_TCGA_b102_105_SNP_N_GenomeWideSNP_6_A02_777048	16	27842037	78372440	23180	0.0591
OWNED_p_TCGA_b102_105_SNP_N_GenomeWideSNP_6_A02_777048	16	78372611	78383140	13	-1.6726
OWNED_p_TCGA_b102_105_SNP_N_GenomeWideSNP_6_A02_777048	16	78384738	88364271	9887	0.0264
OWNED_p_TCGA_b102_105_SNP_N_GenomeWideSNP_6_A02_777048	16	88368013	88376640	9	0.6452
OWNED_p_TCGA_b102_105_SNP_N_GenomeWideSNP_6_A02_777048	16	88383140	88465415	14	0.1707
OWNED_p_TCGA_b102_105_SNP_N_GenomeWideSNP_6_A02_777048	16	88465430	88480080	9	0.8142
OWNED_p_TCGA_b102_105_SNP_N_GenomeWideSNP_6_A02_777048	16	88489986	88737330	92	0.2333
OWNED_p_TCGA_b102_105_SNP_N_GenomeWideSNP_6_A02_777048	16	88741504	89245955	149	0.4948
OWNED_p_TCGA_b102_105_SNP_N_GenomeWideSNP_6_A02_777048	16	89255374	89632423	227	0.2393
OWNED_p_TCGA_b102_105_SNP_N_GenomeWideSNP_6_A02_777048	16	89644836	89720909	30	0.6552
OWNED_p_TCGA_b102_105_SNP_N_GenomeWideSNP_6_A02_777048	16	89726484	89751960	7	0.1713
OWNED_p_TCGA_b102_105_SNP_N_GenomeWideSNP_6_A02_777048	16	89755537	89769763	6	0.8034
OWNED_p_TCGA_b102_105_SNP_N_GenomeWideSNP_6_A02_777048	16	89797627	90287535	200	0.2134
OWNED_p_TCGA_b102_105_SNP_N_GenomeWideSNP_6_A02_777048	17	526	5023926	2630	-0.2327
OWNED_p_TCGA_b102_105_SNP_N_GenomeWideSNP_6_A02_777048	17	5028502	5044049	9	0.0332
OWNED_p_TCGA_b102_105_SNP_N_GenomeWideSNP_6_A02_777048	17	5047076	15527156	7364	-0.3312
OWNED_p_TCGA_b102_105_SNP_N_GenomeWideSNP_6_A02_777048	17	15543161	15546790	3	-1.6018
OWNED_p_TCGA_b102_105_SNP_N_GenomeWideSNP_6_A02_777048	17	15554278	18317394	1400	-0.2822
OWNED_p_TCGA_b102_105_SNP_N_GenomeWideSNP_6_A02_777048	17	18319862	18453437	27	-0.8337
OWNED_p_TCGA_b102_105_SNP_N_GenomeWideSNP_6_A02_777048	17	18459272	18614435	37	-0.3982
OWNED_p_TCGA_b102_105_SNP_N_GenomeWideSNP_6_A02_777048	17	18615820	18660516	9	0.1886
OWNED_p_TCGA_b102_105_SNP_N_GenomeWideSNP_6_A02_777048	17	18661327	18860763	100	-0.3222
OWNED_p_TCGA_b102_105_SNP_N_GenomeWideSNP_6_A02_777048	17	18861310	19227600	91	0.129
OWNED_p_TCGA_b102_105_SNP_N_GenomeWideSNP_6_A02_777048	17	19234475	21566353	1086	-0.2571
OWNED_p_TCGA_b102_105_SNP_N_GenomeWideSNP_6_A02_777048	17	21693871	22227741	223	0.1986
OWNED_p_TCGA_b102_105_SNP_N_GenomeWideSNP_6_A02_777048	17	22227836	25778019	258	-0.244
OWNED_p_TCGA_b102_105_SNP_N_GenomeWideSNP_6_A02_777048	17	25779090	25787863	7	0.4469
OWNED_p_TCGA_b102_105_SNP_N_GenomeWideSNP_6_A02_777048	17	25793872	39423014	7664	-0.2895
OWNED_p_TCGA_b102_105_SNP_N_GenomeWideSNP_6_A02_777048	17	39423026	39429949	18	0.6861
OWNED_p_TCGA_b102_105_SNP_N_GenomeWideSNP_6_A02_777048	17	39430157	39430531	5	2.0093
OWNED_p_TCGA_b102_105_SNP_N_GenomeWideSNP_6_A02_777048	17	39432724	43841912	2284	-0.2641
OWNED_p_TCGA_b102_105_SNP_N_GenomeWideSNP_6_A02_777048	17	43842473	43929696	57	0.0932
OWNED_p_TCGA_b102_105_SNP_N_GenomeWideSNP_6_A02_777048	17	43935631	44163098	170	-0.1636
OWNED_p_TCGA_b102_105_SNP_N_GenomeWideSNP_6_A02_777048	17	44165803	44364170	125	0.1445
OWNED_p_TCGA_b102_105_SNP_N_GenomeWideSNP_6_A02_777048	17	44394412	44752300	48	-0.6424
OWNED_p_TCGA_b102_105_SNP_N_GenomeWideSNP_6_A02_777048	17	44764994	48521284	1967	-0.3
OWNED_p_TCGA_b102_105_SNP_N_GenomeWideSNP_6_A02_777048	17	48522178	49147686	312	0.3435
OWNED_p_TCGA_b102_105_SNP_N_GenomeWideSNP_6_A02_777048	17	49153764	49230469	31	-0.2434
OWNED_p_TCGA_b102_105_SNP_N_GenomeWideSNP_6_A02_777048	17	49233971	49340984	40	0.2722
OWNED_p_TCGA_b102_105_SNP_N_GenomeWideSNP_6_A02_777048	17	49341914	49405906	37	0.6342
OWNED_p_TCGA_b102_105_SNP_N_GenomeWideSNP_6_A02_777048	17	49410834	49453955	42	0.8931
OWNED_p_TCGA_b102_105_SNP_N_GenomeWideSNP_6_A02_777048	17	49454290	51755168	1663	0.6363
OWNED_p_TCGA_b102_105_SNP_N_GenomeWideSNP_6_A02_777048	17	51763936	54840852	2292	0.2839
OWNED_p_TCGA_b102_105_SNP_N_GenomeWideSNP_6_A02_777048	17	54842873	55687489	615	-0.3097
OWNED_p_TCGA_b102_105_SNP_N_GenomeWideSNP_6_A02_777048	17	55688333	55688993	2	1.1391
OWNED_p_TCGA_b102_105_SNP_N_GenomeWideSNP_6_A02_777048	17	55691993	60466146	2418	-0.285
OWNED_p_TCGA_b102_105_SNP_N_GenomeWideSNP_6_A02_777048	17	60468379	63047885	1174	0.2984
OWNED_p_TCGA_b102_105_SNP_N_GenomeWideSNP_6_A02_777048	17	63050466	63234009	133	0.8463
OWNED_p_TCGA_b102_105_SNP_N_GenomeWideSNP_6_A02_777048	17	63234140	63385971	124	0.6536
OWNED_p_TCGA_b102_105_SNP_N_GenomeWideSNP_6_A02_777048	17	63390029	63655961	179	0.3342
OWNED_p_TCGA_b102_105_SNP_N_GenomeWideSNP_6_A02_777048	17	63657148	64125331	274	0.7661
OWNED_p_TCGA_b102_105_SNP_N_GenomeWideSNP_6_A02_777048	17	64127933	66991003	1867	0.3174
OWNED_p_TCGA_b102_105_SNP_N_GenomeWideSNP_6_A02_777048	17	66991581	70125690	2324	0.7156
OWNED_p_TCGA_b102_105_SNP_N_GenomeWideSNP_6_A02_777048	17	70126310	70142596	15	1.119
OWNED_p_TCGA_b102_105_SNP_N_GenomeWideSNP_6_A02_777048	17	70142678	70329152	163	0.7524
OWNED_p_TCGA_b102_105_SNP_N_GenomeWideSNP_6_A02_777048	17	70329785	70645752	241	1.0461
OWNED_p_TCGA_b102_105_SNP_N_GenomeWideSNP_6_A02_777048	17	70646796	71114465	418	0.7173
OWNED_p_TCGA_b102_105_SNP_N_GenomeWideSNP_6_A02_777048	17	71115290	72751663	1075	0.3995
OWNED_p_TCGA_b102_105_SNP_N_GenomeWideSNP_6_A02_777048	17	72757521	79247195	3497	-0.2526
OWNED_p_TCGA_b102_105_SNP_N_GenomeWideSNP_6_A02_777048	17	79247798	79253402	3	-0.6133
OWNED_p_TCGA_b102_105_SNP_N_GenomeWideSNP_6_A02_777048	17	79253578	79351790	36	-0.1772
OWNED_p_TCGA_b102_105_SNP_N_GenomeWideSNP_6_A02_777048	17	79352473	79389251	3	-0.6154
OWNED_p_TCGA_b102_105_SNP_N_GenomeWideSNP_6_A02_777048	17	79390013	79447708	29	0.0755
OWNED_p_TCGA_b102_105_SNP_N_GenomeWideSNP_6_A02_777048	17	79452162	80958606	568	-0.2307
OWNED_p_TCGA_b102_105_SNP_N_GenomeWideSNP_6_A02_777048	17	80958632	80984075	18	0.1679
OWNED_p_TCGA_b102_105_SNP_N_GenomeWideSNP_6_A02_777048	17	80985269	81006782	14	-0.2387
OWNED_p_TCGA_b102_105_SNP_N_GenomeWideSNP_6_A02_777048	17	81012185	81049726	11	0.4906
OWNED_p_TCGA_b102_105_SNP_N_GenomeWideSNP_6_A02_777048	18	11543	12133228	8774	-0.8331
OWNED_p_TCGA_b102_105_SNP_N_GenomeWideSNP_6_A02_777048	18	12134153	15402408	1569	0.0166
OWNED_p_TCGA_b102_105_SNP_N_GenomeWideSNP_6_A02_777048	18	18529353	20322762	901	-0.2894
OWNED_p_TCGA_b102_105_SNP_N_GenomeWideSNP_6_A02_777048	18	20332269	20422617	37	0.255
OWNED_p_TCGA_b102_105_SNP_N_GenomeWideSNP_6_A02_777048	18	20424154	20531677	46	-0.3477
OWNED_p_TCGA_b102_105_SNP_N_GenomeWideSNP_6_A02_777048	18	20536026	20639454	42	0.29
OWNED_p_TCGA_b102_105_SNP_N_GenomeWideSNP_6_A02_777048	18	20642174	20650148	10	1.9869
OWNED_p_TCGA_b102_105_SNP_N_GenomeWideSNP_6_A02_777048	18	20652523	20683399	19	-0.3199
OWNED_p_TCGA_b102_105_SNP_N_GenomeWideSNP_6_A02_777048	18	20689240	20913883	148	0.275
OWNED_p_TCGA_b102_105_SNP_N_GenomeWideSNP_6_A02_777048	18	20917831	20991959	41	-0.4231
OWNED_p_TCGA_b102_105_SNP_N_GenomeWideSNP_6_A02_777048	18	20996401	21027035	11	0.0223
OWNED_p_TCGA_b102_105_SNP_N_GenomeWideSNP_6_A02_777048	18	21027114	21064374	20	-0.4079
OWNED_p_TCGA_b102_105_SNP_N_GenomeWideSNP_6_A02_777048	18	21066921	21067943	3	0.1412
OWNED_p_TCGA_b102_105_SNP_N_GenomeWideSNP_6_A02_777048	18	21071925	21103971	13	0.9303
OWNED_p_TCGA_b102_105_SNP_N_GenomeWideSNP_6_A02_777048	18	21105210	21163328	42	0.2152
OWNED_p_TCGA_b102_105_SNP_N_GenomeWideSNP_6_A02_777048	18	21163933	21836160	408	-0.3199
OWNED_p_TCGA_b102_105_SNP_N_GenomeWideSNP_6_A02_777048	18	21839868	21852735	18	0.2835
OWNED_p_TCGA_b102_105_SNP_N_GenomeWideSNP_6_A02_777048	18	21859646	21881359	12	-0.1747
OWNED_p_TCGA_b102_105_SNP_N_GenomeWideSNP_6_A02_777048	18	21881398	21885769	4	0.2663
OWNED_p_TCGA_b102_105_SNP_N_GenomeWideSNP_6_A02_777048	18	21886823	21911900	20	1.0459
OWNED_p_TCGA_b102_105_SNP_N_GenomeWideSNP_6_A02_777048	18	21916012	21960582	31	1.7705
OWNED_p_TCGA_b102_105_SNP_N_GenomeWideSNP_6_A02_777048	18	21962967	22065245	76	-0.0376
OWNED_p_TCGA_b102_105_SNP_N_GenomeWideSNP_6_A02_777048	18	22065274	23273697	877	-0.3627
OWNED_p_TCGA_b102_105_SNP_N_GenomeWideSNP_6_A02_777048	18	23273898	23276782	3	-1.7691
OWNED_p_TCGA_b102_105_SNP_N_GenomeWideSNP_6_A02_777048	18	23277653	60668270	24781	-0.3228
OWNED_p_TCGA_b102_105_SNP_N_GenomeWideSNP_6_A02_777048	18	60669437	60673535	3	-1.8254
OWNED_p_TCGA_b102_105_SNP_N_GenomeWideSNP_6_A02_777048	18	60673612	63727545	2274	-0.3283
OWNED_p_TCGA_b102_105_SNP_N_GenomeWideSNP_6_A02_777048	18	63727599	63728340	10	-0.9798
OWNED_p_TCGA_b102_105_SNP_N_GenomeWideSNP_6_A02_777048	18	63732738	67314577	2718	-0.3396
OWNED_p_TCGA_b102_105_SNP_N_GenomeWideSNP_6_A02_777048	18	67315898	67317946	2	-2.4729
OWNED_p_TCGA_b102_105_SNP_N_GenomeWideSNP_6_A02_777048	18	67318377	78015057	7669	-0.3442
OWNED_p_TCGA_b102_105_SNP_N_GenomeWideSNP_6_A02_777048	19	90910	3308096	891	0.1809
OWNED_p_TCGA_b102_105_SNP_N_GenomeWideSNP_6_A02_777048	19	3319718	3321677	3	1.067
OWNED_p_TCGA_b102_105_SNP_N_GenomeWideSNP_6_A02_777048	19	3321710	4488926	290	0.1213
OWNED_p_TCGA_b102_105_SNP_N_GenomeWideSNP_6_A02_777048	19	4500284	4521625	7	0.8917
OWNED_p_TCGA_b102_105_SNP_N_GenomeWideSNP_6_A02_777048	19	4525089	16685057	5980	0.056
OWNED_p_TCGA_b102_105_SNP_N_GenomeWideSNP_6_A02_777048	19	16689529	16713047	20	0.4648
OWNED_p_TCGA_b102_105_SNP_N_GenomeWideSNP_6_A02_777048	19	16713332	19856139	1360	0.087
OWNED_p_TCGA_b102_105_SNP_N_GenomeWideSNP_6_A02_777048	19	19856454	19861682	4	0.8375
OWNED_p_TCGA_b102_105_SNP_N_GenomeWideSNP_6_A02_777048	19	19863631	20594676	415	-0.0047
OWNED_p_TCGA_b102_105_SNP_N_GenomeWideSNP_6_A02_777048	19	20596206	20721462	72	-0.7405
OWNED_p_TCGA_b102_105_SNP_N_GenomeWideSNP_6_A02_777048	19	20723845	41066461	10434	0.0259
OWNED_p_TCGA_b102_105_SNP_N_GenomeWideSNP_6_A02_777048	19	41068931	41128066	20	0.4087
OWNED_p_TCGA_b102_105_SNP_N_GenomeWideSNP_6_A02_777048	19	41130233	43694930	1244	0.0684
OWNED_p_TCGA_b102_105_SNP_N_GenomeWideSNP_6_A02_777048	19	43696975	43756237	24	-0.7506
OWNED_p_TCGA_b102_105_SNP_N_GenomeWideSNP_6_A02_777048	19	43766659	52131813	4167	0.0901
OWNED_p_TCGA_b102_105_SNP_N_GenomeWideSNP_6_A02_777048	19	52142352	52148197	11	-1.9371
OWNED_p_TCGA_b102_105_SNP_N_GenomeWideSNP_6_A02_777048	19	52154905	59097854	4374	0.0321
OWNED_p_TCGA_b102_105_SNP_N_GenomeWideSNP_6_A02_777048	20	61305	61548	8	0.3042
OWNED_p_TCGA_b102_105_SNP_N_GenomeWideSNP_6_A02_777048	20	61582	1552503	1174	-0.2868
OWNED_p_TCGA_b102_105_SNP_N_GenomeWideSNP_6_A02_777048	20	1557190	1560999	21	-1.2596
OWNED_p_TCGA_b102_105_SNP_N_GenomeWideSNP_6_A02_777048	20	1561580	1593893	41	0.201
OWNED_p_TCGA_b102_105_SNP_N_GenomeWideSNP_6_A02_777048	20	1597946	26266098	18744	-0.3233
OWNED_p_TCGA_b102_105_SNP_N_GenomeWideSNP_6_A02_777048	20	26266313	26305579	13	-0.0086
OWNED_p_TCGA_b102_105_SNP_N_GenomeWideSNP_6_A02_777048	20	29420352	29648981	59	0.3765
OWNED_p_TCGA_b102_105_SNP_N_GenomeWideSNP_6_A02_777048	20	29648997	40359519	5932	0.6691
OWNED_p_TCGA_b102_105_SNP_N_GenomeWideSNP_6_A02_777048	20	40360023	40360027	5	-0.1825
OWNED_p_TCGA_b102_105_SNP_N_GenomeWideSNP_6_A02_777048	20	40360784	41260658	827	0.6575
OWNED_p_TCGA_b102_105_SNP_N_GenomeWideSNP_6_A02_777048	20	41260761	41265499	13	0.1805
OWNED_p_TCGA_b102_105_SNP_N_GenomeWideSNP_6_A02_777048	20	41268091	62219837	15268	0.6993
OWNED_p_TCGA_b102_105_SNP_N_GenomeWideSNP_6_A02_777048	20	62219855	62297556	38	0.9821
OWNED_p_TCGA_b102_105_SNP_N_GenomeWideSNP_6_A02_777048	20	62297802	62338383	28	1.3078
OWNED_p_TCGA_b102_105_SNP_N_GenomeWideSNP_6_A02_777048	20	62342695	62615489	74	0.9187
OWNED_p_TCGA_b102_105_SNP_N_GenomeWideSNP_6_A02_777048	20	62615756	62648184	18	0.5992
OWNED_p_TCGA_b102_105_SNP_N_GenomeWideSNP_6_A02_777048	20	62648208	62956153	155	0.9717
OWNED_p_TCGA_b102_105_SNP_N_GenomeWideSNP_6_A02_777048	21	10736871	10934086	31	-0.1639
OWNED_p_TCGA_b102_105_SNP_N_GenomeWideSNP_6_A02_777048	21	10935910	11000518	38	0.2513
OWNED_p_TCGA_b102_105_SNP_N_GenomeWideSNP_6_A02_777048	21	11000602	15302752	398	-0.0728
OWNED_p_TCGA_b102_105_SNP_N_GenomeWideSNP_6_A02_777048	21	15303312	32384490	12429	-0.7844
OWNED_p_TCGA_b102_105_SNP_N_GenomeWideSNP_6_A02_777048	21	32386799	44549658	9376	0.0404
OWNED_p_TCGA_b102_105_SNP_N_GenomeWideSNP_6_A02_777048	21	44550840	44884252	178	0.3345
OWNED_p_TCGA_b102_105_SNP_N_GenomeWideSNP_6_A02_777048	21	44886119	45808987	492	0.1098
OWNED_p_TCGA_b102_105_SNP_N_GenomeWideSNP_6_A02_777048	21	45810671	45868239	15	0.5907
OWNED_p_TCGA_b102_105_SNP_N_GenomeWideSNP_6_A02_777048	21	45868352	46667858	502	0.0636
OWNED_p_TCGA_b102_105_SNP_N_GenomeWideSNP_6_A02_777048	21	46669217	46821757	82	0.3044
OWNED_p_TCGA_b102_105_SNP_N_GenomeWideSNP_6_A02_777048	21	46822265	46976694	61	0.5622
OWNED_p_TCGA_b102_105_SNP_N_GenomeWideSNP_6_A02_777048	21	46979646	48096957	669	0.0967
OWNED_p_TCGA_b102_105_SNP_N_GenomeWideSNP_6_A02_777048	22	16052528	19643555	1724	-0.2702
OWNED_p_TCGA_b102_105_SNP_N_GenomeWideSNP_6_A02_777048	22	19643844	19821659	97	0.1107
OWNED_p_TCGA_b102_105_SNP_N_GenomeWideSNP_6_A02_777048	22	19822204	19829803	6	-0.5214
OWNED_p_TCGA_b102_105_SNP_N_GenomeWideSNP_6_A02_777048	22	19833436	19914854	66	0.0823
OWNED_p_TCGA_b102_105_SNP_N_GenomeWideSNP_6_A02_777048	22	19915326	19927146	7	-0.7463
OWNED_p_TCGA_b102_105_SNP_N_GenomeWideSNP_6_A02_777048	22	19927272	20499111	243	0.0945
OWNED_p_TCGA_b102_105_SNP_N_GenomeWideSNP_6_A02_777048	22	20662706	20765021	42	-0.2066
OWNED_p_TCGA_b102_105_SNP_N_GenomeWideSNP_6_A02_777048	22	20767108	20805242	27	0.1519
OWNED_p_TCGA_b102_105_SNP_N_GenomeWideSNP_6_A02_777048	22	20808713	21708108	638	-0.1746
OWNED_p_TCGA_b102_105_SNP_N_GenomeWideSNP_6_A02_777048	22	21721603	21726510	5	0.7629
OWNED_p_TCGA_b102_105_SNP_N_GenomeWideSNP_6_A02_777048	22	21728120	21816452	13	0.0592
OWNED_p_TCGA_b102_105_SNP_N_GenomeWideSNP_6_A02_777048	22	21816482	21840595	13	0.5676
OWNED_p_TCGA_b102_105_SNP_N_GenomeWideSNP_6_A02_777048	22	21840674	22468619	406	-0.1835
OWNED_p_TCGA_b102_105_SNP_N_GenomeWideSNP_6_A02_777048	22	22473918	22474613	6	-1.4332
OWNED_p_TCGA_b102_105_SNP_N_GenomeWideSNP_6_A02_777048	22	22481498	23416005	727	-0.1943
OWNED_p_TCGA_b102_105_SNP_N_GenomeWideSNP_6_A02_777048	22	23416580	23468609	32	0.2093
OWNED_p_TCGA_b102_105_SNP_N_GenomeWideSNP_6_A02_777048	22	23469918	23816428	227	-0.1713
OWNED_p_TCGA_b102_105_SNP_N_GenomeWideSNP_6_A02_777048	22	23817240	23887749	55	-0.4195
OWNED_p_TCGA_b102_105_SNP_N_GenomeWideSNP_6_A02_777048	22	23889134	23936854	27	-0.092
OWNED_p_TCGA_b102_105_SNP_N_GenomeWideSNP_6_A02_777048	22	23936905	23937732	4	-1.1017
OWNED_p_TCGA_b102_105_SNP_N_GenomeWideSNP_6_A02_777048	22	23953204	24271692	208	-0.2416
OWNED_p_TCGA_b102_105_SNP_N_GenomeWideSNP_6_A02_777048	22	24271745	24332933	31	0.2606
OWNED_p_TCGA_b102_105_SNP_N_GenomeWideSNP_6_A02_777048	22	24337307	24370430	12	-0.6622
OWNED_p_TCGA_b102_105_SNP_N_GenomeWideSNP_6_A02_777048	22	24371070	24385546	4	-2.2057
OWNED_p_TCGA_b102_105_SNP_N_GenomeWideSNP_6_A02_777048	22	24386631	25735870	874	-0.2826
OWNED_p_TCGA_b102_105_SNP_N_GenomeWideSNP_6_A02_777048	22	25735899	25799068	89	0.0186
OWNED_p_TCGA_b102_105_SNP_N_GenomeWideSNP_6_A02_777048	22	25799113	29534621	3199	-0.3142
OWNED_p_TCGA_b102_105_SNP_N_GenomeWideSNP_6_A02_777048	22	29535810	29535889	3	-1.3633
OWNED_p_TCGA_b102_105_SNP_N_GenomeWideSNP_6_A02_777048	22	29536343	32815346	1869	-0.2753
OWNED_p_TCGA_b102_105_SNP_N_GenomeWideSNP_6_A02_777048	22	32820366	32820480	2	-1.7999
OWNED_p_TCGA_b102_105_SNP_N_GenomeWideSNP_6_A02_777048	22	32825944	36672576	3250	-0.3212
OWNED_p_TCGA_b102_105_SNP_N_GenomeWideSNP_6_A02_777048	22	36675407	36705104	26	0.1361
OWNED_p_TCGA_b102_105_SNP_N_GenomeWideSNP_6_A02_777048	22	36705429	38506688	1069	-0.2854
OWNED_p_TCGA_b102_105_SNP_N_GenomeWideSNP_6_A02_777048	22	38510598	38528494	10	0.356
OWNED_p_TCGA_b102_105_SNP_N_GenomeWideSNP_6_A02_777048	22	38529140	42299927	2051	-0.2788
OWNED_p_TCGA_b102_105_SNP_N_GenomeWideSNP_6_A02_777048	22	42314413	42324169	6	0.7124
OWNED_p_TCGA_b102_105_SNP_N_GenomeWideSNP_6_A02_777048	22	42332622	42705371	206	-0.281
OWNED_p_TCGA_b102_105_SNP_N_GenomeWideSNP_6_A02_777048	22	42710052	42727423	11	0.2548
OWNED_p_TCGA_b102_105_SNP_N_GenomeWideSNP_6_A02_777048	22	42727931	43125128	211	-0.2127
OWNED_p_TCGA_b102_105_SNP_N_GenomeWideSNP_6_A02_777048	22	43126548	43130279	2	-2.6952
OWNED_p_TCGA_b102_105_SNP_N_GenomeWideSNP_6_A02_777048	22	43130398	51234455	5998	-0.2463
OWNED_p_TCGA_b102_105_SNP_N_GenomeWideSNP_6_A02_777048	X	168477	1226875	83	0.3821
OWNED_p_TCGA_b102_105_SNP_N_GenomeWideSNP_6_A02_777048	X	1878446	115133681	60342	0.0144
OWNED_p_TCGA_b102_105_SNP_N_GenomeWideSNP_6_A02_777048	X	115137955	115150638	7	-0.996
OWNED_p_TCGA_b102_105_SNP_N_GenomeWideSNP_6_A02_777048	X	115156419	116074320	578	0.0354
OWNED_p_TCGA_b102_105_SNP_N_GenomeWideSNP_6_A02_777048	X	116075799	116108986	15	0.6662
OWNED_p_TCGA_b102_105_SNP_N_GenomeWideSNP_6_A02_777048	X	116114541	153566653	22413	-0.0035
OWNED_p_TCGA_b102_105_SNP_N_GenomeWideSNP_6_A02_777048	X	153566731	153616451	62	0.6341
OWNED_p_TCGA_b102_105_SNP_N_GenomeWideSNP_6_A02_777048	X	153621019	155182354	553	0.0704
OWNED_p_TCGA_b102_105_SNP_N_GenomeWideSNP_6_A02_777048	Y	2650438	6101425	868	-1.7189
OWNED_p_TCGA_b102_105_SNP_N_GenomeWideSNP_6_A02_777048	Y	6107901	6282097	79	-2.3041
OWNED_p_TCGA_b102_105_SNP_N_GenomeWideSNP_6_A02_777048	Y	6283866	8500902	1225	-1.8256
OWNED_p_TCGA_b102_105_SNP_N_GenomeWideSNP_6_A02_777048	Y	8502236	8508748	3	-5.8635
OWNED_p_TCGA_b102_105_SNP_N_GenomeWideSNP_6_A02_777048	Y	8509069	15590276	1396	-1.862
OWNED_p_TCGA_b102_105_SNP_N_GenomeWideSNP_6_A02_777048	Y	15590342	15594523	3	-6.7633
OWNED_p_TCGA_b102_105_SNP_N_GenomeWideSNP_6_A02_777048	Y	15594889	19571480	2078	-1.852
OWNED_p_TCGA_b102_105_SNP_N_GenomeWideSNP_6_A02_777048	Y	19574890	21028957	674	-2.1808
OWNED_p_TCGA_b102_105_SNP_N_GenomeWideSNP_6_A02_777048	Y	21029230	21726325	299	-1.8218
OWNED_p_TCGA_b102_105_SNP_N_GenomeWideSNP_6_A02_777048	Y	21726388	21730257	2	-5.6385
OWNED_p_TCGA_b102_105_SNP_N_GenomeWideSNP_6_A02_777048	Y	21730587	21910311	68	-1.9305
OWNED_p_TCGA_b102_105_SNP_N_GenomeWideSNP_6_A02_777048	Y	21917313	21917832	2	-7.3808
OWNED_p_TCGA_b102_105_SNP_N_GenomeWideSNP_6_A02_777048	Y	21918198	22914301	289	-1.8362
OWNED_p_TCGA_b102_105_SNP_N_GenomeWideSNP_6_A02_777048	Y	22914378	22918577	2	-4.6779
OWNED_p_TCGA_b102_105_SNP_N_GenomeWideSNP_6_A02_777048	Y	22918892	24514859	608	-1.8947
OWNED_p_TCGA_b102_105_SNP_N_GenomeWideSNP_6_A02_777048	Y	24515802	24631710	49	-2.1954
OWNED_p_TCGA_b102_105_SNP_N_GenomeWideSNP_6_A02_777048	Y	24635784	24951001	30	-2.833
OWNED_p_TCGA_b102_105_SNP_N_GenomeWideSNP_6_A02_777048	Y	24964952	26619135	332	-2.0882
OWNED_p_TCGA_b102_105_SNP_N_GenomeWideSNP_6_A02_777048	Y	26630929	26805564	34	-2.8326
OWNED_p_TCGA_b102_105_SNP_N_GenomeWideSNP_6_A02_777048	Y	26812798	28423938	395	-2.1472
OWNED_p_TCGA_b102_105_SNP_N_GenomeWideSNP_6_A02_777048	Y	28438116	59018259	183	-1.7392
