Sample	Chromosome	Start	End	Num_Probes	Segment_Mean
HELVE_p_TCGA_b139_154_155_SNP_N_GenomeWideSNP_6_C06_808712	1	61735	72768916	43030	-0.0123
HELVE_p_TCGA_b139_154_155_SNP_N_GenomeWideSNP_6_C06_808712	1	72768936	72817021	49	-0.8586
HELVE_p_TCGA_b139_154_155_SNP_N_GenomeWideSNP_6_C06_808712	1	72818599	106019205	21023	0.0079
HELVE_p_TCGA_b139_154_155_SNP_N_GenomeWideSNP_6_C06_808712	1	106019236	106022375	16	-1.7632
HELVE_p_TCGA_b139_154_155_SNP_N_GenomeWideSNP_6_C06_808712	1	106024055	110232974	2672	0.0128
HELVE_p_TCGA_b139_154_155_SNP_N_GenomeWideSNP_6_C06_808712	1	110233037	110246281	23	-0.8463
HELVE_p_TCGA_b139_154_155_SNP_N_GenomeWideSNP_6_C06_808712	1	110250235	110361682	82	2e-04
HELVE_p_TCGA_b139_154_155_SNP_N_GenomeWideSNP_6_C06_808712	1	110361721	110363019	2	-1.2375
HELVE_p_TCGA_b139_154_155_SNP_N_GenomeWideSNP_6_C06_808712	1	110363936	112690326	1865	0.004
HELVE_p_TCGA_b139_154_155_SNP_N_GenomeWideSNP_6_C06_808712	1	112695965	112697213	22	-1.5694
HELVE_p_TCGA_b139_154_155_SNP_N_GenomeWideSNP_6_C06_808712	1	112697241	145157461	5408	0.0027
HELVE_p_TCGA_b139_154_155_SNP_N_GenomeWideSNP_6_C06_808712	1	145158421	145390114	55	-0.4437
HELVE_p_TCGA_b139_154_155_SNP_N_GenomeWideSNP_6_C06_808712	1	145390170	155180466	4163	-0.0023
HELVE_p_TCGA_b139_154_155_SNP_N_GenomeWideSNP_6_C06_808712	1	155189160	155201064	11	1.0498
HELVE_p_TCGA_b139_154_155_SNP_N_GenomeWideSNP_6_C06_808712	1	155211667	169216937	9984	0.0158
HELVE_p_TCGA_b139_154_155_SNP_N_GenomeWideSNP_6_C06_808712	1	169233974	169241766	7	-1.7647
HELVE_p_TCGA_b139_154_155_SNP_N_GenomeWideSNP_6_C06_808712	1	169242401	249224388	54218	0.0085
HELVE_p_TCGA_b139_154_155_SNP_N_GenomeWideSNP_6_C06_808712	2	12784	4205687	2988	-0.0091
HELVE_p_TCGA_b139_154_155_SNP_N_GenomeWideSNP_6_C06_808712	2	4213864	4223167	36	-0.5127
HELVE_p_TCGA_b139_154_155_SNP_N_GenomeWideSNP_6_C06_808712	2	4223512	34691069	21079	0.0032
HELVE_p_TCGA_b139_154_155_SNP_N_GenomeWideSNP_6_C06_808712	2	34699315	34737163	47	0.5803
HELVE_p_TCGA_b139_154_155_SNP_N_GenomeWideSNP_6_C06_808712	2	34737556	52736794	13030	0.0043
HELVE_p_TCGA_b139_154_155_SNP_N_GenomeWideSNP_6_C06_808712	2	52737183	52781542	49	0.4147
HELVE_p_TCGA_b139_154_155_SNP_N_GenomeWideSNP_6_C06_808712	2	52787949	98118212	24074	0.0015
HELVE_p_TCGA_b139_154_155_SNP_N_GenomeWideSNP_6_C06_808712	2	98140747	98166878	10	-1.1254
HELVE_p_TCGA_b139_154_155_SNP_N_GenomeWideSNP_6_C06_808712	2	98168606	108440736	6578	0.0075
HELVE_p_TCGA_b139_154_155_SNP_N_GenomeWideSNP_6_C06_808712	2	108446969	108480907	2	-1.7275
HELVE_p_TCGA_b139_154_155_SNP_N_GenomeWideSNP_6_C06_808712	2	108492088	146864429	22936	5e-04
HELVE_p_TCGA_b139_154_155_SNP_N_GenomeWideSNP_6_C06_808712	2	146864443	146866934	22	0.7696
HELVE_p_TCGA_b139_154_155_SNP_N_GenomeWideSNP_6_C06_808712	2	146877806	184793232	23293	0.0104
HELVE_p_TCGA_b139_154_155_SNP_N_GenomeWideSNP_6_C06_808712	2	184793800	184802441	19	-0.6089
HELVE_p_TCGA_b139_154_155_SNP_N_GenomeWideSNP_6_C06_808712	2	184808589	194949683	5703	0.0207
HELVE_p_TCGA_b139_154_155_SNP_N_GenomeWideSNP_6_C06_808712	2	194949966	195002985	27	0.3803
HELVE_p_TCGA_b139_154_155_SNP_N_GenomeWideSNP_6_C06_808712	2	195005907	242915552	29949	0.0038
HELVE_p_TCGA_b139_154_155_SNP_N_GenomeWideSNP_6_C06_808712	2	242917306	243026258	100	-0.827
HELVE_p_TCGA_b139_154_155_SNP_N_GenomeWideSNP_6_C06_808712	2	243029299	243089456	40	-0.133
HELVE_p_TCGA_b139_154_155_SNP_N_GenomeWideSNP_6_C06_808712	3	60345	1960255	1734	0.0026
HELVE_p_TCGA_b139_154_155_SNP_N_GenomeWideSNP_6_C06_808712	3	1966218	1982655	13	-0.7172
HELVE_p_TCGA_b139_154_155_SNP_N_GenomeWideSNP_6_C06_808712	3	1988020	6646543	4090	0.012
HELVE_p_TCGA_b139_154_155_SNP_N_GenomeWideSNP_6_C06_808712	3	6651128	6652079	11	-0.7332
HELVE_p_TCGA_b139_154_155_SNP_N_GenomeWideSNP_6_C06_808712	3	6652113	26613201	14210	0.0068
HELVE_p_TCGA_b139_154_155_SNP_N_GenomeWideSNP_6_C06_808712	3	26614974	26614985	8	-0.7742
HELVE_p_TCGA_b139_154_155_SNP_N_GenomeWideSNP_6_C06_808712	3	26615949	46793377	13166	0.012
HELVE_p_TCGA_b139_154_155_SNP_N_GenomeWideSNP_6_C06_808712	3	46801817	46849589	40	-0.6383
HELVE_p_TCGA_b139_154_155_SNP_N_GenomeWideSNP_6_C06_808712	3	46859479	65188453	12088	0.0064
HELVE_p_TCGA_b139_154_155_SNP_N_GenomeWideSNP_6_C06_808712	3	65189235	65210452	53	-0.5287
HELVE_p_TCGA_b139_154_155_SNP_N_GenomeWideSNP_6_C06_808712	3	65216349	68746164	2422	0.0015
HELVE_p_TCGA_b139_154_155_SNP_N_GenomeWideSNP_6_C06_808712	3	68746259	68747413	14	-1.1167
HELVE_p_TCGA_b139_154_155_SNP_N_GenomeWideSNP_6_C06_808712	3	68748758	119350345	28618	0.0011
HELVE_p_TCGA_b139_154_155_SNP_N_GenomeWideSNP_6_C06_808712	3	119351398	119353938	5	-1.0892
HELVE_p_TCGA_b139_154_155_SNP_N_GenomeWideSNP_6_C06_808712	3	119355411	129785940	6106	0.0085
HELVE_p_TCGA_b139_154_155_SNP_N_GenomeWideSNP_6_C06_808712	3	129786209	129806052	45	0.4012
HELVE_p_TCGA_b139_154_155_SNP_N_GenomeWideSNP_6_C06_808712	3	129806236	131992773	1447	0.0024
HELVE_p_TCGA_b139_154_155_SNP_N_GenomeWideSNP_6_C06_808712	3	131993236	131995684	2	-2.2656
HELVE_p_TCGA_b139_154_155_SNP_N_GenomeWideSNP_6_C06_808712	3	132000477	143285765	6927	0.011
HELVE_p_TCGA_b139_154_155_SNP_N_GenomeWideSNP_6_C06_808712	3	143285800	143285974	4	1.3304
HELVE_p_TCGA_b139_154_155_SNP_N_GenomeWideSNP_6_C06_808712	3	143286801	162508192	11904	0.0068
HELVE_p_TCGA_b139_154_155_SNP_N_GenomeWideSNP_6_C06_808712	3	162508268	162625995	71	0.6208
HELVE_p_TCGA_b139_154_155_SNP_N_GenomeWideSNP_6_C06_808712	3	162626572	176455642	8531	0.0097
HELVE_p_TCGA_b139_154_155_SNP_N_GenomeWideSNP_6_C06_808712	3	176456016	176456305	4	-1.2752
HELVE_p_TCGA_b139_154_155_SNP_N_GenomeWideSNP_6_C06_808712	3	176458909	192877902	10659	0.0033
HELVE_p_TCGA_b139_154_155_SNP_N_GenomeWideSNP_6_C06_808712	3	192877962	192879006	6	1.0699
HELVE_p_TCGA_b139_154_155_SNP_N_GenomeWideSNP_6_C06_808712	3	192880473	195186140	1476	-0.0055
HELVE_p_TCGA_b139_154_155_SNP_N_GenomeWideSNP_6_C06_808712	3	195194569	195195298	2	1.2154
HELVE_p_TCGA_b139_154_155_SNP_N_GenomeWideSNP_6_C06_808712	3	195240824	195263161	14	0.0621
HELVE_p_TCGA_b139_154_155_SNP_N_GenomeWideSNP_6_C06_808712	3	195275395	195474763	52	-0.3163
HELVE_p_TCGA_b139_154_155_SNP_N_GenomeWideSNP_6_C06_808712	3	195478694	197896118	1173	-0.006
HELVE_p_TCGA_b139_154_155_SNP_N_GenomeWideSNP_6_C06_808712	4	12281	75023	69	-0.3174
HELVE_p_TCGA_b139_154_155_SNP_N_GenomeWideSNP_6_C06_808712	4	75174	3871062	1572	-0.0033
HELVE_p_TCGA_b139_154_155_SNP_N_GenomeWideSNP_6_C06_808712	4	3874896	4166983	76	-0.2953
HELVE_p_TCGA_b139_154_155_SNP_N_GenomeWideSNP_6_C06_808712	4	4166997	10214160	4085	-0.0051
HELVE_p_TCGA_b139_154_155_SNP_N_GenomeWideSNP_6_C06_808712	4	10223416	10235268	35	1.0742
HELVE_p_TCGA_b139_154_155_SNP_N_GenomeWideSNP_6_C06_808712	4	10236142	10392354	171	-0.0602
HELVE_p_TCGA_b139_154_155_SNP_N_GenomeWideSNP_6_C06_808712	4	10393154	10400668	15	-1.9272
HELVE_p_TCGA_b139_154_155_SNP_N_GenomeWideSNP_6_C06_808712	4	10402718	21367793	8019	-0.0026
HELVE_p_TCGA_b139_154_155_SNP_N_GenomeWideSNP_6_C06_808712	4	21368339	21376790	15	-0.6
HELVE_p_TCGA_b139_154_155_SNP_N_GenomeWideSNP_6_C06_808712	4	21376806	36845644	10134	0.0033
HELVE_p_TCGA_b139_154_155_SNP_N_GenomeWideSNP_6_C06_808712	4	36846306	36851487	10	-0.6052
HELVE_p_TCGA_b139_154_155_SNP_N_GenomeWideSNP_6_C06_808712	4	36854893	44170665	4791	0.0095
HELVE_p_TCGA_b139_154_155_SNP_N_GenomeWideSNP_6_C06_808712	4	44173473	44186827	9	-0.8703
HELVE_p_TCGA_b139_154_155_SNP_N_GenomeWideSNP_6_C06_808712	4	44189495	49267848	2847	0.0031
HELVE_p_TCGA_b139_154_155_SNP_N_GenomeWideSNP_6_C06_808712	4	49291192	49291355	2	-2.0629
HELVE_p_TCGA_b139_154_155_SNP_N_GenomeWideSNP_6_C06_808712	4	49297220	69372003	10503	0.0034
HELVE_p_TCGA_b139_154_155_SNP_N_GenomeWideSNP_6_C06_808712	4	69374941	69528959	69	0.5582
HELVE_p_TCGA_b139_154_155_SNP_N_GenomeWideSNP_6_C06_808712	4	69536788	70138047	335	-0.0281
HELVE_p_TCGA_b139_154_155_SNP_N_GenomeWideSNP_6_C06_808712	4	70143374	70229434	41	0.3545
HELVE_p_TCGA_b139_154_155_SNP_N_GenomeWideSNP_6_C06_808712	4	70231799	72767478	1497	7e-04
HELVE_p_TCGA_b139_154_155_SNP_N_GenomeWideSNP_6_C06_808712	4	72767672	72779124	2	-2.4579
HELVE_p_TCGA_b139_154_155_SNP_N_GenomeWideSNP_6_C06_808712	4	72779309	101635196	17650	8e-04
HELVE_p_TCGA_b139_154_155_SNP_N_GenomeWideSNP_6_C06_808712	4	101638227	101638738	2	-2.3753
HELVE_p_TCGA_b139_154_155_SNP_N_GenomeWideSNP_6_C06_808712	4	101640399	104751631	1894	0.0095
HELVE_p_TCGA_b139_154_155_SNP_N_GenomeWideSNP_6_C06_808712	4	104751634	104751637	3	1.245
HELVE_p_TCGA_b139_154_155_SNP_N_GenomeWideSNP_6_C06_808712	4	104751644	108068413	1878	-0.0034
HELVE_p_TCGA_b139_154_155_SNP_N_GenomeWideSNP_6_C06_808712	4	108071519	108071888	4	1.4234
HELVE_p_TCGA_b139_154_155_SNP_N_GenomeWideSNP_6_C06_808712	4	108073507	115173656	4428	0.0048
HELVE_p_TCGA_b139_154_155_SNP_N_GenomeWideSNP_6_C06_808712	4	115173700	115182175	24	-1.0269
HELVE_p_TCGA_b139_154_155_SNP_N_GenomeWideSNP_6_C06_808712	4	115184229	191027923	47248	0.0033
HELVE_p_TCGA_b139_154_155_SNP_N_GenomeWideSNP_6_C06_808712	5	15532	685748	307	-0.0641
HELVE_p_TCGA_b139_154_155_SNP_N_GenomeWideSNP_6_C06_808712	5	698371	742039	18	0.5075
HELVE_p_TCGA_b139_154_155_SNP_N_GenomeWideSNP_6_C06_808712	5	742384	809806	25	-0.094
HELVE_p_TCGA_b139_154_155_SNP_N_GenomeWideSNP_6_C06_808712	5	817850	825653	14	-0.9729
HELVE_p_TCGA_b139_154_155_SNP_N_GenomeWideSNP_6_C06_808712	5	833628	29077556	19872	0.0014
HELVE_p_TCGA_b139_154_155_SNP_N_GenomeWideSNP_6_C06_808712	5	29077647	29078634	12	-0.8637
HELVE_p_TCGA_b139_154_155_SNP_N_GenomeWideSNP_6_C06_808712	5	29082580	38414330	6262	0.0032
HELVE_p_TCGA_b139_154_155_SNP_N_GenomeWideSNP_6_C06_808712	5	38415090	38416947	3	-1.412
HELVE_p_TCGA_b139_154_155_SNP_N_GenomeWideSNP_6_C06_808712	5	38417839	61573372	12229	0.0026
HELVE_p_TCGA_b139_154_155_SNP_N_GenomeWideSNP_6_C06_808712	5	61574991	61576273	3	-2.1679
HELVE_p_TCGA_b139_154_155_SNP_N_GenomeWideSNP_6_C06_808712	5	61582192	71140304	4783	-0.0027
HELVE_p_TCGA_b139_154_155_SNP_N_GenomeWideSNP_6_C06_808712	5	71141773	71144633	3	-1.3867
HELVE_p_TCGA_b139_154_155_SNP_N_GenomeWideSNP_6_C06_808712	5	71144725	103851221	19236	0.0021
HELVE_p_TCGA_b139_154_155_SNP_N_GenomeWideSNP_6_C06_808712	5	103860373	103860604	4	-1.2882
HELVE_p_TCGA_b139_154_155_SNP_N_GenomeWideSNP_6_C06_808712	5	103861049	180374523	50109	0.0054
HELVE_p_TCGA_b139_154_155_SNP_N_GenomeWideSNP_6_C06_808712	5	180378710	180451894	30	0.3917
HELVE_p_TCGA_b139_154_155_SNP_N_GenomeWideSNP_6_C06_808712	5	180452002	180790320	160	-0.0305
HELVE_p_TCGA_b139_154_155_SNP_N_GenomeWideSNP_6_C06_808712	6	149661	5488038	4410	-0.003
HELVE_p_TCGA_b139_154_155_SNP_N_GenomeWideSNP_6_C06_808712	6	5488334	5488980	3	1.4181
HELVE_p_TCGA_b139_154_155_SNP_N_GenomeWideSNP_6_C06_808712	6	5489201	26704918	15848	-0.005
HELVE_p_TCGA_b139_154_155_SNP_N_GenomeWideSNP_6_C06_808712	6	26704972	26773509	35	-0.4161
HELVE_p_TCGA_b139_154_155_SNP_N_GenomeWideSNP_6_C06_808712	6	26783667	33938743	3522	-0.0014
HELVE_p_TCGA_b139_154_155_SNP_N_GenomeWideSNP_6_C06_808712	6	33942011	33942705	6	-3.2366
HELVE_p_TCGA_b139_154_155_SNP_N_GenomeWideSNP_6_C06_808712	6	33944586	77014948	24916	8e-04
HELVE_p_TCGA_b139_154_155_SNP_N_GenomeWideSNP_6_C06_808712	6	77016900	77016926	3	1.9235
HELVE_p_TCGA_b139_154_155_SNP_N_GenomeWideSNP_6_C06_808712	6	77016993	78971712	1301	-0.0033
HELVE_p_TCGA_b139_154_155_SNP_N_GenomeWideSNP_6_C06_808712	6	78971781	79034940	105	-0.463
HELVE_p_TCGA_b139_154_155_SNP_N_GenomeWideSNP_6_C06_808712	6	79035027	148007144	43434	0.0028
HELVE_p_TCGA_b139_154_155_SNP_N_GenomeWideSNP_6_C06_808712	6	148008137	148008880	2	-1.9356
HELVE_p_TCGA_b139_154_155_SNP_N_GenomeWideSNP_6_C06_808712	6	148014547	170919495	16314	-0.0035
HELVE_p_TCGA_b139_154_155_SNP_N_GenomeWideSNP_6_C06_808712	6	170982327	171051005	4	-0.9646
HELVE_p_TCGA_b139_154_155_SNP_N_GenomeWideSNP_6_C06_808712	7	43355	5936900	3078	0.0696
HELVE_p_TCGA_b139_154_155_SNP_N_GenomeWideSNP_6_C06_808712	7	5940039	5950828	3	-1.5378
HELVE_p_TCGA_b139_154_155_SNP_N_GenomeWideSNP_6_C06_808712	7	5956259	29906918	18536	0.0822
HELVE_p_TCGA_b139_154_155_SNP_N_GenomeWideSNP_6_C06_808712	7	29908405	29909574	4	-1.0466
HELVE_p_TCGA_b139_154_155_SNP_N_GenomeWideSNP_6_C06_808712	7	29910199	54380373	16939	0.0742
HELVE_p_TCGA_b139_154_155_SNP_N_GenomeWideSNP_6_C06_808712	7	54386505	54386517	6	-1.7887
HELVE_p_TCGA_b139_154_155_SNP_N_GenomeWideSNP_6_C06_808712	7	54393488	91208142	18292	0.0615
HELVE_p_TCGA_b139_154_155_SNP_N_GenomeWideSNP_6_C06_808712	7	91218884	91219132	3	-1.6611
HELVE_p_TCGA_b139_154_155_SNP_N_GenomeWideSNP_6_C06_808712	7	91225032	109433747	10497	0.0731
HELVE_p_TCGA_b139_154_155_SNP_N_GenomeWideSNP_6_C06_808712	7	109433777	109441212	27	-0.5729
HELVE_p_TCGA_b139_154_155_SNP_N_GenomeWideSNP_6_C06_808712	7	109441244	109453910	11	-1.856
HELVE_p_TCGA_b139_154_155_SNP_N_GenomeWideSNP_6_C06_808712	7	109453982	143873377	21338	0.0687
HELVE_p_TCGA_b139_154_155_SNP_N_GenomeWideSNP_6_C06_808712	7	143873952	144066947	45	-0.7903
HELVE_p_TCGA_b139_154_155_SNP_N_GenomeWideSNP_6_C06_808712	7	144074929	153147638	5578	0.0688
HELVE_p_TCGA_b139_154_155_SNP_N_GenomeWideSNP_6_C06_808712	7	153147645	153147712	2	-2.0186
HELVE_p_TCGA_b139_154_155_SNP_N_GenomeWideSNP_6_C06_808712	7	153147715	159127004	4115	0.0756
HELVE_p_TCGA_b139_154_155_SNP_N_GenomeWideSNP_6_C06_808712	8	31254	7943182	8031	-0.08
HELVE_p_TCGA_b139_154_155_SNP_N_GenomeWideSNP_6_C06_808712	8	7943408	7972338	12	-0.8972
HELVE_p_TCGA_b139_154_155_SNP_N_GenomeWideSNP_6_C06_808712	8	7972646	12198254	3259	-0.0982
HELVE_p_TCGA_b139_154_155_SNP_N_GenomeWideSNP_6_C06_808712	8	12216009	12247486	40	-1.3736
HELVE_p_TCGA_b139_154_155_SNP_N_GenomeWideSNP_6_C06_808712	8	12260927	12275810	12	0.1086
HELVE_p_TCGA_b139_154_155_SNP_N_GenomeWideSNP_6_C06_808712	8	12277278	12507071	64	-0.3377
HELVE_p_TCGA_b139_154_155_SNP_N_GenomeWideSNP_6_C06_808712	8	12528428	24974522	10414	-0.0786
HELVE_p_TCGA_b139_154_155_SNP_N_GenomeWideSNP_6_C06_808712	8	24974577	24984250	23	0.6672
HELVE_p_TCGA_b139_154_155_SNP_N_GenomeWideSNP_6_C06_808712	8	24984333	40182117	9676	-0.0791
HELVE_p_TCGA_b139_154_155_SNP_N_GenomeWideSNP_6_C06_808712	8	40183797	40194429	36	-0.602
HELVE_p_TCGA_b139_154_155_SNP_N_GenomeWideSNP_6_C06_808712	8	40194456	68547669	14921	0.174
HELVE_p_TCGA_b139_154_155_SNP_N_GenomeWideSNP_6_C06_808712	8	68548132	68548400	6	-0.7747
HELVE_p_TCGA_b139_154_155_SNP_N_GenomeWideSNP_6_C06_808712	8	68548491	69807300	882	0.1665
HELVE_p_TCGA_b139_154_155_SNP_N_GenomeWideSNP_6_C06_808712	8	69807870	69811357	4	1.7271
HELVE_p_TCGA_b139_154_155_SNP_N_GenomeWideSNP_6_C06_808712	8	69811444	115634907	27453	0.1951
HELVE_p_TCGA_b139_154_155_SNP_N_GenomeWideSNP_6_C06_808712	8	115635080	115641569	26	-0.233
HELVE_p_TCGA_b139_154_155_SNP_N_GenomeWideSNP_6_C06_808712	8	115641585	132538198	11733	0.1988
HELVE_p_TCGA_b139_154_155_SNP_N_GenomeWideSNP_6_C06_808712	8	132538742	146298155	9334	-0.0874
HELVE_p_TCGA_b139_154_155_SNP_N_GenomeWideSNP_6_C06_808712	9	46587	6990926	6622	6e-04
HELVE_p_TCGA_b139_154_155_SNP_N_GenomeWideSNP_6_C06_808712	9	6993701	6993827	3	-1.4224
HELVE_p_TCGA_b139_154_155_SNP_N_GenomeWideSNP_6_C06_808712	9	6993848	141091394	73275	0.008
HELVE_p_TCGA_b139_154_155_SNP_N_GenomeWideSNP_6_C06_808712	10	72759	18173963	14894	0.0058
HELVE_p_TCGA_b139_154_155_SNP_N_GenomeWideSNP_6_C06_808712	10	18185123	18199813	3	-1.5714
HELVE_p_TCGA_b139_154_155_SNP_N_GenomeWideSNP_6_C06_808712	10	18223647	42523461	14289	0.0048
HELVE_p_TCGA_b139_154_155_SNP_N_GenomeWideSNP_6_C06_808712	10	42525124	42820285	36	-0.4362
HELVE_p_TCGA_b139_154_155_SNP_N_GenomeWideSNP_6_C06_808712	10	42826428	46070052	2275	0.0073
HELVE_p_TCGA_b139_154_155_SNP_N_GenomeWideSNP_6_C06_808712	10	46072872	46076235	5	-1.0763
HELVE_p_TCGA_b139_154_155_SNP_N_GenomeWideSNP_6_C06_808712	10	46080336	46543857	60	0.0102
HELVE_p_TCGA_b139_154_155_SNP_N_GenomeWideSNP_6_C06_808712	10	46585050	47047599	81	-0.5767
HELVE_p_TCGA_b139_154_155_SNP_N_GenomeWideSNP_6_C06_808712	10	47055654	47068227	31	0.3126
HELVE_p_TCGA_b139_154_155_SNP_N_GenomeWideSNP_6_C06_808712	10	47068243	47542094	66	-0.6891
HELVE_p_TCGA_b139_154_155_SNP_N_GenomeWideSNP_6_C06_808712	10	47545688	58516521	6829	0.0051
HELVE_p_TCGA_b139_154_155_SNP_N_GenomeWideSNP_6_C06_808712	10	58516539	58532989	41	-0.4572
HELVE_p_TCGA_b139_154_155_SNP_N_GenomeWideSNP_6_C06_808712	10	58536052	67306079	6109	0.0101
HELVE_p_TCGA_b139_154_155_SNP_N_GenomeWideSNP_6_C06_808712	10	67306158	67322795	31	0.4266
HELVE_p_TCGA_b139_154_155_SNP_N_GenomeWideSNP_6_C06_808712	10	67322926	135234175	46147	0.0021
HELVE_p_TCGA_b139_154_155_SNP_N_GenomeWideSNP_6_C06_808712	10	135234192	135387867	113	0.3796
HELVE_p_TCGA_b139_154_155_SNP_N_GenomeWideSNP_6_C06_808712	10	135387875	135506704	35	-0.0637
HELVE_p_TCGA_b139_154_155_SNP_N_GenomeWideSNP_6_C06_808712	11	198510	741820	176	0.0265
HELVE_p_TCGA_b139_154_155_SNP_N_GenomeWideSNP_6_C06_808712	11	742375	742508	2	-1.5341
HELVE_p_TCGA_b139_154_155_SNP_N_GenomeWideSNP_6_C06_808712	11	743020	3478381	1166	-0.0048
HELVE_p_TCGA_b139_154_155_SNP_N_GenomeWideSNP_6_C06_808712	11	3486724	3488541	4	-0.9444
HELVE_p_TCGA_b139_154_155_SNP_N_GenomeWideSNP_6_C06_808712	11	3506526	4256307	443	-0.01
HELVE_p_TCGA_b139_154_155_SNP_N_GenomeWideSNP_6_C06_808712	11	4261992	4358809	27	-0.3847
HELVE_p_TCGA_b139_154_155_SNP_N_GenomeWideSNP_6_C06_808712	11	4359056	4767515	452	0.0142
HELVE_p_TCGA_b139_154_155_SNP_N_GenomeWideSNP_6_C06_808712	11	4772053	4772066	2	-2.1287
HELVE_p_TCGA_b139_154_155_SNP_N_GenomeWideSNP_6_C06_808712	11	4772222	4967396	200	0.0353
HELVE_p_TCGA_b139_154_155_SNP_N_GenomeWideSNP_6_C06_808712	11	4967650	4974029	27	0.7739
HELVE_p_TCGA_b139_154_155_SNP_N_GenomeWideSNP_6_C06_808712	11	4975164	5789725	804	0.019
HELVE_p_TCGA_b139_154_155_SNP_N_GenomeWideSNP_6_C06_808712	11	5789741	5809338	29	-0.455
HELVE_p_TCGA_b139_154_155_SNP_N_GenomeWideSNP_6_C06_808712	11	5809461	36780474	22668	0.0014
HELVE_p_TCGA_b139_154_155_SNP_N_GenomeWideSNP_6_C06_808712	11	36781161	36782134	3	-1.9665
HELVE_p_TCGA_b139_154_155_SNP_N_GenomeWideSNP_6_C06_808712	11	36783702	67557549	14954	-0.0011
HELVE_p_TCGA_b139_154_155_SNP_N_GenomeWideSNP_6_C06_808712	11	67560618	67736414	48	-0.3243
HELVE_p_TCGA_b139_154_155_SNP_N_GenomeWideSNP_6_C06_808712	11	67736493	134944770	46088	0.0031
HELVE_p_TCGA_b139_154_155_SNP_N_GenomeWideSNP_6_C06_808712	12	150442	8556693	5622	-7e-04
HELVE_p_TCGA_b139_154_155_SNP_N_GenomeWideSNP_6_C06_808712	12	8558488	8558792	3	1.8426
HELVE_p_TCGA_b139_154_155_SNP_N_GenomeWideSNP_6_C06_808712	12	8558813	8567624	9	0.489
HELVE_p_TCGA_b139_154_155_SNP_N_GenomeWideSNP_6_C06_808712	12	8567639	11220827	1642	-9e-04
HELVE_p_TCGA_b139_154_155_SNP_N_GenomeWideSNP_6_C06_808712	12	11222368	11241532	10	-1.3468
HELVE_p_TCGA_b139_154_155_SNP_N_GenomeWideSNP_6_C06_808712	12	11251874	31898340	14551	0.0054
HELVE_p_TCGA_b139_154_155_SNP_N_GenomeWideSNP_6_C06_808712	12	31898875	31904277	5	1.2978
HELVE_p_TCGA_b139_154_155_SNP_N_GenomeWideSNP_6_C06_808712	12	31905111	33280964	1009	0.0049
HELVE_p_TCGA_b139_154_155_SNP_N_GenomeWideSNP_6_C06_808712	12	33281094	33308497	47	0.3368
HELVE_p_TCGA_b139_154_155_SNP_N_GenomeWideSNP_6_C06_808712	12	33308542	45904438	5620	0.0154
HELVE_p_TCGA_b139_154_155_SNP_N_GenomeWideSNP_6_C06_808712	12	45905840	45909537	3	-1.8863
HELVE_p_TCGA_b139_154_155_SNP_N_GenomeWideSNP_6_C06_808712	12	45913292	90483350	27280	0.0043
HELVE_p_TCGA_b139_154_155_SNP_N_GenomeWideSNP_6_C06_808712	12	90491669	90492074	7	-1.4275
HELVE_p_TCGA_b139_154_155_SNP_N_GenomeWideSNP_6_C06_808712	12	90493557	100017772	6630	0.008
HELVE_p_TCGA_b139_154_155_SNP_N_GenomeWideSNP_6_C06_808712	12	100019248	100020033	3	1.5202
HELVE_p_TCGA_b139_154_155_SNP_N_GenomeWideSNP_6_C06_808712	12	100020739	114386248	9189	0.0085
HELVE_p_TCGA_b139_154_155_SNP_N_GenomeWideSNP_6_C06_808712	12	114386572	114386723	3	-1.2523
HELVE_p_TCGA_b139_154_155_SNP_N_GenomeWideSNP_6_C06_808712	12	114386936	119983825	4329	0.0113
HELVE_p_TCGA_b139_154_155_SNP_N_GenomeWideSNP_6_C06_808712	12	119988887	119990719	13	-0.9837
HELVE_p_TCGA_b139_154_155_SNP_N_GenomeWideSNP_6_C06_808712	12	119990733	129228886	5984	0.0108
HELVE_p_TCGA_b139_154_155_SNP_N_GenomeWideSNP_6_C06_808712	12	129230513	129232545	7	-1.5655
HELVE_p_TCGA_b139_154_155_SNP_N_GenomeWideSNP_6_C06_808712	12	129233988	133778189	3084	-0.0026
HELVE_p_TCGA_b139_154_155_SNP_N_GenomeWideSNP_6_C06_808712	13	19026949	64321552	30004	0.0729
HELVE_p_TCGA_b139_154_155_SNP_N_GenomeWideSNP_6_C06_808712	13	64321881	64405322	45	0.5213
HELVE_p_TCGA_b139_154_155_SNP_N_GenomeWideSNP_6_C06_808712	13	64419191	69259998	3013	0.0839
HELVE_p_TCGA_b139_154_155_SNP_N_GenomeWideSNP_6_C06_808712	13	69260035	69260734	3	-1.0538
HELVE_p_TCGA_b139_154_155_SNP_N_GenomeWideSNP_6_C06_808712	13	69261153	72476424	2071	0.0803
HELVE_p_TCGA_b139_154_155_SNP_N_GenomeWideSNP_6_C06_808712	13	72476988	72480605	6	1.2451
HELVE_p_TCGA_b139_154_155_SNP_N_GenomeWideSNP_6_C06_808712	13	72486483	111676920	27301	0.0731
HELVE_p_TCGA_b139_154_155_SNP_N_GenomeWideSNP_6_C06_808712	13	111679918	111751914	68	0.6222
HELVE_p_TCGA_b139_154_155_SNP_N_GenomeWideSNP_6_C06_808712	13	111760310	115108397	1757	0.0718
HELVE_p_TCGA_b139_154_155_SNP_N_GenomeWideSNP_6_C06_808712	14	19002124	20420239	188	-0.3372
HELVE_p_TCGA_b139_154_155_SNP_N_GenomeWideSNP_6_C06_808712	14	20422583	85852646	41945	0.0033
HELVE_p_TCGA_b139_154_155_SNP_N_GenomeWideSNP_6_C06_808712	14	85853080	85898744	34	-1.0423
HELVE_p_TCGA_b139_154_155_SNP_N_GenomeWideSNP_6_C06_808712	14	85899888	106534144	12963	0.0038
HELVE_p_TCGA_b139_154_155_SNP_N_GenomeWideSNP_6_C06_808712	14	106535295	106561441	14	-1.6907
HELVE_p_TCGA_b139_154_155_SNP_N_GenomeWideSNP_6_C06_808712	14	106567100	107285437	418	-0.014
HELVE_p_TCGA_b139_154_155_SNP_N_GenomeWideSNP_6_C06_808712	15	20016328	24442219	1328	-0.0673
HELVE_p_TCGA_b139_154_155_SNP_N_GenomeWideSNP_6_C06_808712	15	24446347	24535026	53	0.3941
HELVE_p_TCGA_b139_154_155_SNP_N_GenomeWideSNP_6_C06_808712	15	24542233	30386411	3717	0.0015
HELVE_p_TCGA_b139_154_155_SNP_N_GenomeWideSNP_6_C06_808712	15	30398229	30920624	112	-0.3764
HELVE_p_TCGA_b139_154_155_SNP_N_GenomeWideSNP_6_C06_808712	15	30925605	32444055	1048	0.0021
HELVE_p_TCGA_b139_154_155_SNP_N_GenomeWideSNP_6_C06_808712	15	32460887	32914200	74	-0.3319
HELVE_p_TCGA_b139_154_155_SNP_N_GenomeWideSNP_6_C06_808712	15	32914252	102400037	45689	0.0064
HELVE_p_TCGA_b139_154_155_SNP_N_GenomeWideSNP_6_C06_808712	15	102405136	102469040	13	-0.533
HELVE_p_TCGA_b139_154_155_SNP_N_GenomeWideSNP_6_C06_808712	16	60777	16363225	11775	-0.0014
HELVE_p_TCGA_b139_154_155_SNP_N_GenomeWideSNP_6_C06_808712	16	16377662	16628062	12	-0.8146
HELVE_p_TCGA_b139_154_155_SNP_N_GenomeWideSNP_6_C06_808712	16	16633361	34471464	8754	0.0091
HELVE_p_TCGA_b139_154_155_SNP_N_GenomeWideSNP_6_C06_808712	16	34471492	34755566	164	0.4186
HELVE_p_TCGA_b139_154_155_SNP_N_GenomeWideSNP_6_C06_808712	16	34757071	90287535	31705	-6e-04
HELVE_p_TCGA_b139_154_155_SNP_N_GenomeWideSNP_6_C06_808712	17	526	39421708	20957	-0.009
HELVE_p_TCGA_b139_154_155_SNP_N_GenomeWideSNP_6_C06_808712	17	39423014	39430450	23	1.7017
HELVE_p_TCGA_b139_154_155_SNP_N_GenomeWideSNP_6_C06_808712	17	39430531	43549526	2155	0.0066
HELVE_p_TCGA_b139_154_155_SNP_N_GenomeWideSNP_6_C06_808712	17	43551883	43695377	27	-0.357
HELVE_p_TCGA_b139_154_155_SNP_N_GenomeWideSNP_6_C06_808712	17	43703814	81049726	22122	0.0628
HELVE_p_TCGA_b139_154_155_SNP_N_GenomeWideSNP_6_C06_808712	18	11543	14660482	10217	0.003
HELVE_p_TCGA_b139_154_155_SNP_N_GenomeWideSNP_6_C06_808712	18	14661643	14710842	10	-0.7459
HELVE_p_TCGA_b139_154_155_SNP_N_GenomeWideSNP_6_C06_808712	18	14711819	38258727	12601	-0.0567
HELVE_p_TCGA_b139_154_155_SNP_N_GenomeWideSNP_6_C06_808712	18	38260420	38269812	22	0.5161
HELVE_p_TCGA_b139_154_155_SNP_N_GenomeWideSNP_6_C06_808712	18	38270072	51204135	8905	-0.0744
HELVE_p_TCGA_b139_154_155_SNP_N_GenomeWideSNP_6_C06_808712	18	51207209	51210640	4	-3.0021
HELVE_p_TCGA_b139_154_155_SNP_N_GenomeWideSNP_6_C06_808712	18	51212148	78015057	19030	-0.0721
HELVE_p_TCGA_b139_154_155_SNP_N_GenomeWideSNP_6_C06_808712	19	90910	20594101	8970	5e-04
HELVE_p_TCGA_b139_154_155_SNP_N_GenomeWideSNP_6_C06_808712	19	20594143	20716389	73	-0.603
HELVE_p_TCGA_b139_154_155_SNP_N_GenomeWideSNP_6_C06_808712	19	20720881	52131813	15900	-0.0032
HELVE_p_TCGA_b139_154_155_SNP_N_GenomeWideSNP_6_C06_808712	19	52142352	52148197	11	-2.1762
HELVE_p_TCGA_b139_154_155_SNP_N_GenomeWideSNP_6_C06_808712	19	52154905	55313817	2063	-0.0297
HELVE_p_TCGA_b139_154_155_SNP_N_GenomeWideSNP_6_C06_808712	19	55314287	55360538	20	-1.3807
HELVE_p_TCGA_b139_154_155_SNP_N_GenomeWideSNP_6_C06_808712	19	55363524	58940514	2243	-4e-04
HELVE_p_TCGA_b139_154_155_SNP_N_GenomeWideSNP_6_C06_808712	19	58943408	58944375	2	-2.9402
HELVE_p_TCGA_b139_154_155_SNP_N_GenomeWideSNP_6_C06_808712	19	58946056	59097854	52	-0.1001
HELVE_p_TCGA_b139_154_155_SNP_N_GenomeWideSNP_6_C06_808712	20	61305	1580537	1239	-0.1003
HELVE_p_TCGA_b139_154_155_SNP_N_GenomeWideSNP_6_C06_808712	20	1581768	1593893	8	-0.988
HELVE_p_TCGA_b139_154_155_SNP_N_GenomeWideSNP_6_C06_808712	20	1597946	26210619	18763	-0.0728
HELVE_p_TCGA_b139_154_155_SNP_N_GenomeWideSNP_6_C06_808712	20	26220136	29648981	99	-0.3363
HELVE_p_TCGA_b139_154_155_SNP_N_GenomeWideSNP_6_C06_808712	20	29648997	62956153	22380	0.1996
HELVE_p_TCGA_b139_154_155_SNP_N_GenomeWideSNP_6_C06_808712	21	10736871	48096957	24392	-0.0019
HELVE_p_TCGA_b139_154_155_SNP_N_GenomeWideSNP_6_C06_808712	22	16052528	20204791	2094	-0.0467
HELVE_p_TCGA_b139_154_155_SNP_N_GenomeWideSNP_6_C06_808712	22	20204924	20205333	2	-2.7777
HELVE_p_TCGA_b139_154_155_SNP_N_GenomeWideSNP_6_C06_808712	22	20205651	22380718	1054	-0.0629
HELVE_p_TCGA_b139_154_155_SNP_N_GenomeWideSNP_6_C06_808712	22	22380743	22390895	23	0.3994
HELVE_p_TCGA_b139_154_155_SNP_N_GenomeWideSNP_6_C06_808712	22	22390956	22749814	462	0.0015
HELVE_p_TCGA_b139_154_155_SNP_N_GenomeWideSNP_6_C06_808712	22	22749833	22750415	6	0.921
HELVE_p_TCGA_b139_154_155_SNP_N_GenomeWideSNP_6_C06_808712	22	22750599	24288367	949	-0.0545
HELVE_p_TCGA_b139_154_155_SNP_N_GenomeWideSNP_6_C06_808712	22	24288434	24332933	25	-0.6486
HELVE_p_TCGA_b139_154_155_SNP_N_GenomeWideSNP_6_C06_808712	22	24337307	24396814	22	0.4331
HELVE_p_TCGA_b139_154_155_SNP_N_GenomeWideSNP_6_C06_808712	22	24401529	51234455	18919	-0.0024
HELVE_p_TCGA_b139_154_155_SNP_N_GenomeWideSNP_6_C06_808712	X	168477	22818110	13731	0.0138
HELVE_p_TCGA_b139_154_155_SNP_N_GenomeWideSNP_6_C06_808712	X	22818632	22832514	14	0.6105
HELVE_p_TCGA_b139_154_155_SNP_N_GenomeWideSNP_6_C06_808712	X	22832721	134848927	58296	0.019
HELVE_p_TCGA_b139_154_155_SNP_N_GenomeWideSNP_6_C06_808712	X	134854929	134891648	9	-0.8839
HELVE_p_TCGA_b139_154_155_SNP_N_GenomeWideSNP_6_C06_808712	X	134892494	155182354	12423	0.0034
HELVE_p_TCGA_b139_154_155_SNP_N_GenomeWideSNP_6_C06_808712	Y	2650438	5944602	804	-2.2127
HELVE_p_TCGA_b139_154_155_SNP_N_GenomeWideSNP_6_C06_808712	Y	5944603	19570632	4855	-2.6884
HELVE_p_TCGA_b139_154_155_SNP_N_GenomeWideSNP_6_C06_808712	Y	19571480	21024613	673	-3.231
HELVE_p_TCGA_b139_154_155_SNP_N_GenomeWideSNP_6_C06_808712	Y	21025062	24525360	1281	-2.6926
HELVE_p_TCGA_b139_154_155_SNP_N_GenomeWideSNP_6_C06_808712	Y	24528056	26218232	317	-3.2754
HELVE_p_TCGA_b139_154_155_SNP_N_GenomeWideSNP_6_C06_808712	Y	26222820	26630929	90	-2.686
HELVE_p_TCGA_b139_154_155_SNP_N_GenomeWideSNP_6_C06_808712	Y	26631228	27315972	84	-3.7466
HELVE_p_TCGA_b139_154_155_SNP_N_GenomeWideSNP_6_C06_808712	Y	27367487	27720551	93	-2.5755
HELVE_p_TCGA_b139_154_155_SNP_N_GenomeWideSNP_6_C06_808712	Y	27721084	28277692	195	-3.173
HELVE_p_TCGA_b139_154_155_SNP_N_GenomeWideSNP_6_C06_808712	Y	28289727	28321752	12	-4.6949
HELVE_p_TCGA_b139_154_155_SNP_N_GenomeWideSNP_6_C06_808712	Y	28322019	28457337	52	-3.1262
HELVE_p_TCGA_b139_154_155_SNP_N_GenomeWideSNP_6_C06_808712	Y	28458648	59018259	175	-2.4155
