Sample	Chromosome	Start	End	Num_Probes	Segment_Mean
HELVE_p_TCGA_b139_154_155_SNP_N_GenomeWideSNP_6_D05_808704	1	61735	229677	24	-0.5227
HELVE_p_TCGA_b139_154_155_SNP_N_GenomeWideSNP_6_D05_808704	1	235670	14673271	7318	0.0455
HELVE_p_TCGA_b139_154_155_SNP_N_GenomeWideSNP_6_D05_808704	1	14673385	14837953	137	-0.1522
HELVE_p_TCGA_b139_154_155_SNP_N_GenomeWideSNP_6_D05_808704	1	14838731	16149343	939	0.0716
HELVE_p_TCGA_b139_154_155_SNP_N_GenomeWideSNP_6_D05_808704	1	16149915	16153925	7	0.5437
HELVE_p_TCGA_b139_154_155_SNP_N_GenomeWideSNP_6_D05_808704	1	16154201	25583291	5739	0.0629
HELVE_p_TCGA_b139_154_155_SNP_N_GenomeWideSNP_6_D05_808704	1	25583341	25661501	30	0.565
HELVE_p_TCGA_b139_154_155_SNP_N_GenomeWideSNP_6_D05_808704	1	25662005	35091458	4966	0.0353
HELVE_p_TCGA_b139_154_155_SNP_N_GenomeWideSNP_6_D05_808704	1	35091594	35104491	23	-0.3113
HELVE_p_TCGA_b139_154_155_SNP_N_GenomeWideSNP_6_D05_808704	1	35114268	49858675	8381	0.006
HELVE_p_TCGA_b139_154_155_SNP_N_GenomeWideSNP_6_D05_808704	1	49861717	49997674	51	-0.647
HELVE_p_TCGA_b139_154_155_SNP_N_GenomeWideSNP_6_D05_808704	1	49997863	72760856	15428	-0.0103
HELVE_p_TCGA_b139_154_155_SNP_N_GenomeWideSNP_6_D05_808704	1	72762676	72811148	50	0.4658
HELVE_p_TCGA_b139_154_155_SNP_N_GenomeWideSNP_6_D05_808704	1	72811904	81888456	5787	-0.0249
HELVE_p_TCGA_b139_154_155_SNP_N_GenomeWideSNP_6_D05_808704	1	81888602	81888605	2	1.4093
HELVE_p_TCGA_b139_154_155_SNP_N_GenomeWideSNP_6_D05_808704	1	81888667	104225557	14310	-0.0185
HELVE_p_TCGA_b139_154_155_SNP_N_GenomeWideSNP_6_D05_808704	1	104225568	104303403	15	0.3717
HELVE_p_TCGA_b139_154_155_SNP_N_GenomeWideSNP_6_D05_808704	1	104303501	105622533	699	-0.0408
HELVE_p_TCGA_b139_154_155_SNP_N_GenomeWideSNP_6_D05_808704	1	105622940	105623553	2	1.4288
HELVE_p_TCGA_b139_154_155_SNP_N_GenomeWideSNP_6_D05_808704	1	105626818	110227515	2904	-0.021
HELVE_p_TCGA_b139_154_155_SNP_N_GenomeWideSNP_6_D05_808704	1	110232974	110244998	19	-0.6702
HELVE_p_TCGA_b139_154_155_SNP_N_GenomeWideSNP_6_D05_808704	1	110246126	112696087	1956	-0.0183
HELVE_p_TCGA_b139_154_155_SNP_N_GenomeWideSNP_6_D05_808704	1	112696193	112705956	24	0.4314
HELVE_p_TCGA_b139_154_155_SNP_N_GenomeWideSNP_6_D05_808704	1	112706060	148747653	6356	7e-04
HELVE_p_TCGA_b139_154_155_SNP_N_GenomeWideSNP_6_D05_808704	1	148789461	149644969	197	0.3429
HELVE_p_TCGA_b139_154_155_SNP_N_GenomeWideSNP_6_D05_808704	1	149645033	152555527	1486	-0.0064
HELVE_p_TCGA_b139_154_155_SNP_N_GenomeWideSNP_6_D05_808704	1	152555706	152586540	33	0.333
HELVE_p_TCGA_b139_154_155_SNP_N_GenomeWideSNP_6_D05_808704	1	152586576	152759678	173	0.0023
HELVE_p_TCGA_b139_154_155_SNP_N_GenomeWideSNP_6_D05_808704	1	152761923	152768700	37	-1.3141
HELVE_p_TCGA_b139_154_155_SNP_N_GenomeWideSNP_6_D05_808704	1	152773905	153672247	625	0.0247
HELVE_p_TCGA_b139_154_155_SNP_N_GenomeWideSNP_6_D05_808704	1	153673674	153693248	8	0.8363
HELVE_p_TCGA_b139_154_155_SNP_N_GenomeWideSNP_6_D05_808704	1	153695340	161841016	4850	-0.0152
HELVE_p_TCGA_b139_154_155_SNP_N_GenomeWideSNP_6_D05_808704	1	161841948	161842207	3	1.017
HELVE_p_TCGA_b139_154_155_SNP_N_GenomeWideSNP_6_D05_808704	1	161844106	161937892	62	0.0103
HELVE_p_TCGA_b139_154_155_SNP_N_GenomeWideSNP_6_D05_808704	1	161940254	161942509	3	-1.0067
HELVE_p_TCGA_b139_154_155_SNP_N_GenomeWideSNP_6_D05_808704	1	161943058	169216937	5789	0.0159
HELVE_p_TCGA_b139_154_155_SNP_N_GenomeWideSNP_6_D05_808704	1	169233974	169241766	7	-1.8055
HELVE_p_TCGA_b139_154_155_SNP_N_GenomeWideSNP_6_D05_808704	1	169242401	174797333	3527	0.0065
HELVE_p_TCGA_b139_154_155_SNP_N_GenomeWideSNP_6_D05_808704	1	174797385	174801854	10	0.7512
HELVE_p_TCGA_b139_154_155_SNP_N_GenomeWideSNP_6_D05_808704	1	174801872	196738782	14669	-0.0065
HELVE_p_TCGA_b139_154_155_SNP_N_GenomeWideSNP_6_D05_808704	1	196738981	196823613	91	0.2649
HELVE_p_TCGA_b139_154_155_SNP_N_GenomeWideSNP_6_D05_808704	1	196823716	243306924	32194	0.0018
HELVE_p_TCGA_b139_154_155_SNP_N_GenomeWideSNP_6_D05_808704	1	243307666	243352380	15	0.4471
HELVE_p_TCGA_b139_154_155_SNP_N_GenomeWideSNP_6_D05_808704	1	243353851	246152739	1945	0.0089
HELVE_p_TCGA_b139_154_155_SNP_N_GenomeWideSNP_6_D05_808704	1	246158491	246393832	175	-0.3239
HELVE_p_TCGA_b139_154_155_SNP_N_GenomeWideSNP_6_D05_808704	1	246394175	249224388	1606	0.0253
HELVE_p_TCGA_b139_154_155_SNP_N_GenomeWideSNP_6_D05_808704	2	12784	4203580	2990	0.1353
HELVE_p_TCGA_b139_154_155_SNP_N_GenomeWideSNP_6_D05_808704	2	4205687	4236805	47	0.3805
HELVE_p_TCGA_b139_154_155_SNP_N_GenomeWideSNP_6_D05_808704	2	4236912	7639373	2888	0.1322
HELVE_p_TCGA_b139_154_155_SNP_N_GenomeWideSNP_6_D05_808704	2	7643065	7646972	2	1.6208
HELVE_p_TCGA_b139_154_155_SNP_N_GenomeWideSNP_6_D05_808704	2	7647007	34520473	18088	0.1393
HELVE_p_TCGA_b139_154_155_SNP_N_GenomeWideSNP_6_D05_808704	2	34523978	34525580	2	-1.5776
HELVE_p_TCGA_b139_154_155_SNP_N_GenomeWideSNP_6_D05_808704	2	34525967	40990662	4787	0.1319
HELVE_p_TCGA_b139_154_155_SNP_N_GenomeWideSNP_6_D05_808704	2	40990752	40991438	2	1.9039
HELVE_p_TCGA_b139_154_155_SNP_N_GenomeWideSNP_6_D05_808704	2	40991806	52754468	8396	0.1335
HELVE_p_TCGA_b139_154_155_SNP_N_GenomeWideSNP_6_D05_808704	2	52754480	52781542	39	-1.7625
HELVE_p_TCGA_b139_154_155_SNP_N_GenomeWideSNP_6_D05_808704	2	52787949	54347902	1175	0.1428
HELVE_p_TCGA_b139_154_155_SNP_N_GenomeWideSNP_6_D05_808704	2	54347924	54351157	2	1.4306
HELVE_p_TCGA_b139_154_155_SNP_N_GenomeWideSNP_6_D05_808704	2	54352000	58209362	2727	0.1354
HELVE_p_TCGA_b139_154_155_SNP_N_GenomeWideSNP_6_D05_808704	2	58214883	58220054	4	-0.7387
HELVE_p_TCGA_b139_154_155_SNP_N_GenomeWideSNP_6_D05_808704	2	58224145	77495103	12118	0.1342
HELVE_p_TCGA_b139_154_155_SNP_N_GenomeWideSNP_6_D05_808704	2	77495291	77614627	68	-0.3269
HELVE_p_TCGA_b139_154_155_SNP_N_GenomeWideSNP_6_D05_808704	2	77619332	77636909	9	-0.6881
HELVE_p_TCGA_b139_154_155_SNP_N_GenomeWideSNP_6_D05_808704	2	77637227	77689799	42	-0.2277
HELVE_p_TCGA_b139_154_155_SNP_N_GenomeWideSNP_6_D05_808704	2	77691389	77916762	129	-0.4495
HELVE_p_TCGA_b139_154_155_SNP_N_GenomeWideSNP_6_D05_808704	2	77917059	78410008	346	-0.1133
HELVE_p_TCGA_b139_154_155_SNP_N_GenomeWideSNP_6_D05_808704	2	78410144	78546919	84	0.154
HELVE_p_TCGA_b139_154_155_SNP_N_GenomeWideSNP_6_D05_808704	2	78551973	78736009	102	-0.103
HELVE_p_TCGA_b139_154_155_SNP_N_GenomeWideSNP_6_D05_808704	2	78746201	98151534	7278	0.124
HELVE_p_TCGA_b139_154_155_SNP_N_GenomeWideSNP_6_D05_808704	2	98154265	98166878	6	-0.8855
HELVE_p_TCGA_b139_154_155_SNP_N_GenomeWideSNP_6_D05_808704	2	98168606	106880095	5574	0.1327
HELVE_p_TCGA_b139_154_155_SNP_N_GenomeWideSNP_6_D05_808704	2	106880713	106883229	4	-0.9163
HELVE_p_TCGA_b139_154_155_SNP_N_GenomeWideSNP_6_D05_808704	2	106883331	106885357	7	-2.2706
HELVE_p_TCGA_b139_154_155_SNP_N_GenomeWideSNP_6_D05_808704	2	106887255	146864443	23942	0.1268
HELVE_p_TCGA_b139_154_155_SNP_N_GenomeWideSNP_6_D05_808704	2	146864457	146866934	21	1.0902
HELVE_p_TCGA_b139_154_155_SNP_N_GenomeWideSNP_6_D05_808704	2	146877806	205956315	35413	0.1253
HELVE_p_TCGA_b139_154_155_SNP_N_GenomeWideSNP_6_D05_808704	2	205959172	206039045	73	-0.1444
HELVE_p_TCGA_b139_154_155_SNP_N_GenomeWideSNP_6_D05_808704	2	206042735	213181322	4566	0.1131
HELVE_p_TCGA_b139_154_155_SNP_N_GenomeWideSNP_6_D05_808704	2	213186549	213191825	25	-0.8877
HELVE_p_TCGA_b139_154_155_SNP_N_GenomeWideSNP_6_D05_808704	2	213192126	243089456	19075	0.1302
HELVE_p_TCGA_b139_154_155_SNP_N_GenomeWideSNP_6_D05_808704	3	60345	3533727	3128	-0.4074
HELVE_p_TCGA_b139_154_155_SNP_N_GenomeWideSNP_6_D05_808704	3	3533881	3668842	146	-0.7274
HELVE_p_TCGA_b139_154_155_SNP_N_GenomeWideSNP_6_D05_808704	3	3669386	11412604	6300	-0.3842
HELVE_p_TCGA_b139_154_155_SNP_N_GenomeWideSNP_6_D05_808704	3	11412823	11413400	3	-2.2908
HELVE_p_TCGA_b139_154_155_SNP_N_GenomeWideSNP_6_D05_808704	3	11417265	22554525	7491	-0.3924
HELVE_p_TCGA_b139_154_155_SNP_N_GenomeWideSNP_6_D05_808704	3	22560172	22608968	44	-2.373
HELVE_p_TCGA_b139_154_155_SNP_N_GenomeWideSNP_6_D05_808704	3	22609552	42550047	13612	-0.3679
HELVE_p_TCGA_b139_154_155_SNP_N_GenomeWideSNP_6_D05_808704	3	42550294	42550323	2	-2.371
HELVE_p_TCGA_b139_154_155_SNP_N_GenomeWideSNP_6_D05_808704	3	42550563	53023211	5034	-0.3731
HELVE_p_TCGA_b139_154_155_SNP_N_GenomeWideSNP_6_D05_808704	3	53028375	53038637	29	0.0126
HELVE_p_TCGA_b139_154_155_SNP_N_GenomeWideSNP_6_D05_808704	3	53038762	60338006	5305	-0.377
HELVE_p_TCGA_b139_154_155_SNP_N_GenomeWideSNP_6_D05_808704	3	60340452	60569815	261	-0.8251
HELVE_p_TCGA_b139_154_155_SNP_N_GenomeWideSNP_6_D05_808704	3	60572073	60800699	247	-0.3819
HELVE_p_TCGA_b139_154_155_SNP_N_GenomeWideSNP_6_D05_808704	3	60800944	60827954	21	-0.7867
HELVE_p_TCGA_b139_154_155_SNP_N_GenomeWideSNP_6_D05_808704	3	60829380	60995600	157	-1.3523
HELVE_p_TCGA_b139_154_155_SNP_N_GenomeWideSNP_6_D05_808704	3	60995936	61234832	224	-0.7765
HELVE_p_TCGA_b139_154_155_SNP_N_GenomeWideSNP_6_D05_808704	3	61237398	62100261	696	-0.3556
HELVE_p_TCGA_b139_154_155_SNP_N_GenomeWideSNP_6_D05_808704	3	62100451	67499594	4330	-0.0518
HELVE_p_TCGA_b139_154_155_SNP_N_GenomeWideSNP_6_D05_808704	3	67504478	67577877	57	-0.4186
HELVE_p_TCGA_b139_154_155_SNP_N_GenomeWideSNP_6_D05_808704	3	67581947	68746164	734	-0.0798
HELVE_p_TCGA_b139_154_155_SNP_N_GenomeWideSNP_6_D05_808704	3	68746259	68747413	14	1.093
HELVE_p_TCGA_b139_154_155_SNP_N_GenomeWideSNP_6_D05_808704	3	68748758	70437762	1354	-0.0628
HELVE_p_TCGA_b139_154_155_SNP_N_GenomeWideSNP_6_D05_808704	3	70440762	76886070	4276	-0.3843
HELVE_p_TCGA_b139_154_155_SNP_N_GenomeWideSNP_6_D05_808704	3	76887208	76888457	5	-2.6671
HELVE_p_TCGA_b139_154_155_SNP_N_GenomeWideSNP_6_D05_808704	3	76895843	84102222	3995	-0.392
HELVE_p_TCGA_b139_154_155_SNP_N_GenomeWideSNP_6_D05_808704	3	84105433	84106166	2	-2.2493
HELVE_p_TCGA_b139_154_155_SNP_N_GenomeWideSNP_6_D05_808704	3	84110967	84698990	300	-0.4054
HELVE_p_TCGA_b139_154_155_SNP_N_GenomeWideSNP_6_D05_808704	3	84699184	84707065	23	0.1318
HELVE_p_TCGA_b139_154_155_SNP_N_GenomeWideSNP_6_D05_808704	3	84711725	89394623	2695	-0.3757
HELVE_p_TCGA_b139_154_155_SNP_N_GenomeWideSNP_6_D05_808704	3	89394651	89394726	4	-1.392
HELVE_p_TCGA_b139_154_155_SNP_N_GenomeWideSNP_6_D05_808704	3	89394742	89407038	9	-0.2776
HELVE_p_TCGA_b139_154_155_SNP_N_GenomeWideSNP_6_D05_808704	3	89407051	89419381	35	-1.231
HELVE_p_TCGA_b139_154_155_SNP_N_GenomeWideSNP_6_D05_808704	3	89419921	90485636	382	-0.3439
HELVE_p_TCGA_b139_154_155_SNP_N_GenomeWideSNP_6_D05_808704	3	90485962	98944598	2864	0.1299
HELVE_p_TCGA_b139_154_155_SNP_N_GenomeWideSNP_6_D05_808704	3	98944619	98949421	33	0.4137
HELVE_p_TCGA_b139_154_155_SNP_N_GenomeWideSNP_6_D05_808704	3	98950964	129763698	18749	0.1434
HELVE_p_TCGA_b139_154_155_SNP_N_GenomeWideSNP_6_D05_808704	3	129766586	129806236	51	-1.1841
HELVE_p_TCGA_b139_154_155_SNP_N_GenomeWideSNP_6_D05_808704	3	129806924	133024845	2128	0.1369
HELVE_p_TCGA_b139_154_155_SNP_N_GenomeWideSNP_6_D05_808704	3	133024867	133024897	3	1.1266
HELVE_p_TCGA_b139_154_155_SNP_N_GenomeWideSNP_6_D05_808704	3	133025012	151510042	11468	0.1536
HELVE_p_TCGA_b139_154_155_SNP_N_GenomeWideSNP_6_D05_808704	3	151511085	151545879	30	-0.6826
HELVE_p_TCGA_b139_154_155_SNP_N_GenomeWideSNP_6_D05_808704	3	151548491	174496508	13935	0.145
HELVE_p_TCGA_b139_154_155_SNP_N_GenomeWideSNP_6_D05_808704	3	174507348	174628386	80	-0.1067
HELVE_p_TCGA_b139_154_155_SNP_N_GenomeWideSNP_6_D05_808704	3	174628523	174669100	29	-0.4359
HELVE_p_TCGA_b139_154_155_SNP_N_GenomeWideSNP_6_D05_808704	3	174669766	174730258	35	-0.7959
HELVE_p_TCGA_b139_154_155_SNP_N_GenomeWideSNP_6_D05_808704	3	174731540	174808332	55	-1.2613
HELVE_p_TCGA_b139_154_155_SNP_N_GenomeWideSNP_6_D05_808704	3	174811142	174871685	43	-0.68
HELVE_p_TCGA_b139_154_155_SNP_N_GenomeWideSNP_6_D05_808704	3	174871901	174935706	51	-0.3941
HELVE_p_TCGA_b139_154_155_SNP_N_GenomeWideSNP_6_D05_808704	3	174940739	175059610	117	-0.1339
HELVE_p_TCGA_b139_154_155_SNP_N_GenomeWideSNP_6_D05_808704	3	175060124	192877902	11580	0.1476
HELVE_p_TCGA_b139_154_155_SNP_N_GenomeWideSNP_6_D05_808704	3	192877962	192882903	19	-0.8859
HELVE_p_TCGA_b139_154_155_SNP_N_GenomeWideSNP_6_D05_808704	3	192886435	197838578	2687	0.1679
HELVE_p_TCGA_b139_154_155_SNP_N_GenomeWideSNP_6_D05_808704	3	197845216	197896118	20	-0.2837
HELVE_p_TCGA_b139_154_155_SNP_N_GenomeWideSNP_6_D05_808704	4	12281	65978	57	-0.3361
HELVE_p_TCGA_b139_154_155_SNP_N_GenomeWideSNP_6_D05_808704	4	66719	9451923	5191	0.1485
HELVE_p_TCGA_b139_154_155_SNP_N_GenomeWideSNP_6_D05_808704	4	9456977	9479345	10	-0.3859
HELVE_p_TCGA_b139_154_155_SNP_N_GenomeWideSNP_6_D05_808704	4	9486087	10210390	545	0.1312
HELVE_p_TCGA_b139_154_155_SNP_N_GenomeWideSNP_6_D05_808704	4	10214160	10231498	29	-1.4915
HELVE_p_TCGA_b139_154_155_SNP_N_GenomeWideSNP_6_D05_808704	4	10234214	10234266	2	1.5002
HELVE_p_TCGA_b139_154_155_SNP_N_GenomeWideSNP_6_D05_808704	4	10234608	34786955	17000	0.1282
HELVE_p_TCGA_b139_154_155_SNP_N_GenomeWideSNP_6_D05_808704	4	34786990	34824725	36	0.6893
HELVE_p_TCGA_b139_154_155_SNP_N_GenomeWideSNP_6_D05_808704	4	34829872	45005755	6639	0.1326
HELVE_p_TCGA_b139_154_155_SNP_N_GenomeWideSNP_6_D05_808704	4	45005852	45006335	4	-0.724
HELVE_p_TCGA_b139_154_155_SNP_N_GenomeWideSNP_6_D05_808704	4	45010969	49089374	2321	0.1317
HELVE_p_TCGA_b139_154_155_SNP_N_GenomeWideSNP_6_D05_808704	4	49093786	49658612	41	-0.2224
HELVE_p_TCGA_b139_154_155_SNP_N_GenomeWideSNP_6_D05_808704	4	52685699	69374955	10484	0.1171
HELVE_p_TCGA_b139_154_155_SNP_N_GenomeWideSNP_6_D05_808704	4	69375160	69485979	62	-1.167
HELVE_p_TCGA_b139_154_155_SNP_N_GenomeWideSNP_6_D05_808704	4	69489335	86707695	10642	0.135
HELVE_p_TCGA_b139_154_155_SNP_N_GenomeWideSNP_6_D05_808704	4	86708803	86948919	161	-0.1422
HELVE_p_TCGA_b139_154_155_SNP_N_GenomeWideSNP_6_D05_808704	4	86949324	90993817	2512	0.1224
HELVE_p_TCGA_b139_154_155_SNP_N_GenomeWideSNP_6_D05_808704	4	90999635	91237071	150	-0.1094
HELVE_p_TCGA_b139_154_155_SNP_N_GenomeWideSNP_6_D05_808704	4	91238601	91614700	205	0.0932
HELVE_p_TCGA_b139_154_155_SNP_N_GenomeWideSNP_6_D05_808704	4	91615595	91962970	240	-0.4749
HELVE_p_TCGA_b139_154_155_SNP_N_GenomeWideSNP_6_D05_808704	4	91965054	91980077	12	-1.4228
HELVE_p_TCGA_b139_154_155_SNP_N_GenomeWideSNP_6_D05_808704	4	91980149	92060755	56	-0.5811
HELVE_p_TCGA_b139_154_155_SNP_N_GenomeWideSNP_6_D05_808704	4	92063738	92081565	16	0.1396
HELVE_p_TCGA_b139_154_155_SNP_N_GenomeWideSNP_6_D05_808704	4	92085710	92118305	20	-0.2006
HELVE_p_TCGA_b139_154_155_SNP_N_GenomeWideSNP_6_D05_808704	4	92120625	92179212	34	0.0973
HELVE_p_TCGA_b139_154_155_SNP_N_GenomeWideSNP_6_D05_808704	4	92179759	92390408	124	-0.1342
HELVE_p_TCGA_b139_154_155_SNP_N_GenomeWideSNP_6_D05_808704	4	92392152	98630485	3650	0.1205
HELVE_p_TCGA_b139_154_155_SNP_N_GenomeWideSNP_6_D05_808704	4	98634314	98723478	37	-0.1551
HELVE_p_TCGA_b139_154_155_SNP_N_GenomeWideSNP_6_D05_808704	4	98725515	104215706	3197	0.11
HELVE_p_TCGA_b139_154_155_SNP_N_GenomeWideSNP_6_D05_808704	4	104218100	104218101	2	1.3303
HELVE_p_TCGA_b139_154_155_SNP_N_GenomeWideSNP_6_D05_808704	4	104218102	104745571	368	0.1163
HELVE_p_TCGA_b139_154_155_SNP_N_GenomeWideSNP_6_D05_808704	4	104751630	104751637	5	1.0994
HELVE_p_TCGA_b139_154_155_SNP_N_GenomeWideSNP_6_D05_808704	4	104751644	108065751	1862	0.1145
HELVE_p_TCGA_b139_154_155_SNP_N_GenomeWideSNP_6_D05_808704	4	108065761	108077434	38	0.3821
HELVE_p_TCGA_b139_154_155_SNP_N_GenomeWideSNP_6_D05_808704	4	108077491	111004545	1739	0.1099
HELVE_p_TCGA_b139_154_155_SNP_N_GenomeWideSNP_6_D05_808704	4	111004666	111005006	3	-0.7485
HELVE_p_TCGA_b139_154_155_SNP_N_GenomeWideSNP_6_D05_808704	4	111006438	115173700	2670	0.1285
HELVE_p_TCGA_b139_154_155_SNP_N_GenomeWideSNP_6_D05_808704	4	115175323	115184266	26	0.89
HELVE_p_TCGA_b139_154_155_SNP_N_GenomeWideSNP_6_D05_808704	4	115184310	130062751	8730	0.112
HELVE_p_TCGA_b139_154_155_SNP_N_GenomeWideSNP_6_D05_808704	4	130067546	130068160	2	-2.2318
HELVE_p_TCGA_b139_154_155_SNP_N_GenomeWideSNP_6_D05_808704	4	130072563	138092195	4512	0.081
HELVE_p_TCGA_b139_154_155_SNP_N_GenomeWideSNP_6_D05_808704	4	138092239	138093414	15	-1.3454
HELVE_p_TCGA_b139_154_155_SNP_N_GenomeWideSNP_6_D05_808704	4	138094958	161041304	14137	0.1207
HELVE_p_TCGA_b139_154_155_SNP_N_GenomeWideSNP_6_D05_808704	4	161052774	161070789	40	-1.4214
HELVE_p_TCGA_b139_154_155_SNP_N_GenomeWideSNP_6_D05_808704	4	161083870	172987928	7694	0.1056
HELVE_p_TCGA_b139_154_155_SNP_N_GenomeWideSNP_6_D05_808704	4	172989148	173000821	16	0.9588
HELVE_p_TCGA_b139_154_155_SNP_N_GenomeWideSNP_6_D05_808704	4	173001831	191027923	12109	0.1167
HELVE_p_TCGA_b139_154_155_SNP_N_GenomeWideSNP_6_D05_808704	5	15532	21963	4	-0.4015
HELVE_p_TCGA_b139_154_155_SNP_N_GenomeWideSNP_6_D05_808704	5	24132	788060	337	0.0327
HELVE_p_TCGA_b139_154_155_SNP_N_GenomeWideSNP_6_D05_808704	5	800686	833628	24	0.4701
HELVE_p_TCGA_b139_154_155_SNP_N_GenomeWideSNP_6_D05_808704	5	852566	12785262	9847	0.0402
HELVE_p_TCGA_b139_154_155_SNP_N_GenomeWideSNP_6_D05_808704	5	12790869	12815780	5	0.8993
HELVE_p_TCGA_b139_154_155_SNP_N_GenomeWideSNP_6_D05_808704	5	12815865	12838533	13	-0.9757
HELVE_p_TCGA_b139_154_155_SNP_N_GenomeWideSNP_6_D05_808704	5	12849201	15718492	1975	0.0586
HELVE_p_TCGA_b139_154_155_SNP_N_GenomeWideSNP_6_D05_808704	5	15719222	15720597	11	-0.6725
HELVE_p_TCGA_b139_154_155_SNP_N_GenomeWideSNP_6_D05_808704	5	15723346	27524452	7115	0.0208
HELVE_p_TCGA_b139_154_155_SNP_N_GenomeWideSNP_6_D05_808704	5	27525390	27526020	10	-0.5264
HELVE_p_TCGA_b139_154_155_SNP_N_GenomeWideSNP_6_D05_808704	5	27527479	57332275	16561	-2e-04
HELVE_p_TCGA_b139_154_155_SNP_N_GenomeWideSNP_6_D05_808704	5	57332291	57333293	9	0.4767
HELVE_p_TCGA_b139_154_155_SNP_N_GenomeWideSNP_6_D05_808704	5	57333515	58888096	1256	-0.0671
HELVE_p_TCGA_b139_154_155_SNP_N_GenomeWideSNP_6_D05_808704	5	58890604	59085629	124	-0.3487
HELVE_p_TCGA_b139_154_155_SNP_N_GenomeWideSNP_6_D05_808704	5	59087241	59164993	58	-0.7141
HELVE_p_TCGA_b139_154_155_SNP_N_GenomeWideSNP_6_D05_808704	5	59165423	59208798	26	-1.384
HELVE_p_TCGA_b139_154_155_SNP_N_GenomeWideSNP_6_D05_808704	5	59209076	59285461	48	-0.6957
HELVE_p_TCGA_b139_154_155_SNP_N_GenomeWideSNP_6_D05_808704	5	59285853	59451019	67	-0.2555
HELVE_p_TCGA_b139_154_155_SNP_N_GenomeWideSNP_6_D05_808704	5	59453930	59486497	20	-0.7655
HELVE_p_TCGA_b139_154_155_SNP_N_GenomeWideSNP_6_D05_808704	5	59486718	59534096	18	-0.3653
HELVE_p_TCGA_b139_154_155_SNP_N_GenomeWideSNP_6_D05_808704	5	59535765	68846303	5691	-0.0834
HELVE_p_TCGA_b139_154_155_SNP_N_GenomeWideSNP_6_D05_808704	5	68867294	69118135	5	-1.2245
HELVE_p_TCGA_b139_154_155_SNP_N_GenomeWideSNP_6_D05_808704	5	69233427	75450067	3156	-0.061
HELVE_p_TCGA_b139_154_155_SNP_N_GenomeWideSNP_6_D05_808704	5	75450127	75450144	2	1.1987
HELVE_p_TCGA_b139_154_155_SNP_N_GenomeWideSNP_6_D05_808704	5	75450176	93377582	10285	-0.0912
HELVE_p_TCGA_b139_154_155_SNP_N_GenomeWideSNP_6_D05_808704	5	93379750	93507237	47	-0.3919
HELVE_p_TCGA_b139_154_155_SNP_N_GenomeWideSNP_6_D05_808704	5	93514888	93608937	51	-0.7488
HELVE_p_TCGA_b139_154_155_SNP_N_GenomeWideSNP_6_D05_808704	5	93610015	93667335	31	-1.1423
HELVE_p_TCGA_b139_154_155_SNP_N_GenomeWideSNP_6_D05_808704	5	93668720	93721705	20	-0.5277
HELVE_p_TCGA_b139_154_155_SNP_N_GenomeWideSNP_6_D05_808704	5	93722050	93814071	71	-0.8479
HELVE_p_TCGA_b139_154_155_SNP_N_GenomeWideSNP_6_D05_808704	5	93816143	93896128	26	-0.5829
HELVE_p_TCGA_b139_154_155_SNP_N_GenomeWideSNP_6_D05_808704	5	93896486	140231618	29117	-0.0859
HELVE_p_TCGA_b139_154_155_SNP_N_GenomeWideSNP_6_D05_808704	5	140231724	140243756	7	-1.1823
HELVE_p_TCGA_b139_154_155_SNP_N_GenomeWideSNP_6_D05_808704	5	140252163	155475105	10220	-0.0845
HELVE_p_TCGA_b139_154_155_SNP_N_GenomeWideSNP_6_D05_808704	5	155476772	155482715	13	-0.8515
HELVE_p_TCGA_b139_154_155_SNP_N_GenomeWideSNP_6_D05_808704	5	155482729	167080980	7754	-0.0858
HELVE_p_TCGA_b139_154_155_SNP_N_GenomeWideSNP_6_D05_808704	5	167082005	167088038	12	-1.5238
HELVE_p_TCGA_b139_154_155_SNP_N_GenomeWideSNP_6_D05_808704	5	167090534	180374523	8877	-0.0808
HELVE_p_TCGA_b139_154_155_SNP_N_GenomeWideSNP_6_D05_808704	5	180378710	180418103	19	0.4551
HELVE_p_TCGA_b139_154_155_SNP_N_GenomeWideSNP_6_D05_808704	5	180433225	180790320	171	-0.0801
HELVE_p_TCGA_b139_154_155_SNP_N_GenomeWideSNP_6_D05_808704	6	149661	1686599	1369	-0.3922
HELVE_p_TCGA_b139_154_155_SNP_N_GenomeWideSNP_6_D05_808704	6	1688391	1747757	51	-0.8374
HELVE_p_TCGA_b139_154_155_SNP_N_GenomeWideSNP_6_D05_808704	6	1749928	27555126	19211	-0.3752
HELVE_p_TCGA_b139_154_155_SNP_N_GenomeWideSNP_6_D05_808704	6	27561309	29837072	1091	0.4656
HELVE_p_TCGA_b139_154_155_SNP_N_GenomeWideSNP_6_D05_808704	6	29837187	29874642	22	-0.4888
HELVE_p_TCGA_b139_154_155_SNP_N_GenomeWideSNP_6_D05_808704	6	29874709	31280823	666	0.4682
HELVE_p_TCGA_b139_154_155_SNP_N_GenomeWideSNP_6_D05_808704	6	31286276	31296451	11	1.9526
HELVE_p_TCGA_b139_154_155_SNP_N_GenomeWideSNP_6_D05_808704	6	31309924	32412539	487	0.5109
HELVE_p_TCGA_b139_154_155_SNP_N_GenomeWideSNP_6_D05_808704	6	32412592	32573771	55	0.2604
HELVE_p_TCGA_b139_154_155_SNP_N_GenomeWideSNP_6_D05_808704	6	32574014	32595083	17	0.6838
HELVE_p_TCGA_b139_154_155_SNP_N_GenomeWideSNP_6_D05_808704	6	32595232	32602107	3	1.8935
HELVE_p_TCGA_b139_154_155_SNP_N_GenomeWideSNP_6_D05_808704	6	32602269	32622194	8	0.5798
HELVE_p_TCGA_b139_154_155_SNP_N_GenomeWideSNP_6_D05_808704	6	32624304	32626618	6	-0.8125
HELVE_p_TCGA_b139_154_155_SNP_N_GenomeWideSNP_6_D05_808704	6	32650612	39963950	4656	0.4909
HELVE_p_TCGA_b139_154_155_SNP_N_GenomeWideSNP_6_D05_808704	6	39964399	40712138	665	-0.383
HELVE_p_TCGA_b139_154_155_SNP_N_GenomeWideSNP_6_D05_808704	6	40715658	50517789	5991	0.5106
HELVE_p_TCGA_b139_154_155_SNP_N_GenomeWideSNP_6_D05_808704	6	50518175	53931419	2435	-0.3599
HELVE_p_TCGA_b139_154_155_SNP_N_GenomeWideSNP_6_D05_808704	6	53931803	53931855	2	-1.8045
HELVE_p_TCGA_b139_154_155_SNP_N_GenomeWideSNP_6_D05_808704	6	53935348	57324832	2016	-0.3691
HELVE_p_TCGA_b139_154_155_SNP_N_GenomeWideSNP_6_D05_808704	6	57326318	67011007	3443	-0.1002
HELVE_p_TCGA_b139_154_155_SNP_N_GenomeWideSNP_6_D05_808704	6	67011378	67043889	43	0.1839
HELVE_p_TCGA_b139_154_155_SNP_N_GenomeWideSNP_6_D05_808704	6	67043923	74591858	5012	-0.0822
HELVE_p_TCGA_b139_154_155_SNP_N_GenomeWideSNP_6_D05_808704	6	74592225	74603555	11	0.479
HELVE_p_TCGA_b139_154_155_SNP_N_GenomeWideSNP_6_D05_808704	6	74603605	77014948	1468	-0.0754
HELVE_p_TCGA_b139_154_155_SNP_N_GenomeWideSNP_6_D05_808704	6	77016900	77017069	7	1.0183
HELVE_p_TCGA_b139_154_155_SNP_N_GenomeWideSNP_6_D05_808704	6	77017077	77027781	27	0.0811
HELVE_p_TCGA_b139_154_155_SNP_N_GenomeWideSNP_6_D05_808704	6	77032953	77033209	3	1.4669
HELVE_p_TCGA_b139_154_155_SNP_N_GenomeWideSNP_6_D05_808704	6	77033384	77436532	262	-0.0666
HELVE_p_TCGA_b139_154_155_SNP_N_GenomeWideSNP_6_D05_808704	6	77439868	77452757	21	-0.6386
HELVE_p_TCGA_b139_154_155_SNP_N_GenomeWideSNP_6_D05_808704	6	77461073	78962626	978	-0.0967
HELVE_p_TCGA_b139_154_155_SNP_N_GenomeWideSNP_6_D05_808704	6	78962874	79034940	111	0.2004
HELVE_p_TCGA_b139_154_155_SNP_N_GenomeWideSNP_6_D05_808704	6	79035027	97466928	11687	-0.071
HELVE_p_TCGA_b139_154_155_SNP_N_GenomeWideSNP_6_D05_808704	6	97468894	97469390	3	-1.1775
HELVE_p_TCGA_b139_154_155_SNP_N_GenomeWideSNP_6_D05_808704	6	97471139	103738333	3802	-0.0934
HELVE_p_TCGA_b139_154_155_SNP_N_GenomeWideSNP_6_D05_808704	6	103738406	103752190	20	0.4424
HELVE_p_TCGA_b139_154_155_SNP_N_GenomeWideSNP_6_D05_808704	6	103754250	121779126	11073	-0.0763
HELVE_p_TCGA_b139_154_155_SNP_N_GenomeWideSNP_6_D05_808704	6	121779646	121780762	2	-2.7397
HELVE_p_TCGA_b139_154_155_SNP_N_GenomeWideSNP_6_D05_808704	6	121782813	162228058	26813	-0.0762
HELVE_p_TCGA_b139_154_155_SNP_N_GenomeWideSNP_6_D05_808704	6	162228170	162282199	83	-0.3214
HELVE_p_TCGA_b139_154_155_SNP_N_GenomeWideSNP_6_D05_808704	6	162282924	162302398	22	-0.7429
HELVE_p_TCGA_b139_154_155_SNP_N_GenomeWideSNP_6_D05_808704	6	162303108	162335974	23	-0.3429
HELVE_p_TCGA_b139_154_155_SNP_N_GenomeWideSNP_6_D05_808704	6	162339286	162393629	43	-0.8214
HELVE_p_TCGA_b139_154_155_SNP_N_GenomeWideSNP_6_D05_808704	6	162396518	162424579	27	-1.3536
HELVE_p_TCGA_b139_154_155_SNP_N_GenomeWideSNP_6_D05_808704	6	162426461	162461329	33	-0.8282
HELVE_p_TCGA_b139_154_155_SNP_N_GenomeWideSNP_6_D05_808704	6	162462628	162511254	74	-0.3441
HELVE_p_TCGA_b139_154_155_SNP_N_GenomeWideSNP_6_D05_808704	6	162513436	162752050	191	-0.8193
HELVE_p_TCGA_b139_154_155_SNP_N_GenomeWideSNP_6_D05_808704	6	162752693	162813977	50	-1.3919
HELVE_p_TCGA_b139_154_155_SNP_N_GenomeWideSNP_6_D05_808704	6	162820486	162903181	70	-0.8344
HELVE_p_TCGA_b139_154_155_SNP_N_GenomeWideSNP_6_D05_808704	6	162905649	163007394	81	-1.3998
HELVE_p_TCGA_b139_154_155_SNP_N_GenomeWideSNP_6_D05_808704	6	163008528	163183681	113	-0.7614
HELVE_p_TCGA_b139_154_155_SNP_N_GenomeWideSNP_6_D05_808704	6	163186526	163362358	120	-0.4064
HELVE_p_TCGA_b139_154_155_SNP_N_GenomeWideSNP_6_D05_808704	6	163369296	170982327	5432	-0.0922
HELVE_p_TCGA_b139_154_155_SNP_N_GenomeWideSNP_6_D05_808704	6	170982534	171051005	3	-0.5242
HELVE_p_TCGA_b139_154_155_SNP_N_GenomeWideSNP_6_D05_808704	7	43355	3723267	1738	0.1576
HELVE_p_TCGA_b139_154_155_SNP_N_GenomeWideSNP_6_D05_808704	7	3723362	3727758	3	1.2405
HELVE_p_TCGA_b139_154_155_SNP_N_GenomeWideSNP_6_D05_808704	7	3727886	26132290	17131	0.1534
HELVE_p_TCGA_b139_154_155_SNP_N_GenomeWideSNP_6_D05_808704	7	26142392	26145413	4	-0.9377
HELVE_p_TCGA_b139_154_155_SNP_N_GenomeWideSNP_6_D05_808704	7	26147219	29688165	2609	0.1702
HELVE_p_TCGA_b139_154_155_SNP_N_GenomeWideSNP_6_D05_808704	7	29689685	29690059	2	-1.1928
HELVE_p_TCGA_b139_154_155_SNP_N_GenomeWideSNP_6_D05_808704	7	29691083	38387443	6072	0.1585
HELVE_p_TCGA_b139_154_155_SNP_N_GenomeWideSNP_6_D05_808704	7	38391365	38396476	4	-1.0983
HELVE_p_TCGA_b139_154_155_SNP_N_GenomeWideSNP_6_D05_808704	7	38400957	54380373	11005	0.1473
HELVE_p_TCGA_b139_154_155_SNP_N_GenomeWideSNP_6_D05_808704	7	54386505	54386517	6	-1.6474
HELVE_p_TCGA_b139_154_155_SNP_N_GenomeWideSNP_6_D05_808704	7	54393488	57534527	1906	0.1464
HELVE_p_TCGA_b139_154_155_SNP_N_GenomeWideSNP_6_D05_808704	7	57536111	57536638	3	-1.0258
HELVE_p_TCGA_b139_154_155_SNP_N_GenomeWideSNP_6_D05_808704	7	57536709	62156630	286	0.0974
HELVE_p_TCGA_b139_154_155_SNP_N_GenomeWideSNP_6_D05_808704	7	62156633	62181110	12	-0.4949
HELVE_p_TCGA_b139_154_155_SNP_N_GenomeWideSNP_6_D05_808704	7	62181388	70420438	4091	0.1869
HELVE_p_TCGA_b139_154_155_SNP_N_GenomeWideSNP_6_D05_808704	7	70423250	70426141	2	1.5367
HELVE_p_TCGA_b139_154_155_SNP_N_GenomeWideSNP_6_D05_808704	7	70428243	88839780	10394	0.1994
HELVE_p_TCGA_b139_154_155_SNP_N_GenomeWideSNP_6_D05_808704	7	88843761	88843852	2	-1.2723
HELVE_p_TCGA_b139_154_155_SNP_N_GenomeWideSNP_6_D05_808704	7	88848187	89582420	438	0.2114
HELVE_p_TCGA_b139_154_155_SNP_N_GenomeWideSNP_6_D05_808704	7	89592386	89592611	3	-0.6654
HELVE_p_TCGA_b139_154_155_SNP_N_GenomeWideSNP_6_D05_808704	7	89592826	91358314	1265	0.1531
HELVE_p_TCGA_b139_154_155_SNP_N_GenomeWideSNP_6_D05_808704	7	91358540	91359033	5	0.8867
HELVE_p_TCGA_b139_154_155_SNP_N_GenomeWideSNP_6_D05_808704	7	91359336	94336470	1847	0.1882
HELVE_p_TCGA_b139_154_155_SNP_N_GenomeWideSNP_6_D05_808704	7	94341059	94545863	103	0.7953
HELVE_p_TCGA_b139_154_155_SNP_N_GenomeWideSNP_6_D05_808704	7	94545944	95436905	557	0.5655
HELVE_p_TCGA_b139_154_155_SNP_N_GenomeWideSNP_6_D05_808704	7	95437650	109433798	7890	-0.2899
HELVE_p_TCGA_b139_154_155_SNP_N_GenomeWideSNP_6_D05_808704	7	109437092	109453858	34	0.2908
HELVE_p_TCGA_b139_154_155_SNP_N_GenomeWideSNP_6_D05_808704	7	109453910	110303698	591	-0.3393
HELVE_p_TCGA_b139_154_155_SNP_N_GenomeWideSNP_6_D05_808704	7	110305009	110328742	17	-0.8859
HELVE_p_TCGA_b139_154_155_SNP_N_GenomeWideSNP_6_D05_808704	7	110329188	110395081	49	-0.4122
HELVE_p_TCGA_b139_154_155_SNP_N_GenomeWideSNP_6_D05_808704	7	110395582	110448308	41	-0.764
HELVE_p_TCGA_b139_154_155_SNP_N_GenomeWideSNP_6_D05_808704	7	110450661	113852583	1994	-0.3039
HELVE_p_TCGA_b139_154_155_SNP_N_GenomeWideSNP_6_D05_808704	7	113856266	114304442	210	-0.6359
HELVE_p_TCGA_b139_154_155_SNP_N_GenomeWideSNP_6_D05_808704	7	114310053	143873377	18434	-0.2921
HELVE_p_TCGA_b139_154_155_SNP_N_GenomeWideSNP_6_D05_808704	7	143873952	144051231	44	0.0161
HELVE_p_TCGA_b139_154_155_SNP_N_GenomeWideSNP_6_D05_808704	7	144066947	150285104	3850	-0.2962
HELVE_p_TCGA_b139_154_155_SNP_N_GenomeWideSNP_6_D05_808704	7	150285801	150301569	8	-1.182
HELVE_p_TCGA_b139_154_155_SNP_N_GenomeWideSNP_6_D05_808704	7	150307922	159127004	5836	-0.3037
HELVE_p_TCGA_b139_154_155_SNP_N_GenomeWideSNP_6_D05_808704	8	31254	886977	522	-0.1315
HELVE_p_TCGA_b139_154_155_SNP_N_GenomeWideSNP_6_D05_808704	8	887943	2204639	1094	-0.792
HELVE_p_TCGA_b139_154_155_SNP_N_GenomeWideSNP_6_D05_808704	8	2205950	2207913	3	-2.5266
HELVE_p_TCGA_b139_154_155_SNP_N_GenomeWideSNP_6_D05_808704	8	2212785	4139441	2439	-0.8041
HELVE_p_TCGA_b139_154_155_SNP_N_GenomeWideSNP_6_D05_808704	8	4139459	4168663	111	-0.4963
HELVE_p_TCGA_b139_154_155_SNP_N_GenomeWideSNP_6_D05_808704	8	4168964	7279898	3664	-0.8031
HELVE_p_TCGA_b139_154_155_SNP_N_GenomeWideSNP_6_D05_808704	8	7282537	8087144	205	-0.3356
HELVE_p_TCGA_b139_154_155_SNP_N_GenomeWideSNP_6_D05_808704	8	8092025	11851156	3188	-0.8144
HELVE_p_TCGA_b139_154_155_SNP_N_GenomeWideSNP_6_D05_808704	8	11855755	12552851	159	-0.3629
HELVE_p_TCGA_b139_154_155_SNP_N_GenomeWideSNP_6_D05_808704	8	12554743	28568905	13101	-0.7737
HELVE_p_TCGA_b139_154_155_SNP_N_GenomeWideSNP_6_D05_808704	8	28573531	37852167	5596	-0.1117
HELVE_p_TCGA_b139_154_155_SNP_N_GenomeWideSNP_6_D05_808704	8	37855519	38734010	473	1.0907
HELVE_p_TCGA_b139_154_155_SNP_N_GenomeWideSNP_6_D05_808704	8	38734128	39230659	231	0.8954
HELVE_p_TCGA_b139_154_155_SNP_N_GenomeWideSNP_6_D05_808704	8	39235603	39384700	56	-0.0833
HELVE_p_TCGA_b139_154_155_SNP_N_GenomeWideSNP_6_D05_808704	8	39384969	39864750	297	0.8591
HELVE_p_TCGA_b139_154_155_SNP_N_GenomeWideSNP_6_D05_808704	8	39865909	43603698	2260	0.3298
HELVE_p_TCGA_b139_154_155_SNP_N_GenomeWideSNP_6_D05_808704	8	43604362	43624895	4	-0.862
HELVE_p_TCGA_b139_154_155_SNP_N_GenomeWideSNP_6_D05_808704	8	43625120	47525576	216	0.2354
HELVE_p_TCGA_b139_154_155_SNP_N_GenomeWideSNP_6_D05_808704	8	47527548	47536546	9	1.1704
HELVE_p_TCGA_b139_154_155_SNP_N_GenomeWideSNP_6_D05_808704	8	47546095	51032011	1812	0.2957
HELVE_p_TCGA_b139_154_155_SNP_N_GenomeWideSNP_6_D05_808704	8	51032024	51038578	9	-0.3576
HELVE_p_TCGA_b139_154_155_SNP_N_GenomeWideSNP_6_D05_808704	8	51038619	54279195	2146	0.3131
HELVE_p_TCGA_b139_154_155_SNP_N_GenomeWideSNP_6_D05_808704	8	54288429	54308719	11	0.8113
HELVE_p_TCGA_b139_154_155_SNP_N_GenomeWideSNP_6_D05_808704	8	54311918	90154381	21772	0.3074
HELVE_p_TCGA_b139_154_155_SNP_N_GenomeWideSNP_6_D05_808704	8	90154561	90267679	97	0.0874
HELVE_p_TCGA_b139_154_155_SNP_N_GenomeWideSNP_6_D05_808704	8	90269066	90427500	125	-0.1544
HELVE_p_TCGA_b139_154_155_SNP_N_GenomeWideSNP_6_D05_808704	8	90429705	90547124	45	-0.5551
HELVE_p_TCGA_b139_154_155_SNP_N_GenomeWideSNP_6_D05_808704	8	90553156	90604906	40	-0.0342
HELVE_p_TCGA_b139_154_155_SNP_N_GenomeWideSNP_6_D05_808704	8	90605197	100361206	5971	0.3107
HELVE_p_TCGA_b139_154_155_SNP_N_GenomeWideSNP_6_D05_808704	8	100365683	100592223	112	0.0425
HELVE_p_TCGA_b139_154_155_SNP_N_GenomeWideSNP_6_D05_808704	8	100593922	103992590	2132	0.3254
HELVE_p_TCGA_b139_154_155_SNP_N_GenomeWideSNP_6_D05_808704	8	103994911	103995823	2	-2.4152
HELVE_p_TCGA_b139_154_155_SNP_N_GenomeWideSNP_6_D05_808704	8	103997435	112294466	4997	0.3074
HELVE_p_TCGA_b139_154_155_SNP_N_GenomeWideSNP_6_D05_808704	8	112294646	112295260	7	-1.4418
HELVE_p_TCGA_b139_154_155_SNP_N_GenomeWideSNP_6_D05_808704	8	112300281	115291966	1636	0.2826
HELVE_p_TCGA_b139_154_155_SNP_N_GenomeWideSNP_6_D05_808704	8	115292932	115298079	3	-0.5249
HELVE_p_TCGA_b139_154_155_SNP_N_GenomeWideSNP_6_D05_808704	8	115300542	115641569	222	0.2768
HELVE_p_TCGA_b139_154_155_SNP_N_GenomeWideSNP_6_D05_808704	8	115641585	115641731	3	1.1841
HELVE_p_TCGA_b139_154_155_SNP_N_GenomeWideSNP_6_D05_808704	8	115650697	120152010	3105	0.3075
HELVE_p_TCGA_b139_154_155_SNP_N_GenomeWideSNP_6_D05_808704	8	120154784	120159446	4	-0.4932
HELVE_p_TCGA_b139_154_155_SNP_N_GenomeWideSNP_6_D05_808704	8	120162854	129756266	6695	0.3286
HELVE_p_TCGA_b139_154_155_SNP_N_GenomeWideSNP_6_D05_808704	8	129763135	129764085	2	-1.6465
HELVE_p_TCGA_b139_154_155_SNP_N_GenomeWideSNP_6_D05_808704	8	129777454	137677823	6081	0.3165
HELVE_p_TCGA_b139_154_155_SNP_N_GenomeWideSNP_6_D05_808704	8	137677896	137862195	175	-0.3316
HELVE_p_TCGA_b139_154_155_SNP_N_GenomeWideSNP_6_D05_808704	8	137862416	138307425	311	0.2934
HELVE_p_TCGA_b139_154_155_SNP_N_GenomeWideSNP_6_D05_808704	8	138309739	138309956	3	-0.8086
HELVE_p_TCGA_b139_154_155_SNP_N_GenomeWideSNP_6_D05_808704	8	138310698	140603502	2024	0.3352
HELVE_p_TCGA_b139_154_155_SNP_N_GenomeWideSNP_6_D05_808704	8	140604336	140604622	3	1.4754
HELVE_p_TCGA_b139_154_155_SNP_N_GenomeWideSNP_6_D05_808704	8	140604643	146298155	2665	0.3156
HELVE_p_TCGA_b139_154_155_SNP_N_GenomeWideSNP_6_D05_808704	9	46587	94152	11	-0.1046
HELVE_p_TCGA_b139_154_155_SNP_N_GenomeWideSNP_6_D05_808704	9	95389	246397	72	0.1713
HELVE_p_TCGA_b139_154_155_SNP_N_GenomeWideSNP_6_D05_808704	9	246702	246725	2	1.8614
HELVE_p_TCGA_b139_154_155_SNP_N_GenomeWideSNP_6_D05_808704	9	249281	12554856	11629	0.1765
HELVE_p_TCGA_b139_154_155_SNP_N_GenomeWideSNP_6_D05_808704	9	12556594	12562294	3	1.761
HELVE_p_TCGA_b139_154_155_SNP_N_GenomeWideSNP_6_D05_808704	9	12565520	22492889	8156	0.1748
HELVE_p_TCGA_b139_154_155_SNP_N_GenomeWideSNP_6_D05_808704	9	22501913	22502699	2	-1.5545
HELVE_p_TCGA_b139_154_155_SNP_N_GenomeWideSNP_6_D05_808704	9	22509340	23363115	580	0.1439
HELVE_p_TCGA_b139_154_155_SNP_N_GenomeWideSNP_6_D05_808704	9	23363933	23373484	7	0.9583
HELVE_p_TCGA_b139_154_155_SNP_N_GenomeWideSNP_6_D05_808704	9	23378488	43187967	10915	0.1551
HELVE_p_TCGA_b139_154_155_SNP_N_GenomeWideSNP_6_D05_808704	9	43187967	43662908	22	-0.2834
HELVE_p_TCGA_b139_154_155_SNP_N_GenomeWideSNP_6_D05_808704	9	43663163	43790346	19	-0.8956
HELVE_p_TCGA_b139_154_155_SNP_N_GenomeWideSNP_6_D05_808704	9	43800186	44727859	51	0.0276
HELVE_p_TCGA_b139_154_155_SNP_N_GenomeWideSNP_6_D05_808704	9	44729751	44875942	38	0.4485
HELVE_p_TCGA_b139_154_155_SNP_N_GenomeWideSNP_6_D05_808704	9	44888127	141091394	48405	0.0611
HELVE_p_TCGA_b139_154_155_SNP_N_GenomeWideSNP_6_D05_808704	10	72759	16466370	13801	-0.0793
HELVE_p_TCGA_b139_154_155_SNP_N_GenomeWideSNP_6_D05_808704	10	16467242	16470933	3	-1.3066
HELVE_p_TCGA_b139_154_155_SNP_N_GenomeWideSNP_6_D05_808704	10	16476271	18121033	1088	-0.0947
HELVE_p_TCGA_b139_154_155_SNP_N_GenomeWideSNP_6_D05_808704	10	18128247	18237970	14	-0.4905
HELVE_p_TCGA_b139_154_155_SNP_N_GenomeWideSNP_6_D05_808704	10	18240605	24375263	4336	-0.0793
HELVE_p_TCGA_b139_154_155_SNP_N_GenomeWideSNP_6_D05_808704	10	24377674	24377921	10	0.7877
HELVE_p_TCGA_b139_154_155_SNP_N_GenomeWideSNP_6_D05_808704	10	24378054	53237721	15404	-0.0646
HELVE_p_TCGA_b139_154_155_SNP_N_GenomeWideSNP_6_D05_808704	10	53237935	53582663	274	-0.5077
HELVE_p_TCGA_b139_154_155_SNP_N_GenomeWideSNP_6_D05_808704	10	53583444	58516403	3657	-0.087
HELVE_p_TCGA_b139_154_155_SNP_N_GenomeWideSNP_6_D05_808704	10	58516521	58532989	42	-0.4915
HELVE_p_TCGA_b139_154_155_SNP_N_GenomeWideSNP_6_D05_808704	10	58536052	67306158	6109	-0.0783
HELVE_p_TCGA_b139_154_155_SNP_N_GenomeWideSNP_6_D05_808704	10	67306276	67314446	29	-0.4668
HELVE_p_TCGA_b139_154_155_SNP_N_GenomeWideSNP_6_D05_808704	10	67322795	92459927	16969	-0.0789
HELVE_p_TCGA_b139_154_155_SNP_N_GenomeWideSNP_6_D05_808704	10	92462715	92463291	4	-1.3213
HELVE_p_TCGA_b139_154_155_SNP_N_GenomeWideSNP_6_D05_808704	10	92471580	98262516	3547	-0.0652
HELVE_p_TCGA_b139_154_155_SNP_N_GenomeWideSNP_6_D05_808704	10	98263137	98424374	117	-0.401
HELVE_p_TCGA_b139_154_155_SNP_N_GenomeWideSNP_6_D05_808704	10	98432671	103853250	3165	-0.0761
HELVE_p_TCGA_b139_154_155_SNP_N_GenomeWideSNP_6_D05_808704	10	103857129	103861346	4	-0.9955
HELVE_p_TCGA_b139_154_155_SNP_N_GenomeWideSNP_6_D05_808704	10	103862419	111612577	5261	-0.0919
HELVE_p_TCGA_b139_154_155_SNP_N_GenomeWideSNP_6_D05_808704	10	111612666	111614293	3	0.9021
HELVE_p_TCGA_b139_154_155_SNP_N_GenomeWideSNP_6_D05_808704	10	111617982	114492656	2021	-0.0638
HELVE_p_TCGA_b139_154_155_SNP_N_GenomeWideSNP_6_D05_808704	10	114492742	114492898	2	-1.3666
HELVE_p_TCGA_b139_154_155_SNP_N_GenomeWideSNP_6_D05_808704	10	114498145	127763363	9646	-0.0621
HELVE_p_TCGA_b139_154_155_SNP_N_GenomeWideSNP_6_D05_808704	10	127763371	127764957	2	-1.2776
HELVE_p_TCGA_b139_154_155_SNP_N_GenomeWideSNP_6_D05_808704	10	127768110	135506704	5567	-0.0849
HELVE_p_TCGA_b139_154_155_SNP_N_GenomeWideSNP_6_D05_808704	11	198510	1644440	482	0.1264
HELVE_p_TCGA_b139_154_155_SNP_N_GenomeWideSNP_6_D05_808704	11	1644905	1645966	2	-1.4793
HELVE_p_TCGA_b139_154_155_SNP_N_GenomeWideSNP_6_D05_808704	11	1647579	3486724	861	0.1277
HELVE_p_TCGA_b139_154_155_SNP_N_GenomeWideSNP_6_D05_808704	11	3487665	3488541	3	-1.017
HELVE_p_TCGA_b139_154_155_SNP_N_GenomeWideSNP_6_D05_808704	11	3506526	4967650	1127	0.107
HELVE_p_TCGA_b139_154_155_SNP_N_GenomeWideSNP_6_D05_808704	11	4968117	4976614	38	0.7551
HELVE_p_TCGA_b139_154_155_SNP_N_GenomeWideSNP_6_D05_808704	11	4976814	5787405	788	0.1159
HELVE_p_TCGA_b139_154_155_SNP_N_GenomeWideSNP_6_D05_808704	11	5788080	5809139	32	0.5301
HELVE_p_TCGA_b139_154_155_SNP_N_GenomeWideSNP_6_D05_808704	11	5809338	6117014	246	0.1049
HELVE_p_TCGA_b139_154_155_SNP_N_GenomeWideSNP_6_D05_808704	11	6117976	6122094	3	-1.081
HELVE_p_TCGA_b139_154_155_SNP_N_GenomeWideSNP_6_D05_808704	11	6122503	21196235	11282	0.1313
HELVE_p_TCGA_b139_154_155_SNP_N_GenomeWideSNP_6_D05_808704	11	21196350	21196391	2	1.3109
HELVE_p_TCGA_b139_154_155_SNP_N_GenomeWideSNP_6_D05_808704	11	21196509	31393294	7037	0.066
HELVE_p_TCGA_b139_154_155_SNP_N_GenomeWideSNP_6_D05_808704	11	31394268	31397080	2	-2.5499
HELVE_p_TCGA_b139_154_155_SNP_N_GenomeWideSNP_6_D05_808704	11	31398207	83833466	28961	0.0579
HELVE_p_TCGA_b139_154_155_SNP_N_GenomeWideSNP_6_D05_808704	11	83835469	84474374	401	-0.1801
HELVE_p_TCGA_b139_154_155_SNP_N_GenomeWideSNP_6_D05_808704	11	84474461	128338526	30742	0.0541
HELVE_p_TCGA_b139_154_155_SNP_N_GenomeWideSNP_6_D05_808704	11	128338581	128338629	2	1.1975
HELVE_p_TCGA_b139_154_155_SNP_N_GenomeWideSNP_6_D05_808704	11	128339806	133817472	4265	0.0578
HELVE_p_TCGA_b139_154_155_SNP_N_GenomeWideSNP_6_D05_808704	11	133817656	133818097	2	1.5247
HELVE_p_TCGA_b139_154_155_SNP_N_GenomeWideSNP_6_D05_808704	11	133819442	134944770	839	0.022
HELVE_p_TCGA_b139_154_155_SNP_N_GenomeWideSNP_6_D05_808704	12	150442	355842	115	0.1253
HELVE_p_TCGA_b139_154_155_SNP_N_GenomeWideSNP_6_D05_808704	12	356439	357311	2	1.9764
HELVE_p_TCGA_b139_154_155_SNP_N_GenomeWideSNP_6_D05_808704	12	357319	865970	301	0.1467
HELVE_p_TCGA_b139_154_155_SNP_N_GenomeWideSNP_6_D05_808704	12	869109	874029	18	-0.4747
HELVE_p_TCGA_b139_154_155_SNP_N_GenomeWideSNP_6_D05_808704	12	875354	33294660	22437	0.1413
HELVE_p_TCGA_b139_154_155_SNP_N_GenomeWideSNP_6_D05_808704	12	33301406	33307374	27	-0.4448
HELVE_p_TCGA_b139_154_155_SNP_N_GenomeWideSNP_6_D05_808704	12	33308360	45904438	5626	0.1321
HELVE_p_TCGA_b139_154_155_SNP_N_GenomeWideSNP_6_D05_808704	12	45905840	45909537	3	1.4034
HELVE_p_TCGA_b139_154_155_SNP_N_GenomeWideSNP_6_D05_808704	12	45913292	119983825	47451	0.134
HELVE_p_TCGA_b139_154_155_SNP_N_GenomeWideSNP_6_D05_808704	12	119988887	119990761	16	-0.5409
HELVE_p_TCGA_b139_154_155_SNP_N_GenomeWideSNP_6_D05_808704	12	119994041	127125380	4099	0.1399
HELVE_p_TCGA_b139_154_155_SNP_N_GenomeWideSNP_6_D05_808704	12	127125744	127130492	2	1.508
HELVE_p_TCGA_b139_154_155_SNP_N_GenomeWideSNP_6_D05_808704	12	127131040	133778189	4973	0.1322
HELVE_p_TCGA_b139_154_155_SNP_N_GenomeWideSNP_6_D05_808704	13	19026949	19369436	81	0.0787
HELVE_p_TCGA_b139_154_155_SNP_N_GenomeWideSNP_6_D05_808704	13	19369572	19369592	2	-1.126
HELVE_p_TCGA_b139_154_155_SNP_N_GenomeWideSNP_6_D05_808704	13	19395638	23629210	2812	0.1376
HELVE_p_TCGA_b139_154_155_SNP_N_GenomeWideSNP_6_D05_808704	13	23632678	23633515	12	-0.8384
HELVE_p_TCGA_b139_154_155_SNP_N_GenomeWideSNP_6_D05_808704	13	23638195	25509506	1480	0.1416
HELVE_p_TCGA_b139_154_155_SNP_N_GenomeWideSNP_6_D05_808704	13	25509846	25516817	7	-0.5189
HELVE_p_TCGA_b139_154_155_SNP_N_GenomeWideSNP_6_D05_808704	13	25521899	26905205	962	0.1488
HELVE_p_TCGA_b139_154_155_SNP_N_GenomeWideSNP_6_D05_808704	13	26906999	26908031	2	-1.0433
HELVE_p_TCGA_b139_154_155_SNP_N_GenomeWideSNP_6_D05_808704	13	26911112	30029818	2402	0.1595
HELVE_p_TCGA_b139_154_155_SNP_N_GenomeWideSNP_6_D05_808704	13	30031562	30033228	2	-1.6004
HELVE_p_TCGA_b139_154_155_SNP_N_GenomeWideSNP_6_D05_808704	13	30036193	38071135	5797	0.1334
HELVE_p_TCGA_b139_154_155_SNP_N_GenomeWideSNP_6_D05_808704	13	38072036	38084757	16	-0.4466
HELVE_p_TCGA_b139_154_155_SNP_N_GenomeWideSNP_6_D05_808704	13	38088330	51545054	9124	0.1416
HELVE_p_TCGA_b139_154_155_SNP_N_GenomeWideSNP_6_D05_808704	13	51546911	51549198	2	1.4566
HELVE_p_TCGA_b139_154_155_SNP_N_GenomeWideSNP_6_D05_808704	13	51549557	56151637	2635	0.1336
HELVE_p_TCGA_b139_154_155_SNP_N_GenomeWideSNP_6_D05_808704	13	56158438	56269581	59	-0.3136
HELVE_p_TCGA_b139_154_155_SNP_N_GenomeWideSNP_6_D05_808704	13	56272062	58402771	1070	0.1562
HELVE_p_TCGA_b139_154_155_SNP_N_GenomeWideSNP_6_D05_808704	13	58405724	58694867	175	-0.3843
HELVE_p_TCGA_b139_154_155_SNP_N_GenomeWideSNP_6_D05_808704	13	58695478	61010483	1463	0.1269
HELVE_p_TCGA_b139_154_155_SNP_N_GenomeWideSNP_6_D05_808704	13	61011060	61441988	290	-0.1157
HELVE_p_TCGA_b139_154_155_SNP_N_GenomeWideSNP_6_D05_808704	13	61443527	61503348	56	-0.4666
HELVE_p_TCGA_b139_154_155_SNP_N_GenomeWideSNP_6_D05_808704	13	61506148	62809274	722	-0.114
HELVE_p_TCGA_b139_154_155_SNP_N_GenomeWideSNP_6_D05_808704	13	62809448	62809482	2	-1.5024
HELVE_p_TCGA_b139_154_155_SNP_N_GenomeWideSNP_6_D05_808704	13	62818093	63611527	412	-0.1244
HELVE_p_TCGA_b139_154_155_SNP_N_GenomeWideSNP_6_D05_808704	13	63612643	67152776	2160	0.1242
HELVE_p_TCGA_b139_154_155_SNP_N_GenomeWideSNP_6_D05_808704	13	67153019	67532154	316	0.4732
HELVE_p_TCGA_b139_154_155_SNP_N_GenomeWideSNP_6_D05_808704	13	67532237	67532341	3	-1.2068
HELVE_p_TCGA_b139_154_155_SNP_N_GenomeWideSNP_6_D05_808704	13	67536402	72476988	3077	0.3908
HELVE_p_TCGA_b139_154_155_SNP_N_GenomeWideSNP_6_D05_808704	13	72477555	72480605	5	1.3521
HELVE_p_TCGA_b139_154_155_SNP_N_GenomeWideSNP_6_D05_808704	13	72486483	83441554	7461	0.3811
HELVE_p_TCGA_b139_154_155_SNP_N_GenomeWideSNP_6_D05_808704	13	83444677	83521550	54	-0.1328
HELVE_p_TCGA_b139_154_155_SNP_N_GenomeWideSNP_6_D05_808704	13	83533553	83812174	228	0.1224
HELVE_p_TCGA_b139_154_155_SNP_N_GenomeWideSNP_6_D05_808704	13	83814261	83866823	33	-0.4204
HELVE_p_TCGA_b139_154_155_SNP_N_GenomeWideSNP_6_D05_808704	13	83868138	84247679	235	-0.1429
HELVE_p_TCGA_b139_154_155_SNP_N_GenomeWideSNP_6_D05_808704	13	84250610	87317978	1854	-0.3952
HELVE_p_TCGA_b139_154_155_SNP_N_GenomeWideSNP_6_D05_808704	13	87319743	87404295	42	0.1046
HELVE_p_TCGA_b139_154_155_SNP_N_GenomeWideSNP_6_D05_808704	13	87406307	87635363	115	-0.1412
HELVE_p_TCGA_b139_154_155_SNP_N_GenomeWideSNP_6_D05_808704	13	87635576	87889408	121	0.106
HELVE_p_TCGA_b139_154_155_SNP_N_GenomeWideSNP_6_D05_808704	13	87896654	88289832	218	-0.1338
HELVE_p_TCGA_b139_154_155_SNP_N_GenomeWideSNP_6_D05_808704	13	88292925	88496840	110	-0.4167
HELVE_p_TCGA_b139_154_155_SNP_N_GenomeWideSNP_6_D05_808704	13	88499289	93211375	2954	0.1104
HELVE_p_TCGA_b139_154_155_SNP_N_GenomeWideSNP_6_D05_808704	13	93214168	93214363	2	-1.3018
HELVE_p_TCGA_b139_154_155_SNP_N_GenomeWideSNP_6_D05_808704	13	93216522	114999838	15655	0.1334
HELVE_p_TCGA_b139_154_155_SNP_N_GenomeWideSNP_6_D05_808704	13	115003468	115004509	2	1.3398
HELVE_p_TCGA_b139_154_155_SNP_N_GenomeWideSNP_6_D05_808704	13	115007056	115108397	46	0.1388
HELVE_p_TCGA_b139_154_155_SNP_N_GenomeWideSNP_6_D05_808704	14	19002124	20143509	80	-0.0614
HELVE_p_TCGA_b139_154_155_SNP_N_GenomeWideSNP_6_D05_808704	14	20157843	20423372	110	0.3736
HELVE_p_TCGA_b139_154_155_SNP_N_GenomeWideSNP_6_D05_808704	14	20424926	20525833	76	-0.0851
HELVE_p_TCGA_b139_154_155_SNP_N_GenomeWideSNP_6_D05_808704	14	20527290	20527394	2	-1.5733
HELVE_p_TCGA_b139_154_155_SNP_N_GenomeWideSNP_6_D05_808704	14	20530266	45174100	15698	-0.0755
HELVE_p_TCGA_b139_154_155_SNP_N_GenomeWideSNP_6_D05_808704	14	45182148	45223713	32	-0.7387
HELVE_p_TCGA_b139_154_155_SNP_N_GenomeWideSNP_6_D05_808704	14	45226859	85565426	25944	-0.0815
HELVE_p_TCGA_b139_154_155_SNP_N_GenomeWideSNP_6_D05_808704	14	85565473	85565800	3	0.9527
HELVE_p_TCGA_b139_154_155_SNP_N_GenomeWideSNP_6_D05_808704	14	85565964	87102595	1108	-0.0999
HELVE_p_TCGA_b139_154_155_SNP_N_GenomeWideSNP_6_D05_808704	14	87103671	87103697	2	-1.6687
HELVE_p_TCGA_b139_154_155_SNP_N_GenomeWideSNP_6_D05_808704	14	87109568	106751284	12191	-0.0847
HELVE_p_TCGA_b139_154_155_SNP_N_GenomeWideSNP_6_D05_808704	14	106753859	106753867	3	1.736
HELVE_p_TCGA_b139_154_155_SNP_N_GenomeWideSNP_6_D05_808704	14	106754003	106872062	54	-0.0644
HELVE_p_TCGA_b139_154_155_SNP_N_GenomeWideSNP_6_D05_808704	14	106874361	106918094	51	-0.6878
HELVE_p_TCGA_b139_154_155_SNP_N_GenomeWideSNP_6_D05_808704	14	106918108	107161100	142	-0.0936
HELVE_p_TCGA_b139_154_155_SNP_N_GenomeWideSNP_6_D05_808704	14	107165591	107184184	15	-0.5805
HELVE_p_TCGA_b139_154_155_SNP_N_GenomeWideSNP_6_D05_808704	14	107184376	107285437	68	-0.0873
HELVE_p_TCGA_b139_154_155_SNP_N_GenomeWideSNP_6_D05_808704	15	20016328	20581455	103	-0.1355
HELVE_p_TCGA_b139_154_155_SNP_N_GenomeWideSNP_6_D05_808704	15	20581562	20586957	14	0.4403
HELVE_p_TCGA_b139_154_155_SNP_N_GenomeWideSNP_6_D05_808704	15	20590027	76878362	34225	-0.0662
HELVE_p_TCGA_b139_154_155_SNP_N_GenomeWideSNP_6_D05_808704	15	76891241	76895775	22	-1.5671
HELVE_p_TCGA_b139_154_155_SNP_N_GenomeWideSNP_6_D05_808704	15	76902179	82895028	3656	-0.0703
HELVE_p_TCGA_b139_154_155_SNP_N_GenomeWideSNP_6_D05_808704	15	82895362	83108839	11	-0.8374
HELVE_p_TCGA_b139_154_155_SNP_N_GenomeWideSNP_6_D05_808704	15	83169549	102469040	14014	-0.0716
HELVE_p_TCGA_b139_154_155_SNP_N_GenomeWideSNP_6_D05_808704	16	60777	6281175	3407	-0.2956
HELVE_p_TCGA_b139_154_155_SNP_N_GenomeWideSNP_6_D05_808704	16	6281263	6394355	139	-0.9213
HELVE_p_TCGA_b139_154_155_SNP_N_GenomeWideSNP_6_D05_808704	16	6395146	6969295	743	-1.3195
HELVE_p_TCGA_b139_154_155_SNP_N_GenomeWideSNP_6_D05_808704	16	6969671	7010776	35	-0.8607
HELVE_p_TCGA_b139_154_155_SNP_N_GenomeWideSNP_6_D05_808704	16	7012136	7112762	111	-0.4165
HELVE_p_TCGA_b139_154_155_SNP_N_GenomeWideSNP_6_D05_808704	16	7112857	7273595	243	-0.7419
HELVE_p_TCGA_b139_154_155_SNP_N_GenomeWideSNP_6_D05_808704	16	7277621	70139542	31403	-0.2699
HELVE_p_TCGA_b139_154_155_SNP_N_GenomeWideSNP_6_D05_808704	16	70151527	70211444	17	0.3661
HELVE_p_TCGA_b139_154_155_SNP_N_GenomeWideSNP_6_D05_808704	16	70213044	77595009	4806	-0.2449
HELVE_p_TCGA_b139_154_155_SNP_N_GenomeWideSNP_6_D05_808704	16	77595285	77595365	3	-1.4478
HELVE_p_TCGA_b139_154_155_SNP_N_GenomeWideSNP_6_D05_808704	16	77596021	78188738	658	-0.2676
HELVE_p_TCGA_b139_154_155_SNP_N_GenomeWideSNP_6_D05_808704	16	78188800	78318348	128	-0.6121
HELVE_p_TCGA_b139_154_155_SNP_N_GenomeWideSNP_6_D05_808704	16	78318572	78371608	50	-0.3141
HELVE_p_TCGA_b139_154_155_SNP_N_GenomeWideSNP_6_D05_808704	16	78372440	78384765	16	0.8234
HELVE_p_TCGA_b139_154_155_SNP_N_GenomeWideSNP_6_D05_808704	16	78385001	78614524	340	-0.3242
HELVE_p_TCGA_b139_154_155_SNP_N_GenomeWideSNP_6_D05_808704	16	78614838	78679533	64	-0.7701
HELVE_p_TCGA_b139_154_155_SNP_N_GenomeWideSNP_6_D05_808704	16	78681586	78940267	342	-0.3482
HELVE_p_TCGA_b139_154_155_SNP_N_GenomeWideSNP_6_D05_808704	16	78940404	79010245	90	-0.9099
HELVE_p_TCGA_b139_154_155_SNP_N_GenomeWideSNP_6_D05_808704	16	79010613	90287535	9792	-0.2929
HELVE_p_TCGA_b139_154_155_SNP_N_GenomeWideSNP_6_D05_808704	17	526	20620847	12347	-0.3737
HELVE_p_TCGA_b139_154_155_SNP_N_GenomeWideSNP_6_D05_808704	17	20624726	20860848	108	0.1833
HELVE_p_TCGA_b139_154_155_SNP_N_GenomeWideSNP_6_D05_808704	17	20863779	21057299	102	0.7739
HELVE_p_TCGA_b139_154_155_SNP_N_GenomeWideSNP_6_D05_808704	17	21065060	21214253	80	0.9822
HELVE_p_TCGA_b139_154_155_SNP_N_GenomeWideSNP_6_D05_808704	17	21214526	21250418	9	0.4097
HELVE_p_TCGA_b139_154_155_SNP_N_GenomeWideSNP_6_D05_808704	17	21256508	21474289	100	0.9523
HELVE_p_TCGA_b139_154_155_SNP_N_GenomeWideSNP_6_D05_808704	17	21477343	21519100	17	0.6309
HELVE_p_TCGA_b139_154_155_SNP_N_GenomeWideSNP_6_D05_808704	17	21524172	32833939	4590	0.1532
HELVE_p_TCGA_b139_154_155_SNP_N_GenomeWideSNP_6_D05_808704	17	32836892	32862190	37	-0.0658
HELVE_p_TCGA_b139_154_155_SNP_N_GenomeWideSNP_6_D05_808704	17	32862455	34436532	980	0.5059
HELVE_p_TCGA_b139_154_155_SNP_N_GenomeWideSNP_6_D05_808704	17	34436708	34485091	38	0.8683
HELVE_p_TCGA_b139_154_155_SNP_N_GenomeWideSNP_6_D05_808704	17	34528125	34823792	19	0.5323
HELVE_p_TCGA_b139_154_155_SNP_N_GenomeWideSNP_6_D05_808704	17	34824604	35092845	222	0.1445
HELVE_p_TCGA_b139_154_155_SNP_N_GenomeWideSNP_6_D05_808704	17	35093534	35142244	50	0.4574
HELVE_p_TCGA_b139_154_155_SNP_N_GenomeWideSNP_6_D05_808704	17	35143055	35144401	2	-0.8495
HELVE_p_TCGA_b139_154_155_SNP_N_GenomeWideSNP_6_D05_808704	17	35144946	39421708	2251	0.4989
HELVE_p_TCGA_b139_154_155_SNP_N_GenomeWideSNP_6_D05_808704	17	39423014	39430531	24	-0.1724
HELVE_p_TCGA_b139_154_155_SNP_N_GenomeWideSNP_6_D05_808704	17	39432724	44156081	2506	0.4868
HELVE_p_TCGA_b139_154_155_SNP_N_GenomeWideSNP_6_D05_808704	17	44157487	44394414	134	0.158
HELVE_p_TCGA_b139_154_155_SNP_N_GenomeWideSNP_6_D05_808704	17	44394420	44435454	7	0.603
HELVE_p_TCGA_b139_154_155_SNP_N_GenomeWideSNP_6_D05_808704	17	44441482	44752300	39	1.2358
HELVE_p_TCGA_b139_154_155_SNP_N_GenomeWideSNP_6_D05_808704	17	44764994	49480306	2455	0.5151
HELVE_p_TCGA_b139_154_155_SNP_N_GenomeWideSNP_6_D05_808704	17	49481250	49481258	2	1.8702
HELVE_p_TCGA_b139_154_155_SNP_N_GenomeWideSNP_6_D05_808704	17	49482110	49946149	380	0.5275
HELVE_p_TCGA_b139_154_155_SNP_N_GenomeWideSNP_6_D05_808704	17	49947701	50395539	355	0.1447
HELVE_p_TCGA_b139_154_155_SNP_N_GenomeWideSNP_6_D05_808704	17	50395842	50626288	156	0.5122
HELVE_p_TCGA_b139_154_155_SNP_N_GenomeWideSNP_6_D05_808704	17	50628256	51344285	487	0.173
HELVE_p_TCGA_b139_154_155_SNP_N_GenomeWideSNP_6_D05_808704	17	51346423	51360314	24	0.5719
HELVE_p_TCGA_b139_154_155_SNP_N_GenomeWideSNP_6_D05_808704	17	51360767	54159044	1957	0.1623
HELVE_p_TCGA_b139_154_155_SNP_N_GenomeWideSNP_6_D05_808704	17	54160914	54172823	28	-0.6499
HELVE_p_TCGA_b139_154_155_SNP_N_GenomeWideSNP_6_D05_808704	17	54173247	54364663	150	0.1291
HELVE_p_TCGA_b139_154_155_SNP_N_GenomeWideSNP_6_D05_808704	17	54364686	59096587	2741	0.51
HELVE_p_TCGA_b139_154_155_SNP_N_GenomeWideSNP_6_D05_808704	17	59096763	59871354	426	0.1663
HELVE_p_TCGA_b139_154_155_SNP_N_GenomeWideSNP_6_D05_808704	17	59872405	64866456	2723	0.528
HELVE_p_TCGA_b139_154_155_SNP_N_GenomeWideSNP_6_D05_808704	17	64868417	65011567	128	0.1921
HELVE_p_TCGA_b139_154_155_SNP_N_GenomeWideSNP_6_D05_808704	17	65011774	65028680	18	0.5509
HELVE_p_TCGA_b139_154_155_SNP_N_GenomeWideSNP_6_D05_808704	17	65030442	65319199	159	0.1705
HELVE_p_TCGA_b139_154_155_SNP_N_GenomeWideSNP_6_D05_808704	17	65320330	66642694	711	0.5115
HELVE_p_TCGA_b139_154_155_SNP_N_GenomeWideSNP_6_D05_808704	17	66643189	67553225	623	0.173
HELVE_p_TCGA_b139_154_155_SNP_N_GenomeWideSNP_6_D05_808704	17	67556142	67740383	107	0.5499
HELVE_p_TCGA_b139_154_155_SNP_N_GenomeWideSNP_6_D05_808704	17	67745982	67885266	89	0.18
HELVE_p_TCGA_b139_154_155_SNP_N_GenomeWideSNP_6_D05_808704	17	67885483	67894646	5	-0.2989
HELVE_p_TCGA_b139_154_155_SNP_N_GenomeWideSNP_6_D05_808704	17	67894924	67948764	51	0.1739
HELVE_p_TCGA_b139_154_155_SNP_N_GenomeWideSNP_6_D05_808704	17	67948919	67962004	15	0.4876
HELVE_p_TCGA_b139_154_155_SNP_N_GenomeWideSNP_6_D05_808704	17	67966862	68004998	29	0.173
HELVE_p_TCGA_b139_154_155_SNP_N_GenomeWideSNP_6_D05_808704	17	68008690	68187299	142	0.549
HELVE_p_TCGA_b139_154_155_SNP_N_GenomeWideSNP_6_D05_808704	17	68187967	69559563	1130	0.19
HELVE_p_TCGA_b139_154_155_SNP_N_GenomeWideSNP_6_D05_808704	17	69559865	77212054	4741	0.5294
HELVE_p_TCGA_b139_154_155_SNP_N_GenomeWideSNP_6_D05_808704	17	77218672	77365534	154	0.1649
HELVE_p_TCGA_b139_154_155_SNP_N_GenomeWideSNP_6_D05_808704	17	77366789	77389101	18	0.647
HELVE_p_TCGA_b139_154_155_SNP_N_GenomeWideSNP_6_D05_808704	17	77400623	77630847	79	0.1384
HELVE_p_TCGA_b139_154_155_SNP_N_GenomeWideSNP_6_D05_808704	17	77641567	81049726	1540	0.5045
HELVE_p_TCGA_b139_154_155_SNP_N_GenomeWideSNP_6_D05_808704	18	11543	7748661	5573	-0.184
HELVE_p_TCGA_b139_154_155_SNP_N_GenomeWideSNP_6_D05_808704	18	7752784	7755226	2	1.3623
HELVE_p_TCGA_b139_154_155_SNP_N_GenomeWideSNP_6_D05_808704	18	7755352	24365863	8335	-0.1693
HELVE_p_TCGA_b139_154_155_SNP_N_GenomeWideSNP_6_D05_808704	18	24365915	24366145	3	-1.3029
HELVE_p_TCGA_b139_154_155_SNP_N_GenomeWideSNP_6_D05_808704	18	24366379	38258096	8902	-0.1743
HELVE_p_TCGA_b139_154_155_SNP_N_GenomeWideSNP_6_D05_808704	18	38258169	38258390	5	0.8107
HELVE_p_TCGA_b139_154_155_SNP_N_GenomeWideSNP_6_D05_808704	18	38258403	38260480	12	-0.2323
HELVE_p_TCGA_b139_154_155_SNP_N_GenomeWideSNP_6_D05_808704	18	38260490	38265389	14	-1.6635
HELVE_p_TCGA_b139_154_155_SNP_N_GenomeWideSNP_6_D05_808704	18	38268024	38680257	283	-0.1714
HELVE_p_TCGA_b139_154_155_SNP_N_GenomeWideSNP_6_D05_808704	18	38680404	38680461	2	1.1258
HELVE_p_TCGA_b139_154_155_SNP_N_GenomeWideSNP_6_D05_808704	18	38680474	40018023	907	-0.1693
HELVE_p_TCGA_b139_154_155_SNP_N_GenomeWideSNP_6_D05_808704	18	40019196	40051678	22	0.0491
HELVE_p_TCGA_b139_154_155_SNP_N_GenomeWideSNP_6_D05_808704	18	40056569	40062317	29	0.3098
HELVE_p_TCGA_b139_154_155_SNP_N_GenomeWideSNP_6_D05_808704	18	40065213	40503349	272	0.0236
HELVE_p_TCGA_b139_154_155_SNP_N_GenomeWideSNP_6_D05_808704	18	40503674	63908092	16146	-0.1793
HELVE_p_TCGA_b139_154_155_SNP_N_GenomeWideSNP_6_D05_808704	18	63908561	63911361	6	-1.3557
HELVE_p_TCGA_b139_154_155_SNP_N_GenomeWideSNP_6_D05_808704	18	63911589	78015057	10269	-0.1953
HELVE_p_TCGA_b139_154_155_SNP_N_GenomeWideSNP_6_D05_808704	19	90910	21153058	9297	0.1101
HELVE_p_TCGA_b139_154_155_SNP_N_GenomeWideSNP_6_D05_808704	19	21153079	21153474	2	-1.1987
HELVE_p_TCGA_b139_154_155_SNP_N_GenomeWideSNP_6_D05_808704	19	21154168	24460818	1938	0.1089
HELVE_p_TCGA_b139_154_155_SNP_N_GenomeWideSNP_6_D05_808704	19	24461420	24464957	9	-0.6764
HELVE_p_TCGA_b139_154_155_SNP_N_GenomeWideSNP_6_D05_808704	19	24487682	41360370	8400	0.1228
HELVE_p_TCGA_b139_154_155_SNP_N_GenomeWideSNP_6_D05_808704	19	41360532	41392155	28	0.4709
HELVE_p_TCGA_b139_154_155_SNP_N_GenomeWideSNP_6_D05_808704	19	41392654	52131813	5283	0.122
HELVE_p_TCGA_b139_154_155_SNP_N_GenomeWideSNP_6_D05_808704	19	52142352	52147936	10	-1.9052
HELVE_p_TCGA_b139_154_155_SNP_N_GenomeWideSNP_6_D05_808704	19	52148197	56282369	2534	0.0939
HELVE_p_TCGA_b139_154_155_SNP_N_GenomeWideSNP_6_D05_808704	19	56282535	56286293	4	1.0372
HELVE_p_TCGA_b139_154_155_SNP_N_GenomeWideSNP_6_D05_808704	19	56288941	59097854	1849	0.1062
HELVE_p_TCGA_b139_154_155_SNP_N_GenomeWideSNP_6_D05_808704	20	61305	1582207	1243	-0.0152
HELVE_p_TCGA_b139_154_155_SNP_N_GenomeWideSNP_6_D05_808704	20	1590257	1593893	5	-1.5899
HELVE_p_TCGA_b139_154_155_SNP_N_GenomeWideSNP_6_D05_808704	20	1597946	14281082	9607	9e-04
HELVE_p_TCGA_b139_154_155_SNP_N_GenomeWideSNP_6_D05_808704	20	14282453	14428703	76	-0.3689
HELVE_p_TCGA_b139_154_155_SNP_N_GenomeWideSNP_6_D05_808704	20	14428954	14578544	94	-0.0823
HELVE_p_TCGA_b139_154_155_SNP_N_GenomeWideSNP_6_D05_808704	20	14579176	14644379	47	-0.6692
HELVE_p_TCGA_b139_154_155_SNP_N_GenomeWideSNP_6_D05_808704	20	14644677	15102827	417	-1.1713
HELVE_p_TCGA_b139_154_155_SNP_N_GenomeWideSNP_6_D05_808704	20	15103316	15155024	43	-0.5885
HELVE_p_TCGA_b139_154_155_SNP_N_GenomeWideSNP_6_D05_808704	20	15157914	15256143	74	-1.0741
HELVE_p_TCGA_b139_154_155_SNP_N_GenomeWideSNP_6_D05_808704	20	15267722	15436002	164	-0.5864
HELVE_p_TCGA_b139_154_155_SNP_N_GenomeWideSNP_6_D05_808704	20	15443446	15484265	44	-0.0395
HELVE_p_TCGA_b139_154_155_SNP_N_GenomeWideSNP_6_D05_808704	20	15485148	35616514	11022	0.2491
HELVE_p_TCGA_b139_154_155_SNP_N_GenomeWideSNP_6_D05_808704	20	35621120	35632159	9	0.5447
HELVE_p_TCGA_b139_154_155_SNP_N_GenomeWideSNP_6_D05_808704	20	35632227	62915568	19640	0.2403
HELVE_p_TCGA_b139_154_155_SNP_N_GenomeWideSNP_6_D05_808704	20	62916068	62956153	6	-0.4446
HELVE_p_TCGA_b139_154_155_SNP_N_GenomeWideSNP_6_D05_808704	21	10736871	10755724	2	0.3815
HELVE_p_TCGA_b139_154_155_SNP_N_GenomeWideSNP_6_D05_808704	21	10759141	11173793	109	-0.3747
HELVE_p_TCGA_b139_154_155_SNP_N_GenomeWideSNP_6_D05_808704	21	11175912	48096957	24282	-0.0814
HELVE_p_TCGA_b139_154_155_SNP_N_GenomeWideSNP_6_D05_808704	22	16052528	42899440	17421	-0.2804
HELVE_p_TCGA_b139_154_155_SNP_N_GenomeWideSNP_6_D05_808704	22	42904606	42980051	35	0.137
HELVE_p_TCGA_b139_154_155_SNP_N_GenomeWideSNP_6_D05_808704	22	42981167	44830242	1379	-0.277
HELVE_p_TCGA_b139_154_155_SNP_N_GenomeWideSNP_6_D05_808704	22	44833001	44835076	2	-2.6397
HELVE_p_TCGA_b139_154_155_SNP_N_GenomeWideSNP_6_D05_808704	22	44836364	51234455	4713	-0.319
HELVE_p_TCGA_b139_154_155_SNP_N_GenomeWideSNP_6_D05_808704	X	168477	2666353	95	-0.4375
HELVE_p_TCGA_b139_154_155_SNP_N_GenomeWideSNP_6_D05_808704	X	2703391	3220921	415	0.0106
HELVE_p_TCGA_b139_154_155_SNP_N_GenomeWideSNP_6_D05_808704	X	3221057	3221138	3	1.6087
HELVE_p_TCGA_b139_154_155_SNP_N_GenomeWideSNP_6_D05_808704	X	3221824	6866459	2785	-0.0401
HELVE_p_TCGA_b139_154_155_SNP_N_GenomeWideSNP_6_D05_808704	X	6866501	7061757	149	-0.8805
HELVE_p_TCGA_b139_154_155_SNP_N_GenomeWideSNP_6_D05_808704	X	7065218	7106206	31	0.0264
HELVE_p_TCGA_b139_154_155_SNP_N_GenomeWideSNP_6_D05_808704	X	7108850	7287458	110	-0.3024
HELVE_p_TCGA_b139_154_155_SNP_N_GenomeWideSNP_6_D05_808704	X	7290562	15727240	6098	0.0252
HELVE_p_TCGA_b139_154_155_SNP_N_GenomeWideSNP_6_D05_808704	X	15727977	15731340	3	2.8524
HELVE_p_TCGA_b139_154_155_SNP_N_GenomeWideSNP_6_D05_808704	X	15734885	155182354	74630	-0.0093
HELVE_p_TCGA_b139_154_155_SNP_N_GenomeWideSNP_6_D05_808704	Y	2650438	59018259	8631	-1.1581
