Sample	Chromosome	Start	End	Num_Probes	Segment_Mean
FOXED_p_TCGA_b122_128_SNP_N_GenomeWideSNP_6_D03_781822	1	61735	98588	16	0.9431
FOXED_p_TCGA_b122_128_SNP_N_GenomeWideSNP_6_D03_781822	1	98602	603590	17	0.1138
FOXED_p_TCGA_b122_128_SNP_N_GenomeWideSNP_6_D03_781822	1	625470	16149915	8377	-0.1115
FOXED_p_TCGA_b122_128_SNP_N_GenomeWideSNP_6_D03_781822	1	16153497	16153925	6	0.7564
FOXED_p_TCGA_b122_128_SNP_N_GenomeWideSNP_6_D03_781822	1	16154201	16167780	6	0.0425
FOXED_p_TCGA_b122_128_SNP_N_GenomeWideSNP_6_D03_781822	1	16167799	16171036	4	0.5098
FOXED_p_TCGA_b122_128_SNP_N_GenomeWideSNP_6_D03_781822	1	16176764	17017078	358	-0.0929
FOXED_p_TCGA_b122_128_SNP_N_GenomeWideSNP_6_D03_781822	1	17017530	17114712	37	0.6783
FOXED_p_TCGA_b122_128_SNP_N_GenomeWideSNP_6_D03_781822	1	17177045	22977883	3824	-0.0805
FOXED_p_TCGA_b122_128_SNP_N_GenomeWideSNP_6_D03_781822	1	22980614	22980686	2	-1.2886
FOXED_p_TCGA_b122_128_SNP_N_GenomeWideSNP_6_D03_781822	1	22980764	35091674	6500	-0.097
FOXED_p_TCGA_b122_128_SNP_N_GenomeWideSNP_6_D03_781822	1	35102654	35104491	20	-0.9297
FOXED_p_TCGA_b122_128_SNP_N_GenomeWideSNP_6_D03_781822	1	35114268	62112763	16472	-0.0792
FOXED_p_TCGA_b122_128_SNP_N_GenomeWideSNP_6_D03_781822	1	62113102	62118187	5	-1.1287
FOXED_p_TCGA_b122_128_SNP_N_GenomeWideSNP_6_D03_781822	1	62119809	67991110	4334	-0.0745
FOXED_p_TCGA_b122_128_SNP_N_GenomeWideSNP_6_D03_781822	1	67992082	67992868	2	-1.6524
FOXED_p_TCGA_b122_128_SNP_N_GenomeWideSNP_6_D03_781822	1	67993077	72750353	3033	-0.089
FOXED_p_TCGA_b122_128_SNP_N_GenomeWideSNP_6_D03_781822	1	72756113	72763370	9	-1.5272
FOXED_p_TCGA_b122_128_SNP_N_GenomeWideSNP_6_D03_781822	1	72768418	72811148	48	1.0039
FOXED_p_TCGA_b122_128_SNP_N_GenomeWideSNP_6_D03_781822	1	72811904	76516185	2277	-0.1152
FOXED_p_TCGA_b122_128_SNP_N_GenomeWideSNP_6_D03_781822	1	76517539	76517556	2	-1.7108
FOXED_p_TCGA_b122_128_SNP_N_GenomeWideSNP_6_D03_781822	1	76518108	77128618	490	-0.1271
FOXED_p_TCGA_b122_128_SNP_N_GenomeWideSNP_6_D03_781822	1	77130230	77130322	2	-0.9442
FOXED_p_TCGA_b122_128_SNP_N_GenomeWideSNP_6_D03_781822	1	77131620	77171575	33	-0.0875
FOXED_p_TCGA_b122_128_SNP_N_GenomeWideSNP_6_D03_781822	1	77181163	77187246	10	0.205
FOXED_p_TCGA_b122_128_SNP_N_GenomeWideSNP_6_D03_781822	1	77190010	96155176	12429	-0.085
FOXED_p_TCGA_b122_128_SNP_N_GenomeWideSNP_6_D03_781822	1	96155716	96156066	2	-2.0412
FOXED_p_TCGA_b122_128_SNP_N_GenomeWideSNP_6_D03_781822	1	96156216	102704485	4113	-0.1105
FOXED_p_TCGA_b122_128_SNP_N_GenomeWideSNP_6_D03_781822	1	102704950	102705645	2	-1.9308
FOXED_p_TCGA_b122_128_SNP_N_GenomeWideSNP_6_D03_781822	1	102706476	104159384	726	-0.1161
FOXED_p_TCGA_b122_128_SNP_N_GenomeWideSNP_6_D03_781822	1	104163499	104260239	25	-0.4853
FOXED_p_TCGA_b122_128_SNP_N_GenomeWideSNP_6_D03_781822	1	104261206	106013376	921	-0.096
FOXED_p_TCGA_b122_128_SNP_N_GenomeWideSNP_6_D03_781822	1	106019205	106022375	17	0.5964
FOXED_p_TCGA_b122_128_SNP_N_GenomeWideSNP_6_D03_781822	1	106024055	108056892	1413	-0.1067
FOXED_p_TCGA_b122_128_SNP_N_GenomeWideSNP_6_D03_781822	1	108057149	108073527	20	-0.7367
FOXED_p_TCGA_b122_128_SNP_N_GenomeWideSNP_6_D03_781822	1	108074435	110224384	1224	-0.0638
FOXED_p_TCGA_b122_128_SNP_N_GenomeWideSNP_6_D03_781822	1	110224427	110244998	33	0.9816
FOXED_p_TCGA_b122_128_SNP_N_GenomeWideSNP_6_D03_781822	1	110246126	112690326	1955	-0.0968
FOXED_p_TCGA_b122_128_SNP_N_GenomeWideSNP_6_D03_781822	1	112695965	112706082	29	0.5524
FOXED_p_TCGA_b122_128_SNP_N_GenomeWideSNP_6_D03_781822	1	112706118	144842558	5238	-0.0685
FOXED_p_TCGA_b122_128_SNP_N_GenomeWideSNP_6_D03_781822	1	144849539	144849552	3	1.1843
FOXED_p_TCGA_b122_128_SNP_N_GenomeWideSNP_6_D03_781822	1	144865627	152555527	2795	-0.0544
FOXED_p_TCGA_b122_128_SNP_N_GenomeWideSNP_6_D03_781822	1	152555706	152586576	34	-1.7708
FOXED_p_TCGA_b122_128_SNP_N_GenomeWideSNP_6_D03_781822	1	152586594	152759678	171	-0.0924
FOXED_p_TCGA_b122_128_SNP_N_GenomeWideSNP_6_D03_781822	1	152761923	152768700	37	-1.6137
FOXED_p_TCGA_b122_128_SNP_N_GenomeWideSNP_6_D03_781822	1	152773905	160146173	4468	-0.1126
FOXED_p_TCGA_b122_128_SNP_N_GenomeWideSNP_6_D03_781822	1	160146494	160146943	4	-1.2521
FOXED_p_TCGA_b122_128_SNP_N_GenomeWideSNP_6_D03_781822	1	160148671	161517939	808	-0.1256
FOXED_p_TCGA_b122_128_SNP_N_GenomeWideSNP_6_D03_781822	1	161523550	161656498	55	0.1403
FOXED_p_TCGA_b122_128_SNP_N_GenomeWideSNP_6_D03_781822	1	161658658	164821782	2495	-0.0755
FOXED_p_TCGA_b122_128_SNP_N_GenomeWideSNP_6_D03_781822	1	164823199	164825007	2	-1.4277
FOXED_p_TCGA_b122_128_SNP_N_GenomeWideSNP_6_D03_781822	1	164826754	166015828	1072	-0.0572
FOXED_p_TCGA_b122_128_SNP_N_GenomeWideSNP_6_D03_781822	1	166016829	166017050	2	-1.7125
FOXED_p_TCGA_b122_128_SNP_N_GenomeWideSNP_6_D03_781822	1	166018490	169216937	2438	-0.0679
FOXED_p_TCGA_b122_128_SNP_N_GenomeWideSNP_6_D03_781822	1	169233974	169238731	5	-2.3773
FOXED_p_TCGA_b122_128_SNP_N_GenomeWideSNP_6_D03_781822	1	169238745	196732086	18213	-0.095
FOXED_p_TCGA_b122_128_SNP_N_GenomeWideSNP_6_D03_781822	1	196738623	196895681	154	0.1969
FOXED_p_TCGA_b122_128_SNP_N_GenomeWideSNP_6_D03_781822	1	196895847	202243688	3473	-0.1158
FOXED_p_TCGA_b122_128_SNP_N_GenomeWideSNP_6_D03_781822	1	202244057	202244522	2	-2.0417
FOXED_p_TCGA_b122_128_SNP_N_GenomeWideSNP_6_D03_781822	1	202245517	208837454	4270	-0.0944
FOXED_p_TCGA_b122_128_SNP_N_GenomeWideSNP_6_D03_781822	1	208837643	208837966	2	-1.419
FOXED_p_TCGA_b122_128_SNP_N_GenomeWideSNP_6_D03_781822	1	208840740	220937791	8561	-0.0942
FOXED_p_TCGA_b122_128_SNP_N_GenomeWideSNP_6_D03_781822	1	220939748	220953310	14	-0.5391
FOXED_p_TCGA_b122_128_SNP_N_GenomeWideSNP_6_D03_781822	1	220953777	223644406	1798	-0.1281
FOXED_p_TCGA_b122_128_SNP_N_GenomeWideSNP_6_D03_781822	1	223644439	223644478	2	-1.5762
FOXED_p_TCGA_b122_128_SNP_N_GenomeWideSNP_6_D03_781822	1	223645256	225659815	1219	-0.0684
FOXED_p_TCGA_b122_128_SNP_N_GenomeWideSNP_6_D03_781822	1	225660014	225668524	8	-0.8917
FOXED_p_TCGA_b122_128_SNP_N_GenomeWideSNP_6_D03_781822	1	225669671	240391247	10588	-0.0914
FOXED_p_TCGA_b122_128_SNP_N_GenomeWideSNP_6_D03_781822	1	240391740	240394139	7	0.545
FOXED_p_TCGA_b122_128_SNP_N_GenomeWideSNP_6_D03_781822	1	240396105	241920285	1203	-0.1118
FOXED_p_TCGA_b122_128_SNP_N_GenomeWideSNP_6_D03_781822	1	241923232	241923239	2	-1.8333
FOXED_p_TCGA_b122_128_SNP_N_GenomeWideSNP_6_D03_781822	1	241925711	248638626	4522	-0.105
FOXED_p_TCGA_b122_128_SNP_N_GenomeWideSNP_6_D03_781822	1	248641192	248809109	62	0.255
FOXED_p_TCGA_b122_128_SNP_N_GenomeWideSNP_6_D03_781822	1	248809369	249224388	140	-0.1006
FOXED_p_TCGA_b122_128_SNP_N_GenomeWideSNP_6_D03_781822	2	12784	4205687	2984	-0.1424
FOXED_p_TCGA_b122_128_SNP_N_GenomeWideSNP_6_D03_781822	2	4213864	4224019	42	-0.9291
FOXED_p_TCGA_b122_128_SNP_N_GenomeWideSNP_6_D03_781822	2	4230062	5603625	1062	-0.1093
FOXED_p_TCGA_b122_128_SNP_N_GenomeWideSNP_6_D03_781822	2	5609355	5611821	6	-0.9396
FOXED_p_TCGA_b122_128_SNP_N_GenomeWideSNP_6_D03_781822	2	5615223	15287838	7412	-0.0976
FOXED_p_TCGA_b122_128_SNP_N_GenomeWideSNP_6_D03_781822	2	15288098	15293720	3	-1.4722
FOXED_p_TCGA_b122_128_SNP_N_GenomeWideSNP_6_D03_781822	2	15294683	28658450	8424	-0.0873
FOXED_p_TCGA_b122_128_SNP_N_GenomeWideSNP_6_D03_781822	2	28658964	28659489	2	-2.8162
FOXED_p_TCGA_b122_128_SNP_N_GenomeWideSNP_6_D03_781822	2	28662264	33050816	2863	-0.0901
FOXED_p_TCGA_b122_128_SNP_N_GenomeWideSNP_6_D03_781822	2	33051529	33052763	4	-1.1257
FOXED_p_TCGA_b122_128_SNP_N_GenomeWideSNP_6_D03_781822	2	33053688	34685280	1288	-0.095
FOXED_p_TCGA_b122_128_SNP_N_GenomeWideSNP_6_D03_781822	2	34691069	34737057	47	-0.6498
FOXED_p_TCGA_b122_128_SNP_N_GenomeWideSNP_6_D03_781822	2	34737163	77526945	29131	-0.0863
FOXED_p_TCGA_b122_128_SNP_N_GenomeWideSNP_6_D03_781822	2	77527560	77853195	199	-0.8151
FOXED_p_TCGA_b122_128_SNP_N_GenomeWideSNP_6_D03_781822	2	77854681	87109272	5754	-0.0983
FOXED_p_TCGA_b122_128_SNP_N_GenomeWideSNP_6_D03_781822	2	87120495	87438721	65	0.1638
FOXED_p_TCGA_b122_128_SNP_N_GenomeWideSNP_6_D03_781822	2	87438888	89615442	815	-0.0846
FOXED_p_TCGA_b122_128_SNP_N_GenomeWideSNP_6_D03_781822	2	89894182	90118737	70	-0.7054
FOXED_p_TCGA_b122_128_SNP_N_GenomeWideSNP_6_D03_781822	2	90118810	90146784	32	-0.284
FOXED_p_TCGA_b122_128_SNP_N_GenomeWideSNP_6_D03_781822	2	90146907	90274766	61	-0.6266
FOXED_p_TCGA_b122_128_SNP_N_GenomeWideSNP_6_D03_781822	2	90301264	97731133	951	-0.0725
FOXED_p_TCGA_b122_128_SNP_N_GenomeWideSNP_6_D03_781822	2	97732783	98241192	113	0.1521
FOXED_p_TCGA_b122_128_SNP_N_GenomeWideSNP_6_D03_781822	2	98244174	106881633	5562	-0.0867
FOXED_p_TCGA_b122_128_SNP_N_GenomeWideSNP_6_D03_781822	2	106883229	106885357	8	0.7541
FOXED_p_TCGA_b122_128_SNP_N_GenomeWideSNP_6_D03_781822	2	106887255	106887408	2	-1.9055
FOXED_p_TCGA_b122_128_SNP_N_GenomeWideSNP_6_D03_781822	2	106887870	129784159	13576	-0.0882
FOXED_p_TCGA_b122_128_SNP_N_GenomeWideSNP_6_D03_781822	2	129784723	129785399	2	-1.8739
FOXED_p_TCGA_b122_128_SNP_N_GenomeWideSNP_6_D03_781822	2	129785420	131308378	884	-0.0969
FOXED_p_TCGA_b122_128_SNP_N_GenomeWideSNP_6_D03_781822	2	131317849	131318051	2	-1.7944
FOXED_p_TCGA_b122_128_SNP_N_GenomeWideSNP_6_D03_781822	2	131338652	133046772	610	-0.0926
FOXED_p_TCGA_b122_128_SNP_N_GenomeWideSNP_6_D03_781822	2	133049047	133122139	30	0.6315
FOXED_p_TCGA_b122_128_SNP_N_GenomeWideSNP_6_D03_781822	2	133123699	169797060	22647	-0.0968
FOXED_p_TCGA_b122_128_SNP_N_GenomeWideSNP_6_D03_781822	2	169797678	169818035	24	0.2409
FOXED_p_TCGA_b122_128_SNP_N_GenomeWideSNP_6_D03_781822	2	169818302	180413362	6712	-0.0681
FOXED_p_TCGA_b122_128_SNP_N_GenomeWideSNP_6_D03_781822	2	180413371	180421497	23	-0.7073
FOXED_p_TCGA_b122_128_SNP_N_GenomeWideSNP_6_D03_781822	2	180421512	236677348	34799	-0.0761
FOXED_p_TCGA_b122_128_SNP_N_GenomeWideSNP_6_D03_781822	2	236678223	236917303	153	-0.5591
FOXED_p_TCGA_b122_128_SNP_N_GenomeWideSNP_6_D03_781822	2	236918433	243089456	3662	-0.1138
FOXED_p_TCGA_b122_128_SNP_N_GenomeWideSNP_6_D03_781822	3	60345	3519613	3119	0.2184
FOXED_p_TCGA_b122_128_SNP_N_GenomeWideSNP_6_D03_781822	3	3525375	4106834	575	0.0057
FOXED_p_TCGA_b122_128_SNP_N_GenomeWideSNP_6_D03_781822	3	4107619	4108928	4	-0.9847
FOXED_p_TCGA_b122_128_SNP_N_GenomeWideSNP_6_D03_781822	3	4110325	4186421	64	-0.0039
FOXED_p_TCGA_b122_128_SNP_N_GenomeWideSNP_6_D03_781822	3	4188662	18971710	10836	0.2492
FOXED_p_TCGA_b122_128_SNP_N_GenomeWideSNP_6_D03_781822	3	18978384	18999185	11	1.3522
FOXED_p_TCGA_b122_128_SNP_N_GenomeWideSNP_6_D03_781822	3	19006256	20313125	699	0.2162
FOXED_p_TCGA_b122_128_SNP_N_GenomeWideSNP_6_D03_781822	3	20315122	20409992	53	-0.1094
FOXED_p_TCGA_b122_128_SNP_N_GenomeWideSNP_6_D03_781822	3	20412358	27053130	5039	0.2351
FOXED_p_TCGA_b122_128_SNP_N_GenomeWideSNP_6_D03_781822	3	27053802	27069812	9	-0.3463
FOXED_p_TCGA_b122_128_SNP_N_GenomeWideSNP_6_D03_781822	3	27070010	53023211	15390	0.2532
FOXED_p_TCGA_b122_128_SNP_N_GenomeWideSNP_6_D03_781822	3	53028375	53039116	37	-0.467
FOXED_p_TCGA_b122_128_SNP_N_GenomeWideSNP_6_D03_781822	3	53039217	57389887	3138	0.2615
FOXED_p_TCGA_b122_128_SNP_N_GenomeWideSNP_6_D03_781822	3	57393243	57393298	2	-0.7579
FOXED_p_TCGA_b122_128_SNP_N_GenomeWideSNP_6_D03_781822	3	57394766	59970765	1718	0.2673
FOXED_p_TCGA_b122_128_SNP_N_GenomeWideSNP_6_D03_781822	3	59970958	60012350	73	-0.2261
FOXED_p_TCGA_b122_128_SNP_N_GenomeWideSNP_6_D03_781822	3	60013045	60756977	848	0.211
FOXED_p_TCGA_b122_128_SNP_N_GenomeWideSNP_6_D03_781822	3	60757500	60777932	16	-0.338
FOXED_p_TCGA_b122_128_SNP_N_GenomeWideSNP_6_D03_781822	3	60780640	60983267	195	-0.11
FOXED_p_TCGA_b122_128_SNP_N_GenomeWideSNP_6_D03_781822	3	60983280	61092636	108	-0.3662
FOXED_p_TCGA_b122_128_SNP_N_GenomeWideSNP_6_D03_781822	3	61094963	61115893	23	-1.1999
FOXED_p_TCGA_b122_128_SNP_N_GenomeWideSNP_6_D03_781822	3	61116009	61147331	33	-0.4957
FOXED_p_TCGA_b122_128_SNP_N_GenomeWideSNP_6_D03_781822	3	61149051	61152287	8	-0.1409
FOXED_p_TCGA_b122_128_SNP_N_GenomeWideSNP_6_D03_781822	3	61155297	61166365	15	0.0633
FOXED_p_TCGA_b122_128_SNP_N_GenomeWideSNP_6_D03_781822	3	61168215	61206993	27	-0.577
FOXED_p_TCGA_b122_128_SNP_N_GenomeWideSNP_6_D03_781822	3	61207077	65203712	3405	0.2824
FOXED_p_TCGA_b122_128_SNP_N_GenomeWideSNP_6_D03_781822	3	65206904	65210299	9	-0.2689
FOXED_p_TCGA_b122_128_SNP_N_GenomeWideSNP_6_D03_781822	3	65210315	68746164	2427	0.2639
FOXED_p_TCGA_b122_128_SNP_N_GenomeWideSNP_6_D03_781822	3	68746259	68747413	14	-1.5502
FOXED_p_TCGA_b122_128_SNP_N_GenomeWideSNP_6_D03_781822	3	68748758	72637774	2983	0.2369
FOXED_p_TCGA_b122_128_SNP_N_GenomeWideSNP_6_D03_781822	3	72639229	72639332	2	1.6475
FOXED_p_TCGA_b122_128_SNP_N_GenomeWideSNP_6_D03_781822	3	72641416	87833175	8739	0.2303
FOXED_p_TCGA_b122_128_SNP_N_GenomeWideSNP_6_D03_781822	3	87834410	87837810	3	-0.7487
FOXED_p_TCGA_b122_128_SNP_N_GenomeWideSNP_6_D03_781822	3	87839285	89260326	776	0.2345
FOXED_p_TCGA_b122_128_SNP_N_GenomeWideSNP_6_D03_781822	3	89260648	89260993	3	1.0728
FOXED_p_TCGA_b122_128_SNP_N_GenomeWideSNP_6_D03_781822	3	89261061	95456106	1596	0.2113
FOXED_p_TCGA_b122_128_SNP_N_GenomeWideSNP_6_D03_781822	3	95466880	95468110	2	-3.119
FOXED_p_TCGA_b122_128_SNP_N_GenomeWideSNP_6_D03_781822	3	95468680	95499955	19	0.1201
FOXED_p_TCGA_b122_128_SNP_N_GenomeWideSNP_6_D03_781822	3	95500438	95506627	3	-0.8915
FOXED_p_TCGA_b122_128_SNP_N_GenomeWideSNP_6_D03_781822	3	95508664	97899419	1235	0.2065
FOXED_p_TCGA_b122_128_SNP_N_GenomeWideSNP_6_D03_781822	3	97908670	97913425	3	-1.3788
FOXED_p_TCGA_b122_128_SNP_N_GenomeWideSNP_6_D03_781822	3	97914817	98948401	613	0.2101
FOXED_p_TCGA_b122_128_SNP_N_GenomeWideSNP_6_D03_781822	3	98948543	98948802	6	-0.8028
FOXED_p_TCGA_b122_128_SNP_N_GenomeWideSNP_6_D03_781822	3	98948912	98949421	15	-0.154
FOXED_p_TCGA_b122_128_SNP_N_GenomeWideSNP_6_D03_781822	3	98950964	107033464	4783	0.2211
FOXED_p_TCGA_b122_128_SNP_N_GenomeWideSNP_6_D03_781822	3	107035798	107036184	2	-1.0147
FOXED_p_TCGA_b122_128_SNP_N_GenomeWideSNP_6_D03_781822	3	107039461	120476110	8481	0.2355
FOXED_p_TCGA_b122_128_SNP_N_GenomeWideSNP_6_D03_781822	3	120477158	120481882	4	1.1007
FOXED_p_TCGA_b122_128_SNP_N_GenomeWideSNP_6_D03_781822	3	120482414	128381249	4847	0.2554
FOXED_p_TCGA_b122_128_SNP_N_GenomeWideSNP_6_D03_781822	3	128384523	128412331	15	0.973
FOXED_p_TCGA_b122_128_SNP_N_GenomeWideSNP_6_D03_781822	3	128414161	129763698	626	0.2145
FOXED_p_TCGA_b122_128_SNP_N_GenomeWideSNP_6_D03_781822	3	129766586	129806236	51	0.8378
FOXED_p_TCGA_b122_128_SNP_N_GenomeWideSNP_6_D03_781822	3	129806924	137033060	4513	0.2501
FOXED_p_TCGA_b122_128_SNP_N_GenomeWideSNP_6_D03_781822	3	137033260	137033263	3	-0.9518
FOXED_p_TCGA_b122_128_SNP_N_GenomeWideSNP_6_D03_781822	3	137033422	149546868	7807	0.2424
FOXED_p_TCGA_b122_128_SNP_N_GenomeWideSNP_6_D03_781822	3	149551621	149624399	37	-0.0549
FOXED_p_TCGA_b122_128_SNP_N_GenomeWideSNP_6_D03_781822	3	149628560	151536455	1262	0.2517
FOXED_p_TCGA_b122_128_SNP_N_GenomeWideSNP_6_D03_781822	3	151536766	151537717	4	-0.562
FOXED_p_TCGA_b122_128_SNP_N_GenomeWideSNP_6_D03_781822	3	151541815	162512657	6675	0.2303
FOXED_p_TCGA_b122_128_SNP_N_GenomeWideSNP_6_D03_781822	3	162512739	162623881	66	-0.5133
FOXED_p_TCGA_b122_128_SNP_N_GenomeWideSNP_6_D03_781822	3	162623897	167658273	2810	0.2315
FOXED_p_TCGA_b122_128_SNP_N_GenomeWideSNP_6_D03_781822	3	167659756	167661136	3	-0.6459
FOXED_p_TCGA_b122_128_SNP_N_GenomeWideSNP_6_D03_781822	3	167665917	174665650	4507	0.272
FOXED_p_TCGA_b122_128_SNP_N_GenomeWideSNP_6_D03_781822	3	174667446	174943968	194	0.013
FOXED_p_TCGA_b122_128_SNP_N_GenomeWideSNP_6_D03_781822	3	174943996	175186327	254	-0.4445
FOXED_p_TCGA_b122_128_SNP_N_GenomeWideSNP_6_D03_781822	3	175186653	183197711	4748	0.2359
FOXED_p_TCGA_b122_128_SNP_N_GenomeWideSNP_6_D03_781822	3	183197722	183197823	2	-1.0817
FOXED_p_TCGA_b122_128_SNP_N_GenomeWideSNP_6_D03_781822	3	183198537	192873704	6690	0.2508
FOXED_p_TCGA_b122_128_SNP_N_GenomeWideSNP_6_D03_781822	3	192873807	192877962	4	-0.3861
FOXED_p_TCGA_b122_128_SNP_N_GenomeWideSNP_6_D03_781822	3	192878045	192882903	18	-1.3786
FOXED_p_TCGA_b122_128_SNP_N_GenomeWideSNP_6_D03_781822	3	192886435	195422291	1496	0.2722
FOXED_p_TCGA_b122_128_SNP_N_GenomeWideSNP_6_D03_781822	3	195422293	195474763	38	-0.103
FOXED_p_TCGA_b122_128_SNP_N_GenomeWideSNP_6_D03_781822	3	195478694	197896118	1174	0.2937
FOXED_p_TCGA_b122_128_SNP_N_GenomeWideSNP_6_D03_781822	4	12281	296383	171	-0.0353
FOXED_p_TCGA_b122_128_SNP_N_GenomeWideSNP_6_D03_781822	4	297932	10210390	5617	-0.2873
FOXED_p_TCGA_b122_128_SNP_N_GenomeWideSNP_6_D03_781822	4	10223416	10231498	28	-1.8798
FOXED_p_TCGA_b122_128_SNP_N_GenomeWideSNP_6_D03_781822	4	10234214	10235268	7	-1.0198
FOXED_p_TCGA_b122_128_SNP_N_GenomeWideSNP_6_D03_781822	4	10236142	12342109	1759	-0.2312
FOXED_p_TCGA_b122_128_SNP_N_GenomeWideSNP_6_D03_781822	4	12342959	12344246	5	-1.1343
FOXED_p_TCGA_b122_128_SNP_N_GenomeWideSNP_6_D03_781822	4	12349415	16334967	3068	-0.2694
FOXED_p_TCGA_b122_128_SNP_N_GenomeWideSNP_6_D03_781822	4	16335379	16346489	6	0.259
FOXED_p_TCGA_b122_128_SNP_N_GenomeWideSNP_6_D03_781822	4	16349280	34778975	12147	-0.2709
FOXED_p_TCGA_b122_128_SNP_N_GenomeWideSNP_6_D03_781822	4	34779004	34819211	39	0.3929
FOXED_p_TCGA_b122_128_SNP_N_GenomeWideSNP_6_D03_781822	4	34821340	48458622	8714	-0.2485
FOXED_p_TCGA_b122_128_SNP_N_GenomeWideSNP_6_D03_781822	4	48462164	48468746	6	-0.845
FOXED_p_TCGA_b122_128_SNP_N_GenomeWideSNP_6_D03_781822	4	48468977	55501728	2124	-0.2032
FOXED_p_TCGA_b122_128_SNP_N_GenomeWideSNP_6_D03_781822	4	55501921	55505360	2	-1.5841
FOXED_p_TCGA_b122_128_SNP_N_GenomeWideSNP_6_D03_781822	4	55505933	63341565	5006	-0.2459
FOXED_p_TCGA_b122_128_SNP_N_GenomeWideSNP_6_D03_781822	4	63342597	63343506	2	-1.6909
FOXED_p_TCGA_b122_128_SNP_N_GenomeWideSNP_6_D03_781822	4	63348618	64692979	735	-0.2456
FOXED_p_TCGA_b122_128_SNP_N_GenomeWideSNP_6_D03_781822	4	64693940	64718043	33	0.2637
FOXED_p_TCGA_b122_128_SNP_N_GenomeWideSNP_6_D03_781822	4	64722216	69367142	2877	-0.2366
FOXED_p_TCGA_b122_128_SNP_N_GenomeWideSNP_6_D03_781822	4	69372003	69591782	79	0.3243
FOXED_p_TCGA_b122_128_SNP_N_GenomeWideSNP_6_D03_781822	4	69595591	75213276	3386	-0.184
FOXED_p_TCGA_b122_128_SNP_N_GenomeWideSNP_6_D03_781822	4	75213359	75216238	3	-1.1433
FOXED_p_TCGA_b122_128_SNP_N_GenomeWideSNP_6_D03_781822	4	75219786	76030607	435	-0.1416
FOXED_p_TCGA_b122_128_SNP_N_GenomeWideSNP_6_D03_781822	4	76030857	76030921	2	0.9181
FOXED_p_TCGA_b122_128_SNP_N_GenomeWideSNP_6_D03_781822	4	76031157	78182289	1469	-0.1684
FOXED_p_TCGA_b122_128_SNP_N_GenomeWideSNP_6_D03_781822	4	78182325	78183109	2	-1.5641
FOXED_p_TCGA_b122_128_SNP_N_GenomeWideSNP_6_D03_781822	4	78183249	86970242	5516	-0.2124
FOXED_p_TCGA_b122_128_SNP_N_GenomeWideSNP_6_D03_781822	4	86970401	86980089	25	-0.7487
FOXED_p_TCGA_b122_128_SNP_N_GenomeWideSNP_6_D03_781822	4	86982428	91625188	2833	-0.2594
FOXED_p_TCGA_b122_128_SNP_N_GenomeWideSNP_6_D03_781822	4	91627909	91679773	29	-0.7041
FOXED_p_TCGA_b122_128_SNP_N_GenomeWideSNP_6_D03_781822	4	91683711	172987928	49195	-0.2772
FOXED_p_TCGA_b122_128_SNP_N_GenomeWideSNP_6_D03_781822	4	172989148	172989533	12	0.5445
FOXED_p_TCGA_b122_128_SNP_N_GenomeWideSNP_6_D03_781822	4	172995979	179527502	4002	-0.2884
FOXED_p_TCGA_b122_128_SNP_N_GenomeWideSNP_6_D03_781822	4	179536312	179541036	9	-1.0446
FOXED_p_TCGA_b122_128_SNP_N_GenomeWideSNP_6_D03_781822	4	179541387	187079183	5495	-0.2876
FOXED_p_TCGA_b122_128_SNP_N_GenomeWideSNP_6_D03_781822	4	187079384	187080046	2	-1.5736
FOXED_p_TCGA_b122_128_SNP_N_GenomeWideSNP_6_D03_781822	4	187087102	187872455	571	-0.214
FOXED_p_TCGA_b122_128_SNP_N_GenomeWideSNP_6_D03_781822	4	187873310	187896352	33	0.1259
FOXED_p_TCGA_b122_128_SNP_N_GenomeWideSNP_6_D03_781822	4	187897988	189221258	826	-0.251
FOXED_p_TCGA_b122_128_SNP_N_GenomeWideSNP_6_D03_781822	4	189221360	189221439	4	1.1766
FOXED_p_TCGA_b122_128_SNP_N_GenomeWideSNP_6_D03_781822	4	189222813	191027923	1174	-0.2678
FOXED_p_TCGA_b122_128_SNP_N_GenomeWideSNP_6_D03_781822	5	15532	29339	7	0.0448
FOXED_p_TCGA_b122_128_SNP_N_GenomeWideSNP_6_D03_781822	5	30497	14343272	11249	-0.5843
FOXED_p_TCGA_b122_128_SNP_N_GenomeWideSNP_6_D03_781822	5	14343330	16049924	1105	-0.0378
FOXED_p_TCGA_b122_128_SNP_N_GenomeWideSNP_6_D03_781822	5	16054174	16057897	2	-1.997
FOXED_p_TCGA_b122_128_SNP_N_GenomeWideSNP_6_D03_781822	5	16058289	30324794	8589	-0.1148
FOXED_p_TCGA_b122_128_SNP_N_GenomeWideSNP_6_D03_781822	5	30325540	30328657	3	-1.5789
FOXED_p_TCGA_b122_128_SNP_N_GenomeWideSNP_6_D03_781822	5	30331331	31276399	658	-0.1306
FOXED_p_TCGA_b122_128_SNP_N_GenomeWideSNP_6_D03_781822	5	31278764	31279305	4	-1.3733
FOXED_p_TCGA_b122_128_SNP_N_GenomeWideSNP_6_D03_781822	5	31279880	57319482	14219	-0.0885
FOXED_p_TCGA_b122_128_SNP_N_GenomeWideSNP_6_D03_781822	5	57321586	57333515	33	-0.8757
FOXED_p_TCGA_b122_128_SNP_N_GenomeWideSNP_6_D03_781822	5	57333533	58674724	1070	-0.0944
FOXED_p_TCGA_b122_128_SNP_N_GenomeWideSNP_6_D03_781822	5	58676328	58677016	3	-1.3831
FOXED_p_TCGA_b122_128_SNP_N_GenomeWideSNP_6_D03_781822	5	58677499	59751545	666	-0.0557
FOXED_p_TCGA_b122_128_SNP_N_GenomeWideSNP_6_D03_781822	5	59751640	59759095	4	-0.7651
FOXED_p_TCGA_b122_128_SNP_N_GenomeWideSNP_6_D03_781822	5	59761325	59818963	40	-0.0381
FOXED_p_TCGA_b122_128_SNP_N_GenomeWideSNP_6_D03_781822	5	59821885	60469923	304	-0.4921
FOXED_p_TCGA_b122_128_SNP_N_GenomeWideSNP_6_D03_781822	5	60471845	109370939	28309	-0.0957
FOXED_p_TCGA_b122_128_SNP_N_GenomeWideSNP_6_D03_781822	5	109370988	109385888	13	0.3449
FOXED_p_TCGA_b122_128_SNP_N_GenomeWideSNP_6_D03_781822	5	109386824	114521710	3671	-0.1175
FOXED_p_TCGA_b122_128_SNP_N_GenomeWideSNP_6_D03_781822	5	114522608	114523060	2	-2.0957
FOXED_p_TCGA_b122_128_SNP_N_GenomeWideSNP_6_D03_781822	5	114525461	121921627	5160	-0.0941
FOXED_p_TCGA_b122_128_SNP_N_GenomeWideSNP_6_D03_781822	5	121924581	121927318	5	-1.3669
FOXED_p_TCGA_b122_128_SNP_N_GenomeWideSNP_6_D03_781822	5	121936187	125336392	2313	-0.0741
FOXED_p_TCGA_b122_128_SNP_N_GenomeWideSNP_6_D03_781822	5	125338051	125352201	6	-0.7764
FOXED_p_TCGA_b122_128_SNP_N_GenomeWideSNP_6_D03_781822	5	125352377	150176501	15139	-0.0844
FOXED_p_TCGA_b122_128_SNP_N_GenomeWideSNP_6_D03_781822	5	150177097	150217431	18	0.33
FOXED_p_TCGA_b122_128_SNP_N_GenomeWideSNP_6_D03_781822	5	150218604	173202507	16062	-0.1119
FOXED_p_TCGA_b122_128_SNP_N_GenomeWideSNP_6_D03_781822	5	173205058	173206216	7	-1.1218
FOXED_p_TCGA_b122_128_SNP_N_GenomeWideSNP_6_D03_781822	5	173206371	175373508	1659	-0.0966
FOXED_p_TCGA_b122_128_SNP_N_GenomeWideSNP_6_D03_781822	5	175387546	175438496	12	0.491
FOXED_p_TCGA_b122_128_SNP_N_GenomeWideSNP_6_D03_781822	5	175460087	180378888	2549	-0.1407
FOXED_p_TCGA_b122_128_SNP_N_GenomeWideSNP_6_D03_781822	5	180380203	180414465	12	0.5457
FOXED_p_TCGA_b122_128_SNP_N_GenomeWideSNP_6_D03_781822	5	180417207	180790320	176	-0.1715
FOXED_p_TCGA_b122_128_SNP_N_GenomeWideSNP_6_D03_781822	6	149661	253861	99	-0.0285
FOXED_p_TCGA_b122_128_SNP_N_GenomeWideSNP_6_D03_781822	6	254267	385784	107	-0.6372
FOXED_p_TCGA_b122_128_SNP_N_GenomeWideSNP_6_D03_781822	6	387532	1743953	1209	-0.066
FOXED_p_TCGA_b122_128_SNP_N_GenomeWideSNP_6_D03_781822	6	1744245	2197197	296	-0.5372
FOXED_p_TCGA_b122_128_SNP_N_GenomeWideSNP_6_D03_781822	6	2204639	26670250	18534	-0.0989
FOXED_p_TCGA_b122_128_SNP_N_GenomeWideSNP_6_D03_781822	6	26671328	26682323	4	0.6042
FOXED_p_TCGA_b122_128_SNP_N_GenomeWideSNP_6_D03_781822	6	26688449	26773063	45	-0.1319
FOXED_p_TCGA_b122_128_SNP_N_GenomeWideSNP_6_D03_781822	6	26773509	26904828	35	0.153
FOXED_p_TCGA_b122_128_SNP_N_GenomeWideSNP_6_D03_781822	6	26904908	27096634	109	-0.1552
FOXED_p_TCGA_b122_128_SNP_N_GenomeWideSNP_6_D03_781822	6	27096853	29837072	1295	0.4917
FOXED_p_TCGA_b122_128_SNP_N_GenomeWideSNP_6_D03_781822	6	29837187	29849267	16	-0.8247
FOXED_p_TCGA_b122_128_SNP_N_GenomeWideSNP_6_D03_781822	6	29850196	31286305	675	0.4595
FOXED_p_TCGA_b122_128_SNP_N_GenomeWideSNP_6_D03_781822	6	31286531	31296451	9	-1.5208
FOXED_p_TCGA_b122_128_SNP_N_GenomeWideSNP_6_D03_781822	6	31309924	31446796	141	0.4483
FOXED_p_TCGA_b122_128_SNP_N_GenomeWideSNP_6_D03_781822	6	31448533	31474688	19	0.9789
FOXED_p_TCGA_b122_128_SNP_N_GenomeWideSNP_6_D03_781822	6	31480272	32454523	351	0.468
FOXED_p_TCGA_b122_128_SNP_N_GenomeWideSNP_6_D03_781822	6	32456683	32626618	65	0.0978
FOXED_p_TCGA_b122_128_SNP_N_GenomeWideSNP_6_D03_781822	6	32650612	32690027	45	0.6423
FOXED_p_TCGA_b122_128_SNP_N_GenomeWideSNP_6_D03_781822	6	32690797	32690830	3	1.7101
FOXED_p_TCGA_b122_128_SNP_N_GenomeWideSNP_6_D03_781822	6	32692227	36714694	2295	0.4913
FOXED_p_TCGA_b122_128_SNP_N_GenomeWideSNP_6_D03_781822	6	36716417	53931275	11410	0.256
FOXED_p_TCGA_b122_128_SNP_N_GenomeWideSNP_6_D03_781822	6	53931380	53931803	3	1.488
FOXED_p_TCGA_b122_128_SNP_N_GenomeWideSNP_6_D03_781822	6	53931855	61986591	2600	0.2594
FOXED_p_TCGA_b122_128_SNP_N_GenomeWideSNP_6_D03_781822	6	61989267	61994504	2	-1.0332
FOXED_p_TCGA_b122_128_SNP_N_GenomeWideSNP_6_D03_781822	6	61995411	65825628	2077	0.2356
FOXED_p_TCGA_b122_128_SNP_N_GenomeWideSNP_6_D03_781822	6	65826547	65830854	9	-0.4137
FOXED_p_TCGA_b122_128_SNP_N_GenomeWideSNP_6_D03_781822	6	65831567	67038046	812	0.2233
FOXED_p_TCGA_b122_128_SNP_N_GenomeWideSNP_6_D03_781822	6	67040913	67043192	7	0.8252
FOXED_p_TCGA_b122_128_SNP_N_GenomeWideSNP_6_D03_781822	6	67043235	68609284	1179	0.1905
FOXED_p_TCGA_b122_128_SNP_N_GenomeWideSNP_6_D03_781822	6	68614891	68615861	3	1.0847
FOXED_p_TCGA_b122_128_SNP_N_GenomeWideSNP_6_D03_781822	6	68619246	73405332	3082	0.2248
FOXED_p_TCGA_b122_128_SNP_N_GenomeWideSNP_6_D03_781822	6	73413886	73414983	4	-0.7705
FOXED_p_TCGA_b122_128_SNP_N_GenomeWideSNP_6_D03_781822	6	73416190	77014948	2236	0.2405
FOXED_p_TCGA_b122_128_SNP_N_GenomeWideSNP_6_D03_781822	6	77016900	77016926	3	-0.8675
FOXED_p_TCGA_b122_128_SNP_N_GenomeWideSNP_6_D03_781822	6	77016993	77441442	303	0.2232
FOXED_p_TCGA_b122_128_SNP_N_GenomeWideSNP_6_D03_781822	6	77441495	77467931	16	0.6837
FOXED_p_TCGA_b122_128_SNP_N_GenomeWideSNP_6_D03_781822	6	77468466	78969065	979	0.2033
FOXED_p_TCGA_b122_128_SNP_N_GenomeWideSNP_6_D03_781822	6	78969105	79041773	116	0.5914
FOXED_p_TCGA_b122_128_SNP_N_GenomeWideSNP_6_D03_781822	6	79041809	103734829	15495	0.2274
FOXED_p_TCGA_b122_128_SNP_N_GenomeWideSNP_6_D03_781822	6	103737976	103762061	46	0.9522
FOXED_p_TCGA_b122_128_SNP_N_GenomeWideSNP_6_D03_781822	6	103765470	124275231	12579	0.2371
FOXED_p_TCGA_b122_128_SNP_N_GenomeWideSNP_6_D03_781822	6	124275316	124292360	12	-0.2887
FOXED_p_TCGA_b122_128_SNP_N_GenomeWideSNP_6_D03_781822	6	124292594	126106080	1263	0.2373
FOXED_p_TCGA_b122_128_SNP_N_GenomeWideSNP_6_D03_781822	6	126110389	126191733	65	-0.0459
FOXED_p_TCGA_b122_128_SNP_N_GenomeWideSNP_6_D03_781822	6	126197049	134266268	5186	0.2514
FOXED_p_TCGA_b122_128_SNP_N_GenomeWideSNP_6_D03_781822	6	134269071	134269632	2	-2.1697
FOXED_p_TCGA_b122_128_SNP_N_GenomeWideSNP_6_D03_781822	6	134272072	152192331	11841	0.2475
FOXED_p_TCGA_b122_128_SNP_N_GenomeWideSNP_6_D03_781822	6	152193996	153675115	1168	-0.1469
FOXED_p_TCGA_b122_128_SNP_N_GenomeWideSNP_6_D03_781822	6	153675303	155539563	1285	0.2318
FOXED_p_TCGA_b122_128_SNP_N_GenomeWideSNP_6_D03_781822	6	155540230	155541886	3	1.1712
FOXED_p_TCGA_b122_128_SNP_N_GenomeWideSNP_6_D03_781822	6	155542602	157406462	1369	0.2546
FOXED_p_TCGA_b122_128_SNP_N_GenomeWideSNP_6_D03_781822	6	157406973	161031480	2219	-0.082
FOXED_p_TCGA_b122_128_SNP_N_GenomeWideSNP_6_D03_781822	6	161031702	161068108	17	0.4652
FOXED_p_TCGA_b122_128_SNP_N_GenomeWideSNP_6_D03_781822	6	161068477	162345859	1031	-0.1232
FOXED_p_TCGA_b122_128_SNP_N_GenomeWideSNP_6_D03_781822	6	162345938	162377828	23	-0.5097
FOXED_p_TCGA_b122_128_SNP_N_GenomeWideSNP_6_D03_781822	6	162381988	162409852	23	-0.1624
FOXED_p_TCGA_b122_128_SNP_N_GenomeWideSNP_6_D03_781822	6	162410132	162793302	339	-0.6476
FOXED_p_TCGA_b122_128_SNP_N_GenomeWideSNP_6_D03_781822	6	162799117	162946836	128	-3.318
FOXED_p_TCGA_b122_128_SNP_N_GenomeWideSNP_6_D03_781822	6	162950851	163059427	98	-1.1993
FOXED_p_TCGA_b122_128_SNP_N_GenomeWideSNP_6_D03_781822	6	163068073	163200575	66	-0.5617
FOXED_p_TCGA_b122_128_SNP_N_GenomeWideSNP_6_D03_781822	6	163201285	163459182	157	-0.1626
FOXED_p_TCGA_b122_128_SNP_N_GenomeWideSNP_6_D03_781822	6	163469578	163484989	13	-0.6854
FOXED_p_TCGA_b122_128_SNP_N_GenomeWideSNP_6_D03_781822	6	163487480	165512254	1588	-0.1792
FOXED_p_TCGA_b122_128_SNP_N_GenomeWideSNP_6_D03_781822	6	165520199	165520298	2	-1.6074
FOXED_p_TCGA_b122_128_SNP_N_GenomeWideSNP_6_D03_781822	6	165522057	166873823	1066	-0.1091
FOXED_p_TCGA_b122_128_SNP_N_GenomeWideSNP_6_D03_781822	6	166881326	171051005	2725	0.2252
FOXED_p_TCGA_b122_128_SNP_N_GenomeWideSNP_6_D03_781822	7	43355	148300	90	0.6962
FOXED_p_TCGA_b122_128_SNP_N_GenomeWideSNP_6_D03_781822	7	155066	158626	10	-0.2256
FOXED_p_TCGA_b122_128_SNP_N_GenomeWideSNP_6_D03_781822	7	161442	166453	5	0.5258
FOXED_p_TCGA_b122_128_SNP_N_GenomeWideSNP_6_D03_781822	7	166645	19666788	13922	0.8684
FOXED_p_TCGA_b122_128_SNP_N_GenomeWideSNP_6_D03_781822	7	19677547	19682148	4	0.0271
FOXED_p_TCGA_b122_128_SNP_N_GenomeWideSNP_6_D03_781822	7	19682677	22434780	2083	0.8893
FOXED_p_TCGA_b122_128_SNP_N_GenomeWideSNP_6_D03_781822	7	22435472	22436487	2	2.3119
FOXED_p_TCGA_b122_128_SNP_N_GenomeWideSNP_6_D03_781822	7	22438754	35894737	9509	0.8854
FOXED_p_TCGA_b122_128_SNP_N_GenomeWideSNP_6_D03_781822	7	35898159	35898792	4	-0.0861
FOXED_p_TCGA_b122_128_SNP_N_GenomeWideSNP_6_D03_781822	7	35900150	44003689	5724	0.8514
FOXED_p_TCGA_b122_128_SNP_N_GenomeWideSNP_6_D03_781822	7	44019465	44081094	7	0.1808
FOXED_p_TCGA_b122_128_SNP_N_GenomeWideSNP_6_D03_781822	7	44082242	54380373	7244	0.8527
FOXED_p_TCGA_b122_128_SNP_N_GenomeWideSNP_6_D03_781822	7	54386505	54386517	6	-0.9527
FOXED_p_TCGA_b122_128_SNP_N_GenomeWideSNP_6_D03_781822	7	54393488	57893006	2065	0.8296
FOXED_p_TCGA_b122_128_SNP_N_GenomeWideSNP_6_D03_781822	7	57906717	57974724	13	0.2152
FOXED_p_TCGA_b122_128_SNP_N_GenomeWideSNP_6_D03_781822	7	57986591	64594341	1064	0.8074
FOXED_p_TCGA_b122_128_SNP_N_GenomeWideSNP_6_D03_781822	7	64594929	64595698	4	1.9039
FOXED_p_TCGA_b122_128_SNP_N_GenomeWideSNP_6_D03_781822	7	64637128	65002683	185	0.8994
FOXED_p_TCGA_b122_128_SNP_N_GenomeWideSNP_6_D03_781822	7	65004474	76143893	5162	0.5511
FOXED_p_TCGA_b122_128_SNP_N_GenomeWideSNP_6_D03_781822	7	76153348	76156541	3	-0.9569
FOXED_p_TCGA_b122_128_SNP_N_GenomeWideSNP_6_D03_781822	7	76161297	76240677	22	0.6874
FOXED_p_TCGA_b122_128_SNP_N_GenomeWideSNP_6_D03_781822	7	76261490	76274660	6	-0.1628
FOXED_p_TCGA_b122_128_SNP_N_GenomeWideSNP_6_D03_781822	7	76274710	91357869	9887	0.5797
FOXED_p_TCGA_b122_128_SNP_N_GenomeWideSNP_6_D03_781822	7	91358294	91358540	3	-0.3681
FOXED_p_TCGA_b122_128_SNP_N_GenomeWideSNP_6_D03_781822	7	91358771	92993940	1014	0.5672
FOXED_p_TCGA_b122_128_SNP_N_GenomeWideSNP_6_D03_781822	7	92995752	93000432	4	-0.424
FOXED_p_TCGA_b122_128_SNP_N_GenomeWideSNP_6_D03_781822	7	93009888	102235712	4810	0.562
FOXED_p_TCGA_b122_128_SNP_N_GenomeWideSNP_6_D03_781822	7	102238133	102317109	7	-0.1321
FOXED_p_TCGA_b122_128_SNP_N_GenomeWideSNP_6_D03_781822	7	102335787	102375279	33	0.8232
FOXED_p_TCGA_b122_128_SNP_N_GenomeWideSNP_6_D03_781822	7	102380386	109433785	4543	0.5983
FOXED_p_TCGA_b122_128_SNP_N_GenomeWideSNP_6_D03_781822	7	109433798	109437680	14	0.8158
FOXED_p_TCGA_b122_128_SNP_N_GenomeWideSNP_6_D03_781822	7	109437757	109437774	3	1.9003
FOXED_p_TCGA_b122_128_SNP_N_GenomeWideSNP_6_D03_781822	7	109440917	109441212	8	0.6546
FOXED_p_TCGA_b122_128_SNP_N_GenomeWideSNP_6_D03_781822	7	109441244	109453982	12	1.5067
FOXED_p_TCGA_b122_128_SNP_N_GenomeWideSNP_6_D03_781822	7	109454229	109853454	253	0.5617
FOXED_p_TCGA_b122_128_SNP_N_GenomeWideSNP_6_D03_781822	7	109856125	110287125	326	0.2997
FOXED_p_TCGA_b122_128_SNP_N_GenomeWideSNP_6_D03_781822	7	110294351	125719132	9242	0.5833
FOXED_p_TCGA_b122_128_SNP_N_GenomeWideSNP_6_D03_781822	7	125719450	125719456	2	-0.6482
FOXED_p_TCGA_b122_128_SNP_N_GenomeWideSNP_6_D03_781822	7	125721818	126044974	220	0.6183
FOXED_p_TCGA_b122_128_SNP_N_GenomeWideSNP_6_D03_781822	7	126045482	126046876	13	-1.4821
FOXED_p_TCGA_b122_128_SNP_N_GenomeWideSNP_6_D03_781822	7	126046877	126046881	5	-0.1327
FOXED_p_TCGA_b122_128_SNP_N_GenomeWideSNP_6_D03_781822	7	126052766	126665746	426	0.6185
FOXED_p_TCGA_b122_128_SNP_N_GenomeWideSNP_6_D03_781822	7	126666196	126677836	8	-0.0345
FOXED_p_TCGA_b122_128_SNP_N_GenomeWideSNP_6_D03_781822	7	126684276	131860935	2984	0.5855
FOXED_p_TCGA_b122_128_SNP_N_GenomeWideSNP_6_D03_781822	7	131861415	131861588	2	1.7834
FOXED_p_TCGA_b122_128_SNP_N_GenomeWideSNP_6_D03_781822	7	131862530	133785177	1284	0.5791
FOXED_p_TCGA_b122_128_SNP_N_GenomeWideSNP_6_D03_781822	7	133785195	133790443	24	0.9942
FOXED_p_TCGA_b122_128_SNP_N_GenomeWideSNP_6_D03_781822	7	133795634	134325411	414	0.5494
FOXED_p_TCGA_b122_128_SNP_N_GenomeWideSNP_6_D03_781822	7	134325514	134326119	5	-0.4564
FOXED_p_TCGA_b122_128_SNP_N_GenomeWideSNP_6_D03_781822	7	134326272	141770260	4798	0.5675
FOXED_p_TCGA_b122_128_SNP_N_GenomeWideSNP_6_D03_781822	7	141770369	141792107	35	-0.2029
FOXED_p_TCGA_b122_128_SNP_N_GenomeWideSNP_6_D03_781822	7	141795281	143938313	1328	0.5658
FOXED_p_TCGA_b122_128_SNP_N_GenomeWideSNP_6_D03_781822	7	143946878	143961955	8	-0.2517
FOXED_p_TCGA_b122_128_SNP_N_GenomeWideSNP_6_D03_781822	7	143970310	154887497	6938	0.5676
FOXED_p_TCGA_b122_128_SNP_N_GenomeWideSNP_6_D03_781822	7	154887639	154887790	7	-0.19
FOXED_p_TCGA_b122_128_SNP_N_GenomeWideSNP_6_D03_781822	7	154888492	159127004	2784	0.5934
FOXED_p_TCGA_b122_128_SNP_N_GenomeWideSNP_6_D03_781822	8	31254	161222	6	-0.1318
FOXED_p_TCGA_b122_128_SNP_N_GenomeWideSNP_6_D03_781822	8	162672	2204639	1563	-1.3885
FOXED_p_TCGA_b122_128_SNP_N_GenomeWideSNP_6_D03_781822	8	2205102	2206486	3	-6.5117
FOXED_p_TCGA_b122_128_SNP_N_GenomeWideSNP_6_D03_781822	8	2207913	3454108	1266	-1.3176
FOXED_p_TCGA_b122_128_SNP_N_GenomeWideSNP_6_D03_781822	8	3454659	4046658	949	-3.7295
FOXED_p_TCGA_b122_128_SNP_N_GenomeWideSNP_6_D03_781822	8	4049011	4164297	261	-1.4283
FOXED_p_TCGA_b122_128_SNP_N_GenomeWideSNP_6_D03_781822	8	4164419	4229793	188	-2.8596
FOXED_p_TCGA_b122_128_SNP_N_GenomeWideSNP_6_D03_781822	8	4233644	4241054	14	-6.1962
FOXED_p_TCGA_b122_128_SNP_N_GenomeWideSNP_6_D03_781822	8	4241132	4579934	393	-3.364
FOXED_p_TCGA_b122_128_SNP_N_GenomeWideSNP_6_D03_781822	8	4580563	4634442	104	-2.0044
FOXED_p_TCGA_b122_128_SNP_N_GenomeWideSNP_6_D03_781822	8	4634475	4777295	196	-3.1992
FOXED_p_TCGA_b122_128_SNP_N_GenomeWideSNP_6_D03_781822	8	4784066	5058220	319	-1.361
FOXED_p_TCGA_b122_128_SNP_N_GenomeWideSNP_6_D03_781822	8	5064449	5075593	18	-3.6363
FOXED_p_TCGA_b122_128_SNP_N_GenomeWideSNP_6_D03_781822	8	5075648	5095346	59	-1.848
FOXED_p_TCGA_b122_128_SNP_N_GenomeWideSNP_6_D03_781822	8	5096308	5304416	227	-3.677
FOXED_p_TCGA_b122_128_SNP_N_GenomeWideSNP_6_D03_781822	8	5306139	5421062	167	-1.4327
FOXED_p_TCGA_b122_128_SNP_N_GenomeWideSNP_6_D03_781822	8	5423449	5424876	6	-5.7768
FOXED_p_TCGA_b122_128_SNP_N_GenomeWideSNP_6_D03_781822	8	5424895	6422625	1382	-1.385
FOXED_p_TCGA_b122_128_SNP_N_GenomeWideSNP_6_D03_781822	8	6423911	6425942	5	-5.635
FOXED_p_TCGA_b122_128_SNP_N_GenomeWideSNP_6_D03_781822	8	6426427	6671359	235	-1.2888
FOXED_p_TCGA_b122_128_SNP_N_GenomeWideSNP_6_D03_781822	8	6671666	6672543	3	-5.8827
FOXED_p_TCGA_b122_128_SNP_N_GenomeWideSNP_6_D03_781822	8	6674458	6701133	24	-1.5263
FOXED_p_TCGA_b122_128_SNP_N_GenomeWideSNP_6_D03_781822	8	6709748	6710695	3	-6.4985
FOXED_p_TCGA_b122_128_SNP_N_GenomeWideSNP_6_D03_781822	8	6710761	6816812	148	-1.4614
FOXED_p_TCGA_b122_128_SNP_N_GenomeWideSNP_6_D03_781822	8	6816849	6826263	20	-1.0532
FOXED_p_TCGA_b122_128_SNP_N_GenomeWideSNP_6_D03_781822	8	6826290	6876142	19	-0.5375
FOXED_p_TCGA_b122_128_SNP_N_GenomeWideSNP_6_D03_781822	8	6878188	6905485	35	-1.1703
FOXED_p_TCGA_b122_128_SNP_N_GenomeWideSNP_6_D03_781822	8	6909634	6921968	16	-1.9126
FOXED_p_TCGA_b122_128_SNP_N_GenomeWideSNP_6_D03_781822	8	6922109	6988468	21	-0.9777
FOXED_p_TCGA_b122_128_SNP_N_GenomeWideSNP_6_D03_781822	8	6988926	7215873	31	-0.472
FOXED_p_TCGA_b122_128_SNP_N_GenomeWideSNP_6_D03_781822	8	7216031	7935855	190	-1.0178
FOXED_p_TCGA_b122_128_SNP_N_GenomeWideSNP_6_D03_781822	8	7943182	7978187	20	-0.4803
FOXED_p_TCGA_b122_128_SNP_N_GenomeWideSNP_6_D03_781822	8	7989963	7990294	3	-1.8129
FOXED_p_TCGA_b122_128_SNP_N_GenomeWideSNP_6_D03_781822	8	7997031	8087144	19	-0.3626
FOXED_p_TCGA_b122_128_SNP_N_GenomeWideSNP_6_D03_781822	8	8092025	8309055	198	-1.2691
FOXED_p_TCGA_b122_128_SNP_N_GenomeWideSNP_6_D03_781822	8	8313010	8317817	4	-4.7197
FOXED_p_TCGA_b122_128_SNP_N_GenomeWideSNP_6_D03_781822	8	8319925	9070829	715	-1.2566
FOXED_p_TCGA_b122_128_SNP_N_GenomeWideSNP_6_D03_781822	8	9070973	9072729	4	-6.4514
FOXED_p_TCGA_b122_128_SNP_N_GenomeWideSNP_6_D03_781822	8	9072933	11859740	2209	-1.4371
FOXED_p_TCGA_b122_128_SNP_N_GenomeWideSNP_6_D03_781822	8	11861809	12554743	157	-0.6099
FOXED_p_TCGA_b122_128_SNP_N_GenomeWideSNP_6_D03_781822	8	12556042	20659110	7319	-1.2916
FOXED_p_TCGA_b122_128_SNP_N_GenomeWideSNP_6_D03_781822	8	20659561	20662545	5	-5.1466
FOXED_p_TCGA_b122_128_SNP_N_GenomeWideSNP_6_D03_781822	8	20664483	24627809	2611	-1.3002
FOXED_p_TCGA_b122_128_SNP_N_GenomeWideSNP_6_D03_781822	8	24629462	24629501	2	-7.3324
FOXED_p_TCGA_b122_128_SNP_N_GenomeWideSNP_6_D03_781822	8	24630014	25478840	640	-1.2105
FOXED_p_TCGA_b122_128_SNP_N_GenomeWideSNP_6_D03_781822	8	25478957	25493423	10	-2.8654
FOXED_p_TCGA_b122_128_SNP_N_GenomeWideSNP_6_D03_781822	8	25493590	27094404	1232	-1.2547
FOXED_p_TCGA_b122_128_SNP_N_GenomeWideSNP_6_D03_781822	8	27094548	27106633	14	-2.5917
FOXED_p_TCGA_b122_128_SNP_N_GenomeWideSNP_6_D03_781822	8	27109037	27752630	490	-1.2935
FOXED_p_TCGA_b122_128_SNP_N_GenomeWideSNP_6_D03_781822	8	27752658	27755403	3	-6.2992
FOXED_p_TCGA_b122_128_SNP_N_GenomeWideSNP_6_D03_781822	8	27758244	36456329	5293	-1.2681
FOXED_p_TCGA_b122_128_SNP_N_GenomeWideSNP_6_D03_781822	8	36460374	39213946	1491	0.1774
FOXED_p_TCGA_b122_128_SNP_N_GenomeWideSNP_6_D03_781822	8	39214655	39395857	76	0.5102
FOXED_p_TCGA_b122_128_SNP_N_GenomeWideSNP_6_D03_781822	8	39397015	62838061	12419	0.1404
FOXED_p_TCGA_b122_128_SNP_N_GenomeWideSNP_6_D03_781822	8	62838152	62839916	2	-3.1641
FOXED_p_TCGA_b122_128_SNP_N_GenomeWideSNP_6_D03_781822	8	62840483	64848035	1231	0.1753
FOXED_p_TCGA_b122_128_SNP_N_GenomeWideSNP_6_D03_781822	8	64848044	64849118	10	0.7064
FOXED_p_TCGA_b122_128_SNP_N_GenomeWideSNP_6_D03_781822	8	64849510	83269283	11074	0.1413
FOXED_p_TCGA_b122_128_SNP_N_GenomeWideSNP_6_D03_781822	8	83271376	83295018	12	-1.2378
FOXED_p_TCGA_b122_128_SNP_N_GenomeWideSNP_6_D03_781822	8	83297580	103992590	12310	0.1515
FOXED_p_TCGA_b122_128_SNP_N_GenomeWideSNP_6_D03_781822	8	103994911	103997435	3	-1.3932
FOXED_p_TCGA_b122_128_SNP_N_GenomeWideSNP_6_D03_781822	8	103998546	107216793	1910	0.1366
FOXED_p_TCGA_b122_128_SNP_N_GenomeWideSNP_6_D03_781822	8	107217221	107218721	3	-0.8194
FOXED_p_TCGA_b122_128_SNP_N_GenomeWideSNP_6_D03_781822	8	107219180	112291494	3085	0.1285
FOXED_p_TCGA_b122_128_SNP_N_GenomeWideSNP_6_D03_781822	8	112294279	112295260	10	-1.5008
FOXED_p_TCGA_b122_128_SNP_N_GenomeWideSNP_6_D03_781822	8	112300281	127884648	10251	0.1481
FOXED_p_TCGA_b122_128_SNP_N_GenomeWideSNP_6_D03_781822	8	127884651	127887040	2	-1.787
FOXED_p_TCGA_b122_128_SNP_N_GenomeWideSNP_6_D03_781822	8	127890372	135479773	5857	0.1457
FOXED_p_TCGA_b122_128_SNP_N_GenomeWideSNP_6_D03_781822	8	135480650	136280395	619	-0.5609
FOXED_p_TCGA_b122_128_SNP_N_GenomeWideSNP_6_D03_781822	8	136284492	140602616	3546	0.1424
FOXED_p_TCGA_b122_128_SNP_N_GenomeWideSNP_6_D03_781822	8	140603502	140605202	6	1.4161
FOXED_p_TCGA_b122_128_SNP_N_GenomeWideSNP_6_D03_781822	8	140605715	141650616	674	0.1619
FOXED_p_TCGA_b122_128_SNP_N_GenomeWideSNP_6_D03_781822	8	141656155	141696212	22	0.3671
FOXED_p_TCGA_b122_128_SNP_N_GenomeWideSNP_6_D03_781822	8	141705106	141721818	9	-0.0557
FOXED_p_TCGA_b122_128_SNP_N_GenomeWideSNP_6_D03_781822	8	141721985	141940100	100	0.3636
FOXED_p_TCGA_b122_128_SNP_N_GenomeWideSNP_6_D03_781822	8	141942855	146298155	1853	0.112
FOXED_p_TCGA_b122_128_SNP_N_GenomeWideSNP_6_D03_781822	9	46587	6533381	6261	0.735
FOXED_p_TCGA_b122_128_SNP_N_GenomeWideSNP_6_D03_781822	9	6535975	6569771	23	0.3081
FOXED_p_TCGA_b122_128_SNP_N_GenomeWideSNP_6_D03_781822	9	6575976	11563551	4677	0.7254
FOXED_p_TCGA_b122_128_SNP_N_GenomeWideSNP_6_D03_781822	9	11565746	11575797	3	-0.1698
FOXED_p_TCGA_b122_128_SNP_N_GenomeWideSNP_6_D03_781822	9	11576126	28158881	13169	0.7565
FOXED_p_TCGA_b122_128_SNP_N_GenomeWideSNP_6_D03_781822	9	28159734	28177390	17	1.2276
FOXED_p_TCGA_b122_128_SNP_N_GenomeWideSNP_6_D03_781822	9	28178143	38796107	7066	0.2485
FOXED_p_TCGA_b122_128_SNP_N_GenomeWideSNP_6_D03_781822	9	38796311	38961991	12	-0.4846
FOXED_p_TCGA_b122_128_SNP_N_GenomeWideSNP_6_D03_781822	9	38989378	41985187	158	0.2505
FOXED_p_TCGA_b122_128_SNP_N_GenomeWideSNP_6_D03_781822	9	42023107	42065266	4	-1.1823
FOXED_p_TCGA_b122_128_SNP_N_GenomeWideSNP_6_D03_781822	9	42065343	43472537	23	0.0162
FOXED_p_TCGA_b122_128_SNP_N_GenomeWideSNP_6_D03_781822	9	43505852	44172678	49	0.5336
FOXED_p_TCGA_b122_128_SNP_N_GenomeWideSNP_6_D03_781822	9	44176342	68183981	229	0.1615
FOXED_p_TCGA_b122_128_SNP_N_GenomeWideSNP_6_D03_781822	9	68186051	68188547	8	1.6155
FOXED_p_TCGA_b122_128_SNP_N_GenomeWideSNP_6_D03_781822	9	68209916	68350205	41	0.2568
FOXED_p_TCGA_b122_128_SNP_N_GenomeWideSNP_6_D03_781822	9	68350553	87727643	12371	0.0704
FOXED_p_TCGA_b122_128_SNP_N_GenomeWideSNP_6_D03_781822	9	87728550	87729029	2	-1.2705
FOXED_p_TCGA_b122_128_SNP_N_GenomeWideSNP_6_D03_781822	9	87730565	90522594	2048	0.0301
FOXED_p_TCGA_b122_128_SNP_N_GenomeWideSNP_6_D03_781822	9	90554151	90554219	2	-1.2875
FOXED_p_TCGA_b122_128_SNP_N_GenomeWideSNP_6_D03_781822	9	90557957	104781568	9346	0.0589
FOXED_p_TCGA_b122_128_SNP_N_GenomeWideSNP_6_D03_781822	9	104781700	104790944	11	-0.4537
FOXED_p_TCGA_b122_128_SNP_N_GenomeWideSNP_6_D03_781822	9	104790999	119693164	11389	0.0809
FOXED_p_TCGA_b122_128_SNP_N_GenomeWideSNP_6_D03_781822	9	119694268	119697084	2	-1.4189
FOXED_p_TCGA_b122_128_SNP_N_GenomeWideSNP_6_D03_781822	9	119697245	121311245	1357	0.0727
FOXED_p_TCGA_b122_128_SNP_N_GenomeWideSNP_6_D03_781822	9	121311588	121321292	9	-0.568
FOXED_p_TCGA_b122_128_SNP_N_GenomeWideSNP_6_D03_781822	9	121322566	138163994	10526	0.0464
FOXED_p_TCGA_b122_128_SNP_N_GenomeWideSNP_6_D03_781822	9	138164038	138172789	7	-0.7791
FOXED_p_TCGA_b122_128_SNP_N_GenomeWideSNP_6_D03_781822	9	138173579	141091394	1141	0.0086
FOXED_p_TCGA_b122_128_SNP_N_GenomeWideSNP_6_D03_781822	10	72759	1918881	1329	-0.1166
FOXED_p_TCGA_b122_128_SNP_N_GenomeWideSNP_6_D03_781822	10	1919440	1922296	6	-1.1103
FOXED_p_TCGA_b122_128_SNP_N_GenomeWideSNP_6_D03_781822	10	1923115	24377674	17897	-0.1133
FOXED_p_TCGA_b122_128_SNP_N_GenomeWideSNP_6_D03_781822	10	24377675	24377918	7	0.9793
FOXED_p_TCGA_b122_128_SNP_N_GenomeWideSNP_6_D03_781822	10	24377920	31246510	5045	-0.0899
FOXED_p_TCGA_b122_128_SNP_N_GenomeWideSNP_6_D03_781822	10	31251334	31251779	11	-1.0546
FOXED_p_TCGA_b122_128_SNP_N_GenomeWideSNP_6_D03_781822	10	31251822	32917620	1042	-0.0824
FOXED_p_TCGA_b122_128_SNP_N_GenomeWideSNP_6_D03_781822	10	32917853	32954392	42	0.181
FOXED_p_TCGA_b122_128_SNP_N_GenomeWideSNP_6_D03_781822	10	32954536	47692945	6530	-0.1143
FOXED_p_TCGA_b122_128_SNP_N_GenomeWideSNP_6_D03_781822	10	47695269	47695563	2	-2.0339
FOXED_p_TCGA_b122_128_SNP_N_GenomeWideSNP_6_D03_781822	10	47699952	48694134	303	-0.0801
FOXED_p_TCGA_b122_128_SNP_N_GenomeWideSNP_6_D03_781822	10	48695090	48771950	8	-0.5138
FOXED_p_TCGA_b122_128_SNP_N_GenomeWideSNP_6_D03_781822	10	48837810	48840627	2	2.1646
FOXED_p_TCGA_b122_128_SNP_N_GenomeWideSNP_6_D03_781822	10	48883402	53209580	2379	-0.0699
FOXED_p_TCGA_b122_128_SNP_N_GenomeWideSNP_6_D03_781822	10	53210277	53394444	198	-0.5168
FOXED_p_TCGA_b122_128_SNP_N_GenomeWideSNP_6_D03_781822	10	53394496	57060734	2769	-0.0968
FOXED_p_TCGA_b122_128_SNP_N_GenomeWideSNP_6_D03_781822	10	57061057	68665385	8217	-0.5295
FOXED_p_TCGA_b122_128_SNP_N_GenomeWideSNP_6_D03_781822	10	68668627	68671578	2	-2.589
FOXED_p_TCGA_b122_128_SNP_N_GenomeWideSNP_6_D03_781822	10	68673085	72793852	2731	-0.5504
FOXED_p_TCGA_b122_128_SNP_N_GenomeWideSNP_6_D03_781822	10	72795601	72795877	3	-2.6744
FOXED_p_TCGA_b122_128_SNP_N_GenomeWideSNP_6_D03_781822	10	72796463	95231256	14742	-0.5488
FOXED_p_TCGA_b122_128_SNP_N_GenomeWideSNP_6_D03_781822	10	95232913	95233375	2	-2.8755
FOXED_p_TCGA_b122_128_SNP_N_GenomeWideSNP_6_D03_781822	10	95233393	95400947	121	-0.5147
FOXED_p_TCGA_b122_128_SNP_N_GenomeWideSNP_6_D03_781822	10	95402973	95406639	4	-2.7077
FOXED_p_TCGA_b122_128_SNP_N_GenomeWideSNP_6_D03_781822	10	95407645	107930976	7634	-0.5295
FOXED_p_TCGA_b122_128_SNP_N_GenomeWideSNP_6_D03_781822	10	107937975	108628859	510	-0.1457
FOXED_p_TCGA_b122_128_SNP_N_GenomeWideSNP_6_D03_781822	10	108629280	108889686	207	0.1694
FOXED_p_TCGA_b122_128_SNP_N_GenomeWideSNP_6_D03_781822	10	108889720	114452203	3971	-0.0775
FOXED_p_TCGA_b122_128_SNP_N_GenomeWideSNP_6_D03_781822	10	114452689	114452764	2	-1.4944
FOXED_p_TCGA_b122_128_SNP_N_GenomeWideSNP_6_D03_781822	10	114457615	115200123	516	-0.0387
FOXED_p_TCGA_b122_128_SNP_N_GenomeWideSNP_6_D03_781822	10	115200326	115201109	2	-1.4501
FOXED_p_TCGA_b122_128_SNP_N_GenomeWideSNP_6_D03_781822	10	115203305	117512955	1583	-0.0575
FOXED_p_TCGA_b122_128_SNP_N_GenomeWideSNP_6_D03_781822	10	117520504	117657906	98	-0.581
FOXED_p_TCGA_b122_128_SNP_N_GenomeWideSNP_6_D03_781822	10	117658869	129012678	8423	-0.0762
FOXED_p_TCGA_b122_128_SNP_N_GenomeWideSNP_6_D03_781822	10	129014678	129015808	3	-1.3797
FOXED_p_TCGA_b122_128_SNP_N_GenomeWideSNP_6_D03_781822	10	129016861	135345340	4545	-0.1426
FOXED_p_TCGA_b122_128_SNP_N_GenomeWideSNP_6_D03_781822	10	135345998	135347727	5	-1.0073
FOXED_p_TCGA_b122_128_SNP_N_GenomeWideSNP_6_D03_781822	10	135348257	135506704	72	-0.0082
FOXED_p_TCGA_b122_128_SNP_N_GenomeWideSNP_6_D03_781822	11	198510	4236709	1787	0.2287
FOXED_p_TCGA_b122_128_SNP_N_GenomeWideSNP_6_D03_781822	11	4238406	4384797	36	0.8429
FOXED_p_TCGA_b122_128_SNP_N_GenomeWideSNP_6_D03_781822	11	4386665	4739539	423	0.2434
FOXED_p_TCGA_b122_128_SNP_N_GenomeWideSNP_6_D03_781822	11	4740665	4742222	4	-0.4995
FOXED_p_TCGA_b122_128_SNP_N_GenomeWideSNP_6_D03_781822	11	4744492	4967061	220	0.1887
FOXED_p_TCGA_b122_128_SNP_N_GenomeWideSNP_6_D03_781822	11	4967103	4970367	14	0.7304
FOXED_p_TCGA_b122_128_SNP_N_GenomeWideSNP_6_D03_781822	11	4972005	4974029	18	1.1876
FOXED_p_TCGA_b122_128_SNP_N_GenomeWideSNP_6_D03_781822	11	4975164	4976614	12	0.648
FOXED_p_TCGA_b122_128_SNP_N_GenomeWideSNP_6_D03_781822	11	4976814	5522151	546	0.2028
FOXED_p_TCGA_b122_128_SNP_N_GenomeWideSNP_6_D03_781822	11	5522175	5523593	6	-0.7321
FOXED_p_TCGA_b122_128_SNP_N_GenomeWideSNP_6_D03_781822	11	5524464	5788092	241	0.2051
FOXED_p_TCGA_b122_128_SNP_N_GenomeWideSNP_6_D03_781822	11	5789601	5809139	30	0.6389
FOXED_p_TCGA_b122_128_SNP_N_GenomeWideSNP_6_D03_781822	11	5809338	8957970	2301	0.2441
FOXED_p_TCGA_b122_128_SNP_N_GenomeWideSNP_6_D03_781822	11	8958013	8964319	6	-0.7974
FOXED_p_TCGA_b122_128_SNP_N_GenomeWideSNP_6_D03_781822	11	8965350	18952544	7142	0.2562
FOXED_p_TCGA_b122_128_SNP_N_GenomeWideSNP_6_D03_781822	11	18952562	18961597	30	-0.063
FOXED_p_TCGA_b122_128_SNP_N_GenomeWideSNP_6_D03_781822	11	18961613	41880379	16571	0.2337
FOXED_p_TCGA_b122_128_SNP_N_GenomeWideSNP_6_D03_781822	11	41880554	41884888	3	-0.7623
FOXED_p_TCGA_b122_128_SNP_N_GenomeWideSNP_6_D03_781822	11	41885502	48598422	4063	0.2349
FOXED_p_TCGA_b122_128_SNP_N_GenomeWideSNP_6_D03_781822	11	48601434	48602676	2	1.5796
FOXED_p_TCGA_b122_128_SNP_N_GenomeWideSNP_6_D03_781822	11	48606318	49710861	444	0.22
FOXED_p_TCGA_b122_128_SNP_N_GenomeWideSNP_6_D03_781822	11	49713707	49757671	18	-0.5362
FOXED_p_TCGA_b122_128_SNP_N_GenomeWideSNP_6_D03_781822	11	49757767	55376280	769	0.2183
FOXED_p_TCGA_b122_128_SNP_N_GenomeWideSNP_6_D03_781822	11	55376498	55453009	51	0.5757
FOXED_p_TCGA_b122_128_SNP_N_GenomeWideSNP_6_D03_781822	11	55453576	55838498	289	0.2929
FOXED_p_TCGA_b122_128_SNP_N_GenomeWideSNP_6_D03_781822	11	55838787	55842512	4	-1.0647
FOXED_p_TCGA_b122_128_SNP_N_GenomeWideSNP_6_D03_781822	11	55842645	55848921	4	-0.02
FOXED_p_TCGA_b122_128_SNP_N_GenomeWideSNP_6_D03_781822	11	55848978	69587583	7002	0.2316
FOXED_p_TCGA_b122_128_SNP_N_GenomeWideSNP_6_D03_781822	11	69592814	69593176	2	-0.8374
FOXED_p_TCGA_b122_128_SNP_N_GenomeWideSNP_6_D03_781822	11	69594005	85887957	10197	0.2398
FOXED_p_TCGA_b122_128_SNP_N_GenomeWideSNP_6_D03_781822	11	85889658	85898821	17	-0.762
FOXED_p_TCGA_b122_128_SNP_N_GenomeWideSNP_6_D03_781822	11	85899812	86747749	604	0.2774
FOXED_p_TCGA_b122_128_SNP_N_GenomeWideSNP_6_D03_781822	11	86755539	86973512	158	-0.073
FOXED_p_TCGA_b122_128_SNP_N_GenomeWideSNP_6_D03_781822	11	86973841	92022485	3278	0.2147
FOXED_p_TCGA_b122_128_SNP_N_GenomeWideSNP_6_D03_781822	11	92024786	92027899	6	-0.9474
FOXED_p_TCGA_b122_128_SNP_N_GenomeWideSNP_6_D03_781822	11	92028153	95184355	2237	0.2383
FOXED_p_TCGA_b122_128_SNP_N_GenomeWideSNP_6_D03_781822	11	95186029	95186913	4	-0.5852
FOXED_p_TCGA_b122_128_SNP_N_GenomeWideSNP_6_D03_781822	11	95188170	99839689	3399	0.2223
FOXED_p_TCGA_b122_128_SNP_N_GenomeWideSNP_6_D03_781822	11	99843346	99843362	2	-1.4506
FOXED_p_TCGA_b122_128_SNP_N_GenomeWideSNP_6_D03_781822	11	99843602	100837586	745	0.2272
FOXED_p_TCGA_b122_128_SNP_N_GenomeWideSNP_6_D03_781822	11	100838910	100839531	2	-0.7755
FOXED_p_TCGA_b122_128_SNP_N_GenomeWideSNP_6_D03_781822	11	100848475	101594369	703	0.2102
FOXED_p_TCGA_b122_128_SNP_N_GenomeWideSNP_6_D03_781822	11	101594384	101598212	6	0.7551
FOXED_p_TCGA_b122_128_SNP_N_GenomeWideSNP_6_D03_781822	11	101599898	130977407	20596	0.2359
FOXED_p_TCGA_b122_128_SNP_N_GenomeWideSNP_6_D03_781822	11	130977695	130984345	20	-0.0853
FOXED_p_TCGA_b122_128_SNP_N_GenomeWideSNP_6_D03_781822	11	130987041	133109956	1807	0.2067
FOXED_p_TCGA_b122_128_SNP_N_GenomeWideSNP_6_D03_781822	11	133110361	133119503	11	-0.3689
FOXED_p_TCGA_b122_128_SNP_N_GenomeWideSNP_6_D03_781822	11	133120937	134609393	1062	0.1858
FOXED_p_TCGA_b122_128_SNP_N_GenomeWideSNP_6_D03_781822	11	134609557	134609566	2	-1.9303
FOXED_p_TCGA_b122_128_SNP_N_GenomeWideSNP_6_D03_781822	11	134609942	134944770	277	0.1414
FOXED_p_TCGA_b122_128_SNP_N_GenomeWideSNP_6_D03_781822	12	150442	9633870	6199	-0.0947
FOXED_p_TCGA_b122_128_SNP_N_GenomeWideSNP_6_D03_781822	12	9637909	9728292	24	-1.4884
FOXED_p_TCGA_b122_128_SNP_N_GenomeWideSNP_6_D03_781822	12	9734969	11220827	1045	-0.1176
FOXED_p_TCGA_b122_128_SNP_N_GenomeWideSNP_6_D03_781822	12	11222368	11241532	10	-1.1484
FOXED_p_TCGA_b122_128_SNP_N_GenomeWideSNP_6_D03_781822	12	11251874	11511578	134	-0.0081
FOXED_p_TCGA_b122_128_SNP_N_GenomeWideSNP_6_D03_781822	12	11512492	11553368	37	0.3174
FOXED_p_TCGA_b122_128_SNP_N_GenomeWideSNP_6_D03_781822	12	11553878	13331338	1378	-0.0791
FOXED_p_TCGA_b122_128_SNP_N_GenomeWideSNP_6_D03_781822	12	13334659	13335140	3	-1.0682
FOXED_p_TCGA_b122_128_SNP_N_GenomeWideSNP_6_D03_781822	12	13336367	16419405	2150	-0.0396
FOXED_p_TCGA_b122_128_SNP_N_GenomeWideSNP_6_D03_781822	12	16420987	16421325	2	0.8025
FOXED_p_TCGA_b122_128_SNP_N_GenomeWideSNP_6_D03_781822	12	16428557	33294545	11881	-0.0927
FOXED_p_TCGA_b122_128_SNP_N_GenomeWideSNP_6_D03_781822	12	33294587	33308542	36	0.3305
FOXED_p_TCGA_b122_128_SNP_N_GenomeWideSNP_6_D03_781822	12	33308589	34250696	585	-0.0502
FOXED_p_TCGA_b122_128_SNP_N_GenomeWideSNP_6_D03_781822	12	34256709	34275406	12	-1.5797
FOXED_p_TCGA_b122_128_SNP_N_GenomeWideSNP_6_D03_781822	12	34275794	45899825	5024	-0.1062
FOXED_p_TCGA_b122_128_SNP_N_GenomeWideSNP_6_D03_781822	12	45904438	45909537	4	-1.4745
FOXED_p_TCGA_b122_128_SNP_N_GenomeWideSNP_6_D03_781822	12	45913292	70871858	15197	-0.0929
FOXED_p_TCGA_b122_128_SNP_N_GenomeWideSNP_6_D03_781822	12	70872675	70878027	9	-1.9315
FOXED_p_TCGA_b122_128_SNP_N_GenomeWideSNP_6_D03_781822	12	70879385	130615909	39495	-0.0971
FOXED_p_TCGA_b122_128_SNP_N_GenomeWideSNP_6_D03_781822	12	130616828	130617444	3	-2.0876
FOXED_p_TCGA_b122_128_SNP_N_GenomeWideSNP_6_D03_781822	12	130622464	133778189	1830	-0.1365
FOXED_p_TCGA_b122_128_SNP_N_GenomeWideSNP_6_D03_781822	13	19026949	19319635	74	0.6244
FOXED_p_TCGA_b122_128_SNP_N_GenomeWideSNP_6_D03_781822	13	19368654	19369572	8	-0.403
FOXED_p_TCGA_b122_128_SNP_N_GenomeWideSNP_6_D03_781822	13	19369592	35540346	11800	0.7495
FOXED_p_TCGA_b122_128_SNP_N_GenomeWideSNP_6_D03_781822	13	35540656	35656326	46	0.4779
FOXED_p_TCGA_b122_128_SNP_N_GenomeWideSNP_6_D03_781822	13	35668556	38071135	1646	0.7071
FOXED_p_TCGA_b122_128_SNP_N_GenomeWideSNP_6_D03_781822	13	38072036	38084757	16	1.3326
FOXED_p_TCGA_b122_128_SNP_N_GenomeWideSNP_6_D03_781822	13	38088330	39050544	700	0.7197
FOXED_p_TCGA_b122_128_SNP_N_GenomeWideSNP_6_D03_781822	13	39052811	39058056	3	1.4674
FOXED_p_TCGA_b122_128_SNP_N_GenomeWideSNP_6_D03_781822	13	39065057	42783123	2575	0.7325
FOXED_p_TCGA_b122_128_SNP_N_GenomeWideSNP_6_D03_781822	13	42783832	42784127	3	-0.5987
FOXED_p_TCGA_b122_128_SNP_N_GenomeWideSNP_6_D03_781822	13	42784222	53094799	6637	0.7555
FOXED_p_TCGA_b122_128_SNP_N_GenomeWideSNP_6_D03_781822	13	53097984	53105785	3	1.7697
FOXED_p_TCGA_b122_128_SNP_N_GenomeWideSNP_6_D03_781822	13	53117879	67172779	8284	0.7163
FOXED_p_TCGA_b122_128_SNP_N_GenomeWideSNP_6_D03_781822	13	67176219	67177783	2	-2.2119
FOXED_p_TCGA_b122_128_SNP_N_GenomeWideSNP_6_D03_781822	13	67178344	69249481	1289	0.7169
FOXED_p_TCGA_b122_128_SNP_N_GenomeWideSNP_6_D03_781822	13	69250779	69259015	10	-0.0356
FOXED_p_TCGA_b122_128_SNP_N_GenomeWideSNP_6_D03_781822	13	69259214	72476988	2087	0.7305
FOXED_p_TCGA_b122_128_SNP_N_GenomeWideSNP_6_D03_781822	13	72477555	72480556	4	-3.1307
FOXED_p_TCGA_b122_128_SNP_N_GenomeWideSNP_6_D03_781822	13	72480605	88083061	10254	0.7352
FOXED_p_TCGA_b122_128_SNP_N_GenomeWideSNP_6_D03_781822	13	88084516	88092539	3	-0.4452
FOXED_p_TCGA_b122_128_SNP_N_GenomeWideSNP_6_D03_781822	13	88096394	106576241	12935	0.7324
FOXED_p_TCGA_b122_128_SNP_N_GenomeWideSNP_6_D03_781822	13	106576496	106582791	5	0.3536
FOXED_p_TCGA_b122_128_SNP_N_GenomeWideSNP_6_D03_781822	13	106583444	106709565	145	0.8273
FOXED_p_TCGA_b122_128_SNP_N_GenomeWideSNP_6_D03_781822	13	106710305	106717503	5	0.1074
FOXED_p_TCGA_b122_128_SNP_N_GenomeWideSNP_6_D03_781822	13	106718127	115108397	5821	0.7526
FOXED_p_TCGA_b122_128_SNP_N_GenomeWideSNP_6_D03_781822	14	19002124	19434374	31	-0.1135
FOXED_p_TCGA_b122_128_SNP_N_GenomeWideSNP_6_D03_781822	14	19437987	19974849	40	0.5589
FOXED_p_TCGA_b122_128_SNP_N_GenomeWideSNP_6_D03_781822	14	19975977	20423372	119	-0.0167
FOXED_p_TCGA_b122_128_SNP_N_GenomeWideSNP_6_D03_781822	14	20424926	47160489	16812	-0.5311
FOXED_p_TCGA_b122_128_SNP_N_GenomeWideSNP_6_D03_781822	14	47160902	47161158	2	-3.0968
FOXED_p_TCGA_b122_128_SNP_N_GenomeWideSNP_6_D03_781822	14	47162379	96645037	32322	-0.559
FOXED_p_TCGA_b122_128_SNP_N_GenomeWideSNP_6_D03_781822	14	96645356	96645458	2	-2.966
FOXED_p_TCGA_b122_128_SNP_N_GenomeWideSNP_6_D03_781822	14	96646219	97966269	898	-0.5713
FOXED_p_TCGA_b122_128_SNP_N_GenomeWideSNP_6_D03_781822	14	97967949	97968987	2	-2.8808
FOXED_p_TCGA_b122_128_SNP_N_GenomeWideSNP_6_D03_781822	14	97969160	104742980	4161	-0.5969
FOXED_p_TCGA_b122_128_SNP_N_GenomeWideSNP_6_D03_781822	14	104743850	104744267	3	-2.4554
FOXED_p_TCGA_b122_128_SNP_N_GenomeWideSNP_6_D03_781822	14	104751237	106295768	475	-0.5914
FOXED_p_TCGA_b122_128_SNP_N_GenomeWideSNP_6_D03_781822	14	106302997	106328563	12	-0.8306
FOXED_p_TCGA_b122_128_SNP_N_GenomeWideSNP_6_D03_781822	14	106328827	106460352	40	-0.4274
FOXED_p_TCGA_b122_128_SNP_N_GenomeWideSNP_6_D03_781822	14	106460608	106569463	43	0.0175
FOXED_p_TCGA_b122_128_SNP_N_GenomeWideSNP_6_D03_781822	14	106574118	106889379	145	-0.3885
FOXED_p_TCGA_b122_128_SNP_N_GenomeWideSNP_6_D03_781822	14	106890808	106918649	48	-0.0331
FOXED_p_TCGA_b122_128_SNP_N_GenomeWideSNP_6_D03_781822	14	106922531	107285437	222	-0.4878
FOXED_p_TCGA_b122_128_SNP_N_GenomeWideSNP_6_D03_781822	15	20016328	20167377	33	-0.1148
FOXED_p_TCGA_b122_128_SNP_N_GenomeWideSNP_6_D03_781822	15	20172595	29412047	4396	-0.573
FOXED_p_TCGA_b122_128_SNP_N_GenomeWideSNP_6_D03_781822	15	29415560	29425240	5	-2.1111
FOXED_p_TCGA_b122_128_SNP_N_GenomeWideSNP_6_D03_781822	15	29426096	39463857	6730	-0.5206
FOXED_p_TCGA_b122_128_SNP_N_GenomeWideSNP_6_D03_781822	15	39464752	39467798	6	-1.6785
FOXED_p_TCGA_b122_128_SNP_N_GenomeWideSNP_6_D03_781822	15	39468347	39693241	194	-0.5101
FOXED_p_TCGA_b122_128_SNP_N_GenomeWideSNP_6_D03_781822	15	39694355	39696151	5	-1.796
FOXED_p_TCGA_b122_128_SNP_N_GenomeWideSNP_6_D03_781822	15	39697004	57737175	10672	-0.5219
FOXED_p_TCGA_b122_128_SNP_N_GenomeWideSNP_6_D03_781822	15	57739422	57741261	5	-1.8279
FOXED_p_TCGA_b122_128_SNP_N_GenomeWideSNP_6_D03_781822	15	57741413	61683961	3108	-0.5438
FOXED_p_TCGA_b122_128_SNP_N_GenomeWideSNP_6_D03_781822	15	61684205	61690100	4	-2.0257
FOXED_p_TCGA_b122_128_SNP_N_GenomeWideSNP_6_D03_781822	15	61691653	61880055	174	-0.5197
FOXED_p_TCGA_b122_128_SNP_N_GenomeWideSNP_6_D03_781822	15	61880800	76891241	8949	-0.0832
FOXED_p_TCGA_b122_128_SNP_N_GenomeWideSNP_6_D03_781822	15	76891511	76895198	13	-2.469
FOXED_p_TCGA_b122_128_SNP_N_GenomeWideSNP_6_D03_781822	15	76895344	82895028	3664	-0.0798
FOXED_p_TCGA_b122_128_SNP_N_GenomeWideSNP_6_D03_781822	15	82895362	83169571	13	0.5787
FOXED_p_TCGA_b122_128_SNP_N_GenomeWideSNP_6_D03_781822	15	83184514	96913436	9966	-0.0871
FOXED_p_TCGA_b122_128_SNP_N_GenomeWideSNP_6_D03_781822	15	96913773	96916593	5	-2.1516
FOXED_p_TCGA_b122_128_SNP_N_GenomeWideSNP_6_D03_781822	15	96917799	102469040	4042	-0.0982
FOXED_p_TCGA_b122_128_SNP_N_GenomeWideSNP_6_D03_781822	16	60777	5316275	2293	-0.1643
FOXED_p_TCGA_b122_128_SNP_N_GenomeWideSNP_6_D03_781822	16	5321635	5379048	69	-0.4788
FOXED_p_TCGA_b122_128_SNP_N_GenomeWideSNP_6_D03_781822	16	5379094	5409673	42	-1.268
FOXED_p_TCGA_b122_128_SNP_N_GenomeWideSNP_6_D03_781822	16	5410371	5776655	432	-0.6546
FOXED_p_TCGA_b122_128_SNP_N_GenomeWideSNP_6_D03_781822	16	5778322	5869650	105	-1.2433
FOXED_p_TCGA_b122_128_SNP_N_GenomeWideSNP_6_D03_781822	16	5870606	5975883	122	-4.0219
FOXED_p_TCGA_b122_128_SNP_N_GenomeWideSNP_6_D03_781822	16	5981643	6452796	543	-1.3661
FOXED_p_TCGA_b122_128_SNP_N_GenomeWideSNP_6_D03_781822	16	6456291	6548846	99	-0.5389
FOXED_p_TCGA_b122_128_SNP_N_GenomeWideSNP_6_D03_781822	16	6549203	6561230	23	-0.1444
FOXED_p_TCGA_b122_128_SNP_N_GenomeWideSNP_6_D03_781822	16	6561865	6570964	10	-0.7556
FOXED_p_TCGA_b122_128_SNP_N_GenomeWideSNP_6_D03_781822	16	6571329	6591471	40	-0.0274
FOXED_p_TCGA_b122_128_SNP_N_GenomeWideSNP_6_D03_781822	16	6595898	6622182	30	-0.7497
FOXED_p_TCGA_b122_128_SNP_N_GenomeWideSNP_6_D03_781822	16	6622545	6692596	106	-1.0647
FOXED_p_TCGA_b122_128_SNP_N_GenomeWideSNP_6_D03_781822	16	6692980	6793933	146	-0.1549
FOXED_p_TCGA_b122_128_SNP_N_GenomeWideSNP_6_D03_781822	16	6796804	6797815	4	-1.3618
FOXED_p_TCGA_b122_128_SNP_N_GenomeWideSNP_6_D03_781822	16	6797836	6944189	175	-0.2094
FOXED_p_TCGA_b122_128_SNP_N_GenomeWideSNP_6_D03_781822	16	6948175	7789262	1099	0.0743
FOXED_p_TCGA_b122_128_SNP_N_GenomeWideSNP_6_D03_781822	16	7789611	7794963	9	0.6865
FOXED_p_TCGA_b122_128_SNP_N_GenomeWideSNP_6_D03_781822	16	7796796	7929654	140	0.255
FOXED_p_TCGA_b122_128_SNP_N_GenomeWideSNP_6_D03_781822	16	7929677	7940294	14	-0.1449
FOXED_p_TCGA_b122_128_SNP_N_GenomeWideSNP_6_D03_781822	16	7940349	12318056	3587	0.2579
FOXED_p_TCGA_b122_128_SNP_N_GenomeWideSNP_6_D03_781822	16	12323277	12323309	2	-1.3232
FOXED_p_TCGA_b122_128_SNP_N_GenomeWideSNP_6_D03_781822	16	12327346	12648859	308	0.2145
FOXED_p_TCGA_b122_128_SNP_N_GenomeWideSNP_6_D03_781822	16	12648978	12648995	2	-0.865
FOXED_p_TCGA_b122_128_SNP_N_GenomeWideSNP_6_D03_781822	16	12650247	19944363	4098	0.2347
FOXED_p_TCGA_b122_128_SNP_N_GenomeWideSNP_6_D03_781822	16	19945650	19967362	29	-1.2828
FOXED_p_TCGA_b122_128_SNP_N_GenomeWideSNP_6_D03_781822	16	19970254	20057900	68	0.2507
FOXED_p_TCGA_b122_128_SNP_N_GenomeWideSNP_6_D03_781822	16	20058773	20059083	3	-1.1434
FOXED_p_TCGA_b122_128_SNP_N_GenomeWideSNP_6_D03_781822	16	20059677	21412403	835	0.2433
FOXED_p_TCGA_b122_128_SNP_N_GenomeWideSNP_6_D03_781822	16	21515074	21593634	24	-0.671
FOXED_p_TCGA_b122_128_SNP_N_GenomeWideSNP_6_D03_781822	16	21596313	22441974	363	0.2365
FOXED_p_TCGA_b122_128_SNP_N_GenomeWideSNP_6_D03_781822	16	22442020	22704520	72	-0.6587
FOXED_p_TCGA_b122_128_SNP_N_GenomeWideSNP_6_D03_781822	16	22710742	32158852	5176	0.2055
FOXED_p_TCGA_b122_128_SNP_N_GenomeWideSNP_6_D03_781822	16	32158862	33241953	149	-0.0127
FOXED_p_TCGA_b122_128_SNP_N_GenomeWideSNP_6_D03_781822	16	33300894	33476442	31	-0.4616
FOXED_p_TCGA_b122_128_SNP_N_GenomeWideSNP_6_D03_781822	16	33481160	33643399	59	-0.1621
FOXED_p_TCGA_b122_128_SNP_N_GenomeWideSNP_6_D03_781822	16	33644022	55784430	6980	0.2222
FOXED_p_TCGA_b122_128_SNP_N_GenomeWideSNP_6_D03_781822	16	55784606	55842354	33	-0.1913
FOXED_p_TCGA_b122_128_SNP_N_GenomeWideSNP_6_D03_781822	16	55842382	66159270	6888	0.1988
FOXED_p_TCGA_b122_128_SNP_N_GenomeWideSNP_6_D03_781822	16	66159298	66163067	5	-0.4463
FOXED_p_TCGA_b122_128_SNP_N_GenomeWideSNP_6_D03_781822	16	66167732	70124413	1866	0.2144
FOXED_p_TCGA_b122_128_SNP_N_GenomeWideSNP_6_D03_781822	16	70124765	70213044	22	-0.1769
FOXED_p_TCGA_b122_128_SNP_N_GenomeWideSNP_6_D03_781822	16	70234536	74359878	2420	0.2266
FOXED_p_TCGA_b122_128_SNP_N_GenomeWideSNP_6_D03_781822	16	74364023	74466835	20	-0.3371
FOXED_p_TCGA_b122_128_SNP_N_GenomeWideSNP_6_D03_781822	16	74466905	78272841	3114	0.2219
FOXED_p_TCGA_b122_128_SNP_N_GenomeWideSNP_6_D03_781822	16	78273030	78371608	93	-0.117
FOXED_p_TCGA_b122_128_SNP_N_GenomeWideSNP_6_D03_781822	16	78372440	78384738	16	0.8866
FOXED_p_TCGA_b122_128_SNP_N_GenomeWideSNP_6_D03_781822	16	78384765	78531307	215	-0.1637
FOXED_p_TCGA_b122_128_SNP_N_GenomeWideSNP_6_D03_781822	16	78533357	90287535	10432	0.1995
FOXED_p_TCGA_b122_128_SNP_N_GenomeWideSNP_6_D03_781822	17	526	18319862	11438	-0.1162
FOXED_p_TCGA_b122_128_SNP_N_GenomeWideSNP_6_D03_781822	17	18355392	18453437	26	-1.4018
FOXED_p_TCGA_b122_128_SNP_N_GenomeWideSNP_6_D03_781822	17	18459272	39421708	9491	-0.1028
FOXED_p_TCGA_b122_128_SNP_N_GenomeWideSNP_6_D03_781822	17	39423014	39430531	24	1.5095
FOXED_p_TCGA_b122_128_SNP_N_GenomeWideSNP_6_D03_781822	17	39432724	44212428	2546	-0.121
FOXED_p_TCGA_b122_128_SNP_N_GenomeWideSNP_6_D03_781822	17	44213204	44794755	150	0.3562
FOXED_p_TCGA_b122_128_SNP_N_GenomeWideSNP_6_D03_781822	17	44795190	67942080	13754	-0.0941
FOXED_p_TCGA_b122_128_SNP_N_GenomeWideSNP_6_D03_781822	17	67948764	67957712	10	0.2573
FOXED_p_TCGA_b122_128_SNP_N_GenomeWideSNP_6_D03_781822	17	67957797	67957827	2	1.1364
FOXED_p_TCGA_b122_128_SNP_N_GenomeWideSNP_6_D03_781822	17	67959344	70772407	2279	-0.0427
FOXED_p_TCGA_b122_128_SNP_N_GenomeWideSNP_6_D03_781822	17	70772793	70778012	4	-0.84
FOXED_p_TCGA_b122_128_SNP_N_GenomeWideSNP_6_D03_781822	17	70779765	80571129	5290	-0.1449
FOXED_p_TCGA_b122_128_SNP_N_GenomeWideSNP_6_D03_781822	17	80571194	80601425	10	-1.016
FOXED_p_TCGA_b122_128_SNP_N_GenomeWideSNP_6_D03_781822	17	80602050	81049726	245	-0.1199
FOXED_p_TCGA_b122_128_SNP_N_GenomeWideSNP_6_D03_781822	18	11543	15098541	10329	-0.5693
FOXED_p_TCGA_b122_128_SNP_N_GenomeWideSNP_6_D03_781822	18	15099162	15402408	64	-0.1324
FOXED_p_TCGA_b122_128_SNP_N_GenomeWideSNP_6_D03_781822	18	18529353	26380393	4766	-0.5598
FOXED_p_TCGA_b122_128_SNP_N_GenomeWideSNP_6_D03_781822	18	26381096	26381865	2	-2.5967
FOXED_p_TCGA_b122_128_SNP_N_GenomeWideSNP_6_D03_781822	18	26382763	38258096	7566	-0.5343
FOXED_p_TCGA_b122_128_SNP_N_GenomeWideSNP_6_D03_781822	18	38258169	38265389	31	-0.0353
FOXED_p_TCGA_b122_128_SNP_N_GenomeWideSNP_6_D03_781822	18	38268024	48358340	6866	-0.5586
FOXED_p_TCGA_b122_128_SNP_N_GenomeWideSNP_6_D03_781822	18	48359730	48383016	16	-2.383
FOXED_p_TCGA_b122_128_SNP_N_GenomeWideSNP_6_D03_781822	18	48383093	48565238	108	-1.1988
FOXED_p_TCGA_b122_128_SNP_N_GenomeWideSNP_6_D03_781822	18	48565513	48616861	123	-0.8669
FOXED_p_TCGA_b122_128_SNP_N_GenomeWideSNP_6_D03_781822	18	48629913	48715794	51	-1.3581
FOXED_p_TCGA_b122_128_SNP_N_GenomeWideSNP_6_D03_781822	18	48728702	50143417	1010	-0.5522
FOXED_p_TCGA_b122_128_SNP_N_GenomeWideSNP_6_D03_781822	18	50146267	50149770	5	-2.1581
FOXED_p_TCGA_b122_128_SNP_N_GenomeWideSNP_6_D03_781822	18	50149986	78015057	19662	-0.5637
FOXED_p_TCGA_b122_128_SNP_N_GenomeWideSNP_6_D03_781822	19	90910	20461652	8936	0.1906
FOXED_p_TCGA_b122_128_SNP_N_GenomeWideSNP_6_D03_781822	19	20462595	20481025	15	-0.225
FOXED_p_TCGA_b122_128_SNP_N_GenomeWideSNP_6_D03_781822	19	20482281	56278050	18559	0.2085
FOXED_p_TCGA_b122_128_SNP_N_GenomeWideSNP_6_D03_781822	19	56282070	56283067	5	1.2696
FOXED_p_TCGA_b122_128_SNP_N_GenomeWideSNP_6_D03_781822	19	56286293	59097854	1850	0.1867
FOXED_p_TCGA_b122_128_SNP_N_GenomeWideSNP_6_D03_781822	20	61305	61308	4	-0.2021
FOXED_p_TCGA_b122_128_SNP_N_GenomeWideSNP_6_D03_781822	20	61309	1560999	1203	0.5031
FOXED_p_TCGA_b122_128_SNP_N_GenomeWideSNP_6_D03_781822	20	1561580	1593893	41	-0.4198
FOXED_p_TCGA_b122_128_SNP_N_GenomeWideSNP_6_D03_781822	20	1597946	7133707	4113	0.4916
FOXED_p_TCGA_b122_128_SNP_N_GenomeWideSNP_6_D03_781822	20	7147952	7159995	8	1.4262
FOXED_p_TCGA_b122_128_SNP_N_GenomeWideSNP_6_D03_781822	20	7162079	7589465	348	0.5176
FOXED_p_TCGA_b122_128_SNP_N_GenomeWideSNP_6_D03_781822	20	7591005	7600395	9	-0.2236
FOXED_p_TCGA_b122_128_SNP_N_GenomeWideSNP_6_D03_781822	20	7600823	12172911	3615	0.5171
FOXED_p_TCGA_b122_128_SNP_N_GenomeWideSNP_6_D03_781822	20	12174020	12191861	12	0.0708
FOXED_p_TCGA_b122_128_SNP_N_GenomeWideSNP_6_D03_781822	20	12194009	12629981	348	0.4742
FOXED_p_TCGA_b122_128_SNP_N_GenomeWideSNP_6_D03_781822	20	12630720	12630804	3	-1.6375
FOXED_p_TCGA_b122_128_SNP_N_GenomeWideSNP_6_D03_781822	20	12632043	14112142	1072	0.4951
FOXED_p_TCGA_b122_128_SNP_N_GenomeWideSNP_6_D03_781822	20	14122574	14675588	326	0.1588
FOXED_p_TCGA_b122_128_SNP_N_GenomeWideSNP_6_D03_781822	20	14677100	14729065	36	-0.1754
FOXED_p_TCGA_b122_128_SNP_N_GenomeWideSNP_6_D03_781822	20	14729869	14748558	13	-0.4237
FOXED_p_TCGA_b122_128_SNP_N_GenomeWideSNP_6_D03_781822	20	14756023	14792812	39	-1.1228
FOXED_p_TCGA_b122_128_SNP_N_GenomeWideSNP_6_D03_781822	20	14792834	14869903	89	-0.504
FOXED_p_TCGA_b122_128_SNP_N_GenomeWideSNP_6_D03_781822	20	14875890	14902196	45	-1.0983
FOXED_p_TCGA_b122_128_SNP_N_GenomeWideSNP_6_D03_781822	20	14902424	14923654	33	-2.3823
FOXED_p_TCGA_b122_128_SNP_N_GenomeWideSNP_6_D03_781822	20	14924259	15144763	181	-1.1607
FOXED_p_TCGA_b122_128_SNP_N_GenomeWideSNP_6_D03_781822	20	15150730	15237872	69	-0.6333
FOXED_p_TCGA_b122_128_SNP_N_GenomeWideSNP_6_D03_781822	20	15239469	15301374	45	-0.2118
FOXED_p_TCGA_b122_128_SNP_N_GenomeWideSNP_6_D03_781822	20	15301902	15307955	5	-0.9239
FOXED_p_TCGA_b122_128_SNP_N_GenomeWideSNP_6_D03_781822	20	15307970	15739579	433	-0.0987
FOXED_p_TCGA_b122_128_SNP_N_GenomeWideSNP_6_D03_781822	20	15739860	25401862	7623	0.5253
FOXED_p_TCGA_b122_128_SNP_N_GenomeWideSNP_6_D03_781822	20	25402407	25744723	171	1.0028
FOXED_p_TCGA_b122_128_SNP_N_GenomeWideSNP_6_D03_781822	20	25754752	25810321	3	-0.4434
FOXED_p_TCGA_b122_128_SNP_N_GenomeWideSNP_6_D03_781822	20	25828335	29598227	227	0.9251
FOXED_p_TCGA_b122_128_SNP_N_GenomeWideSNP_6_D03_781822	20	29598734	29598863	2	-0.9228
FOXED_p_TCGA_b122_128_SNP_N_GenomeWideSNP_6_D03_781822	20	29601779	33426212	1763	1.0042
FOXED_p_TCGA_b122_128_SNP_N_GenomeWideSNP_6_D03_781822	20	33432523	33434562	2	-0.2346
FOXED_p_TCGA_b122_128_SNP_N_GenomeWideSNP_6_D03_781822	20	33435161	37005352	1947	0.9708
FOXED_p_TCGA_b122_128_SNP_N_GenomeWideSNP_6_D03_781822	20	37010785	37018652	6	-0.2812
FOXED_p_TCGA_b122_128_SNP_N_GenomeWideSNP_6_D03_781822	20	37018833	40359519	2235	1.0163
FOXED_p_TCGA_b122_128_SNP_N_GenomeWideSNP_6_D03_781822	20	40360023	40360027	5	0.1815
FOXED_p_TCGA_b122_128_SNP_N_GenomeWideSNP_6_D03_781822	20	40360784	41263421	836	1.0225
FOXED_p_TCGA_b122_128_SNP_N_GenomeWideSNP_6_D03_781822	20	41265308	41268091	5	0.2294
FOXED_p_TCGA_b122_128_SNP_N_GenomeWideSNP_6_D03_781822	20	41268123	49174124	5548	1.0276
FOXED_p_TCGA_b122_128_SNP_N_GenomeWideSNP_6_D03_781822	20	49174508	49174602	4	0.1711
FOXED_p_TCGA_b122_128_SNP_N_GenomeWideSNP_6_D03_781822	20	49174720	50351031	831	1.0181
FOXED_p_TCGA_b122_128_SNP_N_GenomeWideSNP_6_D03_781822	20	50352623	52652360	1726	0.528
FOXED_p_TCGA_b122_128_SNP_N_GenomeWideSNP_6_D03_781822	20	52652478	52657717	24	0.8863
FOXED_p_TCGA_b122_128_SNP_N_GenomeWideSNP_6_D03_781822	20	52658073	53050355	366	0.5731
FOXED_p_TCGA_b122_128_SNP_N_GenomeWideSNP_6_D03_781822	20	53053040	59159452	4933	1.0313
FOXED_p_TCGA_b122_128_SNP_N_GenomeWideSNP_6_D03_781822	20	59165671	60005707	826	0.4488
FOXED_p_TCGA_b122_128_SNP_N_GenomeWideSNP_6_D03_781822	20	60006307	62956153	1347	1.0122
FOXED_p_TCGA_b122_128_SNP_N_GenomeWideSNP_6_D03_781822	21	10736871	14595264	163	0.2147
FOXED_p_TCGA_b122_128_SNP_N_GenomeWideSNP_6_D03_781822	21	14595744	20057919	3552	-0.0634
FOXED_p_TCGA_b122_128_SNP_N_GenomeWideSNP_6_D03_781822	21	20058207	20080934	25	0.3543
FOXED_p_TCGA_b122_128_SNP_N_GenomeWideSNP_6_D03_781822	21	20081875	24353314	3237	-0.1187
FOXED_p_TCGA_b122_128_SNP_N_GenomeWideSNP_6_D03_781822	21	24357290	24365558	2	-1.8564
FOXED_p_TCGA_b122_128_SNP_N_GenomeWideSNP_6_D03_781822	21	24365582	24500841	143	-0.117
FOXED_p_TCGA_b122_128_SNP_N_GenomeWideSNP_6_D03_781822	21	24505657	24543308	33	0.2049
FOXED_p_TCGA_b122_128_SNP_N_GenomeWideSNP_6_D03_781822	21	24552899	24638727	73	-0.4265
FOXED_p_TCGA_b122_128_SNP_N_GenomeWideSNP_6_D03_781822	21	24638758	32091252	5617	-0.1074
FOXED_p_TCGA_b122_128_SNP_N_GenomeWideSNP_6_D03_781822	21	32091527	32134973	16	0.1883
FOXED_p_TCGA_b122_128_SNP_N_GenomeWideSNP_6_D03_781822	21	32136063	32744798	433	-0.1436
FOXED_p_TCGA_b122_128_SNP_N_GenomeWideSNP_6_D03_781822	21	32746995	32805371	40	-0.5585
FOXED_p_TCGA_b122_128_SNP_N_GenomeWideSNP_6_D03_781822	21	32806024	36666340	2719	-0.0951
FOXED_p_TCGA_b122_128_SNP_N_GenomeWideSNP_6_D03_781822	21	36666460	36669447	3	-1.5964
FOXED_p_TCGA_b122_128_SNP_N_GenomeWideSNP_6_D03_781822	21	36669917	48096957	8355	-0.0904
FOXED_p_TCGA_b122_128_SNP_N_GenomeWideSNP_6_D03_781822	22	16052528	20975987	2332	-0.106
FOXED_p_TCGA_b122_128_SNP_N_GenomeWideSNP_6_D03_781822	22	20977077	20977272	2	-3.0546
FOXED_p_TCGA_b122_128_SNP_N_GenomeWideSNP_6_D03_781822	22	20978391	21465835	517	-0.0964
FOXED_p_TCGA_b122_128_SNP_N_GenomeWideSNP_6_D03_781822	22	21542615	21721603	10	0.4427
FOXED_p_TCGA_b122_128_SNP_N_GenomeWideSNP_6_D03_781822	22	21721720	21917153	40	-0.5036
FOXED_p_TCGA_b122_128_SNP_N_GenomeWideSNP_6_D03_781822	22	21917323	22467569	394	-0.1101
FOXED_p_TCGA_b122_128_SNP_N_GenomeWideSNP_6_D03_781822	22	22468619	22474613	7	-1.1761
FOXED_p_TCGA_b122_128_SNP_N_GenomeWideSNP_6_D03_781822	22	22481498	51234455	20251	-0.1124
FOXED_p_TCGA_b122_128_SNP_N_GenomeWideSNP_6_D03_781822	X	168477	6772189	3242	0.0151
FOXED_p_TCGA_b122_128_SNP_N_GenomeWideSNP_6_D03_781822	X	6774755	7058834	205	-0.6119
FOXED_p_TCGA_b122_128_SNP_N_GenomeWideSNP_6_D03_781822	X	7058946	7249511	121	-0.0762
FOXED_p_TCGA_b122_128_SNP_N_GenomeWideSNP_6_D03_781822	X	7249875	7308022	36	-0.4556
FOXED_p_TCGA_b122_128_SNP_N_GenomeWideSNP_6_D03_781822	X	7311821	7414218	87	-0.103
FOXED_p_TCGA_b122_128_SNP_N_GenomeWideSNP_6_D03_781822	X	7414783	7557251	108	-0.6301
FOXED_p_TCGA_b122_128_SNP_N_GenomeWideSNP_6_D03_781822	X	7559491	7561315	7	-1.8685
FOXED_p_TCGA_b122_128_SNP_N_GenomeWideSNP_6_D03_781822	X	7561715	7598004	25	-0.5396
FOXED_p_TCGA_b122_128_SNP_N_GenomeWideSNP_6_D03_781822	X	7598977	7615544	19	-1.7017
FOXED_p_TCGA_b122_128_SNP_N_GenomeWideSNP_6_D03_781822	X	7615876	7616582	2	-7.2119
FOXED_p_TCGA_b122_128_SNP_N_GenomeWideSNP_6_D03_781822	X	7619001	7830764	103	-1.3332
FOXED_p_TCGA_b122_128_SNP_N_GenomeWideSNP_6_D03_781822	X	7830917	38297157	19894	0.0499
FOXED_p_TCGA_b122_128_SNP_N_GenomeWideSNP_6_D03_781822	X	38297557	38298042	5	-1.1445
FOXED_p_TCGA_b122_128_SNP_N_GenomeWideSNP_6_D03_781822	X	38298928	51419858	6912	0.0608
FOXED_p_TCGA_b122_128_SNP_N_GenomeWideSNP_6_D03_781822	X	51428469	51434082	2	2.24
FOXED_p_TCGA_b122_128_SNP_N_GenomeWideSNP_6_D03_781822	X	51436545	74858638	8571	0.0348
FOXED_p_TCGA_b122_128_SNP_N_GenomeWideSNP_6_D03_781822	X	74859617	74862395	2	-1.76
FOXED_p_TCGA_b122_128_SNP_N_GenomeWideSNP_6_D03_781822	X	74863012	86494513	6123	0.0075
FOXED_p_TCGA_b122_128_SNP_N_GenomeWideSNP_6_D03_781822	X	86497529	86497820	2	-2.6205
FOXED_p_TCGA_b122_128_SNP_N_GenomeWideSNP_6_D03_781822	X	86498506	87499348	670	0.0073
FOXED_p_TCGA_b122_128_SNP_N_GenomeWideSNP_6_D03_781822	X	87500114	87531845	23	0.3848
FOXED_p_TCGA_b122_128_SNP_N_GenomeWideSNP_6_D03_781822	X	87532162	87618630	53	-0.0272
FOXED_p_TCGA_b122_128_SNP_N_GenomeWideSNP_6_D03_781822	X	87620326	87622092	5	-0.8094
FOXED_p_TCGA_b122_128_SNP_N_GenomeWideSNP_6_D03_781822	X	87624476	87747379	100	0.023
FOXED_p_TCGA_b122_128_SNP_N_GenomeWideSNP_6_D03_781822	X	87748677	87751908	6	-1.2955
FOXED_p_TCGA_b122_128_SNP_N_GenomeWideSNP_6_D03_781822	X	87754781	95487940	3839	0.0155
FOXED_p_TCGA_b122_128_SNP_N_GenomeWideSNP_6_D03_781822	X	95490210	95576857	50	0.3527
FOXED_p_TCGA_b122_128_SNP_N_GenomeWideSNP_6_D03_781822	X	95579713	101054693	3072	0.016
FOXED_p_TCGA_b122_128_SNP_N_GenomeWideSNP_6_D03_781822	X	101055873	101060577	6	1.1205
FOXED_p_TCGA_b122_128_SNP_N_GenomeWideSNP_6_D03_781822	X	101068161	150292898	28804	-0.0033
FOXED_p_TCGA_b122_128_SNP_N_GenomeWideSNP_6_D03_781822	X	150293934	150295459	2	1.7647
FOXED_p_TCGA_b122_128_SNP_N_GenomeWideSNP_6_D03_781822	X	150296555	150940194	465	-0.0105
FOXED_p_TCGA_b122_128_SNP_N_GenomeWideSNP_6_D03_781822	X	150940266	150941342	2	-1.8186
FOXED_p_TCGA_b122_128_SNP_N_GenomeWideSNP_6_D03_781822	X	150941619	152192161	763	0.0011
FOXED_p_TCGA_b122_128_SNP_N_GenomeWideSNP_6_D03_781822	X	152193050	152202514	14	-0.6098
FOXED_p_TCGA_b122_128_SNP_N_GenomeWideSNP_6_D03_781822	X	152202689	155182354	1185	0.0627
FOXED_p_TCGA_b122_128_SNP_N_GenomeWideSNP_6_D03_781822	Y	2650438	6101425	871	-2.0638
FOXED_p_TCGA_b122_128_SNP_N_GenomeWideSNP_6_D03_781822	Y	6107901	15590276	2706	-2.4162
FOXED_p_TCGA_b122_128_SNP_N_GenomeWideSNP_6_D03_781822	Y	15590342	15594523	3	-7.3612
FOXED_p_TCGA_b122_128_SNP_N_GenomeWideSNP_6_D03_781822	Y	15594889	28452016	4875	-2.4985
FOXED_p_TCGA_b122_128_SNP_N_GenomeWideSNP_6_D03_781822	Y	28457337	59018259	176	-2.0681
