Sample	Chromosome	Start	End	Num_Probes	Segment_Mean
HELVE_p_TCGA_b139_154_155_SNP_N_GenomeWideSNP_6_B07_808630	1	61735	2325634	465	-0.1477
HELVE_p_TCGA_b139_154_155_SNP_N_GenomeWideSNP_6_B07_808630	1	2326618	27424905	14457	-0.4167
HELVE_p_TCGA_b139_154_155_SNP_N_GenomeWideSNP_6_B07_808630	1	27433460	72756113	28067	-0.0755
HELVE_p_TCGA_b139_154_155_SNP_N_GenomeWideSNP_6_B07_808630	1	72756142	72768498	10	-0.7687
HELVE_p_TCGA_b139_154_155_SNP_N_GenomeWideSNP_6_B07_808630	1	72768916	72811148	46	0.8009
HELVE_p_TCGA_b139_154_155_SNP_N_GenomeWideSNP_6_B07_808630	1	72811904	104132359	20073	-0.108
HELVE_p_TCGA_b139_154_155_SNP_N_GenomeWideSNP_6_B07_808630	1	104155643	104268222	36	-0.9054
HELVE_p_TCGA_b139_154_155_SNP_N_GenomeWideSNP_6_B07_808630	1	104303403	106013376	918	-0.1158
HELVE_p_TCGA_b139_154_155_SNP_N_GenomeWideSNP_6_B07_808630	1	106019205	106024090	20	0.4669
HELVE_p_TCGA_b139_154_155_SNP_N_GenomeWideSNP_6_B07_808630	1	106024137	106049490	28	0.0339
HELVE_p_TCGA_b139_154_155_SNP_N_GenomeWideSNP_6_B07_808630	1	106052011	106064036	9	0.4465
HELVE_p_TCGA_b139_154_155_SNP_N_GenomeWideSNP_6_B07_808630	1	106064220	108729759	1901	-0.0922
HELVE_p_TCGA_b139_154_155_SNP_N_GenomeWideSNP_6_B07_808630	1	108734235	108737496	3	-1.1399
HELVE_p_TCGA_b139_154_155_SNP_N_GenomeWideSNP_6_B07_808630	1	108739104	110227515	725	-0.0686
HELVE_p_TCGA_b139_154_155_SNP_N_GenomeWideSNP_6_B07_808630	1	110232974	110240178	17	-0.9807
HELVE_p_TCGA_b139_154_155_SNP_N_GenomeWideSNP_6_B07_808630	1	110242953	112696087	1957	-0.0786
HELVE_p_TCGA_b139_154_155_SNP_N_GenomeWideSNP_6_B07_808630	1	112696193	112706082	27	0.3049
HELVE_p_TCGA_b139_154_155_SNP_N_GenomeWideSNP_6_B07_808630	1	112706118	121343796	5175	-0.0885
HELVE_p_TCGA_b139_154_155_SNP_N_GenomeWideSNP_6_B07_808630	1	121355881	152759678	3065	0.3628
HELVE_p_TCGA_b139_154_155_SNP_N_GenomeWideSNP_6_B07_808630	1	152761923	152768700	37	-0.0818
HELVE_p_TCGA_b139_154_155_SNP_N_GenomeWideSNP_6_B07_808630	1	152773905	169216937	11341	0.388
HELVE_p_TCGA_b139_154_155_SNP_N_GenomeWideSNP_6_B07_808630	1	169233974	169241766	7	1.1736
HELVE_p_TCGA_b139_154_155_SNP_N_GenomeWideSNP_6_B07_808630	1	169242401	210071062	27118	0.3742
HELVE_p_TCGA_b139_154_155_SNP_N_GenomeWideSNP_6_B07_808630	1	210081613	210082065	2	-1.709
HELVE_p_TCGA_b139_154_155_SNP_N_GenomeWideSNP_6_B07_808630	1	210083984	249224388	27122	0.3798
HELVE_p_TCGA_b139_154_155_SNP_N_GenomeWideSNP_6_B07_808630	2	12784	4205687	2990	-0.1068
HELVE_p_TCGA_b139_154_155_SNP_N_GenomeWideSNP_6_B07_808630	2	4213864	4224019	42	0.3079
HELVE_p_TCGA_b139_154_155_SNP_N_GenomeWideSNP_6_B07_808630	2	4230062	34691069	21071	-0.0842
HELVE_p_TCGA_b139_154_155_SNP_N_GenomeWideSNP_6_B07_808630	2	34699315	34737057	46	-0.512
HELVE_p_TCGA_b139_154_155_SNP_N_GenomeWideSNP_6_B07_808630	2	34737163	41238235	4825	-0.0857
HELVE_p_TCGA_b139_154_155_SNP_N_GenomeWideSNP_6_B07_808630	2	41238443	41243339	19	-0.5019
HELVE_p_TCGA_b139_154_155_SNP_N_GenomeWideSNP_6_B07_808630	2	41243427	64038711	15439	-0.0834
HELVE_p_TCGA_b139_154_155_SNP_N_GenomeWideSNP_6_B07_808630	2	64046961	64047608	2	-4.5865
HELVE_p_TCGA_b139_154_155_SNP_N_GenomeWideSNP_6_B07_808630	2	64047944	64053562	2	-1.7945
HELVE_p_TCGA_b139_154_155_SNP_N_GenomeWideSNP_6_B07_808630	2	64054777	76551849	8122	-0.0815
HELVE_p_TCGA_b139_154_155_SNP_N_GenomeWideSNP_6_B07_808630	2	76552277	76569497	23	0.2766
HELVE_p_TCGA_b139_154_155_SNP_N_GenomeWideSNP_6_B07_808630	2	76570153	87128201	6647	-0.1001
HELVE_p_TCGA_b139_154_155_SNP_N_GenomeWideSNP_6_B07_808630	2	87129203	87309263	14	-0.7028
HELVE_p_TCGA_b139_154_155_SNP_N_GenomeWideSNP_6_B07_808630	2	87309834	87761615	139	-0.1436
HELVE_p_TCGA_b139_154_155_SNP_N_GenomeWideSNP_6_B07_808630	2	87763297	87787148	8	-0.8105
HELVE_p_TCGA_b139_154_155_SNP_N_GenomeWideSNP_6_B07_808630	2	87788679	116530428	12682	-0.0838
HELVE_p_TCGA_b139_154_155_SNP_N_GenomeWideSNP_6_B07_808630	2	116532520	116583565	36	0.2454
HELVE_p_TCGA_b139_154_155_SNP_N_GenomeWideSNP_6_B07_808630	2	116583630	117585649	576	-0.0921
HELVE_p_TCGA_b139_154_155_SNP_N_GenomeWideSNP_6_B07_808630	2	117588586	117589853	3	-1.3233
HELVE_p_TCGA_b139_154_155_SNP_N_GenomeWideSNP_6_B07_808630	2	117591245	133009808	9271	-0.0814
HELVE_p_TCGA_b139_154_155_SNP_N_GenomeWideSNP_6_B07_808630	2	133012191	133115037	34	0.2953
HELVE_p_TCGA_b139_154_155_SNP_N_GenomeWideSNP_6_B07_808630	2	133117260	138058010	3436	-0.1051
HELVE_p_TCGA_b139_154_155_SNP_N_GenomeWideSNP_6_B07_808630	2	138062307	138063846	2	-1.5747
HELVE_p_TCGA_b139_154_155_SNP_N_GenomeWideSNP_6_B07_808630	2	138065590	153787485	9626	-0.1177
HELVE_p_TCGA_b139_154_155_SNP_N_GenomeWideSNP_6_B07_808630	2	153796068	153796784	3	-0.9863
HELVE_p_TCGA_b139_154_155_SNP_N_GenomeWideSNP_6_B07_808630	2	153800569	154471215	424	-0.0971
HELVE_p_TCGA_b139_154_155_SNP_N_GenomeWideSNP_6_B07_808630	2	154478253	154520320	38	-1.1225
HELVE_p_TCGA_b139_154_155_SNP_N_GenomeWideSNP_6_B07_808630	2	154525542	243089456	54462	-0.0941
HELVE_p_TCGA_b139_154_155_SNP_N_GenomeWideSNP_6_B07_808630	3	60345	89387101	60505	-0.0884
HELVE_p_TCGA_b139_154_155_SNP_N_GenomeWideSNP_6_B07_808630	3	89394592	89419381	51	-0.962
HELVE_p_TCGA_b139_154_155_SNP_N_GenomeWideSNP_6_B07_808630	3	89419921	110797082	10357	-0.1144
HELVE_p_TCGA_b139_154_155_SNP_N_GenomeWideSNP_6_B07_808630	3	110799092	110804812	4	-1.1985
HELVE_p_TCGA_b139_154_155_SNP_N_GenomeWideSNP_6_B07_808630	3	110807617	162137600	31715	-0.1004
HELVE_p_TCGA_b139_154_155_SNP_N_GenomeWideSNP_6_B07_808630	3	162137653	162142705	13	-0.8852
HELVE_p_TCGA_b139_154_155_SNP_N_GenomeWideSNP_6_B07_808630	3	162144248	162508178	258	-0.1055
HELVE_p_TCGA_b139_154_155_SNP_N_GenomeWideSNP_6_B07_808630	3	162508192	162626572	73	0.4051
HELVE_p_TCGA_b139_154_155_SNP_N_GenomeWideSNP_6_B07_808630	3	162626603	189360754	16675	-0.0941
HELVE_p_TCGA_b139_154_155_SNP_N_GenomeWideSNP_6_B07_808630	3	189363678	189364638	11	-0.7819
HELVE_p_TCGA_b139_154_155_SNP_N_GenomeWideSNP_6_B07_808630	3	189370988	192877902	2496	-0.0962
HELVE_p_TCGA_b139_154_155_SNP_N_GenomeWideSNP_6_B07_808630	3	192877962	192882903	19	-1.2029
HELVE_p_TCGA_b139_154_155_SNP_N_GenomeWideSNP_6_B07_808630	3	192886435	197896118	2706	-0.0691
HELVE_p_TCGA_b139_154_155_SNP_N_GenomeWideSNP_6_B07_808630	4	12281	5165055	2513	-0.0662
HELVE_p_TCGA_b139_154_155_SNP_N_GenomeWideSNP_6_B07_808630	4	5165075	5179702	11	-0.7915
HELVE_p_TCGA_b139_154_155_SNP_N_GenomeWideSNP_6_B07_808630	4	5181189	9456977	2722	-0.0626
HELVE_p_TCGA_b139_154_155_SNP_N_GenomeWideSNP_6_B07_808630	4	9461230	9486087	10	-0.8828
HELVE_p_TCGA_b139_154_155_SNP_N_GenomeWideSNP_6_B07_808630	4	9496294	10210194	542	-0.0849
HELVE_p_TCGA_b139_154_155_SNP_N_GenomeWideSNP_6_B07_808630	4	10210294	10229308	17	0.5676
HELVE_p_TCGA_b139_154_155_SNP_N_GenomeWideSNP_6_B07_808630	4	10229630	10239297	25	0.2395
HELVE_p_TCGA_b139_154_155_SNP_N_GenomeWideSNP_6_B07_808630	4	10240663	10392354	168	-0.0865
HELVE_p_TCGA_b139_154_155_SNP_N_GenomeWideSNP_6_B07_808630	4	10393154	10400668	15	-0.9313
HELVE_p_TCGA_b139_154_155_SNP_N_GenomeWideSNP_6_B07_808630	4	10402718	34779054	16801	-0.1105
HELVE_p_TCGA_b139_154_155_SNP_N_GenomeWideSNP_6_B07_808630	4	34786500	34824725	38	-2.0551
HELVE_p_TCGA_b139_154_155_SNP_N_GenomeWideSNP_6_B07_808630	4	34829872	49063660	8956	-0.0967
HELVE_p_TCGA_b139_154_155_SNP_N_GenomeWideSNP_6_B07_808630	4	49065981	49267848	24	-0.489
HELVE_p_TCGA_b139_154_155_SNP_N_GenomeWideSNP_6_B07_808630	4	49291192	69374955	10508	-0.1143
HELVE_p_TCGA_b139_154_155_SNP_N_GenomeWideSNP_6_B07_808630	4	69375160	69505115	64	-0.4093
HELVE_p_TCGA_b139_154_155_SNP_N_GenomeWideSNP_6_B07_808630	4	69506334	115173700	27736	-0.1058
HELVE_p_TCGA_b139_154_155_SNP_N_GenomeWideSNP_6_B07_808630	4	115175323	115182175	23	-1.1929
HELVE_p_TCGA_b139_154_155_SNP_N_GenomeWideSNP_6_B07_808630	4	115184229	125310929	6007	-0.1145
HELVE_p_TCGA_b139_154_155_SNP_N_GenomeWideSNP_6_B07_808630	4	125317272	125318289	2	-2.8512
HELVE_p_TCGA_b139_154_155_SNP_N_GenomeWideSNP_6_B07_808630	4	125318298	172369346	28703	-0.1122
HELVE_p_TCGA_b139_154_155_SNP_N_GenomeWideSNP_6_B07_808630	4	172374884	172375027	3	-1.7807
HELVE_p_TCGA_b139_154_155_SNP_N_GenomeWideSNP_6_B07_808630	4	172376974	172987928	405	-0.136
HELVE_p_TCGA_b139_154_155_SNP_N_GenomeWideSNP_6_B07_808630	4	172989148	172989533	12	0.6713
HELVE_p_TCGA_b139_154_155_SNP_N_GenomeWideSNP_6_B07_808630	4	172995979	179002314	3640	-0.1127
HELVE_p_TCGA_b139_154_155_SNP_N_GenomeWideSNP_6_B07_808630	4	179002710	179003327	2	-1.351
HELVE_p_TCGA_b139_154_155_SNP_N_GenomeWideSNP_6_B07_808630	4	179012357	191027923	8469	-0.0859
HELVE_p_TCGA_b139_154_155_SNP_N_GenomeWideSNP_6_B07_808630	5	15532	800686	342	0.1136
HELVE_p_TCGA_b139_154_155_SNP_N_GenomeWideSNP_6_B07_808630	5	800839	833628	23	0.5722
HELVE_p_TCGA_b139_154_155_SNP_N_GenomeWideSNP_6_B07_808630	5	852566	12800889	9853	0.1722
HELVE_p_TCGA_b139_154_155_SNP_N_GenomeWideSNP_6_B07_808630	5	12815780	12826650	11	-1.2436
HELVE_p_TCGA_b139_154_155_SNP_N_GenomeWideSNP_6_B07_808630	5	12833857	21449276	5542	0.1614
HELVE_p_TCGA_b139_154_155_SNP_N_GenomeWideSNP_6_B07_808630	5	21451200	21451998	4	-1.8946
HELVE_p_TCGA_b139_154_155_SNP_N_GenomeWideSNP_6_B07_808630	5	21452438	57321646	20103	0.1581
HELVE_p_TCGA_b139_154_155_SNP_N_GenomeWideSNP_6_B07_808630	5	57326027	57333533	32	1.7274
HELVE_p_TCGA_b139_154_155_SNP_N_GenomeWideSNP_6_B07_808630	5	57338357	126457615	42216	0.1554
HELVE_p_TCGA_b139_154_155_SNP_N_GenomeWideSNP_6_B07_808630	5	126458126	126458317	2	-1.2121
HELVE_p_TCGA_b139_154_155_SNP_N_GenomeWideSNP_6_B07_808630	5	126463639	127221705	454	0.1797
HELVE_p_TCGA_b139_154_155_SNP_N_GenomeWideSNP_6_B07_808630	5	127222644	127491386	159	-0.1186
HELVE_p_TCGA_b139_154_155_SNP_N_GenomeWideSNP_6_B07_808630	5	127491565	180378888	34164	0.1718
HELVE_p_TCGA_b139_154_155_SNP_N_GenomeWideSNP_6_B07_808630	5	180380203	180399373	5	1.2018
HELVE_p_TCGA_b139_154_155_SNP_N_GenomeWideSNP_6_B07_808630	5	180402764	180790320	183	0.1558
HELVE_p_TCGA_b139_154_155_SNP_N_GenomeWideSNP_6_B07_808630	6	149661	365138	192	0.1403
HELVE_p_TCGA_b139_154_155_SNP_N_GenomeWideSNP_6_B07_808630	6	365720	373453	3	-0.6688
HELVE_p_TCGA_b139_154_155_SNP_N_GenomeWideSNP_6_B07_808630	6	375277	26732406	20076	0.1781
HELVE_p_TCGA_b139_154_155_SNP_N_GenomeWideSNP_6_B07_808630	6	26737032	26768569	25	-0.309
HELVE_p_TCGA_b139_154_155_SNP_N_GenomeWideSNP_6_B07_808630	6	26773063	29837072	1439	0.1365
HELVE_p_TCGA_b139_154_155_SNP_N_GenomeWideSNP_6_B07_808630	6	29837187	29901576	37	0.7031
HELVE_p_TCGA_b139_154_155_SNP_N_GenomeWideSNP_6_B07_808630	6	29908469	32518769	1191	0.168
HELVE_p_TCGA_b139_154_155_SNP_N_GenomeWideSNP_6_B07_808630	6	32527284	32573771	12	-0.7388
HELVE_p_TCGA_b139_154_155_SNP_N_GenomeWideSNP_6_B07_808630	6	32574014	32624591	30	0.2741
HELVE_p_TCGA_b139_154_155_SNP_N_GenomeWideSNP_6_B07_808630	6	32625095	32626618	4	-1.5432
HELVE_p_TCGA_b139_154_155_SNP_N_GenomeWideSNP_6_B07_808630	6	32650612	32686196	37	0.1934
HELVE_p_TCGA_b139_154_155_SNP_N_GenomeWideSNP_6_B07_808630	6	32688615	32690812	10	0.8087
HELVE_p_TCGA_b139_154_155_SNP_N_GenomeWideSNP_6_B07_808630	6	32690830	33937999	762	0.2034
HELVE_p_TCGA_b139_154_155_SNP_N_GenomeWideSNP_6_B07_808630	6	33938743	33942705	7	-0.8483
HELVE_p_TCGA_b139_154_155_SNP_N_GenomeWideSNP_6_B07_808630	6	33944586	55825495	14140	0.1799
HELVE_p_TCGA_b139_154_155_SNP_N_GenomeWideSNP_6_B07_808630	6	55826155	55843329	9	-0.8018
HELVE_p_TCGA_b139_154_155_SNP_N_GenomeWideSNP_6_B07_808630	6	55843660	78949821	12058	0.1544
HELVE_p_TCGA_b139_154_155_SNP_N_GenomeWideSNP_6_B07_808630	6	78950227	79032592	123	0.4242
HELVE_p_TCGA_b139_154_155_SNP_N_GenomeWideSNP_6_B07_808630	6	79034940	134266268	34616	0.1513
HELVE_p_TCGA_b139_154_155_SNP_N_GenomeWideSNP_6_B07_808630	6	134269071	134269632	2	-2.2043
HELVE_p_TCGA_b139_154_155_SNP_N_GenomeWideSNP_6_B07_808630	6	134272072	146315689	7742	0.1562
HELVE_p_TCGA_b139_154_155_SNP_N_GenomeWideSNP_6_B07_808630	6	146316348	169546502	16488	-0.4645
HELVE_p_TCGA_b139_154_155_SNP_N_GenomeWideSNP_6_B07_808630	6	169548200	171051005	895	0.1542
HELVE_p_TCGA_b139_154_155_SNP_N_GenomeWideSNP_6_B07_808630	7	43355	3389090	1426	0.4199
HELVE_p_TCGA_b139_154_155_SNP_N_GenomeWideSNP_6_B07_808630	7	3395079	3395326	5	-0.8393
HELVE_p_TCGA_b139_154_155_SNP_N_GenomeWideSNP_6_B07_808630	7	3398760	54380373	37139	0.3856
HELVE_p_TCGA_b139_154_155_SNP_N_GenomeWideSNP_6_B07_808630	7	54386505	54386517	6	-1.739
HELVE_p_TCGA_b139_154_155_SNP_N_GenomeWideSNP_6_B07_808630	7	54393488	54535950	95	0.3383
HELVE_p_TCGA_b139_154_155_SNP_N_GenomeWideSNP_6_B07_808630	7	54540536	54540965	2	-1.0096
HELVE_p_TCGA_b139_154_155_SNP_N_GenomeWideSNP_6_B07_808630	7	54542464	55536085	900	0.38
HELVE_p_TCGA_b139_154_155_SNP_N_GenomeWideSNP_6_B07_808630	7	55538093	55538224	2	-1.4073
HELVE_p_TCGA_b139_154_155_SNP_N_GenomeWideSNP_6_B07_808630	7	55540132	66629240	2889	0.3456
HELVE_p_TCGA_b139_154_155_SNP_N_GenomeWideSNP_6_B07_808630	7	66629329	66669065	16	-0.2434
HELVE_p_TCGA_b139_154_155_SNP_N_GenomeWideSNP_6_B07_808630	7	66672116	68278965	1087	0.3923
HELVE_p_TCGA_b139_154_155_SNP_N_GenomeWideSNP_6_B07_808630	7	68279930	68399773	84	-0.051
HELVE_p_TCGA_b139_154_155_SNP_N_GenomeWideSNP_6_B07_808630	7	68406060	68417050	13	-0.5023
HELVE_p_TCGA_b139_154_155_SNP_N_GenomeWideSNP_6_B07_808630	7	68417983	70420438	1209	-0.0842
HELVE_p_TCGA_b139_154_155_SNP_N_GenomeWideSNP_6_B07_808630	7	70423250	70426141	2	-2.4627
HELVE_p_TCGA_b139_154_155_SNP_N_GenomeWideSNP_6_B07_808630	7	70428243	78031951	3334	-0.068
HELVE_p_TCGA_b139_154_155_SNP_N_GenomeWideSNP_6_B07_808630	7	78035001	97395460	12519	0.3678
HELVE_p_TCGA_b139_154_155_SNP_N_GenomeWideSNP_6_B07_808630	7	97395462	97402475	15	-1.9865
HELVE_p_TCGA_b139_154_155_SNP_N_GenomeWideSNP_6_B07_808630	7	97404240	102851598	2302	0.3994
HELVE_p_TCGA_b139_154_155_SNP_N_GenomeWideSNP_6_B07_808630	7	102852154	102855866	2	-0.9321
HELVE_p_TCGA_b139_154_155_SNP_N_GenomeWideSNP_6_B07_808630	7	102860156	109433798	4332	0.3758
HELVE_p_TCGA_b139_154_155_SNP_N_GenomeWideSNP_6_B07_808630	7	109437092	109440923	23	-0.0435
HELVE_p_TCGA_b139_154_155_SNP_N_GenomeWideSNP_6_B07_808630	7	109441212	109453982	13	-0.6073
HELVE_p_TCGA_b139_154_155_SNP_N_GenomeWideSNP_6_B07_808630	7	109454229	126045556	10036	0.3541
HELVE_p_TCGA_b139_154_155_SNP_N_GenomeWideSNP_6_B07_808630	7	126045651	126046615	10	1.4247
HELVE_p_TCGA_b139_154_155_SNP_N_GenomeWideSNP_6_B07_808630	7	126046876	141863005	10027	0.38
HELVE_p_TCGA_b139_154_155_SNP_N_GenomeWideSNP_6_B07_808630	7	141864170	141864499	2	-1.3201
HELVE_p_TCGA_b139_154_155_SNP_N_GenomeWideSNP_6_B07_808630	7	141866502	142474939	405	0.4216
HELVE_p_TCGA_b139_154_155_SNP_N_GenomeWideSNP_6_B07_808630	7	142476719	142486045	27	-2.2912
HELVE_p_TCGA_b139_154_155_SNP_N_GenomeWideSNP_6_B07_808630	7	142486115	143909445	843	0.3664
HELVE_p_TCGA_b139_154_155_SNP_N_GenomeWideSNP_6_B07_808630	7	143911624	144066947	39	0.7656
HELVE_p_TCGA_b139_154_155_SNP_N_GenomeWideSNP_6_B07_808630	7	144074929	159127004	9696	0.3897
HELVE_p_TCGA_b139_154_155_SNP_N_GenomeWideSNP_6_B07_808630	8	31254	595220	326	-0.9771
HELVE_p_TCGA_b139_154_155_SNP_N_GenomeWideSNP_6_B07_808630	8	595443	595908	7	0.5653
HELVE_p_TCGA_b139_154_155_SNP_N_GenomeWideSNP_6_B07_808630	8	601043	28661763	24090	-0.9289
HELVE_p_TCGA_b139_154_155_SNP_N_GenomeWideSNP_6_B07_808630	8	28666781	39230659	6233	0.1752
HELVE_p_TCGA_b139_154_155_SNP_N_GenomeWideSNP_6_B07_808630	8	39235603	39386965	59	-0.498
HELVE_p_TCGA_b139_154_155_SNP_N_GenomeWideSNP_6_B07_808630	8	39388299	51030772	4594	0.3141
HELVE_p_TCGA_b139_154_155_SNP_N_GenomeWideSNP_6_B07_808630	8	51032011	51032387	8	-1.7261
HELVE_p_TCGA_b139_154_155_SNP_N_GenomeWideSNP_6_B07_808630	8	51038578	112294466	37448	0.367
HELVE_p_TCGA_b139_154_155_SNP_N_GenomeWideSNP_6_B07_808630	8	112294646	112295260	7	-1.601
HELVE_p_TCGA_b139_154_155_SNP_N_GenomeWideSNP_6_B07_808630	8	112300281	144304632	22284	0.381
HELVE_p_TCGA_b139_154_155_SNP_N_GenomeWideSNP_6_B07_808630	8	144309755	144310617	10	-0.4451
HELVE_p_TCGA_b139_154_155_SNP_N_GenomeWideSNP_6_B07_808630	8	144314377	146298155	634	0.3967
HELVE_p_TCGA_b139_154_155_SNP_N_GenomeWideSNP_6_B07_808630	9	46587	602903	513	0.1912
HELVE_p_TCGA_b139_154_155_SNP_N_GenomeWideSNP_6_B07_808630	9	606699	606961	4	-2.3739
HELVE_p_TCGA_b139_154_155_SNP_N_GenomeWideSNP_6_B07_808630	9	607307	23361805	19937	0.1741
HELVE_p_TCGA_b139_154_155_SNP_N_GenomeWideSNP_6_B07_808630	9	23363115	23373484	8	1.1161
HELVE_p_TCGA_b139_154_155_SNP_N_GenomeWideSNP_6_B07_808630	9	23378488	24500840	797	0.1366
HELVE_p_TCGA_b139_154_155_SNP_N_GenomeWideSNP_6_B07_808630	9	24503816	24517682	20	-1.189
HELVE_p_TCGA_b139_154_155_SNP_N_GenomeWideSNP_6_B07_808630	9	24519684	44243434	10170	0.175
HELVE_p_TCGA_b139_154_155_SNP_N_GenomeWideSNP_6_B07_808630	9	44244880	44385979	13	-0.5525
HELVE_p_TCGA_b139_154_155_SNP_N_GenomeWideSNP_6_B07_808630	9	44396699	44469328	6	0.1667
HELVE_p_TCGA_b139_154_155_SNP_N_GenomeWideSNP_6_B07_808630	9	44629223	44855737	37	-1.0816
HELVE_p_TCGA_b139_154_155_SNP_N_GenomeWideSNP_6_B07_808630	9	44866028	90522594	14624	0.1627
HELVE_p_TCGA_b139_154_155_SNP_N_GenomeWideSNP_6_B07_808630	9	90554151	90554219	2	-1.3438
HELVE_p_TCGA_b139_154_155_SNP_N_GenomeWideSNP_6_B07_808630	9	90557957	123025656	23587	0.1766
HELVE_p_TCGA_b139_154_155_SNP_N_GenomeWideSNP_6_B07_808630	9	123026786	123026915	2	-1.1839
HELVE_p_TCGA_b139_154_155_SNP_N_GenomeWideSNP_6_B07_808630	9	123027960	141091394	10193	0.2107
HELVE_p_TCGA_b139_154_155_SNP_N_GenomeWideSNP_6_B07_808630	10	72759	46543857	31564	-0.0882
HELVE_p_TCGA_b139_154_155_SNP_N_GenomeWideSNP_6_B07_808630	10	46585050	47419711	177	-0.518
HELVE_p_TCGA_b139_154_155_SNP_N_GenomeWideSNP_6_B07_808630	10	47541189	47897394	193	-0.2043
HELVE_p_TCGA_b139_154_155_SNP_N_GenomeWideSNP_6_B07_808630	10	47912899	47948060	3	1.545
HELVE_p_TCGA_b139_154_155_SNP_N_GenomeWideSNP_6_B07_808630	10	47960476	56680277	5416	-0.1027
HELVE_p_TCGA_b139_154_155_SNP_N_GenomeWideSNP_6_B07_808630	10	56683090	56684037	2	-2.8766
HELVE_p_TCGA_b139_154_155_SNP_N_GenomeWideSNP_6_B07_808630	10	56687294	61172180	3186	-0.081
HELVE_p_TCGA_b139_154_155_SNP_N_GenomeWideSNP_6_B07_808630	10	61178458	61178813	2	-1.329
HELVE_p_TCGA_b139_154_155_SNP_N_GenomeWideSNP_6_B07_808630	10	61179157	61357856	144	-0.06
HELVE_p_TCGA_b139_154_155_SNP_N_GenomeWideSNP_6_B07_808630	10	61358267	61365264	9	-1.0765
HELVE_p_TCGA_b139_154_155_SNP_N_GenomeWideSNP_6_B07_808630	10	61365482	71275493	6600	-0.0939
HELVE_p_TCGA_b139_154_155_SNP_N_GenomeWideSNP_6_B07_808630	10	71282472	71282842	5	-1.4762
HELVE_p_TCGA_b139_154_155_SNP_N_GenomeWideSNP_6_B07_808630	10	71291614	81409226	6697	-0.0787
HELVE_p_TCGA_b139_154_155_SNP_N_GenomeWideSNP_6_B07_808630	10	81423240	81514190	11	-0.6398
HELVE_p_TCGA_b139_154_155_SNP_N_GenomeWideSNP_6_B07_808630	10	81523306	84406448	1986	-0.1121
HELVE_p_TCGA_b139_154_155_SNP_N_GenomeWideSNP_6_B07_808630	10	84410729	84431840	38	0.3547
HELVE_p_TCGA_b139_154_155_SNP_N_GenomeWideSNP_6_B07_808630	10	84432355	124334013	27082	-0.0895
HELVE_p_TCGA_b139_154_155_SNP_N_GenomeWideSNP_6_B07_808630	10	124341534	124346914	6	-1.1237
HELVE_p_TCGA_b139_154_155_SNP_N_GenomeWideSNP_6_B07_808630	10	124346978	135506704	7917	-0.091
HELVE_p_TCGA_b139_154_155_SNP_N_GenomeWideSNP_6_B07_808630	11	198510	5783395	3297	-0.0848
HELVE_p_TCGA_b139_154_155_SNP_N_GenomeWideSNP_6_B07_808630	11	5783682	5808376	33	0.2972
HELVE_p_TCGA_b139_154_155_SNP_N_GenomeWideSNP_6_B07_808630	11	5809048	55374048	31309	-0.0951
HELVE_p_TCGA_b139_154_155_SNP_N_GenomeWideSNP_6_B07_808630	11	55374188	55468524	63	0.3619
HELVE_p_TCGA_b139_154_155_SNP_N_GenomeWideSNP_6_B07_808630	11	55468553	85922442	17518	-0.0824
HELVE_p_TCGA_b139_154_155_SNP_N_GenomeWideSNP_6_B07_808630	11	85922462	85924380	2	-1.6667
HELVE_p_TCGA_b139_154_155_SNP_N_GenomeWideSNP_6_B07_808630	11	85927200	102591994	11721	-0.1145
HELVE_p_TCGA_b139_154_155_SNP_N_GenomeWideSNP_6_B07_808630	11	102592296	134196132	22492	-0.4507
HELVE_p_TCGA_b139_154_155_SNP_N_GenomeWideSNP_6_B07_808630	11	134200898	134944770	599	-0.1468
HELVE_p_TCGA_b139_154_155_SNP_N_GenomeWideSNP_6_B07_808630	12	150442	869198	419	-0.1247
HELVE_p_TCGA_b139_154_155_SNP_N_GenomeWideSNP_6_B07_808630	12	869263	874029	16	-1.909
HELVE_p_TCGA_b139_154_155_SNP_N_GenomeWideSNP_6_B07_808630	12	875354	2235889	830	-0.0795
HELVE_p_TCGA_b139_154_155_SNP_N_GenomeWideSNP_6_B07_808630	12	2245862	2257920	41	-1.9558
HELVE_p_TCGA_b139_154_155_SNP_N_GenomeWideSNP_6_B07_808630	12	2258023	9630556	4892	-0.085
HELVE_p_TCGA_b139_154_155_SNP_N_GenomeWideSNP_6_B07_808630	12	9633870	9728292	25	-0.8362
HELVE_p_TCGA_b139_154_155_SNP_N_GenomeWideSNP_6_B07_808630	12	9734969	10580460	635	-0.1154
HELVE_p_TCGA_b139_154_155_SNP_N_GenomeWideSNP_6_B07_808630	12	10583367	10586795	2	-1.9394
HELVE_p_TCGA_b139_154_155_SNP_N_GenomeWideSNP_6_B07_808630	12	10587320	11215372	404	-0.08
HELVE_p_TCGA_b139_154_155_SNP_N_GenomeWideSNP_6_B07_808630	12	11216849	11241532	14	-1.1009
HELVE_p_TCGA_b139_154_155_SNP_N_GenomeWideSNP_6_B07_808630	12	11251874	27343183	11172	-0.1052
HELVE_p_TCGA_b139_154_155_SNP_N_GenomeWideSNP_6_B07_808630	12	27343226	27343426	2	-2.3028
HELVE_p_TCGA_b139_154_155_SNP_N_GenomeWideSNP_6_B07_808630	12	27346332	30396544	2319	-0.0899
HELVE_p_TCGA_b139_154_155_SNP_N_GenomeWideSNP_6_B07_808630	12	30396571	30397029	3	-1.9492
HELVE_p_TCGA_b139_154_155_SNP_N_GenomeWideSNP_6_B07_808630	12	30397582	45899825	7729	-0.1015
HELVE_p_TCGA_b139_154_155_SNP_N_GenomeWideSNP_6_B07_808630	12	45904438	45909537	4	1.1997
HELVE_p_TCGA_b139_154_155_SNP_N_GenomeWideSNP_6_B07_808630	12	45913292	90483350	27270	-0.1039
HELVE_p_TCGA_b139_154_155_SNP_N_GenomeWideSNP_6_B07_808630	12	90491669	90492074	7	-1.0814
HELVE_p_TCGA_b139_154_155_SNP_N_GenomeWideSNP_6_B07_808630	12	90493557	91410596	603	-0.1259
HELVE_p_TCGA_b139_154_155_SNP_N_GenomeWideSNP_6_B07_808630	12	91413913	91414108	2	-1.8917
HELVE_p_TCGA_b139_154_155_SNP_N_GenomeWideSNP_6_B07_808630	12	91416521	97875669	4530	-0.1088
HELVE_p_TCGA_b139_154_155_SNP_N_GenomeWideSNP_6_B07_808630	12	97875693	97877688	6	-1.0649
HELVE_p_TCGA_b139_154_155_SNP_N_GenomeWideSNP_6_B07_808630	12	97878411	133778189	24087	-0.0916
HELVE_p_TCGA_b139_154_155_SNP_N_GenomeWideSNP_6_B07_808630	13	19026949	19368654	75	0.334
HELVE_p_TCGA_b139_154_155_SNP_N_GenomeWideSNP_6_B07_808630	13	19368692	19369592	8	-0.5295
HELVE_p_TCGA_b139_154_155_SNP_N_GenomeWideSNP_6_B07_808630	13	19395638	20121459	483	0.3592
HELVE_p_TCGA_b139_154_155_SNP_N_GenomeWideSNP_6_B07_808630	13	20123895	20123910	2	-1.8749
HELVE_p_TCGA_b139_154_155_SNP_N_GenomeWideSNP_6_B07_808630	13	20124501	25039590	3486	0.3946
HELVE_p_TCGA_b139_154_155_SNP_N_GenomeWideSNP_6_B07_808630	13	25039595	25039598	2	-1.2138
HELVE_p_TCGA_b139_154_155_SNP_N_GenomeWideSNP_6_B07_808630	13	25039678	38071135	9503	0.3784
HELVE_p_TCGA_b139_154_155_SNP_N_GenomeWideSNP_6_B07_808630	13	38072036	38084757	16	1.2266
HELVE_p_TCGA_b139_154_155_SNP_N_GenomeWideSNP_6_B07_808630	13	38088330	51061044	8780	0.376
HELVE_p_TCGA_b139_154_155_SNP_N_GenomeWideSNP_6_B07_808630	13	51069892	51075385	4	-0.5935
HELVE_p_TCGA_b139_154_155_SNP_N_GenomeWideSNP_6_B07_808630	13	51076380	67509673	9650	0.3577
HELVE_p_TCGA_b139_154_155_SNP_N_GenomeWideSNP_6_B07_808630	13	67509992	67510345	2	-0.9432
HELVE_p_TCGA_b139_154_155_SNP_N_GenomeWideSNP_6_B07_808630	13	67510457	72476988	3131	0.3421
HELVE_p_TCGA_b139_154_155_SNP_N_GenomeWideSNP_6_B07_808630	13	72477555	72480556	4	1.7199
HELVE_p_TCGA_b139_154_155_SNP_N_GenomeWideSNP_6_B07_808630	13	72480605	106316207	22943	0.3636
HELVE_p_TCGA_b139_154_155_SNP_N_GenomeWideSNP_6_B07_808630	13	106316825	106316978	4	-0.6607
HELVE_p_TCGA_b139_154_155_SNP_N_GenomeWideSNP_6_B07_808630	13	106319372	115108397	6191	0.3974
HELVE_p_TCGA_b139_154_155_SNP_N_GenomeWideSNP_6_B07_808630	14	19002124	19422533	29	0.0715
HELVE_p_TCGA_b139_154_155_SNP_N_GenomeWideSNP_6_B07_808630	14	19432799	19620051	17	-0.507
HELVE_p_TCGA_b139_154_155_SNP_N_GenomeWideSNP_6_B07_808630	14	19660853	19706758	6	-1.4165
HELVE_p_TCGA_b139_154_155_SNP_N_GenomeWideSNP_6_B07_808630	14	19731410	20423372	138	-0.4484
HELVE_p_TCGA_b139_154_155_SNP_N_GenomeWideSNP_6_B07_808630	14	20424926	26783915	4375	-0.0657
HELVE_p_TCGA_b139_154_155_SNP_N_GenomeWideSNP_6_B07_808630	14	26783916	26783917	2	-1.7809
HELVE_p_TCGA_b139_154_155_SNP_N_GenomeWideSNP_6_B07_808630	14	26783918	70012801	27106	-0.0937
HELVE_p_TCGA_b139_154_155_SNP_N_GenomeWideSNP_6_B07_808630	14	70013137	70022467	16	-0.7022
HELVE_p_TCGA_b139_154_155_SNP_N_GenomeWideSNP_6_B07_808630	14	70022713	86286312	10805	-0.0988
HELVE_p_TCGA_b139_154_155_SNP_N_GenomeWideSNP_6_B07_808630	14	86286452	86312173	14	-1.6115
HELVE_p_TCGA_b139_154_155_SNP_N_GenomeWideSNP_6_B07_808630	14	86316135	106460902	12599	-0.0799
HELVE_p_TCGA_b139_154_155_SNP_N_GenomeWideSNP_6_B07_808630	14	106479675	106482296	4	1.0271
HELVE_p_TCGA_b139_154_155_SNP_N_GenomeWideSNP_6_B07_808630	14	106487040	107285437	453	-0.0982
HELVE_p_TCGA_b139_154_155_SNP_N_GenomeWideSNP_6_B07_808630	15	20016328	20246372	51	-0.0627
HELVE_p_TCGA_b139_154_155_SNP_N_GenomeWideSNP_6_B07_808630	15	20247155	20585988	55	-0.6217
HELVE_p_TCGA_b139_154_155_SNP_N_GenomeWideSNP_6_B07_808630	15	20586090	20590042	13	-1.2568
HELVE_p_TCGA_b139_154_155_SNP_N_GenomeWideSNP_6_B07_808630	15	20590160	22673399	304	-0.5102
HELVE_p_TCGA_b139_154_155_SNP_N_GenomeWideSNP_6_B07_808630	15	22681076	29411991	4017	-0.0972
HELVE_p_TCGA_b139_154_155_SNP_N_GenomeWideSNP_6_B07_808630	15	29412047	29447049	36	-0.429
HELVE_p_TCGA_b139_154_155_SNP_N_GenomeWideSNP_6_B07_808630	15	29449031	31108675	800	-0.0758
HELVE_p_TCGA_b139_154_155_SNP_N_GenomeWideSNP_6_B07_808630	15	31108789	31110543	2	-1.6135
HELVE_p_TCGA_b139_154_155_SNP_N_GenomeWideSNP_6_B07_808630	15	31113364	55457024	15540	-0.0785
HELVE_p_TCGA_b139_154_155_SNP_N_GenomeWideSNP_6_B07_808630	15	55457178	55460251	3	-1.2824
HELVE_p_TCGA_b139_154_155_SNP_N_GenomeWideSNP_6_B07_808630	15	55464923	56543422	580	-0.0938
HELVE_p_TCGA_b139_154_155_SNP_N_GenomeWideSNP_6_B07_808630	15	56543546	56549731	5	-1.2563
HELVE_p_TCGA_b139_154_155_SNP_N_GenomeWideSNP_6_B07_808630	15	56553590	58081272	1015	-0.0869
HELVE_p_TCGA_b139_154_155_SNP_N_GenomeWideSNP_6_B07_808630	15	58081846	58083428	3	-1.5848
HELVE_p_TCGA_b139_154_155_SNP_N_GenomeWideSNP_6_B07_808630	15	58088391	76878362	11913	-0.0686
HELVE_p_TCGA_b139_154_155_SNP_N_GenomeWideSNP_6_B07_808630	15	76891241	76895775	22	-1.7402
HELVE_p_TCGA_b139_154_155_SNP_N_GenomeWideSNP_6_B07_808630	15	76902179	102469040	17672	-0.0866
HELVE_p_TCGA_b139_154_155_SNP_N_GenomeWideSNP_6_B07_808630	16	60777	85827	4	-0.13
HELVE_p_TCGA_b139_154_155_SNP_N_GenomeWideSNP_6_B07_808630	16	86125	6356187	3498	0.3429
HELVE_p_TCGA_b139_154_155_SNP_N_GenomeWideSNP_6_B07_808630	16	6356690	6479031	155	-0.2302
HELVE_p_TCGA_b139_154_155_SNP_N_GenomeWideSNP_6_B07_808630	16	6481458	6488116	11	-0.7434
HELVE_p_TCGA_b139_154_155_SNP_N_GenomeWideSNP_6_B07_808630	16	6489159	6626535	166	-1.809
HELVE_p_TCGA_b139_154_155_SNP_N_GenomeWideSNP_6_B07_808630	16	6627412	6730189	140	-0.561
HELVE_p_TCGA_b139_154_155_SNP_N_GenomeWideSNP_6_B07_808630	16	6730941	6772948	64	-1.1955
HELVE_p_TCGA_b139_154_155_SNP_N_GenomeWideSNP_6_B07_808630	16	6773808	6787031	32	-0.6739
HELVE_p_TCGA_b139_154_155_SNP_N_GenomeWideSNP_6_B07_808630	16	6787408	6838956	88	-1.49
HELVE_p_TCGA_b139_154_155_SNP_N_GenomeWideSNP_6_B07_808630	16	6840765	6969295	140	-0.5701
HELVE_p_TCGA_b139_154_155_SNP_N_GenomeWideSNP_6_B07_808630	16	6969671	7004136	27	-0.0293
HELVE_p_TCGA_b139_154_155_SNP_N_GenomeWideSNP_6_B07_808630	16	7004722	7012472	10	-0.5635
HELVE_p_TCGA_b139_154_155_SNP_N_GenomeWideSNP_6_B07_808630	16	7013200	7514268	653	0.0205
HELVE_p_TCGA_b139_154_155_SNP_N_GenomeWideSNP_6_B07_808630	16	7514441	22441974	9855	0.4132
HELVE_p_TCGA_b139_154_155_SNP_N_GenomeWideSNP_6_B07_808630	16	22442020	22558997	4	-0.6605
HELVE_p_TCGA_b139_154_155_SNP_N_GenomeWideSNP_6_B07_808630	16	22559057	33101604	5391	0.4536
HELVE_p_TCGA_b139_154_155_SNP_N_GenomeWideSNP_6_B07_808630	16	33241953	33304629	3	1.4532
HELVE_p_TCGA_b139_154_155_SNP_N_GenomeWideSNP_6_B07_808630	16	33336217	33423063	13	0.3938
HELVE_p_TCGA_b139_154_155_SNP_N_GenomeWideSNP_6_B07_808630	16	33432160	33644292	77	0.8249
HELVE_p_TCGA_b139_154_155_SNP_N_GenomeWideSNP_6_B07_808630	16	33645338	52638503	4413	0.4576
HELVE_p_TCGA_b139_154_155_SNP_N_GenomeWideSNP_6_B07_808630	16	52641960	55450713	2255	-0.3537
HELVE_p_TCGA_b139_154_155_SNP_N_GenomeWideSNP_6_B07_808630	16	55451617	55451905	3	0.9284
HELVE_p_TCGA_b139_154_155_SNP_N_GenomeWideSNP_6_B07_808630	16	55452015	55795214	310	-0.3564
HELVE_p_TCGA_b139_154_155_SNP_N_GenomeWideSNP_6_B07_808630	16	55796389	55816646	18	-2.9238
HELVE_p_TCGA_b139_154_155_SNP_N_GenomeWideSNP_6_B07_808630	16	55816705	55829590	6	-0.7741
HELVE_p_TCGA_b139_154_155_SNP_N_GenomeWideSNP_6_B07_808630	16	55842354	55858793	14	0.3377
HELVE_p_TCGA_b139_154_155_SNP_N_GenomeWideSNP_6_B07_808630	16	55868439	60553311	2926	-0.3492
HELVE_p_TCGA_b139_154_155_SNP_N_GenomeWideSNP_6_B07_808630	16	60555538	60571219	9	-2.0356
HELVE_p_TCGA_b139_154_155_SNP_N_GenomeWideSNP_6_B07_808630	16	60574394	70854381	6093	-0.3494
HELVE_p_TCGA_b139_154_155_SNP_N_GenomeWideSNP_6_B07_808630	16	70855202	71201073	138	0.0633
HELVE_p_TCGA_b139_154_155_SNP_N_GenomeWideSNP_6_B07_808630	16	71202489	90287535	15874	-0.3594
HELVE_p_TCGA_b139_154_155_SNP_N_GenomeWideSNP_6_B07_808630	17	526	18824701	11573	-0.427
HELVE_p_TCGA_b139_154_155_SNP_N_GenomeWideSNP_6_B07_808630	17	18825363	34436532	6794	-0.0734
HELVE_p_TCGA_b139_154_155_SNP_N_GenomeWideSNP_6_B07_808630	17	34436708	34528125	39	0.5627
HELVE_p_TCGA_b139_154_155_SNP_N_GenomeWideSNP_6_B07_808630	17	34535651	39421708	2540	-0.0675
HELVE_p_TCGA_b139_154_155_SNP_N_GenomeWideSNP_6_B07_808630	17	39423014	39430450	23	1.2702
HELVE_p_TCGA_b139_154_155_SNP_N_GenomeWideSNP_6_B07_808630	17	39430531	41432265	1110	-0.055
HELVE_p_TCGA_b139_154_155_SNP_N_GenomeWideSNP_6_B07_808630	17	41438590	41443704	4	-1.1015
HELVE_p_TCGA_b139_154_155_SNP_N_GenomeWideSNP_6_B07_808630	17	41445145	44201388	1426	-0.0885
HELVE_p_TCGA_b139_154_155_SNP_N_GenomeWideSNP_6_B07_808630	17	44201438	44408674	103	-0.5002
HELVE_p_TCGA_b139_154_155_SNP_N_GenomeWideSNP_6_B07_808630	17	44428681	57865479	8193	-0.0779
HELVE_p_TCGA_b139_154_155_SNP_N_GenomeWideSNP_6_B07_808630	17	57869746	57870935	2	-1.962
HELVE_p_TCGA_b139_154_155_SNP_N_GenomeWideSNP_6_B07_808630	17	57872848	81049726	13463	-0.0746
HELVE_p_TCGA_b139_154_155_SNP_N_GenomeWideSNP_6_B07_808630	18	11543	38258705	22797	-0.4238
HELVE_p_TCGA_b139_154_155_SNP_N_GenomeWideSNP_6_B07_808630	18	38258727	38260480	6	-0.0256
HELVE_p_TCGA_b139_154_155_SNP_N_GenomeWideSNP_6_B07_808630	18	38260490	38265389	14	0.3085
HELVE_p_TCGA_b139_154_155_SNP_N_GenomeWideSNP_6_B07_808630	18	38268024	42802381	2948	-0.415
HELVE_p_TCGA_b139_154_155_SNP_N_GenomeWideSNP_6_B07_808630	18	42802400	42803829	3	-1.9602
HELVE_p_TCGA_b139_154_155_SNP_N_GenomeWideSNP_6_B07_808630	18	42804525	63200037	14149	-0.4273
HELVE_p_TCGA_b139_154_155_SNP_N_GenomeWideSNP_6_B07_808630	18	63200045	63207257	26	0.2667
HELVE_p_TCGA_b139_154_155_SNP_N_GenomeWideSNP_6_B07_808630	18	63207273	78015057	10780	-0.4262
HELVE_p_TCGA_b139_154_155_SNP_N_GenomeWideSNP_6_B07_808630	19	90910	52142615	24941	-0.064
HELVE_p_TCGA_b139_154_155_SNP_N_GenomeWideSNP_6_B07_808630	19	52142930	52148197	9	-0.9539
HELVE_p_TCGA_b139_154_155_SNP_N_GenomeWideSNP_6_B07_808630	19	52154905	54722275	1753	-0.0876
HELVE_p_TCGA_b139_154_155_SNP_N_GenomeWideSNP_6_B07_808630	19	54730202	54741319	17	0.9783
HELVE_p_TCGA_b139_154_155_SNP_N_GenomeWideSNP_6_B07_808630	19	54753340	59097854	2614	-0.08
HELVE_p_TCGA_b139_154_155_SNP_N_GenomeWideSNP_6_B07_808630	20	61305	65300	17	0.1364
HELVE_p_TCGA_b139_154_155_SNP_N_GenomeWideSNP_6_B07_808630	20	65557	1557236	1172	0.5792
HELVE_p_TCGA_b139_154_155_SNP_N_GenomeWideSNP_6_B07_808630	20	1557512	1560999	18	0.8706
HELVE_p_TCGA_b139_154_155_SNP_N_GenomeWideSNP_6_B07_808630	20	1561580	1593893	41	2.1698
HELVE_p_TCGA_b139_154_155_SNP_N_GenomeWideSNP_6_B07_808630	20	1597946	52644868	33753	0.5794
HELVE_p_TCGA_b139_154_155_SNP_N_GenomeWideSNP_6_B07_808630	20	52647808	52658651	38	-0.4093
HELVE_p_TCGA_b139_154_155_SNP_N_GenomeWideSNP_6_B07_808630	20	52662574	62956153	7462	0.5958
HELVE_p_TCGA_b139_154_155_SNP_N_GenomeWideSNP_6_B07_808630	21	10736871	38152310	17115	0.1446
HELVE_p_TCGA_b139_154_155_SNP_N_GenomeWideSNP_6_B07_808630	21	38153080	38252284	73	-0.3774
HELVE_p_TCGA_b139_154_155_SNP_N_GenomeWideSNP_6_B07_808630	21	38259572	48096957	7209	0.1916
HELVE_p_TCGA_b139_154_155_SNP_N_GenomeWideSNP_6_B07_808630	22	16052528	21804899	2869	-0.4694
HELVE_p_TCGA_b139_154_155_SNP_N_GenomeWideSNP_6_B07_808630	22	21806401	21845355	27	0.0465
HELVE_p_TCGA_b139_154_155_SNP_N_GenomeWideSNP_6_B07_808630	22	21917153	24321273	1707	-0.4657
HELVE_p_TCGA_b139_154_155_SNP_N_GenomeWideSNP_6_B07_808630	22	24324873	24331967	5	-2.1209
HELVE_p_TCGA_b139_154_155_SNP_N_GenomeWideSNP_6_B07_808630	22	24332625	24344422	5	-0.5858
HELVE_p_TCGA_b139_154_155_SNP_N_GenomeWideSNP_6_B07_808630	22	24350529	24396814	19	0.2295
HELVE_p_TCGA_b139_154_155_SNP_N_GenomeWideSNP_6_B07_808630	22	24401529	37742992	10036	-0.4238
HELVE_p_TCGA_b139_154_155_SNP_N_GenomeWideSNP_6_B07_808630	22	37748729	37749613	2	-2.9138
HELVE_p_TCGA_b139_154_155_SNP_N_GenomeWideSNP_6_B07_808630	22	37749946	40793260	1526	-0.4093
HELVE_p_TCGA_b139_154_155_SNP_N_GenomeWideSNP_6_B07_808630	22	40794590	40794820	2	-2.9981
HELVE_p_TCGA_b139_154_155_SNP_N_GenomeWideSNP_6_B07_808630	22	40797672	41145604	159	-0.3915
HELVE_p_TCGA_b139_154_155_SNP_N_GenomeWideSNP_6_B07_808630	22	41147325	41152031	3	-2.291
HELVE_p_TCGA_b139_154_155_SNP_N_GenomeWideSNP_6_B07_808630	22	41153176	51234455	7142	-0.44
HELVE_p_TCGA_b139_154_155_SNP_N_GenomeWideSNP_6_B07_808630	X	168477	5158364	1895	-0.0098
HELVE_p_TCGA_b139_154_155_SNP_N_GenomeWideSNP_6_B07_808630	X	5160947	5166200	5	-1.5232
HELVE_p_TCGA_b139_154_155_SNP_N_GenomeWideSNP_6_B07_808630	X	5170159	15130944	7319	-0.0166
HELVE_p_TCGA_b139_154_155_SNP_N_GenomeWideSNP_6_B07_808630	X	15133841	15629441	358	0.9646
HELVE_p_TCGA_b139_154_155_SNP_N_GenomeWideSNP_6_B07_808630	X	15631020	76349873	30317	0.0257
HELVE_p_TCGA_b139_154_155_SNP_N_GenomeWideSNP_6_B07_808630	X	76353650	76545159	19	0.7774
HELVE_p_TCGA_b139_154_155_SNP_N_GenomeWideSNP_6_B07_808630	X	76546512	103257989	14142	0.0217
HELVE_p_TCGA_b139_154_155_SNP_N_GenomeWideSNP_6_B07_808630	X	103259181	103305358	58	0.8015
HELVE_p_TCGA_b139_154_155_SNP_N_GenomeWideSNP_6_B07_808630	X	103311747	155182354	29955	0.0012
HELVE_p_TCGA_b139_154_155_SNP_N_GenomeWideSNP_6_B07_808630	Y	2650438	6107901	873	-1.8699
HELVE_p_TCGA_b139_154_155_SNP_N_GenomeWideSNP_6_B07_808630	Y	6110498	14194495	2023	-2.1235
HELVE_p_TCGA_b139_154_155_SNP_N_GenomeWideSNP_6_B07_808630	Y	14197867	14197977	3	-5.91
HELVE_p_TCGA_b139_154_155_SNP_N_GenomeWideSNP_6_B07_808630	Y	14198562	15590276	679	-2.0672
HELVE_p_TCGA_b139_154_155_SNP_N_GenomeWideSNP_6_B07_808630	Y	15590342	15591537	2	-7.6439
HELVE_p_TCGA_b139_154_155_SNP_N_GenomeWideSNP_6_B07_808630	Y	15594523	19370828	1978	-2.0881
HELVE_p_TCGA_b139_154_155_SNP_N_GenomeWideSNP_6_B07_808630	Y	19370916	19372700	4	-5.1895
HELVE_p_TCGA_b139_154_155_SNP_N_GenomeWideSNP_6_B07_808630	Y	19372740	19584800	106	-2.081
HELVE_p_TCGA_b139_154_155_SNP_N_GenomeWideSNP_6_B07_808630	Y	19585097	21095548	705	-2.2854
HELVE_p_TCGA_b139_154_155_SNP_N_GenomeWideSNP_6_B07_808630	Y	21096809	21726325	263	-2.0971
HELVE_p_TCGA_b139_154_155_SNP_N_GenomeWideSNP_6_B07_808630	Y	21726388	21730257	2	-7.5751
HELVE_p_TCGA_b139_154_155_SNP_N_GenomeWideSNP_6_B07_808630	Y	21730587	28438116	1812	-2.1482
HELVE_p_TCGA_b139_154_155_SNP_N_GenomeWideSNP_6_B07_808630	Y	28438543	28758307	164	-1.8823
HELVE_p_TCGA_b139_154_155_SNP_N_GenomeWideSNP_6_B07_808630	Y	28758772	28782093	12	-2.578
HELVE_p_TCGA_b139_154_155_SNP_N_GenomeWideSNP_6_B07_808630	Y	28782783	59018259	6	-1.5363
