Sample	Chromosome	Start	End	Num_Probes	Segment_Mean
FOXED_p_TCGA_b122_128_SNP_N_GenomeWideSNP_6_C04_781910	1	61735	11981530	6060	-0.0799
FOXED_p_TCGA_b122_128_SNP_N_GenomeWideSNP_6_C04_781910	1	11991515	11993010	3	-1.0671
FOXED_p_TCGA_b122_128_SNP_N_GenomeWideSNP_6_C04_781910	1	12003702	16153497	2345	-0.0546
FOXED_p_TCGA_b122_128_SNP_N_GenomeWideSNP_6_C04_781910	1	16153536	16153925	5	0.8204
FOXED_p_TCGA_b122_128_SNP_N_GenomeWideSNP_6_C04_781910	1	16154201	25583341	5739	-0.0443
FOXED_p_TCGA_b122_128_SNP_N_GenomeWideSNP_6_C04_781910	1	25593128	25663310	32	0.5177
FOXED_p_TCGA_b122_128_SNP_N_GenomeWideSNP_6_C04_781910	1	25663344	30923061	2546	-0.052
FOXED_p_TCGA_b122_128_SNP_N_GenomeWideSNP_6_C04_781910	1	30923171	30925285	5	-1.2913
FOXED_p_TCGA_b122_128_SNP_N_GenomeWideSNP_6_C04_781910	1	30925560	39070486	4590	-0.0532
FOXED_p_TCGA_b122_128_SNP_N_GenomeWideSNP_6_C04_781910	1	39070541	39070561	2	-3.1912
FOXED_p_TCGA_b122_128_SNP_N_GenomeWideSNP_6_C04_781910	1	39070859	58719909	11881	-0.0479
FOXED_p_TCGA_b122_128_SNP_N_GenomeWideSNP_6_C04_781910	1	58723558	58733326	13	0.5046
FOXED_p_TCGA_b122_128_SNP_N_GenomeWideSNP_6_C04_781910	1	58742470	72750353	9803	-0.0411
FOXED_p_TCGA_b122_128_SNP_N_GenomeWideSNP_6_C04_781910	1	72756113	72763370	9	-0.881
FOXED_p_TCGA_b122_128_SNP_N_GenomeWideSNP_6_C04_781910	1	72768418	75269284	1553	-0.033
FOXED_p_TCGA_b122_128_SNP_N_GenomeWideSNP_6_C04_781910	1	75271072	75273866	2	-1.0861
FOXED_p_TCGA_b122_128_SNP_N_GenomeWideSNP_6_C04_781910	1	75273987	76050844	423	-0.0481
FOXED_p_TCGA_b122_128_SNP_N_GenomeWideSNP_6_C04_781910	1	76054763	76054854	2	-2.7931
FOXED_p_TCGA_b122_128_SNP_N_GenomeWideSNP_6_C04_781910	1	76059509	104157336	18154	-0.0394
FOXED_p_TCGA_b122_128_SNP_N_GenomeWideSNP_6_C04_781910	1	104158309	104303403	31	0.9723
FOXED_p_TCGA_b122_128_SNP_N_GenomeWideSNP_6_C04_781910	1	104303501	106019205	920	-0.0341
FOXED_p_TCGA_b122_128_SNP_N_GenomeWideSNP_6_C04_781910	1	106019236	106022375	16	0.7701
FOXED_p_TCGA_b122_128_SNP_N_GenomeWideSNP_6_C04_781910	1	106024055	110227515	2672	-0.0173
FOXED_p_TCGA_b122_128_SNP_N_GenomeWideSNP_6_C04_781910	1	110232974	110240178	17	-0.9687
FOXED_p_TCGA_b122_128_SNP_N_GenomeWideSNP_6_C04_781910	1	110242953	111377368	842	-0.016
FOXED_p_TCGA_b122_128_SNP_N_GenomeWideSNP_6_C04_781910	1	111377565	111388226	38	-0.781
FOXED_p_TCGA_b122_128_SNP_N_GenomeWideSNP_6_C04_781910	1	111392067	152555706	9145	-0.007
FOXED_p_TCGA_b122_128_SNP_N_GenomeWideSNP_6_C04_781910	1	152555767	152590494	35	0.504
FOXED_p_TCGA_b122_128_SNP_N_GenomeWideSNP_6_C04_781910	1	152590565	152762285	177	-0.0361
FOXED_p_TCGA_b122_128_SNP_N_GenomeWideSNP_6_C04_781910	1	152762394	152768700	30	0.564
FOXED_p_TCGA_b122_128_SNP_N_GenomeWideSNP_6_C04_781910	1	152773905	190862150	25681	-0.0173
FOXED_p_TCGA_b122_128_SNP_N_GenomeWideSNP_6_C04_781910	1	190864130	190893617	30	0.6743
FOXED_p_TCGA_b122_128_SNP_N_GenomeWideSNP_6_C04_781910	1	190900121	196714873	3850	-0.0245
FOXED_p_TCGA_b122_128_SNP_N_GenomeWideSNP_6_C04_781910	1	196727850	196761820	42	-2.0482
FOXED_p_TCGA_b122_128_SNP_N_GenomeWideSNP_6_C04_781910	1	196762066	196798643	30	-0.653
FOXED_p_TCGA_b122_128_SNP_N_GenomeWideSNP_6_C04_781910	1	196798664	196801655	15	-1.792
FOXED_p_TCGA_b122_128_SNP_N_GenomeWideSNP_6_C04_781910	1	196801784	200014790	1976	-0.0309
FOXED_p_TCGA_b122_128_SNP_N_GenomeWideSNP_6_C04_781910	1	200014859	200136068	129	-0.425
FOXED_p_TCGA_b122_128_SNP_N_GenomeWideSNP_6_C04_781910	1	200137649	248749194	33669	-0.0229
FOXED_p_TCGA_b122_128_SNP_N_GenomeWideSNP_6_C04_781910	1	248749219	248797213	32	-0.8745
FOXED_p_TCGA_b122_128_SNP_N_GenomeWideSNP_6_C04_781910	1	248805339	249224388	145	-0.0185
FOXED_p_TCGA_b122_128_SNP_N_GenomeWideSNP_6_C04_781910	2	12784	14702349	11048	0.1547
FOXED_p_TCGA_b122_128_SNP_N_GenomeWideSNP_6_C04_781910	2	14703507	14706056	6	-0.145
FOXED_p_TCGA_b122_128_SNP_N_GenomeWideSNP_6_C04_781910	2	14706269	14710092	10	-0.7372
FOXED_p_TCGA_b122_128_SNP_N_GenomeWideSNP_6_C04_781910	2	14710364	34691069	13051	0.1614
FOXED_p_TCGA_b122_128_SNP_N_GenomeWideSNP_6_C04_781910	2	34699315	34737057	46	0.773
FOXED_p_TCGA_b122_128_SNP_N_GenomeWideSNP_6_C04_781910	2	34737163	52754468	13047	0.1708
FOXED_p_TCGA_b122_128_SNP_N_GenomeWideSNP_6_C04_781910	2	52754480	52781542	39	-2.3727
FOXED_p_TCGA_b122_128_SNP_N_GenomeWideSNP_6_C04_781910	2	52787949	64708420	7670	0.1644
FOXED_p_TCGA_b122_128_SNP_N_GenomeWideSNP_6_C04_781910	2	64710665	64799426	55	0.411
FOXED_p_TCGA_b122_128_SNP_N_GenomeWideSNP_6_C04_781910	2	64802416	68182025	2436	-0.0326
FOXED_p_TCGA_b122_128_SNP_N_GenomeWideSNP_6_C04_781910	2	68184250	68185919	2	-1.3141
FOXED_p_TCGA_b122_128_SNP_N_GenomeWideSNP_6_C04_781910	2	68186622	78057295	6235	-0.0287
FOXED_p_TCGA_b122_128_SNP_N_GenomeWideSNP_6_C04_781910	2	78058136	78082450	18	-0.3075
FOXED_p_TCGA_b122_128_SNP_N_GenomeWideSNP_6_C04_781910	2	78084926	78086993	3	-0.8494
FOXED_p_TCGA_b122_128_SNP_N_GenomeWideSNP_6_C04_781910	2	78088587	78241555	92	-0.2081
FOXED_p_TCGA_b122_128_SNP_N_GenomeWideSNP_6_C04_781910	2	78242856	87302107	5511	-0.0189
FOXED_p_TCGA_b122_128_SNP_N_GenomeWideSNP_6_C04_781910	2	87306948	87309263	2	-1.6743
FOXED_p_TCGA_b122_128_SNP_N_GenomeWideSNP_6_C04_781910	2	87309834	97838130	2017	-0.0114
FOXED_p_TCGA_b122_128_SNP_N_GenomeWideSNP_6_C04_781910	2	97846329	97898583	24	0.4506
FOXED_p_TCGA_b122_128_SNP_N_GenomeWideSNP_6_C04_781910	2	97898653	98154265	27	-0.1823
FOXED_p_TCGA_b122_128_SNP_N_GenomeWideSNP_6_C04_781910	2	98157272	98161710	3	-1.5925
FOXED_p_TCGA_b122_128_SNP_N_GenomeWideSNP_6_C04_781910	2	98162189	106880095	5579	-0.0326
FOXED_p_TCGA_b122_128_SNP_N_GenomeWideSNP_6_C04_781910	2	106880713	106887255	12	-2.194
FOXED_p_TCGA_b122_128_SNP_N_GenomeWideSNP_6_C04_781910	2	106887408	112444459	2764	-0.0269
FOXED_p_TCGA_b122_128_SNP_N_GenomeWideSNP_6_C04_781910	2	112446944	112447366	2	-1.9346
FOXED_p_TCGA_b122_128_SNP_N_GenomeWideSNP_6_C04_781910	2	112451387	115047393	1494	-0.0305
FOXED_p_TCGA_b122_128_SNP_N_GenomeWideSNP_6_C04_781910	2	115049676	115049818	2	-1.2808
FOXED_p_TCGA_b122_128_SNP_N_GenomeWideSNP_6_C04_781910	2	115052255	123477014	5291	-0.0297
FOXED_p_TCGA_b122_128_SNP_N_GenomeWideSNP_6_C04_781910	2	123479899	123482241	9	-0.9118
FOXED_p_TCGA_b122_128_SNP_N_GenomeWideSNP_6_C04_781910	2	123483653	127842324	2854	-0.027
FOXED_p_TCGA_b122_128_SNP_N_GenomeWideSNP_6_C04_781910	2	127842406	127858646	12	-0.57
FOXED_p_TCGA_b122_128_SNP_N_GenomeWideSNP_6_C04_781910	2	127860830	130793856	1919	-0.03
FOXED_p_TCGA_b122_128_SNP_N_GenomeWideSNP_6_C04_781910	2	130793883	130823235	8	-0.7585
FOXED_p_TCGA_b122_128_SNP_N_GenomeWideSNP_6_C04_781910	2	130825458	132809313	672	-0.0541
FOXED_p_TCGA_b122_128_SNP_N_GenomeWideSNP_6_C04_781910	2	132809936	133115037	77	0.2177
FOXED_p_TCGA_b122_128_SNP_N_GenomeWideSNP_6_C04_781910	2	133117260	135066476	1535	-0.0295
FOXED_p_TCGA_b122_128_SNP_N_GenomeWideSNP_6_C04_781910	2	135067102	135067221	2	-1.4555
FOXED_p_TCGA_b122_128_SNP_N_GenomeWideSNP_6_C04_781910	2	135068007	153787485	11540	-0.0358
FOXED_p_TCGA_b122_128_SNP_N_GenomeWideSNP_6_C04_781910	2	153796068	153796784	3	-2.1219
FOXED_p_TCGA_b122_128_SNP_N_GenomeWideSNP_6_C04_781910	2	153800569	168163730	8411	-0.024
FOXED_p_TCGA_b122_128_SNP_N_GenomeWideSNP_6_C04_781910	2	168172932	168181440	10	-0.8326
FOXED_p_TCGA_b122_128_SNP_N_GenomeWideSNP_6_C04_781910	2	168187928	243089456	46525	-0.0225
FOXED_p_TCGA_b122_128_SNP_N_GenomeWideSNP_6_C04_781910	3	60345	4336589	3872	-0.0293
FOXED_p_TCGA_b122_128_SNP_N_GenomeWideSNP_6_C04_781910	3	4336874	4383895	36	-0.3922
FOXED_p_TCGA_b122_128_SNP_N_GenomeWideSNP_6_C04_781910	3	4384611	6646543	1941	-0.0316
FOXED_p_TCGA_b122_128_SNP_N_GenomeWideSNP_6_C04_781910	3	6651128	6653332	23	-0.7138
FOXED_p_TCGA_b122_128_SNP_N_GenomeWideSNP_6_C04_781910	3	6655078	68746164	41993	-0.0381
FOXED_p_TCGA_b122_128_SNP_N_GenomeWideSNP_6_C04_781910	3	68746259	68747413	14	-1.5804
FOXED_p_TCGA_b122_128_SNP_N_GenomeWideSNP_6_C04_781910	3	68748758	98936963	15958	-0.0464
FOXED_p_TCGA_b122_128_SNP_N_GenomeWideSNP_6_C04_781910	3	98937784	98949069	29	-0.5435
FOXED_p_TCGA_b122_128_SNP_N_GenomeWideSNP_6_C04_781910	3	98949076	114106531	9169	-0.0315
FOXED_p_TCGA_b122_128_SNP_N_GenomeWideSNP_6_C04_781910	3	114106848	114257976	91	-0.2941
FOXED_p_TCGA_b122_128_SNP_N_GenomeWideSNP_6_C04_781910	3	114260987	128384523	8861	-0.0421
FOXED_p_TCGA_b122_128_SNP_N_GenomeWideSNP_6_C04_781910	3	128386602	128412331	14	0.6473
FOXED_p_TCGA_b122_128_SNP_N_GenomeWideSNP_6_C04_781910	3	128414161	129762859	625	-0.0339
FOXED_p_TCGA_b122_128_SNP_N_GenomeWideSNP_6_C04_781910	3	129763698	129806052	51	-1.2681
FOXED_p_TCGA_b122_128_SNP_N_GenomeWideSNP_6_C04_781910	3	129806236	162512739	20295	-0.0337
FOXED_p_TCGA_b122_128_SNP_N_GenomeWideSNP_6_C04_781910	3	162513092	162633196	85	0.3185
FOXED_p_TCGA_b122_128_SNP_N_GenomeWideSNP_6_C04_781910	3	162633607	162714517	55	-0.0117
FOXED_p_TCGA_b122_128_SNP_N_GenomeWideSNP_6_C04_781910	3	162717727	162719562	2	1.2934
FOXED_p_TCGA_b122_128_SNP_N_GenomeWideSNP_6_C04_781910	3	162726159	169348944	3840	-0.0224
FOXED_p_TCGA_b122_128_SNP_N_GenomeWideSNP_6_C04_781910	3	169349862	169350604	2	-1.2599
FOXED_p_TCGA_b122_128_SNP_N_GenomeWideSNP_6_C04_781910	3	169352458	175882955	4248	-0.0139
FOXED_p_TCGA_b122_128_SNP_N_GenomeWideSNP_6_C04_781910	3	175883749	175914479	34	-0.8783
FOXED_p_TCGA_b122_128_SNP_N_GenomeWideSNP_6_C04_781910	3	175916221	192874747	11001	-0.0341
FOXED_p_TCGA_b122_128_SNP_N_GenomeWideSNP_6_C04_781910	3	192877902	192882903	20	-1.3721
FOXED_p_TCGA_b122_128_SNP_N_GenomeWideSNP_6_C04_781910	3	192886435	195285898	1487	-0.0272
FOXED_p_TCGA_b122_128_SNP_N_GenomeWideSNP_6_C04_781910	3	195383142	195434263	21	-0.4873
FOXED_p_TCGA_b122_128_SNP_N_GenomeWideSNP_6_C04_781910	3	195434280	197449262	978	-0.0293
FOXED_p_TCGA_b122_128_SNP_N_GenomeWideSNP_6_C04_781910	3	197451116	197452773	4	-1.2393
FOXED_p_TCGA_b122_128_SNP_N_GenomeWideSNP_6_C04_781910	3	197457818	197516549	24	-0.1116
FOXED_p_TCGA_b122_128_SNP_N_GenomeWideSNP_6_C04_781910	3	197520375	197522226	5	-0.9954
FOXED_p_TCGA_b122_128_SNP_N_GenomeWideSNP_6_C04_781910	3	197526040	197896118	189	-0.0436
FOXED_p_TCGA_b122_128_SNP_N_GenomeWideSNP_6_C04_781910	4	12281	10223416	5793	-0.0702
FOXED_p_TCGA_b122_128_SNP_N_GenomeWideSNP_6_C04_781910	4	10223628	10231498	27	-2.039
FOXED_p_TCGA_b122_128_SNP_N_GenomeWideSNP_6_C04_781910	4	10234214	29316074	13702	-0.0502
FOXED_p_TCGA_b122_128_SNP_N_GenomeWideSNP_6_C04_781910	4	29318239	29318249	2	-1.8589
FOXED_p_TCGA_b122_128_SNP_N_GenomeWideSNP_6_C04_781910	4	29318265	34779054	3298	-0.0548
FOXED_p_TCGA_b122_128_SNP_N_GenomeWideSNP_6_C04_781910	4	34786500	34824725	38	-2.6181
FOXED_p_TCGA_b122_128_SNP_N_GenomeWideSNP_6_C04_781910	4	34829872	64705364	16612	-0.0435
FOXED_p_TCGA_b122_128_SNP_N_GenomeWideSNP_6_C04_781910	4	64705515	64708258	15	0.5077
FOXED_p_TCGA_b122_128_SNP_N_GenomeWideSNP_6_C04_781910	4	64716431	69391814	2891	-0.0449
FOXED_p_TCGA_b122_128_SNP_N_GenomeWideSNP_6_C04_781910	4	69392114	69582483	69	-0.3959
FOXED_p_TCGA_b122_128_SNP_N_GenomeWideSNP_6_C04_781910	4	69591612	70121263	316	0.0481
FOXED_p_TCGA_b122_128_SNP_N_GenomeWideSNP_6_C04_781910	4	70123510	70228656	52	-0.6696
FOXED_p_TCGA_b122_128_SNP_N_GenomeWideSNP_6_C04_781910	4	70229352	70389716	115	-0.021
FOXED_p_TCGA_b122_128_SNP_N_GenomeWideSNP_6_C04_781910	4	70389861	70390779	2	1.0798
FOXED_p_TCGA_b122_128_SNP_N_GenomeWideSNP_6_C04_781910	4	70391888	85082317	9123	-0.0336
FOXED_p_TCGA_b122_128_SNP_N_GenomeWideSNP_6_C04_781910	4	85083031	85089301	6	-1.2704
FOXED_p_TCGA_b122_128_SNP_N_GenomeWideSNP_6_C04_781910	4	85090749	115173700	18128	-0.0364
FOXED_p_TCGA_b122_128_SNP_N_GenomeWideSNP_6_C04_781910	4	115175323	115182175	23	0.7288
FOXED_p_TCGA_b122_128_SNP_N_GenomeWideSNP_6_C04_781910	4	115184229	115507624	226	-0.0089
FOXED_p_TCGA_b122_128_SNP_N_GenomeWideSNP_6_C04_781910	4	115508166	115509993	2	-1.4341
FOXED_p_TCGA_b122_128_SNP_N_GenomeWideSNP_6_C04_781910	4	115510454	116165868	383	-0.022
FOXED_p_TCGA_b122_128_SNP_N_GenomeWideSNP_6_C04_781910	4	116166104	116176125	23	-0.6846
FOXED_p_TCGA_b122_128_SNP_N_GenomeWideSNP_6_C04_781910	4	116180182	152989600	21731	-0.0411
FOXED_p_TCGA_b122_128_SNP_N_GenomeWideSNP_6_C04_781910	4	152990286	152994130	6	-1.0057
FOXED_p_TCGA_b122_128_SNP_N_GenomeWideSNP_6_C04_781910	4	152994190	155802548	1759	-0.0431
FOXED_p_TCGA_b122_128_SNP_N_GenomeWideSNP_6_C04_781910	4	155803005	155803078	3	1.2953
FOXED_p_TCGA_b122_128_SNP_N_GenomeWideSNP_6_C04_781910	4	155803199	161874000	3918	-0.0412
FOXED_p_TCGA_b122_128_SNP_N_GenomeWideSNP_6_C04_781910	4	161880018	161884600	20	-0.7284
FOXED_p_TCGA_b122_128_SNP_N_GenomeWideSNP_6_C04_781910	4	161884908	172369346	6677	-0.0419
FOXED_p_TCGA_b122_128_SNP_N_GenomeWideSNP_6_C04_781910	4	172374884	172377710	10	1.1685
FOXED_p_TCGA_b122_128_SNP_N_GenomeWideSNP_6_C04_781910	4	172377724	172987928	397	-0.048
FOXED_p_TCGA_b122_128_SNP_N_GenomeWideSNP_6_C04_781910	4	172989148	172989533	12	-1.6409
FOXED_p_TCGA_b122_128_SNP_N_GenomeWideSNP_6_C04_781910	4	172995979	189221258	10945	-0.0415
FOXED_p_TCGA_b122_128_SNP_N_GenomeWideSNP_6_C04_781910	4	189221360	189221375	2	-1.8315
FOXED_p_TCGA_b122_128_SNP_N_GenomeWideSNP_6_C04_781910	4	189221424	190189043	787	-0.043
FOXED_p_TCGA_b122_128_SNP_N_GenomeWideSNP_6_C04_781910	4	190195118	190199771	5	-1.731
FOXED_p_TCGA_b122_128_SNP_N_GenomeWideSNP_6_C04_781910	4	190211271	190542814	196	-0.0201
FOXED_p_TCGA_b122_128_SNP_N_GenomeWideSNP_6_C04_781910	4	190542878	190685963	52	0.2444
FOXED_p_TCGA_b122_128_SNP_N_GenomeWideSNP_6_C04_781910	4	190686034	191027923	137	-0.0071
FOXED_p_TCGA_b122_128_SNP_N_GenomeWideSNP_6_C04_781910	5	15532	6739567	5359	-0.0443
FOXED_p_TCGA_b122_128_SNP_N_GenomeWideSNP_6_C04_781910	5	6740316	6742168	2	-1.0673
FOXED_p_TCGA_b122_128_SNP_N_GenomeWideSNP_6_C04_781910	5	6742529	21376844	10364	0.0045
FOXED_p_TCGA_b122_128_SNP_N_GenomeWideSNP_6_C04_781910	5	21377839	21377853	2	-1.6943
FOXED_p_TCGA_b122_128_SNP_N_GenomeWideSNP_6_C04_781910	5	21386066	27524452	3604	-0.0172
FOXED_p_TCGA_b122_128_SNP_N_GenomeWideSNP_6_C04_781910	5	27525390	27525514	2	-1.5917
FOXED_p_TCGA_b122_128_SNP_N_GenomeWideSNP_6_C04_781910	5	27525907	46191884	11454	-0.001
FOXED_p_TCGA_b122_128_SNP_N_GenomeWideSNP_6_C04_781910	5	46195883	46199435	4	-1.7982
FOXED_p_TCGA_b122_128_SNP_N_GenomeWideSNP_6_C04_781910	5	46209299	46251306	13	-0.0965
FOXED_p_TCGA_b122_128_SNP_N_GenomeWideSNP_6_C04_781910	5	46271008	46273502	8	1.2027
FOXED_p_TCGA_b122_128_SNP_N_GenomeWideSNP_6_C04_781910	5	46278212	50474584	508	0.0262
FOXED_p_TCGA_b122_128_SNP_N_GenomeWideSNP_6_C04_781910	5	50479975	57321646	4573	-0.3063
FOXED_p_TCGA_b122_128_SNP_N_GenomeWideSNP_6_C04_781910	5	57326027	57333293	30	-0.797
FOXED_p_TCGA_b122_128_SNP_N_GenomeWideSNP_6_C04_781910	5	57333515	58078911	565	-0.2996
FOXED_p_TCGA_b122_128_SNP_N_GenomeWideSNP_6_C04_781910	5	58079028	68829347	6737	-0.0425
FOXED_p_TCGA_b122_128_SNP_N_GenomeWideSNP_6_C04_781910	5	68846303	70306659	20	-0.4042
FOXED_p_TCGA_b122_128_SNP_N_GenomeWideSNP_6_C04_781910	5	70306728	180790320	69900	-0.0384
FOXED_p_TCGA_b122_128_SNP_N_GenomeWideSNP_6_C04_781910	6	149661	254283	101	-0.0337
FOXED_p_TCGA_b122_128_SNP_N_GenomeWideSNP_6_C04_781910	6	257353	302306	24	0.4725
FOXED_p_TCGA_b122_128_SNP_N_GenomeWideSNP_6_C04_781910	6	303017	31277686	22306	-0.0366
FOXED_p_TCGA_b122_128_SNP_N_GenomeWideSNP_6_C04_781910	6	31280823	31296451	12	-1.6506
FOXED_p_TCGA_b122_128_SNP_N_GenomeWideSNP_6_C04_781910	6	31309924	32690027	620	-0.0466
FOXED_p_TCGA_b122_128_SNP_N_GenomeWideSNP_6_C04_781910	6	32690797	32690812	2	2.3131
FOXED_p_TCGA_b122_128_SNP_N_GenomeWideSNP_6_C04_781910	6	32690830	33937999	763	4e-04
FOXED_p_TCGA_b122_128_SNP_N_GenomeWideSNP_6_C04_781910	6	33938743	33942705	7	-1.4632
FOXED_p_TCGA_b122_128_SNP_N_GenomeWideSNP_6_C04_781910	6	33944586	49017299	9654	-0.0297
FOXED_p_TCGA_b122_128_SNP_N_GenomeWideSNP_6_C04_781910	6	49017502	49048352	16	0.3448
FOXED_p_TCGA_b122_128_SNP_N_GenomeWideSNP_6_C04_781910	6	49048743	53931151	3259	-0.0292
FOXED_p_TCGA_b122_128_SNP_N_GenomeWideSNP_6_C04_781910	6	53931230	53931855	6	-1.145
FOXED_p_TCGA_b122_128_SNP_N_GenomeWideSNP_6_C04_781910	6	53935348	58422642	2418	-0.0105
FOXED_p_TCGA_b122_128_SNP_N_GenomeWideSNP_6_C04_781910	6	58426052	58427069	5	-0.772
FOXED_p_TCGA_b122_128_SNP_N_GenomeWideSNP_6_C04_781910	6	58432574	67009054	3043	-0.0278
FOXED_p_TCGA_b122_128_SNP_N_GenomeWideSNP_6_C04_781910	6	67011007	67048629	53	-0.8359
FOXED_p_TCGA_b122_128_SNP_N_GenomeWideSNP_6_C04_781910	6	67049406	77014509	6486	-0.0371
FOXED_p_TCGA_b122_128_SNP_N_GenomeWideSNP_6_C04_781910	6	77014948	77023588	11	0.529
FOXED_p_TCGA_b122_128_SNP_N_GenomeWideSNP_6_C04_781910	6	77023797	77418087	271	-0.0416
FOXED_p_TCGA_b122_128_SNP_N_GenomeWideSNP_6_C04_781910	6	77418207	77418232	2	-1.393
FOXED_p_TCGA_b122_128_SNP_N_GenomeWideSNP_6_C04_781910	6	77420196	77436532	15	0.0098
FOXED_p_TCGA_b122_128_SNP_N_GenomeWideSNP_6_C04_781910	6	77439868	77443247	11	-4.5995
FOXED_p_TCGA_b122_128_SNP_N_GenomeWideSNP_6_C04_781910	6	77446199	77452757	10	-1.5262
FOXED_p_TCGA_b122_128_SNP_N_GenomeWideSNP_6_C04_781910	6	77461073	78962889	980	-0.0323
FOXED_p_TCGA_b122_128_SNP_N_GenomeWideSNP_6_C04_781910	6	78969065	79041773	117	0.3285
FOXED_p_TCGA_b122_128_SNP_N_GenomeWideSNP_6_C04_781910	6	79041809	102864926	14981	-0.0286
FOXED_p_TCGA_b122_128_SNP_N_GenomeWideSNP_6_C04_781910	6	102865390	103734829	511	-0.2959
FOXED_p_TCGA_b122_128_SNP_N_GenomeWideSNP_6_C04_781910	6	103737976	103762061	46	0.3322
FOXED_p_TCGA_b122_128_SNP_N_GenomeWideSNP_6_C04_781910	6	103765470	114488724	6850	-0.3069
FOXED_p_TCGA_b122_128_SNP_N_GenomeWideSNP_6_C04_781910	6	114488790	114489321	2	-1.9501
FOXED_p_TCGA_b122_128_SNP_N_GenomeWideSNP_6_C04_781910	6	114489801	117114308	1393	-0.304
FOXED_p_TCGA_b122_128_SNP_N_GenomeWideSNP_6_C04_781910	6	117116573	124724149	4630	-0.0285
FOXED_p_TCGA_b122_128_SNP_N_GenomeWideSNP_6_C04_781910	6	124728196	124738091	7	-0.9256
FOXED_p_TCGA_b122_128_SNP_N_GenomeWideSNP_6_C04_781910	6	124739921	167601348	29233	-0.0323
FOXED_p_TCGA_b122_128_SNP_N_GenomeWideSNP_6_C04_781910	6	167607596	167613263	4	0.8858
FOXED_p_TCGA_b122_128_SNP_N_GenomeWideSNP_6_C04_781910	6	167614104	171051005	2119	-0.0595
FOXED_p_TCGA_b122_128_SNP_N_GenomeWideSNP_6_C04_781910	7	43355	6829903	3434	0.1759
FOXED_p_TCGA_b122_128_SNP_N_GenomeWideSNP_6_C04_781910	7	6830698	6867078	12	-0.6407
FOXED_p_TCGA_b122_128_SNP_N_GenomeWideSNP_6_C04_781910	7	6867642	54380373	35147	0.1953
FOXED_p_TCGA_b122_128_SNP_N_GenomeWideSNP_6_C04_781910	7	54386505	54386517	6	1.1478
FOXED_p_TCGA_b122_128_SNP_N_GenomeWideSNP_6_C04_781910	7	54393488	91208142	18310	0.1877
FOXED_p_TCGA_b122_128_SNP_N_GenomeWideSNP_6_C04_781910	7	91218884	91218963	2	-2.1222
FOXED_p_TCGA_b122_128_SNP_N_GenomeWideSNP_6_C04_781910	7	91219132	91358314	99	0.1694
FOXED_p_TCGA_b122_128_SNP_N_GenomeWideSNP_6_C04_781910	7	91358540	91359591	9	-0.6226
FOXED_p_TCGA_b122_128_SNP_N_GenomeWideSNP_6_C04_781910	7	91360990	100325189	5052	0.1855
FOXED_p_TCGA_b122_128_SNP_N_GenomeWideSNP_6_C04_781910	7	100329244	100332842	3	-1.6977
FOXED_p_TCGA_b122_128_SNP_N_GenomeWideSNP_6_C04_781910	7	100351005	101052486	264	0.193
FOXED_p_TCGA_b122_128_SNP_N_GenomeWideSNP_6_C04_781910	7	101059732	101059949	2	-2.301
FOXED_p_TCGA_b122_128_SNP_N_GenomeWideSNP_6_C04_781910	7	101062911	109441212	5107	0.1936
FOXED_p_TCGA_b122_128_SNP_N_GenomeWideSNP_6_C04_781910	7	109441244	109453910	11	0.978
FOXED_p_TCGA_b122_128_SNP_N_GenomeWideSNP_6_C04_781910	7	109453982	115934700	3902	0.1929
FOXED_p_TCGA_b122_128_SNP_N_GenomeWideSNP_6_C04_781910	7	115935011	115941057	3	-2.6141
FOXED_p_TCGA_b122_128_SNP_N_GenomeWideSNP_6_C04_781910	7	115941311	133785177	10860	0.1936
FOXED_p_TCGA_b122_128_SNP_N_GenomeWideSNP_6_C04_781910	7	133785195	133790443	24	0.6991
FOXED_p_TCGA_b122_128_SNP_N_GenomeWideSNP_6_C04_781910	7	133795634	141769643	5206	0.1815
FOXED_p_TCGA_b122_128_SNP_N_GenomeWideSNP_6_C04_781910	7	141769680	141797564	43	-0.6815
FOXED_p_TCGA_b122_128_SNP_N_GenomeWideSNP_6_C04_781910	7	141798990	143709148	1159	0.2335
FOXED_p_TCGA_b122_128_SNP_N_GenomeWideSNP_6_C04_781910	7	143709256	143713005	23	-0.1696
FOXED_p_TCGA_b122_128_SNP_N_GenomeWideSNP_6_C04_781910	7	143714290	143873952	132	0.1656
FOXED_p_TCGA_b122_128_SNP_N_GenomeWideSNP_6_C04_781910	7	143896252	144014189	32	-0.418
FOXED_p_TCGA_b122_128_SNP_N_GenomeWideSNP_6_C04_781910	7	144014228	154389895	6465	0.1828
FOXED_p_TCGA_b122_128_SNP_N_GenomeWideSNP_6_C04_781910	7	154393171	154399613	4	1.5368
FOXED_p_TCGA_b122_128_SNP_N_GenomeWideSNP_6_C04_781910	7	154400830	159127004	3245	0.1815
FOXED_p_TCGA_b122_128_SNP_N_GenomeWideSNP_6_C04_781910	8	31254	595875	335	-0.0499
FOXED_p_TCGA_b122_128_SNP_N_GenomeWideSNP_6_C04_781910	8	595892	595908	2	2.9566
FOXED_p_TCGA_b122_128_SNP_N_GenomeWideSNP_6_C04_781910	8	601043	7226436	7517	-0.0147
FOXED_p_TCGA_b122_128_SNP_N_GenomeWideSNP_6_C04_781910	8	7237903	7831645	156	0.3446
FOXED_p_TCGA_b122_128_SNP_N_GenomeWideSNP_6_C04_781910	8	7832054	7978187	42	-0.1034
FOXED_p_TCGA_b122_128_SNP_N_GenomeWideSNP_6_C04_781910	8	7989963	7990294	3	0.9872
FOXED_p_TCGA_b122_128_SNP_N_GenomeWideSNP_6_C04_781910	8	7997031	9053914	906	0.0183
FOXED_p_TCGA_b122_128_SNP_N_GenomeWideSNP_6_C04_781910	8	9056367	9062526	28	-1.1958
FOXED_p_TCGA_b122_128_SNP_N_GenomeWideSNP_6_C04_781910	8	9063027	12260973	2366	-0.0257
FOXED_p_TCGA_b122_128_SNP_N_GenomeWideSNP_6_C04_781910	8	12263749	12550682	83	0.2267
FOXED_p_TCGA_b122_128_SNP_N_GenomeWideSNP_6_C04_781910	8	12550768	12646389	78	-0.0399
FOXED_p_TCGA_b122_128_SNP_N_GenomeWideSNP_6_C04_781910	8	12648728	12652526	4	-1.4328
FOXED_p_TCGA_b122_128_SNP_N_GenomeWideSNP_6_C04_781910	8	12653533	15315582	2571	-0.0218
FOXED_p_TCGA_b122_128_SNP_N_GenomeWideSNP_6_C04_781910	8	15315742	15316095	2	-1.1392
FOXED_p_TCGA_b122_128_SNP_N_GenomeWideSNP_6_C04_781910	8	15316183	24974443	7754	-0.0069
FOXED_p_TCGA_b122_128_SNP_N_GenomeWideSNP_6_C04_781910	8	24974476	24984333	26	-0.5297
FOXED_p_TCGA_b122_128_SNP_N_GenomeWideSNP_6_C04_781910	8	24991104	38312792	8549	-0.0028
FOXED_p_TCGA_b122_128_SNP_N_GenomeWideSNP_6_C04_781910	8	38312917	38316938	11	-0.279
FOXED_p_TCGA_b122_128_SNP_N_GenomeWideSNP_6_C04_781910	8	38317049	38787577	273	0.0813
FOXED_p_TCGA_b122_128_SNP_N_GenomeWideSNP_6_C04_781910	8	38794561	39230659	206	0.2764
FOXED_p_TCGA_b122_128_SNP_N_GenomeWideSNP_6_C04_781910	8	39235603	39386965	59	-2.4851
FOXED_p_TCGA_b122_128_SNP_N_GenomeWideSNP_6_C04_781910	8	39388299	112291494	42071	0.286
FOXED_p_TCGA_b122_128_SNP_N_GenomeWideSNP_6_C04_781910	8	112294279	112295245	9	-1.5331
FOXED_p_TCGA_b122_128_SNP_N_GenomeWideSNP_6_C04_781910	8	112295260	143749718	22077	0.2253
FOXED_p_TCGA_b122_128_SNP_N_GenomeWideSNP_6_C04_781910	8	143749990	143750072	2	-2.0592
FOXED_p_TCGA_b122_128_SNP_N_GenomeWideSNP_6_C04_781910	8	143752235	144309792	226	0.181
FOXED_p_TCGA_b122_128_SNP_N_GenomeWideSNP_6_C04_781910	8	144309825	144310602	7	-0.4722
FOXED_p_TCGA_b122_128_SNP_N_GenomeWideSNP_6_C04_781910	8	144310617	146290273	628	0.1872
FOXED_p_TCGA_b122_128_SNP_N_GenomeWideSNP_6_C04_781910	8	146292689	146298155	6	2.0565
FOXED_p_TCGA_b122_128_SNP_N_GenomeWideSNP_6_C04_781910	9	46587	23361119	20459	-0.0306
FOXED_p_TCGA_b122_128_SNP_N_GenomeWideSNP_6_C04_781910	9	23361805	23380445	12	0.4676
FOXED_p_TCGA_b122_128_SNP_N_GenomeWideSNP_6_C04_781910	9	23380834	43315974	10919	-0.0348
FOXED_p_TCGA_b122_128_SNP_N_GenomeWideSNP_6_C04_781910	9	43472537	43800186	39	-0.4303
FOXED_p_TCGA_b122_128_SNP_N_GenomeWideSNP_6_C04_781910	9	44114872	45706444	135	0.0234
FOXED_p_TCGA_b122_128_SNP_N_GenomeWideSNP_6_C04_781910	9	45723034	45749108	3	1.5593
FOXED_p_TCGA_b122_128_SNP_N_GenomeWideSNP_6_C04_781910	9	45915244	68183981	102	-0.0144
FOXED_p_TCGA_b122_128_SNP_N_GenomeWideSNP_6_C04_781910	9	68186051	68188547	8	1.217
FOXED_p_TCGA_b122_128_SNP_N_GenomeWideSNP_6_C04_781910	9	68209916	141091394	48240	-0.0451
FOXED_p_TCGA_b122_128_SNP_N_GenomeWideSNP_6_C04_781910	10	72759	24377674	19243	-0.0569
FOXED_p_TCGA_b122_128_SNP_N_GenomeWideSNP_6_C04_781910	10	24377675	24378054	10	1.1587
FOXED_p_TCGA_b122_128_SNP_N_GenomeWideSNP_6_C04_781910	10	24378908	27221957	1989	-0.0515
FOXED_p_TCGA_b122_128_SNP_N_GenomeWideSNP_6_C04_781910	10	27222045	27228473	16	0.3801
FOXED_p_TCGA_b122_128_SNP_N_GenomeWideSNP_6_C04_781910	10	27229993	46543857	10312	-0.0541
FOXED_p_TCGA_b122_128_SNP_N_GenomeWideSNP_6_C04_781910	10	46585050	47055711	85	0.1278
FOXED_p_TCGA_b122_128_SNP_N_GenomeWideSNP_6_C04_781910	10	47058792	47059821	22	-0.3405
FOXED_p_TCGA_b122_128_SNP_N_GenomeWideSNP_6_C04_781910	10	47062311	47370368	69	0.2352
FOXED_p_TCGA_b122_128_SNP_N_GenomeWideSNP_6_C04_781910	10	47392332	47960476	201	0.4842
FOXED_p_TCGA_b122_128_SNP_N_GenomeWideSNP_6_C04_781910	10	47964192	48736766	289	-0.083
FOXED_p_TCGA_b122_128_SNP_N_GenomeWideSNP_6_C04_781910	10	48771950	48837810	2	-1.5729
FOXED_p_TCGA_b122_128_SNP_N_GenomeWideSNP_6_C04_781910	10	48840627	49212771	15	0.298
FOXED_p_TCGA_b122_128_SNP_N_GenomeWideSNP_6_C04_781910	10	49212828	49287591	6	-1.0405
FOXED_p_TCGA_b122_128_SNP_N_GenomeWideSNP_6_C04_781910	10	49287603	51830360	1453	-0.0633
FOXED_p_TCGA_b122_128_SNP_N_GenomeWideSNP_6_C04_781910	10	51840984	51891920	4	-1.5371
FOXED_p_TCGA_b122_128_SNP_N_GenomeWideSNP_6_C04_781910	10	51903768	67306276	11029	-0.0392
FOXED_p_TCGA_b122_128_SNP_N_GenomeWideSNP_6_C04_781910	10	67307923	67314446	28	0.3287
FOXED_p_TCGA_b122_128_SNP_N_GenomeWideSNP_6_C04_781910	10	67322795	109678829	27761	-0.0478
FOXED_p_TCGA_b122_128_SNP_N_GenomeWideSNP_6_C04_781910	10	109680817	109680864	2	-1.4482
FOXED_p_TCGA_b122_128_SNP_N_GenomeWideSNP_6_C04_781910	10	109682945	135506704	18540	-0.0586
FOXED_p_TCGA_b122_128_SNP_N_GenomeWideSNP_6_C04_781910	11	198510	4239054	1788	-0.0536
FOXED_p_TCGA_b122_128_SNP_N_GenomeWideSNP_6_C04_781910	11	4250013	4328172	25	-0.6072
FOXED_p_TCGA_b122_128_SNP_N_GenomeWideSNP_6_C04_781910	11	4335878	4967061	656	-0.0266
FOXED_p_TCGA_b122_128_SNP_N_GenomeWideSNP_6_C04_781910	11	4967103	4976814	45	0.5743
FOXED_p_TCGA_b122_128_SNP_N_GenomeWideSNP_6_C04_781910	11	4976865	5520975	544	-0.0347
FOXED_p_TCGA_b122_128_SNP_N_GenomeWideSNP_6_C04_781910	11	5522151	5522564	6	-1.0224
FOXED_p_TCGA_b122_128_SNP_N_GenomeWideSNP_6_C04_781910	11	5523593	5793583	250	-0.04
FOXED_p_TCGA_b122_128_SNP_N_GenomeWideSNP_6_C04_781910	11	5794245	5809139	22	-0.7153
FOXED_p_TCGA_b122_128_SNP_N_GenomeWideSNP_6_C04_781910	11	5809338	18940870	9429	-0.022
FOXED_p_TCGA_b122_128_SNP_N_GenomeWideSNP_6_C04_781910	11	18949072	18961818	54	0.5
FOXED_p_TCGA_b122_128_SNP_N_GenomeWideSNP_6_C04_781910	11	18961922	37567614	13750	-0.0294
FOXED_p_TCGA_b122_128_SNP_N_GenomeWideSNP_6_C04_781910	11	37569578	37570743	4	0.7332
FOXED_p_TCGA_b122_128_SNP_N_GenomeWideSNP_6_C04_781910	11	37578156	42813151	3462	-0.0422
FOXED_p_TCGA_b122_128_SNP_N_GenomeWideSNP_6_C04_781910	11	42816486	42818039	2	-3.4235
FOXED_p_TCGA_b122_128_SNP_N_GenomeWideSNP_6_C04_781910	11	42820603	48598422	3409	-0.0357
FOXED_p_TCGA_b122_128_SNP_N_GenomeWideSNP_6_C04_781910	11	48601434	48602676	2	-1.803
FOXED_p_TCGA_b122_128_SNP_N_GenomeWideSNP_6_C04_781910	11	48606318	49852040	534	-0.0145
FOXED_p_TCGA_b122_128_SNP_N_GenomeWideSNP_6_C04_781910	11	49853415	49853639	5	0.7559
FOXED_p_TCGA_b122_128_SNP_N_GenomeWideSNP_6_C04_781910	11	49860044	50094299	96	-0.0056
FOXED_p_TCGA_b122_128_SNP_N_GenomeWideSNP_6_C04_781910	11	50096095	50097137	3	0.7886
FOXED_p_TCGA_b122_128_SNP_N_GenomeWideSNP_6_C04_781910	11	50097485	60965476	4052	-0.0091
FOXED_p_TCGA_b122_128_SNP_N_GenomeWideSNP_6_C04_781910	11	60984460	61000494	2	-1.1534
FOXED_p_TCGA_b122_128_SNP_N_GenomeWideSNP_6_C04_781910	11	61015806	89487949	16514	-0.0296
FOXED_p_TCGA_b122_128_SNP_N_GenomeWideSNP_6_C04_781910	11	89492878	89548104	10	0.6933
FOXED_p_TCGA_b122_128_SNP_N_GenomeWideSNP_6_C04_781910	11	89548892	102499359	9262	-0.0314
FOXED_p_TCGA_b122_128_SNP_N_GenomeWideSNP_6_C04_781910	11	102501736	102506002	6	-1.017
FOXED_p_TCGA_b122_128_SNP_N_GenomeWideSNP_6_C04_781910	11	102507520	134944770	23209	-0.0389
FOXED_p_TCGA_b122_128_SNP_N_GenomeWideSNP_6_C04_781910	12	150442	668216	296	-0.0685
FOXED_p_TCGA_b122_128_SNP_N_GenomeWideSNP_6_C04_781910	12	669038	669310	2	-2.2332
FOXED_p_TCGA_b122_128_SNP_N_GenomeWideSNP_6_C04_781910	12	670500	8357507	5249	-0.0358
FOXED_p_TCGA_b122_128_SNP_N_GenomeWideSNP_6_C04_781910	12	8362050	8372757	10	0.5557
FOXED_p_TCGA_b122_128_SNP_N_GenomeWideSNP_6_C04_781910	12	8378251	11215372	1710	-0.0414
FOXED_p_TCGA_b122_128_SNP_N_GenomeWideSNP_6_C04_781910	12	11216849	11305337	37	0.4636
FOXED_p_TCGA_b122_128_SNP_N_GenomeWideSNP_6_C04_781910	12	11308174	70871858	36420	-0.0275
FOXED_p_TCGA_b122_128_SNP_N_GenomeWideSNP_6_C04_781910	12	70872675	70878027	9	-2.2035
FOXED_p_TCGA_b122_128_SNP_N_GenomeWideSNP_6_C04_781910	12	70879385	90483350	12087	-0.0278
FOXED_p_TCGA_b122_128_SNP_N_GenomeWideSNP_6_C04_781910	12	90491669	90492074	7	-0.844
FOXED_p_TCGA_b122_128_SNP_N_GenomeWideSNP_6_C04_781910	12	90493557	97875495	5139	-0.0299
FOXED_p_TCGA_b122_128_SNP_N_GenomeWideSNP_6_C04_781910	12	97875669	97878411	8	-1.045
FOXED_p_TCGA_b122_128_SNP_N_GenomeWideSNP_6_C04_781910	12	97878598	130000586	21718	-0.0381
FOXED_p_TCGA_b122_128_SNP_N_GenomeWideSNP_6_C04_781910	12	130003490	130003594	2	-1.7476
FOXED_p_TCGA_b122_128_SNP_N_GenomeWideSNP_6_C04_781910	12	130003770	132120715	1786	-0.0748
FOXED_p_TCGA_b122_128_SNP_N_GenomeWideSNP_6_C04_781910	12	132132584	132133335	13	-1.0911
FOXED_p_TCGA_b122_128_SNP_N_GenomeWideSNP_6_C04_781910	12	132142331	133778189	572	-0.0847
FOXED_p_TCGA_b122_128_SNP_N_GenomeWideSNP_6_C04_781910	13	19026949	19369310	80	0.3731
FOXED_p_TCGA_b122_128_SNP_N_GenomeWideSNP_6_C04_781910	13	19369436	19395638	4	-0.6447
FOXED_p_TCGA_b122_128_SNP_N_GenomeWideSNP_6_C04_781910	13	19398553	20273690	558	0.5133
FOXED_p_TCGA_b122_128_SNP_N_GenomeWideSNP_6_C04_781910	13	20278455	20278584	3	-0.4793
FOXED_p_TCGA_b122_128_SNP_N_GenomeWideSNP_6_C04_781910	13	20282710	23633004	2260	0.5204
FOXED_p_TCGA_b122_128_SNP_N_GenomeWideSNP_6_C04_781910	13	23633131	23633515	6	1.2235
FOXED_p_TCGA_b122_128_SNP_N_GenomeWideSNP_6_C04_781910	13	23638195	27796965	3178	0.53
FOXED_p_TCGA_b122_128_SNP_N_GenomeWideSNP_6_C04_781910	13	27798670	28282374	363	0.2603
FOXED_p_TCGA_b122_128_SNP_N_GenomeWideSNP_6_C04_781910	13	28282522	38075965	7125	0.5138
FOXED_p_TCGA_b122_128_SNP_N_GenomeWideSNP_6_C04_781910	13	38076267	38084757	12	1.4363
FOXED_p_TCGA_b122_128_SNP_N_GenomeWideSNP_6_C04_781910	13	38088330	39052811	701	0.5163
FOXED_p_TCGA_b122_128_SNP_N_GenomeWideSNP_6_C04_781910	13	39057572	39058056	2	2.1506
FOXED_p_TCGA_b122_128_SNP_N_GenomeWideSNP_6_C04_781910	13	39065057	57750953	11843	0.4065
FOXED_p_TCGA_b122_128_SNP_N_GenomeWideSNP_6_C04_781910	13	57751096	57778380	35	-0.0756
FOXED_p_TCGA_b122_128_SNP_N_GenomeWideSNP_6_C04_781910	13	57789714	115007056	38133	0.3777
FOXED_p_TCGA_b122_128_SNP_N_GenomeWideSNP_6_C04_781910	13	115007089	115010330	2	-0.9825
FOXED_p_TCGA_b122_128_SNP_N_GenomeWideSNP_6_C04_781910	13	115011301	115108397	43	0.4222
FOXED_p_TCGA_b122_128_SNP_N_GenomeWideSNP_6_C04_781910	14	19002124	20137346	79	-0.1762
FOXED_p_TCGA_b122_128_SNP_N_GenomeWideSNP_6_C04_781910	14	20143509	20413671	102	-0.6054
FOXED_p_TCGA_b122_128_SNP_N_GenomeWideSNP_6_C04_781910	14	20413858	41608358	13641	-0.2366
FOXED_p_TCGA_b122_128_SNP_N_GenomeWideSNP_6_C04_781910	14	41610496	41657349	15	-0.742
FOXED_p_TCGA_b122_128_SNP_N_GenomeWideSNP_6_C04_781910	14	41670102	52271279	6355	-0.2384
FOXED_p_TCGA_b122_128_SNP_N_GenomeWideSNP_6_C04_781910	14	52271601	52275697	4	-1.3186
FOXED_p_TCGA_b122_128_SNP_N_GenomeWideSNP_6_C04_781910	14	52275755	106879831	35069	-0.2592
FOXED_p_TCGA_b122_128_SNP_N_GenomeWideSNP_6_C04_781910	14	106881352	106918108	50	-1.098
FOXED_p_TCGA_b122_128_SNP_N_GenomeWideSNP_6_C04_781910	14	106918649	107285437	224	-0.174
FOXED_p_TCGA_b122_128_SNP_N_GenomeWideSNP_6_C04_781910	15	20016328	20206939	48	0.0871
FOXED_p_TCGA_b122_128_SNP_N_GenomeWideSNP_6_C04_781910	15	20216955	20262236	5	-1.5847
FOXED_p_TCGA_b122_128_SNP_N_GenomeWideSNP_6_C04_781910	15	20264286	30519742	5080	-0.0649
FOXED_p_TCGA_b122_128_SNP_N_GenomeWideSNP_6_C04_781910	15	30523088	30545725	10	0.4438
FOXED_p_TCGA_b122_128_SNP_N_GenomeWideSNP_6_C04_781910	15	30546013	31973222	755	-0.0385
FOXED_p_TCGA_b122_128_SNP_N_GenomeWideSNP_6_C04_781910	15	31973484	31975260	2	-1.2339
FOXED_p_TCGA_b122_128_SNP_N_GenomeWideSNP_6_C04_781910	15	31981961	34722802	1923	-0.03
FOXED_p_TCGA_b122_128_SNP_N_GenomeWideSNP_6_C04_781910	15	34723432	34727189	4	-0.7714
FOXED_p_TCGA_b122_128_SNP_N_GenomeWideSNP_6_C04_781910	15	34727622	54194989	12031	-0.0233
FOXED_p_TCGA_b122_128_SNP_N_GenomeWideSNP_6_C04_781910	15	54200350	54202499	3	-1.0943
FOXED_p_TCGA_b122_128_SNP_N_GenomeWideSNP_6_C04_781910	15	54204228	76878362	14502	-0.0153
FOXED_p_TCGA_b122_128_SNP_N_GenomeWideSNP_6_C04_781910	15	76891241	76895775	22	0.8987
FOXED_p_TCGA_b122_128_SNP_N_GenomeWideSNP_6_C04_781910	15	76902179	102399549	17668	-0.0272
FOXED_p_TCGA_b122_128_SNP_N_GenomeWideSNP_6_C04_781910	15	102400037	102469040	14	0.4416
FOXED_p_TCGA_b122_128_SNP_N_GenomeWideSNP_6_C04_781910	16	60777	1066397	390	-0.115
FOXED_p_TCGA_b122_128_SNP_N_GenomeWideSNP_6_C04_781910	16	1073515	1088797	4	-1.0247
FOXED_p_TCGA_b122_128_SNP_N_GenomeWideSNP_6_C04_781910	16	1089949	6656786	3497	-0.0475
FOXED_p_TCGA_b122_128_SNP_N_GenomeWideSNP_6_C04_781910	16	6658312	6730189	86	-0.3448
FOXED_p_TCGA_b122_128_SNP_N_GenomeWideSNP_6_C04_781910	16	6730941	7296884	754	-0.0612
FOXED_p_TCGA_b122_128_SNP_N_GenomeWideSNP_6_C04_781910	16	7297774	7340454	54	0.2895
FOXED_p_TCGA_b122_128_SNP_N_GenomeWideSNP_6_C04_781910	16	7340470	22591245	10073	-0.039
FOXED_p_TCGA_b122_128_SNP_N_GenomeWideSNP_6_C04_781910	16	22602868	22704520	61	0.2217
FOXED_p_TCGA_b122_128_SNP_N_GenomeWideSNP_6_C04_781910	16	22710742	32040483	5155	-0.0413
FOXED_p_TCGA_b122_128_SNP_N_GenomeWideSNP_6_C04_781910	16	32040814	32848907	134	0.2972
FOXED_p_TCGA_b122_128_SNP_N_GenomeWideSNP_6_C04_781910	16	32863923	33241953	32	-0.0193
FOXED_p_TCGA_b122_128_SNP_N_GenomeWideSNP_6_C04_781910	16	33300894	33644292	92	0.3532
FOXED_p_TCGA_b122_128_SNP_N_GenomeWideSNP_6_C04_781910	16	33645338	34459709	210	-0.0452
FOXED_p_TCGA_b122_128_SNP_N_GenomeWideSNP_6_C04_781910	16	34466571	34765093	171	0.4516
FOXED_p_TCGA_b122_128_SNP_N_GenomeWideSNP_6_C04_781910	16	34765216	55225083	6084	-0.0372
FOXED_p_TCGA_b122_128_SNP_N_GenomeWideSNP_6_C04_781910	16	55227539	55231336	7	-1.2138
FOXED_p_TCGA_b122_128_SNP_N_GenomeWideSNP_6_C04_781910	16	55231740	78838942	15567	-0.0326
FOXED_p_TCGA_b122_128_SNP_N_GenomeWideSNP_6_C04_781910	16	78839108	78840423	4	-1.0195
FOXED_p_TCGA_b122_128_SNP_N_GenomeWideSNP_6_C04_781910	16	78840745	87874856	9075	-0.0526
FOXED_p_TCGA_b122_128_SNP_N_GenomeWideSNP_6_C04_781910	16	87878268	87879522	2	-1.4672
FOXED_p_TCGA_b122_128_SNP_N_GenomeWideSNP_6_C04_781910	16	87883089	90287535	973	-0.1173
FOXED_p_TCGA_b122_128_SNP_N_GenomeWideSNP_6_C04_781910	17	526	3548	2	0.3063
FOXED_p_TCGA_b122_128_SNP_N_GenomeWideSNP_6_C04_781910	17	3886	940044	474	-0.4026
FOXED_p_TCGA_b122_128_SNP_N_GenomeWideSNP_6_C04_781910	17	941070	950958	3	-2.0806
FOXED_p_TCGA_b122_128_SNP_N_GenomeWideSNP_6_C04_781910	17	958682	21516276	12271	-0.3157
FOXED_p_TCGA_b122_128_SNP_N_GenomeWideSNP_6_C04_781910	17	21519009	26779053	1027	0.1725
FOXED_p_TCGA_b122_128_SNP_N_GenomeWideSNP_6_C04_781910	17	26781341	26782319	2	-1.6002
FOXED_p_TCGA_b122_128_SNP_N_GenomeWideSNP_6_C04_781910	17	26789271	34436708	4590	0.1567
FOXED_p_TCGA_b122_128_SNP_N_GenomeWideSNP_6_C04_781910	17	34437128	34535651	39	0.747
FOXED_p_TCGA_b122_128_SNP_N_GenomeWideSNP_6_C04_781910	17	34543343	39407981	2536	0.1808
FOXED_p_TCGA_b122_128_SNP_N_GenomeWideSNP_6_C04_781910	17	39413410	39430450	28	-0.5928
FOXED_p_TCGA_b122_128_SNP_N_GenomeWideSNP_6_C04_781910	17	39430531	43655090	2168	0.1813
FOXED_p_TCGA_b122_128_SNP_N_GenomeWideSNP_6_C04_781910	17	43656380	43659426	6	1.0641
FOXED_p_TCGA_b122_128_SNP_N_GenomeWideSNP_6_C04_781910	17	43664693	44163098	338	0.1066
FOXED_p_TCGA_b122_128_SNP_N_GenomeWideSNP_6_C04_781910	17	44165803	44362363	124	0.8698
FOXED_p_TCGA_b122_128_SNP_N_GenomeWideSNP_6_C04_781910	17	44364170	44752300	49	-0.2339
FOXED_p_TCGA_b122_128_SNP_N_GenomeWideSNP_6_C04_781910	17	44764994	81041804	21617	0.1693
FOXED_p_TCGA_b122_128_SNP_N_GenomeWideSNP_6_C04_781910	17	81045157	81049726	3	-0.3123
FOXED_p_TCGA_b122_128_SNP_N_GenomeWideSNP_6_C04_781910	18	11543	78015057	50767	-0.3064
FOXED_p_TCGA_b122_128_SNP_N_GenomeWideSNP_6_C04_781910	19	90910	35658728	16640	-0.0348
FOXED_p_TCGA_b122_128_SNP_N_GenomeWideSNP_6_C04_781910	19	35663774	35663992	5	-1.1085
FOXED_p_TCGA_b122_128_SNP_N_GenomeWideSNP_6_C04_781910	19	35664043	59097854	12699	-0.031
FOXED_p_TCGA_b122_128_SNP_N_GenomeWideSNP_6_C04_781910	20	61305	61308	4	-0.5676
FOXED_p_TCGA_b122_128_SNP_N_GenomeWideSNP_6_C04_781910	20	61309	428928	263	0.339
FOXED_p_TCGA_b122_128_SNP_N_GenomeWideSNP_6_C04_781910	20	429789	430168	2	-0.9607
FOXED_p_TCGA_b122_128_SNP_N_GenomeWideSNP_6_C04_781910	20	430568	1560951	937	0.3358
FOXED_p_TCGA_b122_128_SNP_N_GenomeWideSNP_6_C04_781910	20	1560999	1593893	42	1.1111
FOXED_p_TCGA_b122_128_SNP_N_GenomeWideSNP_6_C04_781910	20	1597946	3811433	1572	0.3269
FOXED_p_TCGA_b122_128_SNP_N_GenomeWideSNP_6_C04_781910	20	3812706	3843027	12	-0.2557
FOXED_p_TCGA_b122_128_SNP_N_GenomeWideSNP_6_C04_781910	20	3843393	14850762	8432	0.3382
FOXED_p_TCGA_b122_128_SNP_N_GenomeWideSNP_6_C04_781910	20	14850780	15431565	520	0.1218
FOXED_p_TCGA_b122_128_SNP_N_GenomeWideSNP_6_C04_781910	20	15431800	25990441	8175	0.3976
FOXED_p_TCGA_b122_128_SNP_N_GenomeWideSNP_6_C04_781910	20	25991296	26057387	5	-0.3766
FOXED_p_TCGA_b122_128_SNP_N_GenomeWideSNP_6_C04_781910	20	26069758	26305491	109	0.3628
FOXED_p_TCGA_b122_128_SNP_N_GenomeWideSNP_6_C04_781910	20	26305579	29529915	27	-0.1708
FOXED_p_TCGA_b122_128_SNP_N_GenomeWideSNP_6_C04_781910	20	29533682	55535038	17355	0.4121
FOXED_p_TCGA_b122_128_SNP_N_GenomeWideSNP_6_C04_781910	20	55535065	55535082	2	-0.8338
FOXED_p_TCGA_b122_128_SNP_N_GenomeWideSNP_6_C04_781910	20	55535138	61179294	4350	0.4068
FOXED_p_TCGA_b122_128_SNP_N_GenomeWideSNP_6_C04_781910	20	61179388	61182062	2	-0.8009
FOXED_p_TCGA_b122_128_SNP_N_GenomeWideSNP_6_C04_781910	20	61183145	62956153	712	0.3608
FOXED_p_TCGA_b122_128_SNP_N_GenomeWideSNP_6_C04_781910	21	10736871	10982829	62	0.3816
FOXED_p_TCGA_b122_128_SNP_N_GenomeWideSNP_6_C04_781910	21	10983231	14594235	100	0.1449
FOXED_p_TCGA_b122_128_SNP_N_GenomeWideSNP_6_C04_781910	21	14595264	39907857	18384	-0.0507
FOXED_p_TCGA_b122_128_SNP_N_GenomeWideSNP_6_C04_781910	21	39908117	39908521	4	-1.2444
FOXED_p_TCGA_b122_128_SNP_N_GenomeWideSNP_6_C04_781910	21	39910680	44255188	3678	-0.0483
FOXED_p_TCGA_b122_128_SNP_N_GenomeWideSNP_6_C04_781910	21	44264522	44275979	12	-0.5374
FOXED_p_TCGA_b122_128_SNP_N_GenomeWideSNP_6_C04_781910	21	44276083	44690856	227	-0.0592
FOXED_p_TCGA_b122_128_SNP_N_GenomeWideSNP_6_C04_781910	21	44690926	44692364	2	-1.6274
FOXED_p_TCGA_b122_128_SNP_N_GenomeWideSNP_6_C04_781910	21	44693310	44968053	179	-0.1428
FOXED_p_TCGA_b122_128_SNP_N_GenomeWideSNP_6_C04_781910	21	44970873	44972812	2	-2.7909
FOXED_p_TCGA_b122_128_SNP_N_GenomeWideSNP_6_C04_781910	21	44973667	48096957	1763	-0.0759
FOXED_p_TCGA_b122_128_SNP_N_GenomeWideSNP_6_C04_781910	22	16052528	19837768	1841	-0.0603
FOXED_p_TCGA_b122_128_SNP_N_GenomeWideSNP_6_C04_781910	22	19839016	19874209	28	-0.5344
FOXED_p_TCGA_b122_128_SNP_N_GenomeWideSNP_6_C04_781910	22	19874430	22752462	1775	-0.1009
FOXED_p_TCGA_b122_128_SNP_N_GenomeWideSNP_6_C04_781910	22	22752680	22752880	4	0.937
FOXED_p_TCGA_b122_128_SNP_N_GenomeWideSNP_6_C04_781910	22	22757321	24174303	851	-0.0808
FOXED_p_TCGA_b122_128_SNP_N_GenomeWideSNP_6_C04_781910	22	24174335	24175101	4	-1.1128
FOXED_p_TCGA_b122_128_SNP_N_GenomeWideSNP_6_C04_781910	22	24175170	24271745	83	-0.0574
FOXED_p_TCGA_b122_128_SNP_N_GenomeWideSNP_6_C04_781910	22	24283016	24396814	52	-0.6112
FOXED_p_TCGA_b122_128_SNP_N_GenomeWideSNP_6_C04_781910	22	24401529	44000711	13470	-0.0475
FOXED_p_TCGA_b122_128_SNP_N_GenomeWideSNP_6_C04_781910	22	44001846	44002454	2	-2.5429
FOXED_p_TCGA_b122_128_SNP_N_GenomeWideSNP_6_C04_781910	22	44002568	51234455	5440	-0.0909
FOXED_p_TCGA_b122_128_SNP_N_GenomeWideSNP_6_C04_781910	X	168477	1934383	85	-0.0533
FOXED_p_TCGA_b122_128_SNP_N_GenomeWideSNP_6_C04_781910	X	2042200	58286230	33471	0.1372
FOXED_p_TCGA_b122_128_SNP_N_GenomeWideSNP_6_C04_781910	X	58287098	155182354	50910	-0.0979
FOXED_p_TCGA_b122_128_SNP_N_GenomeWideSNP_6_C04_781910	Y	2650438	59018259	8635	-0.589
