Sample	Chromosome	Start	End	Num_Probes	Segment_Mean
FOXED_p_TCGA_b122_128_SNP_N_GenomeWideSNP_6_B11_781742	1	61735	98602	17	-0.7248
FOXED_p_TCGA_b122_128_SNP_N_GenomeWideSNP_6_B11_781742	1	228706	9589413	4835	0.0045
FOXED_p_TCGA_b122_128_SNP_N_GenomeWideSNP_6_B11_781742	1	9596481	9596865	2	-1.7885
FOXED_p_TCGA_b122_128_SNP_N_GenomeWideSNP_6_B11_781742	1	9602373	12838744	1674	0.0359
FOXED_p_TCGA_b122_128_SNP_N_GenomeWideSNP_6_B11_781742	1	12839576	13471945	72	-0.4669
FOXED_p_TCGA_b122_128_SNP_N_GenomeWideSNP_6_B11_781742	1	13506877	17182437	2233	0.0196
FOXED_p_TCGA_b122_128_SNP_N_GenomeWideSNP_6_B11_781742	1	17190004	17261248	57	-0.4468
FOXED_p_TCGA_b122_128_SNP_N_GenomeWideSNP_6_B11_781742	1	17261263	35091674	10278	0.0345
FOXED_p_TCGA_b122_128_SNP_N_GenomeWideSNP_6_B11_781742	1	35102654	35104491	20	-2.5457
FOXED_p_TCGA_b122_128_SNP_N_GenomeWideSNP_6_B11_781742	1	35114268	61671468	16141	0.0268
FOXED_p_TCGA_b122_128_SNP_N_GenomeWideSNP_6_B11_781742	1	61676932	72750353	7719	-0.6571
FOXED_p_TCGA_b122_128_SNP_N_GenomeWideSNP_6_B11_781742	1	72756113	72763370	9	-2.4283
FOXED_p_TCGA_b122_128_SNP_N_GenomeWideSNP_6_B11_781742	1	72768418	72811148	48	0.1715
FOXED_p_TCGA_b122_128_SNP_N_GenomeWideSNP_6_B11_781742	1	72811904	85537890	8313	-0.6792
FOXED_p_TCGA_b122_128_SNP_N_GenomeWideSNP_6_B11_781742	1	85539127	85542557	7	-6.7265
FOXED_p_TCGA_b122_128_SNP_N_GenomeWideSNP_6_B11_781742	1	85542620	89775729	2824	-0.6613
FOXED_p_TCGA_b122_128_SNP_N_GenomeWideSNP_6_B11_781742	1	89775908	89775972	2	-2.5355
FOXED_p_TCGA_b122_128_SNP_N_GenomeWideSNP_6_B11_781742	1	89780262	104225568	8937	-0.6719
FOXED_p_TCGA_b122_128_SNP_N_GenomeWideSNP_6_B11_781742	1	104239689	104261206	12	0.1566
FOXED_p_TCGA_b122_128_SNP_N_GenomeWideSNP_6_B11_781742	1	104268222	106013376	920	-0.6712
FOXED_p_TCGA_b122_128_SNP_N_GenomeWideSNP_6_B11_781742	1	106019205	106024070	19	-0.0486
FOXED_p_TCGA_b122_128_SNP_N_GenomeWideSNP_6_B11_781742	1	106024090	112696193	4635	-0.6778
FOXED_p_TCGA_b122_128_SNP_N_GenomeWideSNP_6_B11_781742	1	112696273	112706082	26	0.0058
FOXED_p_TCGA_b122_128_SNP_N_GenomeWideSNP_6_B11_781742	1	112706118	114634399	1143	-0.653
FOXED_p_TCGA_b122_128_SNP_N_GenomeWideSNP_6_B11_781742	1	114635458	114639043	2	-3.4284
FOXED_p_TCGA_b122_128_SNP_N_GenomeWideSNP_6_B11_781742	1	114639504	118282300	2470	-0.6719
FOXED_p_TCGA_b122_128_SNP_N_GenomeWideSNP_6_B11_781742	1	118284902	118445115	84	0.5759
FOXED_p_TCGA_b122_128_SNP_N_GenomeWideSNP_6_B11_781742	1	118450251	152555767	4336	0.0932
FOXED_p_TCGA_b122_128_SNP_N_GenomeWideSNP_6_B11_781742	1	152555795	152573205	19	0.5916
FOXED_p_TCGA_b122_128_SNP_N_GenomeWideSNP_6_B11_781742	1	152573416	152756806	183	0.1055
FOXED_p_TCGA_b122_128_SNP_N_GenomeWideSNP_6_B11_781742	1	152757690	152768700	39	0.616
FOXED_p_TCGA_b122_128_SNP_N_GenomeWideSNP_6_B11_781742	1	152773905	158866573	3623	0.1162
FOXED_p_TCGA_b122_128_SNP_N_GenomeWideSNP_6_B11_781742	1	158868501	158869759	2	-1.2224
FOXED_p_TCGA_b122_128_SNP_N_GenomeWideSNP_6_B11_781742	1	158874818	164944020	4322	0.0944
FOXED_p_TCGA_b122_128_SNP_N_GenomeWideSNP_6_B11_781742	1	164945516	164945826	2	-1.1717
FOXED_p_TCGA_b122_128_SNP_N_GenomeWideSNP_6_B11_781742	1	164946735	169216937	3400	0.1019
FOXED_p_TCGA_b122_128_SNP_N_GenomeWideSNP_6_B11_781742	1	169233974	169241766	7	1.1942
FOXED_p_TCGA_b122_128_SNP_N_GenomeWideSNP_6_B11_781742	1	169242401	178180719	5773	0.0946
FOXED_p_TCGA_b122_128_SNP_N_GenomeWideSNP_6_B11_781742	1	178189956	178235361	21	-0.6357
FOXED_p_TCGA_b122_128_SNP_N_GenomeWideSNP_6_B11_781742	1	178235807	196714873	12421	0.0936
FOXED_p_TCGA_b122_128_SNP_N_GenomeWideSNP_6_B11_781742	1	196727850	196839163	112	0.3514
FOXED_p_TCGA_b122_128_SNP_N_GenomeWideSNP_6_B11_781742	1	196839430	210071062	8810	0.0993
FOXED_p_TCGA_b122_128_SNP_N_GenomeWideSNP_6_B11_781742	1	210081613	210083984	3	1.2385
FOXED_p_TCGA_b122_128_SNP_N_GenomeWideSNP_6_B11_781742	1	210086552	249224388	27144	0.0934
FOXED_p_TCGA_b122_128_SNP_N_GenomeWideSNP_6_B11_781742	2	12784	4205687	2991	0.0162
FOXED_p_TCGA_b122_128_SNP_N_GenomeWideSNP_6_B11_781742	2	4213864	4224019	42	-0.5603
FOXED_p_TCGA_b122_128_SNP_N_GenomeWideSNP_6_B11_781742	2	4230062	14703694	8020	0.0494
FOXED_p_TCGA_b122_128_SNP_N_GenomeWideSNP_6_B11_781742	2	14704949	14710092	12	-0.8309
FOXED_p_TCGA_b122_128_SNP_N_GenomeWideSNP_6_B11_781742	2	14710364	24606954	6894	0.0586
FOXED_p_TCGA_b122_128_SNP_N_GenomeWideSNP_6_B11_781742	2	24606982	24611727	15	-0.6633
FOXED_p_TCGA_b122_128_SNP_N_GenomeWideSNP_6_B11_781742	2	24613559	35975973	7074	0.0727
FOXED_p_TCGA_b122_128_SNP_N_GenomeWideSNP_6_B11_781742	2	35977790	35986908	5	1.0891
FOXED_p_TCGA_b122_128_SNP_N_GenomeWideSNP_6_B11_781742	2	35987916	38954495	2323	0.0929
FOXED_p_TCGA_b122_128_SNP_N_GenomeWideSNP_6_B11_781742	2	38955866	38972281	8	0.8021
FOXED_p_TCGA_b122_128_SNP_N_GenomeWideSNP_6_B11_781742	2	38972826	41238618	1624	0.0709
FOXED_p_TCGA_b122_128_SNP_N_GenomeWideSNP_6_B11_781742	2	41238673	41243427	15	-0.532
FOXED_p_TCGA_b122_128_SNP_N_GenomeWideSNP_6_B11_781742	2	41243455	87128201	30263	0.0799
FOXED_p_TCGA_b122_128_SNP_N_GenomeWideSNP_6_B11_781742	2	87129203	87137385	2	-1.691
FOXED_p_TCGA_b122_128_SNP_N_GenomeWideSNP_6_B11_781742	2	87161853	103173508	5158	0.0413
FOXED_p_TCGA_b122_128_SNP_N_GenomeWideSNP_6_B11_781742	2	103174598	103182759	15	-0.7498
FOXED_p_TCGA_b122_128_SNP_N_GenomeWideSNP_6_B11_781742	2	103191710	133038729	17588	0.0655
FOXED_p_TCGA_b122_128_SNP_N_GenomeWideSNP_6_B11_781742	2	133046772	133122139	31	0.423
FOXED_p_TCGA_b122_128_SNP_N_GenomeWideSNP_6_B11_781742	2	133123699	140361385	4832	0.0554
FOXED_p_TCGA_b122_128_SNP_N_GenomeWideSNP_6_B11_781742	2	140366091	140373334	2	-1.1157
FOXED_p_TCGA_b122_128_SNP_N_GenomeWideSNP_6_B11_781742	2	140378548	146862085	4014	0.0481
FOXED_p_TCGA_b122_128_SNP_N_GenomeWideSNP_6_B11_781742	2	146864404	146866934	24	-1.706
FOXED_p_TCGA_b122_128_SNP_N_GenomeWideSNP_6_B11_781742	2	146877806	243089456	59191	0.0718
FOXED_p_TCGA_b122_128_SNP_N_GenomeWideSNP_6_B11_781742	3	60345	224602	157	0.091
FOXED_p_TCGA_b122_128_SNP_N_GenomeWideSNP_6_B11_781742	3	230022	232800	4	-0.8492
FOXED_p_TCGA_b122_128_SNP_N_GenomeWideSNP_6_B11_781742	3	234877	6646543	5686	0.1102
FOXED_p_TCGA_b122_128_SNP_N_GenomeWideSNP_6_B11_781742	3	6651128	6653332	23	-0.7197
FOXED_p_TCGA_b122_128_SNP_N_GenomeWideSNP_6_B11_781742	3	6655078	36283731	20714	0.0855
FOXED_p_TCGA_b122_128_SNP_N_GenomeWideSNP_6_B11_781742	3	36283957	36285030	3	-2.5054
FOXED_p_TCGA_b122_128_SNP_N_GenomeWideSNP_6_B11_781742	3	36285279	48131577	7251	0.0853
FOXED_p_TCGA_b122_128_SNP_N_GenomeWideSNP_6_B11_781742	3	48133698	49468182	489	-0.6456
FOXED_p_TCGA_b122_128_SNP_N_GenomeWideSNP_6_B11_781742	3	49475497	68746164	13567	0.0946
FOXED_p_TCGA_b122_128_SNP_N_GenomeWideSNP_6_B11_781742	3	68746259	68747413	14	-1.0821
FOXED_p_TCGA_b122_128_SNP_N_GenomeWideSNP_6_B11_781742	3	68748758	75568549	4937	0.0786
FOXED_p_TCGA_b122_128_SNP_N_GenomeWideSNP_6_B11_781742	3	75572549	75586805	6	0.9037
FOXED_p_TCGA_b122_128_SNP_N_GenomeWideSNP_6_B11_781742	3	75595181	98944598	11022	0.0664
FOXED_p_TCGA_b122_128_SNP_N_GenomeWideSNP_6_B11_781742	3	98944619	98949421	33	-0.3785
FOXED_p_TCGA_b122_128_SNP_N_GenomeWideSNP_6_B11_781742	3	98950964	146474143	29270	0.081
FOXED_p_TCGA_b122_128_SNP_N_GenomeWideSNP_6_B11_781742	3	146474323	146476483	3	-1.8727
FOXED_p_TCGA_b122_128_SNP_N_GenomeWideSNP_6_B11_781742	3	146477052	174287414	16973	0.0877
FOXED_p_TCGA_b122_128_SNP_N_GenomeWideSNP_6_B11_781742	3	174288867	174546857	169	-0.7269
FOXED_p_TCGA_b122_128_SNP_N_GenomeWideSNP_6_B11_781742	3	174550758	175963046	1016	0.1159
FOXED_p_TCGA_b122_128_SNP_N_GenomeWideSNP_6_B11_781742	3	175969120	176542719	351	-0.4348
FOXED_p_TCGA_b122_128_SNP_N_GenomeWideSNP_6_B11_781742	3	176543287	189360754	8095	0.078
FOXED_p_TCGA_b122_128_SNP_N_GenomeWideSNP_6_B11_781742	3	189363678	189364638	11	-0.8491
FOXED_p_TCGA_b122_128_SNP_N_GenomeWideSNP_6_B11_781742	3	189370988	191912870	1789	0.0761
FOXED_p_TCGA_b122_128_SNP_N_GenomeWideSNP_6_B11_781742	3	191913076	191914808	2	-2.4365
FOXED_p_TCGA_b122_128_SNP_N_GenomeWideSNP_6_B11_781742	3	191917368	197896118	3435	0.0966
FOXED_p_TCGA_b122_128_SNP_N_GenomeWideSNP_6_B11_781742	4	12281	35359	21	-0.5273
FOXED_p_TCGA_b122_128_SNP_N_GenomeWideSNP_6_B11_781742	4	35834	66719	37	-0.9134
FOXED_p_TCGA_b122_128_SNP_N_GenomeWideSNP_6_B11_781742	4	68821	10210390	5743	0.0563
FOXED_p_TCGA_b122_128_SNP_N_GenomeWideSNP_6_B11_781742	4	10223416	10235166	33	1.4361
FOXED_p_TCGA_b122_128_SNP_N_GenomeWideSNP_6_B11_781742	4	10235182	10390715	173	0.0263
FOXED_p_TCGA_b122_128_SNP_N_GenomeWideSNP_6_B11_781742	4	10392354	10400668	16	-2.3311
FOXED_p_TCGA_b122_128_SNP_N_GenomeWideSNP_6_B11_781742	4	10402718	34779054	16816	0.0654
FOXED_p_TCGA_b122_128_SNP_N_GenomeWideSNP_6_B11_781742	4	34786500	34829913	40	0.6119
FOXED_p_TCGA_b122_128_SNP_N_GenomeWideSNP_6_B11_781742	4	34829928	49267848	8992	0.0832
FOXED_p_TCGA_b122_128_SNP_N_GenomeWideSNP_6_B11_781742	4	49291192	49658612	23	-0.6871
FOXED_p_TCGA_b122_128_SNP_N_GenomeWideSNP_6_B11_781742	4	52685699	64705785	7605	0.0731
FOXED_p_TCGA_b122_128_SNP_N_GenomeWideSNP_6_B11_781742	4	64707581	64708258	8	0.7194
FOXED_p_TCGA_b122_128_SNP_N_GenomeWideSNP_6_B11_781742	4	64716431	69261064	2863	0.0785
FOXED_p_TCGA_b122_128_SNP_N_GenomeWideSNP_6_B11_781742	4	69282205	69536788	92	-0.1958
FOXED_p_TCGA_b122_128_SNP_N_GenomeWideSNP_6_B11_781742	4	69537152	69956350	222	0.1409
FOXED_p_TCGA_b122_128_SNP_N_GenomeWideSNP_6_B11_781742	4	69959125	69959679	2	-1.2115
FOXED_p_TCGA_b122_128_SNP_N_GenomeWideSNP_6_B11_781742	4	69961746	70127652	100	0.1063
FOXED_p_TCGA_b122_128_SNP_N_GenomeWideSNP_6_B11_781742	4	70128412	70231799	52	-0.5034
FOXED_p_TCGA_b122_128_SNP_N_GenomeWideSNP_6_B11_781742	4	70232022	82366322	7505	0.0916
FOXED_p_TCGA_b122_128_SNP_N_GenomeWideSNP_6_B11_781742	4	82370324	104675110	13474	-0.687
FOXED_p_TCGA_b122_128_SNP_N_GenomeWideSNP_6_B11_781742	4	104675198	104675301	2	-2.7948
FOXED_p_TCGA_b122_128_SNP_N_GenomeWideSNP_6_B11_781742	4	104675512	115175323	6379	-0.6817
FOXED_p_TCGA_b122_128_SNP_N_GenomeWideSNP_6_B11_781742	4	115175344	115184266	25	0.1032
FOXED_p_TCGA_b122_128_SNP_N_GenomeWideSNP_6_B11_781742	4	115184310	189437244	46280	-0.6972
FOXED_p_TCGA_b122_128_SNP_N_GenomeWideSNP_6_B11_781742	4	189437295	189437410	3	-2.2213
FOXED_p_TCGA_b122_128_SNP_N_GenomeWideSNP_6_B11_781742	4	189439872	190195118	570	-0.683
FOXED_p_TCGA_b122_128_SNP_N_GenomeWideSNP_6_B11_781742	4	190195622	190199264	3	-2.6807
FOXED_p_TCGA_b122_128_SNP_N_GenomeWideSNP_6_B11_781742	4	190199771	191027923	385	-0.6278
FOXED_p_TCGA_b122_128_SNP_N_GenomeWideSNP_6_B11_781742	5	15532	20746840	15410	0.0507
FOXED_p_TCGA_b122_128_SNP_N_GenomeWideSNP_6_B11_781742	5	20753282	20765911	4	-0.7215
FOXED_p_TCGA_b122_128_SNP_N_GenomeWideSNP_6_B11_781742	5	20770443	21376844	322	0.0372
FOXED_p_TCGA_b122_128_SNP_N_GenomeWideSNP_6_B11_781742	5	21377839	21377853	2	1.5671
FOXED_p_TCGA_b122_128_SNP_N_GenomeWideSNP_6_B11_781742	5	21386066	21449219	44	0.108
FOXED_p_TCGA_b122_128_SNP_N_GenomeWideSNP_6_B11_781742	5	21449276	21451998	5	0.9902
FOXED_p_TCGA_b122_128_SNP_N_GenomeWideSNP_6_B11_781742	5	21452438	57329115	20127	0.0646
FOXED_p_TCGA_b122_128_SNP_N_GenomeWideSNP_6_B11_781742	5	57329530	57332916	24	-0.6551
FOXED_p_TCGA_b122_128_SNP_N_GenomeWideSNP_6_B11_781742	5	57332955	61573372	2843	0.069
FOXED_p_TCGA_b122_128_SNP_N_GenomeWideSNP_6_B11_781742	5	61574991	61576273	3	-4.5467
FOXED_p_TCGA_b122_128_SNP_N_GenomeWideSNP_6_B11_781742	5	61582192	124626933	38232	0.0636
FOXED_p_TCGA_b122_128_SNP_N_GenomeWideSNP_6_B11_781742	5	124628973	124629015	2	-1.6185
FOXED_p_TCGA_b122_128_SNP_N_GenomeWideSNP_6_B11_781742	5	124629741	134822283	6095	0.0785
FOXED_p_TCGA_b122_128_SNP_N_GenomeWideSNP_6_B11_781742	5	134825485	134825683	2	-1.3885
FOXED_p_TCGA_b122_128_SNP_N_GenomeWideSNP_6_B11_781742	5	134828213	144493818	5747	0.0648
FOXED_p_TCGA_b122_128_SNP_N_GenomeWideSNP_6_B11_781742	5	144494175	144494564	4	-1.1894
FOXED_p_TCGA_b122_128_SNP_N_GenomeWideSNP_6_B11_781742	5	144494659	175470324	21591	0.0511
FOXED_p_TCGA_b122_128_SNP_N_GenomeWideSNP_6_B11_781742	5	175477120	175477180	2	-1.9133
FOXED_p_TCGA_b122_128_SNP_N_GenomeWideSNP_6_B11_781742	5	175524197	180361838	2539	0.0424
FOXED_p_TCGA_b122_128_SNP_N_GenomeWideSNP_6_B11_781742	5	180372168	180417911	21	0.636
FOXED_p_TCGA_b122_128_SNP_N_GenomeWideSNP_6_B11_781742	5	180418103	180790320	172	0.0676
FOXED_p_TCGA_b122_128_SNP_N_GenomeWideSNP_6_B11_781742	6	149661	29837188	21762	0.0729
FOXED_p_TCGA_b122_128_SNP_N_GenomeWideSNP_6_B11_781742	6	29837314	29849267	14	-1.0576
FOXED_p_TCGA_b122_128_SNP_N_GenomeWideSNP_6_B11_781742	6	29850196	31280823	674	0.0982
FOXED_p_TCGA_b122_128_SNP_N_GenomeWideSNP_6_B11_781742	6	31286276	31309924	12	1.0495
FOXED_p_TCGA_b122_128_SNP_N_GenomeWideSNP_6_B11_781742	6	31317347	32622194	569	0.115
FOXED_p_TCGA_b122_128_SNP_N_GenomeWideSNP_6_B11_781742	6	32624304	32626618	6	-0.9023
FOXED_p_TCGA_b122_128_SNP_N_GenomeWideSNP_6_B11_781742	6	32650612	33937999	810	0.076
FOXED_p_TCGA_b122_128_SNP_N_GenomeWideSNP_6_B11_781742	6	33938743	33942705	7	-0.9757
FOXED_p_TCGA_b122_128_SNP_N_GenomeWideSNP_6_B11_781742	6	33944586	53931084	12935	0.088
FOXED_p_TCGA_b122_128_SNP_N_GenomeWideSNP_6_B11_781742	6	53931151	53931855	7	0.9406
FOXED_p_TCGA_b122_128_SNP_N_GenomeWideSNP_6_B11_781742	6	53935348	73000295	9518	0.0843
FOXED_p_TCGA_b122_128_SNP_N_GenomeWideSNP_6_B11_781742	6	73002181	73004331	4	-0.8731
FOXED_p_TCGA_b122_128_SNP_N_GenomeWideSNP_6_B11_781742	6	73007083	73218691	156	0.093
FOXED_p_TCGA_b122_128_SNP_N_GenomeWideSNP_6_B11_781742	6	73221841	73222063	2	-1.0456
FOXED_p_TCGA_b122_128_SNP_N_GenomeWideSNP_6_B11_781742	6	73227795	74591858	849	0.0783
FOXED_p_TCGA_b122_128_SNP_N_GenomeWideSNP_6_B11_781742	6	74592225	74601410	10	0.8998
FOXED_p_TCGA_b122_128_SNP_N_GenomeWideSNP_6_B11_781742	6	74603555	77436532	1771	0.0894
FOXED_p_TCGA_b122_128_SNP_N_GenomeWideSNP_6_B11_781742	6	77439868	77452757	21	-0.3456
FOXED_p_TCGA_b122_128_SNP_N_GenomeWideSNP_6_B11_781742	6	77461073	78969065	981	0.0773
FOXED_p_TCGA_b122_128_SNP_N_GenomeWideSNP_6_B11_781742	6	78969105	79035185	112	0.4685
FOXED_p_TCGA_b122_128_SNP_N_GenomeWideSNP_6_B11_781742	6	79039234	115195456	22805	0.0803
FOXED_p_TCGA_b122_128_SNP_N_GenomeWideSNP_6_B11_781742	6	115202602	115202790	3	-2.3711
FOXED_p_TCGA_b122_128_SNP_N_GenomeWideSNP_6_B11_781742	6	115206276	118630396	1960	0.0726
FOXED_p_TCGA_b122_128_SNP_N_GenomeWideSNP_6_B11_781742	6	118634133	118656959	19	-0.6182
FOXED_p_TCGA_b122_128_SNP_N_GenomeWideSNP_6_B11_781742	6	118665890	171051005	35032	0.0777
FOXED_p_TCGA_b122_128_SNP_N_GenomeWideSNP_6_B11_781742	7	43355	54380373	38600	0.0835
FOXED_p_TCGA_b122_128_SNP_N_GenomeWideSNP_6_B11_781742	7	54386505	54386517	6	-1.4215
FOXED_p_TCGA_b122_128_SNP_N_GenomeWideSNP_6_B11_781742	7	54393488	64568852	3139	0.0483
FOXED_p_TCGA_b122_128_SNP_N_GenomeWideSNP_6_B11_781742	7	64594065	64637128	7	-1.5697
FOXED_p_TCGA_b122_128_SNP_N_GenomeWideSNP_6_B11_781742	7	64638157	66643268	751	0.0511
FOXED_p_TCGA_b122_128_SNP_N_GenomeWideSNP_6_B11_781742	7	66644504	66645232	2	-3.4909
FOXED_p_TCGA_b122_128_SNP_N_GenomeWideSNP_6_B11_781742	7	66647639	70420438	2400	0.0472
FOXED_p_TCGA_b122_128_SNP_N_GenomeWideSNP_6_B11_781742	7	70423250	70426141	2	-2.0173
FOXED_p_TCGA_b122_128_SNP_N_GenomeWideSNP_6_B11_781742	7	70428243	76153348	2192	0.0831
FOXED_p_TCGA_b122_128_SNP_N_GenomeWideSNP_6_B11_781742	7	76153363	76161297	3	1.0775
FOXED_p_TCGA_b122_128_SNP_N_GenomeWideSNP_6_B11_781742	7	76161308	109429927	20326	0.082
FOXED_p_TCGA_b122_128_SNP_N_GenomeWideSNP_6_B11_781742	7	109430050	109441212	29	-0.269
FOXED_p_TCGA_b122_128_SNP_N_GenomeWideSNP_6_B11_781742	7	109441244	109453910	11	-1.8944
FOXED_p_TCGA_b122_128_SNP_N_GenomeWideSNP_6_B11_781742	7	109453982	133778652	14764	0.079
FOXED_p_TCGA_b122_128_SNP_N_GenomeWideSNP_6_B11_781742	7	133785177	133795841	29	-0.3181
FOXED_p_TCGA_b122_128_SNP_N_GenomeWideSNP_6_B11_781742	7	133798053	142474939	5699	0.0803
FOXED_p_TCGA_b122_128_SNP_N_GenomeWideSNP_6_B11_781742	7	142476719	142486345	29	0.7515
FOXED_p_TCGA_b122_128_SNP_N_GenomeWideSNP_6_B11_781742	7	142486495	143710166	693	0.0993
FOXED_p_TCGA_b122_128_SNP_N_GenomeWideSNP_6_B11_781742	7	143710209	143711151	5	-0.7973
FOXED_p_TCGA_b122_128_SNP_N_GenomeWideSNP_6_B11_781742	7	143711169	143873952	138	0.0986
FOXED_p_TCGA_b122_128_SNP_N_GenomeWideSNP_6_B11_781742	7	143896252	143909445	5	-1.6949
FOXED_p_TCGA_b122_128_SNP_N_GenomeWideSNP_6_B11_781742	7	143911624	144050933	37	0.4672
FOXED_p_TCGA_b122_128_SNP_N_GenomeWideSNP_6_B11_781742	7	144051231	154389895	6455	0.0644
FOXED_p_TCGA_b122_128_SNP_N_GenomeWideSNP_6_B11_781742	7	154393171	154399613	4	-1.9112
FOXED_p_TCGA_b122_128_SNP_N_GenomeWideSNP_6_B11_781742	7	154400830	159127004	3246	0.0613
FOXED_p_TCGA_b122_128_SNP_N_GenomeWideSNP_6_B11_781742	8	31254	594944	328	0.514
FOXED_p_TCGA_b122_128_SNP_N_GenomeWideSNP_6_B11_781742	8	594973	606117	11	-0.067
FOXED_p_TCGA_b122_128_SNP_N_GenomeWideSNP_6_B11_781742	8	606356	3536545	2726	0.5187
FOXED_p_TCGA_b122_128_SNP_N_GenomeWideSNP_6_B11_781742	8	3536637	3541137	3	-0.494
FOXED_p_TCGA_b122_128_SNP_N_GenomeWideSNP_6_B11_781742	8	3541220	3784187	372	0.5597
FOXED_p_TCGA_b122_128_SNP_N_GenomeWideSNP_6_B11_781742	8	3787060	3790106	24	-0.6835
FOXED_p_TCGA_b122_128_SNP_N_GenomeWideSNP_6_B11_781742	8	3791218	4168502	726	0.5548
FOXED_p_TCGA_b122_128_SNP_N_GenomeWideSNP_6_B11_781742	8	4168616	4168663	2	-0.8378
FOXED_p_TCGA_b122_128_SNP_N_GenomeWideSNP_6_B11_781742	8	4168964	7012924	3632	0.5482
FOXED_p_TCGA_b122_128_SNP_N_GenomeWideSNP_6_B11_781742	8	7024567	7154067	7	-0.1181
FOXED_p_TCGA_b122_128_SNP_N_GenomeWideSNP_6_B11_781742	8	7170474	7186646	6	0.4132
FOXED_p_TCGA_b122_128_SNP_N_GenomeWideSNP_6_B11_781742	8	7193821	7238019	25	-0.1562
FOXED_p_TCGA_b122_128_SNP_N_GenomeWideSNP_6_B11_781742	8	7250380	11949551	3442	0.5576
FOXED_p_TCGA_b122_128_SNP_N_GenomeWideSNP_6_B11_781742	8	11987726	12001123	6	-1.7876
FOXED_p_TCGA_b122_128_SNP_N_GenomeWideSNP_6_B11_781742	8	12034307	12247486	49	1.0475
FOXED_p_TCGA_b122_128_SNP_N_GenomeWideSNP_6_B11_781742	8	12260927	72212365	37550	0.5329
FOXED_p_TCGA_b122_128_SNP_N_GenomeWideSNP_6_B11_781742	8	72215311	72216599	9	-0.5892
FOXED_p_TCGA_b122_128_SNP_N_GenomeWideSNP_6_B11_781742	8	72219863	83269283	6818	0.5447
FOXED_p_TCGA_b122_128_SNP_N_GenomeWideSNP_6_B11_781742	8	83271376	83295018	12	-0.5997
FOXED_p_TCGA_b122_128_SNP_N_GenomeWideSNP_6_B11_781742	8	83297580	85257989	1149	0.5338
FOXED_p_TCGA_b122_128_SNP_N_GenomeWideSNP_6_B11_781742	8	85262883	85268666	19	-0.7817
FOXED_p_TCGA_b122_128_SNP_N_GenomeWideSNP_6_B11_781742	8	85270682	95557552	5849	0.5276
FOXED_p_TCGA_b122_128_SNP_N_GenomeWideSNP_6_B11_781742	8	95557602	95557992	6	1.6509
FOXED_p_TCGA_b122_128_SNP_N_GenomeWideSNP_6_B11_781742	8	95558115	112291494	10293	0.5406
FOXED_p_TCGA_b122_128_SNP_N_GenomeWideSNP_6_B11_781742	8	112294279	112295260	10	-1.3579
FOXED_p_TCGA_b122_128_SNP_N_GenomeWideSNP_6_B11_781742	8	112300281	144699157	22439	0.5319
FOXED_p_TCGA_b122_128_SNP_N_GenomeWideSNP_6_B11_781742	8	144705197	144706884	5	-0.8978
FOXED_p_TCGA_b122_128_SNP_N_GenomeWideSNP_6_B11_781742	8	144706978	144707808	3	-3.2792
FOXED_p_TCGA_b122_128_SNP_N_GenomeWideSNP_6_B11_781742	8	144718989	146298155	506	0.5225
FOXED_p_TCGA_b122_128_SNP_N_GenomeWideSNP_6_B11_781742	9	46587	5081528	5255	-0.0557
FOXED_p_TCGA_b122_128_SNP_N_GenomeWideSNP_6_B11_781742	9	5081541	5081953	8	-0.918
FOXED_p_TCGA_b122_128_SNP_N_GenomeWideSNP_6_B11_781742	9	5082995	23363115	15210	-0.0513
FOXED_p_TCGA_b122_128_SNP_N_GenomeWideSNP_6_B11_781742	9	23363933	23373484	7	0.8371
FOXED_p_TCGA_b122_128_SNP_N_GenomeWideSNP_6_B11_781742	9	23378488	39305344	10812	-0.0017
FOXED_p_TCGA_b122_128_SNP_N_GenomeWideSNP_6_B11_781742	9	39310907	39314120	4	-0.7322
FOXED_p_TCGA_b122_128_SNP_N_GenomeWideSNP_6_B11_781742	9	39315036	41846811	79	-0.0292
FOXED_p_TCGA_b122_128_SNP_N_GenomeWideSNP_6_B11_781742	9	41892866	42135708	13	-0.4726
FOXED_p_TCGA_b122_128_SNP_N_GenomeWideSNP_6_B11_781742	9	42136026	44136790	61	0.0302
FOXED_p_TCGA_b122_128_SNP_N_GenomeWideSNP_6_B11_781742	9	44145352	71002958	470	-0.2339
FOXED_p_TCGA_b122_128_SNP_N_GenomeWideSNP_6_B11_781742	9	71005578	90522594	14245	0.0528
FOXED_p_TCGA_b122_128_SNP_N_GenomeWideSNP_6_B11_781742	9	90554151	90554219	2	-1.3601
FOXED_p_TCGA_b122_128_SNP_N_GenomeWideSNP_6_B11_781742	9	90557957	94394246	2685	0.0481
FOXED_p_TCGA_b122_128_SNP_N_GenomeWideSNP_6_B11_781742	9	94402150	94403545	18	-0.5104
FOXED_p_TCGA_b122_128_SNP_N_GenomeWideSNP_6_B11_781742	9	94403710	118577007	17152	0.0686
FOXED_p_TCGA_b122_128_SNP_N_GenomeWideSNP_6_B11_781742	9	118577478	118577576	2	-1.4186
FOXED_p_TCGA_b122_128_SNP_N_GenomeWideSNP_6_B11_781742	9	118577993	124063591	4391	0.0493
FOXED_p_TCGA_b122_128_SNP_N_GenomeWideSNP_6_B11_781742	9	124072597	124076447	9	-1.0364
FOXED_p_TCGA_b122_128_SNP_N_GenomeWideSNP_6_B11_781742	9	124076529	134258779	5892	0.0667
FOXED_p_TCGA_b122_128_SNP_N_GenomeWideSNP_6_B11_781742	9	134260926	134265704	5	-0.8942
FOXED_p_TCGA_b122_128_SNP_N_GenomeWideSNP_6_B11_781742	9	134272015	138211368	2532	0.0602
FOXED_p_TCGA_b122_128_SNP_N_GenomeWideSNP_6_B11_781742	9	138214105	138216412	3	1.0494
FOXED_p_TCGA_b122_128_SNP_N_GenomeWideSNP_6_B11_781742	9	138217797	141091394	1115	0.0479
FOXED_p_TCGA_b122_128_SNP_N_GenomeWideSNP_6_B11_781742	10	72759	48736766	32259	-0.004
FOXED_p_TCGA_b122_128_SNP_N_GenomeWideSNP_6_B11_781742	10	48771950	49045895	14	-0.8175
FOXED_p_TCGA_b122_128_SNP_N_GenomeWideSNP_6_B11_781742	10	49082219	49322868	14	0.4662
FOXED_p_TCGA_b122_128_SNP_N_GenomeWideSNP_6_B11_781742	10	49322881	52983490	2144	-0.0109
FOXED_p_TCGA_b122_128_SNP_N_GenomeWideSNP_6_B11_781742	10	52983762	52992633	6	-0.721
FOXED_p_TCGA_b122_128_SNP_N_GenomeWideSNP_6_B11_781742	10	52995974	67309001	10347	0.0132
FOXED_p_TCGA_b122_128_SNP_N_GenomeWideSNP_6_B11_781742	10	67309007	67314446	15	-0.6046
FOXED_p_TCGA_b122_128_SNP_N_GenomeWideSNP_6_B11_781742	10	67322795	82881805	10146	0.0124
FOXED_p_TCGA_b122_128_SNP_N_GenomeWideSNP_6_B11_781742	10	82881975	82889783	8	-1.2042
FOXED_p_TCGA_b122_128_SNP_N_GenomeWideSNP_6_B11_781742	10	82894469	135434551	36176	-0.0608
FOXED_p_TCGA_b122_128_SNP_N_GenomeWideSNP_6_B11_781742	10	135449357	135506704	5	-1.015
FOXED_p_TCGA_b122_128_SNP_N_GenomeWideSNP_6_B11_781742	11	198510	4968117	2467	-0.6974
FOXED_p_TCGA_b122_128_SNP_N_GenomeWideSNP_6_B11_781742	11	4968510	4976814	38	-0.1831
FOXED_p_TCGA_b122_128_SNP_N_GenomeWideSNP_6_B11_781742	11	4976865	5787405	788	-0.6877
FOXED_p_TCGA_b122_128_SNP_N_GenomeWideSNP_6_B11_781742	11	5788080	5793583	10	-1.4124
FOXED_p_TCGA_b122_128_SNP_N_GenomeWideSNP_6_B11_781742	11	5794245	5809139	22	-2.4013
FOXED_p_TCGA_b122_128_SNP_N_GenomeWideSNP_6_B11_781742	11	5809338	18940870	9407	-0.7083
FOXED_p_TCGA_b122_128_SNP_N_GenomeWideSNP_6_B11_781742	11	18949072	18953128	28	-2.4243
FOXED_p_TCGA_b122_128_SNP_N_GenomeWideSNP_6_B11_781742	11	18954808	18961178	12	-4.3526
FOXED_p_TCGA_b122_128_SNP_N_GenomeWideSNP_6_B11_781742	11	18961281	55071548	21651	-0.6977
FOXED_p_TCGA_b122_128_SNP_N_GenomeWideSNP_6_B11_781742	11	55074691	55609683	351	0.1678
FOXED_p_TCGA_b122_128_SNP_N_GenomeWideSNP_6_B11_781742	11	55611786	66842469	5874	-0.6808
FOXED_p_TCGA_b122_128_SNP_N_GenomeWideSNP_6_B11_781742	11	66846941	67638911	285	0.073
FOXED_p_TCGA_b122_128_SNP_N_GenomeWideSNP_6_B11_781742	11	67639555	134944770	46058	-0.7095
FOXED_p_TCGA_b122_128_SNP_N_GenomeWideSNP_6_B11_781742	12	150442	9652050	6212	-0.0484
FOXED_p_TCGA_b122_128_SNP_N_GenomeWideSNP_6_B11_781742	12	9653398	9705126	13	0.5078
FOXED_p_TCGA_b122_128_SNP_N_GenomeWideSNP_6_B11_781742	12	9707322	11503975	1192	-0.0287
FOXED_p_TCGA_b122_128_SNP_N_GenomeWideSNP_6_B11_781742	12	11504091	11543406	33	0.3793
FOXED_p_TCGA_b122_128_SNP_N_GenomeWideSNP_6_B11_781742	12	11552192	34257481	16059	-0.0351
FOXED_p_TCGA_b122_128_SNP_N_GenomeWideSNP_6_B11_781742	12	34259144	34275406	7	-1.2496
FOXED_p_TCGA_b122_128_SNP_N_GenomeWideSNP_6_B11_781742	12	34275794	131734048	60638	-0.0437
FOXED_p_TCGA_b122_128_SNP_N_GenomeWideSNP_6_B11_781742	12	131734495	131740209	12	-0.6473
FOXED_p_TCGA_b122_128_SNP_N_GenomeWideSNP_6_B11_781742	12	131740322	133778189	949	-0.0668
FOXED_p_TCGA_b122_128_SNP_N_GenomeWideSNP_6_B11_781742	13	19026949	20121459	567	1.0619
FOXED_p_TCGA_b122_128_SNP_N_GenomeWideSNP_6_B11_781742	13	20123895	20123910	2	-1.882
FOXED_p_TCGA_b122_128_SNP_N_GenomeWideSNP_6_B11_781742	13	20124501	38075965	13009	1.1451
FOXED_p_TCGA_b122_128_SNP_N_GenomeWideSNP_6_B11_781742	13	38076267	38084757	12	1.7752
FOXED_p_TCGA_b122_128_SNP_N_GenomeWideSNP_6_B11_781742	13	38088330	48327155	7137	1.1597
FOXED_p_TCGA_b122_128_SNP_N_GenomeWideSNP_6_B11_781742	13	48328647	48329236	11	0.5298
FOXED_p_TCGA_b122_128_SNP_N_GenomeWideSNP_6_B11_781742	13	48334097	48946431	415	1.1621
FOXED_p_TCGA_b122_128_SNP_N_GenomeWideSNP_6_B11_781742	13	48949206	48984102	31	0.8111
FOXED_p_TCGA_b122_128_SNP_N_GenomeWideSNP_6_B11_781742	13	48984355	72804900	14284	1.1626
FOXED_p_TCGA_b122_128_SNP_N_GenomeWideSNP_6_B11_781742	13	72808482	72810336	3	-0.4777
FOXED_p_TCGA_b122_128_SNP_N_GenomeWideSNP_6_B11_781742	13	72813062	111723194	27102	1.1486
FOXED_p_TCGA_b122_128_SNP_N_GenomeWideSNP_6_B11_781742	13	111724124	111724532	2	-0.5828
FOXED_p_TCGA_b122_128_SNP_N_GenomeWideSNP_6_B11_781742	13	111724545	115108397	1783	1.1408
FOXED_p_TCGA_b122_128_SNP_N_GenomeWideSNP_6_B11_781742	14	19002124	20200183	82	-0.0489
FOXED_p_TCGA_b122_128_SNP_N_GenomeWideSNP_6_B11_781742	14	20200381	20422583	107	0.5457
FOXED_p_TCGA_b122_128_SNP_N_GenomeWideSNP_6_B11_781742	14	20423372	22393148	1357	0.0314
FOXED_p_TCGA_b122_128_SNP_N_GenomeWideSNP_6_B11_781742	14	22393359	22393545	3	-1.3416
FOXED_p_TCGA_b122_128_SNP_N_GenomeWideSNP_6_B11_781742	14	22393599	22978775	534	0.2624
FOXED_p_TCGA_b122_128_SNP_N_GenomeWideSNP_6_B11_781742	14	22983223	106460902	53082	-0.0055
FOXED_p_TCGA_b122_128_SNP_N_GenomeWideSNP_6_B11_781742	14	106479675	106479941	2	-1.6881
FOXED_p_TCGA_b122_128_SNP_N_GenomeWideSNP_6_B11_781742	14	106482128	106879831	181	-0.0847
FOXED_p_TCGA_b122_128_SNP_N_GenomeWideSNP_6_B11_781742	14	106881352	106918108	50	-2.1085
FOXED_p_TCGA_b122_128_SNP_N_GenomeWideSNP_6_B11_781742	14	106918649	107285437	224	-0.062
FOXED_p_TCGA_b122_128_SNP_N_GenomeWideSNP_6_B11_781742	15	20016328	56789475	21586	0.07
FOXED_p_TCGA_b122_128_SNP_N_GenomeWideSNP_6_B11_781742	15	56789529	56800977	27	-0.605
FOXED_p_TCGA_b122_128_SNP_N_GenomeWideSNP_6_B11_781742	15	56801623	102469040	30483	0.0796
FOXED_p_TCGA_b122_128_SNP_N_GenomeWideSNP_6_B11_781742	16	60777	589860	237	0.0741
FOXED_p_TCGA_b122_128_SNP_N_GenomeWideSNP_6_B11_781742	16	596442	653152	44	-0.2457
FOXED_p_TCGA_b122_128_SNP_N_GenomeWideSNP_6_B11_781742	16	653167	6391246	3268	0.0817
FOXED_p_TCGA_b122_128_SNP_N_GenomeWideSNP_6_B11_781742	16	6391874	6564548	211	-0.4581
FOXED_p_TCGA_b122_128_SNP_N_GenomeWideSNP_6_B11_781742	16	6566664	6591471	44	0.018
FOXED_p_TCGA_b122_128_SNP_N_GenomeWideSNP_6_B11_781742	16	6595898	6688079	138	-0.8103
FOXED_p_TCGA_b122_128_SNP_N_GenomeWideSNP_6_B11_781742	16	6692537	12648859	5493	0.0805
FOXED_p_TCGA_b122_128_SNP_N_GenomeWideSNP_6_B11_781742	16	12648978	12648995	2	-1.3647
FOXED_p_TCGA_b122_128_SNP_N_GenomeWideSNP_6_B11_781742	16	12650247	19945808	4102	0.091
FOXED_p_TCGA_b122_128_SNP_N_GenomeWideSNP_6_B11_781742	16	19945899	19965875	26	-0.6575
FOXED_p_TCGA_b122_128_SNP_N_GenomeWideSNP_6_B11_781742	16	19967362	23933847	2159	0.0788
FOXED_p_TCGA_b122_128_SNP_N_GenomeWideSNP_6_B11_781742	16	23934891	23942257	6	-0.936
FOXED_p_TCGA_b122_128_SNP_N_GenomeWideSNP_6_B11_781742	16	23943937	28753451	3268	0.0655
FOXED_p_TCGA_b122_128_SNP_N_GenomeWideSNP_6_B11_781742	16	28763848	28824652	3	-1.1601
FOXED_p_TCGA_b122_128_SNP_N_GenomeWideSNP_6_B11_781742	16	28824871	53458017	6311	0.069
FOXED_p_TCGA_b122_128_SNP_N_GenomeWideSNP_6_B11_781742	16	53469387	53470003	6	-0.6577
FOXED_p_TCGA_b122_128_SNP_N_GenomeWideSNP_6_B11_781742	16	53470034	55795214	2022	0.0588
FOXED_p_TCGA_b122_128_SNP_N_GenomeWideSNP_6_B11_781742	16	55796389	55822397	21	-0.7689
FOXED_p_TCGA_b122_128_SNP_N_GenomeWideSNP_6_B11_781742	16	55822444	78372611	14437	0.0818
FOXED_p_TCGA_b122_128_SNP_N_GenomeWideSNP_6_B11_781742	16	78372846	78384765	15	0.964
FOXED_p_TCGA_b122_128_SNP_N_GenomeWideSNP_6_B11_781742	16	78385001	90287535	10650	0.078
FOXED_p_TCGA_b122_128_SNP_N_GenomeWideSNP_6_B11_781742	17	526	4379226	2367	-0.6542
FOXED_p_TCGA_b122_128_SNP_N_GenomeWideSNP_6_B11_781742	17	4379578	4379847	2	-2.4792
FOXED_p_TCGA_b122_128_SNP_N_GenomeWideSNP_6_B11_781742	17	4381748	18358949	9047	-0.7053
FOXED_p_TCGA_b122_128_SNP_N_GenomeWideSNP_6_B11_781742	17	18361686	18453437	23	-1.5362
FOXED_p_TCGA_b122_128_SNP_N_GenomeWideSNP_6_B11_781742	17	18459272	36244358	7939	-0.6688
FOXED_p_TCGA_b122_128_SNP_N_GenomeWideSNP_6_B11_781742	17	36300607	36480609	21	0.6746
FOXED_p_TCGA_b122_128_SNP_N_GenomeWideSNP_6_B11_781742	17	36488404	36524254	23	3.4935
FOXED_p_TCGA_b122_128_SNP_N_GenomeWideSNP_6_B11_781742	17	36524666	36593017	39	0.2141
FOXED_p_TCGA_b122_128_SNP_N_GenomeWideSNP_6_B11_781742	17	36599406	36846124	116	3.5135
FOXED_p_TCGA_b122_128_SNP_N_GenomeWideSNP_6_B11_781742	17	36849977	37055077	99	-0.2487
FOXED_p_TCGA_b122_128_SNP_N_GenomeWideSNP_6_B11_781742	17	37055815	37132557	41	3.5026
FOXED_p_TCGA_b122_128_SNP_N_GenomeWideSNP_6_B11_781742	17	37147358	37420765	125	-0.6521
FOXED_p_TCGA_b122_128_SNP_N_GenomeWideSNP_6_B11_781742	17	37423137	37540203	58	-0.2183
FOXED_p_TCGA_b122_128_SNP_N_GenomeWideSNP_6_B11_781742	17	37540370	37804858	102	-0.634
FOXED_p_TCGA_b122_128_SNP_N_GenomeWideSNP_6_B11_781742	17	37813856	38047471	179	3.8536
FOXED_p_TCGA_b122_128_SNP_N_GenomeWideSNP_6_B11_781742	17	38052565	38066267	8	0.2793
FOXED_p_TCGA_b122_128_SNP_N_GenomeWideSNP_6_B11_781742	17	38067020	38528213	187	-0.5418
FOXED_p_TCGA_b122_128_SNP_N_GenomeWideSNP_6_B11_781742	17	38530107	38536983	2	3.035
FOXED_p_TCGA_b122_128_SNP_N_GenomeWideSNP_6_B11_781742	17	38543396	38599230	24	-0.1612
FOXED_p_TCGA_b122_128_SNP_N_GenomeWideSNP_6_B11_781742	17	38609187	38983551	240	0.1824
FOXED_p_TCGA_b122_128_SNP_N_GenomeWideSNP_6_B11_781742	17	38987760	39166656	136	3.1599
FOXED_p_TCGA_b122_128_SNP_N_GenomeWideSNP_6_B11_781742	17	39174208	39268353	58	-0.0759
FOXED_p_TCGA_b122_128_SNP_N_GenomeWideSNP_6_B11_781742	17	39275131	41438590	1226	-0.6099
FOXED_p_TCGA_b122_128_SNP_N_GenomeWideSNP_6_B11_781742	17	41439686	41439921	2	-2.424
FOXED_p_TCGA_b122_128_SNP_N_GenomeWideSNP_6_B11_781742	17	41443704	44162307	1394	-0.6516
FOXED_p_TCGA_b122_128_SNP_N_GenomeWideSNP_6_B11_781742	17	44162597	44394420	130	-0.1076
FOXED_p_TCGA_b122_128_SNP_N_GenomeWideSNP_6_B11_781742	17	44401067	44764994	46	-1.1207
FOXED_p_TCGA_b122_128_SNP_N_GenomeWideSNP_6_B11_781742	17	44784652	45549618	404	-0.6589
FOXED_p_TCGA_b122_128_SNP_N_GenomeWideSNP_6_B11_781742	17	45550267	45596829	12	-0.1462
FOXED_p_TCGA_b122_128_SNP_N_GenomeWideSNP_6_B11_781742	17	45596940	45613680	10	-0.7014
FOXED_p_TCGA_b122_128_SNP_N_GenomeWideSNP_6_B11_781742	17	45627280	45671064	11	0.1808
FOXED_p_TCGA_b122_128_SNP_N_GenomeWideSNP_6_B11_781742	17	45671347	47937317	1185	-0.653
FOXED_p_TCGA_b122_128_SNP_N_GenomeWideSNP_6_B11_781742	17	47938473	47941873	3	-2.0911
FOXED_p_TCGA_b122_128_SNP_N_GenomeWideSNP_6_B11_781742	17	47942375	58076174	6600	-0.677
FOXED_p_TCGA_b122_128_SNP_N_GenomeWideSNP_6_B11_781742	17	58079970	58080483	2	1.0753
FOXED_p_TCGA_b122_128_SNP_N_GenomeWideSNP_6_B11_781742	17	58102750	60580394	1231	-0.6542
FOXED_p_TCGA_b122_128_SNP_N_GenomeWideSNP_6_B11_781742	17	60581075	76616927	10028	0.0876
FOXED_p_TCGA_b122_128_SNP_N_GenomeWideSNP_6_B11_781742	17	76618426	76636136	16	-0.5407
FOXED_p_TCGA_b122_128_SNP_N_GenomeWideSNP_6_B11_781742	17	76638011	81049726	2109	0.0714
FOXED_p_TCGA_b122_128_SNP_N_GenomeWideSNP_6_B11_781742	18	11543	2047050	1450	-0.6755
FOXED_p_TCGA_b122_128_SNP_N_GenomeWideSNP_6_B11_781742	18	2047903	2048306	3	-2.4691
FOXED_p_TCGA_b122_128_SNP_N_GenomeWideSNP_6_B11_781742	18	2048609	4334839	1654	-0.689
FOXED_p_TCGA_b122_128_SNP_N_GenomeWideSNP_6_B11_781742	18	4336191	4336616	3	-2.356
FOXED_p_TCGA_b122_128_SNP_N_GenomeWideSNP_6_B11_781742	18	4336748	8522581	3074	-0.7251
FOXED_p_TCGA_b122_128_SNP_N_GenomeWideSNP_6_B11_781742	18	8523600	8524130	4	-2.1349
FOXED_p_TCGA_b122_128_SNP_N_GenomeWideSNP_6_B11_781742	18	8526817	41974818	18984	-0.6862
FOXED_p_TCGA_b122_128_SNP_N_GenomeWideSNP_6_B11_781742	18	41976886	41978522	5	-2.7544
FOXED_p_TCGA_b122_128_SNP_N_GenomeWideSNP_6_B11_781742	18	41978625	48178079	4385	-0.7037
FOXED_p_TCGA_b122_128_SNP_N_GenomeWideSNP_6_B11_781742	18	48179664	48552453	238	-3.5343
FOXED_p_TCGA_b122_128_SNP_N_GenomeWideSNP_6_B11_781742	18	48552481	48663825	152	-1.7576
FOXED_p_TCGA_b122_128_SNP_N_GenomeWideSNP_6_B11_781742	18	48666606	78015057	20761	-0.6968
FOXED_p_TCGA_b122_128_SNP_N_GenomeWideSNP_6_B11_781742	19	90910	114299	3	0.0084
FOXED_p_TCGA_b122_128_SNP_N_GenomeWideSNP_6_B11_781742	19	232496	10728713	4060	-0.6572
FOXED_p_TCGA_b122_128_SNP_N_GenomeWideSNP_6_B11_781742	19	10729553	19787811	4451	0.4594
FOXED_p_TCGA_b122_128_SNP_N_GenomeWideSNP_6_B11_781742	19	19796423	19958540	91	-0.0116
FOXED_p_TCGA_b122_128_SNP_N_GenomeWideSNP_6_B11_781742	19	19961226	20105067	103	0.476
FOXED_p_TCGA_b122_128_SNP_N_GenomeWideSNP_6_B11_781742	19	20107914	52144370	16239	4e-04
FOXED_p_TCGA_b122_128_SNP_N_GenomeWideSNP_6_B11_781742	19	52144590	52148197	7	-1.0383
FOXED_p_TCGA_b122_128_SNP_N_GenomeWideSNP_6_B11_781742	19	52154905	53528619	955	-0.0012
FOXED_p_TCGA_b122_128_SNP_N_GenomeWideSNP_6_B11_781742	19	53528647	53554240	16	-0.4478
FOXED_p_TCGA_b122_128_SNP_N_GenomeWideSNP_6_B11_781742	19	53554319	56278050	1561	3e-04
FOXED_p_TCGA_b122_128_SNP_N_GenomeWideSNP_6_B11_781742	19	56282070	56283067	5	1.0407
FOXED_p_TCGA_b122_128_SNP_N_GenomeWideSNP_6_B11_781742	19	56286293	59097854	1850	-0.0091
FOXED_p_TCGA_b122_128_SNP_N_GenomeWideSNP_6_B11_781742	20	61305	61548	8	0.1324
FOXED_p_TCGA_b122_128_SNP_N_GenomeWideSNP_6_B11_781742	20	61582	1560999	1199	0.5809
FOXED_p_TCGA_b122_128_SNP_N_GenomeWideSNP_6_B11_781742	20	1561580	1593893	41	1.889
FOXED_p_TCGA_b122_128_SNP_N_GenomeWideSNP_6_B11_781742	20	1597946	5148597	2601	0.5676
FOXED_p_TCGA_b122_128_SNP_N_GenomeWideSNP_6_B11_781742	20	5150900	5151114	2	-0.5922
FOXED_p_TCGA_b122_128_SNP_N_GenomeWideSNP_6_B11_781742	20	5153222	40359519	22225	0.5647
FOXED_p_TCGA_b122_128_SNP_N_GenomeWideSNP_6_B11_781742	20	40360023	40360027	5	-0.2676
FOXED_p_TCGA_b122_128_SNP_N_GenomeWideSNP_6_B11_781742	20	40360784	62956153	16446	0.564
FOXED_p_TCGA_b122_128_SNP_N_GenomeWideSNP_6_B11_781742	21	10736871	11018107	78	0.345
FOXED_p_TCGA_b122_128_SNP_N_GenomeWideSNP_6_B11_781742	21	11039219	11091483	18	-0.9532
FOXED_p_TCGA_b122_128_SNP_N_GenomeWideSNP_6_B11_781742	21	11091682	11175912	17	-0.1264
FOXED_p_TCGA_b122_128_SNP_N_GenomeWideSNP_6_B11_781742	21	14345669	14597032	53	0.3843
FOXED_p_TCGA_b122_128_SNP_N_GenomeWideSNP_6_B11_781742	21	14600082	44968053	22492	0.0819
FOXED_p_TCGA_b122_128_SNP_N_GenomeWideSNP_6_B11_781742	21	44970873	44972812	2	-2.4311
FOXED_p_TCGA_b122_128_SNP_N_GenomeWideSNP_6_B11_781742	21	44973667	48096957	1766	0.0792
FOXED_p_TCGA_b122_128_SNP_N_GenomeWideSNP_6_B11_781742	22	16052528	20473346	2151	0.0613
FOXED_p_TCGA_b122_128_SNP_N_GenomeWideSNP_6_B11_781742	22	20491884	20499111	2	1.7365
FOXED_p_TCGA_b122_128_SNP_N_GenomeWideSNP_6_B11_781742	22	20662706	21465672	698	0.0134
FOXED_p_TCGA_b122_128_SNP_N_GenomeWideSNP_6_B11_781742	22	21465835	21708030	9	1.1342
FOXED_p_TCGA_b122_128_SNP_N_GenomeWideSNP_6_B11_781742	22	21708108	24271745	1730	0.0617
FOXED_p_TCGA_b122_128_SNP_N_GenomeWideSNP_6_B11_781742	22	24283016	24330218	26	-0.4142
FOXED_p_TCGA_b122_128_SNP_N_GenomeWideSNP_6_B11_781742	22	24330269	24332933	4	-2.1248
FOXED_p_TCGA_b122_128_SNP_N_GenomeWideSNP_6_B11_781742	22	24337307	24394015	21	0.5428
FOXED_p_TCGA_b122_128_SNP_N_GenomeWideSNP_6_B11_781742	22	24396814	42892439	12789	0.0783
FOXED_p_TCGA_b122_128_SNP_N_GenomeWideSNP_6_B11_781742	22	42892582	42918711	14	-0.376
FOXED_p_TCGA_b122_128_SNP_N_GenomeWideSNP_6_B11_781742	22	42918929	51234455	6123	0.0671
FOXED_p_TCGA_b122_128_SNP_N_GenomeWideSNP_6_B11_781742	X	168477	5158364	1900	0.0119
FOXED_p_TCGA_b122_128_SNP_N_GenomeWideSNP_6_B11_781742	X	5160947	5162224	2	-2.5068
FOXED_p_TCGA_b122_128_SNP_N_GenomeWideSNP_6_B11_781742	X	5165812	69499512	35133	0.0153
FOXED_p_TCGA_b122_128_SNP_N_GenomeWideSNP_6_B11_781742	X	69504130	69504764	3	-3.3226
FOXED_p_TCGA_b122_128_SNP_N_GenomeWideSNP_6_B11_781742	X	69504787	127950091	31187	0.027
FOXED_p_TCGA_b122_128_SNP_N_GenomeWideSNP_6_B11_781742	X	127950187	128012565	52	-3.4215
FOXED_p_TCGA_b122_128_SNP_N_GenomeWideSNP_6_B11_781742	X	128013161	141616287	7815	0.0032
FOXED_p_TCGA_b122_128_SNP_N_GenomeWideSNP_6_B11_781742	X	141616423	141616761	3	-1.9035
FOXED_p_TCGA_b122_128_SNP_N_GenomeWideSNP_6_B11_781742	X	141616988	155182354	8220	-0.008
FOXED_p_TCGA_b122_128_SNP_N_GenomeWideSNP_6_B11_781742	Y	2650438	19571480	5660	-2.3467
FOXED_p_TCGA_b122_128_SNP_N_GenomeWideSNP_6_B11_781742	Y	19574890	21088297	704	-2.7175
FOXED_p_TCGA_b122_128_SNP_N_GenomeWideSNP_6_B11_781742	Y	21088485	22914301	630	-2.3859
FOXED_p_TCGA_b122_128_SNP_N_GenomeWideSNP_6_B11_781742	Y	22914378	22918577	2	-7.5751
FOXED_p_TCGA_b122_128_SNP_N_GenomeWideSNP_6_B11_781742	Y	22918892	24514859	611	-2.4023
FOXED_p_TCGA_b122_128_SNP_N_GenomeWideSNP_6_B11_781742	Y	24515802	28423938	840	-2.6717
FOXED_p_TCGA_b122_128_SNP_N_GenomeWideSNP_6_B11_781742	Y	28438116	59018259	183	-2.0561
