Sample	Chromosome	Start	End	Num_Probes	Segment_Mean
USAGE_p_TCGA_132_133_136_SNP_N_GenomeWideSNP_6_C10_787532	1	61735	16149915	8422	0.0298
USAGE_p_TCGA_132_133_136_SNP_N_GenomeWideSNP_6_C10_787532	1	16153497	16167799	13	0.5427
USAGE_p_TCGA_132_133_136_SNP_N_GenomeWideSNP_6_C10_787532	1	16167855	16931329	312	0.0246
USAGE_p_TCGA_132_133_136_SNP_N_GenomeWideSNP_6_C10_787532	1	16931526	16970456	28	-0.3339
USAGE_p_TCGA_132_133_136_SNP_N_GenomeWideSNP_6_C10_787532	1	17005734	17017078	21	0.1253
USAGE_p_TCGA_132_133_136_SNP_N_GenomeWideSNP_6_C10_787532	1	17017530	17303844	120	-0.1764
USAGE_p_TCGA_132_133_136_SNP_N_GenomeWideSNP_6_C10_787532	1	17308158	25583341	5254	0.0559
USAGE_p_TCGA_132_133_136_SNP_N_GenomeWideSNP_6_C10_787532	1	25593128	25662212	31	0.4993
USAGE_p_TCGA_132_133_136_SNP_N_GenomeWideSNP_6_C10_787532	1	25663310	35091674	4968	0.0458
USAGE_p_TCGA_132_133_136_SNP_N_GenomeWideSNP_6_C10_787532	1	35102654	35114268	21	-0.6432
USAGE_p_TCGA_132_133_136_SNP_N_GenomeWideSNP_6_C10_787532	1	35115542	72768916	23869	0.034
USAGE_p_TCGA_132_133_136_SNP_N_GenomeWideSNP_6_C10_787532	1	72768936	72811148	45	-1.1982
USAGE_p_TCGA_132_133_136_SNP_N_GenomeWideSNP_6_C10_787532	1	72811904	76050844	1933	-0.0329
USAGE_p_TCGA_132_133_136_SNP_N_GenomeWideSNP_6_C10_787532	1	76054763	76054854	2	-1.938
USAGE_p_TCGA_132_133_136_SNP_N_GenomeWideSNP_6_C10_787532	1	76059509	81888602	3855	-0.0241
USAGE_p_TCGA_132_133_136_SNP_N_GenomeWideSNP_6_C10_787532	1	81888605	81888724	5	-0.8925
USAGE_p_TCGA_132_133_136_SNP_N_GenomeWideSNP_6_C10_787532	1	81888868	89475255	5185	0.009
USAGE_p_TCGA_132_133_136_SNP_N_GenomeWideSNP_6_C10_787532	1	89477958	89478205	2	-2.4772
USAGE_p_TCGA_132_133_136_SNP_N_GenomeWideSNP_6_C10_787532	1	89481524	110232974	12740	0.0047
USAGE_p_TCGA_132_133_136_SNP_N_GenomeWideSNP_6_C10_787532	1	110233037	110240178	16	1.3059
USAGE_p_TCGA_132_133_136_SNP_N_GenomeWideSNP_6_C10_787532	1	110242953	112690326	1955	0.043
USAGE_p_TCGA_132_133_136_SNP_N_GenomeWideSNP_6_C10_787532	1	112695965	112697390	25	-1.2259
USAGE_p_TCGA_132_133_136_SNP_N_GenomeWideSNP_6_C10_787532	1	112705956	112706205	11	-0.3455
USAGE_p_TCGA_132_133_136_SNP_N_GenomeWideSNP_6_C10_787532	1	112706213	112784374	79	0.0033
USAGE_p_TCGA_132_133_136_SNP_N_GenomeWideSNP_6_C10_787532	1	112784918	112785334	3	-0.4429
USAGE_p_TCGA_132_133_136_SNP_N_GenomeWideSNP_6_C10_787532	1	112785771	113767257	597	0.0571
USAGE_p_TCGA_132_133_136_SNP_N_GenomeWideSNP_6_C10_787532	1	113767751	113773981	2	-2.2177
USAGE_p_TCGA_132_133_136_SNP_N_GenomeWideSNP_6_C10_787532	1	113774114	144842558	4551	0.0479
USAGE_p_TCGA_132_133_136_SNP_N_GenomeWideSNP_6_C10_787532	1	144849539	144849552	3	1.193
USAGE_p_TCGA_132_133_136_SNP_N_GenomeWideSNP_6_C10_787532	1	144865627	169216937	14379	0.0293
USAGE_p_TCGA_132_133_136_SNP_N_GenomeWideSNP_6_C10_787532	1	169233974	169238745	6	1.011
USAGE_p_TCGA_132_133_136_SNP_N_GenomeWideSNP_6_C10_787532	1	169241766	189719236	13513	0.007
USAGE_p_TCGA_132_133_136_SNP_N_GenomeWideSNP_6_C10_787532	1	189721806	189722611	5	-1.1913
USAGE_p_TCGA_132_133_136_SNP_N_GenomeWideSNP_6_C10_787532	1	189729091	193155792	2288	-0.0292
USAGE_p_TCGA_132_133_136_SNP_N_GenomeWideSNP_6_C10_787532	1	193156279	193156348	4	0.9081
USAGE_p_TCGA_132_133_136_SNP_N_GenomeWideSNP_6_C10_787532	1	193159723	193617669	350	-0.0063
USAGE_p_TCGA_132_133_136_SNP_N_GenomeWideSNP_6_C10_787532	1	193620816	193623669	2	-1.126
USAGE_p_TCGA_132_133_136_SNP_N_GenomeWideSNP_6_C10_787532	1	193624116	194448234	594	0.0082
USAGE_p_TCGA_132_133_136_SNP_N_GenomeWideSNP_6_C10_787532	1	194451411	194455018	2	1.3152
USAGE_p_TCGA_132_133_136_SNP_N_GenomeWideSNP_6_C10_787532	1	194457016	196709446	1449	-0.0387
USAGE_p_TCGA_132_133_136_SNP_N_GenomeWideSNP_6_C10_787532	1	196709760	196802072	98	-0.5562
USAGE_p_TCGA_132_133_136_SNP_N_GenomeWideSNP_6_C10_787532	1	196812507	213004455	10777	0.0169
USAGE_p_TCGA_132_133_136_SNP_N_GenomeWideSNP_6_C10_787532	1	213005012	213006397	6	-0.9283
USAGE_p_TCGA_132_133_136_SNP_N_GenomeWideSNP_6_C10_787532	1	213010436	248687845	24989	0.0028
USAGE_p_TCGA_132_133_136_SNP_N_GenomeWideSNP_6_C10_787532	1	248688160	248736075	12	-0.6847
USAGE_p_TCGA_132_133_136_SNP_N_GenomeWideSNP_6_C10_787532	1	248737447	249224388	179	-0.0069
USAGE_p_TCGA_132_133_136_SNP_N_GenomeWideSNP_6_C10_787532	2	12784	21293006	15876	-0.0192
USAGE_p_TCGA_132_133_136_SNP_N_GenomeWideSNP_6_C10_787532	2	21298421	21692457	271	-0.3618
USAGE_p_TCGA_132_133_136_SNP_N_GenomeWideSNP_6_C10_787532	2	21694984	28199464	3519	4e-04
USAGE_p_TCGA_132_133_136_SNP_N_GenomeWideSNP_6_C10_787532	2	28201637	28204972	2	-1.8303
USAGE_p_TCGA_132_133_136_SNP_N_GenomeWideSNP_6_C10_787532	2	28205581	28827196	391	0.0297
USAGE_p_TCGA_132_133_136_SNP_N_GenomeWideSNP_6_C10_787532	2	28831102	28833138	2	-2.1505
USAGE_p_TCGA_132_133_136_SNP_N_GenomeWideSNP_6_C10_787532	2	28833479	35975973	4967	-0.0027
USAGE_p_TCGA_132_133_136_SNP_N_GenomeWideSNP_6_C10_787532	2	35977790	35987916	6	0.9378
USAGE_p_TCGA_132_133_136_SNP_N_GenomeWideSNP_6_C10_787532	2	35987947	51773393	11533	0.0088
USAGE_p_TCGA_132_133_136_SNP_N_GenomeWideSNP_6_C10_787532	2	51774246	51781034	8	-0.9113
USAGE_p_TCGA_132_133_136_SNP_N_GenomeWideSNP_6_C10_787532	2	51788166	52754561	626	-0.0626
USAGE_p_TCGA_132_133_136_SNP_N_GenomeWideSNP_6_C10_787532	2	52754728	52754881	3	-1.4726
USAGE_p_TCGA_132_133_136_SNP_N_GenomeWideSNP_6_C10_787532	2	52758753	52764813	13	0.0661
USAGE_p_TCGA_132_133_136_SNP_N_GenomeWideSNP_6_C10_787532	2	52765392	52781275	11	0.4057
USAGE_p_TCGA_132_133_136_SNP_N_GenomeWideSNP_6_C10_787532	2	52781295	57450236	3436	-0.005
USAGE_p_TCGA_132_133_136_SNP_N_GenomeWideSNP_6_C10_787532	2	57450614	57455472	2	-1.5276
USAGE_p_TCGA_132_133_136_SNP_N_GenomeWideSNP_6_C10_787532	2	57461044	67872744	6464	-0.0036
USAGE_p_TCGA_132_133_136_SNP_N_GenomeWideSNP_6_C10_787532	2	67874634	67875117	2	1.2734
USAGE_p_TCGA_132_133_136_SNP_N_GenomeWideSNP_6_C10_787532	2	67875170	68379038	403	5e-04
USAGE_p_TCGA_132_133_136_SNP_N_GenomeWideSNP_6_C10_787532	2	68380184	68381852	4	-1.3117
USAGE_p_TCGA_132_133_136_SNP_N_GenomeWideSNP_6_C10_787532	2	68383922	69042461	421	0.0253
USAGE_p_TCGA_132_133_136_SNP_N_GenomeWideSNP_6_C10_787532	2	69042518	69042521	2	-1.382
USAGE_p_TCGA_132_133_136_SNP_N_GenomeWideSNP_6_C10_787532	2	69043321	74675078	3296	0.0253
USAGE_p_TCGA_132_133_136_SNP_N_GenomeWideSNP_6_C10_787532	2	74678079	74678094	2	-1.3346
USAGE_p_TCGA_132_133_136_SNP_N_GenomeWideSNP_6_C10_787532	2	74686379	86937687	7916	-0.0214
USAGE_p_TCGA_132_133_136_SNP_N_GenomeWideSNP_6_C10_787532	2	86953070	86953854	2	-1.4443
USAGE_p_TCGA_132_133_136_SNP_N_GenomeWideSNP_6_C10_787532	2	86970406	98154265	2146	-0.0206
USAGE_p_TCGA_132_133_136_SNP_N_GenomeWideSNP_6_C10_787532	2	98157272	98161710	3	-1.4931
USAGE_p_TCGA_132_133_136_SNP_N_GenomeWideSNP_6_C10_787532	2	98162189	133038729	20667	-0.0109
USAGE_p_TCGA_132_133_136_SNP_N_GenomeWideSNP_6_C10_787532	2	133046772	133117260	29	0.8169
USAGE_p_TCGA_132_133_136_SNP_N_GenomeWideSNP_6_C10_787532	2	133121946	146864583	8851	-0.046
USAGE_p_TCGA_132_133_136_SNP_N_GenomeWideSNP_6_C10_787532	2	146865079	146866934	19	0.8263
USAGE_p_TCGA_132_133_136_SNP_N_GenomeWideSNP_6_C10_787532	2	146877806	155196347	5045	-0.0197
USAGE_p_TCGA_132_133_136_SNP_N_GenomeWideSNP_6_C10_787532	2	155197639	155201724	3	-1.2653
USAGE_p_TCGA_132_133_136_SNP_N_GenomeWideSNP_6_C10_787532	2	155203283	156765867	914	-0.0121
USAGE_p_TCGA_132_133_136_SNP_N_GenomeWideSNP_6_C10_787532	2	156766219	156766833	2	-2.7525
USAGE_p_TCGA_132_133_136_SNP_N_GenomeWideSNP_6_C10_787532	2	156768217	237803366	50103	-0.0013
USAGE_p_TCGA_132_133_136_SNP_N_GenomeWideSNP_6_C10_787532	2	237803533	237803934	4	-1.0623
USAGE_p_TCGA_132_133_136_SNP_N_GenomeWideSNP_6_C10_787532	2	237803982	240409324	1649	-0.003
USAGE_p_TCGA_132_133_136_SNP_N_GenomeWideSNP_6_C10_787532	2	240412306	240412491	2	-3.3671
USAGE_p_TCGA_132_133_136_SNP_N_GenomeWideSNP_6_C10_787532	2	240413213	243089456	1429	-0.016
USAGE_p_TCGA_132_133_136_SNP_N_GenomeWideSNP_6_C10_787532	3	60345	1781803	1552	-0.0126
USAGE_p_TCGA_132_133_136_SNP_N_GenomeWideSNP_6_C10_787532	3	1782524	1787581	6	-1.208
USAGE_p_TCGA_132_133_136_SNP_N_GenomeWideSNP_6_C10_787532	3	1789158	6646543	4288	0.0202
USAGE_p_TCGA_132_133_136_SNP_N_GenomeWideSNP_6_C10_787532	3	6651128	6653332	23	-2.9424
USAGE_p_TCGA_132_133_136_SNP_N_GenomeWideSNP_6_C10_787532	3	6655078	53023211	29930	0.0231
USAGE_p_TCGA_132_133_136_SNP_N_GenomeWideSNP_6_C10_787532	3	53028375	53039677	43	-0.5202
USAGE_p_TCGA_132_133_136_SNP_N_GenomeWideSNP_6_C10_787532	3	53041344	60531297	5513	0.0165
USAGE_p_TCGA_132_133_136_SNP_N_GenomeWideSNP_6_C10_787532	3	60531709	60605489	84	-0.8122
USAGE_p_TCGA_132_133_136_SNP_N_GenomeWideSNP_6_C10_787532	3	60606242	60777932	186	0.0342
USAGE_p_TCGA_132_133_136_SNP_N_GenomeWideSNP_6_C10_787532	3	60780640	60781027	4	-0.8641
USAGE_p_TCGA_132_133_136_SNP_N_GenomeWideSNP_6_C10_787532	3	60784223	68746164	6245	0.0311
USAGE_p_TCGA_132_133_136_SNP_N_GenomeWideSNP_6_C10_787532	3	68746259	68747413	14	-1.3012
USAGE_p_TCGA_132_133_136_SNP_N_GenomeWideSNP_6_C10_787532	3	68748758	70037306	1097	-0.0096
USAGE_p_TCGA_132_133_136_SNP_N_GenomeWideSNP_6_C10_787532	3	70039781	70039845	2	-1.4038
USAGE_p_TCGA_132_133_136_SNP_N_GenomeWideSNP_6_C10_787532	3	70040544	98944598	14861	-0.0375
USAGE_p_TCGA_132_133_136_SNP_N_GenomeWideSNP_6_C10_787532	3	98944619	98949308	31	-0.4904
USAGE_p_TCGA_132_133_136_SNP_N_GenomeWideSNP_6_C10_787532	3	98949314	129785940	18761	0.0057
USAGE_p_TCGA_132_133_136_SNP_N_GenomeWideSNP_6_C10_787532	3	129786209	129806236	46	-1.3407
USAGE_p_TCGA_132_133_136_SNP_N_GenomeWideSNP_6_C10_787532	3	129806924	162512739	20299	0.0064
USAGE_p_TCGA_132_133_136_SNP_N_GenomeWideSNP_6_C10_787532	3	162513092	162625995	68	-0.4526
USAGE_p_TCGA_132_133_136_SNP_N_GenomeWideSNP_6_C10_787532	3	162626572	171088709	4931	-0.0209
USAGE_p_TCGA_132_133_136_SNP_N_GenomeWideSNP_6_C10_787532	3	171090367	171090385	2	-1.2776
USAGE_p_TCGA_132_133_136_SNP_N_GenomeWideSNP_6_C10_787532	3	171090593	186698098	9758	-0.0015
USAGE_p_TCGA_132_133_136_SNP_N_GenomeWideSNP_6_C10_787532	3	186700837	186700923	2	-3.7863
USAGE_p_TCGA_132_133_136_SNP_N_GenomeWideSNP_6_C10_787532	3	186708804	197835456	7210	0.0288
USAGE_p_TCGA_132_133_136_SNP_N_GenomeWideSNP_6_C10_787532	3	197835730	197896118	26	-0.3198
USAGE_p_TCGA_132_133_136_SNP_N_GenomeWideSNP_6_C10_787532	4	12281	32421740	21498	-0.018
USAGE_p_TCGA_132_133_136_SNP_N_GenomeWideSNP_6_C10_787532	4	32424824	32431218	8	-0.8593
USAGE_p_TCGA_132_133_136_SNP_N_GenomeWideSNP_6_C10_787532	4	32431585	34779054	1329	-0.0973
USAGE_p_TCGA_132_133_136_SNP_N_GenomeWideSNP_6_C10_787532	4	34786500	34824725	38	0.5369
USAGE_p_TCGA_132_133_136_SNP_N_GenomeWideSNP_6_C10_787532	4	34829872	69338564	19499	-0.0309
USAGE_p_TCGA_132_133_136_SNP_N_GenomeWideSNP_6_C10_787532	4	69344612	69489335	71	-0.3569
USAGE_p_TCGA_132_133_136_SNP_N_GenomeWideSNP_6_C10_787532	4	69505115	86976391	10840	0.0089
USAGE_p_TCGA_132_133_136_SNP_N_GenomeWideSNP_6_C10_787532	4	86976444	86979944	18	-0.6041
USAGE_p_TCGA_132_133_136_SNP_N_GenomeWideSNP_6_C10_787532	4	86980089	91102333	2516	0.0037
USAGE_p_TCGA_132_133_136_SNP_N_GenomeWideSNP_6_C10_787532	4	91103640	91287152	140	-0.8473
USAGE_p_TCGA_132_133_136_SNP_N_GenomeWideSNP_6_C10_787532	4	91287204	91291516	8	-4.075
USAGE_p_TCGA_132_133_136_SNP_N_GenomeWideSNP_6_C10_787532	4	91294368	91675285	195	-0.8121
USAGE_p_TCGA_132_133_136_SNP_N_GenomeWideSNP_6_C10_787532	4	91678803	119623467	16677	-0.0254
USAGE_p_TCGA_132_133_136_SNP_N_GenomeWideSNP_6_C10_787532	4	119623910	119624745	2	-1.1991
USAGE_p_TCGA_132_133_136_SNP_N_GenomeWideSNP_6_C10_787532	4	119628261	121185834	1024	-6e-04
USAGE_p_TCGA_132_133_136_SNP_N_GenomeWideSNP_6_C10_787532	4	121187900	121189528	2	-1.636
USAGE_p_TCGA_132_133_136_SNP_N_GenomeWideSNP_6_C10_787532	4	121191854	138092239	9624	-0.056
USAGE_p_TCGA_132_133_136_SNP_N_GenomeWideSNP_6_C10_787532	4	138092420	138092938	11	-0.9377
USAGE_p_TCGA_132_133_136_SNP_N_GenomeWideSNP_6_C10_787532	4	138093064	155802548	10856	-0.0117
USAGE_p_TCGA_132_133_136_SNP_N_GenomeWideSNP_6_C10_787532	4	155803005	155803078	3	-3.275
USAGE_p_TCGA_132_133_136_SNP_N_GenomeWideSNP_6_C10_787532	4	155803199	159547142	2435	-0.019
USAGE_p_TCGA_132_133_136_SNP_N_GenomeWideSNP_6_C10_787532	4	159547612	159549386	2	-1.1359
USAGE_p_TCGA_132_133_136_SNP_N_GenomeWideSNP_6_C10_787532	4	159551480	161880712	1492	-0.0176
USAGE_p_TCGA_132_133_136_SNP_N_GenomeWideSNP_6_C10_787532	4	161880812	161884584	10	-0.7159
USAGE_p_TCGA_132_133_136_SNP_N_GenomeWideSNP_6_C10_787532	4	161884600	172369346	6682	-0.0458
USAGE_p_TCGA_132_133_136_SNP_N_GenomeWideSNP_6_C10_787532	4	172374884	172377710	10	1.5552
USAGE_p_TCGA_132_133_136_SNP_N_GenomeWideSNP_6_C10_787532	4	172377724	191027923	12541	-0.0379
USAGE_p_TCGA_132_133_136_SNP_N_GenomeWideSNP_6_C10_787532	5	15532	670745	301	0.3638
USAGE_p_TCGA_132_133_136_SNP_N_GenomeWideSNP_6_C10_787532	5	676449	801571	43	0.0224
USAGE_p_TCGA_132_133_136_SNP_N_GenomeWideSNP_6_C10_787532	5	801765	7286388	5495	0.3594
USAGE_p_TCGA_132_133_136_SNP_N_GenomeWideSNP_6_C10_787532	5	7299700	7302893	2	-0.8971
USAGE_p_TCGA_132_133_136_SNP_N_GenomeWideSNP_6_C10_787532	5	7303876	16124245	6632	0.3813
USAGE_p_TCGA_132_133_136_SNP_N_GenomeWideSNP_6_C10_787532	5	16125128	16128234	6	-0.339
USAGE_p_TCGA_132_133_136_SNP_N_GenomeWideSNP_6_C10_787532	5	16128642	53529710	20836	0.356
USAGE_p_TCGA_132_133_136_SNP_N_GenomeWideSNP_6_C10_787532	5	53532703	53595072	43	-0.7294
USAGE_p_TCGA_132_133_136_SNP_N_GenomeWideSNP_6_C10_787532	5	53596227	53652313	30	0.3405
USAGE_p_TCGA_132_133_136_SNP_N_GenomeWideSNP_6_C10_787532	5	53654231	57321646	2521	-0.6869
USAGE_p_TCGA_132_133_136_SNP_N_GenomeWideSNP_6_C10_787532	5	57326027	57333515	31	-0.1251
USAGE_p_TCGA_132_133_136_SNP_N_GenomeWideSNP_6_C10_787532	5	57333533	151514171	57547	-0.7005
USAGE_p_TCGA_132_133_136_SNP_N_GenomeWideSNP_6_C10_787532	5	151515386	151518351	14	-1.8864
USAGE_p_TCGA_132_133_136_SNP_N_GenomeWideSNP_6_C10_787532	5	151520271	177198449	17453	-0.7263
USAGE_p_TCGA_132_133_136_SNP_N_GenomeWideSNP_6_C10_787532	5	177227551	177228579	2	1.8855
USAGE_p_TCGA_132_133_136_SNP_N_GenomeWideSNP_6_C10_787532	5	177232605	180790320	1986	-0.7122
USAGE_p_TCGA_132_133_136_SNP_N_GenomeWideSNP_6_C10_787532	6	149661	251648	94	-0.0761
USAGE_p_TCGA_132_133_136_SNP_N_GenomeWideSNP_6_C10_787532	6	252049	294474	28	0.3386
USAGE_p_TCGA_132_133_136_SNP_N_GenomeWideSNP_6_C10_787532	6	294725	18078082	13868	0.0161
USAGE_p_TCGA_132_133_136_SNP_N_GenomeWideSNP_6_C10_787532	6	18080251	18080504	3	-1.6855
USAGE_p_TCGA_132_133_136_SNP_N_GenomeWideSNP_6_C10_787532	6	18081199	23057637	3753	0.0071
USAGE_p_TCGA_132_133_136_SNP_N_GenomeWideSNP_6_C10_787532	6	23060991	23060995	2	-1.7493
USAGE_p_TCGA_132_133_136_SNP_N_GenomeWideSNP_6_C10_787532	6	23060999	26737032	2543	-0.0173
USAGE_p_TCGA_132_133_136_SNP_N_GenomeWideSNP_6_C10_787532	6	26737438	26813090	38	-0.3971
USAGE_p_TCGA_132_133_136_SNP_N_GenomeWideSNP_6_C10_787532	6	26818968	29850274	1444	-0.0184
USAGE_p_TCGA_132_133_136_SNP_N_GenomeWideSNP_6_C10_787532	6	29850366	29896421	11	-0.8105
USAGE_p_TCGA_132_133_136_SNP_N_GenomeWideSNP_6_C10_787532	6	29896659	31348200	717	0.0589
USAGE_p_TCGA_132_133_136_SNP_N_GenomeWideSNP_6_C10_787532	6	31348470	31348648	3	2.0797
USAGE_p_TCGA_132_133_136_SNP_N_GenomeWideSNP_6_C10_787532	6	31351035	32595083	508	0.0098
USAGE_p_TCGA_132_133_136_SNP_N_GenomeWideSNP_6_C10_787532	6	32595232	32605576	6	-1.3089
USAGE_p_TCGA_132_133_136_SNP_N_GenomeWideSNP_6_C10_787532	6	32605884	41613366	5931	0.0249
USAGE_p_TCGA_132_133_136_SNP_N_GenomeWideSNP_6_C10_787532	6	41613439	41619877	11	-0.5359
USAGE_p_TCGA_132_133_136_SNP_N_GenomeWideSNP_6_C10_787532	6	41620737	53931275	7815	0.0094
USAGE_p_TCGA_132_133_136_SNP_N_GenomeWideSNP_6_C10_787532	6	53931380	53931855	4	-1.3566
USAGE_p_TCGA_132_133_136_SNP_N_GenomeWideSNP_6_C10_787532	6	53935348	74592225	10523	-0.0403
USAGE_p_TCGA_132_133_136_SNP_N_GenomeWideSNP_6_C10_787532	6	74592457	74597341	8	-2.2825
USAGE_p_TCGA_132_133_136_SNP_N_GenomeWideSNP_6_C10_787532	6	74601410	77436532	1772	-0.0185
USAGE_p_TCGA_132_133_136_SNP_N_GenomeWideSNP_6_C10_787532	6	77439868	77452757	21	-0.6843
USAGE_p_TCGA_132_133_136_SNP_N_GenomeWideSNP_6_C10_787532	6	77461073	78972953	996	-0.0574
USAGE_p_TCGA_132_133_136_SNP_N_GenomeWideSNP_6_C10_787532	6	78979112	79041633	99	0.2835
USAGE_p_TCGA_132_133_136_SNP_N_GenomeWideSNP_6_C10_787532	6	79041719	81284759	1434	-0.0088
USAGE_p_TCGA_132_133_136_SNP_N_GenomeWideSNP_6_C10_787532	6	81284958	81289534	27	-0.863
USAGE_p_TCGA_132_133_136_SNP_N_GenomeWideSNP_6_C10_787532	6	81294341	95486391	9117	-0.0308
USAGE_p_TCGA_132_133_136_SNP_N_GenomeWideSNP_6_C10_787532	6	95486776	95571058	61	-0.9586
USAGE_p_TCGA_132_133_136_SNP_N_GenomeWideSNP_6_C10_787532	6	95583853	120994891	15526	-0.0167
USAGE_p_TCGA_132_133_136_SNP_N_GenomeWideSNP_6_C10_787532	6	120995024	120995493	2	-1.7081
USAGE_p_TCGA_132_133_136_SNP_N_GenomeWideSNP_6_C10_787532	6	121000781	161032229	26360	-0.0016
USAGE_p_TCGA_132_133_136_SNP_N_GenomeWideSNP_6_C10_787532	6	161032519	161033283	7	0.9554
USAGE_p_TCGA_132_133_136_SNP_N_GenomeWideSNP_6_C10_787532	6	161068042	171051005	7269	-0.0246
USAGE_p_TCGA_132_133_136_SNP_N_GenomeWideSNP_6_C10_787532	7	43355	54380373	38591	0.816
USAGE_p_TCGA_132_133_136_SNP_N_GenomeWideSNP_6_C10_787532	7	54386505	54386517	6	-1.0299
USAGE_p_TCGA_132_133_136_SNP_N_GenomeWideSNP_6_C10_787532	7	54393488	76300635	8544	0.751
USAGE_p_TCGA_132_133_136_SNP_N_GenomeWideSNP_6_C10_787532	7	76301839	76310660	34	0.2914
USAGE_p_TCGA_132_133_136_SNP_N_GenomeWideSNP_6_C10_787532	7	76325757	109433798	20246	0.7997
USAGE_p_TCGA_132_133_136_SNP_N_GenomeWideSNP_6_C10_787532	7	109437092	109437101	8	-0.3879
USAGE_p_TCGA_132_133_136_SNP_N_GenomeWideSNP_6_C10_787532	7	109437669	109440923	15	0.0733
USAGE_p_TCGA_132_133_136_SNP_N_GenomeWideSNP_6_C10_787532	7	109441212	109453910	12	-0.5596
USAGE_p_TCGA_132_133_136_SNP_N_GenomeWideSNP_6_C10_787532	7	109453982	110015588	362	0.7888
USAGE_p_TCGA_132_133_136_SNP_N_GenomeWideSNP_6_C10_787532	7	110016909	110110187	69	0.4663
USAGE_p_TCGA_132_133_136_SNP_N_GenomeWideSNP_6_C10_787532	7	110110566	126044974	9614	0.7957
USAGE_p_TCGA_132_133_136_SNP_N_GenomeWideSNP_6_C10_787532	7	126045482	126046877	14	-0.2857
USAGE_p_TCGA_132_133_136_SNP_N_GenomeWideSNP_6_C10_787532	7	126046878	128077817	1369	0.8272
USAGE_p_TCGA_132_133_136_SNP_N_GenomeWideSNP_6_C10_787532	7	128077891	128167314	35	0.4236
USAGE_p_TCGA_132_133_136_SNP_N_GenomeWideSNP_6_C10_787532	7	128172996	131811687	1966	0.8243
USAGE_p_TCGA_132_133_136_SNP_N_GenomeWideSNP_6_C10_787532	7	131814893	131815323	4	-0.254
USAGE_p_TCGA_132_133_136_SNP_N_GenomeWideSNP_6_C10_787532	7	131816473	133789506	1352	0.8089
USAGE_p_TCGA_132_133_136_SNP_N_GenomeWideSNP_6_C10_787532	7	133789965	133790443	5	1.9198
USAGE_p_TCGA_132_133_136_SNP_N_GenomeWideSNP_6_C10_787532	7	133795634	142474939	5705	0.807
USAGE_p_TCGA_132_133_136_SNP_N_GenomeWideSNP_6_C10_787532	7	142476719	142486045	27	1.5556
USAGE_p_TCGA_132_133_136_SNP_N_GenomeWideSNP_6_C10_787532	7	142486115	143217246	466	0.8085
USAGE_p_TCGA_132_133_136_SNP_N_GenomeWideSNP_6_C10_787532	7	143218408	143408430	35	0.2581
USAGE_p_TCGA_132_133_136_SNP_N_GenomeWideSNP_6_C10_787532	7	143425378	143444531	19	0.7327
USAGE_p_TCGA_132_133_136_SNP_N_GenomeWideSNP_6_C10_787532	7	143448379	143547010	46	-0.0793
USAGE_p_TCGA_132_133_136_SNP_N_GenomeWideSNP_6_C10_787532	7	143547084	143870505	269	0.8301
USAGE_p_TCGA_132_133_136_SNP_N_GenomeWideSNP_6_C10_787532	7	143873377	144066947	46	1.0743
USAGE_p_TCGA_132_133_136_SNP_N_GenomeWideSNP_6_C10_787532	7	144074929	145192317	713	0.79
USAGE_p_TCGA_132_133_136_SNP_N_GenomeWideSNP_6_C10_787532	7	145192718	145192893	2	-0.5652
USAGE_p_TCGA_132_133_136_SNP_N_GenomeWideSNP_6_C10_787532	7	145192945	149957071	2936	0.7976
USAGE_p_TCGA_132_133_136_SNP_N_GenomeWideSNP_6_C10_787532	7	149964375	149968236	4	-0.539
USAGE_p_TCGA_132_133_136_SNP_N_GenomeWideSNP_6_C10_787532	7	149988107	152573935	1459	0.8199
USAGE_p_TCGA_132_133_136_SNP_N_GenomeWideSNP_6_C10_787532	7	152578863	152579987	2	-0.7436
USAGE_p_TCGA_132_133_136_SNP_N_GenomeWideSNP_6_C10_787532	7	152586523	154387125	1335	0.7908
USAGE_p_TCGA_132_133_136_SNP_N_GenomeWideSNP_6_C10_787532	7	154389895	154399613	5	-0.0711
USAGE_p_TCGA_132_133_136_SNP_N_GenomeWideSNP_6_C10_787532	7	154400830	159127004	3247	0.8097
USAGE_p_TCGA_132_133_136_SNP_N_GenomeWideSNP_6_C10_787532	8	31254	12034307	11258	-0.8713
USAGE_p_TCGA_132_133_136_SNP_N_GenomeWideSNP_6_C10_787532	8	12034997	12554743	142	-0.4625
USAGE_p_TCGA_132_133_136_SNP_N_GenomeWideSNP_6_C10_787532	8	12556042	22042197	8447	-0.8229
USAGE_p_TCGA_132_133_136_SNP_N_GenomeWideSNP_6_C10_787532	8	22045583	27167942	3638	0.027
USAGE_p_TCGA_132_133_136_SNP_N_GenomeWideSNP_6_C10_787532	8	27169835	28443308	968	-0.8092
USAGE_p_TCGA_132_133_136_SNP_N_GenomeWideSNP_6_C10_787532	8	28448714	32678715	2782	0.6562
USAGE_p_TCGA_132_133_136_SNP_N_GenomeWideSNP_6_C10_787532	8	32678866	32692338	13	0.1608
USAGE_p_TCGA_132_133_136_SNP_N_GenomeWideSNP_6_C10_787532	8	32692356	47525576	6411	0.6668
USAGE_p_TCGA_132_133_136_SNP_N_GenomeWideSNP_6_C10_787532	8	47527548	47536546	9	1.536
USAGE_p_TCGA_132_133_136_SNP_N_GenomeWideSNP_6_C10_787532	8	47546095	90424074	25981	0.7644
USAGE_p_TCGA_132_133_136_SNP_N_GenomeWideSNP_6_C10_787532	8	90426318	90564114	54	0.2901
USAGE_p_TCGA_132_133_136_SNP_N_GenomeWideSNP_6_C10_787532	8	90564417	93019332	1438	0.7549
USAGE_p_TCGA_132_133_136_SNP_N_GenomeWideSNP_6_C10_787532	8	93019427	93020129	6	0.0839
USAGE_p_TCGA_132_133_136_SNP_N_GenomeWideSNP_6_C10_787532	8	93020588	95559832	1524	0.7857
USAGE_p_TCGA_132_133_136_SNP_N_GenomeWideSNP_6_C10_787532	8	95560052	95570545	14	0.255
USAGE_p_TCGA_132_133_136_SNP_N_GenomeWideSNP_6_C10_787532	8	95576350	112294646	10275	0.7885
USAGE_p_TCGA_132_133_136_SNP_N_GenomeWideSNP_6_C10_787532	8	112294670	112295245	5	4.1541
USAGE_p_TCGA_132_133_136_SNP_N_GenomeWideSNP_6_C10_787532	8	112295260	115929717	2054	0.7183
USAGE_p_TCGA_132_133_136_SNP_N_GenomeWideSNP_6_C10_787532	8	115929843	115932499	2	-0.9919
USAGE_p_TCGA_132_133_136_SNP_N_GenomeWideSNP_6_C10_787532	8	115932756	129858603	9679	0.8149
USAGE_p_TCGA_132_133_136_SNP_N_GenomeWideSNP_6_C10_787532	8	129859194	129861680	2	-0.5067
USAGE_p_TCGA_132_133_136_SNP_N_GenomeWideSNP_6_C10_787532	8	129867538	144295782	10568	0.7937
USAGE_p_TCGA_132_133_136_SNP_N_GenomeWideSNP_6_C10_787532	8	144299106	144310617	16	-0.0371
USAGE_p_TCGA_132_133_136_SNP_N_GenomeWideSNP_6_C10_787532	8	144314377	146298155	633	0.7726
USAGE_p_TCGA_132_133_136_SNP_N_GenomeWideSNP_6_C10_787532	9	46587	19832462	17798	-0.799
USAGE_p_TCGA_132_133_136_SNP_N_GenomeWideSNP_6_C10_787532	9	19842235	19903871	45	1.1186
USAGE_p_TCGA_132_133_136_SNP_N_GenomeWideSNP_6_C10_787532	9	19909669	33800628	10233	-0.0316
USAGE_p_TCGA_132_133_136_SNP_N_GenomeWideSNP_6_C10_787532	9	33803005	33803889	2	1.5378
USAGE_p_TCGA_132_133_136_SNP_N_GenomeWideSNP_6_C10_787532	9	33803970	39305146	3143	0.0013
USAGE_p_TCGA_132_133_136_SNP_N_GenomeWideSNP_6_C10_787532	9	39305344	40589772	36	-0.5031
USAGE_p_TCGA_132_133_136_SNP_N_GenomeWideSNP_6_C10_787532	9	40592906	43166988	76	-0.0502
USAGE_p_TCGA_132_133_136_SNP_N_GenomeWideSNP_6_C10_787532	9	43169603	43790346	43	-1.0621
USAGE_p_TCGA_132_133_136_SNP_N_GenomeWideSNP_6_C10_787532	9	43800186	44250853	32	-0.0577
USAGE_p_TCGA_132_133_136_SNP_N_GenomeWideSNP_6_C10_787532	9	44251228	44404912	14	0.654
USAGE_p_TCGA_132_133_136_SNP_N_GenomeWideSNP_6_C10_787532	9	44424451	44855737	40	-1.1848
USAGE_p_TCGA_132_133_136_SNP_N_GenomeWideSNP_6_C10_787532	9	44866028	69505946	286	0.0071
USAGE_p_TCGA_132_133_136_SNP_N_GenomeWideSNP_6_C10_787532	9	69507716	69522825	9	-1.2881
USAGE_p_TCGA_132_133_136_SNP_N_GenomeWideSNP_6_C10_787532	9	69533038	69630339	9	-0.0173
USAGE_p_TCGA_132_133_136_SNP_N_GenomeWideSNP_6_C10_787532	9	69637154	69696000	7	-1.1562
USAGE_p_TCGA_132_133_136_SNP_N_GenomeWideSNP_6_C10_787532	9	69807016	141091394	48101	-0.0037
USAGE_p_TCGA_132_133_136_SNP_N_GenomeWideSNP_6_C10_787532	10	72759	1687171	1069	-0.9074
USAGE_p_TCGA_132_133_136_SNP_N_GenomeWideSNP_6_C10_787532	10	1687420	2511284	798	0.0049
USAGE_p_TCGA_132_133_136_SNP_N_GenomeWideSNP_6_C10_787532	10	2512174	2515725	3	-1.1435
USAGE_p_TCGA_132_133_136_SNP_N_GenomeWideSNP_6_C10_787532	10	2519130	4287070	1704	0.0129
USAGE_p_TCGA_132_133_136_SNP_N_GenomeWideSNP_6_C10_787532	10	4290814	4291016	4	0.7753
USAGE_p_TCGA_132_133_136_SNP_N_GenomeWideSNP_6_C10_787532	10	4294071	13050005	7349	0.0095
USAGE_p_TCGA_132_133_136_SNP_N_GenomeWideSNP_6_C10_787532	10	13050023	13050170	4	-1.7225
USAGE_p_TCGA_132_133_136_SNP_N_GenomeWideSNP_6_C10_787532	10	13050428	24377674	8303	-0.0029
USAGE_p_TCGA_132_133_136_SNP_N_GenomeWideSNP_6_C10_787532	10	24377675	24378054	10	-1.7906
USAGE_p_TCGA_132_133_136_SNP_N_GenomeWideSNP_6_C10_787532	10	24378908	27223903	1994	0.0036
USAGE_p_TCGA_132_133_136_SNP_N_GenomeWideSNP_6_C10_787532	10	27225904	27228452	12	-0.8221
USAGE_p_TCGA_132_133_136_SNP_N_GenomeWideSNP_6_C10_787532	10	27228473	49731201	11274	-0.014
USAGE_p_TCGA_132_133_136_SNP_N_GenomeWideSNP_6_C10_787532	10	49732975	49732988	2	-1.8393
USAGE_p_TCGA_132_133_136_SNP_N_GenomeWideSNP_6_C10_787532	10	49733261	49948579	200	0.0025
USAGE_p_TCGA_132_133_136_SNP_N_GenomeWideSNP_6_C10_787532	10	49952123	49958535	5	-0.8433
USAGE_p_TCGA_132_133_136_SNP_N_GenomeWideSNP_6_C10_787532	10	49959645	56445616	4478	-0.0132
USAGE_p_TCGA_132_133_136_SNP_N_GenomeWideSNP_6_C10_787532	10	56452949	56472872	16	0.6513
USAGE_p_TCGA_132_133_136_SNP_N_GenomeWideSNP_6_C10_787532	10	56473373	58846422	1654	-0.0593
USAGE_p_TCGA_132_133_136_SNP_N_GenomeWideSNP_6_C10_787532	10	58846575	58849888	6	-1.0738
USAGE_p_TCGA_132_133_136_SNP_N_GenomeWideSNP_6_C10_787532	10	58853784	67306276	5862	0.0062
USAGE_p_TCGA_132_133_136_SNP_N_GenomeWideSNP_6_C10_787532	10	67307923	67336488	43	0.2741
USAGE_p_TCGA_132_133_136_SNP_N_GenomeWideSNP_6_C10_787532	10	67340178	81355072	9232	0.0017
USAGE_p_TCGA_132_133_136_SNP_N_GenomeWideSNP_6_C10_787532	10	81383874	81514190	17	-0.6631
USAGE_p_TCGA_132_133_136_SNP_N_GenomeWideSNP_6_C10_787532	10	81523306	88951234	5203	-0.0377
USAGE_p_TCGA_132_133_136_SNP_N_GenomeWideSNP_6_C10_787532	10	88956341	89167411	37	-0.4699
USAGE_p_TCGA_132_133_136_SNP_N_GenomeWideSNP_6_C10_787532	10	89167880	135506704	31819	0.0026
USAGE_p_TCGA_132_133_136_SNP_N_GenomeWideSNP_6_C10_787532	11	198510	5782925	3295	0.0044
USAGE_p_TCGA_132_133_136_SNP_N_GenomeWideSNP_6_C10_787532	11	5782959	5787405	8	-0.317
USAGE_p_TCGA_132_133_136_SNP_N_GenomeWideSNP_6_C10_787532	11	5788080	5802786	25	0.3774
USAGE_p_TCGA_132_133_136_SNP_N_GenomeWideSNP_6_C10_787532	11	5802866	5920926	105	0.0197
USAGE_p_TCGA_132_133_136_SNP_N_GenomeWideSNP_6_C10_787532	11	5922222	5922707	5	-1.1363
USAGE_p_TCGA_132_133_136_SNP_N_GenomeWideSNP_6_C10_787532	11	5931191	20843891	11054	0.0295
USAGE_p_TCGA_132_133_136_SNP_N_GenomeWideSNP_6_C10_787532	11	20844852	20849758	3	-1.0252
USAGE_p_TCGA_132_133_136_SNP_N_GenomeWideSNP_6_C10_787532	11	20850230	21953026	995	-0.0118
USAGE_p_TCGA_132_133_136_SNP_N_GenomeWideSNP_6_C10_787532	11	21953220	21953522	3	-0.9158
USAGE_p_TCGA_132_133_136_SNP_N_GenomeWideSNP_6_C10_787532	11	21953687	29225304	5038	-0.0358
USAGE_p_TCGA_132_133_136_SNP_N_GenomeWideSNP_6_C10_787532	11	29231525	29231610	2	-1.2118
USAGE_p_TCGA_132_133_136_SNP_N_GenomeWideSNP_6_C10_787532	11	29231954	48598422	12907	-0.0124
USAGE_p_TCGA_132_133_136_SNP_N_GenomeWideSNP_6_C10_787532	11	48601434	48602676	2	1.4332
USAGE_p_TCGA_132_133_136_SNP_N_GenomeWideSNP_6_C10_787532	11	48606318	79967513	14582	0.0049
USAGE_p_TCGA_132_133_136_SNP_N_GenomeWideSNP_6_C10_787532	11	79967548	79967564	2	1.0748
USAGE_p_TCGA_132_133_136_SNP_N_GenomeWideSNP_6_C10_787532	11	79967686	80538288	452	-0.0669
USAGE_p_TCGA_132_133_136_SNP_N_GenomeWideSNP_6_C10_787532	11	80538545	80543793	8	-0.7219
USAGE_p_TCGA_132_133_136_SNP_N_GenomeWideSNP_6_C10_787532	11	80543821	98387249	12308	-0.011
USAGE_p_TCGA_132_133_136_SNP_N_GenomeWideSNP_6_C10_787532	11	98390440	98390810	4	-1.0521
USAGE_p_TCGA_132_133_136_SNP_N_GenomeWideSNP_6_C10_787532	11	98396251	134411809	25929	-0.0011
USAGE_p_TCGA_132_133_136_SNP_N_GenomeWideSNP_6_C10_787532	11	134411914	134412004	2	-1.7365
USAGE_p_TCGA_132_133_136_SNP_N_GenomeWideSNP_6_C10_787532	11	134412926	134944770	433	-0.0845
USAGE_p_TCGA_132_133_136_SNP_N_GenomeWideSNP_6_C10_787532	12	150442	1053750	555	0.0021
USAGE_p_TCGA_132_133_136_SNP_N_GenomeWideSNP_6_C10_787532	12	1057093	2791530	1160	0.7715
USAGE_p_TCGA_132_133_136_SNP_N_GenomeWideSNP_6_C10_787532	12	2794045	3318113	325	0.0456
USAGE_p_TCGA_132_133_136_SNP_N_GenomeWideSNP_6_C10_787532	12	3318492	3412596	106	0.7385
USAGE_p_TCGA_132_133_136_SNP_N_GenomeWideSNP_6_C10_787532	12	3421452	7994787	3226	0.0501
USAGE_p_TCGA_132_133_136_SNP_N_GenomeWideSNP_6_C10_787532	12	8004425	8123900	60	0.5473
USAGE_p_TCGA_132_133_136_SNP_N_GenomeWideSNP_6_C10_787532	12	8130958	11215372	1839	0.0206
USAGE_p_TCGA_132_133_136_SNP_N_GenomeWideSNP_6_C10_787532	12	11216849	11260275	17	0.7841
USAGE_p_TCGA_132_133_136_SNP_N_GenomeWideSNP_6_C10_787532	12	11261335	22239298	7445	0.0179
USAGE_p_TCGA_132_133_136_SNP_N_GenomeWideSNP_6_C10_787532	12	22243515	22243561	2	-1.4901
USAGE_p_TCGA_132_133_136_SNP_N_GenomeWideSNP_6_C10_787532	12	22243661	31906672	7127	0.0102
USAGE_p_TCGA_132_133_136_SNP_N_GenomeWideSNP_6_C10_787532	12	31907274	31909908	4	-1.1468
USAGE_p_TCGA_132_133_136_SNP_N_GenomeWideSNP_6_C10_787532	12	31917220	33294660	1017	0.0145
USAGE_p_TCGA_132_133_136_SNP_N_GenomeWideSNP_6_C10_787532	12	33301406	33307374	27	-0.493
USAGE_p_TCGA_132_133_136_SNP_N_GenomeWideSNP_6_C10_787532	12	33308360	33385830	45	0.0112
USAGE_p_TCGA_132_133_136_SNP_N_GenomeWideSNP_6_C10_787532	12	33386757	33395142	5	-1.0285
USAGE_p_TCGA_132_133_136_SNP_N_GenomeWideSNP_6_C10_787532	12	33395418	41944196	3104	-0.04
USAGE_p_TCGA_132_133_136_SNP_N_GenomeWideSNP_6_C10_787532	12	41945295	41997375	54	-0.5885
USAGE_p_TCGA_132_133_136_SNP_N_GenomeWideSNP_6_C10_787532	12	41997650	48724820	4138	0.0176
USAGE_p_TCGA_132_133_136_SNP_N_GenomeWideSNP_6_C10_787532	12	48725019	48725415	5	-1.2265
USAGE_p_TCGA_132_133_136_SNP_N_GenomeWideSNP_6_C10_787532	12	48730036	58721231	5495	0.0298
USAGE_p_TCGA_132_133_136_SNP_N_GenomeWideSNP_6_C10_787532	12	58730151	58730162	2	-1.5201
USAGE_p_TCGA_132_133_136_SNP_N_GenomeWideSNP_6_C10_787532	12	58730848	90483350	20074	-0.0013
USAGE_p_TCGA_132_133_136_SNP_N_GenomeWideSNP_6_C10_787532	12	90491669	90492074	7	-1.1107
USAGE_p_TCGA_132_133_136_SNP_N_GenomeWideSNP_6_C10_787532	12	90493557	104694753	9604	0.0138
USAGE_p_TCGA_132_133_136_SNP_N_GenomeWideSNP_6_C10_787532	12	104697102	104697314	2	-1.4263
USAGE_p_TCGA_132_133_136_SNP_N_GenomeWideSNP_6_C10_787532	12	104698203	133778189	19647	0.0097
USAGE_p_TCGA_132_133_136_SNP_N_GenomeWideSNP_6_C10_787532	13	19026949	19319635	74	0.5709
USAGE_p_TCGA_132_133_136_SNP_N_GenomeWideSNP_6_C10_787532	13	19368654	19395638	10	-0.4484
USAGE_p_TCGA_132_133_136_SNP_N_GenomeWideSNP_6_C10_787532	13	19398553	19418888	31	0.3419
USAGE_p_TCGA_132_133_136_SNP_N_GenomeWideSNP_6_C10_787532	13	19426562	20820781	793	0.8618
USAGE_p_TCGA_132_133_136_SNP_N_GenomeWideSNP_6_C10_787532	13	20827251	20827940	2	-1.2126
USAGE_p_TCGA_132_133_136_SNP_N_GenomeWideSNP_6_C10_787532	13	20832547	38075965	12664	0.8763
USAGE_p_TCGA_132_133_136_SNP_N_GenomeWideSNP_6_C10_787532	13	38076267	38084757	12	1.3048
USAGE_p_TCGA_132_133_136_SNP_N_GenomeWideSNP_6_C10_787532	13	38088330	53094799	9916	0.891
USAGE_p_TCGA_132_133_136_SNP_N_GenomeWideSNP_6_C10_787532	13	53097984	53105785	3	-1.1677
USAGE_p_TCGA_132_133_136_SNP_N_GenomeWideSNP_6_C10_787532	13	53117879	72476988	11669	0.8129
USAGE_p_TCGA_132_133_136_SNP_N_GenomeWideSNP_6_C10_787532	13	72477555	72480556	4	-2.9808
USAGE_p_TCGA_132_133_136_SNP_N_GenomeWideSNP_6_C10_787532	13	72480605	98175247	16723	0.828
USAGE_p_TCGA_132_133_136_SNP_N_GenomeWideSNP_6_C10_787532	13	98177451	98177517	7	0.2635
USAGE_p_TCGA_132_133_136_SNP_N_GenomeWideSNP_6_C10_787532	13	98177765	115108397	12434	0.8839
USAGE_p_TCGA_132_133_136_SNP_N_GenomeWideSNP_6_C10_787532	14	19002124	19844107	63	-0.1505
USAGE_p_TCGA_132_133_136_SNP_N_GenomeWideSNP_6_C10_787532	14	19846877	19938441	6	0.7408
USAGE_p_TCGA_132_133_136_SNP_N_GenomeWideSNP_6_C10_787532	14	19968403	20157843	12	0.0112
USAGE_p_TCGA_132_133_136_SNP_N_GenomeWideSNP_6_C10_787532	14	20200183	20423372	108	-0.4524
USAGE_p_TCGA_132_133_136_SNP_N_GenomeWideSNP_6_C10_787532	14	20424926	22393148	1356	0.0476
USAGE_p_TCGA_132_133_136_SNP_N_GenomeWideSNP_6_C10_787532	14	22393359	22393521	2	-1.7548
USAGE_p_TCGA_132_133_136_SNP_N_GenomeWideSNP_6_C10_787532	14	22393545	22793143	370	0.2279
USAGE_p_TCGA_132_133_136_SNP_N_GenomeWideSNP_6_C10_787532	14	22794295	22795174	4	-6.912
USAGE_p_TCGA_132_133_136_SNP_N_GenomeWideSNP_6_C10_787532	14	22795572	22797742	3	-2.3543
USAGE_p_TCGA_132_133_136_SNP_N_GenomeWideSNP_6_C10_787532	14	22800933	22955716	104	0.227
USAGE_p_TCGA_132_133_136_SNP_N_GenomeWideSNP_6_C10_787532	14	22959292	60860151	23986	0.008
USAGE_p_TCGA_132_133_136_SNP_N_GenomeWideSNP_6_C10_787532	14	60860412	60871059	3	-1.0699
USAGE_p_TCGA_132_133_136_SNP_N_GenomeWideSNP_6_C10_787532	14	60872288	61055940	102	0.0378
USAGE_p_TCGA_132_133_136_SNP_N_GenomeWideSNP_6_C10_787532	14	61058142	61059136	2	-2.0911
USAGE_p_TCGA_132_133_136_SNP_N_GenomeWideSNP_6_C10_787532	14	61066218	73995774	8217	0.0349
USAGE_p_TCGA_132_133_136_SNP_N_GenomeWideSNP_6_C10_787532	14	74001123	74020979	9	-1.0116
USAGE_p_TCGA_132_133_136_SNP_N_GenomeWideSNP_6_C10_787532	14	74029900	82469343	5567	0.0284
USAGE_p_TCGA_132_133_136_SNP_N_GenomeWideSNP_6_C10_787532	14	82469360	82474438	4	-1.3782
USAGE_p_TCGA_132_133_136_SNP_N_GenomeWideSNP_6_C10_787532	14	82475149	106547314	15257	0.0064
USAGE_p_TCGA_132_133_136_SNP_N_GenomeWideSNP_6_C10_787532	14	106547507	106561441	9	-2.6254
USAGE_p_TCGA_132_133_136_SNP_N_GenomeWideSNP_6_C10_787532	14	106567100	106783044	103	-0.0826
USAGE_p_TCGA_132_133_136_SNP_N_GenomeWideSNP_6_C10_787532	14	106796025	106802053	7	-2.1328
USAGE_p_TCGA_132_133_136_SNP_N_GenomeWideSNP_6_C10_787532	14	106815943	106918649	85	0.0403
USAGE_p_TCGA_132_133_136_SNP_N_GenomeWideSNP_6_C10_787532	14	106922531	106931365	4	0.9857
USAGE_p_TCGA_132_133_136_SNP_N_GenomeWideSNP_6_C10_787532	14	106934284	107153042	126	-0.0157
USAGE_p_TCGA_132_133_136_SNP_N_GenomeWideSNP_6_C10_787532	14	107153067	107171776	15	-0.3854
USAGE_p_TCGA_132_133_136_SNP_N_GenomeWideSNP_6_C10_787532	14	107174572	107285437	78	0.02
USAGE_p_TCGA_132_133_136_SNP_N_GenomeWideSNP_6_C10_787532	15	20016328	22752010	431	-0.4437
USAGE_p_TCGA_132_133_136_SNP_N_GenomeWideSNP_6_C10_787532	15	22752520	26035433	1936	-0.8004
USAGE_p_TCGA_132_133_136_SNP_N_GenomeWideSNP_6_C10_787532	15	26035610	26037199	5	-2.1747
USAGE_p_TCGA_132_133_136_SNP_N_GenomeWideSNP_6_C10_787532	15	26037425	33793324	4683	-0.8084
USAGE_p_TCGA_132_133_136_SNP_N_GenomeWideSNP_6_C10_787532	15	33793344	33795457	2	-3.1472
USAGE_p_TCGA_132_133_136_SNP_N_GenomeWideSNP_6_C10_787532	15	33795710	86508959	32719	-0.7382
USAGE_p_TCGA_132_133_136_SNP_N_GenomeWideSNP_6_C10_787532	15	86511894	86521133	7	-4.9439
USAGE_p_TCGA_132_133_136_SNP_N_GenomeWideSNP_6_C10_787532	15	86521837	102420807	12042	-0.7729
USAGE_p_TCGA_132_133_136_SNP_N_GenomeWideSNP_6_C10_787532	15	102428985	102469040	10	0.2234
USAGE_p_TCGA_132_133_136_SNP_N_GenomeWideSNP_6_C10_787532	16	60777	6183267	3320	0.0185
USAGE_p_TCGA_132_133_136_SNP_N_GenomeWideSNP_6_C10_787532	16	6186396	6414802	249	-0.8931
USAGE_p_TCGA_132_133_136_SNP_N_GenomeWideSNP_6_C10_787532	16	6415497	22625584	11297	0.0229
USAGE_p_TCGA_132_133_136_SNP_N_GenomeWideSNP_6_C10_787532	16	22625602	22712979	59	-0.6341
USAGE_p_TCGA_132_133_136_SNP_N_GenomeWideSNP_6_C10_787532	16	22717588	33423063	5336	0.0189
USAGE_p_TCGA_132_133_136_SNP_N_GenomeWideSNP_6_C10_787532	16	33432160	33944606	122	0.3437
USAGE_p_TCGA_132_133_136_SNP_N_GenomeWideSNP_6_C10_787532	16	33945187	55795214	6944	0.0302
USAGE_p_TCGA_132_133_136_SNP_N_GenomeWideSNP_6_C10_787532	16	55796389	55822397	21	-0.781
USAGE_p_TCGA_132_133_136_SNP_N_GenomeWideSNP_6_C10_787532	16	55822444	78371608	14434	0.0179
USAGE_p_TCGA_132_133_136_SNP_N_GenomeWideSNP_6_C10_787532	16	78372440	78384765	16	-2.0613
USAGE_p_TCGA_132_133_136_SNP_N_GenomeWideSNP_6_C10_787532	16	78385001	78875927	661	-0.0043
USAGE_p_TCGA_132_133_136_SNP_N_GenomeWideSNP_6_C10_787532	16	78877301	78877418	2	-1.506
USAGE_p_TCGA_132_133_136_SNP_N_GenomeWideSNP_6_C10_787532	16	78877618	90287535	9977	0.0416
USAGE_p_TCGA_132_133_136_SNP_N_GenomeWideSNP_6_C10_787532	17	526	180832	105	-0.842
USAGE_p_TCGA_132_133_136_SNP_N_GenomeWideSNP_6_C10_787532	17	181082	193188	6	-2.3167
USAGE_p_TCGA_132_133_136_SNP_N_GenomeWideSNP_6_C10_787532	17	197537	14358445	8962	-0.7866
USAGE_p_TCGA_132_133_136_SNP_N_GenomeWideSNP_6_C10_787532	17	14358778	14358792	2	-3.6046
USAGE_p_TCGA_132_133_136_SNP_N_GenomeWideSNP_6_C10_787532	17	14359027	18358949	2320	-0.7992
USAGE_p_TCGA_132_133_136_SNP_N_GenomeWideSNP_6_C10_787532	17	18361686	18411923	14	-1.846
USAGE_p_TCGA_132_133_136_SNP_N_GenomeWideSNP_6_C10_787532	17	18412558	27055440	2437	-0.7303
USAGE_p_TCGA_132_133_136_SNP_N_GenomeWideSNP_6_C10_787532	17	27064352	39423103	7069	0.0343
USAGE_p_TCGA_132_133_136_SNP_N_GenomeWideSNP_6_C10_787532	17	39423153	39430531	18	1.1209
USAGE_p_TCGA_132_133_136_SNP_N_GenomeWideSNP_6_C10_787532	17	39432724	44162284	2506	0.0096
USAGE_p_TCGA_132_133_136_SNP_N_GenomeWideSNP_6_C10_787532	17	44162307	44364170	128	-0.3029
USAGE_p_TCGA_132_133_136_SNP_N_GenomeWideSNP_6_C10_787532	17	44394412	44505241	13	0.2691
USAGE_p_TCGA_132_133_136_SNP_N_GenomeWideSNP_6_C10_787532	17	44523711	44523726	2	2.1645
USAGE_p_TCGA_132_133_136_SNP_N_GenomeWideSNP_6_C10_787532	17	44546329	44752300	33	0.3691
USAGE_p_TCGA_132_133_136_SNP_N_GenomeWideSNP_6_C10_787532	17	44764994	64942513	11962	0.0368
USAGE_p_TCGA_132_133_136_SNP_N_GenomeWideSNP_6_C10_787532	17	64942694	64951279	10	-0.9512
USAGE_p_TCGA_132_133_136_SNP_N_GenomeWideSNP_6_C10_787532	17	64953852	77243063	7899	0.0366
USAGE_p_TCGA_132_133_136_SNP_N_GenomeWideSNP_6_C10_787532	17	77245660	77246216	2	-1.7071
USAGE_p_TCGA_132_133_136_SNP_N_GenomeWideSNP_6_C10_787532	17	77246390	81049726	1751	0.0081
USAGE_p_TCGA_132_133_136_SNP_N_GenomeWideSNP_6_C10_787532	18	11543	3054587	2138	-0.7729
USAGE_p_TCGA_132_133_136_SNP_N_GenomeWideSNP_6_C10_787532	18	3056688	3057072	2	-7.2361
USAGE_p_TCGA_132_133_136_SNP_N_GenomeWideSNP_6_C10_787532	18	3057607	76288435	47515	-0.7799
USAGE_p_TCGA_132_133_136_SNP_N_GenomeWideSNP_6_C10_787532	18	76291915	76294176	19	-2.0403
USAGE_p_TCGA_132_133_136_SNP_N_GenomeWideSNP_6_C10_787532	18	76298057	78015057	928	-0.8086
USAGE_p_TCGA_132_133_136_SNP_N_GenomeWideSNP_6_C10_787532	19	90910	7300055	2504	0.0149
USAGE_p_TCGA_132_133_136_SNP_N_GenomeWideSNP_6_C10_787532	19	7304492	7344986	6	0.8948
USAGE_p_TCGA_132_133_136_SNP_N_GenomeWideSNP_6_C10_787532	19	7397015	35785327	14263	-0.0013
USAGE_p_TCGA_132_133_136_SNP_N_GenomeWideSNP_6_C10_787532	19	35788482	35789685	4	-0.9905
USAGE_p_TCGA_132_133_136_SNP_N_GenomeWideSNP_6_C10_787532	19	35793038	35849322	50	-0.0265
USAGE_p_TCGA_132_133_136_SNP_N_GenomeWideSNP_6_C10_787532	19	35849493	35861848	22	-0.7134
USAGE_p_TCGA_132_133_136_SNP_N_GenomeWideSNP_6_C10_787532	19	35866744	43712250	3921	0.0235
USAGE_p_TCGA_132_133_136_SNP_N_GenomeWideSNP_6_C10_787532	19	43712598	43767012	21	-0.7933
USAGE_p_TCGA_132_133_136_SNP_N_GenomeWideSNP_6_C10_787532	19	43767261	55298580	6238	0.0162
USAGE_p_TCGA_132_133_136_SNP_N_GenomeWideSNP_6_C10_787532	19	55300069	55347963	27	-1.2152
USAGE_p_TCGA_132_133_136_SNP_N_GenomeWideSNP_6_C10_787532	19	55348691	59097854	2301	-0.0128
USAGE_p_TCGA_132_133_136_SNP_N_GenomeWideSNP_6_C10_787532	20	61305	1543409	1169	1.0102
USAGE_p_TCGA_132_133_136_SNP_N_GenomeWideSNP_6_C10_787532	20	1544843	1582092	73	-0.1807
USAGE_p_TCGA_132_133_136_SNP_N_GenomeWideSNP_6_C10_787532	20	1582207	1593893	6	-1.1529
USAGE_p_TCGA_132_133_136_SNP_N_GenomeWideSNP_6_C10_787532	20	1597946	1994350	344	-0.1656
USAGE_p_TCGA_132_133_136_SNP_N_GenomeWideSNP_6_C10_787532	20	1996770	1997648	3	-1.8842
USAGE_p_TCGA_132_133_136_SNP_N_GenomeWideSNP_6_C10_787532	20	1999855	14883186	9686	-0.1921
USAGE_p_TCGA_132_133_136_SNP_N_GenomeWideSNP_6_C10_787532	20	14883349	15119097	220	-3.5679
USAGE_p_TCGA_132_133_136_SNP_N_GenomeWideSNP_6_C10_787532	20	15119797	15301374	142	-0.2283
USAGE_p_TCGA_132_133_136_SNP_N_GenomeWideSNP_6_C10_787532	20	15301902	15302374	3	-2.2535
USAGE_p_TCGA_132_133_136_SNP_N_GenomeWideSNP_6_C10_787532	20	15305258	29498271	8422	-0.1953
USAGE_p_TCGA_132_133_136_SNP_N_GenomeWideSNP_6_C10_787532	20	29505830	29648997	39	0.8983
USAGE_p_TCGA_132_133_136_SNP_N_GenomeWideSNP_6_C10_787532	20	29651211	32652649	1450	1.4059
USAGE_p_TCGA_132_133_136_SNP_N_GenomeWideSNP_6_C10_787532	20	32653228	32938058	101	1.6937
USAGE_p_TCGA_132_133_136_SNP_N_GenomeWideSNP_6_C10_787532	20	32941170	40359519	4391	1.3713
USAGE_p_TCGA_132_133_136_SNP_N_GenomeWideSNP_6_C10_787532	20	40360023	40360027	5	0.1324
USAGE_p_TCGA_132_133_136_SNP_N_GenomeWideSNP_6_C10_787532	20	40360784	41263277	829	1.556
USAGE_p_TCGA_132_133_136_SNP_N_GenomeWideSNP_6_C10_787532	20	41263287	41268362	15	0.9859
USAGE_p_TCGA_132_133_136_SNP_N_GenomeWideSNP_6_C10_787532	20	41268486	46038235	3376	1.6361
USAGE_p_TCGA_132_133_136_SNP_N_GenomeWideSNP_6_C10_787532	20	46043814	62226088	11917	1.053
USAGE_p_TCGA_132_133_136_SNP_N_GenomeWideSNP_6_C10_787532	20	62226753	62664587	161	1.3044
USAGE_p_TCGA_132_133_136_SNP_N_GenomeWideSNP_6_C10_787532	20	62664636	62956153	146	1.0183
USAGE_p_TCGA_132_133_136_SNP_N_GenomeWideSNP_6_C10_787532	21	10736871	14453753	132	0.0709
USAGE_p_TCGA_132_133_136_SNP_N_GenomeWideSNP_6_C10_787532	21	14456416	14600082	35	-0.2352
USAGE_p_TCGA_132_133_136_SNP_N_GenomeWideSNP_6_C10_787532	21	14603577	24021135	6542	-0.7805
USAGE_p_TCGA_132_133_136_SNP_N_GenomeWideSNP_6_C10_787532	21	24021389	24043069	19	-5.0481
USAGE_p_TCGA_132_133_136_SNP_N_GenomeWideSNP_6_C10_787532	21	24044076	44690856	15650	-0.7737
USAGE_p_TCGA_132_133_136_SNP_N_GenomeWideSNP_6_C10_787532	21	44690926	44692364	2	-3.2954
USAGE_p_TCGA_132_133_136_SNP_N_GenomeWideSNP_6_C10_787532	21	44693310	48096957	1935	-0.8277
USAGE_p_TCGA_132_133_136_SNP_N_GenomeWideSNP_6_C10_787532	22	16052528	16386651	48	-0.3286
USAGE_p_TCGA_132_133_136_SNP_N_GenomeWideSNP_6_C10_787532	22	16386665	16506230	34	0.0173
USAGE_p_TCGA_132_133_136_SNP_N_GenomeWideSNP_6_C10_787532	22	16506275	16506460	4	-0.9765
USAGE_p_TCGA_132_133_136_SNP_N_GenomeWideSNP_6_C10_787532	22	16553466	18887381	1153	0.019
USAGE_p_TCGA_132_133_136_SNP_N_GenomeWideSNP_6_C10_787532	22	18890058	18896301	18	-0.2327
USAGE_p_TCGA_132_133_136_SNP_N_GenomeWideSNP_6_C10_787532	22	18904838	18904995	3	-1.4646
USAGE_p_TCGA_132_133_136_SNP_N_GenomeWideSNP_6_C10_787532	22	18905117	25081338	3736	-0.0309
USAGE_p_TCGA_132_133_136_SNP_N_GenomeWideSNP_6_C10_787532	22	25082115	25082534	3	-1.2666
USAGE_p_TCGA_132_133_136_SNP_N_GenomeWideSNP_6_C10_787532	22	25087674	42314413	12115	0.0374
USAGE_p_TCGA_132_133_136_SNP_N_GenomeWideSNP_6_C10_787532	22	42317111	42324169	5	-1.1148
USAGE_p_TCGA_132_133_136_SNP_N_GenomeWideSNP_6_C10_787532	22	42332622	42913069	318	0.0451
USAGE_p_TCGA_132_133_136_SNP_N_GenomeWideSNP_6_C10_787532	22	42913920	42925614	11	0.7379
USAGE_p_TCGA_132_133_136_SNP_N_GenomeWideSNP_6_C10_787532	22	42932317	45130466	1638	0.0578
USAGE_p_TCGA_132_133_136_SNP_N_GenomeWideSNP_6_C10_787532	22	45133340	45136311	3	-1.2211
USAGE_p_TCGA_132_133_136_SNP_N_GenomeWideSNP_6_C10_787532	22	45136635	46488228	881	0.0541
USAGE_p_TCGA_132_133_136_SNP_N_GenomeWideSNP_6_C10_787532	22	46489201	46494682	2	-1.3714
USAGE_p_TCGA_132_133_136_SNP_N_GenomeWideSNP_6_C10_787532	22	46494798	51234455	3594	-0.0072
USAGE_p_TCGA_132_133_136_SNP_N_GenomeWideSNP_6_C10_787532	X	168477	1934383	85	-0.0384
USAGE_p_TCGA_132_133_136_SNP_N_GenomeWideSNP_6_C10_787532	X	2042200	5158364	1826	0.1741
USAGE_p_TCGA_132_133_136_SNP_N_GenomeWideSNP_6_C10_787532	X	5160947	5162224	2	-1.3114
USAGE_p_TCGA_132_133_136_SNP_N_GenomeWideSNP_6_C10_787532	X	5165812	7234593	1657	0.1528
USAGE_p_TCGA_132_133_136_SNP_N_GenomeWideSNP_6_C10_787532	X	7236135	7325062	52	-0.3807
USAGE_p_TCGA_132_133_136_SNP_N_GenomeWideSNP_6_C10_787532	X	7325697	7377080	45	0.0588
USAGE_p_TCGA_132_133_136_SNP_N_GenomeWideSNP_6_C10_787532	X	7383909	16337398	6404	-0.2929
USAGE_p_TCGA_132_133_136_SNP_N_GenomeWideSNP_6_C10_787532	X	16338203	16354529	14	-1.1081
USAGE_p_TCGA_132_133_136_SNP_N_GenomeWideSNP_6_C10_787532	X	16356421	16951673	374	-0.2919
USAGE_p_TCGA_132_133_136_SNP_N_GenomeWideSNP_6_C10_787532	X	16951722	21061342	2158	0.2052
USAGE_p_TCGA_132_133_136_SNP_N_GenomeWideSNP_6_C10_787532	X	21063098	34509205	9075	-0.3193
USAGE_p_TCGA_132_133_136_SNP_N_GenomeWideSNP_6_C10_787532	X	34509448	34512645	3	-1.7231
USAGE_p_TCGA_132_133_136_SNP_N_GenomeWideSNP_6_C10_787532	X	34512723	36605420	1248	-0.3438
USAGE_p_TCGA_132_133_136_SNP_N_GenomeWideSNP_6_C10_787532	X	36607093	36629947	14	-1.1786
USAGE_p_TCGA_132_133_136_SNP_N_GenomeWideSNP_6_C10_787532	X	36631052	39698735	1906	-0.3207
USAGE_p_TCGA_132_133_136_SNP_N_GenomeWideSNP_6_C10_787532	X	39703798	40395035	350	-1.1245
USAGE_p_TCGA_132_133_136_SNP_N_GenomeWideSNP_6_C10_787532	X	40396086	47314039	3625	-0.2846
USAGE_p_TCGA_132_133_136_SNP_N_GenomeWideSNP_6_C10_787532	X	47314355	47978578	399	0.1863
USAGE_p_TCGA_132_133_136_SNP_N_GenomeWideSNP_6_C10_787532	X	47979003	48003925	6	-1.0529
USAGE_p_TCGA_132_133_136_SNP_N_GenomeWideSNP_6_C10_787532	X	48004056	58496049	4430	0.1722
USAGE_p_TCGA_132_133_136_SNP_N_GenomeWideSNP_6_C10_787532	X	58496485	58549568	6	-0.7803
USAGE_p_TCGA_132_133_136_SNP_N_GenomeWideSNP_6_C10_787532	X	58561091	69611248	3553	0.1434
USAGE_p_TCGA_132_133_136_SNP_N_GenomeWideSNP_6_C10_787532	X	69615551	69618950	2	-1.0423
USAGE_p_TCGA_132_133_136_SNP_N_GenomeWideSNP_6_C10_787532	X	69619466	75060185	2253	0.1819
USAGE_p_TCGA_132_133_136_SNP_N_GenomeWideSNP_6_C10_787532	X	75063752	75072357	2	-1.2318
USAGE_p_TCGA_132_133_136_SNP_N_GenomeWideSNP_6_C10_787532	X	75074237	76349873	675	0.1314
USAGE_p_TCGA_132_133_136_SNP_N_GenomeWideSNP_6_C10_787532	X	76353650	76523952	18	0.7236
USAGE_p_TCGA_132_133_136_SNP_N_GenomeWideSNP_6_C10_787532	X	76545159	90968512	7585	0.1361
USAGE_p_TCGA_132_133_136_SNP_N_GenomeWideSNP_6_C10_787532	X	90970506	90971771	8	-0.8272
USAGE_p_TCGA_132_133_136_SNP_N_GenomeWideSNP_6_C10_787532	X	90971889	121302384	16759	0.1543
USAGE_p_TCGA_132_133_136_SNP_N_GenomeWideSNP_6_C10_787532	X	121310810	121314629	3	-0.878
USAGE_p_TCGA_132_133_136_SNP_N_GenomeWideSNP_6_C10_787532	X	121316634	154385156	19850	0.1558
USAGE_p_TCGA_132_133_136_SNP_N_GenomeWideSNP_6_C10_787532	X	154392382	154401184	4	-0.9047
USAGE_p_TCGA_132_133_136_SNP_N_GenomeWideSNP_6_C10_787532	X	154401744	155182354	238	0.2102
USAGE_p_TCGA_132_133_136_SNP_N_GenomeWideSNP_6_C10_787532	Y	2650438	6101425	871	-2.3202
USAGE_p_TCGA_132_133_136_SNP_N_GenomeWideSNP_6_C10_787532	Y	6107901	6424299	128	-3.7149
USAGE_p_TCGA_132_133_136_SNP_N_GenomeWideSNP_6_C10_787532	Y	6426233	19515512	4639	-2.9595
USAGE_p_TCGA_132_133_136_SNP_N_GenomeWideSNP_6_C10_787532	Y	19516159	20890332	630	-3.4875
USAGE_p_TCGA_132_133_136_SNP_N_GenomeWideSNP_6_C10_787532	Y	20891515	20919456	10	-5.375
USAGE_p_TCGA_132_133_136_SNP_N_GenomeWideSNP_6_C10_787532	Y	20924920	21024613	56	-3.6861
USAGE_p_TCGA_132_133_136_SNP_N_GenomeWideSNP_6_C10_787532	Y	21025062	23880233	1093	-3.0353
USAGE_p_TCGA_132_133_136_SNP_N_GenomeWideSNP_6_C10_787532	Y	23882903	26430674	559	-3.4657
USAGE_p_TCGA_132_133_136_SNP_N_GenomeWideSNP_6_C10_787532	Y	26430908	26598702	32	-2.2828
USAGE_p_TCGA_132_133_136_SNP_N_GenomeWideSNP_6_C10_787532	Y	26604818	27481424	107	-3.6818
USAGE_p_TCGA_132_133_136_SNP_N_GenomeWideSNP_6_C10_787532	Y	27484559	27529084	16	-1.9023
USAGE_p_TCGA_132_133_136_SNP_N_GenomeWideSNP_6_C10_787532	Y	27535030	28272116	252	-3.4518
USAGE_p_TCGA_132_133_136_SNP_N_GenomeWideSNP_6_C10_787532	Y	28277692	28321752	13	-5.0249
USAGE_p_TCGA_132_133_136_SNP_N_GenomeWideSNP_6_C10_787532	Y	28322019	28423938	44	-3.3844
USAGE_p_TCGA_132_133_136_SNP_N_GenomeWideSNP_6_C10_787532	Y	28438116	59018259	183	-2.4612
