Sample	Chromosome	Start	End	Num_Probes	Segment_Mean
HELVE_p_TCGA_b139_154_155_SNP_N_GenomeWideSNP_6_B10_808702	1	61735	707099	35	0.153
HELVE_p_TCGA_b139_154_155_SNP_N_GenomeWideSNP_6_B10_808702	1	712545	12839576	6491	-0.1008
HELVE_p_TCGA_b139_154_155_SNP_N_GenomeWideSNP_6_B10_808702	1	12841928	13543101	73	-0.5058
HELVE_p_TCGA_b139_154_155_SNP_N_GenomeWideSNP_6_B10_808702	1	13544175	16886135	2130	-0.0897
HELVE_p_TCGA_b139_154_155_SNP_N_GenomeWideSNP_6_B10_808702	1	16886193	16963545	25	-0.5099
HELVE_p_TCGA_b139_154_155_SNP_N_GenomeWideSNP_6_B10_808702	1	16963723	17012314	27	-0.1778
HELVE_p_TCGA_b139_154_155_SNP_N_GenomeWideSNP_6_B10_808702	1	17012422	17017078	9	-0.6232
HELVE_p_TCGA_b139_154_155_SNP_N_GenomeWideSNP_6_B10_808702	1	17017530	17045761	14	-1.3266
HELVE_p_TCGA_b139_154_155_SNP_N_GenomeWideSNP_6_B10_808702	1	17048196	17262247	89	-0.5526
HELVE_p_TCGA_b139_154_155_SNP_N_GenomeWideSNP_6_B10_808702	1	17276241	72768498	34148	-0.0879
HELVE_p_TCGA_b139_154_155_SNP_N_GenomeWideSNP_6_B10_808702	1	72768916	72811148	46	-1.0347
HELVE_p_TCGA_b139_154_155_SNP_N_GenomeWideSNP_6_B10_808702	1	72811904	248709616	99370	-0.0895
HELVE_p_TCGA_b139_154_155_SNP_N_GenomeWideSNP_6_B10_808702	1	248709670	248795289	36	-0.6518
HELVE_p_TCGA_b139_154_155_SNP_N_GenomeWideSNP_6_B10_808702	1	248795852	249224388	148	-0.0994
HELVE_p_TCGA_b139_154_155_SNP_N_GenomeWideSNP_6_B10_808702	2	12784	4203580	2987	-0.1399
HELVE_p_TCGA_b139_154_155_SNP_N_GenomeWideSNP_6_B10_808702	2	4205687	4222649	35	0.2196
HELVE_p_TCGA_b139_154_155_SNP_N_GenomeWideSNP_6_B10_808702	2	4222703	24606954	14922	-0.098
HELVE_p_TCGA_b139_154_155_SNP_N_GenomeWideSNP_6_B10_808702	2	24606982	24611128	14	-1.4888
HELVE_p_TCGA_b139_154_155_SNP_N_GenomeWideSNP_6_B10_808702	2	24611727	34691069	6146	-0.0981
HELVE_p_TCGA_b139_154_155_SNP_N_GenomeWideSNP_6_B10_808702	2	34699315	34737163	47	0.3997
HELVE_p_TCGA_b139_154_155_SNP_N_GenomeWideSNP_6_B10_808702	2	34737556	45769170	8110	-0.0869
HELVE_p_TCGA_b139_154_155_SNP_N_GenomeWideSNP_6_B10_808702	2	45769971	45770394	3	-1.9434
HELVE_p_TCGA_b139_154_155_SNP_N_GenomeWideSNP_6_B10_808702	2	45772725	52754468	4928	-0.0957
HELVE_p_TCGA_b139_154_155_SNP_N_GenomeWideSNP_6_B10_808702	2	52754480	52781542	39	-1.0109
HELVE_p_TCGA_b139_154_155_SNP_N_GenomeWideSNP_6_B10_808702	2	52787949	83422010	19878	-0.0986
HELVE_p_TCGA_b139_154_155_SNP_N_GenomeWideSNP_6_B10_808702	2	83423903	83424148	2	-1.6751
HELVE_p_TCGA_b139_154_155_SNP_N_GenomeWideSNP_6_B10_808702	2	83424531	98118212	4190	-0.0932
HELVE_p_TCGA_b139_154_155_SNP_N_GenomeWideSNP_6_B10_808702	2	98140747	98161710	8	-1.0687
HELVE_p_TCGA_b139_154_155_SNP_N_GenomeWideSNP_6_B10_808702	2	98162189	106880095	5575	-0.0875
HELVE_p_TCGA_b139_154_155_SNP_N_GenomeWideSNP_6_B10_808702	2	106880713	106885357	11	-1.4211
HELVE_p_TCGA_b139_154_155_SNP_N_GenomeWideSNP_6_B10_808702	2	106887255	118281020	6228	-0.0905
HELVE_p_TCGA_b139_154_155_SNP_N_GenomeWideSNP_6_B10_808702	2	118281136	118288694	2	-1.7231
HELVE_p_TCGA_b139_154_155_SNP_N_GenomeWideSNP_6_B10_808702	2	118289075	118326469	23	-0.1467
HELVE_p_TCGA_b139_154_155_SNP_N_GenomeWideSNP_6_B10_808702	2	118327335	118329461	2	-2.4016
HELVE_p_TCGA_b139_154_155_SNP_N_GenomeWideSNP_6_B10_808702	2	118331829	146862085	17674	-0.1113
HELVE_p_TCGA_b139_154_155_SNP_N_GenomeWideSNP_6_B10_808702	2	146864404	146866934	24	0.6531
HELVE_p_TCGA_b139_154_155_SNP_N_GenomeWideSNP_6_B10_808702	2	146877806	207955158	36702	-0.0792
HELVE_p_TCGA_b139_154_155_SNP_N_GenomeWideSNP_6_B10_808702	2	207957237	207957351	2	-1.9928
HELVE_p_TCGA_b139_154_155_SNP_N_GenomeWideSNP_6_B10_808702	2	207957395	208354955	275	-0.0921
HELVE_p_TCGA_b139_154_155_SNP_N_GenomeWideSNP_6_B10_808702	2	208355178	208359336	16	-1.8699
HELVE_p_TCGA_b139_154_155_SNP_N_GenomeWideSNP_6_B10_808702	2	208359476	243089456	22138	-0.1012
HELVE_p_TCGA_b139_154_155_SNP_N_GenomeWideSNP_6_B10_808702	3	60345	224602	157	0.1546
HELVE_p_TCGA_b139_154_155_SNP_N_GenomeWideSNP_6_B10_808702	3	230022	232639	3	-2.8672
HELVE_p_TCGA_b139_154_155_SNP_N_GenomeWideSNP_6_B10_808702	3	232800	6646543	5682	0.1333
HELVE_p_TCGA_b139_154_155_SNP_N_GenomeWideSNP_6_B10_808702	3	6651128	6653332	23	-0.6541
HELVE_p_TCGA_b139_154_155_SNP_N_GenomeWideSNP_6_B10_808702	3	6655078	46793377	27383	0.1417
HELVE_p_TCGA_b139_154_155_SNP_N_GenomeWideSNP_6_B10_808702	3	46801817	46849589	40	-0.7393
HELVE_p_TCGA_b139_154_155_SNP_N_GenomeWideSNP_6_B10_808702	3	46859479	64553627	11467	0.1566
HELVE_p_TCGA_b139_154_155_SNP_N_GenomeWideSNP_6_B10_808702	3	64554657	65199702	655	0.5103
HELVE_p_TCGA_b139_154_155_SNP_N_GenomeWideSNP_6_B10_808702	3	65199867	65206904	12	-0.0812
HELVE_p_TCGA_b139_154_155_SNP_N_GenomeWideSNP_6_B10_808702	3	65206944	68746164	2432	0.5207
HELVE_p_TCGA_b139_154_155_SNP_N_GenomeWideSNP_6_B10_808702	3	68746259	68747413	14	-1.1477
HELVE_p_TCGA_b139_154_155_SNP_N_GenomeWideSNP_6_B10_808702	3	68748758	74309644	4226	0.5522
HELVE_p_TCGA_b139_154_155_SNP_N_GenomeWideSNP_6_B10_808702	3	74313375	82108781	4406	0.2321
HELVE_p_TCGA_b139_154_155_SNP_N_GenomeWideSNP_6_B10_808702	3	82111352	82113189	3	-0.9183
HELVE_p_TCGA_b139_154_155_SNP_N_GenomeWideSNP_6_B10_808702	3	82113892	84698834	1300	0.245
HELVE_p_TCGA_b139_154_155_SNP_N_GenomeWideSNP_6_B10_808702	3	84698857	84702161	19	-0.5516
HELVE_p_TCGA_b139_154_155_SNP_N_GenomeWideSNP_6_B10_808702	3	84702235	129760622	24775	0.2445
HELVE_p_TCGA_b139_154_155_SNP_N_GenomeWideSNP_6_B10_808702	3	129761124	129891741	87	-0.0979
HELVE_p_TCGA_b139_154_155_SNP_N_GenomeWideSNP_6_B10_808702	3	129892969	131988885	1408	0.2189
HELVE_p_TCGA_b139_154_155_SNP_N_GenomeWideSNP_6_B10_808702	3	131989330	131995684	6	-0.6752
HELVE_p_TCGA_b139_154_155_SNP_N_GenomeWideSNP_6_B10_808702	3	132000477	136019099	2590	0.2469
HELVE_p_TCGA_b139_154_155_SNP_N_GenomeWideSNP_6_B10_808702	3	136022951	136025426	2	-2.4164
HELVE_p_TCGA_b139_154_155_SNP_N_GenomeWideSNP_6_B10_808702	3	136038541	151510042	9559	0.2583
HELVE_p_TCGA_b139_154_155_SNP_N_GenomeWideSNP_6_B10_808702	3	151511085	151543301	29	-0.3429
HELVE_p_TCGA_b139_154_155_SNP_N_GenomeWideSNP_6_B10_808702	3	151545879	162508268	6660	0.2412
HELVE_p_TCGA_b139_154_155_SNP_N_GenomeWideSNP_6_B10_808702	3	162512657	162625980	69	-1.3224
HELVE_p_TCGA_b139_154_155_SNP_N_GenomeWideSNP_6_B10_808702	3	162625995	170750057	4686	0.2536
HELVE_p_TCGA_b139_154_155_SNP_N_GenomeWideSNP_6_B10_808702	3	170756985	171008002	194	-0.0653
HELVE_p_TCGA_b139_154_155_SNP_N_GenomeWideSNP_6_B10_808702	3	171015828	186363099	9514	0.2678
HELVE_p_TCGA_b139_154_155_SNP_N_GenomeWideSNP_6_B10_808702	3	186364046	186365950	2	-1.0058
HELVE_p_TCGA_b139_154_155_SNP_N_GenomeWideSNP_6_B10_808702	3	186366216	192877902	4795	0.2595
HELVE_p_TCGA_b139_154_155_SNP_N_GenomeWideSNP_6_B10_808702	3	192877962	192882903	19	-0.9846
HELVE_p_TCGA_b139_154_155_SNP_N_GenomeWideSNP_6_B10_808702	3	192886435	197896118	2706	0.2884
HELVE_p_TCGA_b139_154_155_SNP_N_GenomeWideSNP_6_B10_808702	4	12281	10210390	5802	-0.1264
HELVE_p_TCGA_b139_154_155_SNP_N_GenomeWideSNP_6_B10_808702	4	10214160	10231498	29	-1.7397
HELVE_p_TCGA_b139_154_155_SNP_N_GenomeWideSNP_6_B10_808702	4	10234214	38971628	20004	-0.1125
HELVE_p_TCGA_b139_154_155_SNP_N_GenomeWideSNP_6_B10_808702	4	38972374	38978427	3	-1.1212
HELVE_p_TCGA_b139_154_155_SNP_N_GenomeWideSNP_6_B10_808702	4	38981442	49309854	6014	-0.0941
HELVE_p_TCGA_b139_154_155_SNP_N_GenomeWideSNP_6_B10_808702	4	49503166	49658612	18	-0.8223
HELVE_p_TCGA_b139_154_155_SNP_N_GenomeWideSNP_6_B10_808702	4	52685699	69375348	10486	-0.1241
HELVE_p_TCGA_b139_154_155_SNP_N_GenomeWideSNP_6_B10_808702	4	69390292	69505115	62	0.4286
HELVE_p_TCGA_b139_154_155_SNP_N_GenomeWideSNP_6_B10_808702	4	69506334	70127652	328	-0.0377
HELVE_p_TCGA_b139_154_155_SNP_N_GenomeWideSNP_6_B10_808702	4	70128412	70231799	52	-0.6076
HELVE_p_TCGA_b139_154_155_SNP_N_GenomeWideSNP_6_B10_808702	4	70232022	115508166	27608	-0.0907
HELVE_p_TCGA_b139_154_155_SNP_N_GenomeWideSNP_6_B10_808702	4	115509993	115514426	3	-1.8427
HELVE_p_TCGA_b139_154_155_SNP_N_GenomeWideSNP_6_B10_808702	4	115514740	138092103	13015	-0.1037
HELVE_p_TCGA_b139_154_155_SNP_N_GenomeWideSNP_6_B10_808702	4	138092195	138095121	19	-0.598
HELVE_p_TCGA_b139_154_155_SNP_N_GenomeWideSNP_6_B10_808702	4	138108363	172369346	21456	-0.0969
HELVE_p_TCGA_b139_154_155_SNP_N_GenomeWideSNP_6_B10_808702	4	172374884	172377776	12	0.5108
HELVE_p_TCGA_b139_154_155_SNP_N_GenomeWideSNP_6_B10_808702	4	172380371	172987928	396	-0.1199
HELVE_p_TCGA_b139_154_155_SNP_N_GenomeWideSNP_6_B10_808702	4	172989148	172989533	12	-1.4293
HELVE_p_TCGA_b139_154_155_SNP_N_GenomeWideSNP_6_B10_808702	4	172995979	189221258	10932	-0.1071
HELVE_p_TCGA_b139_154_155_SNP_N_GenomeWideSNP_6_B10_808702	4	189221360	189221375	2	-1.8173
HELVE_p_TCGA_b139_154_155_SNP_N_GenomeWideSNP_6_B10_808702	4	189221424	191027923	1178	-0.1396
HELVE_p_TCGA_b139_154_155_SNP_N_GenomeWideSNP_6_B10_808702	5	15532	3071990	2020	0.0813
HELVE_p_TCGA_b139_154_155_SNP_N_GenomeWideSNP_6_B10_808702	5	3072852	3072862	2	-1.715
HELVE_p_TCGA_b139_154_155_SNP_N_GenomeWideSNP_6_B10_808702	5	3073104	3766628	698	0.0534
HELVE_p_TCGA_b139_154_155_SNP_N_GenomeWideSNP_6_B10_808702	5	3768493	3768938	2	-1.4222
HELVE_p_TCGA_b139_154_155_SNP_N_GenomeWideSNP_6_B10_808702	5	3769282	12800889	7495	0.1
HELVE_p_TCGA_b139_154_155_SNP_N_GenomeWideSNP_6_B10_808702	5	12815780	12838533	14	-1.1354
HELVE_p_TCGA_b139_154_155_SNP_N_GenomeWideSNP_6_B10_808702	5	12849201	21376844	5493	0.1239
HELVE_p_TCGA_b139_154_155_SNP_N_GenomeWideSNP_6_B10_808702	5	21377839	21377853	2	-1.526
HELVE_p_TCGA_b139_154_155_SNP_N_GenomeWideSNP_6_B10_808702	5	21386066	21449276	45	0.0168
HELVE_p_TCGA_b139_154_155_SNP_N_GenomeWideSNP_6_B10_808702	5	21451200	21452438	5	-1.8248
HELVE_p_TCGA_b139_154_155_SNP_N_GenomeWideSNP_6_B10_808702	5	21452496	68867294	27444	0.1011
HELVE_p_TCGA_b139_154_155_SNP_N_GenomeWideSNP_6_B10_808702	5	69074977	69313688	8	-0.9036
HELVE_p_TCGA_b139_154_155_SNP_N_GenomeWideSNP_6_B10_808702	5	70178835	86111756	9662	0.0929
HELVE_p_TCGA_b139_154_155_SNP_N_GenomeWideSNP_6_B10_808702	5	86115378	86119146	3	-1.2879
HELVE_p_TCGA_b139_154_155_SNP_N_GenomeWideSNP_6_B10_808702	5	86121629	104433422	10338	0.0998
HELVE_p_TCGA_b139_154_155_SNP_N_GenomeWideSNP_6_B10_808702	5	104433594	104502967	45	-1.2943
HELVE_p_TCGA_b139_154_155_SNP_N_GenomeWideSNP_6_B10_808702	5	104503937	150202205	29330	0.0914
HELVE_p_TCGA_b139_154_155_SNP_N_GenomeWideSNP_6_B10_808702	5	150205500	150218604	8	-1.0305
HELVE_p_TCGA_b139_154_155_SNP_N_GenomeWideSNP_6_B10_808702	5	150223387	180374523	20286	0.0719
HELVE_p_TCGA_b139_154_155_SNP_N_GenomeWideSNP_6_B10_808702	5	180378710	180418103	19	-1.9193
HELVE_p_TCGA_b139_154_155_SNP_N_GenomeWideSNP_6_B10_808702	5	180433225	180790320	171	0.0677
HELVE_p_TCGA_b139_154_155_SNP_N_GenomeWideSNP_6_B10_808702	6	149661	254283	101	-0.2006
HELVE_p_TCGA_b139_154_155_SNP_N_GenomeWideSNP_6_B10_808702	6	257353	322696	31	0.3567
HELVE_p_TCGA_b139_154_155_SNP_N_GenomeWideSNP_6_B10_808702	6	323084	29837072	21600	-0.0984
HELVE_p_TCGA_b139_154_155_SNP_N_GenomeWideSNP_6_B10_808702	6	29837187	29850196	17	-1.0949
HELVE_p_TCGA_b139_154_155_SNP_N_GenomeWideSNP_6_B10_808702	6	29850274	31280823	671	-0.0692
HELVE_p_TCGA_b139_154_155_SNP_N_GenomeWideSNP_6_B10_808702	6	31286276	31296451	11	1.6062
HELVE_p_TCGA_b139_154_155_SNP_N_GenomeWideSNP_6_B10_808702	6	31309924	32454523	510	-0.0661
HELVE_p_TCGA_b139_154_155_SNP_N_GenomeWideSNP_6_B10_808702	6	32456683	32501299	14	1.1972
HELVE_p_TCGA_b139_154_155_SNP_N_GenomeWideSNP_6_B10_808702	6	32508476	32574381	21	0.3699
HELVE_p_TCGA_b139_154_155_SNP_N_GenomeWideSNP_6_B10_808702	6	32578082	53931151	13772	-0.0906
HELVE_p_TCGA_b139_154_155_SNP_N_GenomeWideSNP_6_B10_808702	6	53931230	53931855	6	-1.259
HELVE_p_TCGA_b139_154_155_SNP_N_GenomeWideSNP_6_B10_808702	6	53935348	65336942	4352	-0.0879
HELVE_p_TCGA_b139_154_155_SNP_N_GenomeWideSNP_6_B10_808702	6	65347544	65348992	2	-2.0832
HELVE_p_TCGA_b139_154_155_SNP_N_GenomeWideSNP_6_B10_808702	6	65350776	70367724	3418	-0.1011
HELVE_p_TCGA_b139_154_155_SNP_N_GenomeWideSNP_6_B10_808702	6	70367748	70367962	2	-1.4486
HELVE_p_TCGA_b139_154_155_SNP_N_GenomeWideSNP_6_B10_808702	6	70368161	74591858	2741	-0.1065
HELVE_p_TCGA_b139_154_155_SNP_N_GenomeWideSNP_6_B10_808702	6	74592225	74597341	9	0.6199
HELVE_p_TCGA_b139_154_155_SNP_N_GenomeWideSNP_6_B10_808702	6	74601410	77014948	1469	-0.085
HELVE_p_TCGA_b139_154_155_SNP_N_GenomeWideSNP_6_B10_808702	6	77016900	77021978	9	0.5229
HELVE_p_TCGA_b139_154_155_SNP_N_GenomeWideSNP_6_B10_808702	6	77023588	78979434	1313	-0.1002
HELVE_p_TCGA_b139_154_155_SNP_N_GenomeWideSNP_6_B10_808702	6	78979456	79039234	91	0.2245
HELVE_p_TCGA_b139_154_155_SNP_N_GenomeWideSNP_6_B10_808702	6	79041633	79521062	311	-0.1485
HELVE_p_TCGA_b139_154_155_SNP_N_GenomeWideSNP_6_B10_808702	6	79521562	79528574	2	-2.5102
HELVE_p_TCGA_b139_154_155_SNP_N_GenomeWideSNP_6_B10_808702	6	79531255	103734829	15165	-0.1015
HELVE_p_TCGA_b139_154_155_SNP_N_GenomeWideSNP_6_B10_808702	6	103737976	103762061	46	-1.0824
HELVE_p_TCGA_b139_154_155_SNP_N_GenomeWideSNP_6_B10_808702	6	103765470	168332501	42358	-0.0989
HELVE_p_TCGA_b139_154_155_SNP_N_GenomeWideSNP_6_B10_808702	6	168335278	168597347	181	0.4136
HELVE_p_TCGA_b139_154_155_SNP_N_GenomeWideSNP_6_B10_808702	6	168598649	171051005	1689	-0.1159
HELVE_p_TCGA_b139_154_155_SNP_N_GenomeWideSNP_6_B10_808702	7	43355	22434780	16102	0.2626
HELVE_p_TCGA_b139_154_155_SNP_N_GenomeWideSNP_6_B10_808702	7	22435472	22436487	2	-2.662
HELVE_p_TCGA_b139_154_155_SNP_N_GenomeWideSNP_6_B10_808702	7	22438754	26132290	2767	0.2606
HELVE_p_TCGA_b139_154_155_SNP_N_GenomeWideSNP_6_B10_808702	7	26142392	26145413	4	-2.9712
HELVE_p_TCGA_b139_154_155_SNP_N_GenomeWideSNP_6_B10_808702	7	26147219	87665239	35585	0.2407
HELVE_p_TCGA_b139_154_155_SNP_N_GenomeWideSNP_6_B10_808702	7	87670741	87672392	17	-0.6525
HELVE_p_TCGA_b139_154_155_SNP_N_GenomeWideSNP_6_B10_808702	7	87672946	87673169	5	0.9096
HELVE_p_TCGA_b139_154_155_SNP_N_GenomeWideSNP_6_B10_808702	7	87673332	97385933	6241	0.2518
HELVE_p_TCGA_b139_154_155_SNP_N_GenomeWideSNP_6_B10_808702	7	97385970	97402475	17	-0.355
HELVE_p_TCGA_b139_154_155_SNP_N_GenomeWideSNP_6_B10_808702	7	97404240	102089474	2049	0.2623
HELVE_p_TCGA_b139_154_155_SNP_N_GenomeWideSNP_6_B10_808702	7	102089969	102317109	13	-0.2718
HELVE_p_TCGA_b139_154_155_SNP_N_GenomeWideSNP_6_B10_808702	7	102335787	105586329	2068	0.271
HELVE_p_TCGA_b139_154_155_SNP_N_GenomeWideSNP_6_B10_808702	7	105586490	105587441	7	-0.7177
HELVE_p_TCGA_b139_154_155_SNP_N_GenomeWideSNP_6_B10_808702	7	105588353	109441212	2523	0.2642
HELVE_p_TCGA_b139_154_155_SNP_N_GenomeWideSNP_6_B10_808702	7	109441244	109458757	16	0.7737
HELVE_p_TCGA_b139_154_155_SNP_N_GenomeWideSNP_6_B10_808702	7	109458772	126045556	10029	0.2513
HELVE_p_TCGA_b139_154_155_SNP_N_GenomeWideSNP_6_B10_808702	7	126045651	126046615	10	-0.8903
HELVE_p_TCGA_b139_154_155_SNP_N_GenomeWideSNP_6_B10_808702	7	126046876	126247731	143	0.2293
HELVE_p_TCGA_b139_154_155_SNP_N_GenomeWideSNP_6_B10_808702	7	126260750	126278361	10	0.8392
HELVE_p_TCGA_b139_154_155_SNP_N_GenomeWideSNP_6_B10_808702	7	126278808	128158743	1247	0.2706
HELVE_p_TCGA_b139_154_155_SNP_N_GenomeWideSNP_6_B10_808702	7	128158910	128222091	15	-0.1583
HELVE_p_TCGA_b139_154_155_SNP_N_GenomeWideSNP_6_B10_808702	7	128228761	133785177	3292	0.2434
HELVE_p_TCGA_b139_154_155_SNP_N_GenomeWideSNP_6_B10_808702	7	133785195	133790443	25	0.5546
HELVE_p_TCGA_b139_154_155_SNP_N_GenomeWideSNP_6_B10_808702	7	133795634	148004105	9273	0.245
HELVE_p_TCGA_b139_154_155_SNP_N_GenomeWideSNP_6_B10_808702	7	148004554	148005507	2	-1.1078
HELVE_p_TCGA_b139_154_155_SNP_N_GenomeWideSNP_6_B10_808702	7	148008120	150285104	1186	0.275
HELVE_p_TCGA_b139_154_155_SNP_N_GenomeWideSNP_6_B10_808702	7	150285801	150301569	8	-0.6862
HELVE_p_TCGA_b139_154_155_SNP_N_GenomeWideSNP_6_B10_808702	7	150307922	159127004	5837	0.2448
HELVE_p_TCGA_b139_154_155_SNP_N_GenomeWideSNP_6_B10_808702	8	31254	46398	2	0.6851
HELVE_p_TCGA_b139_154_155_SNP_N_GenomeWideSNP_6_B10_808702	8	112796	595220	327	-0.7208
HELVE_p_TCGA_b139_154_155_SNP_N_GenomeWideSNP_6_B10_808702	8	595443	595875	5	0.6526
HELVE_p_TCGA_b139_154_155_SNP_N_GenomeWideSNP_6_B10_808702	8	595892	595908	2	3.2746
HELVE_p_TCGA_b139_154_155_SNP_N_GenomeWideSNP_6_B10_808702	8	601043	2055383	1116	-0.6874
HELVE_p_TCGA_b139_154_155_SNP_N_GenomeWideSNP_6_B10_808702	8	2055438	2061438	6	-1.9141
HELVE_p_TCGA_b139_154_155_SNP_N_GenomeWideSNP_6_B10_808702	8	2062246	5593939	4617	-0.6267
HELVE_p_TCGA_b139_154_155_SNP_N_GenomeWideSNP_6_B10_808702	8	5594033	5604495	30	-1.3065
HELVE_p_TCGA_b139_154_155_SNP_N_GenomeWideSNP_6_B10_808702	8	5607088	7238019	1726	-0.6622
HELVE_p_TCGA_b139_154_155_SNP_N_GenomeWideSNP_6_B10_808702	8	7250380	7809891	150	-0.0354
HELVE_p_TCGA_b139_154_155_SNP_N_GenomeWideSNP_6_B10_808702	8	7809906	11414333	2944	-0.6306
HELVE_p_TCGA_b139_154_155_SNP_N_GenomeWideSNP_6_B10_808702	8	11415245	11435323	16	-1.2918
HELVE_p_TCGA_b139_154_155_SNP_N_GenomeWideSNP_6_B10_808702	8	11436840	11684403	163	-0.6867
HELVE_p_TCGA_b139_154_155_SNP_N_GenomeWideSNP_6_B10_808702	8	11685010	11686089	2	-3.0348
HELVE_p_TCGA_b139_154_155_SNP_N_GenomeWideSNP_6_B10_808702	8	11686280	11949551	146	-0.7035
HELVE_p_TCGA_b139_154_155_SNP_N_GenomeWideSNP_6_B10_808702	8	11987726	12473882	123	-0.1328
HELVE_p_TCGA_b139_154_155_SNP_N_GenomeWideSNP_6_B10_808702	8	12477492	20310118	7135	-0.6032
HELVE_p_TCGA_b139_154_155_SNP_N_GenomeWideSNP_6_B10_808702	8	20310591	20310668	2	-2.7458
HELVE_p_TCGA_b139_154_155_SNP_N_GenomeWideSNP_6_B10_808702	8	20311130	22961097	1866	-0.6588
HELVE_p_TCGA_b139_154_155_SNP_N_GenomeWideSNP_6_B10_808702	8	22962348	22962553	2	-2.7072
HELVE_p_TCGA_b139_154_155_SNP_N_GenomeWideSNP_6_B10_808702	8	22969091	34310786	7781	-0.6303
HELVE_p_TCGA_b139_154_155_SNP_N_GenomeWideSNP_6_B10_808702	8	34319740	95557552	34474	0.2312
HELVE_p_TCGA_b139_154_155_SNP_N_GenomeWideSNP_6_B10_808702	8	95557602	95557992	6	1.1513
HELVE_p_TCGA_b139_154_155_SNP_N_GenomeWideSNP_6_B10_808702	8	95558115	101180650	3412	0.2439
HELVE_p_TCGA_b139_154_155_SNP_N_GenomeWideSNP_6_B10_808702	8	101181328	101190671	2	-0.9233
HELVE_p_TCGA_b139_154_155_SNP_N_GenomeWideSNP_6_B10_808702	8	101191650	112294646	6872	0.2449
HELVE_p_TCGA_b139_154_155_SNP_N_GenomeWideSNP_6_B10_808702	8	112294670	112295260	6	-1.7848
HELVE_p_TCGA_b139_154_155_SNP_N_GenomeWideSNP_6_B10_808702	8	112300281	117135529	2780	0.2057
HELVE_p_TCGA_b139_154_155_SNP_N_GenomeWideSNP_6_B10_808702	8	117148418	120152010	2190	0.724
HELVE_p_TCGA_b139_154_155_SNP_N_GenomeWideSNP_6_B10_808702	8	120154784	120159446	4	-0.4046
HELVE_p_TCGA_b139_154_155_SNP_N_GenomeWideSNP_6_B10_808702	8	120162854	139052035	13921	0.7177
HELVE_p_TCGA_b139_154_155_SNP_N_GenomeWideSNP_6_B10_808702	8	139054654	139145752	74	1.0342
HELVE_p_TCGA_b139_154_155_SNP_N_GenomeWideSNP_6_B10_808702	8	139148751	141192043	1741	0.7189
HELVE_p_TCGA_b139_154_155_SNP_N_GenomeWideSNP_6_B10_808702	8	141195260	141195274	2	-0.2941
HELVE_p_TCGA_b139_154_155_SNP_N_GenomeWideSNP_6_B10_808702	8	141202137	144309825	1582	0.7184
HELVE_p_TCGA_b139_154_155_SNP_N_GenomeWideSNP_6_B10_808702	8	144309939	144310617	7	-0.0068
HELVE_p_TCGA_b139_154_155_SNP_N_GenomeWideSNP_6_B10_808702	8	144314377	146298155	634	0.7285
HELVE_p_TCGA_b139_154_155_SNP_N_GenomeWideSNP_6_B10_808702	9	46587	186580	22	0.2914
HELVE_p_TCGA_b139_154_155_SNP_N_GenomeWideSNP_6_B10_808702	9	192129	673167	639	0.7522
HELVE_p_TCGA_b139_154_155_SNP_N_GenomeWideSNP_6_B10_808702	9	673512	676278	5	-0.2417
HELVE_p_TCGA_b139_154_155_SNP_N_GenomeWideSNP_6_B10_808702	9	676305	6684955	5715	0.7371
HELVE_p_TCGA_b139_154_155_SNP_N_GenomeWideSNP_6_B10_808702	9	6685029	6687217	2	-0.8413
HELVE_p_TCGA_b139_154_155_SNP_N_GenomeWideSNP_6_B10_808702	9	6689722	23361805	14075	0.7343
HELVE_p_TCGA_b139_154_155_SNP_N_GenomeWideSNP_6_B10_808702	9	23363115	23373484	8	1.573
HELVE_p_TCGA_b139_154_155_SNP_N_GenomeWideSNP_6_B10_808702	9	23378488	39330197	10815	0.7278
HELVE_p_TCGA_b139_154_155_SNP_N_GenomeWideSNP_6_B10_808702	9	39337293	39342825	3	-0.934
HELVE_p_TCGA_b139_154_155_SNP_N_GenomeWideSNP_6_B10_808702	9	39743166	43505852	103	0.4022
HELVE_p_TCGA_b139_154_155_SNP_N_GenomeWideSNP_6_B10_808702	9	43511711	43654139	14	0.7002
HELVE_p_TCGA_b139_154_155_SNP_N_GenomeWideSNP_6_B10_808702	9	43654980	43790346	22	1.1602
HELVE_p_TCGA_b139_154_155_SNP_N_GenomeWideSNP_6_B10_808702	9	43800186	44396927	45	0.5399
HELVE_p_TCGA_b139_154_155_SNP_N_GenomeWideSNP_6_B10_808702	9	44404912	44875942	44	0.8531
HELVE_p_TCGA_b139_154_155_SNP_N_GenomeWideSNP_6_B10_808702	9	44888127	68183981	152	0.2162
HELVE_p_TCGA_b139_154_155_SNP_N_GenomeWideSNP_6_B10_808702	9	68186051	68209916	9	1.3359
HELVE_p_TCGA_b139_154_155_SNP_N_GenomeWideSNP_6_B10_808702	9	68210046	90522594	14458	0.231
HELVE_p_TCGA_b139_154_155_SNP_N_GenomeWideSNP_6_B10_808702	9	90554151	90554219	2	-1.4525
HELVE_p_TCGA_b139_154_155_SNP_N_GenomeWideSNP_6_B10_808702	9	90557957	106566497	10617	0.2351
HELVE_p_TCGA_b139_154_155_SNP_N_GenomeWideSNP_6_B10_808702	9	106568696	106569290	2	-2.7107
HELVE_p_TCGA_b139_154_155_SNP_N_GenomeWideSNP_6_B10_808702	9	106570702	110530324	2959	0.2431
HELVE_p_TCGA_b139_154_155_SNP_N_GenomeWideSNP_6_B10_808702	9	110530551	110532847	3	-1.1519
HELVE_p_TCGA_b139_154_155_SNP_N_GenomeWideSNP_6_B10_808702	9	110536932	138211368	19083	0.2436
HELVE_p_TCGA_b139_154_155_SNP_N_GenomeWideSNP_6_B10_808702	9	138214105	138215622	2	-1.4296
HELVE_p_TCGA_b139_154_155_SNP_N_GenomeWideSNP_6_B10_808702	9	138216412	139053515	404	0.2344
HELVE_p_TCGA_b139_154_155_SNP_N_GenomeWideSNP_6_B10_808702	9	139056779	139058723	3	-1.2529
HELVE_p_TCGA_b139_154_155_SNP_N_GenomeWideSNP_6_B10_808702	9	139059275	141091394	708	0.2287
HELVE_p_TCGA_b139_154_155_SNP_N_GenomeWideSNP_6_B10_808702	10	72759	24377674	19232	-0.106
HELVE_p_TCGA_b139_154_155_SNP_N_GenomeWideSNP_6_B10_808702	10	24377675	24378054	10	0.6311
HELVE_p_TCGA_b139_154_155_SNP_N_GenomeWideSNP_6_B10_808702	10	24378908	124343951	63876	-0.1003
HELVE_p_TCGA_b139_154_155_SNP_N_GenomeWideSNP_6_B10_808702	10	124344109	124351013	6	-1.2109
HELVE_p_TCGA_b139_154_155_SNP_N_GenomeWideSNP_6_B10_808702	10	124356812	135506704	7916	-0.136
HELVE_p_TCGA_b139_154_155_SNP_N_GenomeWideSNP_6_B10_808702	11	198510	4968117	2476	0.2822
HELVE_p_TCGA_b139_154_155_SNP_N_GenomeWideSNP_6_B10_808702	11	4968510	4976272	30	-1.3529
HELVE_p_TCGA_b139_154_155_SNP_N_GenomeWideSNP_6_B10_808702	11	4976334	38396884	24537	0.263
HELVE_p_TCGA_b139_154_155_SNP_N_GenomeWideSNP_6_B10_808702	11	38398957	41743040	2228	-0.5929
HELVE_p_TCGA_b139_154_155_SNP_N_GenomeWideSNP_6_B10_808702	11	41743150	48463394	4085	-0.0911
HELVE_p_TCGA_b139_154_155_SNP_N_GenomeWideSNP_6_B10_808702	11	48466947	48660473	100	-0.5527
HELVE_p_TCGA_b139_154_155_SNP_N_GenomeWideSNP_6_B10_808702	11	48663607	81511602	15871	-0.1003
HELVE_p_TCGA_b139_154_155_SNP_N_GenomeWideSNP_6_B10_808702	11	81512409	81517158	6	-1.0806
HELVE_p_TCGA_b139_154_155_SNP_N_GenomeWideSNP_6_B10_808702	11	81522632	91822943	6727	-0.1009
HELVE_p_TCGA_b139_154_155_SNP_N_GenomeWideSNP_6_B10_808702	11	91823650	91823655	6	-1.0491
HELVE_p_TCGA_b139_154_155_SNP_N_GenomeWideSNP_6_B10_808702	11	91823997	96911239	3610	-0.101
HELVE_p_TCGA_b139_154_155_SNP_N_GenomeWideSNP_6_B10_808702	11	96917891	99423545	1856	-0.5794
HELVE_p_TCGA_b139_154_155_SNP_N_GenomeWideSNP_6_B10_808702	11	99427746	99839689	349	-0.1026
HELVE_p_TCGA_b139_154_155_SNP_N_GenomeWideSNP_6_B10_808702	11	99843346	99843602	3	-1.7233
HELVE_p_TCGA_b139_154_155_SNP_N_GenomeWideSNP_6_B10_808702	11	99845702	123521440	16518	-0.1018
HELVE_p_TCGA_b139_154_155_SNP_N_GenomeWideSNP_6_B10_808702	11	123522721	123523107	4	-1.5986
HELVE_p_TCGA_b139_154_155_SNP_N_GenomeWideSNP_6_B10_808702	11	123523358	132992119	7233	-0.1256
HELVE_p_TCGA_b139_154_155_SNP_N_GenomeWideSNP_6_B10_808702	11	132992352	133004236	7	-0.9963
HELVE_p_TCGA_b139_154_155_SNP_N_GenomeWideSNP_6_B10_808702	11	133008447	133303819	250	-0.1726
HELVE_p_TCGA_b139_154_155_SNP_N_GenomeWideSNP_6_B10_808702	11	133306065	134944770	1199	-0.7343
HELVE_p_TCGA_b139_154_155_SNP_N_GenomeWideSNP_6_B10_808702	12	150442	316372	87	-0.1868
HELVE_p_TCGA_b139_154_155_SNP_N_GenomeWideSNP_6_B10_808702	12	318707	321353	2	-1.4845
HELVE_p_TCGA_b139_154_155_SNP_N_GenomeWideSNP_6_B10_808702	12	324295	7127067	4894	-0.0722
HELVE_p_TCGA_b139_154_155_SNP_N_GenomeWideSNP_6_B10_808702	12	7137615	9633870	1217	-0.6142
HELVE_p_TCGA_b139_154_155_SNP_N_GenomeWideSNP_6_B10_808702	12	9637909	9715565	23	-1.4479
HELVE_p_TCGA_b139_154_155_SNP_N_GenomeWideSNP_6_B10_808702	12	9728292	10978402	898	-0.5605
HELVE_p_TCGA_b139_154_155_SNP_N_GenomeWideSNP_6_B10_808702	12	10978770	11226913	151	-0.0948
HELVE_p_TCGA_b139_154_155_SNP_N_GenomeWideSNP_6_B10_808702	12	11231455	11241532	6	0.6607
HELVE_p_TCGA_b139_154_155_SNP_N_GenomeWideSNP_6_B10_808702	12	11251874	13519996	1732	-0.5668
HELVE_p_TCGA_b139_154_155_SNP_N_GenomeWideSNP_6_B10_808702	12	13520028	13520309	2	-2.399
HELVE_p_TCGA_b139_154_155_SNP_N_GenomeWideSNP_6_B10_808702	12	13520355	15609077	1464	-0.5684
HELVE_p_TCGA_b139_154_155_SNP_N_GenomeWideSNP_6_B10_808702	12	15609784	32661509	11971	-0.0908
HELVE_p_TCGA_b139_154_155_SNP_N_GenomeWideSNP_6_B10_808702	12	32670294	34576710	1176	-0.5575
HELVE_p_TCGA_b139_154_155_SNP_N_GenomeWideSNP_6_B10_808702	12	34577811	66763550	17111	-0.0648
HELVE_p_TCGA_b139_154_155_SNP_N_GenomeWideSNP_6_B10_808702	12	66767344	67488532	578	-0.6217
HELVE_p_TCGA_b139_154_155_SNP_N_GenomeWideSNP_6_B10_808702	12	67492317	119983825	34627	-0.0914
HELVE_p_TCGA_b139_154_155_SNP_N_GenomeWideSNP_6_B10_808702	12	119988887	119990761	16	-0.8327
HELVE_p_TCGA_b139_154_155_SNP_N_GenomeWideSNP_6_B10_808702	12	119994041	125440228	2710	-0.0703
HELVE_p_TCGA_b139_154_155_SNP_N_GenomeWideSNP_6_B10_808702	12	125442831	125442924	2	-1.3487
HELVE_p_TCGA_b139_154_155_SNP_N_GenomeWideSNP_6_B10_808702	12	125443020	126994227	1284	-0.1158
HELVE_p_TCGA_b139_154_155_SNP_N_GenomeWideSNP_6_B10_808702	12	126994946	127004077	6	-1.1789
HELVE_p_TCGA_b139_154_155_SNP_N_GenomeWideSNP_6_B10_808702	12	127004590	132120715	4479	-0.1442
HELVE_p_TCGA_b139_154_155_SNP_N_GenomeWideSNP_6_B10_808702	12	132132584	132133335	13	-1.8848
HELVE_p_TCGA_b139_154_155_SNP_N_GenomeWideSNP_6_B10_808702	12	132142331	133778189	572	-0.1392
HELVE_p_TCGA_b139_154_155_SNP_N_GenomeWideSNP_6_B10_808702	13	19026949	25049148	4081	0.254
HELVE_p_TCGA_b139_154_155_SNP_N_GenomeWideSNP_6_B10_808702	13	25049197	25049241	2	-1.0539
HELVE_p_TCGA_b139_154_155_SNP_N_GenomeWideSNP_6_B10_808702	13	25049278	39052811	10194	0.2556
HELVE_p_TCGA_b139_154_155_SNP_N_GenomeWideSNP_6_B10_808702	13	39057572	39058056	2	-1.8715
HELVE_p_TCGA_b139_154_155_SNP_N_GenomeWideSNP_6_B10_808702	13	39065057	66421444	16963	0.257
HELVE_p_TCGA_b139_154_155_SNP_N_GenomeWideSNP_6_B10_808702	13	66421910	66423593	2	-1.7546
HELVE_p_TCGA_b139_154_155_SNP_N_GenomeWideSNP_6_B10_808702	13	66429052	69248333	1799	0.2227
HELVE_p_TCGA_b139_154_155_SNP_N_GenomeWideSNP_6_B10_808702	13	69248557	69268242	37	-0.2642
HELVE_p_TCGA_b139_154_155_SNP_N_GenomeWideSNP_6_B10_808702	13	69269119	72476988	2062	0.2479
HELVE_p_TCGA_b139_154_155_SNP_N_GenomeWideSNP_6_B10_808702	13	72477555	72480556	4	-2.3766
HELVE_p_TCGA_b139_154_155_SNP_N_GenomeWideSNP_6_B10_808702	13	72480605	97070044	16041	0.2471
HELVE_p_TCGA_b139_154_155_SNP_N_GenomeWideSNP_6_B10_808702	13	97070050	97070467	2	-1.3395
HELVE_p_TCGA_b139_154_155_SNP_N_GenomeWideSNP_6_B10_808702	13	97071111	115108397	13087	0.2626
HELVE_p_TCGA_b139_154_155_SNP_N_GenomeWideSNP_6_B10_808702	14	19002124	20422583	188	-0.4726
HELVE_p_TCGA_b139_154_155_SNP_N_GenomeWideSNP_6_B10_808702	14	20423372	38643902	11775	-0.083
HELVE_p_TCGA_b139_154_155_SNP_N_GenomeWideSNP_6_B10_808702	14	38643916	38644034	2	-1.7954
HELVE_p_TCGA_b139_154_155_SNP_N_GenomeWideSNP_6_B10_808702	14	38644503	77068037	24214	-0.09
HELVE_p_TCGA_b139_154_155_SNP_N_GenomeWideSNP_6_B10_808702	14	77068682	77069449	2	-1.4735
HELVE_p_TCGA_b139_154_155_SNP_N_GenomeWideSNP_6_B10_808702	14	77069553	106868286	19113	-0.1081
HELVE_p_TCGA_b139_154_155_SNP_N_GenomeWideSNP_6_B10_808702	14	106868554	106911309	36	0.2693
HELVE_p_TCGA_b139_154_155_SNP_N_GenomeWideSNP_6_B10_808702	14	106911348	107285437	242	-0.0666
HELVE_p_TCGA_b139_154_155_SNP_N_GenomeWideSNP_6_B10_808702	15	20016328	24674887	1428	-0.1216
HELVE_p_TCGA_b139_154_155_SNP_N_GenomeWideSNP_6_B10_808702	15	24675133	24730995	41	-0.6817
HELVE_p_TCGA_b139_154_155_SNP_N_GenomeWideSNP_6_B10_808702	15	24731872	102469040	50564	-0.0908
HELVE_p_TCGA_b139_154_155_SNP_N_GenomeWideSNP_6_B10_808702	16	60777	6538986	3721	0.2105
HELVE_p_TCGA_b139_154_155_SNP_N_GenomeWideSNP_6_B10_808702	16	6547044	6698676	225	-0.6226
HELVE_p_TCGA_b139_154_155_SNP_N_GenomeWideSNP_6_B10_808702	16	6698818	7006010	387	0.0161
HELVE_p_TCGA_b139_154_155_SNP_N_GenomeWideSNP_6_B10_808702	16	7006141	7010776	5	-1.0524
HELVE_p_TCGA_b139_154_155_SNP_N_GenomeWideSNP_6_B10_808702	16	7012136	18704192	8489	0.1343
HELVE_p_TCGA_b139_154_155_SNP_N_GenomeWideSNP_6_B10_808702	16	18716255	18726036	4	-1.0848
HELVE_p_TCGA_b139_154_155_SNP_N_GenomeWideSNP_6_B10_808702	16	18727232	21389970	1628	0.1468
HELVE_p_TCGA_b139_154_155_SNP_N_GenomeWideSNP_6_B10_808702	16	21412403	21593455	24	-0.3108
HELVE_p_TCGA_b139_154_155_SNP_N_GenomeWideSNP_6_B10_808702	16	21593634	22428645	362	0.1283
HELVE_p_TCGA_b139_154_155_SNP_N_GenomeWideSNP_6_B10_808702	16	22431370	22710742	76	-0.2391
HELVE_p_TCGA_b139_154_155_SNP_N_GenomeWideSNP_6_B10_808702	16	22712979	66050918	19193	0.1324
HELVE_p_TCGA_b139_154_155_SNP_N_GenomeWideSNP_6_B10_808702	16	66053230	66053401	2	-1.3657
HELVE_p_TCGA_b139_154_155_SNP_N_GenomeWideSNP_6_B10_808702	16	66054207	66056996	5	-0.1652
HELVE_p_TCGA_b139_154_155_SNP_N_GenomeWideSNP_6_B10_808702	16	66059742	66139815	86	0.1355
HELVE_p_TCGA_b139_154_155_SNP_N_GenomeWideSNP_6_B10_808702	16	66140559	66141556	3	-0.4572
HELVE_p_TCGA_b139_154_155_SNP_N_GenomeWideSNP_6_B10_808702	16	66144144	78371608	7565	0.1482
HELVE_p_TCGA_b139_154_155_SNP_N_GenomeWideSNP_6_B10_808702	16	78372440	78379675	13	1.1174
HELVE_p_TCGA_b139_154_155_SNP_N_GenomeWideSNP_6_B10_808702	16	78383140	90287535	10640	0.1296
HELVE_p_TCGA_b139_154_155_SNP_N_GenomeWideSNP_6_B10_808702	17	526	11153115	6613	-0.6122
HELVE_p_TCGA_b139_154_155_SNP_N_GenomeWideSNP_6_B10_808702	17	11153342	11154039	3	-2.8235
HELVE_p_TCGA_b139_154_155_SNP_N_GenomeWideSNP_6_B10_808702	17	11154439	22235650	6364	-0.5978
HELVE_p_TCGA_b139_154_155_SNP_N_GenomeWideSNP_6_B10_808702	17	25270411	34436708	5361	-0.0995
HELVE_p_TCGA_b139_154_155_SNP_N_GenomeWideSNP_6_B10_808702	17	34437128	34485091	37	0.3594
HELVE_p_TCGA_b139_154_155_SNP_N_GenomeWideSNP_6_B10_808702	17	34528125	39414647	2538	-0.0604
HELVE_p_TCGA_b139_154_155_SNP_N_GenomeWideSNP_6_B10_808702	17	39418372	39432724	28	-0.3749
HELVE_p_TCGA_b139_154_155_SNP_N_GenomeWideSNP_6_B10_808702	17	39432840	54159044	8496	-0.0809
HELVE_p_TCGA_b139_154_155_SNP_N_GenomeWideSNP_6_B10_808702	17	54160914	54170759	24	-1.002
HELVE_p_TCGA_b139_154_155_SNP_N_GenomeWideSNP_6_B10_808702	17	54170821	81049726	15776	-0.0824
HELVE_p_TCGA_b139_154_155_SNP_N_GenomeWideSNP_6_B10_808702	18	11543	64149362	40615	-0.5986
HELVE_p_TCGA_b139_154_155_SNP_N_GenomeWideSNP_6_B10_808702	18	64149701	64152671	3	-2.2394
HELVE_p_TCGA_b139_154_155_SNP_N_GenomeWideSNP_6_B10_808702	18	64152690	67207852	2279	-0.5604
HELVE_p_TCGA_b139_154_155_SNP_N_GenomeWideSNP_6_B10_808702	18	67208392	67217271	7	-1.8362
HELVE_p_TCGA_b139_154_155_SNP_N_GenomeWideSNP_6_B10_808702	18	67217542	78015057	7770	-0.6153
HELVE_p_TCGA_b139_154_155_SNP_N_GenomeWideSNP_6_B10_808702	19	90910	35849322	16813	-0.095
HELVE_p_TCGA_b139_154_155_SNP_N_GenomeWideSNP_6_B10_808702	19	35849493	35861669	20	-0.7419
HELVE_p_TCGA_b139_154_155_SNP_N_GenomeWideSNP_6_B10_808702	19	35861779	52142930	8115	-0.0734
HELVE_p_TCGA_b139_154_155_SNP_N_GenomeWideSNP_6_B10_808702	19	52144370	52148197	8	-0.8994
HELVE_p_TCGA_b139_154_155_SNP_N_GenomeWideSNP_6_B10_808702	19	52154905	59097854	4386	-0.1137
HELVE_p_TCGA_b139_154_155_SNP_N_GenomeWideSNP_6_B10_808702	20	61305	61582	9	0.1072
HELVE_p_TCGA_b139_154_155_SNP_N_GenomeWideSNP_6_B10_808702	20	61675	1560999	1198	0.6513
HELVE_p_TCGA_b139_154_155_SNP_N_GenomeWideSNP_6_B10_808702	20	1561580	1582207	36	2.4195
HELVE_p_TCGA_b139_154_155_SNP_N_GenomeWideSNP_6_B10_808702	20	1590257	15571122	10670	0.6518
HELVE_p_TCGA_b139_154_155_SNP_N_GenomeWideSNP_6_B10_808702	20	15571798	15898030	323	0.3973
HELVE_p_TCGA_b139_154_155_SNP_N_GenomeWideSNP_6_B10_808702	20	15898652	29631159	7875	0.6421
HELVE_p_TCGA_b139_154_155_SNP_N_GenomeWideSNP_6_B10_808702	20	29631350	29651749	8	0.0672
HELVE_p_TCGA_b139_154_155_SNP_N_GenomeWideSNP_6_B10_808702	20	29835049	62956153	22379	0.646
HELVE_p_TCGA_b139_154_155_SNP_N_GenomeWideSNP_6_B10_808702	21	10736871	14446712	130	-0.1452
HELVE_p_TCGA_b139_154_155_SNP_N_GenomeWideSNP_6_B10_808702	21	14452862	35209930	14728	-0.5715
HELVE_p_TCGA_b139_154_155_SNP_N_GenomeWideSNP_6_B10_808702	21	35210184	35210196	2	-4.241
HELVE_p_TCGA_b139_154_155_SNP_N_GenomeWideSNP_6_B10_808702	21	35210482	46022529	8255	-0.5985
HELVE_p_TCGA_b139_154_155_SNP_N_GenomeWideSNP_6_B10_808702	21	46023573	46023668	3	-2.4302
HELVE_p_TCGA_b139_154_155_SNP_N_GenomeWideSNP_6_B10_808702	21	46023713	48096957	1219	-0.6438
HELVE_p_TCGA_b139_154_155_SNP_N_GenomeWideSNP_6_B10_808702	22	16052528	24330218	4613	-0.1553
HELVE_p_TCGA_b139_154_155_SNP_N_GenomeWideSNP_6_B10_808702	22	24330269	24331967	2	-2.3882
HELVE_p_TCGA_b139_154_155_SNP_N_GenomeWideSNP_6_B10_808702	22	24332625	34173406	7288	-0.0975
HELVE_p_TCGA_b139_154_155_SNP_N_GenomeWideSNP_6_B10_808702	22	34174947	34174985	4	-1.2711
HELVE_p_TCGA_b139_154_155_SNP_N_GenomeWideSNP_6_B10_808702	22	34181422	42897282	5513	-0.0881
HELVE_p_TCGA_b139_154_155_SNP_N_GenomeWideSNP_6_B10_808702	22	42899440	42934462	21	0.591
HELVE_p_TCGA_b139_154_155_SNP_N_GenomeWideSNP_6_B10_808702	22	42942962	45133340	1635	-0.1138
HELVE_p_TCGA_b139_154_155_SNP_N_GenomeWideSNP_6_B10_808702	22	45135806	45136635	3	-3.3196
HELVE_p_TCGA_b139_154_155_SNP_N_GenomeWideSNP_6_B10_808702	22	45136906	45393391	186	-0.1146
HELVE_p_TCGA_b139_154_155_SNP_N_GenomeWideSNP_6_B10_808702	22	45394144	45398616	10	-0.8816
HELVE_p_TCGA_b139_154_155_SNP_N_GenomeWideSNP_6_B10_808702	22	45398758	51234455	4274	-0.1363
HELVE_p_TCGA_b139_154_155_SNP_N_GenomeWideSNP_6_B10_808702	X	168477	2042200	86	-0.4132
HELVE_p_TCGA_b139_154_155_SNP_N_GenomeWideSNP_6_B10_808702	X	2319955	32983945	20449	0.0161
HELVE_p_TCGA_b139_154_155_SNP_N_GenomeWideSNP_6_B10_808702	X	32987454	32988258	3	-1.8796
HELVE_p_TCGA_b139_154_155_SNP_N_GenomeWideSNP_6_B10_808702	X	32990039	34042254	739	-0.0197
HELVE_p_TCGA_b139_154_155_SNP_N_GenomeWideSNP_6_B10_808702	X	34044373	34049285	3	-1.9201
HELVE_p_TCGA_b139_154_155_SNP_N_GenomeWideSNP_6_B10_808702	X	34049397	34070287	21	-4.4323
HELVE_p_TCGA_b139_154_155_SNP_N_GenomeWideSNP_6_B10_808702	X	34073425	34945147	575	0.0055
HELVE_p_TCGA_b139_154_155_SNP_N_GenomeWideSNP_6_B10_808702	X	34947951	34951477	6	1.5626
HELVE_p_TCGA_b139_154_155_SNP_N_GenomeWideSNP_6_B10_808702	X	34956004	47886996	7189	0.025
HELVE_p_TCGA_b139_154_155_SNP_N_GenomeWideSNP_6_B10_808702	X	47887126	47887528	2	4.4647
HELVE_p_TCGA_b139_154_155_SNP_N_GenomeWideSNP_6_B10_808702	X	47888860	87454426	16935	-0.0291
HELVE_p_TCGA_b139_154_155_SNP_N_GenomeWideSNP_6_B10_808702	X	87454682	87455171	3	2.83
HELVE_p_TCGA_b139_154_155_SNP_N_GenomeWideSNP_6_B10_808702	X	87455239	115133681	14625	-0.0287
HELVE_p_TCGA_b139_154_155_SNP_N_GenomeWideSNP_6_B10_808702	X	115137955	115150638	7	-1.7601
HELVE_p_TCGA_b139_154_155_SNP_N_GenomeWideSNP_6_B10_808702	X	115156419	124532488	5715	0.0066
HELVE_p_TCGA_b139_154_155_SNP_N_GenomeWideSNP_6_B10_808702	X	124532652	124532873	2	2.3295
HELVE_p_TCGA_b139_154_155_SNP_N_GenomeWideSNP_6_B10_808702	X	124533090	131211290	3740	-0.0156
HELVE_p_TCGA_b139_154_155_SNP_N_GenomeWideSNP_6_B10_808702	X	131212944	131227523	10	0.9181
HELVE_p_TCGA_b139_154_155_SNP_N_GenomeWideSNP_6_B10_808702	X	131227655	143626060	7329	-0.0239
HELVE_p_TCGA_b139_154_155_SNP_N_GenomeWideSNP_6_B10_808702	X	143631490	143637684	4	-2.3459
HELVE_p_TCGA_b139_154_155_SNP_N_GenomeWideSNP_6_B10_808702	X	143638124	155182354	6906	-0.0187
HELVE_p_TCGA_b139_154_155_SNP_N_GenomeWideSNP_6_B10_808702	Y	2650438	22842676	6955	-1.1113
HELVE_p_TCGA_b139_154_155_SNP_N_GenomeWideSNP_6_B10_808702	Y	22843602	22844230	2	0.5195
HELVE_p_TCGA_b139_154_155_SNP_N_GenomeWideSNP_6_B10_808702	Y	22844820	59018259	1674	-1.1217
