Sample	Chromosome	Start	End	Num_Probes	Segment_Mean
HELVE_p_TCGA_b139_154_155_SNP_N_GenomeWideSNP_6_B12_808620	1	61735	12892508	6561	0.0493
HELVE_p_TCGA_b139_154_155_SNP_N_GenomeWideSNP_6_B12_808620	1	12909977	13182599	13	0.7547
HELVE_p_TCGA_b139_154_155_SNP_N_GenomeWideSNP_6_B12_808620	1	13185738	13444682	21	0.0688
HELVE_p_TCGA_b139_154_155_SNP_N_GenomeWideSNP_6_B12_808620	1	13444908	13468022	4	-1.3694
HELVE_p_TCGA_b139_154_155_SNP_N_GenomeWideSNP_6_B12_808620	1	13471704	16149003	1818	0.0429
HELVE_p_TCGA_b139_154_155_SNP_N_GenomeWideSNP_6_B12_808620	1	16149067	16167799	17	0.4591
HELVE_p_TCGA_b139_154_155_SNP_N_GenomeWideSNP_6_B12_808620	1	16167855	17005734	341	0.0521
HELVE_p_TCGA_b139_154_155_SNP_N_GenomeWideSNP_6_B12_808620	1	17005776	17261211	116	0.3037
HELVE_p_TCGA_b139_154_155_SNP_N_GenomeWideSNP_6_B12_808620	1	17261248	64703426	28587	0.0509
HELVE_p_TCGA_b139_154_155_SNP_N_GenomeWideSNP_6_B12_808620	1	64704921	64704928	2	-1.3237
HELVE_p_TCGA_b139_154_155_SNP_N_GenomeWideSNP_6_B12_808620	1	64707243	72768916	5571	-0.0189
HELVE_p_TCGA_b139_154_155_SNP_N_GenomeWideSNP_6_B12_808620	1	72768936	72811148	45	-0.9195
HELVE_p_TCGA_b139_154_155_SNP_N_GenomeWideSNP_6_B12_808620	1	72811904	104225568	20102	-0.0149
HELVE_p_TCGA_b139_154_155_SNP_N_GenomeWideSNP_6_B12_808620	1	104239689	104268222	13	-0.4809
HELVE_p_TCGA_b139_154_155_SNP_N_GenomeWideSNP_6_B12_808620	1	104303403	106013376	919	0.0324
HELVE_p_TCGA_b139_154_155_SNP_N_GenomeWideSNP_6_B12_808620	1	106019205	106024090	20	0.4957
HELVE_p_TCGA_b139_154_155_SNP_N_GenomeWideSNP_6_B12_808620	1	106024137	108729759	1940	0.0436
HELVE_p_TCGA_b139_154_155_SNP_N_GenomeWideSNP_6_B12_808620	1	108734235	108737496	3	-0.748
HELVE_p_TCGA_b139_154_155_SNP_N_GenomeWideSNP_6_B12_808620	1	108739104	110232974	726	0.0676
HELVE_p_TCGA_b139_154_155_SNP_N_GenomeWideSNP_6_B12_808620	1	110233037	110240178	16	-0.8207
HELVE_p_TCGA_b139_154_155_SNP_N_GenomeWideSNP_6_B12_808620	1	110242953	149545386	8527	0.0662
HELVE_p_TCGA_b139_154_155_SNP_N_GenomeWideSNP_6_B12_808620	1	149548713	149617451	4	1.0609
HELVE_p_TCGA_b139_154_155_SNP_N_GenomeWideSNP_6_B12_808620	1	149617488	149659890	5	0.2316
HELVE_p_TCGA_b139_154_155_SNP_N_GenomeWideSNP_6_B12_808620	1	149664041	149834455	60	-0.15
HELVE_p_TCGA_b139_154_155_SNP_N_GenomeWideSNP_6_B12_808620	1	149834470	152756774	1626	0.0643
HELVE_p_TCGA_b139_154_155_SNP_N_GenomeWideSNP_6_B12_808620	1	152756806	152773905	41	0.5321
HELVE_p_TCGA_b139_154_155_SNP_N_GenomeWideSNP_6_B12_808620	1	152776755	160535596	4724	0.0649
HELVE_p_TCGA_b139_154_155_SNP_N_GenomeWideSNP_6_B12_808620	1	160535846	160537203	2	-1.121
HELVE_p_TCGA_b139_154_155_SNP_N_GenomeWideSNP_6_B12_808620	1	160537558	161508875	551	0.0841
HELVE_p_TCGA_b139_154_155_SNP_N_GenomeWideSNP_6_B12_808620	1	161517939	161638201	46	-0.3247
HELVE_p_TCGA_b139_154_155_SNP_N_GenomeWideSNP_6_B12_808620	1	161638480	169216937	6016	0.0611
HELVE_p_TCGA_b139_154_155_SNP_N_GenomeWideSNP_6_B12_808620	1	169233974	169242401	8	0.7164
HELVE_p_TCGA_b139_154_155_SNP_N_GenomeWideSNP_6_B12_808620	1	169254877	190369969	14002	0.0633
HELVE_p_TCGA_b139_154_155_SNP_N_GenomeWideSNP_6_B12_808620	1	190371302	190371428	2	-1.08
HELVE_p_TCGA_b139_154_155_SNP_N_GenomeWideSNP_6_B12_808620	1	190375777	196758120	4230	0.062
HELVE_p_TCGA_b139_154_155_SNP_N_GenomeWideSNP_6_B12_808620	1	196758149	196759288	4	-1.2537
HELVE_p_TCGA_b139_154_155_SNP_N_GenomeWideSNP_6_B12_808620	1	196761820	210071062	8875	0.0657
HELVE_p_TCGA_b139_154_155_SNP_N_GenomeWideSNP_6_B12_808620	1	210081613	210086552	4	0.893
HELVE_p_TCGA_b139_154_155_SNP_N_GenomeWideSNP_6_B12_808620	1	210093494	227425301	11678	0.0579
HELVE_p_TCGA_b139_154_155_SNP_N_GenomeWideSNP_6_B12_808620	1	227426072	227426406	3	-1.0054
HELVE_p_TCGA_b139_154_155_SNP_N_GenomeWideSNP_6_B12_808620	1	227429178	229811169	1380	0.0632
HELVE_p_TCGA_b139_154_155_SNP_N_GenomeWideSNP_6_B12_808620	1	229816856	229820196	3	-2.3549
HELVE_p_TCGA_b139_154_155_SNP_N_GenomeWideSNP_6_B12_808620	1	229820456	240391740	8119	0.0577
HELVE_p_TCGA_b139_154_155_SNP_N_GenomeWideSNP_6_B12_808620	1	240394015	240394124	5	-1.748
HELVE_p_TCGA_b139_154_155_SNP_N_GenomeWideSNP_6_B12_808620	1	240394139	248737447	5748	0.0526
HELVE_p_TCGA_b139_154_155_SNP_N_GenomeWideSNP_6_B12_808620	1	248749194	248809109	37	-0.5291
HELVE_p_TCGA_b139_154_155_SNP_N_GenomeWideSNP_6_B12_808620	1	248809369	249224388	141	0.0296
HELVE_p_TCGA_b139_154_155_SNP_N_GenomeWideSNP_6_B12_808620	2	12784	1231315	823	0.045
HELVE_p_TCGA_b139_154_155_SNP_N_GenomeWideSNP_6_B12_808620	2	1231592	1238659	4	-1.7338
HELVE_p_TCGA_b139_154_155_SNP_N_GenomeWideSNP_6_B12_808620	2	1244964	3728561	1745	0.0317
HELVE_p_TCGA_b139_154_155_SNP_N_GenomeWideSNP_6_B12_808620	2	3732546	3736538	5	-0.8099
HELVE_p_TCGA_b139_154_155_SNP_N_GenomeWideSNP_6_B12_808620	2	3742071	4216410	417	0.0625
HELVE_p_TCGA_b139_154_155_SNP_N_GenomeWideSNP_6_B12_808620	2	4216420	4223833	38	0.3233
HELVE_p_TCGA_b139_154_155_SNP_N_GenomeWideSNP_6_B12_808620	2	4224019	4973779	656	0.0466
HELVE_p_TCGA_b139_154_155_SNP_N_GenomeWideSNP_6_B12_808620	2	4974948	4975953	3	-0.8149
HELVE_p_TCGA_b139_154_155_SNP_N_GenomeWideSNP_6_B12_808620	2	4976727	10701629	4428	0.0784
HELVE_p_TCGA_b139_154_155_SNP_N_GenomeWideSNP_6_B12_808620	2	10702520	10704855	3	-0.9776
HELVE_p_TCGA_b139_154_155_SNP_N_GenomeWideSNP_6_B12_808620	2	10712996	34685280	15986	0.0816
HELVE_p_TCGA_b139_154_155_SNP_N_GenomeWideSNP_6_B12_808620	2	34691069	34740799	53	0.6353
HELVE_p_TCGA_b139_154_155_SNP_N_GenomeWideSNP_6_B12_808620	2	34741027	35975973	871	0.0701
HELVE_p_TCGA_b139_154_155_SNP_N_GenomeWideSNP_6_B12_808620	2	35977790	35987916	6	-1.774
HELVE_p_TCGA_b139_154_155_SNP_N_GenomeWideSNP_6_B12_808620	2	35987947	40332851	3171	0.0863
HELVE_p_TCGA_b139_154_155_SNP_N_GenomeWideSNP_6_B12_808620	2	40335410	40335876	3	-1.1063
HELVE_p_TCGA_b139_154_155_SNP_N_GenomeWideSNP_6_B12_808620	2	40336640	49533042	6702	0.0937
HELVE_p_TCGA_b139_154_155_SNP_N_GenomeWideSNP_6_B12_808620	2	49535768	49545041	6	-0.7165
HELVE_p_TCGA_b139_154_155_SNP_N_GenomeWideSNP_6_B12_808620	2	49545818	52754468	2279	0.0618
HELVE_p_TCGA_b139_154_155_SNP_N_GenomeWideSNP_6_B12_808620	2	52754480	52781522	38	0.7094
HELVE_p_TCGA_b139_154_155_SNP_N_GenomeWideSNP_6_B12_808620	2	52781542	86937687	21938	0.0817
HELVE_p_TCGA_b139_154_155_SNP_N_GenomeWideSNP_6_B12_808620	2	86953070	86971745	4	-0.8659
HELVE_p_TCGA_b139_154_155_SNP_N_GenomeWideSNP_6_B12_808620	2	86972846	110462496	9846	0.0816
HELVE_p_TCGA_b139_154_155_SNP_N_GenomeWideSNP_6_B12_808620	2	110467473	110477250	2	1.428
HELVE_p_TCGA_b139_154_155_SNP_N_GenomeWideSNP_6_B12_808620	2	110501512	146862085	21823	0.0703
HELVE_p_TCGA_b139_154_155_SNP_N_GenomeWideSNP_6_B12_808620	2	146864404	146866934	24	-1.4078
HELVE_p_TCGA_b139_154_155_SNP_N_GenomeWideSNP_6_B12_808620	2	146877806	180061655	20289	0.095
HELVE_p_TCGA_b139_154_155_SNP_N_GenomeWideSNP_6_B12_808620	2	180067192	180079144	3	-2.2787
HELVE_p_TCGA_b139_154_155_SNP_N_GenomeWideSNP_6_B12_808620	2	180083591	215266519	21078	0.0876
HELVE_p_TCGA_b139_154_155_SNP_N_GenomeWideSNP_6_B12_808620	2	215275609	215277796	4	-1.1074
HELVE_p_TCGA_b139_154_155_SNP_N_GenomeWideSNP_6_B12_808620	2	215283806	229409208	9332	0.0884
HELVE_p_TCGA_b139_154_155_SNP_N_GenomeWideSNP_6_B12_808620	2	229413217	229424096	9	-0.5599
HELVE_p_TCGA_b139_154_155_SNP_N_GenomeWideSNP_6_B12_808620	2	229424658	243089456	8432	0.0813
HELVE_p_TCGA_b139_154_155_SNP_N_GenomeWideSNP_6_B12_808620	3	60345	224602	157	-0.2608
HELVE_p_TCGA_b139_154_155_SNP_N_GenomeWideSNP_6_B12_808620	3	230022	232800	4	-3.1351
HELVE_p_TCGA_b139_154_155_SNP_N_GenomeWideSNP_6_B12_808620	3	234877	68746164	47685	-0.2276
HELVE_p_TCGA_b139_154_155_SNP_N_GenomeWideSNP_6_B12_808620	3	68746259	68747413	14	-1.0021
HELVE_p_TCGA_b139_154_155_SNP_N_GenomeWideSNP_6_B12_808620	3	68748758	69173184	336	-0.2147
HELVE_p_TCGA_b139_154_155_SNP_N_GenomeWideSNP_6_B12_808620	3	69181183	69181552	2	-1.9239
HELVE_p_TCGA_b139_154_155_SNP_N_GenomeWideSNP_6_B12_808620	3	69183769	84698990	9596	-0.2331
HELVE_p_TCGA_b139_154_155_SNP_N_GenomeWideSNP_6_B12_808620	3	84699184	84711725	24	0.1477
HELVE_p_TCGA_b139_154_155_SNP_N_GenomeWideSNP_6_B12_808620	3	84717923	98934604	5981	-0.218
HELVE_p_TCGA_b139_154_155_SNP_N_GenomeWideSNP_6_B12_808620	3	98936627	98949421	41	0.1083
HELVE_p_TCGA_b139_154_155_SNP_N_GenomeWideSNP_6_B12_808620	3	98950964	102938744	2213	-0.2016
HELVE_p_TCGA_b139_154_155_SNP_N_GenomeWideSNP_6_B12_808620	3	102938817	102951162	24	0.3513
HELVE_p_TCGA_b139_154_155_SNP_N_GenomeWideSNP_6_B12_808620	3	102962981	129762859	16507	-0.2076
HELVE_p_TCGA_b139_154_155_SNP_N_GenomeWideSNP_6_B12_808620	3	129763698	129806236	52	0.3401
HELVE_p_TCGA_b139_154_155_SNP_N_GenomeWideSNP_6_B12_808620	3	129806924	162208419	20084	-0.2087
HELVE_p_TCGA_b139_154_155_SNP_N_GenomeWideSNP_6_B12_808620	3	162216629	162223833	25	-0.927
HELVE_p_TCGA_b139_154_155_SNP_N_GenomeWideSNP_6_B12_808620	3	162223934	162513092	182	-0.2395
HELVE_p_TCGA_b139_154_155_SNP_N_GenomeWideSNP_6_B12_808620	3	162513149	162615915	61	-1.2431
HELVE_p_TCGA_b139_154_155_SNP_N_GenomeWideSNP_6_B12_808620	3	162623842	192607750	19004	-0.2066
HELVE_p_TCGA_b139_154_155_SNP_N_GenomeWideSNP_6_B12_808620	3	192607973	192608551	6	0.8994
HELVE_p_TCGA_b139_154_155_SNP_N_GenomeWideSNP_6_B12_808620	3	192608598	192880473	199	-0.2053
HELVE_p_TCGA_b139_154_155_SNP_N_GenomeWideSNP_6_B12_808620	3	192880587	192882903	12	-1.0931
HELVE_p_TCGA_b139_154_155_SNP_N_GenomeWideSNP_6_B12_808620	3	192886435	197896118	2706	-0.2237
HELVE_p_TCGA_b139_154_155_SNP_N_GenomeWideSNP_6_B12_808620	4	12281	65978	57	-0.201
HELVE_p_TCGA_b139_154_155_SNP_N_GenomeWideSNP_6_B12_808620	4	66719	9461230	5195	0.0261
HELVE_p_TCGA_b139_154_155_SNP_N_GenomeWideSNP_6_B12_808620	4	9464537	9479206	7	1.1781
HELVE_p_TCGA_b139_154_155_SNP_N_GenomeWideSNP_6_B12_808620	4	9479345	10210390	546	0.0478
HELVE_p_TCGA_b139_154_155_SNP_N_GenomeWideSNP_6_B12_808620	4	10214160	10234608	32	0.4183
HELVE_p_TCGA_b139_154_155_SNP_N_GenomeWideSNP_6_B12_808620	4	10235007	11409302	1021	0.062
HELVE_p_TCGA_b139_154_155_SNP_N_GenomeWideSNP_6_B12_808620	4	11416525	12172065	645	0.4695
HELVE_p_TCGA_b139_154_155_SNP_N_GenomeWideSNP_6_B12_808620	4	12172310	34786500	15331	0.0312
HELVE_p_TCGA_b139_154_155_SNP_N_GenomeWideSNP_6_B12_808620	4	34786955	34824183	36	0.5347
HELVE_p_TCGA_b139_154_155_SNP_N_GenomeWideSNP_6_B12_808620	4	34824725	38087105	2304	0.0475
HELVE_p_TCGA_b139_154_155_SNP_N_GenomeWideSNP_6_B12_808620	4	38087163	38394714	243	0.4044
HELVE_p_TCGA_b139_154_155_SNP_N_GenomeWideSNP_6_B12_808620	4	38394742	58249858	10178	0.0431
HELVE_p_TCGA_b139_154_155_SNP_N_GenomeWideSNP_6_B12_808620	4	58256375	58258354	6	-1.049
HELVE_p_TCGA_b139_154_155_SNP_N_GenomeWideSNP_6_B12_808620	4	58263251	69536788	6831	0.0253
HELVE_p_TCGA_b139_154_155_SNP_N_GenomeWideSNP_6_B12_808620	4	69537152	69551744	3	-1.2834
HELVE_p_TCGA_b139_154_155_SNP_N_GenomeWideSNP_6_B12_808620	4	69558271	69639162	29	-0.0922
HELVE_p_TCGA_b139_154_155_SNP_N_GenomeWideSNP_6_B12_808620	4	69640234	77793212	4970	0.0649
HELVE_p_TCGA_b139_154_155_SNP_N_GenomeWideSNP_6_B12_808620	4	77793240	77793778	6	-0.6396
HELVE_p_TCGA_b139_154_155_SNP_N_GenomeWideSNP_6_B12_808620	4	77793829	115173700	22728	0.0553
HELVE_p_TCGA_b139_154_155_SNP_N_GenomeWideSNP_6_B12_808620	4	115175323	115184252	25	0.903
HELVE_p_TCGA_b139_154_155_SNP_N_GenomeWideSNP_6_B12_808620	4	115184266	138092239	13249	0.0368
HELVE_p_TCGA_b139_154_155_SNP_N_GenomeWideSNP_6_B12_808620	4	138092420	138093414	14	-0.6425
HELVE_p_TCGA_b139_154_155_SNP_N_GenomeWideSNP_6_B12_808620	4	138094958	180292110	26416	0.0487
HELVE_p_TCGA_b139_154_155_SNP_N_GenomeWideSNP_6_B12_808620	4	180292791	180327607	21	-0.7663
HELVE_p_TCGA_b139_154_155_SNP_N_GenomeWideSNP_6_B12_808620	4	180330493	189221258	6383	0.0396
HELVE_p_TCGA_b139_154_155_SNP_N_GenomeWideSNP_6_B12_808620	4	189221360	189221439	4	1.0531
HELVE_p_TCGA_b139_154_155_SNP_N_GenomeWideSNP_6_B12_808620	4	189222813	189436915	209	0.0498
HELVE_p_TCGA_b139_154_155_SNP_N_GenomeWideSNP_6_B12_808620	4	189437086	189437295	6	-0.9547
HELVE_p_TCGA_b139_154_155_SNP_N_GenomeWideSNP_6_B12_808620	4	189437396	191027923	961	0.0093
HELVE_p_TCGA_b139_154_155_SNP_N_GenomeWideSNP_6_B12_808620	5	15532	12800889	10216	0.0258
HELVE_p_TCGA_b139_154_155_SNP_N_GenomeWideSNP_6_B12_808620	5	12815780	12820076	9	0.7688
HELVE_p_TCGA_b139_154_155_SNP_N_GenomeWideSNP_6_B12_808620	5	12824411	17637861	3205	0.0584
HELVE_p_TCGA_b139_154_155_SNP_N_GenomeWideSNP_6_B12_808620	5	17640214	17642551	4	-0.9575
HELVE_p_TCGA_b139_154_155_SNP_N_GenomeWideSNP_6_B12_808620	5	17655138	21376844	2288	0.0329
HELVE_p_TCGA_b139_154_155_SNP_N_GenomeWideSNP_6_B12_808620	5	21377839	21377853	2	-2.0953
HELVE_p_TCGA_b139_154_155_SNP_N_GenomeWideSNP_6_B12_808620	5	21386066	21449276	45	0.0019
HELVE_p_TCGA_b139_154_155_SNP_N_GenomeWideSNP_6_B12_808620	5	21451200	21452438	5	-1.802
HELVE_p_TCGA_b139_154_155_SNP_N_GenomeWideSNP_6_B12_808620	5	21452496	21549830	28	-0.224
HELVE_p_TCGA_b139_154_155_SNP_N_GenomeWideSNP_6_B12_808620	5	21550394	46246660	14991	0.0331
HELVE_p_TCGA_b139_154_155_SNP_N_GenomeWideSNP_6_B12_808620	5	46251306	46271930	4	-0.6249
HELVE_p_TCGA_b139_154_155_SNP_N_GenomeWideSNP_6_B12_808620	5	46272521	46273502	5	-1.9715
HELVE_p_TCGA_b139_154_155_SNP_N_GenomeWideSNP_6_B12_808620	5	46278212	54939071	3416	0.053
HELVE_p_TCGA_b139_154_155_SNP_N_GenomeWideSNP_6_B12_808620	5	54944262	54961904	11	0.7035
HELVE_p_TCGA_b139_154_155_SNP_N_GenomeWideSNP_6_B12_808620	5	54964583	68846303	8990	0.0608
HELVE_p_TCGA_b139_154_155_SNP_N_GenomeWideSNP_6_B12_808620	5	68867294	69118135	5	-1.3146
HELVE_p_TCGA_b139_154_155_SNP_N_GenomeWideSNP_6_B12_808620	5	69233427	150177097	49380	0.0526
HELVE_p_TCGA_b139_154_155_SNP_N_GenomeWideSNP_6_B12_808620	5	150177708	150178240	2	-2.4352
HELVE_p_TCGA_b139_154_155_SNP_N_GenomeWideSNP_6_B12_808620	5	150187483	180790320	20497	0.039
HELVE_p_TCGA_b139_154_155_SNP_N_GenomeWideSNP_6_B12_808620	6	149661	253861	99	-0.5299
HELVE_p_TCGA_b139_154_155_SNP_N_GenomeWideSNP_6_B12_808620	6	254267	385056	109	-0.0669
HELVE_p_TCGA_b139_154_155_SNP_N_GenomeWideSNP_6_B12_808620	6	385687	29837188	21513	-0.4725
HELVE_p_TCGA_b139_154_155_SNP_N_GenomeWideSNP_6_B12_808620	6	29837314	29837458	2	-2.6388
HELVE_p_TCGA_b139_154_155_SNP_N_GenomeWideSNP_6_B12_808620	6	29837477	31280823	684	-0.4701
HELVE_p_TCGA_b139_154_155_SNP_N_GenomeWideSNP_6_B12_808620	6	31286276	31296451	11	1.2177
HELVE_p_TCGA_b139_154_155_SNP_N_GenomeWideSNP_6_B12_808620	6	31309924	32580617	547	-0.5073
HELVE_p_TCGA_b139_154_155_SNP_N_GenomeWideSNP_6_B12_808620	6	32581838	32601317	11	0.2201
HELVE_p_TCGA_b139_154_155_SNP_N_GenomeWideSNP_6_B12_808620	6	32602107	53925204	13732	-0.4635
HELVE_p_TCGA_b139_154_155_SNP_N_GenomeWideSNP_6_B12_808620	6	53931067	53931855	9	0.4981
HELVE_p_TCGA_b139_154_155_SNP_N_GenomeWideSNP_6_B12_808620	6	53935348	58340472	2379	-0.4658
HELVE_p_TCGA_b139_154_155_SNP_N_GenomeWideSNP_6_B12_808620	6	58344756	58348169	2	-2.512
HELVE_p_TCGA_b139_154_155_SNP_N_GenomeWideSNP_6_B12_808620	6	58349749	74591858	8127	-0.463
HELVE_p_TCGA_b139_154_155_SNP_N_GenomeWideSNP_6_B12_808620	6	74592225	74601410	10	-1.5888
HELVE_p_TCGA_b139_154_155_SNP_N_GenomeWideSNP_6_B12_808620	6	74603555	78962626	2764	-0.4314
HELVE_p_TCGA_b139_154_155_SNP_N_GenomeWideSNP_6_B12_808620	6	78962874	79041809	119	-0.1348
HELVE_p_TCGA_b139_154_155_SNP_N_GenomeWideSNP_6_B12_808620	6	79045902	103734829	15466	-0.4549
HELVE_p_TCGA_b139_154_155_SNP_N_GenomeWideSNP_6_B12_808620	6	103737976	103762061	46	-0.8607
HELVE_p_TCGA_b139_154_155_SNP_N_GenomeWideSNP_6_B12_808620	6	103765470	171051005	44212	-0.4499
HELVE_p_TCGA_b139_154_155_SNP_N_GenomeWideSNP_6_B12_808620	7	43355	64201	25	0.3497
HELVE_p_TCGA_b139_154_155_SNP_N_GenomeWideSNP_6_B12_808620	7	65254	65325	2	-0.9267
HELVE_p_TCGA_b139_154_155_SNP_N_GenomeWideSNP_6_B12_808620	7	65503	4620030	2448	0.441
HELVE_p_TCGA_b139_154_155_SNP_N_GenomeWideSNP_6_B12_808620	7	4620099	4620194	7	1.0643
HELVE_p_TCGA_b139_154_155_SNP_N_GenomeWideSNP_6_B12_808620	7	4620560	5936900	595	0.4157
HELVE_p_TCGA_b139_154_155_SNP_N_GenomeWideSNP_6_B12_808620	7	5940039	5948828	2	-1.5481
HELVE_p_TCGA_b139_154_155_SNP_N_GenomeWideSNP_6_B12_808620	7	5950828	16020299	7830	0.4426
HELVE_p_TCGA_b139_154_155_SNP_N_GenomeWideSNP_6_B12_808620	7	16023074	16023090	3	-0.8399
HELVE_p_TCGA_b139_154_155_SNP_N_GenomeWideSNP_6_B12_808620	7	16023130	16836016	653	0.4752
HELVE_p_TCGA_b139_154_155_SNP_N_GenomeWideSNP_6_B12_808620	7	16836236	16855132	30	-0.1177
HELVE_p_TCGA_b139_154_155_SNP_N_GenomeWideSNP_6_B12_808620	7	16860714	42776781	18956	0.4561
HELVE_p_TCGA_b139_154_155_SNP_N_GenomeWideSNP_6_B12_808620	7	42779604	42806086	19	0.0357
HELVE_p_TCGA_b139_154_155_SNP_N_GenomeWideSNP_6_B12_808620	7	42806506	57950931	10082	0.4399
HELVE_p_TCGA_b139_154_155_SNP_N_GenomeWideSNP_6_B12_808620	7	57960635	57974724	2	-1.3036
HELVE_p_TCGA_b139_154_155_SNP_N_GenomeWideSNP_6_B12_808620	7	57986591	70420438	4220	0.4062
HELVE_p_TCGA_b139_154_155_SNP_N_GenomeWideSNP_6_B12_808620	7	70423250	70426141	2	-2.1313
HELVE_p_TCGA_b139_154_155_SNP_N_GenomeWideSNP_6_B12_808620	7	70428243	91029468	11857	0.4489
HELVE_p_TCGA_b139_154_155_SNP_N_GenomeWideSNP_6_B12_808620	7	91031342	91040727	28	-0.8479
HELVE_p_TCGA_b139_154_155_SNP_N_GenomeWideSNP_6_B12_808620	7	91046993	91208142	116	0.4714
HELVE_p_TCGA_b139_154_155_SNP_N_GenomeWideSNP_6_B12_808620	7	91218884	91219132	3	-0.9267
HELVE_p_TCGA_b139_154_155_SNP_N_GenomeWideSNP_6_B12_808620	7	91225032	109441212	10526	0.4635
HELVE_p_TCGA_b139_154_155_SNP_N_GenomeWideSNP_6_B12_808620	7	109441244	109453910	11	1.0321
HELVE_p_TCGA_b139_154_155_SNP_N_GenomeWideSNP_6_B12_808620	7	109453982	126045651	10037	0.4541
HELVE_p_TCGA_b139_154_155_SNP_N_GenomeWideSNP_6_B12_808620	7	126045686	126046615	9	-0.8803
HELVE_p_TCGA_b139_154_155_SNP_N_GenomeWideSNP_6_B12_808620	7	126046876	128162894	1403	0.4498
HELVE_p_TCGA_b139_154_155_SNP_N_GenomeWideSNP_6_B12_808620	7	128163335	128174892	4	-0.4985
HELVE_p_TCGA_b139_154_155_SNP_N_GenomeWideSNP_6_B12_808620	7	128175588	133785340	3305	0.4442
HELVE_p_TCGA_b139_154_155_SNP_N_GenomeWideSNP_6_B12_808620	7	133785377	133790443	21	0.8579
HELVE_p_TCGA_b139_154_155_SNP_N_GenomeWideSNP_6_B12_808620	7	133795634	141028746	4757	0.4475
HELVE_p_TCGA_b139_154_155_SNP_N_GenomeWideSNP_6_B12_808620	7	141030390	141030804	2	-1.2754
HELVE_p_TCGA_b139_154_155_SNP_N_GenomeWideSNP_6_B12_808620	7	141031540	142474939	942	0.4774
HELVE_p_TCGA_b139_154_155_SNP_N_GenomeWideSNP_6_B12_808620	7	142476719	142479722	8	-3.2685
HELVE_p_TCGA_b139_154_155_SNP_N_GenomeWideSNP_6_B12_808620	7	142479807	142485699	14	-1.3527
HELVE_p_TCGA_b139_154_155_SNP_N_GenomeWideSNP_6_B12_808620	7	142485771	142486045	5	-2.7829
HELVE_p_TCGA_b139_154_155_SNP_N_GenomeWideSNP_6_B12_808620	7	142486115	158117595	9937	0.4337
HELVE_p_TCGA_b139_154_155_SNP_N_GenomeWideSNP_6_B12_808620	7	158128588	158132165	2	1.8567
HELVE_p_TCGA_b139_154_155_SNP_N_GenomeWideSNP_6_B12_808620	7	158136986	159127004	639	0.4137
HELVE_p_TCGA_b139_154_155_SNP_N_GenomeWideSNP_6_B12_808620	8	31254	161222	6	0.1091
HELVE_p_TCGA_b139_154_155_SNP_N_GenomeWideSNP_6_B12_808620	8	162672	593041	321	-0.5237
HELVE_p_TCGA_b139_154_155_SNP_N_GenomeWideSNP_6_B12_808620	8	594944	595908	10	0.6389
HELVE_p_TCGA_b139_154_155_SNP_N_GenomeWideSNP_6_B12_808620	8	601043	2080289	1145	-0.531
HELVE_p_TCGA_b139_154_155_SNP_N_GenomeWideSNP_6_B12_808620	8	2080394	2081353	6	-1.6941
HELVE_p_TCGA_b139_154_155_SNP_N_GenomeWideSNP_6_B12_808620	8	2081372	4076388	2474	-0.5013
HELVE_p_TCGA_b139_154_155_SNP_N_GenomeWideSNP_6_B12_808620	8	4076675	4076758	2	1.3904
HELVE_p_TCGA_b139_154_155_SNP_N_GenomeWideSNP_6_B12_808620	8	4077190	7238019	3887	-0.4883
HELVE_p_TCGA_b139_154_155_SNP_N_GenomeWideSNP_6_B12_808620	8	7250380	8087144	218	-0.0814
HELVE_p_TCGA_b139_154_155_SNP_N_GenomeWideSNP_6_B12_808620	8	8092025	12216009	3228	-0.4851
HELVE_p_TCGA_b139_154_155_SNP_N_GenomeWideSNP_6_B12_808620	8	12216848	12275810	51	0.144
HELVE_p_TCGA_b139_154_155_SNP_N_GenomeWideSNP_6_B12_808620	8	12277278	12473543	53	-0.1193
HELVE_p_TCGA_b139_154_155_SNP_N_GenomeWideSNP_6_B12_808620	8	12473558	16919086	4075	-0.4821
HELVE_p_TCGA_b139_154_155_SNP_N_GenomeWideSNP_6_B12_808620	8	16919124	16919668	2	-2.1802
HELVE_p_TCGA_b139_154_155_SNP_N_GenomeWideSNP_6_B12_808620	8	16924697	24974443	6343	-0.4605
HELVE_p_TCGA_b139_154_155_SNP_N_GenomeWideSNP_6_B12_808620	8	24974476	24984250	25	0.2016
HELVE_p_TCGA_b139_154_155_SNP_N_GenomeWideSNP_6_B12_808620	8	24984333	34552284	6507	-0.4702
HELVE_p_TCGA_b139_154_155_SNP_N_GenomeWideSNP_6_B12_808620	8	34552931	39230659	2522	0.082
HELVE_p_TCGA_b139_154_155_SNP_N_GenomeWideSNP_6_B12_808620	8	39235603	39386965	59	0.7505
HELVE_p_TCGA_b139_154_155_SNP_N_GenomeWideSNP_6_B12_808620	8	39388299	72215311	17909	0.0798
HELVE_p_TCGA_b139_154_155_SNP_N_GenomeWideSNP_6_B12_808620	8	72215364	72216026	3	-1.1965
HELVE_p_TCGA_b139_154_155_SNP_N_GenomeWideSNP_6_B12_808620	8	72216138	112291494	24136	0.0848
HELVE_p_TCGA_b139_154_155_SNP_N_GenomeWideSNP_6_B12_808620	8	112294279	112295260	10	1.2009
HELVE_p_TCGA_b139_154_155_SNP_N_GenomeWideSNP_6_B12_808620	8	112300281	115640722	1849	0.0582
HELVE_p_TCGA_b139_154_155_SNP_N_GenomeWideSNP_6_B12_808620	8	115640777	115641731	15	0.4801
HELVE_p_TCGA_b139_154_155_SNP_N_GenomeWideSNP_6_B12_808620	8	115650697	125755750	6835	0.0947
HELVE_p_TCGA_b139_154_155_SNP_N_GenomeWideSNP_6_B12_808620	8	125756134	125756683	2	-1.0619
HELVE_p_TCGA_b139_154_155_SNP_N_GenomeWideSNP_6_B12_808620	8	125756720	144705157	13717	0.0877
HELVE_p_TCGA_b139_154_155_SNP_N_GenomeWideSNP_6_B12_808620	8	144705197	144707808	8	-1.3105
HELVE_p_TCGA_b139_154_155_SNP_N_GenomeWideSNP_6_B12_808620	8	144718989	146298155	506	0.0685
HELVE_p_TCGA_b139_154_155_SNP_N_GenomeWideSNP_6_B12_808620	9	46587	8717569	8391	0.0807
HELVE_p_TCGA_b139_154_155_SNP_N_GenomeWideSNP_6_B12_808620	9	8719487	8719549	2	-1.3478
HELVE_p_TCGA_b139_154_155_SNP_N_GenomeWideSNP_6_B12_808620	9	8731709	37502109	21822	0.0773
HELVE_p_TCGA_b139_154_155_SNP_N_GenomeWideSNP_6_B12_808620	9	37504703	37514032	15	0.5573
HELVE_p_TCGA_b139_154_155_SNP_N_GenomeWideSNP_6_B12_808620	9	37515711	42023587	1124	0.0833
HELVE_p_TCGA_b139_154_155_SNP_N_GenomeWideSNP_6_B12_808620	9	42024172	43072777	13	0.5849
HELVE_p_TCGA_b139_154_155_SNP_N_GenomeWideSNP_6_B12_808620	9	43084322	43583463	22	0.0473
HELVE_p_TCGA_b139_154_155_SNP_N_GenomeWideSNP_6_B12_808620	9	43602726	43776918	25	-0.33
HELVE_p_TCGA_b139_154_155_SNP_N_GenomeWideSNP_6_B12_808620	9	43780909	44250853	34	0.1298
HELVE_p_TCGA_b139_154_155_SNP_N_GenomeWideSNP_6_B12_808620	9	44251228	44272951	9	1.0011
HELVE_p_TCGA_b139_154_155_SNP_N_GenomeWideSNP_6_B12_808620	9	44273241	45448944	82	0.2765
HELVE_p_TCGA_b139_154_155_SNP_N_GenomeWideSNP_6_B12_808620	9	45471390	65672607	62	-0.1006
HELVE_p_TCGA_b139_154_155_SNP_N_GenomeWideSNP_6_B12_808620	9	66323059	68183981	56	0.2472
HELVE_p_TCGA_b139_154_155_SNP_N_GenomeWideSNP_6_B12_808620	9	68186051	68188547	8	1.6684
HELVE_p_TCGA_b139_154_155_SNP_N_GenomeWideSNP_6_B12_808620	9	68209916	141091394	48251	0.0832
HELVE_p_TCGA_b139_154_155_SNP_N_GenomeWideSNP_6_B12_808620	10	72759	18083562	14890	0.0826
HELVE_p_TCGA_b139_154_155_SNP_N_GenomeWideSNP_6_B12_808620	10	18106443	18199813	10	-0.4602
HELVE_p_TCGA_b139_154_155_SNP_N_GenomeWideSNP_6_B12_808620	10	18223647	19529134	1050	0.073
HELVE_p_TCGA_b139_154_155_SNP_N_GenomeWideSNP_6_B12_808620	10	19530653	19531091	2	-1.9548
HELVE_p_TCGA_b139_154_155_SNP_N_GenomeWideSNP_6_B12_808620	10	19532355	24375263	3289	0.0808
HELVE_p_TCGA_b139_154_155_SNP_N_GenomeWideSNP_6_B12_808620	10	24377674	24377682	7	1.1543
HELVE_p_TCGA_b139_154_155_SNP_N_GenomeWideSNP_6_B12_808620	10	24377918	46691159	12332	0.0829
HELVE_p_TCGA_b139_154_155_SNP_N_GenomeWideSNP_6_B12_808620	10	46691480	46943377	6	-0.826
HELVE_p_TCGA_b139_154_155_SNP_N_GenomeWideSNP_6_B12_808620	10	46946708	49241479	675	0.0449
HELVE_p_TCGA_b139_154_155_SNP_N_GenomeWideSNP_6_B12_808620	10	49241492	49287591	4	-1.3055
HELVE_p_TCGA_b139_154_155_SNP_N_GenomeWideSNP_6_B12_808620	10	49287603	49731201	264	0.0824
HELVE_p_TCGA_b139_154_155_SNP_N_GenomeWideSNP_6_B12_808620	10	49732975	49732988	2	-1.6616
HELVE_p_TCGA_b139_154_155_SNP_N_GenomeWideSNP_6_B12_808620	10	49733261	67306276	12211	0.0869
HELVE_p_TCGA_b139_154_155_SNP_N_GenomeWideSNP_6_B12_808620	10	67307923	67314430	27	-1.5508
HELVE_p_TCGA_b139_154_155_SNP_N_GenomeWideSNP_6_B12_808620	10	67314446	78252851	6804	0.081
HELVE_p_TCGA_b139_154_155_SNP_N_GenomeWideSNP_6_B12_808620	10	78257061	78257610	2	1.7993
HELVE_p_TCGA_b139_154_155_SNP_N_GenomeWideSNP_6_B12_808620	10	78261267	80112156	1451	0.0954
HELVE_p_TCGA_b139_154_155_SNP_N_GenomeWideSNP_6_B12_808620	10	80112184	80112194	2	-1.0006
HELVE_p_TCGA_b139_154_155_SNP_N_GenomeWideSNP_6_B12_808620	10	80112215	81355072	990	0.071
HELVE_p_TCGA_b139_154_155_SNP_N_GenomeWideSNP_6_B12_808620	10	81383874	81497471	15	-0.6478
HELVE_p_TCGA_b139_154_155_SNP_N_GenomeWideSNP_6_B12_808620	10	81514175	92459927	7707	0.0773
HELVE_p_TCGA_b139_154_155_SNP_N_GenomeWideSNP_6_B12_808620	10	92462715	92463145	3	-0.9241
HELVE_p_TCGA_b139_154_155_SNP_N_GenomeWideSNP_6_B12_808620	10	92463291	94163478	1000	0.0836
HELVE_p_TCGA_b139_154_155_SNP_N_GenomeWideSNP_6_B12_808620	10	94167087	94167817	3	-1.3442
HELVE_p_TCGA_b139_154_155_SNP_N_GenomeWideSNP_6_B12_808620	10	94172349	124332296	20406	0.0854
HELVE_p_TCGA_b139_154_155_SNP_N_GenomeWideSNP_6_B12_808620	10	124334013	124344109	4	-1.2026
HELVE_p_TCGA_b139_154_155_SNP_N_GenomeWideSNP_6_B12_808620	10	124344223	124346914	3	-4.1611
HELVE_p_TCGA_b139_154_155_SNP_N_GenomeWideSNP_6_B12_808620	10	124346978	127890323	2505	0.0849
HELVE_p_TCGA_b139_154_155_SNP_N_GenomeWideSNP_6_B12_808620	10	127894580	127895219	3	-1.166
HELVE_p_TCGA_b139_154_155_SNP_N_GenomeWideSNP_6_B12_808620	10	127900300	135229141	5260	0.0559
HELVE_p_TCGA_b139_154_155_SNP_N_GenomeWideSNP_6_B12_808620	10	135229719	135229868	2	-2.7058
HELVE_p_TCGA_b139_154_155_SNP_N_GenomeWideSNP_6_B12_808620	10	135232654	135506704	151	0.1038
HELVE_p_TCGA_b139_154_155_SNP_N_GenomeWideSNP_6_B12_808620	11	198510	202179	3	-0.3518
HELVE_p_TCGA_b139_154_155_SNP_N_GenomeWideSNP_6_B12_808620	11	206767	4968117	2473	0.1317
HELVE_p_TCGA_b139_154_155_SNP_N_GenomeWideSNP_6_B12_808620	11	4968510	4976493	34	0.8392
HELVE_p_TCGA_b139_154_155_SNP_N_GenomeWideSNP_6_B12_808620	11	4976534	5787405	791	0.149
HELVE_p_TCGA_b139_154_155_SNP_N_GenomeWideSNP_6_B12_808620	11	5788080	5809139	32	-2.257
HELVE_p_TCGA_b139_154_155_SNP_N_GenomeWideSNP_6_B12_808620	11	5809338	42813151	26680	0.1189
HELVE_p_TCGA_b139_154_155_SNP_N_GenomeWideSNP_6_B12_808620	11	42816486	42818039	2	1.5384
HELVE_p_TCGA_b139_154_155_SNP_N_GenomeWideSNP_6_B12_808620	11	42820603	49758987	3876	0.1087
HELVE_p_TCGA_b139_154_155_SNP_N_GenomeWideSNP_6_B12_808620	11	49759555	49766161	7	-0.6504
HELVE_p_TCGA_b139_154_155_SNP_N_GenomeWideSNP_6_B12_808620	11	49766209	51165185	367	0.0764
HELVE_p_TCGA_b139_154_155_SNP_N_GenomeWideSNP_6_B12_808620	11	51176574	54939088	173	-0.3538
HELVE_p_TCGA_b139_154_155_SNP_N_GenomeWideSNP_6_B12_808620	11	54940342	55039257	17	-0.9135
HELVE_p_TCGA_b139_154_155_SNP_N_GenomeWideSNP_6_B12_808620	11	55039802	55363340	193	-0.3957
HELVE_p_TCGA_b139_154_155_SNP_N_GenomeWideSNP_6_B12_808620	11	55374032	55442318	48	0.1868
HELVE_p_TCGA_b139_154_155_SNP_N_GenomeWideSNP_6_B12_808620	11	55444211	55445294	4	-0.7063
HELVE_p_TCGA_b139_154_155_SNP_N_GenomeWideSNP_6_B12_808620	11	55445945	55463007	11	0.1245
HELVE_p_TCGA_b139_154_155_SNP_N_GenomeWideSNP_6_B12_808620	11	55463154	58809997	2070	-0.3949
HELVE_p_TCGA_b139_154_155_SNP_N_GenomeWideSNP_6_B12_808620	11	58811241	58853765	22	0.314
HELVE_p_TCGA_b139_154_155_SNP_N_GenomeWideSNP_6_B12_808620	11	58855019	61286964	1434	-0.4074
HELVE_p_TCGA_b139_154_155_SNP_N_GenomeWideSNP_6_B12_808620	11	61288357	61337739	19	1.0274
HELVE_p_TCGA_b139_154_155_SNP_N_GenomeWideSNP_6_B12_808620	11	61338245	61393416	23	0.6086
HELVE_p_TCGA_b139_154_155_SNP_N_GenomeWideSNP_6_B12_808620	11	61394499	61396008	3	1.2094
HELVE_p_TCGA_b139_154_155_SNP_N_GenomeWideSNP_6_B12_808620	11	61397029	68600104	3109	-0.4159
HELVE_p_TCGA_b139_154_155_SNP_N_GenomeWideSNP_6_B12_808620	11	68602207	68820876	120	2.1566
HELVE_p_TCGA_b139_154_155_SNP_N_GenomeWideSNP_6_B12_808620	11	68827626	69945891	648	1.7184
HELVE_p_TCGA_b139_154_155_SNP_N_GenomeWideSNP_6_B12_808620	11	69946971	70337377	198	1.1522
HELVE_p_TCGA_b139_154_155_SNP_N_GenomeWideSNP_6_B12_808620	11	70337683	70397069	40	1.5471
HELVE_p_TCGA_b139_154_155_SNP_N_GenomeWideSNP_6_B12_808620	11	70399146	70425388	16	0.5484
HELVE_p_TCGA_b139_154_155_SNP_N_GenomeWideSNP_6_B12_808620	11	70425843	70596359	114	1.4257
HELVE_p_TCGA_b139_154_155_SNP_N_GenomeWideSNP_6_B12_808620	11	70605728	70927813	206	0.6525
HELVE_p_TCGA_b139_154_155_SNP_N_GenomeWideSNP_6_B12_808620	11	70930333	71106744	145	0.9226
HELVE_p_TCGA_b139_154_155_SNP_N_GenomeWideSNP_6_B12_808620	11	71107119	71847809	368	0.1697
HELVE_p_TCGA_b139_154_155_SNP_N_GenomeWideSNP_6_B12_808620	11	71849442	71858494	8	1.3605
HELVE_p_TCGA_b139_154_155_SNP_N_GenomeWideSNP_6_B12_808620	11	71862980	71981661	42	0.1724
HELVE_p_TCGA_b139_154_155_SNP_N_GenomeWideSNP_6_B12_808620	11	71981972	72321307	173	-0.3782
HELVE_p_TCGA_b139_154_155_SNP_N_GenomeWideSNP_6_B12_808620	11	72322179	75900527	1871	0.1298
HELVE_p_TCGA_b139_154_155_SNP_N_GenomeWideSNP_6_B12_808620	11	75902220	77974193	1122	0.5145
HELVE_p_TCGA_b139_154_155_SNP_N_GenomeWideSNP_6_B12_808620	11	77975081	77976879	2	-0.9598
HELVE_p_TCGA_b139_154_155_SNP_N_GenomeWideSNP_6_B12_808620	11	77977849	79447015	1168	0.4952
HELVE_p_TCGA_b139_154_155_SNP_N_GenomeWideSNP_6_B12_808620	11	79447906	79449112	2	1.3707
HELVE_p_TCGA_b139_154_155_SNP_N_GenomeWideSNP_6_B12_808620	11	79452344	79967504	366	0.4928
HELVE_p_TCGA_b139_154_155_SNP_N_GenomeWideSNP_6_B12_808620	11	79967513	79967548	2	-1.3004
HELVE_p_TCGA_b139_154_155_SNP_N_GenomeWideSNP_6_B12_808620	11	79967564	80476414	424	0.4887
HELVE_p_TCGA_b139_154_155_SNP_N_GenomeWideSNP_6_B12_808620	11	80481380	81748121	1079	0.143
HELVE_p_TCGA_b139_154_155_SNP_N_GenomeWideSNP_6_B12_808620	11	81748831	81777068	21	0.5864
HELVE_p_TCGA_b139_154_155_SNP_N_GenomeWideSNP_6_B12_808620	11	81784817	82824210	683	-0.4031
HELVE_p_TCGA_b139_154_155_SNP_N_GenomeWideSNP_6_B12_808620	11	82825219	86301957	2298	0.5346
HELVE_p_TCGA_b139_154_155_SNP_N_GenomeWideSNP_6_B12_808620	11	86305661	86306054	6	-1.5492
HELVE_p_TCGA_b139_154_155_SNP_N_GenomeWideSNP_6_B12_808620	11	86315174	86374123	49	0.5206
HELVE_p_TCGA_b139_154_155_SNP_N_GenomeWideSNP_6_B12_808620	11	86374245	88762718	1688	0.1549
HELVE_p_TCGA_b139_154_155_SNP_N_GenomeWideSNP_6_B12_808620	11	88768334	101594384	9083	-0.4093
HELVE_p_TCGA_b139_154_155_SNP_N_GenomeWideSNP_6_B12_808620	11	101597860	101597964	4	1.2694
HELVE_p_TCGA_b139_154_155_SNP_N_GenomeWideSNP_6_B12_808620	11	101598212	116575555	10184	-0.4101
HELVE_p_TCGA_b139_154_155_SNP_N_GenomeWideSNP_6_B12_808620	11	116575651	117532170	598	0.1383
HELVE_p_TCGA_b139_154_155_SNP_N_GenomeWideSNP_6_B12_808620	11	117536136	117861571	236	0.7808
HELVE_p_TCGA_b139_154_155_SNP_N_GenomeWideSNP_6_B12_808620	11	117868638	118570410	577	0.9858
HELVE_p_TCGA_b139_154_155_SNP_N_GenomeWideSNP_6_B12_808620	11	118574675	118575419	3	-1.0698
HELVE_p_TCGA_b139_154_155_SNP_N_GenomeWideSNP_6_B12_808620	11	118575870	118931238	164	0.9685
HELVE_p_TCGA_b139_154_155_SNP_N_GenomeWideSNP_6_B12_808620	11	118932304	118997841	44	0.5417
HELVE_p_TCGA_b139_154_155_SNP_N_GenomeWideSNP_6_B12_808620	11	118999705	129494364	7807	-0.4275
HELVE_p_TCGA_b139_154_155_SNP_N_GenomeWideSNP_6_B12_808620	11	129494659	131565964	1514	0.1751
HELVE_p_TCGA_b139_154_155_SNP_N_GenomeWideSNP_6_B12_808620	11	131566593	134944770	2624	-0.4582
HELVE_p_TCGA_b139_154_155_SNP_N_GenomeWideSNP_6_B12_808620	12	150442	8533235	5617	0.232
HELVE_p_TCGA_b139_154_155_SNP_N_GenomeWideSNP_6_B12_808620	12	8536612	8596353	30	-0.0924
HELVE_p_TCGA_b139_154_155_SNP_N_GenomeWideSNP_6_B12_808620	12	8596792	9813867	656	0.208
HELVE_p_TCGA_b139_154_155_SNP_N_GenomeWideSNP_6_B12_808620	12	9814256	9814266	2	-1.159
HELVE_p_TCGA_b139_154_155_SNP_N_GenomeWideSNP_6_B12_808620	12	9814366	10564002	554	0.2338
HELVE_p_TCGA_b139_154_155_SNP_N_GenomeWideSNP_6_B12_808620	12	10564329	10596720	13	-0.1737
HELVE_p_TCGA_b139_154_155_SNP_N_GenomeWideSNP_6_B12_808620	12	10598802	11219423	402	0.1739
HELVE_p_TCGA_b139_154_155_SNP_N_GenomeWideSNP_6_B12_808620	12	11220724	11256829	14	0.6448
HELVE_p_TCGA_b139_154_155_SNP_N_GenomeWideSNP_6_B12_808620	12	11260275	16480724	3745	0.1581
HELVE_p_TCGA_b139_154_155_SNP_N_GenomeWideSNP_6_B12_808620	12	16480895	16481147	3	-0.9976
HELVE_p_TCGA_b139_154_155_SNP_N_GenomeWideSNP_6_B12_808620	12	16487036	26595458	6948	0.1212
HELVE_p_TCGA_b139_154_155_SNP_N_GenomeWideSNP_6_B12_808620	12	26597033	26741734	110	-0.4337
HELVE_p_TCGA_b139_154_155_SNP_N_GenomeWideSNP_6_B12_808620	12	26744406	33294660	4781	0.1362
HELVE_p_TCGA_b139_154_155_SNP_N_GenomeWideSNP_6_B12_808620	12	33301406	33303866	20	0.5375
HELVE_p_TCGA_b139_154_155_SNP_N_GenomeWideSNP_6_B12_808620	12	33304583	133778189	62166	0.0793
HELVE_p_TCGA_b139_154_155_SNP_N_GenomeWideSNP_6_B12_808620	13	19026949	19135703	11	0.3767
HELVE_p_TCGA_b139_154_155_SNP_N_GenomeWideSNP_6_B12_808620	13	19143824	38075965	13533	-0.4104
HELVE_p_TCGA_b139_154_155_SNP_N_GenomeWideSNP_6_B12_808620	13	38076267	38084757	12	-1.9263
HELVE_p_TCGA_b139_154_155_SNP_N_GenomeWideSNP_6_B12_808620	13	38088330	38224149	135	-0.4095
HELVE_p_TCGA_b139_154_155_SNP_N_GenomeWideSNP_6_B12_808620	13	38225000	38225020	2	-2.7656
HELVE_p_TCGA_b139_154_155_SNP_N_GenomeWideSNP_6_B12_808620	13	38225210	55084385	11036	-0.3865
HELVE_p_TCGA_b139_154_155_SNP_N_GenomeWideSNP_6_B12_808620	13	55088997	58491031	1760	0.1149
HELVE_p_TCGA_b139_154_155_SNP_N_GenomeWideSNP_6_B12_808620	13	58491198	72476988	8627	0.4483
HELVE_p_TCGA_b139_154_155_SNP_N_GenomeWideSNP_6_B12_808620	13	72477555	72480605	5	1.4305
HELVE_p_TCGA_b139_154_155_SNP_N_GenomeWideSNP_6_B12_808620	13	72486483	75021897	1917	0.4969
HELVE_p_TCGA_b139_154_155_SNP_N_GenomeWideSNP_6_B12_808620	13	75022003	75022661	2	-0.9346
HELVE_p_TCGA_b139_154_155_SNP_N_GenomeWideSNP_6_B12_808620	13	75024613	82077928	4740	0.4758
HELVE_p_TCGA_b139_154_155_SNP_N_GenomeWideSNP_6_B12_808620	13	82079789	82080434	2	-0.7343
HELVE_p_TCGA_b139_154_155_SNP_N_GenomeWideSNP_6_B12_808620	13	82081150	83164534	619	0.4393
HELVE_p_TCGA_b139_154_155_SNP_N_GenomeWideSNP_6_B12_808620	13	83168967	83170678	2	-0.6783
HELVE_p_TCGA_b139_154_155_SNP_N_GenomeWideSNP_6_B12_808620	13	83172655	96150044	8322	0.4478
HELVE_p_TCGA_b139_154_155_SNP_N_GenomeWideSNP_6_B12_808620	13	96152309	96152628	2	-0.7352
HELVE_p_TCGA_b139_154_155_SNP_N_GenomeWideSNP_6_B12_808620	13	96154596	107897610	8592	0.4826
HELVE_p_TCGA_b139_154_155_SNP_N_GenomeWideSNP_6_B12_808620	13	107901037	107901981	2	-2.5753
HELVE_p_TCGA_b139_154_155_SNP_N_GenomeWideSNP_6_B12_808620	13	107902147	115108397	4934	0.4799
HELVE_p_TCGA_b139_154_155_SNP_N_GenomeWideSNP_6_B12_808620	14	19002124	19438611	33	0.06
HELVE_p_TCGA_b139_154_155_SNP_N_GenomeWideSNP_6_B12_808620	14	19451076	19469520	5	-1.2518
HELVE_p_TCGA_b139_154_155_SNP_N_GenomeWideSNP_6_B12_808620	14	19541714	37552944	11359	0.0558
HELVE_p_TCGA_b139_154_155_SNP_N_GenomeWideSNP_6_B12_808620	14	37553160	37553263	2	-2.3188
HELVE_p_TCGA_b139_154_155_SNP_N_GenomeWideSNP_6_B12_808620	14	37556357	44667334	4282	0.0456
HELVE_p_TCGA_b139_154_155_SNP_N_GenomeWideSNP_6_B12_808620	14	44667496	44667764	3	-1.1019
HELVE_p_TCGA_b139_154_155_SNP_N_GenomeWideSNP_6_B12_808620	14	44670094	65730521	13512	0.058
HELVE_p_TCGA_b139_154_155_SNP_N_GenomeWideSNP_6_B12_808620	14	65734491	65742436	11	0.6645
HELVE_p_TCGA_b139_154_155_SNP_N_GenomeWideSNP_6_B12_808620	14	65749130	74006707	5123	0.0569
HELVE_p_TCGA_b139_154_155_SNP_N_GenomeWideSNP_6_B12_808620	14	74006851	74029900	8	-1.6497
HELVE_p_TCGA_b139_154_155_SNP_N_GenomeWideSNP_6_B12_808620	14	74029915	106538062	20811	0.037
HELVE_p_TCGA_b139_154_155_SNP_N_GenomeWideSNP_6_B12_808620	14	106541753	106567100	13	0.9065
HELVE_p_TCGA_b139_154_155_SNP_N_GenomeWideSNP_6_B12_808620	14	106569463	107285437	417	0.0629
HELVE_p_TCGA_b139_154_155_SNP_N_GenomeWideSNP_6_B12_808620	15	20016328	20820067	155	0.0093
HELVE_p_TCGA_b139_154_155_SNP_N_GenomeWideSNP_6_B12_808620	15	20820159	22291024	157	-0.2292
HELVE_p_TCGA_b139_154_155_SNP_N_GenomeWideSNP_6_B12_808620	15	22293227	24674887	1116	0.0739
HELVE_p_TCGA_b139_154_155_SNP_N_GenomeWideSNP_6_B12_808620	15	24675133	24718173	37	-1.4082
HELVE_p_TCGA_b139_154_155_SNP_N_GenomeWideSNP_6_B12_808620	15	24718596	30370031	3633	0.0806
HELVE_p_TCGA_b139_154_155_SNP_N_GenomeWideSNP_6_B12_808620	15	30386411	30415931	3	-1.3113
HELVE_p_TCGA_b139_154_155_SNP_N_GenomeWideSNP_6_B12_808620	15	30444276	31087333	169	0.5992
HELVE_p_TCGA_b139_154_155_SNP_N_GenomeWideSNP_6_B12_808620	15	31088443	76878362	29073	0.1271
HELVE_p_TCGA_b139_154_155_SNP_N_GenomeWideSNP_6_B12_808620	15	76891241	76892225	11	0.9485
HELVE_p_TCGA_b139_154_155_SNP_N_GenomeWideSNP_6_B12_808620	15	76895064	76895775	11	0.5764
HELVE_p_TCGA_b139_154_155_SNP_N_GenomeWideSNP_6_B12_808620	15	76902179	81950955	3247	0.1241
HELVE_p_TCGA_b139_154_155_SNP_N_GenomeWideSNP_6_B12_808620	15	81955505	82001095	25	1.0464
HELVE_p_TCGA_b139_154_155_SNP_N_GenomeWideSNP_6_B12_808620	15	82001375	84540181	1160	0.1236
HELVE_p_TCGA_b139_154_155_SNP_N_GenomeWideSNP_6_B12_808620	15	84540717	84547547	9	-0.6145
HELVE_p_TCGA_b139_154_155_SNP_N_GenomeWideSNP_6_B12_808620	15	84547867	94786024	7522	0.1239
HELVE_p_TCGA_b139_154_155_SNP_N_GenomeWideSNP_6_B12_808620	15	94788303	94790863	3	-1.1151
HELVE_p_TCGA_b139_154_155_SNP_N_GenomeWideSNP_6_B12_808620	15	94793621	98811241	3036	0.1156
HELVE_p_TCGA_b139_154_155_SNP_N_GenomeWideSNP_6_B12_808620	15	98811610	98818098	4	0.8536
HELVE_p_TCGA_b139_154_155_SNP_N_GenomeWideSNP_6_B12_808620	15	98820733	102445241	2676	0.1143
HELVE_p_TCGA_b139_154_155_SNP_N_GenomeWideSNP_6_B12_808620	15	102459256	102469040	2	1.3222
HELVE_p_TCGA_b139_154_155_SNP_N_GenomeWideSNP_6_B12_808620	16	60777	14989839	11130	0.0338
HELVE_p_TCGA_b139_154_155_SNP_N_GenomeWideSNP_6_B12_808620	16	15048768	15116257	63	-0.5831
HELVE_p_TCGA_b139_154_155_SNP_N_GenomeWideSNP_6_B12_808620	16	15125441	32177180	8902	0.037
HELVE_p_TCGA_b139_154_155_SNP_N_GenomeWideSNP_6_B12_808620	16	32180786	33828054	262	0.2445
HELVE_p_TCGA_b139_154_155_SNP_N_GenomeWideSNP_6_B12_808620	16	33828725	52537440	4303	0.0365
HELVE_p_TCGA_b139_154_155_SNP_N_GenomeWideSNP_6_B12_808620	16	52537526	52537573	2	-1.3649
HELVE_p_TCGA_b139_154_155_SNP_N_GenomeWideSNP_6_B12_808620	16	52538040	55796594	2660	0.0362
HELVE_p_TCGA_b139_154_155_SNP_N_GenomeWideSNP_6_B12_808620	16	55798222	55822444	18	0.8204
HELVE_p_TCGA_b139_154_155_SNP_N_GenomeWideSNP_6_B12_808620	16	55829557	56760439	590	0.0512
HELVE_p_TCGA_b139_154_155_SNP_N_GenomeWideSNP_6_B12_808620	16	56760973	56765784	6	1.0205
HELVE_p_TCGA_b139_154_155_SNP_N_GenomeWideSNP_6_B12_808620	16	56766831	58719177	1139	0.0464
HELVE_p_TCGA_b139_154_155_SNP_N_GenomeWideSNP_6_B12_808620	16	58719787	58722158	2	1.1015
HELVE_p_TCGA_b139_154_155_SNP_N_GenomeWideSNP_6_B12_808620	16	58722645	68727378	6353	0.0205
HELVE_p_TCGA_b139_154_155_SNP_N_GenomeWideSNP_6_B12_808620	16	68728611	68736852	12	0.6008
HELVE_p_TCGA_b139_154_155_SNP_N_GenomeWideSNP_6_B12_808620	16	68739169	74325743	3081	0.0356
HELVE_p_TCGA_b139_154_155_SNP_N_GenomeWideSNP_6_B12_808620	16	74332370	74384258	28	0.8881
HELVE_p_TCGA_b139_154_155_SNP_N_GenomeWideSNP_6_B12_808620	16	74397058	74456601	9	0.1183
HELVE_p_TCGA_b139_154_155_SNP_N_GenomeWideSNP_6_B12_808620	16	74465396	74548642	68	0.7114
HELVE_p_TCGA_b139_154_155_SNP_N_GenomeWideSNP_6_B12_808620	16	74553501	78371608	3141	0.0449
HELVE_p_TCGA_b139_154_155_SNP_N_GenomeWideSNP_6_B12_808620	16	78372440	78384765	16	1.1353
HELVE_p_TCGA_b139_154_155_SNP_N_GenomeWideSNP_6_B12_808620	16	78385001	89490147	10311	0.0328
HELVE_p_TCGA_b139_154_155_SNP_N_GenomeWideSNP_6_B12_808620	16	89499503	89505534	3	-2.0537
HELVE_p_TCGA_b139_154_155_SNP_N_GenomeWideSNP_6_B12_808620	16	89508629	90287535	322	-0.0047
HELVE_p_TCGA_b139_154_155_SNP_N_GenomeWideSNP_6_B12_808620	17	526	16719043	10506	-0.479
HELVE_p_TCGA_b139_154_155_SNP_N_GenomeWideSNP_6_B12_808620	17	16722801	16735532	2	-3.1334
HELVE_p_TCGA_b139_154_155_SNP_N_GenomeWideSNP_6_B12_808620	17	16738160	18319862	923	-0.4814
HELVE_p_TCGA_b139_154_155_SNP_N_GenomeWideSNP_6_B12_808620	17	18355392	18453437	26	0.4338
HELVE_p_TCGA_b139_154_155_SNP_N_GenomeWideSNP_6_B12_808620	17	18459272	22235650	1550	-0.437
HELVE_p_TCGA_b139_154_155_SNP_N_GenomeWideSNP_6_B12_808620	17	25270411	34485091	5399	0.2319
HELVE_p_TCGA_b139_154_155_SNP_N_GenomeWideSNP_6_B12_808620	17	34528125	34535651	2	1.4793
HELVE_p_TCGA_b139_154_155_SNP_N_GenomeWideSNP_6_B12_808620	17	34543343	39414647	2539	0.2385
HELVE_p_TCGA_b139_154_155_SNP_N_GenomeWideSNP_6_B12_808620	17	39418372	39430531	27	-0.3898
HELVE_p_TCGA_b139_154_155_SNP_N_GenomeWideSNP_6_B12_808620	17	39432724	42848197	1833	0.2409
HELVE_p_TCGA_b139_154_155_SNP_N_GenomeWideSNP_6_B12_808620	17	42854208	44208144	711	-0.478
HELVE_p_TCGA_b139_154_155_SNP_N_GenomeWideSNP_6_B12_808620	17	44208333	44364170	92	-0.9536
HELVE_p_TCGA_b139_154_155_SNP_N_GenomeWideSNP_6_B12_808620	17	44394412	44752300	48	0.476
HELVE_p_TCGA_b139_154_155_SNP_N_GenomeWideSNP_6_B12_808620	17	44764994	47937317	1627	-0.4347
HELVE_p_TCGA_b139_154_155_SNP_N_GenomeWideSNP_6_B12_808620	17	47938473	47941873	3	-1.8968
HELVE_p_TCGA_b139_154_155_SNP_N_GenomeWideSNP_6_B12_808620	17	47942375	63057029	8981	-0.4492
HELVE_p_TCGA_b139_154_155_SNP_N_GenomeWideSNP_6_B12_808620	17	63057651	64263585	769	-1.4878
HELVE_p_TCGA_b139_154_155_SNP_N_GenomeWideSNP_6_B12_808620	17	64267345	76794049	8202	-0.4255
HELVE_p_TCGA_b139_154_155_SNP_N_GenomeWideSNP_6_B12_808620	17	76796095	78644018	1054	0.1235
HELVE_p_TCGA_b139_154_155_SNP_N_GenomeWideSNP_6_B12_808620	17	78656487	78864966	141	0.6361
HELVE_p_TCGA_b139_154_155_SNP_N_GenomeWideSNP_6_B12_808620	17	78872953	78873014	2	1.6666
HELVE_p_TCGA_b139_154_155_SNP_N_GenomeWideSNP_6_B12_808620	17	78873930	79513952	221	0.5695
HELVE_p_TCGA_b139_154_155_SNP_N_GenomeWideSNP_6_B12_808620	17	79531526	81049726	594	-0.2357
HELVE_p_TCGA_b139_154_155_SNP_N_GenomeWideSNP_6_B12_808620	18	11543	8258491	5947	0.0507
HELVE_p_TCGA_b139_154_155_SNP_N_GenomeWideSNP_6_B12_808620	18	8266513	9164781	768	-0.4879
HELVE_p_TCGA_b139_154_155_SNP_N_GenomeWideSNP_6_B12_808620	18	9165446	10501035	1035	0.0884
HELVE_p_TCGA_b139_154_155_SNP_N_GenomeWideSNP_6_B12_808620	18	10503663	10901807	295	-0.522
HELVE_p_TCGA_b139_154_155_SNP_N_GenomeWideSNP_6_B12_808620	18	10903705	11648759	498	0.0493
HELVE_p_TCGA_b139_154_155_SNP_N_GenomeWideSNP_6_B12_808620	18	11648821	13245606	904	-0.4504
HELVE_p_TCGA_b139_154_155_SNP_N_GenomeWideSNP_6_B12_808620	18	13246168	14170199	633	0.1093
HELVE_p_TCGA_b139_154_155_SNP_N_GenomeWideSNP_6_B12_808620	18	14181353	14362422	48	-0.6927
HELVE_p_TCGA_b139_154_155_SNP_N_GenomeWideSNP_6_B12_808620	18	14363580	14715705	103	0.1132
HELVE_p_TCGA_b139_154_155_SNP_N_GenomeWideSNP_6_B12_808620	18	14718153	14940267	93	0.4728
HELVE_p_TCGA_b139_154_155_SNP_N_GenomeWideSNP_6_B12_808620	18	14940512	15229553	96	0.0377
HELVE_p_TCGA_b139_154_155_SNP_N_GenomeWideSNP_6_B12_808620	18	15249179	15402408	27	-0.2997
HELVE_p_TCGA_b139_154_155_SNP_N_GenomeWideSNP_6_B12_808620	18	18529353	24969967	3874	0.147
HELVE_p_TCGA_b139_154_155_SNP_N_GenomeWideSNP_6_B12_808620	18	24975903	25398551	301	0.4459
HELVE_p_TCGA_b139_154_155_SNP_N_GenomeWideSNP_6_B12_808620	18	25398940	35629719	6505	0.1434
HELVE_p_TCGA_b139_154_155_SNP_N_GenomeWideSNP_6_B12_808620	18	35630195	36882962	834	0.4626
HELVE_p_TCGA_b139_154_155_SNP_N_GenomeWideSNP_6_B12_808620	18	36883340	38258727	871	0.1351
HELVE_p_TCGA_b139_154_155_SNP_N_GenomeWideSNP_6_B12_808620	18	38260420	38265389	19	-0.9221
HELVE_p_TCGA_b139_154_155_SNP_N_GenomeWideSNP_6_B12_808620	18	38268024	40049050	1212	0.1384
HELVE_p_TCGA_b139_154_155_SNP_N_GenomeWideSNP_6_B12_808620	18	40050171	40190638	119	0.5106
HELVE_p_TCGA_b139_154_155_SNP_N_GenomeWideSNP_6_B12_808620	18	40190981	41812178	957	0.1434
HELVE_p_TCGA_b139_154_155_SNP_N_GenomeWideSNP_6_B12_808620	18	41813491	42678020	558	0.496
HELVE_p_TCGA_b139_154_155_SNP_N_GenomeWideSNP_6_B12_808620	18	42678535	42856401	137	0.147
HELVE_p_TCGA_b139_154_155_SNP_N_GenomeWideSNP_6_B12_808620	18	42861569	45278325	1604	0.5154
HELVE_p_TCGA_b139_154_155_SNP_N_GenomeWideSNP_6_B12_808620	18	45279818	45287801	5	0.1759
HELVE_p_TCGA_b139_154_155_SNP_N_GenomeWideSNP_6_B12_808620	18	45294396	48518391	2391	-0.4746
HELVE_p_TCGA_b139_154_155_SNP_N_GenomeWideSNP_6_B12_808620	18	48519657	50451397	1439	-1.4398
HELVE_p_TCGA_b139_154_155_SNP_N_GenomeWideSNP_6_B12_808620	18	50453818	58099425	5110	0.1639
HELVE_p_TCGA_b139_154_155_SNP_N_GenomeWideSNP_6_B12_808620	18	58100369	58100591	4	-1.4246
HELVE_p_TCGA_b139_154_155_SNP_N_GenomeWideSNP_6_B12_808620	18	58102464	60338585	1519	0.1399
HELVE_p_TCGA_b139_154_155_SNP_N_GenomeWideSNP_6_B12_808620	18	60340754	60614397	122	0.4754
HELVE_p_TCGA_b139_154_155_SNP_N_GenomeWideSNP_6_B12_808620	18	60619801	61776007	974	0.1539
HELVE_p_TCGA_b139_154_155_SNP_N_GenomeWideSNP_6_B12_808620	18	61784954	62396684	404	0.5112
HELVE_p_TCGA_b139_154_155_SNP_N_GenomeWideSNP_6_B12_808620	18	62397461	63322152	630	0.1185
HELVE_p_TCGA_b139_154_155_SNP_N_GenomeWideSNP_6_B12_808620	18	63331809	63767140	356	0.5497
HELVE_p_TCGA_b139_154_155_SNP_N_GenomeWideSNP_6_B12_808620	18	63767288	63767922	2	-2.6588
HELVE_p_TCGA_b139_154_155_SNP_N_GenomeWideSNP_6_B12_808620	18	63775595	64953649	769	0.52
HELVE_p_TCGA_b139_154_155_SNP_N_GenomeWideSNP_6_B12_808620	18	64959207	64967265	21	-0.2527
HELVE_p_TCGA_b139_154_155_SNP_N_GenomeWideSNP_6_B12_808620	18	64967718	66270696	1045	0.5018
HELVE_p_TCGA_b139_154_155_SNP_N_GenomeWideSNP_6_B12_808620	18	66273589	67346060	860	0.1055
HELVE_p_TCGA_b139_154_155_SNP_N_GenomeWideSNP_6_B12_808620	18	67346440	70101115	1882	0.5338
HELVE_p_TCGA_b139_154_155_SNP_N_GenomeWideSNP_6_B12_808620	18	70104636	78015057	5796	-0.4624
HELVE_p_TCGA_b139_154_155_SNP_N_GenomeWideSNP_6_B12_808620	19	90910	6004105	1812	-0.42
HELVE_p_TCGA_b139_154_155_SNP_N_GenomeWideSNP_6_B12_808620	19	6006182	15038939	4315	0.0792
HELVE_p_TCGA_b139_154_155_SNP_N_GenomeWideSNP_6_B12_808620	19	15045192	15049299	3	-0.9981
HELVE_p_TCGA_b139_154_155_SNP_N_GenomeWideSNP_6_B12_808620	19	15051287	35663774	10515	0.0589
HELVE_p_TCGA_b139_154_155_SNP_N_GenomeWideSNP_6_B12_808620	19	35663884	35664043	4	-1.8637
HELVE_p_TCGA_b139_154_155_SNP_N_GenomeWideSNP_6_B12_808620	19	35666047	35849322	168	0.0883
HELVE_p_TCGA_b139_154_155_SNP_N_GenomeWideSNP_6_B12_808620	19	35849493	35866786	24	-0.3831
HELVE_p_TCGA_b139_154_155_SNP_N_GenomeWideSNP_6_B12_808620	19	35866801	52131813	8110	0.0808
HELVE_p_TCGA_b139_154_155_SNP_N_GenomeWideSNP_6_B12_808620	19	52142352	52148197	11	-2.0319
HELVE_p_TCGA_b139_154_155_SNP_N_GenomeWideSNP_6_B12_808620	19	52154905	53316340	792	0.0731
HELVE_p_TCGA_b139_154_155_SNP_N_GenomeWideSNP_6_B12_808620	19	53319104	53327390	3	-0.6586
HELVE_p_TCGA_b139_154_155_SNP_N_GenomeWideSNP_6_B12_808620	19	53327559	53357185	47	0.5549
HELVE_p_TCGA_b139_154_155_SNP_N_GenomeWideSNP_6_B12_808620	19	53362705	59097854	3544	0.0633
HELVE_p_TCGA_b139_154_155_SNP_N_GenomeWideSNP_6_B12_808620	20	61305	1560951	1206	0.0775
HELVE_p_TCGA_b139_154_155_SNP_N_GenomeWideSNP_6_B12_808620	20	1560999	1582207	37	-0.2582
HELVE_p_TCGA_b139_154_155_SNP_N_GenomeWideSNP_6_B12_808620	20	1590257	1593893	5	-1.5425
HELVE_p_TCGA_b139_154_155_SNP_N_GenomeWideSNP_6_B12_808620	20	1597946	37010785	22571	0.0856
HELVE_p_TCGA_b139_154_155_SNP_N_GenomeWideSNP_6_B12_808620	20	37010806	37012294	4	-0.9711
HELVE_p_TCGA_b139_154_155_SNP_N_GenomeWideSNP_6_B12_808620	20	37018652	62956153	18675	0.0714
HELVE_p_TCGA_b139_154_155_SNP_N_GenomeWideSNP_6_B12_808620	21	10736871	10954126	37	-0.5191
HELVE_p_TCGA_b139_154_155_SNP_N_GenomeWideSNP_6_B12_808620	21	10954181	14446712	93	-0.1102
HELVE_p_TCGA_b139_154_155_SNP_N_GenomeWideSNP_6_B12_808620	21	14452862	14541369	17	-1.1727
HELVE_p_TCGA_b139_154_155_SNP_N_GenomeWideSNP_6_B12_808620	21	14549965	23651134	6313	0.0133
HELVE_p_TCGA_b139_154_155_SNP_N_GenomeWideSNP_6_B12_808620	21	23655900	23664658	9	-5.4497
HELVE_p_TCGA_b139_154_155_SNP_N_GenomeWideSNP_6_B12_808620	21	23666999	44968053	16162	0.0218
HELVE_p_TCGA_b139_154_155_SNP_N_GenomeWideSNP_6_B12_808620	21	44970873	44972812	2	1.4425
HELVE_p_TCGA_b139_154_155_SNP_N_GenomeWideSNP_6_B12_808620	21	44973667	48096957	1764	0.0072
HELVE_p_TCGA_b139_154_155_SNP_N_GenomeWideSNP_6_B12_808620	22	16052528	16872849	98	-0.0898
HELVE_p_TCGA_b139_154_155_SNP_N_GenomeWideSNP_6_B12_808620	22	16874810	17752794	452	-0.4712
HELVE_p_TCGA_b139_154_155_SNP_N_GenomeWideSNP_6_B12_808620	22	17756634	18884865	683	0.0827
HELVE_p_TCGA_b139_154_155_SNP_N_GenomeWideSNP_6_B12_808620	22	18886901	19450298	362	-0.4955
HELVE_p_TCGA_b139_154_155_SNP_N_GenomeWideSNP_6_B12_808620	22	19450515	22752462	2053	0.0564
HELVE_p_TCGA_b139_154_155_SNP_N_GenomeWideSNP_6_B12_808620	22	22752680	22752880	4	-1.3386
HELVE_p_TCGA_b139_154_155_SNP_N_GenomeWideSNP_6_B12_808620	22	22757321	24271745	937	0.0841
HELVE_p_TCGA_b139_154_155_SNP_N_GenomeWideSNP_6_B12_808620	22	24283016	24330218	26	-0.3082
HELVE_p_TCGA_b139_154_155_SNP_N_GenomeWideSNP_6_B12_808620	22	24330269	24331967	2	-2.7804
HELVE_p_TCGA_b139_154_155_SNP_N_GenomeWideSNP_6_B12_808620	22	24332625	25756933	936	0.0823
HELVE_p_TCGA_b139_154_155_SNP_N_GenomeWideSNP_6_B12_808620	22	25757268	25767199	15	-0.3164
HELVE_p_TCGA_b139_154_155_SNP_N_GenomeWideSNP_6_B12_808620	22	25770032	28996803	2906	0.09
HELVE_p_TCGA_b139_154_155_SNP_N_GenomeWideSNP_6_B12_808620	22	28999197	29749276	432	-0.4651
HELVE_p_TCGA_b139_154_155_SNP_N_GenomeWideSNP_6_B12_808620	22	29750752	29870258	83	0.0812
HELVE_p_TCGA_b139_154_155_SNP_N_GenomeWideSNP_6_B12_808620	22	29870312	29870375	3	1.0662
HELVE_p_TCGA_b139_154_155_SNP_N_GenomeWideSNP_6_B12_808620	22	29881701	39290920	6479	0.0799
HELVE_p_TCGA_b139_154_155_SNP_N_GenomeWideSNP_6_B12_808620	22	39295255	39296904	3	0.9808
HELVE_p_TCGA_b139_154_155_SNP_N_GenomeWideSNP_6_B12_808620	22	39299114	39351466	38	0.1472
HELVE_p_TCGA_b139_154_155_SNP_N_GenomeWideSNP_6_B12_808620	22	39363619	39375307	24	-0.5627
HELVE_p_TCGA_b139_154_155_SNP_N_GenomeWideSNP_6_B12_808620	22	39389628	51234455	8030	0.0642
HELVE_p_TCGA_b139_154_155_SNP_N_GenomeWideSNP_6_B12_808620	X	168477	208282	2	-1.0879
HELVE_p_TCGA_b139_154_155_SNP_N_GenomeWideSNP_6_B12_808620	X	343631	966911	79	1.2878
HELVE_p_TCGA_b139_154_155_SNP_N_GenomeWideSNP_6_B12_808620	X	1211520	10890068	6156	0.5591
HELVE_p_TCGA_b139_154_155_SNP_N_GenomeWideSNP_6_B12_808620	X	10892748	11084382	92	-0.0892
HELVE_p_TCGA_b139_154_155_SNP_N_GenomeWideSNP_6_B12_808620	X	11091630	11118572	11	0.5532
HELVE_p_TCGA_b139_154_155_SNP_N_GenomeWideSNP_6_B12_808620	X	11121427	13063220	1554	-0.1253
HELVE_p_TCGA_b139_154_155_SNP_N_GenomeWideSNP_6_B12_808620	X	13065600	23141184	6120	0.6368
HELVE_p_TCGA_b139_154_155_SNP_N_GenomeWideSNP_6_B12_808620	X	23141262	24438664	915	1.0911
HELVE_p_TCGA_b139_154_155_SNP_N_GenomeWideSNP_6_B12_808620	X	24441537	25632145	697	-0.1653
HELVE_p_TCGA_b139_154_155_SNP_N_GenomeWideSNP_6_B12_808620	X	25632395	25670670	21	0.5652
HELVE_p_TCGA_b139_154_155_SNP_N_GenomeWideSNP_6_B12_808620	X	25670892	25815034	99	-0.1778
HELVE_p_TCGA_b139_154_155_SNP_N_GenomeWideSNP_6_B12_808620	X	25815337	27687758	1222	0.6432
HELVE_p_TCGA_b139_154_155_SNP_N_GenomeWideSNP_6_B12_808620	X	27691964	41296675	8669	-0.1515
HELVE_p_TCGA_b139_154_155_SNP_N_GenomeWideSNP_6_B12_808620	X	41302479	41433191	63	0.6705
HELVE_p_TCGA_b139_154_155_SNP_N_GenomeWideSNP_6_B12_808620	X	41436651	76353650	14393	-0.1115
HELVE_p_TCGA_b139_154_155_SNP_N_GenomeWideSNP_6_B12_808620	X	76362292	76378656	2	-2.1911
HELVE_p_TCGA_b139_154_155_SNP_N_GenomeWideSNP_6_B12_808620	X	76378658	136188752	32669	-0.0966
HELVE_p_TCGA_b139_154_155_SNP_N_GenomeWideSNP_6_B12_808620	X	136189019	136190029	2	-3.101
HELVE_p_TCGA_b139_154_155_SNP_N_GenomeWideSNP_6_B12_808620	X	136196125	140606405	2703	-0.1475
HELVE_p_TCGA_b139_154_155_SNP_N_GenomeWideSNP_6_B12_808620	X	140647123	140681794	8	-1.3243
HELVE_p_TCGA_b139_154_155_SNP_N_GenomeWideSNP_6_B12_808620	X	140683977	151505909	7372	-0.1326
HELVE_p_TCGA_b139_154_155_SNP_N_GenomeWideSNP_6_B12_808620	X	151510998	151516625	3	-2.0813
HELVE_p_TCGA_b139_154_155_SNP_N_GenomeWideSNP_6_B12_808620	X	151517317	155182354	1590	-0.151
HELVE_p_TCGA_b139_154_155_SNP_N_GenomeWideSNP_6_B12_808620	Y	2650438	3255255	212	-1.8119
HELVE_p_TCGA_b139_154_155_SNP_N_GenomeWideSNP_6_B12_808620	Y	3257144	6087220	650	-1.6281
HELVE_p_TCGA_b139_154_155_SNP_N_GenomeWideSNP_6_B12_808620	Y	6091121	6491319	153	-1.9245
HELVE_p_TCGA_b139_154_155_SNP_N_GenomeWideSNP_6_B12_808620	Y	6493001	6592677	28	-1.3274
HELVE_p_TCGA_b139_154_155_SNP_N_GenomeWideSNP_6_B12_808620	Y	6599289	15024621	2280	-1.8488
HELVE_p_TCGA_b139_154_155_SNP_N_GenomeWideSNP_6_B12_808620	Y	15026424	15030817	5	-3.2734
HELVE_p_TCGA_b139_154_155_SNP_N_GenomeWideSNP_6_B12_808620	Y	15032288	15590276	249	-1.8214
HELVE_p_TCGA_b139_154_155_SNP_N_GenomeWideSNP_6_B12_808620	Y	15590342	15591537	2	-7.6439
HELVE_p_TCGA_b139_154_155_SNP_N_GenomeWideSNP_6_B12_808620	Y	15594523	24587616	4064	-1.8928
HELVE_p_TCGA_b139_154_155_SNP_N_GenomeWideSNP_6_B12_808620	Y	24587817	27240184	452	-2.3766
HELVE_p_TCGA_b139_154_155_SNP_N_GenomeWideSNP_6_B12_808620	Y	27254679	27718290	97	-2.0177
HELVE_p_TCGA_b139_154_155_SNP_N_GenomeWideSNP_6_B12_808620	Y	27720551	28452016	259	-2.4361
HELVE_p_TCGA_b139_154_155_SNP_N_GenomeWideSNP_6_B12_808620	Y	28457337	59018259	176	-1.7878
