Sample	Chromosome	Start	End	Num_Probes	Segment_Mean
FOXED_p_TCGA_b122_128_SNP_N_GenomeWideSNP_6_B10_781820	1	61735	16149915	8399	-0.1071
FOXED_p_TCGA_b122_128_SNP_N_GenomeWideSNP_6_B10_781820	1	16153497	16153925	6	-1.271
FOXED_p_TCGA_b122_128_SNP_N_GenomeWideSNP_6_B10_781820	1	16154201	16155010	4	-0.5443
FOXED_p_TCGA_b122_128_SNP_N_GenomeWideSNP_6_B10_781820	1	16165661	16968374	333	-0.0826
FOXED_p_TCGA_b122_128_SNP_N_GenomeWideSNP_6_B10_781820	1	16968473	17005776	10	-0.402
FOXED_p_TCGA_b122_128_SNP_N_GenomeWideSNP_6_B10_781820	1	17005978	17012741	13	0.5337
FOXED_p_TCGA_b122_128_SNP_N_GenomeWideSNP_6_B10_781820	1	17012785	17190004	47	-0.1732
FOXED_p_TCGA_b122_128_SNP_N_GenomeWideSNP_6_B10_781820	1	17190862	17257943	45	0.2746
FOXED_p_TCGA_b122_128_SNP_N_GenomeWideSNP_6_B10_781820	1	17258139	25583341	5282	-0.0866
FOXED_p_TCGA_b122_128_SNP_N_GenomeWideSNP_6_B10_781820	1	25593128	25662212	31	0.4693
FOXED_p_TCGA_b122_128_SNP_N_GenomeWideSNP_6_B10_781820	1	25663310	30382007	2096	-0.0805
FOXED_p_TCGA_b122_128_SNP_N_GenomeWideSNP_6_B10_781820	1	30382557	30384611	2	-1.7059
FOXED_p_TCGA_b122_128_SNP_N_GenomeWideSNP_6_B10_781820	1	30384652	30731522	290	-0.1184
FOXED_p_TCGA_b122_128_SNP_N_GenomeWideSNP_6_B10_781820	1	30731577	30738355	6	-0.9213
FOXED_p_TCGA_b122_128_SNP_N_GenomeWideSNP_6_B10_781820	1	30738432	30739796	6	-2.4589
FOXED_p_TCGA_b122_128_SNP_N_GenomeWideSNP_6_B10_781820	1	30741496	30747576	5	-0.8392
FOXED_p_TCGA_b122_128_SNP_N_GenomeWideSNP_6_B10_781820	1	30749660	31139580	327	-0.075
FOXED_p_TCGA_b122_128_SNP_N_GenomeWideSNP_6_B10_781820	1	31139947	31251264	83	-0.3703
FOXED_p_TCGA_b122_128_SNP_N_GenomeWideSNP_6_B10_781820	1	31251698	34656384	1806	-0.085
FOXED_p_TCGA_b122_128_SNP_N_GenomeWideSNP_6_B10_781820	1	34656812	34657303	2	-1.8417
FOXED_p_TCGA_b122_128_SNP_N_GenomeWideSNP_6_B10_781820	1	34661652	36867234	1140	-0.0942
FOXED_p_TCGA_b122_128_SNP_N_GenomeWideSNP_6_B10_781820	1	36872665	36873318	4	-1.9466
FOXED_p_TCGA_b122_128_SNP_N_GenomeWideSNP_6_B10_781820	1	36874242	72750353	23036	-0.0983
FOXED_p_TCGA_b122_128_SNP_N_GenomeWideSNP_6_B10_781820	1	72756113	72763370	9	-2.3492
FOXED_p_TCGA_b122_128_SNP_N_GenomeWideSNP_6_B10_781820	1	72768418	72811148	48	0.7584
FOXED_p_TCGA_b122_128_SNP_N_GenomeWideSNP_6_B10_781820	1	72811904	88739923	10496	-0.1206
FOXED_p_TCGA_b122_128_SNP_N_GenomeWideSNP_6_B10_781820	1	88740566	88740831	3	-1.8784
FOXED_p_TCGA_b122_128_SNP_N_GenomeWideSNP_6_B10_781820	1	88740865	104103230	9552	-0.1171
FOXED_p_TCGA_b122_128_SNP_N_GenomeWideSNP_6_B10_781820	1	104109238	104159384	27	0.4519
FOXED_p_TCGA_b122_128_SNP_N_GenomeWideSNP_6_B10_781820	1	104163499	110227515	3633	-0.1073
FOXED_p_TCGA_b122_128_SNP_N_GenomeWideSNP_6_B10_781820	1	110232974	110240178	17	-1.0322
FOXED_p_TCGA_b122_128_SNP_N_GenomeWideSNP_6_B10_781820	1	110242953	112690326	1956	-0.0974
FOXED_p_TCGA_b122_128_SNP_N_GenomeWideSNP_6_B10_781820	1	112695965	112697213	22	0.2901
FOXED_p_TCGA_b122_128_SNP_N_GenomeWideSNP_6_B10_781820	1	112697241	148870937	6363	-0.1052
FOXED_p_TCGA_b122_128_SNP_N_GenomeWideSNP_6_B10_781820	1	148893345	149024808	15	-0.6621
FOXED_p_TCGA_b122_128_SNP_N_GenomeWideSNP_6_B10_781820	1	149036524	149256691	132	-1.6652
FOXED_p_TCGA_b122_128_SNP_N_GenomeWideSNP_6_B10_781820	1	149259416	149415966	25	-0.817
FOXED_p_TCGA_b122_128_SNP_N_GenomeWideSNP_6_B10_781820	1	149421517	149422459	3	-1.7857
FOXED_p_TCGA_b122_128_SNP_N_GenomeWideSNP_6_B10_781820	1	149422617	152555176	1495	-0.0965
FOXED_p_TCGA_b122_128_SNP_N_GenomeWideSNP_6_B10_781820	1	152555527	152586540	34	0.946
FOXED_p_TCGA_b122_128_SNP_N_GenomeWideSNP_6_B10_781820	1	152586576	152759678	173	-0.1105
FOXED_p_TCGA_b122_128_SNP_N_GenomeWideSNP_6_B10_781820	1	152761923	152768700	37	0.5545
FOXED_p_TCGA_b122_128_SNP_N_GenomeWideSNP_6_B10_781820	1	152773905	153325685	448	-0.0616
FOXED_p_TCGA_b122_128_SNP_N_GenomeWideSNP_6_B10_781820	1	153328335	153332686	3	-1.2597
FOXED_p_TCGA_b122_128_SNP_N_GenomeWideSNP_6_B10_781820	1	153334525	160146494	4013	-0.0876
FOXED_p_TCGA_b122_128_SNP_N_GenomeWideSNP_6_B10_781820	1	160146645	160146943	3	-1.7402
FOXED_p_TCGA_b122_128_SNP_N_GenomeWideSNP_6_B10_781820	1	160148671	165616881	4129	-0.0965
FOXED_p_TCGA_b122_128_SNP_N_GenomeWideSNP_6_B10_781820	1	165617921	165617972	2	-2.2193
FOXED_p_TCGA_b122_128_SNP_N_GenomeWideSNP_6_B10_781820	1	165619712	169216937	2731	-0.0956
FOXED_p_TCGA_b122_128_SNP_N_GenomeWideSNP_6_B10_781820	1	169233974	169238745	6	1.0581
FOXED_p_TCGA_b122_128_SNP_N_GenomeWideSNP_6_B10_781820	1	169241766	187715854	12220	-0.1082
FOXED_p_TCGA_b122_128_SNP_N_GenomeWideSNP_6_B10_781820	1	187717560	187721369	2	-2.0489
FOXED_p_TCGA_b122_128_SNP_N_GenomeWideSNP_6_B10_781820	1	187724610	195830936	5399	-0.1373
FOXED_p_TCGA_b122_128_SNP_N_GenomeWideSNP_6_B10_781820	1	195832664	195837030	5	-1.103
FOXED_p_TCGA_b122_128_SNP_N_GenomeWideSNP_6_B10_781820	1	195837330	196714873	575	-0.0997
FOXED_p_TCGA_b122_128_SNP_N_GenomeWideSNP_6_B10_781820	1	196727850	196732086	4	-1.9456
FOXED_p_TCGA_b122_128_SNP_N_GenomeWideSNP_6_B10_781820	1	196738623	196758120	33	0.2666
FOXED_p_TCGA_b122_128_SNP_N_GenomeWideSNP_6_B10_781820	1	196758149	220949680	16435	-0.1111
FOXED_p_TCGA_b122_128_SNP_N_GenomeWideSNP_6_B10_781820	1	220951005	220951135	2	-1.6701
FOXED_p_TCGA_b122_128_SNP_N_GenomeWideSNP_6_B10_781820	1	220953310	222366668	1049	-0.1172
FOXED_p_TCGA_b122_128_SNP_N_GenomeWideSNP_6_B10_781820	1	222374834	222377004	2	-2.0196
FOXED_p_TCGA_b122_128_SNP_N_GenomeWideSNP_6_B10_781820	1	222382134	225659217	1964	-0.1107
FOXED_p_TCGA_b122_128_SNP_N_GenomeWideSNP_6_B10_781820	1	225659815	225676767	28	-0.6859
FOXED_p_TCGA_b122_128_SNP_N_GenomeWideSNP_6_B10_781820	1	225676840	248600297	16278	-0.1249
FOXED_p_TCGA_b122_128_SNP_N_GenomeWideSNP_6_B10_781820	1	248600796	248637264	14	0.553
FOXED_p_TCGA_b122_128_SNP_N_GenomeWideSNP_6_B10_781820	1	248638626	248737447	26	-0.1034
FOXED_p_TCGA_b122_128_SNP_N_GenomeWideSNP_6_B10_781820	1	248749194	248809109	37	-1.4881
FOXED_p_TCGA_b122_128_SNP_N_GenomeWideSNP_6_B10_781820	1	248809369	249224388	140	-0.1658
FOXED_p_TCGA_b122_128_SNP_N_GenomeWideSNP_6_B10_781820	2	12784	4221821	3013	-0.1272
FOXED_p_TCGA_b122_128_SNP_N_GenomeWideSNP_6_B10_781820	2	4222008	4230062	15	-0.6237
FOXED_p_TCGA_b122_128_SNP_N_GenomeWideSNP_6_B10_781820	2	4234782	9388386	4154	-0.1394
FOXED_p_TCGA_b122_128_SNP_N_GenomeWideSNP_6_B10_781820	2	9389239	9389812	2	-2.0464
FOXED_p_TCGA_b122_128_SNP_N_GenomeWideSNP_6_B10_781820	2	9390316	35967385	17831	-0.1203
FOXED_p_TCGA_b122_128_SNP_N_GenomeWideSNP_6_B10_781820	2	35968036	35987947	9	0.8839
FOXED_p_TCGA_b122_128_SNP_N_GenomeWideSNP_6_B10_781820	2	35997473	38261030	1815	-0.1397
FOXED_p_TCGA_b122_128_SNP_N_GenomeWideSNP_6_B10_781820	2	38263113	38263808	2	-1.8046
FOXED_p_TCGA_b122_128_SNP_N_GenomeWideSNP_6_B10_781820	2	38268325	41238235	2126	-0.1244
FOXED_p_TCGA_b122_128_SNP_N_GenomeWideSNP_6_B10_781820	2	41238443	41242684	12	0.494
FOXED_p_TCGA_b122_128_SNP_N_GenomeWideSNP_6_B10_781820	2	41242744	86937687	30181	0.028
FOXED_p_TCGA_b122_128_SNP_N_GenomeWideSNP_6_B10_781820	2	86953070	86953854	2	-1.3179
FOXED_p_TCGA_b122_128_SNP_N_GenomeWideSNP_6_B10_781820	2	86970406	91704736	1118	0.0668
FOXED_p_TCGA_b122_128_SNP_N_GenomeWideSNP_6_B10_781820	2	91727980	91815714	40	-0.3034
FOXED_p_TCGA_b122_128_SNP_N_GenomeWideSNP_6_B10_781820	2	91838644	106874722	6570	0.0967
FOXED_p_TCGA_b122_128_SNP_N_GenomeWideSNP_6_B10_781820	2	106880095	106887408	13	-0.4033
FOXED_p_TCGA_b122_128_SNP_N_GenomeWideSNP_6_B10_781820	2	106887870	114362015	3842	0.102
FOXED_p_TCGA_b122_128_SNP_N_GenomeWideSNP_6_B10_781820	2	114362414	114380821	3	-1.3309
FOXED_p_TCGA_b122_128_SNP_N_GenomeWideSNP_6_B10_781820	2	114383552	123477014	5711	0.0946
FOXED_p_TCGA_b122_128_SNP_N_GenomeWideSNP_6_B10_781820	2	123479899	123482241	9	-2.2479
FOXED_p_TCGA_b122_128_SNP_N_GenomeWideSNP_6_B10_781820	2	123483653	130793856	4785	0.0923
FOXED_p_TCGA_b122_128_SNP_N_GenomeWideSNP_6_B10_781820	2	130793883	130826342	11	-0.5775
FOXED_p_TCGA_b122_128_SNP_N_GenomeWideSNP_6_B10_781820	2	130849237	133038729	719	0.0442
FOXED_p_TCGA_b122_128_SNP_N_GenomeWideSNP_6_B10_781820	2	133046772	133122139	31	0.6796
FOXED_p_TCGA_b122_128_SNP_N_GenomeWideSNP_6_B10_781820	2	133123699	138709773	3842	0.0861
FOXED_p_TCGA_b122_128_SNP_N_GenomeWideSNP_6_B10_781820	2	138709949	138717227	2	-2.0599
FOXED_p_TCGA_b122_128_SNP_N_GenomeWideSNP_6_B10_781820	2	138718534	146865094	5008	0.0604
FOXED_p_TCGA_b122_128_SNP_N_GenomeWideSNP_6_B10_781820	2	146865183	146866934	17	0.9825
FOXED_p_TCGA_b122_128_SNP_N_GenomeWideSNP_6_B10_781820	2	146877806	184085453	22876	0.0908
FOXED_p_TCGA_b122_128_SNP_N_GenomeWideSNP_6_B10_781820	2	184085788	184089724	9	-1.1118
FOXED_p_TCGA_b122_128_SNP_N_GenomeWideSNP_6_B10_781820	2	184093998	212927682	16995	0.0936
FOXED_p_TCGA_b122_128_SNP_N_GenomeWideSNP_6_B10_781820	2	212945353	212947862	2	1.2031
FOXED_p_TCGA_b122_128_SNP_N_GenomeWideSNP_6_B10_781820	2	212948139	231258615	12043	0.0936
FOXED_p_TCGA_b122_128_SNP_N_GenomeWideSNP_6_B10_781820	2	231265351	231266278	2	1.4442
FOXED_p_TCGA_b122_128_SNP_N_GenomeWideSNP_6_B10_781820	2	231267643	239935314	5527	0.106
FOXED_p_TCGA_b122_128_SNP_N_GenomeWideSNP_6_B10_781820	2	239940081	240026474	54	-0.201
FOXED_p_TCGA_b122_128_SNP_N_GenomeWideSNP_6_B10_781820	2	240030484	243089456	1665	0.0926
FOXED_p_TCGA_b122_128_SNP_N_GenomeWideSNP_6_B10_781820	3	60345	6651128	5847	-0.1286
FOXED_p_TCGA_b122_128_SNP_N_GenomeWideSNP_6_B10_781820	3	6651211	6653332	22	-0.6785
FOXED_p_TCGA_b122_128_SNP_N_GenomeWideSNP_6_B10_781820	3	6655078	46801817	27376	-0.1122
FOXED_p_TCGA_b122_128_SNP_N_GenomeWideSNP_6_B10_781820	3	46801864	46849589	39	-0.755
FOXED_p_TCGA_b122_128_SNP_N_GenomeWideSNP_6_B10_781820	3	46859479	98944458	30522	-0.12
FOXED_p_TCGA_b122_128_SNP_N_GenomeWideSNP_6_B10_781820	3	98944476	98949301	34	0.2926
FOXED_p_TCGA_b122_128_SNP_N_GenomeWideSNP_6_B10_781820	3	98949308	129786209	18748	-0.1138
FOXED_p_TCGA_b122_128_SNP_N_GenomeWideSNP_6_B10_781820	3	129786286	129806236	45	0.6185
FOXED_p_TCGA_b122_128_SNP_N_GenomeWideSNP_6_B10_781820	3	129806924	146288590	10312	-0.0957
FOXED_p_TCGA_b122_128_SNP_N_GenomeWideSNP_6_B10_781820	3	146288803	146289450	3	-1.3321
FOXED_p_TCGA_b122_128_SNP_N_GenomeWideSNP_6_B10_781820	3	146289791	147017797	431	-0.0473
FOXED_p_TCGA_b122_128_SNP_N_GenomeWideSNP_6_B10_781820	3	147018755	147023595	2	-1.4176
FOXED_p_TCGA_b122_128_SNP_N_GenomeWideSNP_6_B10_781820	3	147023823	162503292	9530	-0.0952
FOXED_p_TCGA_b122_128_SNP_N_GenomeWideSNP_6_B10_781820	3	162504295	162625995	76	0.2491
FOXED_p_TCGA_b122_128_SNP_N_GenomeWideSNP_6_B10_781820	3	162626572	175080611	7665	-0.0905
FOXED_p_TCGA_b122_128_SNP_N_GenomeWideSNP_6_B10_781820	3	175080747	175081325	5	-1.4356
FOXED_p_TCGA_b122_128_SNP_N_GenomeWideSNP_6_B10_781820	3	175086788	192848830	11492	-0.0881
FOXED_p_TCGA_b122_128_SNP_N_GenomeWideSNP_6_B10_781820	3	192850845	192850904	3	-1.4105
FOXED_p_TCGA_b122_128_SNP_N_GenomeWideSNP_6_B10_781820	3	192851363	192873807	30	-0.087
FOXED_p_TCGA_b122_128_SNP_N_GenomeWideSNP_6_B10_781820	3	192874747	192882903	21	-1.1316
FOXED_p_TCGA_b122_128_SNP_N_GenomeWideSNP_6_B10_781820	3	192886435	197896118	2706	-0.0841
FOXED_p_TCGA_b122_128_SNP_N_GenomeWideSNP_6_B10_781820	4	12281	10210390	5796	0.0191
FOXED_p_TCGA_b122_128_SNP_N_GenomeWideSNP_6_B10_781820	4	10223416	10231498	28	-1.8266
FOXED_p_TCGA_b122_128_SNP_N_GenomeWideSNP_6_B10_781820	4	10234214	10235268	7	-0.687
FOXED_p_TCGA_b122_128_SNP_N_GenomeWideSNP_6_B10_781820	4	10236142	34779004	16992	0.0047
FOXED_p_TCGA_b122_128_SNP_N_GenomeWideSNP_6_B10_781820	4	34779025	34824725	41	-1.253
FOXED_p_TCGA_b122_128_SNP_N_GenomeWideSNP_6_B10_781820	4	34829872	57498669	12180	0.014
FOXED_p_TCGA_b122_128_SNP_N_GenomeWideSNP_6_B10_781820	4	57499266	57503928	2	-2.1293
FOXED_p_TCGA_b122_128_SNP_N_GenomeWideSNP_6_B10_781820	4	57506571	61327312	2511	-0.0032
FOXED_p_TCGA_b122_128_SNP_N_GenomeWideSNP_6_B10_781820	4	61329994	61331617	2	1.1707
FOXED_p_TCGA_b122_128_SNP_N_GenomeWideSNP_6_B10_781820	4	61335564	63667834	1339	-0.0172
FOXED_p_TCGA_b122_128_SNP_N_GenomeWideSNP_6_B10_781820	4	63669936	63671662	8	-1.2947
FOXED_p_TCGA_b122_128_SNP_N_GenomeWideSNP_6_B10_781820	4	63679630	64693940	556	0.0212
FOXED_p_TCGA_b122_128_SNP_N_GenomeWideSNP_6_B10_781820	4	64697469	64704293	7	-1.5267
FOXED_p_TCGA_b122_128_SNP_N_GenomeWideSNP_6_B10_781820	4	64705156	64707581	15	-0.613
FOXED_p_TCGA_b122_128_SNP_N_GenomeWideSNP_6_B10_781820	4	64707605	64708258	7	-1.8467
FOXED_p_TCGA_b122_128_SNP_N_GenomeWideSNP_6_B10_781820	4	64716431	69226848	2855	-0.0028
FOXED_p_TCGA_b122_128_SNP_N_GenomeWideSNP_6_B10_781820	4	69244434	69372003	29	-0.4833
FOXED_p_TCGA_b122_128_SNP_N_GenomeWideSNP_6_B10_781820	4	69374941	69582483	76	0.4242
FOXED_p_TCGA_b122_128_SNP_N_GenomeWideSNP_6_B10_781820	4	69591612	70143806	331	0.0577
FOXED_p_TCGA_b122_128_SNP_N_GenomeWideSNP_6_B10_781820	4	70148877	70229434	39	0.3733
FOXED_p_TCGA_b122_128_SNP_N_GenomeWideSNP_6_B10_781820	4	70231799	70389716	113	0.0146
FOXED_p_TCGA_b122_128_SNP_N_GenomeWideSNP_6_B10_781820	4	70389861	70390779	2	-1.4926
FOXED_p_TCGA_b122_128_SNP_N_GenomeWideSNP_6_B10_781820	4	70391888	96245748	15828	-0.1094
FOXED_p_TCGA_b122_128_SNP_N_GenomeWideSNP_6_B10_781820	4	96246506	96247555	14	-1.5742
FOXED_p_TCGA_b122_128_SNP_N_GenomeWideSNP_6_B10_781820	4	96248616	98353604	1374	-0.1778
FOXED_p_TCGA_b122_128_SNP_N_GenomeWideSNP_6_B10_781820	4	98357434	98358305	2	-2.5299
FOXED_p_TCGA_b122_128_SNP_N_GenomeWideSNP_6_B10_781820	4	98360786	99436357	489	-0.1588
FOXED_p_TCGA_b122_128_SNP_N_GenomeWideSNP_6_B10_781820	4	99437679	99440635	2	-1.6986
FOXED_p_TCGA_b122_128_SNP_N_GenomeWideSNP_6_B10_781820	4	99445315	109605648	6038	-0.1252
FOXED_p_TCGA_b122_128_SNP_N_GenomeWideSNP_6_B10_781820	4	109608132	109608681	2	-2.1054
FOXED_p_TCGA_b122_128_SNP_N_GenomeWideSNP_6_B10_781820	4	109609294	115173700	3505	-0.1363
FOXED_p_TCGA_b122_128_SNP_N_GenomeWideSNP_6_B10_781820	4	115175323	115184229	24	-1.4485
FOXED_p_TCGA_b122_128_SNP_N_GenomeWideSNP_6_B10_781820	4	115184252	130062751	8736	-0.14
FOXED_p_TCGA_b122_128_SNP_N_GenomeWideSNP_6_B10_781820	4	130067546	130068160	2	-1.9715
FOXED_p_TCGA_b122_128_SNP_N_GenomeWideSNP_6_B10_781820	4	130072563	137519803	4134	-0.163
FOXED_p_TCGA_b122_128_SNP_N_GenomeWideSNP_6_B10_781820	4	137524828	137524981	2	-1.8131
FOXED_p_TCGA_b122_128_SNP_N_GenomeWideSNP_6_B10_781820	4	137525867	137939056	269	-0.2019
FOXED_p_TCGA_b122_128_SNP_N_GenomeWideSNP_6_B10_781820	4	137939179	137948899	20	0.2806
FOXED_p_TCGA_b122_128_SNP_N_GenomeWideSNP_6_B10_781820	4	137949128	138182433	194	-0.1158
FOXED_p_TCGA_b122_128_SNP_N_GenomeWideSNP_6_B10_781820	4	138182481	138183298	21	0.3623
FOXED_p_TCGA_b122_128_SNP_N_GenomeWideSNP_6_B10_781820	4	138183527	155802548	10742	-0.1308
FOXED_p_TCGA_b122_128_SNP_N_GenomeWideSNP_6_B10_781820	4	155803005	155803078	3	-1.7003
FOXED_p_TCGA_b122_128_SNP_N_GenomeWideSNP_6_B10_781820	4	155803199	172369346	10617	-0.1481
FOXED_p_TCGA_b122_128_SNP_N_GenomeWideSNP_6_B10_781820	4	172374884	172377710	10	0.5699
FOXED_p_TCGA_b122_128_SNP_N_GenomeWideSNP_6_B10_781820	4	172377724	187620644	10308	-0.1526
FOXED_p_TCGA_b122_128_SNP_N_GenomeWideSNP_6_B10_781820	4	187621281	187622150	3	-1.7417
FOXED_p_TCGA_b122_128_SNP_N_GenomeWideSNP_6_B10_781820	4	187624194	190189043	1825	-0.1317
FOXED_p_TCGA_b122_128_SNP_N_GenomeWideSNP_6_B10_781820	4	190195118	190199264	4	-2.6683
FOXED_p_TCGA_b122_128_SNP_N_GenomeWideSNP_6_B10_781820	4	190199771	191027923	385	-0.1562
FOXED_p_TCGA_b122_128_SNP_N_GenomeWideSNP_6_B10_781820	5	15532	10937933	8914	-0.1533
FOXED_p_TCGA_b122_128_SNP_N_GenomeWideSNP_6_B10_781820	5	10938059	10938125	3	-1.7202
FOXED_p_TCGA_b122_128_SNP_N_GenomeWideSNP_6_B10_781820	5	10938199	11161625	202	-0.1525
FOXED_p_TCGA_b122_128_SNP_N_GenomeWideSNP_6_B10_781820	5	11162636	11167277	4	-0.8527
FOXED_p_TCGA_b122_128_SNP_N_GenomeWideSNP_6_B10_781820	5	11167593	21376844	6592	-0.1274
FOXED_p_TCGA_b122_128_SNP_N_GenomeWideSNP_6_B10_781820	5	21377839	21377853	2	1.2186
FOXED_p_TCGA_b122_128_SNP_N_GenomeWideSNP_6_B10_781820	5	21386066	21449276	45	-0.069
FOXED_p_TCGA_b122_128_SNP_N_GenomeWideSNP_6_B10_781820	5	21451200	21452438	5	0.8796
FOXED_p_TCGA_b122_128_SNP_N_GenomeWideSNP_6_B10_781820	5	21452496	25821685	2546	-0.1638
FOXED_p_TCGA_b122_128_SNP_N_GenomeWideSNP_6_B10_781820	5	25821882	25822027	2	-1.3446
FOXED_p_TCGA_b122_128_SNP_N_GenomeWideSNP_6_B10_781820	5	25824488	27525907	1008	-0.1568
FOXED_p_TCGA_b122_128_SNP_N_GenomeWideSNP_6_B10_781820	5	27525916	27526020	7	0.583
FOXED_p_TCGA_b122_128_SNP_N_GenomeWideSNP_6_B10_781820	5	27527479	28647594	622	-0.1629
FOXED_p_TCGA_b122_128_SNP_N_GenomeWideSNP_6_B10_781820	5	28650319	28697020	35	0.1248
FOXED_p_TCGA_b122_128_SNP_N_GenomeWideSNP_6_B10_781820	5	28697084	46191884	10786	-0.1286
FOXED_p_TCGA_b122_128_SNP_N_GenomeWideSNP_6_B10_781820	5	46195883	46199435	4	0.9336
FOXED_p_TCGA_b122_128_SNP_N_GenomeWideSNP_6_B10_781820	5	46209299	57319482	5101	-0.1202
FOXED_p_TCGA_b122_128_SNP_N_GenomeWideSNP_6_B10_781820	5	57321586	57332916	30	-0.7064
FOXED_p_TCGA_b122_128_SNP_N_GenomeWideSNP_6_B10_781820	5	57332955	68846303	7305	-0.1172
FOXED_p_TCGA_b122_128_SNP_N_GenomeWideSNP_6_B10_781820	5	68867294	69074977	2	2.1814
FOXED_p_TCGA_b122_128_SNP_N_GenomeWideSNP_6_B10_781820	5	69074991	96699174	15412	-0.1242
FOXED_p_TCGA_b122_128_SNP_N_GenomeWideSNP_6_B10_781820	5	96701779	96701872	2	-1.1757
FOXED_p_TCGA_b122_128_SNP_N_GenomeWideSNP_6_B10_781820	5	96702993	97485129	468	-0.1089
FOXED_p_TCGA_b122_128_SNP_N_GenomeWideSNP_6_B10_781820	5	97487008	97487225	4	0.9792
FOXED_p_TCGA_b122_128_SNP_N_GenomeWideSNP_6_B10_781820	5	97492056	99322564	1064	-0.0895
FOXED_p_TCGA_b122_128_SNP_N_GenomeWideSNP_6_B10_781820	5	99324512	99324810	3	-2.4977
FOXED_p_TCGA_b122_128_SNP_N_GenomeWideSNP_6_B10_781820	5	99325147	173202507	48521	-0.1217
FOXED_p_TCGA_b122_128_SNP_N_GenomeWideSNP_6_B10_781820	5	173205058	173209864	13	-0.9335
FOXED_p_TCGA_b122_128_SNP_N_GenomeWideSNP_6_B10_781820	5	173210048	173937581	593	-0.1055
FOXED_p_TCGA_b122_128_SNP_N_GenomeWideSNP_6_B10_781820	5	173939400	174149163	174	-0.7161
FOXED_p_TCGA_b122_128_SNP_N_GenomeWideSNP_6_B10_781820	5	174154343	180374523	3440	-0.1266
FOXED_p_TCGA_b122_128_SNP_N_GenomeWideSNP_6_B10_781820	5	180378710	180418103	19	-2.2502
FOXED_p_TCGA_b122_128_SNP_N_GenomeWideSNP_6_B10_781820	5	180433225	180790320	171	-0.1979
FOXED_p_TCGA_b122_128_SNP_N_GenomeWideSNP_6_B10_781820	6	149661	303017	126	0.0194
FOXED_p_TCGA_b122_128_SNP_N_GenomeWideSNP_6_B10_781820	6	303121	385687	82	-0.41
FOXED_p_TCGA_b122_128_SNP_N_GenomeWideSNP_6_B10_781820	6	385784	29837072	21541	0.1181
FOXED_p_TCGA_b122_128_SNP_N_GenomeWideSNP_6_B10_781820	6	29837187	29849267	16	-0.9867
FOXED_p_TCGA_b122_128_SNP_N_GenomeWideSNP_6_B10_781820	6	29850196	31280823	674	0.1113
FOXED_p_TCGA_b122_128_SNP_N_GenomeWideSNP_6_B10_781820	6	31286276	31317697	14	-1.2627
FOXED_p_TCGA_b122_128_SNP_N_GenomeWideSNP_6_B10_781820	6	31318164	32625095	569	0.0188
FOXED_p_TCGA_b122_128_SNP_N_GenomeWideSNP_6_B10_781820	6	32625888	32625937	2	-1.6758
FOXED_p_TCGA_b122_128_SNP_N_GenomeWideSNP_6_B10_781820	6	32626618	40454835	5077	0.1374
FOXED_p_TCGA_b122_128_SNP_N_GenomeWideSNP_6_B10_781820	6	40454936	40458216	2	-1.2526
FOXED_p_TCGA_b122_128_SNP_N_GenomeWideSNP_6_B10_781820	6	40458259	53931380	8673	0.1321
FOXED_p_TCGA_b122_128_SNP_N_GenomeWideSNP_6_B10_781820	6	53931419	53931855	3	-1.2635
FOXED_p_TCGA_b122_128_SNP_N_GenomeWideSNP_6_B10_781820	6	53935348	55319485	886	0.1186
FOXED_p_TCGA_b122_128_SNP_N_GenomeWideSNP_6_B10_781820	6	55319676	55320311	4	-0.9516
FOXED_p_TCGA_b122_128_SNP_N_GenomeWideSNP_6_B10_781820	6	55320678	67008286	4575	0.1112
FOXED_p_TCGA_b122_128_SNP_N_GenomeWideSNP_6_B10_781820	6	67009023	67048629	55	-0.296
FOXED_p_TCGA_b122_128_SNP_N_GenomeWideSNP_6_B10_781820	6	67049406	74592225	5007	0.0982
FOXED_p_TCGA_b122_128_SNP_N_GenomeWideSNP_6_B10_781820	6	74592457	74603619	12	0.6164
FOXED_p_TCGA_b122_128_SNP_N_GenomeWideSNP_6_B10_781820	6	74603719	77418087	1749	0.1063
FOXED_p_TCGA_b122_128_SNP_N_GenomeWideSNP_6_B10_781820	6	77418207	77418232	2	-1.7408
FOXED_p_TCGA_b122_128_SNP_N_GenomeWideSNP_6_B10_781820	6	77420196	77436532	15	0.1302
FOXED_p_TCGA_b122_128_SNP_N_GenomeWideSNP_6_B10_781820	6	77439868	77452270	14	-3.9524
FOXED_p_TCGA_b122_128_SNP_N_GenomeWideSNP_6_B10_781820	6	77452382	77452757	7	-1.2949
FOXED_p_TCGA_b122_128_SNP_N_GenomeWideSNP_6_B10_781820	6	77461073	78962889	980	0.1028
FOXED_p_TCGA_b122_128_SNP_N_GenomeWideSNP_6_B10_781820	6	78969065	79035185	113	0.5424
FOXED_p_TCGA_b122_128_SNP_N_GenomeWideSNP_6_B10_781820	6	79039234	83861265	3100	0.1212
FOXED_p_TCGA_b122_128_SNP_N_GenomeWideSNP_6_B10_781820	6	83867484	84037204	89	-0.1199
FOXED_p_TCGA_b122_128_SNP_N_GenomeWideSNP_6_B10_781820	6	84052356	85366038	853	0.1242
FOXED_p_TCGA_b122_128_SNP_N_GenomeWideSNP_6_B10_781820	6	85367282	85367810	2	-1.4761
FOXED_p_TCGA_b122_128_SNP_N_GenomeWideSNP_6_B10_781820	6	85367966	103734829	11452	0.1046
FOXED_p_TCGA_b122_128_SNP_N_GenomeWideSNP_6_B10_781820	6	103737976	103762061	46	0.7757
FOXED_p_TCGA_b122_128_SNP_N_GenomeWideSNP_6_B10_781820	6	103765470	170521064	44011	0.1138
FOXED_p_TCGA_b122_128_SNP_N_GenomeWideSNP_6_B10_781820	6	170532693	170532873	2	-1.9314
FOXED_p_TCGA_b122_128_SNP_N_GenomeWideSNP_6_B10_781820	6	170534152	171051005	254	0.0795
FOXED_p_TCGA_b122_128_SNP_N_GenomeWideSNP_6_B10_781820	7	43355	54380373	38603	0.5567
FOXED_p_TCGA_b122_128_SNP_N_GenomeWideSNP_6_B10_781820	7	54386505	54386517	6	-1.3599
FOXED_p_TCGA_b122_128_SNP_N_GenomeWideSNP_6_B10_781820	7	54393488	64568852	3138	0.5155
FOXED_p_TCGA_b122_128_SNP_N_GenomeWideSNP_6_B10_781820	7	64594065	64595698	6	1.5644
FOXED_p_TCGA_b122_128_SNP_N_GenomeWideSNP_6_B10_781820	7	64637128	70420438	3154	0.5334
FOXED_p_TCGA_b122_128_SNP_N_GenomeWideSNP_6_B10_781820	7	70423250	70426141	2	1.9329
FOXED_p_TCGA_b122_128_SNP_N_GenomeWideSNP_6_B10_781820	7	70428243	76072591	2178	0.5552
FOXED_p_TCGA_b122_128_SNP_N_GenomeWideSNP_6_B10_781820	7	76074980	76108761	2	-0.8077
FOXED_p_TCGA_b122_128_SNP_N_GenomeWideSNP_6_B10_781820	7	76135730	97385933	13689	0.5404
FOXED_p_TCGA_b122_128_SNP_N_GenomeWideSNP_6_B10_781820	7	97385970	97395509	9	-0.1386
FOXED_p_TCGA_b122_128_SNP_N_GenomeWideSNP_6_B10_781820	7	97401932	97407061	27	0.4466
FOXED_p_TCGA_b122_128_SNP_N_GenomeWideSNP_6_B10_781820	7	97417607	97420652	5	-0.754
FOXED_p_TCGA_b122_128_SNP_N_GenomeWideSNP_6_B10_781820	7	97421090	100329244	1264	0.5527
FOXED_p_TCGA_b122_128_SNP_N_GenomeWideSNP_6_B10_781820	7	100329265	100332842	2	-1.163
FOXED_p_TCGA_b122_128_SNP_N_GenomeWideSNP_6_B10_781820	7	100351005	109441212	5374	0.5631
FOXED_p_TCGA_b122_128_SNP_N_GenomeWideSNP_6_B10_781820	7	109441244	109453910	11	1.4938
FOXED_p_TCGA_b122_128_SNP_N_GenomeWideSNP_6_B10_781820	7	109453982	126045556	10046	0.5485
FOXED_p_TCGA_b122_128_SNP_N_GenomeWideSNP_6_B10_781820	7	126045651	126046615	10	1.5966
FOXED_p_TCGA_b122_128_SNP_N_GenomeWideSNP_6_B10_781820	7	126046876	126046881	6	-0.1168
FOXED_p_TCGA_b122_128_SNP_N_GenomeWideSNP_6_B10_781820	7	126052766	127928708	1274	0.5619
FOXED_p_TCGA_b122_128_SNP_N_GenomeWideSNP_6_B10_781820	7	127928829	127948134	18	0.1725
FOXED_p_TCGA_b122_128_SNP_N_GenomeWideSNP_6_B10_781820	7	127948604	131811687	2074	0.5565
FOXED_p_TCGA_b122_128_SNP_N_GenomeWideSNP_6_B10_781820	7	131814893	131833355	20	0.2339
FOXED_p_TCGA_b122_128_SNP_N_GenomeWideSNP_6_B10_781820	7	131833702	133729210	1279	0.5484
FOXED_p_TCGA_b122_128_SNP_N_GenomeWideSNP_6_B10_781820	7	133737030	133778429	34	-0.4989
FOXED_p_TCGA_b122_128_SNP_N_GenomeWideSNP_6_B10_781820	7	133778468	133798558	38	2e-04
FOXED_p_TCGA_b122_128_SNP_N_GenomeWideSNP_6_B10_781820	7	133798846	133852714	39	-0.5515
FOXED_p_TCGA_b122_128_SNP_N_GenomeWideSNP_6_B10_781820	7	133856678	135205568	1005	0.5483
FOXED_p_TCGA_b122_128_SNP_N_GenomeWideSNP_6_B10_781820	7	135213668	135217793	7	-0.4317
FOXED_p_TCGA_b122_128_SNP_N_GenomeWideSNP_6_B10_781820	7	135218647	142044929	4383	0.5548
FOXED_p_TCGA_b122_128_SNP_N_GenomeWideSNP_6_B10_781820	7	142047109	142047396	5	-0.2956
FOXED_p_TCGA_b122_128_SNP_N_GenomeWideSNP_6_B10_781820	7	142047648	143904279	1122	0.5437
FOXED_p_TCGA_b122_128_SNP_N_GenomeWideSNP_6_B10_781820	7	143909235	143909445	3	-0.816
FOXED_p_TCGA_b122_128_SNP_N_GenomeWideSNP_6_B10_781820	7	143911624	144066947	39	0.8473
FOXED_p_TCGA_b122_128_SNP_N_GenomeWideSNP_6_B10_781820	7	144074929	153146642	5577	0.5478
FOXED_p_TCGA_b122_128_SNP_N_GenomeWideSNP_6_B10_781820	7	153146779	153147217	4	-0.6811
FOXED_p_TCGA_b122_128_SNP_N_GenomeWideSNP_6_B10_781820	7	153147517	153918878	537	0.5102
FOXED_p_TCGA_b122_128_SNP_N_GenomeWideSNP_6_B10_781820	7	153920121	153920301	3	-0.8026
FOXED_p_TCGA_b122_128_SNP_N_GenomeWideSNP_6_B10_781820	7	153922854	154389895	333	0.5314
FOXED_p_TCGA_b122_128_SNP_N_GenomeWideSNP_6_B10_781820	7	154393171	154399613	4	-1.854
FOXED_p_TCGA_b122_128_SNP_N_GenomeWideSNP_6_B10_781820	7	154400830	154966822	576	0.5638
FOXED_p_TCGA_b122_128_SNP_N_GenomeWideSNP_6_B10_781820	7	154966887	154967105	7	-0.2016
FOXED_p_TCGA_b122_128_SNP_N_GenomeWideSNP_6_B10_781820	7	154967127	158111939	2014	0.5746
FOXED_p_TCGA_b122_128_SNP_N_GenomeWideSNP_6_B10_781820	7	158113055	158132165	10	0.0011
FOXED_p_TCGA_b122_128_SNP_N_GenomeWideSNP_6_B10_781820	7	158136986	159127004	639	0.5008
FOXED_p_TCGA_b122_128_SNP_N_GenomeWideSNP_6_B10_781820	8	31254	2081251	1491	0.207
FOXED_p_TCGA_b122_128_SNP_N_GenomeWideSNP_6_B10_781820	8	2081353	2081372	2	-1.4028
FOXED_p_TCGA_b122_128_SNP_N_GenomeWideSNP_6_B10_781820	8	2081407	4002192	2298	0.2375
FOXED_p_TCGA_b122_128_SNP_N_GenomeWideSNP_6_B10_781820	8	4002207	4002316	3	-1.7388
FOXED_p_TCGA_b122_128_SNP_N_GenomeWideSNP_6_B10_781820	8	4002653	4003305	10	0.3409
FOXED_p_TCGA_b122_128_SNP_N_GenomeWideSNP_6_B10_781820	8	4003463	4003478	2	-2.7154
FOXED_p_TCGA_b122_128_SNP_N_GenomeWideSNP_6_B10_781820	8	4003561	7012924	4016	0.2262
FOXED_p_TCGA_b122_128_SNP_N_GenomeWideSNP_6_B10_781820	8	7024567	7744064	150	-0.1205
FOXED_p_TCGA_b122_128_SNP_N_GenomeWideSNP_6_B10_781820	8	7745979	7747699	4	-1.7235
FOXED_p_TCGA_b122_128_SNP_N_GenomeWideSNP_6_B10_781820	8	7752048	7809906	35	-0.1693
FOXED_p_TCGA_b122_128_SNP_N_GenomeWideSNP_6_B10_781820	8	7826922	8002408	53	0.2027
FOXED_p_TCGA_b122_128_SNP_N_GenomeWideSNP_6_B10_781820	8	8003045	8092025	15	-0.2395
FOXED_p_TCGA_b122_128_SNP_N_GenomeWideSNP_6_B10_781820	8	8093182	10246325	1929	0.2671
FOXED_p_TCGA_b122_128_SNP_N_GenomeWideSNP_6_B10_781820	8	10248779	10249346	3	-0.8764
FOXED_p_TCGA_b122_128_SNP_N_GenomeWideSNP_6_B10_781820	8	10249678	11841566	1269	0.2793
FOXED_p_TCGA_b122_128_SNP_N_GenomeWideSNP_6_B10_781820	8	11842836	11949551	20	0.0314
FOXED_p_TCGA_b122_128_SNP_N_GenomeWideSNP_6_B10_781820	8	11987726	12001123	6	-0.9072
FOXED_p_TCGA_b122_128_SNP_N_GenomeWideSNP_6_B10_781820	8	12034307	12264613	54	0.1924
FOXED_p_TCGA_b122_128_SNP_N_GenomeWideSNP_6_B10_781820	8	12266083	12420155	51	-0.199
FOXED_p_TCGA_b122_128_SNP_N_GenomeWideSNP_6_B10_781820	8	12420175	18264491	5341	0.248
FOXED_p_TCGA_b122_128_SNP_N_GenomeWideSNP_6_B10_781820	8	18265154	18271185	5	1.1077
FOXED_p_TCGA_b122_128_SNP_N_GenomeWideSNP_6_B10_781820	8	18271387	24972187	5090	0.2793
FOXED_p_TCGA_b122_128_SNP_N_GenomeWideSNP_6_B10_781820	8	24974443	24984333	27	-2.2103
FOXED_p_TCGA_b122_128_SNP_N_GenomeWideSNP_6_B10_781820	8	24991104	112294466	51175	0.2567
FOXED_p_TCGA_b122_128_SNP_N_GenomeWideSNP_6_B10_781820	8	112294646	112295245	6	-1.58
FOXED_p_TCGA_b122_128_SNP_N_GenomeWideSNP_6_B10_781820	8	112295260	143127524	21801	0.2607
FOXED_p_TCGA_b122_128_SNP_N_GenomeWideSNP_6_B10_781820	8	143128774	143130738	4	-0.9636
FOXED_p_TCGA_b122_128_SNP_N_GenomeWideSNP_6_B10_781820	8	143136640	143347327	119	0.1889
FOXED_p_TCGA_b122_128_SNP_N_GenomeWideSNP_6_B10_781820	8	143351736	143376802	4	-0.6516
FOXED_p_TCGA_b122_128_SNP_N_GenomeWideSNP_6_B10_781820	8	143378869	144284479	360	0.2603
FOXED_p_TCGA_b122_128_SNP_N_GenomeWideSNP_6_B10_781820	8	144290410	144310602	17	-0.2856
FOXED_p_TCGA_b122_128_SNP_N_GenomeWideSNP_6_B10_781820	8	144310617	144698815	118	0.3201
FOXED_p_TCGA_b122_128_SNP_N_GenomeWideSNP_6_B10_781820	8	144698933	144707808	11	-0.7149
FOXED_p_TCGA_b122_128_SNP_N_GenomeWideSNP_6_B10_781820	8	144718989	146298155	506	0.2526
FOXED_p_TCGA_b122_128_SNP_N_GenomeWideSNP_6_B10_781820	9	46587	44424451	31466	-0.1142
FOXED_p_TCGA_b122_128_SNP_N_GenomeWideSNP_6_B10_781820	9	44446136	44824263	33	0.4359
FOXED_p_TCGA_b122_128_SNP_N_GenomeWideSNP_6_B10_781820	9	44827045	68183981	161	-0.2718
FOXED_p_TCGA_b122_128_SNP_N_GenomeWideSNP_6_B10_781820	9	68186051	68188547	8	1.0383
FOXED_p_TCGA_b122_128_SNP_N_GenomeWideSNP_6_B10_781820	9	68209916	69022971	91	-0.1538
FOXED_p_TCGA_b122_128_SNP_N_GenomeWideSNP_6_B10_781820	9	69062430	69978022	121	-0.4804
FOXED_p_TCGA_b122_128_SNP_N_GenomeWideSNP_6_B10_781820	9	70940595	78002560	4979	-0.104
FOXED_p_TCGA_b122_128_SNP_N_GenomeWideSNP_6_B10_781820	9	78005177	78008161	3	-1.233
FOXED_p_TCGA_b122_128_SNP_N_GenomeWideSNP_6_B10_781820	9	78012459	90414695	9186	-0.1196
FOXED_p_TCGA_b122_128_SNP_N_GenomeWideSNP_6_B10_781820	9	90415220	90415224	2	-1.8105
FOXED_p_TCGA_b122_128_SNP_N_GenomeWideSNP_6_B10_781820	9	90415623	136078375	31468	-0.1004
FOXED_p_TCGA_b122_128_SNP_N_GenomeWideSNP_6_B10_781820	9	136080536	136085200	2	-1.9486
FOXED_p_TCGA_b122_128_SNP_N_GenomeWideSNP_6_B10_781820	9	136086543	141091394	2368	-0.1192
FOXED_p_TCGA_b122_128_SNP_N_GenomeWideSNP_6_B10_781820	10	72759	49212771	32230	-0.1194
FOXED_p_TCGA_b122_128_SNP_N_GenomeWideSNP_6_B10_781820	10	49212828	49333677	13	0.452
FOXED_p_TCGA_b122_128_SNP_N_GenomeWideSNP_6_B10_781820	10	49333790	52775044	1994	-0.1156
FOXED_p_TCGA_b122_128_SNP_N_GenomeWideSNP_6_B10_781820	10	52775294	52835732	36	0.3041
FOXED_p_TCGA_b122_128_SNP_N_GenomeWideSNP_6_B10_781820	10	52839660	67306276	10442	-0.112
FOXED_p_TCGA_b122_128_SNP_N_GenomeWideSNP_6_B10_781820	10	67307923	67314446	28	-2.0576
FOXED_p_TCGA_b122_128_SNP_N_GenomeWideSNP_6_B10_781820	10	67322795	68077592	614	-0.1217
FOXED_p_TCGA_b122_128_SNP_N_GenomeWideSNP_6_B10_781820	10	68077764	68109338	32	-1.1777
FOXED_p_TCGA_b122_128_SNP_N_GenomeWideSNP_6_B10_781820	10	68122532	89019812	13819	-0.1102
FOXED_p_TCGA_b122_128_SNP_N_GenomeWideSNP_6_B10_781820	10	89029243	89131190	20	0.3929
FOXED_p_TCGA_b122_128_SNP_N_GenomeWideSNP_6_B10_781820	10	89133936	115204728	17072	-0.1035
FOXED_p_TCGA_b122_128_SNP_N_GenomeWideSNP_6_B10_781820	10	115208757	115216865	8	-1.5453
FOXED_p_TCGA_b122_128_SNP_N_GenomeWideSNP_6_B10_781820	10	115219314	132369266	12804	-0.1144
FOXED_p_TCGA_b122_128_SNP_N_GenomeWideSNP_6_B10_781820	10	132372294	132375047	5	-1.7388
FOXED_p_TCGA_b122_128_SNP_N_GenomeWideSNP_6_B10_781820	10	132375835	135229141	1749	-0.1973
FOXED_p_TCGA_b122_128_SNP_N_GenomeWideSNP_6_B10_781820	10	135229719	135229868	2	-2.7698
FOXED_p_TCGA_b122_128_SNP_N_GenomeWideSNP_6_B10_781820	10	135232654	135506704	150	-0.2176
FOXED_p_TCGA_b122_128_SNP_N_GenomeWideSNP_6_B10_781820	11	198510	5782925	3294	-0.1113
FOXED_p_TCGA_b122_128_SNP_N_GenomeWideSNP_6_B10_781820	11	5782959	5808340	37	0.2903
FOXED_p_TCGA_b122_128_SNP_N_GenomeWideSNP_6_B10_781820	11	5808376	24444249	13858	-0.1122
FOXED_p_TCGA_b122_128_SNP_N_GenomeWideSNP_6_B10_781820	11	24446368	24450257	5	-1.1809
FOXED_p_TCGA_b122_128_SNP_N_GenomeWideSNP_6_B10_781820	11	24455176	33670718	6163	-0.1263
FOXED_p_TCGA_b122_128_SNP_N_GenomeWideSNP_6_B10_781820	11	33671277	33671641	2	-1.7996
FOXED_p_TCGA_b122_128_SNP_N_GenomeWideSNP_6_B10_781820	11	33673544	34770057	904	-0.1068
FOXED_p_TCGA_b122_128_SNP_N_GenomeWideSNP_6_B10_781820	11	34770302	34772427	2	-1.8078
FOXED_p_TCGA_b122_128_SNP_N_GenomeWideSNP_6_B10_781820	11	34772501	55363340	10387	-0.126
FOXED_p_TCGA_b122_128_SNP_N_GenomeWideSNP_6_B10_781820	11	55374032	55453009	59	-1.9224
FOXED_p_TCGA_b122_128_SNP_N_GenomeWideSNP_6_B10_781820	11	55453576	107648810	32766	-0.1249
FOXED_p_TCGA_b122_128_SNP_N_GenomeWideSNP_6_B10_781820	11	107653743	107671601	16	0.7239
FOXED_p_TCGA_b122_128_SNP_N_GenomeWideSNP_6_B10_781820	11	107672045	125074502	12037	-0.1144
FOXED_p_TCGA_b122_128_SNP_N_GenomeWideSNP_6_B10_781820	11	125075288	125083704	30	-1.0352
FOXED_p_TCGA_b122_128_SNP_N_GenomeWideSNP_6_B10_781820	11	125088270	134944770	7546	-0.1459
FOXED_p_TCGA_b122_128_SNP_N_GenomeWideSNP_6_B10_781820	12	150442	7632651	5192	0.1661
FOXED_p_TCGA_b122_128_SNP_N_GenomeWideSNP_6_B10_781820	12	7637854	9633870	1011	-0.1523
FOXED_p_TCGA_b122_128_SNP_N_GenomeWideSNP_6_B10_781820	12	9637909	9728292	24	-1.4607
FOXED_p_TCGA_b122_128_SNP_N_GenomeWideSNP_6_B10_781820	12	9734969	11220827	1045	-0.0893
FOXED_p_TCGA_b122_128_SNP_N_GenomeWideSNP_6_B10_781820	12	11222368	11241532	10	0.7571
FOXED_p_TCGA_b122_128_SNP_N_GenomeWideSNP_6_B10_781820	12	11251874	33301520	15592	-0.1119
FOXED_p_TCGA_b122_128_SNP_N_GenomeWideSNP_6_B10_781820	12	33301534	33307374	24	-2.8551
FOXED_p_TCGA_b122_128_SNP_N_GenomeWideSNP_6_B10_781820	12	33308360	90483350	32905	-0.0912
FOXED_p_TCGA_b122_128_SNP_N_GenomeWideSNP_6_B10_781820	12	90491669	90492074	7	-1.177
FOXED_p_TCGA_b122_128_SNP_N_GenomeWideSNP_6_B10_781820	12	90493557	118049507	18789	-0.1143
FOXED_p_TCGA_b122_128_SNP_N_GenomeWideSNP_6_B10_781820	12	118051213	118051527	2	-2.0168
FOXED_p_TCGA_b122_128_SNP_N_GenomeWideSNP_6_B10_781820	12	118051578	133778189	10438	-0.1418
FOXED_p_TCGA_b122_128_SNP_N_GenomeWideSNP_6_B10_781820	13	19026949	19460558	133	0.7543
FOXED_p_TCGA_b122_128_SNP_N_GenomeWideSNP_6_B10_781820	13	19461484	23626684	2761	1.024
FOXED_p_TCGA_b122_128_SNP_N_GenomeWideSNP_6_B10_781820	13	23629150	23638195	18	1.5963
FOXED_p_TCGA_b122_128_SNP_N_GenomeWideSNP_6_B10_781820	13	23638210	25035607	1146	1.0482
FOXED_p_TCGA_b122_128_SNP_N_GenomeWideSNP_6_B10_781820	13	25039590	25039598	3	-0.6372
FOXED_p_TCGA_b122_128_SNP_N_GenomeWideSNP_6_B10_781820	13	25039678	32532121	5589	1.0711
FOXED_p_TCGA_b122_128_SNP_N_GenomeWideSNP_6_B10_781820	13	32532622	32538423	18	0.1024
FOXED_p_TCGA_b122_128_SNP_N_GenomeWideSNP_6_B10_781820	13	32540047	38071135	3906	1.0411
FOXED_p_TCGA_b122_128_SNP_N_GenomeWideSNP_6_B10_781820	13	38072036	38084757	16	-2.138
FOXED_p_TCGA_b122_128_SNP_N_GenomeWideSNP_6_B10_781820	13	38088330	39052811	700	1.0301
FOXED_p_TCGA_b122_128_SNP_N_GenomeWideSNP_6_B10_781820	13	39057572	39058056	2	-1.2149
FOXED_p_TCGA_b122_128_SNP_N_GenomeWideSNP_6_B10_781820	13	39065057	39868832	632	1.0585
FOXED_p_TCGA_b122_128_SNP_N_GenomeWideSNP_6_B10_781820	13	39870572	39871792	11	0.6078
FOXED_p_TCGA_b122_128_SNP_N_GenomeWideSNP_6_B10_781820	13	39871862	67501796	17106	1.0567
FOXED_p_TCGA_b122_128_SNP_N_GenomeWideSNP_6_B10_781820	13	67503400	67510345	10	0.5385
FOXED_p_TCGA_b122_128_SNP_N_GenomeWideSNP_6_B10_781820	13	67510457	69249481	1035	1.0271
FOXED_p_TCGA_b122_128_SNP_N_GenomeWideSNP_6_B10_781820	13	69250779	69259015	10	0.1436
FOXED_p_TCGA_b122_128_SNP_N_GenomeWideSNP_6_B10_781820	13	69259214	72476988	2087	1.0281
FOXED_p_TCGA_b122_128_SNP_N_GenomeWideSNP_6_B10_781820	13	72477555	72480556	4	-3.171
FOXED_p_TCGA_b122_128_SNP_N_GenomeWideSNP_6_B10_781820	13	72480605	115108397	29169	1.0538
FOXED_p_TCGA_b122_128_SNP_N_GenomeWideSNP_6_B10_781820	14	19002124	19697885	51	-0.0939
FOXED_p_TCGA_b122_128_SNP_N_GenomeWideSNP_6_B10_781820	14	19706758	20037146	23	-0.4812
FOXED_p_TCGA_b122_128_SNP_N_GenomeWideSNP_6_B10_781820	14	20100326	20143509	6	0.3257
FOXED_p_TCGA_b122_128_SNP_N_GenomeWideSNP_6_B10_781820	14	20157843	20425509	111	-0.4993
FOXED_p_TCGA_b122_128_SNP_N_GenomeWideSNP_6_B10_781820	14	20425860	70018047	31500	-0.1267
FOXED_p_TCGA_b122_128_SNP_N_GenomeWideSNP_6_B10_781820	14	70018368	70022467	8	-1.8642
FOXED_p_TCGA_b122_128_SNP_N_GenomeWideSNP_6_B10_781820	14	70022713	74001123	2623	-0.1361
FOXED_p_TCGA_b122_128_SNP_N_GenomeWideSNP_6_B10_781820	14	74006707	74020979	8	-1.8432
FOXED_p_TCGA_b122_128_SNP_N_GenomeWideSNP_6_B10_781820	14	74029900	78451363	2797	-0.1304
FOXED_p_TCGA_b122_128_SNP_N_GenomeWideSNP_6_B10_781820	14	78452126	78453399	3	-1.4204
FOXED_p_TCGA_b122_128_SNP_N_GenomeWideSNP_6_B10_781820	14	78454005	97221668	12728	-0.1525
FOXED_p_TCGA_b122_128_SNP_N_GenomeWideSNP_6_B10_781820	14	97221947	97222515	2	-2.1409
FOXED_p_TCGA_b122_128_SNP_N_GenomeWideSNP_6_B10_781820	14	97223773	106078690	5124	-0.1192
FOXED_p_TCGA_b122_128_SNP_N_GenomeWideSNP_6_B10_781820	14	106079024	106167487	15	0.611
FOXED_p_TCGA_b122_128_SNP_N_GenomeWideSNP_6_B10_781820	14	106194477	106460902	107	-0.1691
FOXED_p_TCGA_b122_128_SNP_N_GenomeWideSNP_6_B10_781820	14	106479675	106479941	2	-2.2891
FOXED_p_TCGA_b122_128_SNP_N_GenomeWideSNP_6_B10_781820	14	106482128	106547314	28	-0.2448
FOXED_p_TCGA_b122_128_SNP_N_GenomeWideSNP_6_B10_781820	14	106547507	106560737	8	-2.638
FOXED_p_TCGA_b122_128_SNP_N_GenomeWideSNP_6_B10_781820	14	106561441	107285437	418	-0.1288
FOXED_p_TCGA_b122_128_SNP_N_GenomeWideSNP_6_B10_781820	15	20016328	20291313	59	-0.0786
FOXED_p_TCGA_b122_128_SNP_N_GenomeWideSNP_6_B10_781820	15	20392821	22586960	362	-0.5548
FOXED_p_TCGA_b122_128_SNP_N_GenomeWideSNP_6_B10_781820	15	22587474	23266351	307	-0.114
FOXED_p_TCGA_b122_128_SNP_N_GenomeWideSNP_6_B10_781820	15	23277448	23459202	9	-0.9403
FOXED_p_TCGA_b122_128_SNP_N_GenomeWideSNP_6_B10_781820	15	23478049	32857412	5584	-0.1384
FOXED_p_TCGA_b122_128_SNP_N_GenomeWideSNP_6_B10_781820	15	32857482	32876984	4	-1.4827
FOXED_p_TCGA_b122_128_SNP_N_GenomeWideSNP_6_B10_781820	15	32902983	50046349	10816	-0.1057
FOXED_p_TCGA_b122_128_SNP_N_GenomeWideSNP_6_B10_781820	15	50049054	50049426	2	-1.9134
FOXED_p_TCGA_b122_128_SNP_N_GenomeWideSNP_6_B10_781820	15	50049587	102469040	34891	-0.1046
FOXED_p_TCGA_b122_128_SNP_N_GenomeWideSNP_6_B10_781820	16	60777	6755650	4015	0.1114
FOXED_p_TCGA_b122_128_SNP_N_GenomeWideSNP_6_B10_781820	16	6755679	6911210	222	-0.1354
FOXED_p_TCGA_b122_128_SNP_N_GenomeWideSNP_6_B10_781820	16	6911441	12708403	5305	0.2148
FOXED_p_TCGA_b122_128_SNP_N_GenomeWideSNP_6_B10_781820	16	12708810	12713934	15	-0.1451
FOXED_p_TCGA_b122_128_SNP_N_GenomeWideSNP_6_B10_781820	16	12714043	14835067	1561	0.2914
FOXED_p_TCGA_b122_128_SNP_N_GenomeWideSNP_6_B10_781820	16	14888595	14963699	11	-0.1538
FOXED_p_TCGA_b122_128_SNP_N_GenomeWideSNP_6_B10_781820	16	14971415	14989839	6	0.5784
FOXED_p_TCGA_b122_128_SNP_N_GenomeWideSNP_6_B10_781820	16	15048768	15127986	66	-0.1381
FOXED_p_TCGA_b122_128_SNP_N_GenomeWideSNP_6_B10_781820	16	15129905	16543819	592	0.2239
FOXED_p_TCGA_b122_128_SNP_N_GenomeWideSNP_6_B10_781820	16	16555853	16652699	12	-0.5224
FOXED_p_TCGA_b122_128_SNP_N_GenomeWideSNP_6_B10_781820	16	16656975	18742110	1033	0.2783
FOXED_p_TCGA_b122_128_SNP_N_GenomeWideSNP_6_B10_781820	16	18743062	18762456	4	-0.7155
FOXED_p_TCGA_b122_128_SNP_N_GenomeWideSNP_6_B10_781820	16	18766229	20057900	785	0.4293
FOXED_p_TCGA_b122_128_SNP_N_GenomeWideSNP_6_B10_781820	16	20058773	20059083	3	-0.4754
FOXED_p_TCGA_b122_128_SNP_N_GenomeWideSNP_6_B10_781820	16	20059677	21412403	835	0.4265
FOXED_p_TCGA_b122_128_SNP_N_GenomeWideSNP_6_B10_781820	16	21515074	21630698	44	0.0335
FOXED_p_TCGA_b122_128_SNP_N_GenomeWideSNP_6_B10_781820	16	21631112	22296463	284	0.3993
FOXED_p_TCGA_b122_128_SNP_N_GenomeWideSNP_6_B10_781820	16	22306287	22306417	2	-0.5992
FOXED_p_TCGA_b122_128_SNP_N_GenomeWideSNP_6_B10_781820	16	22312422	22441974	57	0.3382
FOXED_p_TCGA_b122_128_SNP_N_GenomeWideSNP_6_B10_781820	16	22442020	22615804	15	-0.2503
FOXED_p_TCGA_b122_128_SNP_N_GenomeWideSNP_6_B10_781820	16	22625584	22720189	65	0.0928
FOXED_p_TCGA_b122_128_SNP_N_GenomeWideSNP_6_B10_781820	16	22720366	22735561	18	0.4384
FOXED_p_TCGA_b122_128_SNP_N_GenomeWideSNP_6_B10_781820	16	22735703	22738086	3	-0.3501
FOXED_p_TCGA_b122_128_SNP_N_GenomeWideSNP_6_B10_781820	16	22738683	27342596	3310	0.2975
FOXED_p_TCGA_b122_128_SNP_N_GenomeWideSNP_6_B10_781820	16	27342929	27347122	5	-0.3369
FOXED_p_TCGA_b122_128_SNP_N_GenomeWideSNP_6_B10_781820	16	27350687	27631209	173	0.3355
FOXED_p_TCGA_b122_128_SNP_N_GenomeWideSNP_6_B10_781820	16	27637897	27660487	10	-0.0281
FOXED_p_TCGA_b122_128_SNP_N_GenomeWideSNP_6_B10_781820	16	27664585	29272604	700	0.2976
FOXED_p_TCGA_b122_128_SNP_N_GenomeWideSNP_6_B10_781820	16	29276794	29281765	6	-0.5804
FOXED_p_TCGA_b122_128_SNP_N_GenomeWideSNP_6_B10_781820	16	29283704	33241953	1092	0.2983
FOXED_p_TCGA_b122_128_SNP_N_GenomeWideSNP_6_B10_781820	16	33300894	33423063	15	-0.2965
FOXED_p_TCGA_b122_128_SNP_N_GenomeWideSNP_6_B10_781820	16	33432160	34459601	286	0.217
FOXED_p_TCGA_b122_128_SNP_N_GenomeWideSNP_6_B10_781820	16	34459709	34757071	170	0.5816
FOXED_p_TCGA_b122_128_SNP_N_GenomeWideSNP_6_B10_781820	16	34760967	70139542	15394	0.1674
FOXED_p_TCGA_b122_128_SNP_N_GenomeWideSNP_6_B10_781820	16	70151527	70213044	18	-0.4515
FOXED_p_TCGA_b122_128_SNP_N_GenomeWideSNP_6_B10_781820	16	70234536	74398029	2428	0.1235
FOXED_p_TCGA_b122_128_SNP_N_GenomeWideSNP_6_B10_781820	16	74405191	74466835	11	-0.442
FOXED_p_TCGA_b122_128_SNP_N_GenomeWideSNP_6_B10_781820	16	74466905	78373337	3211	0.1028
FOXED_p_TCGA_b122_128_SNP_N_GenomeWideSNP_6_B10_781820	16	78373764	78383140	11	-1.1224
FOXED_p_TCGA_b122_128_SNP_N_GenomeWideSNP_6_B10_781820	16	78384738	80251756	2301	0.0795
FOXED_p_TCGA_b122_128_SNP_N_GenomeWideSNP_6_B10_781820	16	80252459	80252538	3	-1.3299
FOXED_p_TCGA_b122_128_SNP_N_GenomeWideSNP_6_B10_781820	16	80252871	81503126	1219	0.0885
FOXED_p_TCGA_b122_128_SNP_N_GenomeWideSNP_6_B10_781820	16	81503403	81513419	18	-0.3168
FOXED_p_TCGA_b122_128_SNP_N_GenomeWideSNP_6_B10_781820	16	81513473	84971423	3647	0.0884
FOXED_p_TCGA_b122_128_SNP_N_GenomeWideSNP_6_B10_781820	16	84971585	84974123	2	1.0336
FOXED_p_TCGA_b122_128_SNP_N_GenomeWideSNP_6_B10_781820	16	84974407	85222571	202	0.1318
FOXED_p_TCGA_b122_128_SNP_N_GenomeWideSNP_6_B10_781820	16	85228341	85228662	2	-1.2044
FOXED_p_TCGA_b122_128_SNP_N_GenomeWideSNP_6_B10_781820	16	85229021	89620813	2998	0.105
FOXED_p_TCGA_b122_128_SNP_N_GenomeWideSNP_6_B10_781820	16	89626240	89632423	6	-1.8365
FOXED_p_TCGA_b122_128_SNP_N_GenomeWideSNP_6_B10_781820	16	89644836	90287535	243	0.0062
FOXED_p_TCGA_b122_128_SNP_N_GenomeWideSNP_6_B10_781820	17	526	44364170	23607	-0.1182
FOXED_p_TCGA_b122_128_SNP_N_GenomeWideSNP_6_B10_781820	17	44394412	44752300	48	0.6642
FOXED_p_TCGA_b122_128_SNP_N_GenomeWideSNP_6_B10_781820	17	44764994	47937317	1624	-0.0942
FOXED_p_TCGA_b122_128_SNP_N_GenomeWideSNP_6_B10_781820	17	47938473	47941873	3	-1.8241
FOXED_p_TCGA_b122_128_SNP_N_GenomeWideSNP_6_B10_781820	17	47942375	75346970	17087	-0.1094
FOXED_p_TCGA_b122_128_SNP_N_GenomeWideSNP_6_B10_781820	17	75347612	75371822	26	-0.5109
FOXED_p_TCGA_b122_128_SNP_N_GenomeWideSNP_6_B10_781820	17	75371974	76597976	706	-0.1475
FOXED_p_TCGA_b122_128_SNP_N_GenomeWideSNP_6_B10_781820	17	76598123	76648526	48	-0.4329
FOXED_p_TCGA_b122_128_SNP_N_GenomeWideSNP_6_B10_781820	17	76648711	81049726	2103	-0.1251
FOXED_p_TCGA_b122_128_SNP_N_GenomeWideSNP_6_B10_781820	18	11543	392189	221	-0.6341
FOXED_p_TCGA_b122_128_SNP_N_GenomeWideSNP_6_B10_781820	18	392795	395661	6	-1.64
FOXED_p_TCGA_b122_128_SNP_N_GenomeWideSNP_6_B10_781820	18	396077	2629368	1643	-0.6276
FOXED_p_TCGA_b122_128_SNP_N_GenomeWideSNP_6_B10_781820	18	2629515	2641858	17	-1.2514
FOXED_p_TCGA_b122_128_SNP_N_GenomeWideSNP_6_B10_781820	18	2642720	6481497	2688	-0.6566
FOXED_p_TCGA_b122_128_SNP_N_GenomeWideSNP_6_B10_781820	18	6482886	6483099	2	-3.3695
FOXED_p_TCGA_b122_128_SNP_N_GenomeWideSNP_6_B10_781820	18	6484281	38257860	18105	-0.639
FOXED_p_TCGA_b122_128_SNP_N_GenomeWideSNP_6_B10_781820	18	38257874	38265389	35	-0.1125
FOXED_p_TCGA_b122_128_SNP_N_GenomeWideSNP_6_B10_781820	18	38268024	78015057	27804	-0.6447
FOXED_p_TCGA_b122_128_SNP_N_GenomeWideSNP_6_B10_781820	19	90910	21814919	9666	-0.0853
FOXED_p_TCGA_b122_128_SNP_N_GenomeWideSNP_6_B10_781820	19	21815640	21825764	7	-0.9631
FOXED_p_TCGA_b122_128_SNP_N_GenomeWideSNP_6_B10_781820	19	21832567	30590980	3497	-0.1234
FOXED_p_TCGA_b122_128_SNP_N_GenomeWideSNP_6_B10_781820	19	30591245	30603533	7	-1.2479
FOXED_p_TCGA_b122_128_SNP_N_GenomeWideSNP_6_B10_781820	19	30603643	35849322	3628	-0.0993
FOXED_p_TCGA_b122_128_SNP_N_GenomeWideSNP_6_B10_781820	19	35849493	35861848	22	-0.7661
FOXED_p_TCGA_b122_128_SNP_N_GenomeWideSNP_6_B10_781820	19	35866744	41495156	2909	-0.0945
FOXED_p_TCGA_b122_128_SNP_N_GenomeWideSNP_6_B10_781820	19	41495239	41497274	2	-2.2277
FOXED_p_TCGA_b122_128_SNP_N_GenomeWideSNP_6_B10_781820	19	41498733	43286764	813	-0.0821
FOXED_p_TCGA_b122_128_SNP_N_GenomeWideSNP_6_B10_781820	19	43287456	43339953	26	0.4475
FOXED_p_TCGA_b122_128_SNP_N_GenomeWideSNP_6_B10_781820	19	43342677	59097854	8741	-0.111
FOXED_p_TCGA_b122_128_SNP_N_GenomeWideSNP_6_B10_781820	20	61305	1560999	1199	-0.7281
FOXED_p_TCGA_b122_128_SNP_N_GenomeWideSNP_6_B10_781820	20	1561580	1593893	41	1.6538
FOXED_p_TCGA_b122_128_SNP_N_GenomeWideSNP_6_B10_781820	20	1597946	5381490	2745	-0.7035
FOXED_p_TCGA_b122_128_SNP_N_GenomeWideSNP_6_B10_781820	20	5381650	5397623	11	-1.6741
FOXED_p_TCGA_b122_128_SNP_N_GenomeWideSNP_6_B10_781820	20	5398141	15858016	8115	-0.6871
FOXED_p_TCGA_b122_128_SNP_N_GenomeWideSNP_6_B10_781820	20	15858073	15875691	26	-1.2934
FOXED_p_TCGA_b122_128_SNP_N_GenomeWideSNP_6_B10_781820	20	15876516	25744723	7609	-0.7062
FOXED_p_TCGA_b122_128_SNP_N_GenomeWideSNP_6_B10_781820	20	25754752	26073580	77	0.3552
FOXED_p_TCGA_b122_128_SNP_N_GenomeWideSNP_6_B10_781820	20	26076656	40359519	6109	1.011
FOXED_p_TCGA_b122_128_SNP_N_GenomeWideSNP_6_B10_781820	20	40360023	40360026	4	-0.0168
FOXED_p_TCGA_b122_128_SNP_N_GenomeWideSNP_6_B10_781820	20	40360027	41263421	837	1.0013
FOXED_p_TCGA_b122_128_SNP_N_GenomeWideSNP_6_B10_781820	20	41265308	41268091	5	0.0589
FOXED_p_TCGA_b122_128_SNP_N_GenomeWideSNP_6_B10_781820	20	41268123	52283186	7801	1.026
FOXED_p_TCGA_b122_128_SNP_N_GenomeWideSNP_6_B10_781820	20	52285835	52285882	2	-1.1772
FOXED_p_TCGA_b122_128_SNP_N_GenomeWideSNP_6_B10_781820	20	52296775	61179294	7089	1.0282
FOXED_p_TCGA_b122_128_SNP_N_GenomeWideSNP_6_B10_781820	20	61179388	61182062	2	-0.6309
FOXED_p_TCGA_b122_128_SNP_N_GenomeWideSNP_6_B10_781820	20	61183145	62915568	706	0.9785
FOXED_p_TCGA_b122_128_SNP_N_GenomeWideSNP_6_B10_781820	20	62916068	62956153	6	0.6029
FOXED_p_TCGA_b122_128_SNP_N_GenomeWideSNP_6_B10_781820	21	10736871	10935910	32	0.2695
FOXED_p_TCGA_b122_128_SNP_N_GenomeWideSNP_6_B10_781820	21	10940642	10999759	35	0.5792
FOXED_p_TCGA_b122_128_SNP_N_GenomeWideSNP_6_B10_781820	21	10999794	14566371	91	0.2299
FOXED_p_TCGA_b122_128_SNP_N_GenomeWideSNP_6_B10_781820	21	14570284	18111030	2226	-0.1584
FOXED_p_TCGA_b122_128_SNP_N_GenomeWideSNP_6_B10_781820	21	18112962	18113787	4	-1.2987
FOXED_p_TCGA_b122_128_SNP_N_GenomeWideSNP_6_B10_781820	21	18114358	20442654	1667	-0.1468
FOXED_p_TCGA_b122_128_SNP_N_GenomeWideSNP_6_B10_781820	21	20448286	20448316	2	-1.7278
FOXED_p_TCGA_b122_128_SNP_N_GenomeWideSNP_6_B10_781820	21	20448465	24500841	3060	-0.1812
FOXED_p_TCGA_b122_128_SNP_N_GenomeWideSNP_6_B10_781820	21	24505657	24558067	38	0.1036
FOXED_p_TCGA_b122_128_SNP_N_GenomeWideSNP_6_B10_781820	21	24558818	37927798	9802	-0.1592
FOXED_p_TCGA_b122_128_SNP_N_GenomeWideSNP_6_B10_781820	21	37927972	37930129	3	-1.5995
FOXED_p_TCGA_b122_128_SNP_N_GenomeWideSNP_6_B10_781820	21	37930358	43338400	4513	-0.1537
FOXED_p_TCGA_b122_128_SNP_N_GenomeWideSNP_6_B10_781820	21	43340705	43355463	11	-0.7768
FOXED_p_TCGA_b122_128_SNP_N_GenomeWideSNP_6_B10_781820	21	43359169	48096957	2908	-0.1995
FOXED_p_TCGA_b122_128_SNP_N_GenomeWideSNP_6_B10_781820	22	16052528	16061342	4	-1.8471
FOXED_p_TCGA_b122_128_SNP_N_GenomeWideSNP_6_B10_781820	22	16077141	18642145	1200	-0.1131
FOXED_p_TCGA_b122_128_SNP_N_GenomeWideSNP_6_B10_781820	22	18644701	18810110	17	-0.8725
FOXED_p_TCGA_b122_128_SNP_N_GenomeWideSNP_6_B10_781820	22	18876428	21572214	1628	-0.2134
FOXED_p_TCGA_b122_128_SNP_N_GenomeWideSNP_6_B10_781820	22	21595029	21611349	4	-1.6956
FOXED_p_TCGA_b122_128_SNP_N_GenomeWideSNP_6_B10_781820	22	21708030	22054086	104	-0.3316
FOXED_p_TCGA_b122_128_SNP_N_GenomeWideSNP_6_B10_781820	22	22054351	42803729	14395	-0.0991
FOXED_p_TCGA_b122_128_SNP_N_GenomeWideSNP_6_B10_781820	22	42805444	42806124	2	-1.7318
FOXED_p_TCGA_b122_128_SNP_N_GenomeWideSNP_6_B10_781820	22	42806731	51234455	6170	-0.1426
FOXED_p_TCGA_b122_128_SNP_N_GenomeWideSNP_6_B10_781820	X	168477	76349873	40170	0.0405
FOXED_p_TCGA_b122_128_SNP_N_GenomeWideSNP_6_B10_781820	X	76353650	76523952	18	-0.8073
FOXED_p_TCGA_b122_128_SNP_N_GenomeWideSNP_6_B10_781820	X	76545159	83978555	3653	-0.0083
FOXED_p_TCGA_b122_128_SNP_N_GenomeWideSNP_6_B10_781820	X	83979341	83979879	2	-1.4437
FOXED_p_TCGA_b122_128_SNP_N_GenomeWideSNP_6_B10_781820	X	83986751	152188330	39588	0.0016
FOXED_p_TCGA_b122_128_SNP_N_GenomeWideSNP_6_B10_781820	X	152188780	152205822	23	-0.4044
FOXED_p_TCGA_b122_128_SNP_N_GenomeWideSNP_6_B10_781820	X	152210372	155182354	1183	0.0199
FOXED_p_TCGA_b122_128_SNP_N_GenomeWideSNP_6_B10_781820	Y	2650438	2883369	115	-2.9573
FOXED_p_TCGA_b122_128_SNP_N_GenomeWideSNP_6_B10_781820	Y	2887448	2892421	4	-4.9977
FOXED_p_TCGA_b122_128_SNP_N_GenomeWideSNP_6_B10_781820	Y	2893230	2912181	14	-2.9911
FOXED_p_TCGA_b122_128_SNP_N_GenomeWideSNP_6_B10_781820	Y	2915500	5949434	673	-2.2957
FOXED_p_TCGA_b122_128_SNP_N_GenomeWideSNP_6_B10_781820	Y	5949944	6101425	64	-2.7718
FOXED_p_TCGA_b122_128_SNP_N_GenomeWideSNP_6_B10_781820	Y	6107901	6283866	80	-4.0982
FOXED_p_TCGA_b122_128_SNP_N_GenomeWideSNP_6_B10_781820	Y	6287367	19571480	4712	-3.0764
FOXED_p_TCGA_b122_128_SNP_N_GenomeWideSNP_6_B10_781820	Y	19574890	21088297	703	-3.7126
FOXED_p_TCGA_b122_128_SNP_N_GenomeWideSNP_6_B10_781820	Y	21088485	23653771	978	-3.1162
FOXED_p_TCGA_b122_128_SNP_N_GenomeWideSNP_6_B10_781820	Y	23683731	23690350	2	-8.9658
FOXED_p_TCGA_b122_128_SNP_N_GenomeWideSNP_6_B10_781820	Y	23715701	24515802	265	-3.2685
FOXED_p_TCGA_b122_128_SNP_N_GenomeWideSNP_6_B10_781820	Y	24516081	26430674	375	-3.7149
FOXED_p_TCGA_b122_128_SNP_N_GenomeWideSNP_6_B10_781820	Y	26430908	26510799	27	-2.5748
FOXED_p_TCGA_b122_128_SNP_N_GenomeWideSNP_6_B10_781820	Y	26513715	26630929	9	-3.7644
FOXED_p_TCGA_b122_128_SNP_N_GenomeWideSNP_6_B10_781820	Y	26631228	27240184	79	-4.3863
FOXED_p_TCGA_b122_128_SNP_N_GenomeWideSNP_6_B10_781820	Y	27254679	27720551	98	-2.9886
FOXED_p_TCGA_b122_128_SNP_N_GenomeWideSNP_6_B10_781820	Y	27721084	28423938	251	-3.729
FOXED_p_TCGA_b122_128_SNP_N_GenomeWideSNP_6_B10_781820	Y	28438116	28517125	33	-2.9687
FOXED_p_TCGA_b122_128_SNP_N_GenomeWideSNP_6_B10_781820	Y	28519607	59018259	150	-2.4739
