Sample	Chromosome	Start	End	Num_Probes	Segment_Mean
HELVE_p_TCGA_b139_154_155_SNP_N_GenomeWideSNP_6_E08_808540	1	61735	8931543	4472	-0.3199
HELVE_p_TCGA_b139_154_155_SNP_N_GenomeWideSNP_6_E08_808540	1	8932159	9331973	222	0.105
HELVE_p_TCGA_b139_154_155_SNP_N_GenomeWideSNP_6_E08_808540	1	9332703	13384383	1889	-0.321
HELVE_p_TCGA_b139_154_155_SNP_N_GenomeWideSNP_6_E08_808540	1	13384473	14232891	358	0.1376
HELVE_p_TCGA_b139_154_155_SNP_N_GenomeWideSNP_6_E08_808540	1	14232929	17017078	1847	-0.3114
HELVE_p_TCGA_b139_154_155_SNP_N_GenomeWideSNP_6_E08_808540	1	17017530	17048479	17	-0.993
HELVE_p_TCGA_b139_154_155_SNP_N_GenomeWideSNP_6_E08_808540	1	17056457	25583341	5353	-0.3108
HELVE_p_TCGA_b139_154_155_SNP_N_GenomeWideSNP_6_E08_808540	1	25593128	25662212	31	-1.1158
HELVE_p_TCGA_b139_154_155_SNP_N_GenomeWideSNP_6_E08_808540	1	25663310	50012288	13421	-0.3109
HELVE_p_TCGA_b139_154_155_SNP_N_GenomeWideSNP_6_E08_808540	1	50023956	50025534	4	-1.7987
HELVE_p_TCGA_b139_154_155_SNP_N_GenomeWideSNP_6_E08_808540	1	50035049	72768498	15416	-0.2882
HELVE_p_TCGA_b139_154_155_SNP_N_GenomeWideSNP_6_E08_808540	1	72768916	72811133	45	1.1091
HELVE_p_TCGA_b139_154_155_SNP_N_GenomeWideSNP_6_E08_808540	1	72811148	89475255	10971	-0.2916
HELVE_p_TCGA_b139_154_155_SNP_N_GenomeWideSNP_6_E08_808540	1	89477958	89478205	2	-2.2953
HELVE_p_TCGA_b139_154_155_SNP_N_GenomeWideSNP_6_E08_808540	1	89481524	104163787	9098	-0.292
HELVE_p_TCGA_b139_154_155_SNP_N_GenomeWideSNP_6_E08_808540	1	104178038	104268222	25	-0.929
HELVE_p_TCGA_b139_154_155_SNP_N_GenomeWideSNP_6_E08_808540	1	104303403	106019205	920	-0.2968
HELVE_p_TCGA_b139_154_155_SNP_N_GenomeWideSNP_6_E08_808540	1	106019236	106022375	16	-1.6233
HELVE_p_TCGA_b139_154_155_SNP_N_GenomeWideSNP_6_E08_808540	1	106024055	107993450	1352	-0.3072
HELVE_p_TCGA_b139_154_155_SNP_N_GenomeWideSNP_6_E08_808540	1	107996897	108008837	20	0.2489
HELVE_p_TCGA_b139_154_155_SNP_N_GenomeWideSNP_6_E08_808540	1	108009471	110224384	1284	-0.2928
HELVE_p_TCGA_b139_154_155_SNP_N_GenomeWideSNP_6_E08_808540	1	110224427	110246126	34	-0.6457
HELVE_p_TCGA_b139_154_155_SNP_N_GenomeWideSNP_6_E08_808540	1	110246130	112690326	1950	-0.3037
HELVE_p_TCGA_b139_154_155_SNP_N_GenomeWideSNP_6_E08_808540	1	112695965	112697213	22	-1.6074
HELVE_p_TCGA_b139_154_155_SNP_N_GenomeWideSNP_6_E08_808540	1	112697241	114577580	1108	-0.2856
HELVE_p_TCGA_b139_154_155_SNP_N_GenomeWideSNP_6_E08_808540	1	114577595	116160511	1050	0.1381
HELVE_p_TCGA_b139_154_155_SNP_N_GenomeWideSNP_6_E08_808540	1	116164698	117579257	1008	-0.3023
HELVE_p_TCGA_b139_154_155_SNP_N_GenomeWideSNP_6_E08_808540	1	117583298	117612671	29	0.2328
HELVE_p_TCGA_b139_154_155_SNP_N_GenomeWideSNP_6_E08_808540	1	117617705	121129349	1910	-0.2968
HELVE_p_TCGA_b139_154_155_SNP_N_GenomeWideSNP_6_E08_808540	1	121130963	149242663	1386	0.1337
HELVE_p_TCGA_b139_154_155_SNP_N_GenomeWideSNP_6_E08_808540	1	149242725	149254920	21	0.4945
HELVE_p_TCGA_b139_154_155_SNP_N_GenomeWideSNP_6_E08_808540	1	149256691	152756774	1732	0.1521
HELVE_p_TCGA_b139_154_155_SNP_N_GenomeWideSNP_6_E08_808540	1	152756806	152768700	40	0.5442
HELVE_p_TCGA_b139_154_155_SNP_N_GenomeWideSNP_6_E08_808540	1	152773905	169216937	11339	0.158
HELVE_p_TCGA_b139_154_155_SNP_N_GenomeWideSNP_6_E08_808540	1	169233974	169242401	8	0.887
HELVE_p_TCGA_b139_154_155_SNP_N_GenomeWideSNP_6_E08_808540	1	169254877	174796556	3522	0.1698
HELVE_p_TCGA_b139_154_155_SNP_N_GenomeWideSNP_6_E08_808540	1	174796699	174797333	6	-0.7971
HELVE_p_TCGA_b139_154_155_SNP_N_GenomeWideSNP_6_E08_808540	1	174797385	193155792	12266	0.1502
HELVE_p_TCGA_b139_154_155_SNP_N_GenomeWideSNP_6_E08_808540	1	193156279	193156348	4	1.1782
HELVE_p_TCGA_b139_154_155_SNP_N_GenomeWideSNP_6_E08_808540	1	193159723	196711067	2397	0.1519
HELVE_p_TCGA_b139_154_155_SNP_N_GenomeWideSNP_6_E08_808540	1	196711187	196816730	100	-0.2982
HELVE_p_TCGA_b139_154_155_SNP_N_GenomeWideSNP_6_E08_808540	1	196823317	249224388	35941	0.156
HELVE_p_TCGA_b139_154_155_SNP_N_GenomeWideSNP_6_E08_808540	2	12784	7639373	5925	0.0732
HELVE_p_TCGA_b139_154_155_SNP_N_GenomeWideSNP_6_E08_808540	2	7643065	7646972	2	1.5278
HELVE_p_TCGA_b139_154_155_SNP_N_GenomeWideSNP_6_E08_808540	2	7647007	13196075	4080	0.0946
HELVE_p_TCGA_b139_154_155_SNP_N_GenomeWideSNP_6_E08_808540	2	13200142	13284305	47	0.6774
HELVE_p_TCGA_b139_154_155_SNP_N_GenomeWideSNP_6_E08_808540	2	13284910	34691069	14056	0.0963
HELVE_p_TCGA_b139_154_155_SNP_N_GenomeWideSNP_6_E08_808540	2	34699315	34737163	47	0.6492
HELVE_p_TCGA_b139_154_155_SNP_N_GenomeWideSNP_6_E08_808540	2	34737556	40990662	4644	0.1064
HELVE_p_TCGA_b139_154_155_SNP_N_GenomeWideSNP_6_E08_808540	2	40990752	40991438	2	1.6661
HELVE_p_TCGA_b139_154_155_SNP_N_GenomeWideSNP_6_E08_808540	2	40991806	52741737	8396	0.1036
HELVE_p_TCGA_b139_154_155_SNP_N_GenomeWideSNP_6_E08_808540	2	52743925	52781542	41	0.7076
HELVE_p_TCGA_b139_154_155_SNP_N_GenomeWideSNP_6_E08_808540	2	52787949	90255644	23034	0.0976
HELVE_p_TCGA_b139_154_155_SNP_N_GenomeWideSNP_6_E08_808540	2	90262407	92118059	108	-0.2002
HELVE_p_TCGA_b139_154_155_SNP_N_GenomeWideSNP_6_E08_808540	2	92125638	127852021	18951	0.0967
HELVE_p_TCGA_b139_154_155_SNP_N_GenomeWideSNP_6_E08_808540	2	127857763	127857946	2	2.2401
HELVE_p_TCGA_b139_154_155_SNP_N_GenomeWideSNP_6_E08_808540	2	127858646	135047888	4195	0.0994
HELVE_p_TCGA_b139_154_155_SNP_N_GenomeWideSNP_6_E08_808540	2	135047919	135078574	32	0.4319
HELVE_p_TCGA_b139_154_155_SNP_N_GenomeWideSNP_6_E08_808540	2	135079580	140713595	3496	0.0946
HELVE_p_TCGA_b139_154_155_SNP_N_GenomeWideSNP_6_E08_808540	2	140714460	140714614	2	1.2139
HELVE_p_TCGA_b139_154_155_SNP_N_GenomeWideSNP_6_E08_808540	2	140714683	233264528	56761	0.0984
HELVE_p_TCGA_b139_154_155_SNP_N_GenomeWideSNP_6_E08_808540	2	233264910	233292864	22	-0.3533
HELVE_p_TCGA_b139_154_155_SNP_N_GenomeWideSNP_6_E08_808540	2	233293715	237803366	3105	0.0336
HELVE_p_TCGA_b139_154_155_SNP_N_GenomeWideSNP_6_E08_808540	2	237803533	237803934	4	-0.9349
HELVE_p_TCGA_b139_154_155_SNP_N_GenomeWideSNP_6_E08_808540	2	237803982	243089456	3081	0.0099
HELVE_p_TCGA_b139_154_155_SNP_N_GenomeWideSNP_6_E08_808540	3	60345	5055880	4496	-0.0398
HELVE_p_TCGA_b139_154_155_SNP_N_GenomeWideSNP_6_E08_808540	3	5059576	5126216	56	-0.642
HELVE_p_TCGA_b139_154_155_SNP_N_GenomeWideSNP_6_E08_808540	3	5127960	60920018	37193	-0.0211
HELVE_p_TCGA_b139_154_155_SNP_N_GenomeWideSNP_6_E08_808540	3	60920144	61171232	252	0.6207
HELVE_p_TCGA_b139_154_155_SNP_N_GenomeWideSNP_6_E08_808540	3	61171279	61824310	476	0.3654
HELVE_p_TCGA_b139_154_155_SNP_N_GenomeWideSNP_6_E08_808540	3	61824965	61829532	4	0.7282
HELVE_p_TCGA_b139_154_155_SNP_N_GenomeWideSNP_6_E08_808540	3	61832829	68746164	5377	-0.0099
HELVE_p_TCGA_b139_154_155_SNP_N_GenomeWideSNP_6_E08_808540	3	68746259	68747413	14	-0.8294
HELVE_p_TCGA_b139_154_155_SNP_N_GenomeWideSNP_6_E08_808540	3	68748758	75421170	4873	-0.025
HELVE_p_TCGA_b139_154_155_SNP_N_GenomeWideSNP_6_E08_808540	3	75427107	75639507	75	-1.0016
HELVE_p_TCGA_b139_154_155_SNP_N_GenomeWideSNP_6_E08_808540	3	75645384	98945206	11008	-0.0282
HELVE_p_TCGA_b139_154_155_SNP_N_GenomeWideSNP_6_E08_808540	3	98945289	98949056	15	-0.6296
HELVE_p_TCGA_b139_154_155_SNP_N_GenomeWideSNP_6_E08_808540	3	98949069	100340796	762	-0.0533
HELVE_p_TCGA_b139_154_155_SNP_N_GenomeWideSNP_6_E08_808540	3	100342202	100442478	55	0.3622
HELVE_p_TCGA_b139_154_155_SNP_N_GenomeWideSNP_6_E08_808540	3	100442509	129786209	17946	-0.0252
HELVE_p_TCGA_b139_154_155_SNP_N_GenomeWideSNP_6_E08_808540	3	129786286	129808276	48	-0.4476
HELVE_p_TCGA_b139_154_155_SNP_N_GenomeWideSNP_6_E08_808540	3	129808555	136019099	4034	-0.0265
HELVE_p_TCGA_b139_154_155_SNP_N_GenomeWideSNP_6_E08_808540	3	136022951	136025426	2	-2.4722
HELVE_p_TCGA_b139_154_155_SNP_N_GenomeWideSNP_6_E08_808540	3	136038541	140542539	2700	-0.0301
HELVE_p_TCGA_b139_154_155_SNP_N_GenomeWideSNP_6_E08_808540	3	140545701	140546984	2	-2.2054
HELVE_p_TCGA_b139_154_155_SNP_N_GenomeWideSNP_6_E08_808540	3	140560618	192092195	32263	-0.0195
HELVE_p_TCGA_b139_154_155_SNP_N_GenomeWideSNP_6_E08_808540	3	192092210	192093296	2	-1.4924
HELVE_p_TCGA_b139_154_155_SNP_N_GenomeWideSNP_6_E08_808540	3	192093489	192873807	540	-0.0362
HELVE_p_TCGA_b139_154_155_SNP_N_GenomeWideSNP_6_E08_808540	3	192874747	192882757	17	0.5471
HELVE_p_TCGA_b139_154_155_SNP_N_GenomeWideSNP_6_E08_808540	3	192882772	197896118	2710	-0.0134
HELVE_p_TCGA_b139_154_155_SNP_N_GenomeWideSNP_6_E08_808540	4	12281	66719	58	-0.3216
HELVE_p_TCGA_b139_154_155_SNP_N_GenomeWideSNP_6_E08_808540	4	68821	9456977	5192	0.0603
HELVE_p_TCGA_b139_154_155_SNP_N_GenomeWideSNP_6_E08_808540	4	9461230	9464972	3	1.9121
HELVE_p_TCGA_b139_154_155_SNP_N_GenomeWideSNP_6_E08_808540	4	9470734	10223628	554	0.0251
HELVE_p_TCGA_b139_154_155_SNP_N_GenomeWideSNP_6_E08_808540	4	10223848	10231498	26	-1.4478
HELVE_p_TCGA_b139_154_155_SNP_N_GenomeWideSNP_6_E08_808540	4	10234214	10235268	7	-0.0917
HELVE_p_TCGA_b139_154_155_SNP_N_GenomeWideSNP_6_E08_808540	4	10236142	26288818	11739	0.0949
HELVE_p_TCGA_b139_154_155_SNP_N_GenomeWideSNP_6_E08_808540	4	26291985	26294776	3	-0.9961
HELVE_p_TCGA_b139_154_155_SNP_N_GenomeWideSNP_6_E08_808540	4	26295174	34779054	5249	0.0724
HELVE_p_TCGA_b139_154_155_SNP_N_GenomeWideSNP_6_E08_808540	4	34786500	34824725	38	0.5578
HELVE_p_TCGA_b139_154_155_SNP_N_GenomeWideSNP_6_E08_808540	4	34829872	49297220	8986	0.0895
HELVE_p_TCGA_b139_154_155_SNP_N_GenomeWideSNP_6_E08_808540	4	49297235	49658612	21	-0.3527
HELVE_p_TCGA_b139_154_155_SNP_N_GenomeWideSNP_6_E08_808540	4	52685699	55501728	1832	0.0889
HELVE_p_TCGA_b139_154_155_SNP_N_GenomeWideSNP_6_E08_808540	4	55501921	55505360	2	1.5798
HELVE_p_TCGA_b139_154_155_SNP_N_GenomeWideSNP_6_E08_808540	4	55505933	56580147	810	0.0725
HELVE_p_TCGA_b139_154_155_SNP_N_GenomeWideSNP_6_E08_808540	4	56580181	69323519	7828	0.3645
HELVE_p_TCGA_b139_154_155_SNP_N_GenomeWideSNP_6_E08_808540	4	69325183	69485979	75	0.8077
HELVE_p_TCGA_b139_154_155_SNP_N_GenomeWideSNP_6_E08_808540	4	69489335	70389716	494	0.4201
HELVE_p_TCGA_b139_154_155_SNP_N_GenomeWideSNP_6_E08_808540	4	70389861	70390779	2	-2.065
HELVE_p_TCGA_b139_154_155_SNP_N_GenomeWideSNP_6_E08_808540	4	70391888	75686605	3121	0.3811
HELVE_p_TCGA_b139_154_155_SNP_N_GenomeWideSNP_6_E08_808540	4	75687143	104744735	17795	-0.2977
HELVE_p_TCGA_b139_154_155_SNP_N_GenomeWideSNP_6_E08_808540	4	104745071	104751637	8	0.6042
HELVE_p_TCGA_b139_154_155_SNP_N_GenomeWideSNP_6_E08_808540	4	104751644	108066269	1867	-0.2856
HELVE_p_TCGA_b139_154_155_SNP_N_GenomeWideSNP_6_E08_808540	4	108066372	108076519	31	0.0619
HELVE_p_TCGA_b139_154_155_SNP_N_GenomeWideSNP_6_E08_808540	4	108076533	115184229	4438	-0.3066
HELVE_p_TCGA_b139_154_155_SNP_N_GenomeWideSNP_6_E08_808540	4	115184252	115184266	2	1.2161
HELVE_p_TCGA_b139_154_155_SNP_N_GenomeWideSNP_6_E08_808540	4	115184310	123500669	4972	-0.2901
HELVE_p_TCGA_b139_154_155_SNP_N_GenomeWideSNP_6_E08_808540	4	123501187	123501663	2	-3.1241
HELVE_p_TCGA_b139_154_155_SNP_N_GenomeWideSNP_6_E08_808540	4	123501702	161041304	22415	-0.2956
HELVE_p_TCGA_b139_154_155_SNP_N_GenomeWideSNP_6_E08_808540	4	161052774	161070789	40	-1.3388
HELVE_p_TCGA_b139_154_155_SNP_N_GenomeWideSNP_6_E08_808540	4	161083870	172989148	7692	-0.3015
HELVE_p_TCGA_b139_154_155_SNP_N_GenomeWideSNP_6_E08_808540	4	172989166	172989533	11	0.7882
HELVE_p_TCGA_b139_154_155_SNP_N_GenomeWideSNP_6_E08_808540	4	172995979	191027923	12108	-0.311
HELVE_p_TCGA_b139_154_155_SNP_N_GenomeWideSNP_6_E08_808540	5	15532	685748	307	-0.1583
HELVE_p_TCGA_b139_154_155_SNP_N_GenomeWideSNP_6_E08_808540	5	698371	809806	43	0.3612
HELVE_p_TCGA_b139_154_155_SNP_N_GenomeWideSNP_6_E08_808540	5	817850	7504111	5632	-0.1394
HELVE_p_TCGA_b139_154_155_SNP_N_GenomeWideSNP_6_E08_808540	5	7509867	7510391	2	-2.1758
HELVE_p_TCGA_b139_154_155_SNP_N_GenomeWideSNP_6_E08_808540	5	7512421	12819313	4233	-0.1171
HELVE_p_TCGA_b139_154_155_SNP_N_GenomeWideSNP_6_E08_808540	5	12819375	12838533	11	-1.0652
HELVE_p_TCGA_b139_154_155_SNP_N_GenomeWideSNP_6_E08_808540	5	12849201	35446528	14312	-0.104
HELVE_p_TCGA_b139_154_155_SNP_N_GenomeWideSNP_6_E08_808540	5	35451872	35459182	11	-1.0727
HELVE_p_TCGA_b139_154_155_SNP_N_GenomeWideSNP_6_E08_808540	5	35459649	46271108	6239	-0.0971
HELVE_p_TCGA_b139_154_155_SNP_N_GenomeWideSNP_6_E08_808540	5	46271930	46273502	6	-1.2239
HELVE_p_TCGA_b139_154_155_SNP_N_GenomeWideSNP_6_E08_808540	5	46278212	57321646	5078	-0.1281
HELVE_p_TCGA_b139_154_155_SNP_N_GenomeWideSNP_6_E08_808540	5	57326027	57333533	32	0.3239
HELVE_p_TCGA_b139_154_155_SNP_N_GenomeWideSNP_6_E08_808540	5	57338357	71498919	7888	-0.1307
HELVE_p_TCGA_b139_154_155_SNP_N_GenomeWideSNP_6_E08_808540	5	71501171	106230234	20400	0.1147
HELVE_p_TCGA_b139_154_155_SNP_N_GenomeWideSNP_6_E08_808540	5	106230898	106240576	15	-0.4225
HELVE_p_TCGA_b139_154_155_SNP_N_GenomeWideSNP_6_E08_808540	5	106255758	140218722	21809	0.0673
HELVE_p_TCGA_b139_154_155_SNP_N_GenomeWideSNP_6_E08_808540	5	140223836	140243756	12	-0.947
HELVE_p_TCGA_b139_154_155_SNP_N_GenomeWideSNP_6_E08_808540	5	140252163	154128376	9309	0.0775
HELVE_p_TCGA_b139_154_155_SNP_N_GenomeWideSNP_6_E08_808540	5	154129353	166650318	8375	0.3564
HELVE_p_TCGA_b139_154_155_SNP_N_GenomeWideSNP_6_E08_808540	5	166659133	166659828	2	-1.4622
HELVE_p_TCGA_b139_154_155_SNP_N_GenomeWideSNP_6_E08_808540	5	166662590	180378888	9191	0.3524
HELVE_p_TCGA_b139_154_155_SNP_N_GenomeWideSNP_6_E08_808540	5	180380203	180418103	17	0.9911
HELVE_p_TCGA_b139_154_155_SNP_N_GenomeWideSNP_6_E08_808540	5	180433225	180790320	171	0.3247
HELVE_p_TCGA_b139_154_155_SNP_N_GenomeWideSNP_6_E08_808540	6	149661	26739008	20276	-0.3017
HELVE_p_TCGA_b139_154_155_SNP_N_GenomeWideSNP_6_E08_808540	6	26739025	26758030	10	-0.9834
HELVE_p_TCGA_b139_154_155_SNP_N_GenomeWideSNP_6_E08_808540	6	26762387	28195509	698	-0.3296
HELVE_p_TCGA_b139_154_155_SNP_N_GenomeWideSNP_6_E08_808540	6	28198438	30529622	1077	-0.0138
HELVE_p_TCGA_b139_154_155_SNP_N_GenomeWideSNP_6_E08_808540	6	30541852	31280823	361	0.3266
HELVE_p_TCGA_b139_154_155_SNP_N_GenomeWideSNP_6_E08_808540	6	31286276	31295953	8	1.9605
HELVE_p_TCGA_b139_154_155_SNP_N_GenomeWideSNP_6_E08_808540	6	31295987	32449523	510	0.3945
HELVE_p_TCGA_b139_154_155_SNP_N_GenomeWideSNP_6_E08_808540	6	32452801	32626618	69	-0.0155
HELVE_p_TCGA_b139_154_155_SNP_N_GenomeWideSNP_6_E08_808540	6	32650612	32688615	38	0.3695
HELVE_p_TCGA_b139_154_155_SNP_N_GenomeWideSNP_6_E08_808540	6	32688632	32688853	2	-1.0588
HELVE_p_TCGA_b139_154_155_SNP_N_GenomeWideSNP_6_E08_808540	6	32689324	46077006	8529	0.3093
HELVE_p_TCGA_b139_154_155_SNP_N_GenomeWideSNP_6_E08_808540	6	46077676	77014948	17171	-0.0409
HELVE_p_TCGA_b139_154_155_SNP_N_GenomeWideSNP_6_E08_808540	6	77016900	77016926	3	2.0393
HELVE_p_TCGA_b139_154_155_SNP_N_GenomeWideSNP_6_E08_808540	6	77016993	77436532	296	-0.0277
HELVE_p_TCGA_b139_154_155_SNP_N_GenomeWideSNP_6_E08_808540	6	77439868	77467931	23	-0.5549
HELVE_p_TCGA_b139_154_155_SNP_N_GenomeWideSNP_6_E08_808540	6	77468466	78962889	978	-0.051
HELVE_p_TCGA_b139_154_155_SNP_N_GenomeWideSNP_6_E08_808540	6	78969065	79032592	108	-0.5994
HELVE_p_TCGA_b139_154_155_SNP_N_GenomeWideSNP_6_E08_808540	6	79034940	94575069	9974	-0.0398
HELVE_p_TCGA_b139_154_155_SNP_N_GenomeWideSNP_6_E08_808540	6	94581789	94589929	11	-0.9055
HELVE_p_TCGA_b139_154_155_SNP_N_GenomeWideSNP_6_E08_808540	6	94592955	103734825	5499	-0.0509
HELVE_p_TCGA_b139_154_155_SNP_N_GenomeWideSNP_6_E08_808540	6	103734829	103751564	21	0.5195
HELVE_p_TCGA_b139_154_155_SNP_N_GenomeWideSNP_6_E08_808540	6	103751877	171051005	44264	-0.0457
HELVE_p_TCGA_b139_154_155_SNP_N_GenomeWideSNP_6_E08_808540	7	43355	16650427	11405	0.1045
HELVE_p_TCGA_b139_154_155_SNP_N_GenomeWideSNP_6_E08_808540	7	16651763	16751242	90	0.3872
HELVE_p_TCGA_b139_154_155_SNP_N_GenomeWideSNP_6_E08_808540	7	16764957	21170478	3582	0.0489
HELVE_p_TCGA_b139_154_155_SNP_N_GenomeWideSNP_6_E08_808540	7	21172745	21173828	5	-0.9455
HELVE_p_TCGA_b139_154_155_SNP_N_GenomeWideSNP_6_E08_808540	7	21173843	24035127	2099	0.0253
HELVE_p_TCGA_b139_154_155_SNP_N_GenomeWideSNP_6_E08_808540	7	24039878	24040383	2	1.3722
HELVE_p_TCGA_b139_154_155_SNP_N_GenomeWideSNP_6_E08_808540	7	24040817	28969439	3646	0.0453
HELVE_p_TCGA_b139_154_155_SNP_N_GenomeWideSNP_6_E08_808540	7	28969513	28978986	16	-0.8438
HELVE_p_TCGA_b139_154_155_SNP_N_GenomeWideSNP_6_E08_808540	7	28982284	38608659	6903	0.0388
HELVE_p_TCGA_b139_154_155_SNP_N_GenomeWideSNP_6_E08_808540	7	38615619	38626127	18	0.7001
HELVE_p_TCGA_b139_154_155_SNP_N_GenomeWideSNP_6_E08_808540	7	38630433	44081094	3569	0.0303
HELVE_p_TCGA_b139_154_155_SNP_N_GenomeWideSNP_6_E08_808540	7	44082242	44150012	31	0.649
HELVE_p_TCGA_b139_154_155_SNP_N_GenomeWideSNP_6_E08_808540	7	44159138	50118921	3988	0.0271
HELVE_p_TCGA_b139_154_155_SNP_N_GenomeWideSNP_6_E08_808540	7	50119502	53393002	2512	0.6485
HELVE_p_TCGA_b139_154_155_SNP_N_GenomeWideSNP_6_E08_808540	7	53393019	54380373	702	0.3629
HELVE_p_TCGA_b139_154_155_SNP_N_GenomeWideSNP_6_E08_808540	7	54386505	54386517	6	-1.6801
HELVE_p_TCGA_b139_154_155_SNP_N_GenomeWideSNP_6_E08_808540	7	54393488	54682008	200	0.3564
HELVE_p_TCGA_b139_154_155_SNP_N_GenomeWideSNP_6_E08_808540	7	54684099	55476422	751	0.644
HELVE_p_TCGA_b139_154_155_SNP_N_GenomeWideSNP_6_E08_808540	7	55479001	56110479	319	0.4006
HELVE_p_TCGA_b139_154_155_SNP_N_GenomeWideSNP_6_E08_808540	7	56113064	65251490	2129	-0.0307
HELVE_p_TCGA_b139_154_155_SNP_N_GenomeWideSNP_6_E08_808540	7	65259816	65347890	31	0.647
HELVE_p_TCGA_b139_154_155_SNP_N_GenomeWideSNP_6_E08_808540	7	65349694	65503845	65	0.0493
HELVE_p_TCGA_b139_154_155_SNP_N_GenomeWideSNP_6_E08_808540	7	65509258	65586653	22	0.4839
HELVE_p_TCGA_b139_154_155_SNP_N_GenomeWideSNP_6_E08_808540	7	65586956	65796775	89	-0.0087
HELVE_p_TCGA_b139_154_155_SNP_N_GenomeWideSNP_6_E08_808540	7	65797201	66065222	87	0.5722
HELVE_p_TCGA_b139_154_155_SNP_N_GenomeWideSNP_6_E08_808540	7	66069167	70420438	2602	0.0137
HELVE_p_TCGA_b139_154_155_SNP_N_GenomeWideSNP_6_E08_808540	7	70423250	70426141	2	-1.9754
HELVE_p_TCGA_b139_154_155_SNP_N_GenomeWideSNP_6_E08_808540	7	70428243	72996348	1320	-0.0032
HELVE_p_TCGA_b139_154_155_SNP_N_GenomeWideSNP_6_E08_808540	7	72997097	73093119	29	0.5689
HELVE_p_TCGA_b139_154_155_SNP_N_GenomeWideSNP_6_E08_808540	7	73094699	73186630	23	-0.0381
HELVE_p_TCGA_b139_154_155_SNP_N_GenomeWideSNP_6_E08_808540	7	73187651	73390443	76	0.5767
HELVE_p_TCGA_b139_154_155_SNP_N_GenomeWideSNP_6_E08_808540	7	73403797	75709249	596	-0.0029
HELVE_p_TCGA_b139_154_155_SNP_N_GenomeWideSNP_6_E08_808540	7	75711742	76441177	294	0.4021
HELVE_p_TCGA_b139_154_155_SNP_N_GenomeWideSNP_6_E08_808540	7	76441193	76496578	51	0.7565
HELVE_p_TCGA_b139_154_155_SNP_N_GenomeWideSNP_6_E08_808540	7	76497164	76574201	65	0.4773
HELVE_p_TCGA_b139_154_155_SNP_N_GenomeWideSNP_6_E08_808540	7	76596904	78562427	1325	0.0341
HELVE_p_TCGA_b139_154_155_SNP_N_GenomeWideSNP_6_E08_808540	7	78570149	79553137	682	0.3898
HELVE_p_TCGA_b139_154_155_SNP_N_GenomeWideSNP_6_E08_808540	7	79553346	80333288	546	0.0406
HELVE_p_TCGA_b139_154_155_SNP_N_GenomeWideSNP_6_E08_808540	7	80335387	80340278	3	1.2487
HELVE_p_TCGA_b139_154_155_SNP_N_GenomeWideSNP_6_E08_808540	7	80340622	88501656	5152	0.0364
HELVE_p_TCGA_b139_154_155_SNP_N_GenomeWideSNP_6_E08_808540	7	88511233	89886317	904	0.6442
HELVE_p_TCGA_b139_154_155_SNP_N_GenomeWideSNP_6_E08_808540	7	89895714	90287504	250	0.0345
HELVE_p_TCGA_b139_154_155_SNP_N_GenomeWideSNP_6_E08_808540	7	90290392	91208142	685	0.3699
HELVE_p_TCGA_b139_154_155_SNP_N_GenomeWideSNP_6_E08_808540	7	91218884	91219132	3	-1.2366
HELVE_p_TCGA_b139_154_155_SNP_N_GenomeWideSNP_6_E08_808540	7	91225032	92096679	467	0.3743
HELVE_p_TCGA_b139_154_155_SNP_N_GenomeWideSNP_6_E08_808540	7	92104676	98282950	3833	0.0258
HELVE_p_TCGA_b139_154_155_SNP_N_GenomeWideSNP_6_E08_808540	7	98288472	99113505	425	0.6451
HELVE_p_TCGA_b139_154_155_SNP_N_GenomeWideSNP_6_E08_808540	7	99114989	99602191	230	0.3967
HELVE_p_TCGA_b139_154_155_SNP_N_GenomeWideSNP_6_E08_808540	7	99605588	99680676	33	-0.0529
HELVE_p_TCGA_b139_154_155_SNP_N_GenomeWideSNP_6_E08_808540	7	99683568	99763209	30	0.5825
HELVE_p_TCGA_b139_154_155_SNP_N_GenomeWideSNP_6_E08_808540	7	99770820	100479811	188	-0.0257
HELVE_p_TCGA_b139_154_155_SNP_N_GenomeWideSNP_6_E08_808540	7	100498475	100727141	86	0.538
HELVE_p_TCGA_b139_154_155_SNP_N_GenomeWideSNP_6_E08_808540	7	100736669	104659913	2144	0.041
HELVE_p_TCGA_b139_154_155_SNP_N_GenomeWideSNP_6_E08_808540	7	104676522	104877747	115	0.6707
HELVE_p_TCGA_b139_154_155_SNP_N_GenomeWideSNP_6_E08_808540	7	104877916	106182980	898	0.0326
HELVE_p_TCGA_b139_154_155_SNP_N_GenomeWideSNP_6_E08_808540	7	106185732	106359216	132	0.379
HELVE_p_TCGA_b139_154_155_SNP_N_GenomeWideSNP_6_E08_808540	7	106372176	109433777	1918	0.0441
HELVE_p_TCGA_b139_154_155_SNP_N_GenomeWideSNP_6_E08_808540	7	109433785	109437101	10	-1.1345
HELVE_p_TCGA_b139_154_155_SNP_N_GenomeWideSNP_6_E08_808540	7	109437669	109441212	16	-0.1961
HELVE_p_TCGA_b139_154_155_SNP_N_GenomeWideSNP_6_E08_808540	7	109441244	109453910	11	-1.7002
HELVE_p_TCGA_b139_154_155_SNP_N_GenomeWideSNP_6_E08_808540	7	109453982	126044974	10033	0.0318
HELVE_p_TCGA_b139_154_155_SNP_N_GenomeWideSNP_6_E08_808540	7	126045482	126046615	12	0.9288
HELVE_p_TCGA_b139_154_155_SNP_N_GenomeWideSNP_6_E08_808540	7	126046876	128730535	1656	0.0177
HELVE_p_TCGA_b139_154_155_SNP_N_GenomeWideSNP_6_E08_808540	7	128732013	130599534	862	0.6376
HELVE_p_TCGA_b139_154_155_SNP_N_GenomeWideSNP_6_E08_808540	7	130599864	136576350	4135	0.02
HELVE_p_TCGA_b139_154_155_SNP_N_GenomeWideSNP_6_E08_808540	7	136577349	136915362	251	0.6436
HELVE_p_TCGA_b139_154_155_SNP_N_GenomeWideSNP_6_E08_808540	7	136915408	137021758	94	-0.0167
HELVE_p_TCGA_b139_154_155_SNP_N_GenomeWideSNP_6_E08_808540	7	137027129	138572139	977	0.3873
HELVE_p_TCGA_b139_154_155_SNP_N_GenomeWideSNP_6_E08_808540	7	138573097	139114803	285	0.0547
HELVE_p_TCGA_b139_154_155_SNP_N_GenomeWideSNP_6_E08_808540	7	139115271	139523858	210	0.3991
HELVE_p_TCGA_b139_154_155_SNP_N_GenomeWideSNP_6_E08_808540	7	139524371	139969969	251	-0.0019
HELVE_p_TCGA_b139_154_155_SNP_N_GenomeWideSNP_6_E08_808540	7	139972550	140212391	154	0.4112
HELVE_p_TCGA_b139_154_155_SNP_N_GenomeWideSNP_6_E08_808540	7	140212419	142936324	1878	0.0474
HELVE_p_TCGA_b139_154_155_SNP_N_GenomeWideSNP_6_E08_808540	7	142940309	143226899	182	0.3799
HELVE_p_TCGA_b139_154_155_SNP_N_GenomeWideSNP_6_E08_808540	7	143227096	155317514	7680	0.0194
HELVE_p_TCGA_b139_154_155_SNP_N_GenomeWideSNP_6_E08_808540	7	155320447	155464029	96	0.6642
HELVE_p_TCGA_b139_154_155_SNP_N_GenomeWideSNP_6_E08_808540	7	155465863	155469636	3	2.1915
HELVE_p_TCGA_b139_154_155_SNP_N_GenomeWideSNP_6_E08_808540	7	155475736	155660998	129	0.6585
HELVE_p_TCGA_b139_154_155_SNP_N_GenomeWideSNP_6_E08_808540	7	155662910	159127004	2196	0.0199
HELVE_p_TCGA_b139_154_155_SNP_N_GenomeWideSNP_6_E08_808540	8	31254	24974522	21832	-0.3704
HELVE_p_TCGA_b139_154_155_SNP_N_GenomeWideSNP_6_E08_808540	8	24974577	24984250	23	-0.9425
HELVE_p_TCGA_b139_154_155_SNP_N_GenomeWideSNP_6_E08_808540	8	24984333	39230659	9028	-0.3414
HELVE_p_TCGA_b139_154_155_SNP_N_GenomeWideSNP_6_E08_808540	8	39235603	39385194	58	0.3107
HELVE_p_TCGA_b139_154_155_SNP_N_GenomeWideSNP_6_E08_808540	8	39386965	42957634	2354	-0.2855
HELVE_p_TCGA_b139_154_155_SNP_N_GenomeWideSNP_6_E08_808540	8	42959954	43312796	138	0.761
HELVE_p_TCGA_b139_154_155_SNP_N_GenomeWideSNP_6_E08_808540	8	43315188	51032011	2103	0.3769
HELVE_p_TCGA_b139_154_155_SNP_N_GenomeWideSNP_6_E08_808540	8	51032024	51033423	8	-0.4195
HELVE_p_TCGA_b139_154_155_SNP_N_GenomeWideSNP_6_E08_808540	8	51038578	68547669	10947	0.315
HELVE_p_TCGA_b139_154_155_SNP_N_GenomeWideSNP_6_E08_808540	8	68548132	68548400	6	-0.4882
HELVE_p_TCGA_b139_154_155_SNP_N_GenomeWideSNP_6_E08_808540	8	68548491	112294466	26498	0.3069
HELVE_p_TCGA_b139_154_155_SNP_N_GenomeWideSNP_6_E08_808540	8	112294646	112295260	7	1.0819
HELVE_p_TCGA_b139_154_155_SNP_N_GenomeWideSNP_6_E08_808540	8	112300281	115634653	1831	0.2976
HELVE_p_TCGA_b139_154_155_SNP_N_GenomeWideSNP_6_E08_808540	8	115634667	115641689	31	-1.4155
HELVE_p_TCGA_b139_154_155_SNP_N_GenomeWideSNP_6_E08_808540	8	115641731	146298155	21070	0.3055
HELVE_p_TCGA_b139_154_155_SNP_N_GenomeWideSNP_6_E08_808540	9	46587	203310	25	-0.2611
HELVE_p_TCGA_b139_154_155_SNP_N_GenomeWideSNP_6_E08_808540	9	208366	297878	131	0.0569
HELVE_p_TCGA_b139_154_155_SNP_N_GenomeWideSNP_6_E08_808540	9	302226	303396	4	-1.5329
HELVE_p_TCGA_b139_154_155_SNP_N_GenomeWideSNP_6_E08_808540	9	303639	2145512	2163	-0.0317
HELVE_p_TCGA_b139_154_155_SNP_N_GenomeWideSNP_6_E08_808540	9	2147099	2150662	7	-0.9206
HELVE_p_TCGA_b139_154_155_SNP_N_GenomeWideSNP_6_E08_808540	9	2152115	6994399	4298	-0.0244
HELVE_p_TCGA_b139_154_155_SNP_N_GenomeWideSNP_6_E08_808540	9	6994513	6994542	2	1.8898
HELVE_p_TCGA_b139_154_155_SNP_N_GenomeWideSNP_6_E08_808540	9	6994684	25499580	15375	-0.0302
HELVE_p_TCGA_b139_154_155_SNP_N_GenomeWideSNP_6_E08_808540	9	25500058	25500381	5	-1.0771
HELVE_p_TCGA_b139_154_155_SNP_N_GenomeWideSNP_6_E08_808540	9	25508135	118856520	44138	-0.0716
HELVE_p_TCGA_b139_154_155_SNP_N_GenomeWideSNP_6_E08_808540	9	118856767	118862100	6	1.0025
HELVE_p_TCGA_b139_154_155_SNP_N_GenomeWideSNP_6_E08_808540	9	118862695	141091394	13754	-0.09
HELVE_p_TCGA_b139_154_155_SNP_N_GenomeWideSNP_6_E08_808540	10	72759	18083562	14888	-0.0516
HELVE_p_TCGA_b139_154_155_SNP_N_GenomeWideSNP_6_E08_808540	10	18106443	18199813	10	-0.9765
HELVE_p_TCGA_b139_154_155_SNP_N_GenomeWideSNP_6_E08_808540	10	18223647	24375263	4339	-0.0452
HELVE_p_TCGA_b139_154_155_SNP_N_GenomeWideSNP_6_E08_808540	10	24377674	24377918	8	-1.5148
HELVE_p_TCGA_b139_154_155_SNP_N_GenomeWideSNP_6_E08_808540	10	24377920	47047599	12407	-0.0586
HELVE_p_TCGA_b139_154_155_SNP_N_GenomeWideSNP_6_E08_808540	10	47055654	47059673	18	0.4864
HELVE_p_TCGA_b139_154_155_SNP_N_GenomeWideSNP_6_E08_808540	10	47059746	53386476	3137	-0.0666
HELVE_p_TCGA_b139_154_155_SNP_N_GenomeWideSNP_6_E08_808540	10	53389966	53404881	15	-0.7764
HELVE_p_TCGA_b139_154_155_SNP_N_GenomeWideSNP_6_E08_808540	10	53414819	56680277	2540	-0.0517
HELVE_p_TCGA_b139_154_155_SNP_N_GenomeWideSNP_6_E08_808540	10	56683090	56684037	2	-2.3342
HELVE_p_TCGA_b139_154_155_SNP_N_GenomeWideSNP_6_E08_808540	10	56687294	116931494	40186	-0.0432
HELVE_p_TCGA_b139_154_155_SNP_N_GenomeWideSNP_6_E08_808540	10	116935048	117105847	87	-0.5182
HELVE_p_TCGA_b139_154_155_SNP_N_GenomeWideSNP_6_E08_808540	10	117107382	135506704	13431	-0.0482
HELVE_p_TCGA_b139_154_155_SNP_N_GenomeWideSNP_6_E08_808540	11	198510	55376023	34650	0.15
HELVE_p_TCGA_b139_154_155_SNP_N_GenomeWideSNP_6_E08_808540	11	55376236	55453009	54	-1.3466
HELVE_p_TCGA_b139_154_155_SNP_N_GenomeWideSNP_6_E08_808540	11	55453576	71467755	8373	0.0627
HELVE_p_TCGA_b139_154_155_SNP_N_GenomeWideSNP_6_E08_808540	11	71477580	71482054	5	-1.0579
HELVE_p_TCGA_b139_154_155_SNP_N_GenomeWideSNP_6_E08_808540	11	71513455	79365420	4483	0.0591
HELVE_p_TCGA_b139_154_155_SNP_N_GenomeWideSNP_6_E08_808540	11	79365550	79366023	2	1.2168
HELVE_p_TCGA_b139_154_155_SNP_N_GenomeWideSNP_6_E08_808540	11	79368682	79966832	429	0.0442
HELVE_p_TCGA_b139_154_155_SNP_N_GenomeWideSNP_6_E08_808540	11	79967182	79967513	4	0.6215
HELVE_p_TCGA_b139_154_155_SNP_N_GenomeWideSNP_6_E08_808540	11	79967548	79967564	2	-2.7561
HELVE_p_TCGA_b139_154_155_SNP_N_GenomeWideSNP_6_E08_808540	11	79967686	81505463	1321	0.0649
HELVE_p_TCGA_b139_154_155_SNP_N_GenomeWideSNP_6_E08_808540	11	81506224	81517158	8	-0.714
HELVE_p_TCGA_b139_154_155_SNP_N_GenomeWideSNP_6_E08_808540	11	81522632	91830489	6748	0.0766
HELVE_p_TCGA_b139_154_155_SNP_N_GenomeWideSNP_6_E08_808540	11	91830658	91831043	2	1.7496
HELVE_p_TCGA_b139_154_155_SNP_N_GenomeWideSNP_6_E08_808540	11	91832704	134944770	31029	0.0627
HELVE_p_TCGA_b139_154_155_SNP_N_GenomeWideSNP_6_E08_808540	12	150442	31261698	21479	0.0051
HELVE_p_TCGA_b139_154_155_SNP_N_GenomeWideSNP_6_E08_808540	12	31265057	31407123	92	0.5721
HELVE_p_TCGA_b139_154_155_SNP_N_GenomeWideSNP_6_E08_808540	12	31409879	45904438	6954	-0.0017
HELVE_p_TCGA_b139_154_155_SNP_N_GenomeWideSNP_6_E08_808540	12	45905840	45908740	2	-2.2575
HELVE_p_TCGA_b139_154_155_SNP_N_GenomeWideSNP_6_E08_808540	12	45909537	73201599	16708	2e-04
HELVE_p_TCGA_b139_154_155_SNP_N_GenomeWideSNP_6_E08_808540	12	73206331	73206406	2	-1.6192
HELVE_p_TCGA_b139_154_155_SNP_N_GenomeWideSNP_6_E08_808540	12	73207191	133778189	39825	0.0025
HELVE_p_TCGA_b139_154_155_SNP_N_GenomeWideSNP_6_E08_808540	13	19026949	23629187	2894	0.1686
HELVE_p_TCGA_b139_154_155_SNP_N_GenomeWideSNP_6_E08_808540	13	23629210	23633515	13	-1.8688
HELVE_p_TCGA_b139_154_155_SNP_N_GenomeWideSNP_6_E08_808540	13	23638195	115108397	61370	0.1606
HELVE_p_TCGA_b139_154_155_SNP_N_GenomeWideSNP_6_E08_808540	14	19002124	19382209	24	-0.2022
HELVE_p_TCGA_b139_154_155_SNP_N_GenomeWideSNP_6_E08_808540	14	19382344	20157843	57	0.4122
HELVE_p_TCGA_b139_154_155_SNP_N_GenomeWideSNP_6_E08_808540	14	20200183	20423372	109	0.8428
HELVE_p_TCGA_b139_154_155_SNP_N_GenomeWideSNP_6_E08_808540	14	20424926	106569463	54973	0.0336
HELVE_p_TCGA_b139_154_155_SNP_N_GenomeWideSNP_6_E08_808540	14	106574118	106740774	78	-0.6692
HELVE_p_TCGA_b139_154_155_SNP_N_GenomeWideSNP_6_E08_808540	14	106746725	106753867	8	0.3844
HELVE_p_TCGA_b139_154_155_SNP_N_GenomeWideSNP_6_E08_808540	14	106754003	106770857	12	-0.5864
HELVE_p_TCGA_b139_154_155_SNP_N_GenomeWideSNP_6_E08_808540	14	106776973	106872062	42	0.0787
HELVE_p_TCGA_b139_154_155_SNP_N_GenomeWideSNP_6_E08_808540	14	106874361	106939788	60	-0.4948
HELVE_p_TCGA_b139_154_155_SNP_N_GenomeWideSNP_6_E08_808540	14	106943522	107285437	216	0.0138
HELVE_p_TCGA_b139_154_155_SNP_N_GenomeWideSNP_6_E08_808540	15	20016328	20180116	38	-0.2868
HELVE_p_TCGA_b139_154_155_SNP_N_GenomeWideSNP_6_E08_808540	15	20180945	22363231	294	-0.9468
HELVE_p_TCGA_b139_154_155_SNP_N_GenomeWideSNP_6_E08_808540	15	22373070	22376383	3	-2.8641
HELVE_p_TCGA_b139_154_155_SNP_N_GenomeWideSNP_6_E08_808540	15	22380873	22673399	83	-0.9685
HELVE_p_TCGA_b139_154_155_SNP_N_GenomeWideSNP_6_E08_808540	15	22681076	102469040	51606	-0.2471
HELVE_p_TCGA_b139_154_155_SNP_N_GenomeWideSNP_6_E08_808540	16	60777	88630667	51754	-0.0239
HELVE_p_TCGA_b139_154_155_SNP_N_GenomeWideSNP_6_E08_808540	16	88637783	88645817	5	0.9758
HELVE_p_TCGA_b139_154_155_SNP_N_GenomeWideSNP_6_E08_808540	16	88646133	90287535	663	-0.0086
HELVE_p_TCGA_b139_154_155_SNP_N_GenomeWideSNP_6_E08_808540	17	526	3495214	1859	0.1102
HELVE_p_TCGA_b139_154_155_SNP_N_GenomeWideSNP_6_E08_808540	17	3498411	16657331	8649	-0.3158
HELVE_p_TCGA_b139_154_155_SNP_N_GenomeWideSNP_6_E08_808540	17	16662914	16741528	14	0.2564
HELVE_p_TCGA_b139_154_155_SNP_N_GenomeWideSNP_6_E08_808540	17	16741784	18358949	921	-0.3349
HELVE_p_TCGA_b139_154_155_SNP_N_GenomeWideSNP_6_E08_808540	17	18361686	18464586	25	-1.4742
HELVE_p_TCGA_b139_154_155_SNP_N_GenomeWideSNP_6_E08_808540	17	18465221	25270517	1551	-0.3239
HELVE_p_TCGA_b139_154_155_SNP_N_GenomeWideSNP_6_E08_808540	17	25270800	78628863	31306	0.1543
HELVE_p_TCGA_b139_154_155_SNP_N_GenomeWideSNP_6_E08_808540	17	78629793	78634179	2	1.7353
HELVE_p_TCGA_b139_154_155_SNP_N_GenomeWideSNP_6_E08_808540	17	78634300	81049726	963	0.1261
HELVE_p_TCGA_b139_154_155_SNP_N_GenomeWideSNP_6_E08_808540	18	11543	28172473	16306	-0.3014
HELVE_p_TCGA_b139_154_155_SNP_N_GenomeWideSNP_6_E08_808540	18	28172558	28175585	3	-1.7343
HELVE_p_TCGA_b139_154_155_SNP_N_GenomeWideSNP_6_E08_808540	18	28176202	38087719	6399	-0.2854
HELVE_p_TCGA_b139_154_155_SNP_N_GenomeWideSNP_6_E08_808540	18	38090584	38091828	3	-1.4596
HELVE_p_TCGA_b139_154_155_SNP_N_GenomeWideSNP_6_E08_808540	18	38092049	38257549	96	-0.346
HELVE_p_TCGA_b139_154_155_SNP_N_GenomeWideSNP_6_E08_808540	18	38257733	38269812	42	0.0918
HELVE_p_TCGA_b139_154_155_SNP_N_GenomeWideSNP_6_E08_808540	18	38270072	63669076	17460	-0.3017
HELVE_p_TCGA_b139_154_155_SNP_N_GenomeWideSNP_6_E08_808540	18	63674947	67915300	3136	0.4877
HELVE_p_TCGA_b139_154_155_SNP_N_GenomeWideSNP_6_E08_808540	18	67923283	74151632	4805	0.1876
HELVE_p_TCGA_b139_154_155_SNP_N_GenomeWideSNP_6_E08_808540	18	74152659	74436738	192	0.4829
HELVE_p_TCGA_b139_154_155_SNP_N_GenomeWideSNP_6_E08_808540	18	74437679	74664313	148	0.1282
HELVE_p_TCGA_b139_154_155_SNP_N_GenomeWideSNP_6_E08_808540	18	74665349	78015057	2200	0.5339
HELVE_p_TCGA_b139_154_155_SNP_N_GenomeWideSNP_6_E08_808540	19	90910	4788427	1280	0.1127
HELVE_p_TCGA_b139_154_155_SNP_N_GenomeWideSNP_6_E08_808540	19	4789484	4789525	2	-2.3877
HELVE_p_TCGA_b139_154_155_SNP_N_GenomeWideSNP_6_E08_808540	19	4795342	35849322	15540	0.1263
HELVE_p_TCGA_b139_154_155_SNP_N_GenomeWideSNP_6_E08_808540	19	35849493	35861848	22	-0.3615
HELVE_p_TCGA_b139_154_155_SNP_N_GenomeWideSNP_6_E08_808540	19	35866744	43282259	3726	0.1253
HELVE_p_TCGA_b139_154_155_SNP_N_GenomeWideSNP_6_E08_808540	19	43282390	43354452	32	0.5869
HELVE_p_TCGA_b139_154_155_SNP_N_GenomeWideSNP_6_E08_808540	19	43362652	56273057	6895	0.1241
HELVE_p_TCGA_b139_154_155_SNP_N_GenomeWideSNP_6_E08_808540	19	56278050	56286293	7	-0.9126
HELVE_p_TCGA_b139_154_155_SNP_N_GenomeWideSNP_6_E08_808540	19	56288941	59097854	1847	0.1229
HELVE_p_TCGA_b139_154_155_SNP_N_GenomeWideSNP_6_E08_808540	20	61305	1567653	1211	0.1477
HELVE_p_TCGA_b139_154_155_SNP_N_GenomeWideSNP_6_E08_808540	20	1567721	1582207	32	-0.105
HELVE_p_TCGA_b139_154_155_SNP_N_GenomeWideSNP_6_E08_808540	20	1590257	1597946	6	-1.3213
HELVE_p_TCGA_b139_154_155_SNP_N_GenomeWideSNP_6_E08_808540	20	1598106	14295592	9617	0.1455
HELVE_p_TCGA_b139_154_155_SNP_N_GenomeWideSNP_6_E08_808540	20	14298613	14520442	119	-0.3252
HELVE_p_TCGA_b139_154_155_SNP_N_GenomeWideSNP_6_E08_808540	20	14523712	14792812	197	0.199
HELVE_p_TCGA_b139_154_155_SNP_N_GenomeWideSNP_6_E08_808540	20	14792834	14792838	2	-1.2717
HELVE_p_TCGA_b139_154_155_SNP_N_GenomeWideSNP_6_E08_808540	20	14793415	29420553	8873	0.1496
HELVE_p_TCGA_b139_154_155_SNP_N_GenomeWideSNP_6_E08_808540	20	29428523	62956153	22442	0.6593
HELVE_p_TCGA_b139_154_155_SNP_N_GenomeWideSNP_6_E08_808540	21	10736871	23651134	6458	-0.0789
HELVE_p_TCGA_b139_154_155_SNP_N_GenomeWideSNP_6_E08_808540	21	23655900	23664658	8	-1.8644
HELVE_p_TCGA_b139_154_155_SNP_N_GenomeWideSNP_6_E08_808540	21	23666999	48096957	17924	-0.0801
HELVE_p_TCGA_b139_154_155_SNP_N_GenomeWideSNP_6_E08_808540	22	16052528	16444867	63	0.2432
HELVE_p_TCGA_b139_154_155_SNP_N_GenomeWideSNP_6_E08_808540	22	16444877	18333749	893	-0.0131
HELVE_p_TCGA_b139_154_155_SNP_N_GenomeWideSNP_6_E08_808540	22	18334573	19766782	812	0.2481
HELVE_p_TCGA_b139_154_155_SNP_N_GenomeWideSNP_6_E08_808540	22	19767027	20397856	382	-0.2244
HELVE_p_TCGA_b139_154_155_SNP_N_GenomeWideSNP_6_E08_808540	22	20470610	20499111	4	0.6312
HELVE_p_TCGA_b139_154_155_SNP_N_GenomeWideSNP_6_E08_808540	22	20662706	20958301	159	-0.2549
HELVE_p_TCGA_b139_154_155_SNP_N_GenomeWideSNP_6_E08_808540	22	20959691	22752462	1335	0.1896
HELVE_p_TCGA_b139_154_155_SNP_N_GenomeWideSNP_6_E08_808540	22	22752680	22752880	4	-1.0796
HELVE_p_TCGA_b139_154_155_SNP_N_GenomeWideSNP_6_E08_808540	22	22757321	36725594	10348	0.1067
HELVE_p_TCGA_b139_154_155_SNP_N_GenomeWideSNP_6_E08_808540	22	36727283	51234455	9562	-0.333
HELVE_p_TCGA_b139_154_155_SNP_N_GenomeWideSNP_6_E08_808540	X	168477	155182354	84324	-0.0071
HELVE_p_TCGA_b139_154_155_SNP_N_GenomeWideSNP_6_E08_808540	Y	2650438	4070865	394	-0.9381
HELVE_p_TCGA_b139_154_155_SNP_N_GenomeWideSNP_6_E08_808540	Y	4072726	6308636	566	-1.244
HELVE_p_TCGA_b139_154_155_SNP_N_GenomeWideSNP_6_E08_808540	Y	6312543	15856577	2713	-0.9662
HELVE_p_TCGA_b139_154_155_SNP_N_GenomeWideSNP_6_E08_808540	Y	15861387	59018259	4956	-1.3047
