Sample	Chromosome	Start	End	Num_Probes	Segment_Mean
HELVE_p_TCGA_b139_154_155_SNP_N_GenomeWideSNP_6_D06_808716	1	61735	356542	29	0.1791
HELVE_p_TCGA_b139_154_155_SNP_N_GenomeWideSNP_6_D06_808716	1	404171	1510801	197	-0.3452
HELVE_p_TCGA_b139_154_155_SNP_N_GenomeWideSNP_6_D06_808716	1	1627918	1672603	17	-1.2104
HELVE_p_TCGA_b139_154_155_SNP_N_GenomeWideSNP_6_D06_808716	1	1687587	72750353	42768	-0.468
HELVE_p_TCGA_b139_154_155_SNP_N_GenomeWideSNP_6_D06_808716	1	72756113	72763370	9	-1.6875
HELVE_p_TCGA_b139_154_155_SNP_N_GenomeWideSNP_6_D06_808716	1	72768418	72811148	48	0.9207
HELVE_p_TCGA_b139_154_155_SNP_N_GenomeWideSNP_6_D06_808716	1	72811904	81888456	5781	-0.4622
HELVE_p_TCGA_b139_154_155_SNP_N_GenomeWideSNP_6_D06_808716	1	81888602	81888605	2	1.4638
HELVE_p_TCGA_b139_154_155_SNP_N_GenomeWideSNP_6_D06_808716	1	81888667	106013376	15230	-0.4634
HELVE_p_TCGA_b139_154_155_SNP_N_GenomeWideSNP_6_D06_808716	1	106019205	106022360	16	0.3251
HELVE_p_TCGA_b139_154_155_SNP_N_GenomeWideSNP_6_D06_808716	1	106022375	112690326	4642	-0.4577
HELVE_p_TCGA_b139_154_155_SNP_N_GenomeWideSNP_6_D06_808716	1	112695965	112696615	11	-1.8141
HELVE_p_TCGA_b139_154_155_SNP_N_GenomeWideSNP_6_D06_808716	1	112696787	121355881	5194	-0.46
HELVE_p_TCGA_b139_154_155_SNP_N_GenomeWideSNP_6_D06_808716	1	121436219	145382124	280	0.0443
HELVE_p_TCGA_b139_154_155_SNP_N_GenomeWideSNP_6_D06_808716	1	145390114	148661875	886	0.3981
HELVE_p_TCGA_b139_154_155_SNP_N_GenomeWideSNP_6_D06_808716	1	148662266	149024808	30	-0.2186
HELVE_p_TCGA_b139_154_155_SNP_N_GenomeWideSNP_6_D06_808716	1	149036524	149243072	112	-1.7017
HELVE_p_TCGA_b139_154_155_SNP_N_GenomeWideSNP_6_D06_808716	1	149243241	149739073	82	-0.459
HELVE_p_TCGA_b139_154_155_SNP_N_GenomeWideSNP_6_D06_808716	1	149748542	152759678	1672	0.3498
HELVE_p_TCGA_b139_154_155_SNP_N_GenomeWideSNP_6_D06_808716	1	152761923	152768700	37	-1.2729
HELVE_p_TCGA_b139_154_155_SNP_N_GenomeWideSNP_6_D06_808716	1	152773905	158489601	3256	0.3402
HELVE_p_TCGA_b139_154_155_SNP_N_GenomeWideSNP_6_D06_808716	1	158489633	158489777	5	-0.4686
HELVE_p_TCGA_b139_154_155_SNP_N_GenomeWideSNP_6_D06_808716	1	158494693	158519825	52	0.231
HELVE_p_TCGA_b139_154_155_SNP_N_GenomeWideSNP_6_D06_808716	1	158519929	158526584	8	0.7697
HELVE_p_TCGA_b139_154_155_SNP_N_GenomeWideSNP_6_D06_808716	1	158527371	158959575	365	0.3553
HELVE_p_TCGA_b139_154_155_SNP_N_GenomeWideSNP_6_D06_808716	1	158962039	158962796	2	-3.2319
HELVE_p_TCGA_b139_154_155_SNP_N_GenomeWideSNP_6_D06_808716	1	158966864	169233974	7654	0.3623
HELVE_p_TCGA_b139_154_155_SNP_N_GenomeWideSNP_6_D06_808716	1	169234529	169242401	7	1.2865
HELVE_p_TCGA_b139_154_155_SNP_N_GenomeWideSNP_6_D06_808716	1	169254877	187715854	12223	0.3513
HELVE_p_TCGA_b139_154_155_SNP_N_GenomeWideSNP_6_D06_808716	1	187717560	187721369	2	-1.4735
HELVE_p_TCGA_b139_154_155_SNP_N_GenomeWideSNP_6_D06_808716	1	187724610	196739972	5983	0.3442
HELVE_p_TCGA_b139_154_155_SNP_N_GenomeWideSNP_6_D06_808716	1	196740211	196741117	3	1.3637
HELVE_p_TCGA_b139_154_155_SNP_N_GenomeWideSNP_6_D06_808716	1	196741281	196789082	41	0.3495
HELVE_p_TCGA_b139_154_155_SNP_N_GenomeWideSNP_6_D06_808716	1	196789228	196812530	41	-0.0974
HELVE_p_TCGA_b139_154_155_SNP_N_GenomeWideSNP_6_D06_808716	1	196815791	196905159	65	-0.574
HELVE_p_TCGA_b139_154_155_SNP_N_GenomeWideSNP_6_D06_808716	1	196909645	241662139	30957	0.3491
HELVE_p_TCGA_b139_154_155_SNP_N_GenomeWideSNP_6_D06_808716	1	241667202	242060269	327	-0.0433
HELVE_p_TCGA_b139_154_155_SNP_N_GenomeWideSNP_6_D06_808716	1	242062845	246651547	3150	0.32
HELVE_p_TCGA_b139_154_155_SNP_N_GenomeWideSNP_6_D06_808716	1	246657566	246739615	52	-0.0353
HELVE_p_TCGA_b139_154_155_SNP_N_GenomeWideSNP_6_D06_808716	1	246740096	248163188	919	0.331
HELVE_p_TCGA_b139_154_155_SNP_N_GenomeWideSNP_6_D06_808716	1	248165702	248171576	2	-2.403
HELVE_p_TCGA_b139_154_155_SNP_N_GenomeWideSNP_6_D06_808716	1	248173453	248737447	294	0.4185
HELVE_p_TCGA_b139_154_155_SNP_N_GenomeWideSNP_6_D06_808716	1	248749194	248809109	37	-0.3906
HELVE_p_TCGA_b139_154_155_SNP_N_GenomeWideSNP_6_D06_808716	1	248809369	249224388	141	0.3416
HELVE_p_TCGA_b139_154_155_SNP_N_GenomeWideSNP_6_D06_808716	2	12784	4205687	2990	0.0058
HELVE_p_TCGA_b139_154_155_SNP_N_GenomeWideSNP_6_D06_808716	2	4213864	4223167	36	-0.4075
HELVE_p_TCGA_b139_154_155_SNP_N_GenomeWideSNP_6_D06_808716	2	4223512	34691069	21083	0.0207
HELVE_p_TCGA_b139_154_155_SNP_N_GenomeWideSNP_6_D06_808716	2	34699315	34737163	47	0.5833
HELVE_p_TCGA_b139_154_155_SNP_N_GenomeWideSNP_6_D06_808716	2	34737556	52741737	13040	0.0296
HELVE_p_TCGA_b139_154_155_SNP_N_GenomeWideSNP_6_D06_808716	2	52743925	52781542	41	0.4913
HELVE_p_TCGA_b139_154_155_SNP_N_GenomeWideSNP_6_D06_808716	2	52787949	87128201	22001	0.0237
HELVE_p_TCGA_b139_154_155_SNP_N_GenomeWideSNP_6_D06_808716	2	87129203	87137385	2	-1.7035
HELVE_p_TCGA_b139_154_155_SNP_N_GenomeWideSNP_6_D06_808716	2	87161853	89596312	869	0.0188
HELVE_p_TCGA_b139_154_155_SNP_N_GenomeWideSNP_6_D06_808716	2	89603924	91790449	208	-0.5944
HELVE_p_TCGA_b139_154_155_SNP_N_GenomeWideSNP_6_D06_808716	2	91790700	110462496	8702	0.0242
HELVE_p_TCGA_b139_154_155_SNP_N_GenomeWideSNP_6_D06_808716	2	110467473	110477250	2	1.5162
HELVE_p_TCGA_b139_154_155_SNP_N_GenomeWideSNP_6_D06_808716	2	110501512	127852021	10303	0.0247
HELVE_p_TCGA_b139_154_155_SNP_N_GenomeWideSNP_6_D06_808716	2	127857763	127857946	2	1.6511
HELVE_p_TCGA_b139_154_155_SNP_N_GenomeWideSNP_6_D06_808716	2	127858646	129638478	1031	0.0296
HELVE_p_TCGA_b139_154_155_SNP_N_GenomeWideSNP_6_D06_808716	2	129638502	129640297	13	-0.5001
HELVE_p_TCGA_b139_154_155_SNP_N_GenomeWideSNP_6_D06_808716	2	129640315	225897363	58908	0.0248
HELVE_p_TCGA_b139_154_155_SNP_N_GenomeWideSNP_6_D06_808716	2	225899032	243046394	10728	0.3636
HELVE_p_TCGA_b139_154_155_SNP_N_GenomeWideSNP_6_D06_808716	2	243046560	243089456	12	0.1485
HELVE_p_TCGA_b139_154_155_SNP_N_GenomeWideSNP_6_D06_808716	3	60345	6646543	5841	0.0274
HELVE_p_TCGA_b139_154_155_SNP_N_GenomeWideSNP_6_D06_808716	3	6651128	6653332	23	-0.5947
HELVE_p_TCGA_b139_154_155_SNP_N_GenomeWideSNP_6_D06_808716	3	6655078	20307790	9437	0.0368
HELVE_p_TCGA_b139_154_155_SNP_N_GenomeWideSNP_6_D06_808716	3	20313125	20316083	3	-1.1585
HELVE_p_TCGA_b139_154_155_SNP_N_GenomeWideSNP_6_D06_808716	3	20328081	26613201	4766	0.0198
HELVE_p_TCGA_b139_154_155_SNP_N_GenomeWideSNP_6_D06_808716	3	26614974	26614984	7	-0.8203
HELVE_p_TCGA_b139_154_155_SNP_N_GenomeWideSNP_6_D06_808716	3	26614985	65185849	25301	0.042
HELVE_p_TCGA_b139_154_155_SNP_N_GenomeWideSNP_6_D06_808716	3	65188453	65210452	54	-0.5411
HELVE_p_TCGA_b139_154_155_SNP_N_GenomeWideSNP_6_D06_808716	3	65216349	68746164	2422	0.044
HELVE_p_TCGA_b139_154_155_SNP_N_GenomeWideSNP_6_D06_808716	3	68746259	68747413	14	1.2534
HELVE_p_TCGA_b139_154_155_SNP_N_GenomeWideSNP_6_D06_808716	3	68748758	129766586	34732	0.0326
HELVE_p_TCGA_b139_154_155_SNP_N_GenomeWideSNP_6_D06_808716	3	129775858	129806236	50	0.5229
HELVE_p_TCGA_b139_154_155_SNP_N_GenomeWideSNP_6_D06_808716	3	129806924	162532950	20305	0.0376
HELVE_p_TCGA_b139_154_155_SNP_N_GenomeWideSNP_6_D06_808716	3	162534730	162536583	2	-1.687
HELVE_p_TCGA_b139_154_155_SNP_N_GenomeWideSNP_6_D06_808716	3	162536823	186698098	14737	0.0388
HELVE_p_TCGA_b139_154_155_SNP_N_GenomeWideSNP_6_D06_808716	3	186700837	186708804	3	-1.1554
HELVE_p_TCGA_b139_154_155_SNP_N_GenomeWideSNP_6_D06_808716	3	186710618	187595294	672	0.0398
HELVE_p_TCGA_b139_154_155_SNP_N_GenomeWideSNP_6_D06_808716	3	187595378	187595713	2	1.5562
HELVE_p_TCGA_b139_154_155_SNP_N_GenomeWideSNP_6_D06_808716	3	187595740	192877902	3832	0.0452
HELVE_p_TCGA_b139_154_155_SNP_N_GenomeWideSNP_6_D06_808716	3	192877962	192886435	20	-0.8147
HELVE_p_TCGA_b139_154_155_SNP_N_GenomeWideSNP_6_D06_808716	3	192886458	195285664	1484	0.0531
HELVE_p_TCGA_b139_154_155_SNP_N_GenomeWideSNP_6_D06_808716	3	195285898	195446922	29	-0.9208
HELVE_p_TCGA_b139_154_155_SNP_N_GenomeWideSNP_6_D06_808716	3	195455508	197896118	1192	0.044
HELVE_p_TCGA_b139_154_155_SNP_N_GenomeWideSNP_6_D06_808716	4	12281	34626	19	-0.0791
HELVE_p_TCGA_b139_154_155_SNP_N_GenomeWideSNP_6_D06_808716	4	34630	9456977	5218	-0.509
HELVE_p_TCGA_b139_154_155_SNP_N_GenomeWideSNP_6_D06_808716	4	9461230	9479345	9	0.6587
HELVE_p_TCGA_b139_154_155_SNP_N_GenomeWideSNP_6_D06_808716	4	9486087	10228817	551	-0.4759
HELVE_p_TCGA_b139_154_155_SNP_N_GenomeWideSNP_6_D06_808716	4	10228880	10231498	22	-1.7921
HELVE_p_TCGA_b139_154_155_SNP_N_GenomeWideSNP_6_D06_808716	4	10234214	34779054	16980	-0.4763
HELVE_p_TCGA_b139_154_155_SNP_N_GenomeWideSNP_6_D06_808716	4	34786500	34824725	38	-1.0214
HELVE_p_TCGA_b139_154_155_SNP_N_GenomeWideSNP_6_D06_808716	4	34829872	64707605	16590	-0.4721
HELVE_p_TCGA_b139_154_155_SNP_N_GenomeWideSNP_6_D06_808716	4	64707754	64708258	6	-2.1834
HELVE_p_TCGA_b139_154_155_SNP_N_GenomeWideSNP_6_D06_808716	4	64716431	69375160	2883	-0.4762
HELVE_p_TCGA_b139_154_155_SNP_N_GenomeWideSNP_6_D06_808716	4	69375348	69484109	59	-0.7857
HELVE_p_TCGA_b139_154_155_SNP_N_GenomeWideSNP_6_D06_808716	4	69485840	70120699	324	-0.4283
HELVE_p_TCGA_b139_154_155_SNP_N_GenomeWideSNP_6_D06_808716	4	70120893	70232124	60	-0.1592
HELVE_p_TCGA_b139_154_155_SNP_N_GenomeWideSNP_6_D06_808716	4	70236151	104745571	21031	-0.4625
HELVE_p_TCGA_b139_154_155_SNP_N_GenomeWideSNP_6_D06_808716	4	104751630	104753601	8	0.4454
HELVE_p_TCGA_b139_154_155_SNP_N_GenomeWideSNP_6_D06_808716	4	104753737	107894352	1757	-0.4483
HELVE_p_TCGA_b139_154_155_SNP_N_GenomeWideSNP_6_D06_808716	4	107900940	107901015	2	-1.9788
HELVE_p_TCGA_b139_154_155_SNP_N_GenomeWideSNP_6_D06_808716	4	107901087	108068413	117	-0.4501
HELVE_p_TCGA_b139_154_155_SNP_N_GenomeWideSNP_6_D06_808716	4	108071519	108071888	4	1.1641
HELVE_p_TCGA_b139_154_155_SNP_N_GenomeWideSNP_6_D06_808716	4	108073507	115173700	4425	-0.4591
HELVE_p_TCGA_b139_154_155_SNP_N_GenomeWideSNP_6_D06_808716	4	115175323	115184322	28	0.5107
HELVE_p_TCGA_b139_154_155_SNP_N_GenomeWideSNP_6_D06_808716	4	115184380	132688307	10301	-0.4572
HELVE_p_TCGA_b139_154_155_SNP_N_GenomeWideSNP_6_D06_808716	4	132688493	150904846	10822	0.0258
HELVE_p_TCGA_b139_154_155_SNP_N_GenomeWideSNP_6_D06_808716	4	150905374	150905959	2	-2.0466
HELVE_p_TCGA_b139_154_155_SNP_N_GenomeWideSNP_6_D06_808716	4	150909060	155802548	2976	0.0372
HELVE_p_TCGA_b139_154_155_SNP_N_GenomeWideSNP_6_D06_808716	4	155803005	155803078	3	1.3503
HELVE_p_TCGA_b139_154_155_SNP_N_GenomeWideSNP_6_D06_808716	4	155803199	161874000	3918	0.0368
HELVE_p_TCGA_b139_154_155_SNP_N_GenomeWideSNP_6_D06_808716	4	161880018	161884600	20	-1.1029
HELVE_p_TCGA_b139_154_155_SNP_N_GenomeWideSNP_6_D06_808716	4	161884908	191027923	19206	0.0223
HELVE_p_TCGA_b139_154_155_SNP_N_GenomeWideSNP_6_D06_808716	5	15532	12785262	10210	0.0079
HELVE_p_TCGA_b139_154_155_SNP_N_GenomeWideSNP_6_D06_808716	5	12790869	12819313	7	0.3496
HELVE_p_TCGA_b139_154_155_SNP_N_GenomeWideSNP_6_D06_808716	5	12819375	12838533	11	-1.0267
HELVE_p_TCGA_b139_154_155_SNP_N_GenomeWideSNP_6_D06_808716	5	12849201	46251306	20563	0.0217
HELVE_p_TCGA_b139_154_155_SNP_N_GenomeWideSNP_6_D06_808716	5	46271008	46273502	8	-1.1782
HELVE_p_TCGA_b139_154_155_SNP_N_GenomeWideSNP_6_D06_808716	5	46278212	60982008	7546	0.0315
HELVE_p_TCGA_b139_154_155_SNP_N_GenomeWideSNP_6_D06_808716	5	60982578	60982841	3	-1.1689
HELVE_p_TCGA_b139_154_155_SNP_N_GenomeWideSNP_6_D06_808716	5	60984261	68829347	4864	0.0414
HELVE_p_TCGA_b139_154_155_SNP_N_GenomeWideSNP_6_D06_808716	5	68846303	69118135	6	-1.0587
HELVE_p_TCGA_b139_154_155_SNP_N_GenomeWideSNP_6_D06_808716	5	69233427	95235516	14512	0.0248
HELVE_p_TCGA_b139_154_155_SNP_N_GenomeWideSNP_6_D06_808716	5	95236415	95236467	2	-1.3486
HELVE_p_TCGA_b139_154_155_SNP_N_GenomeWideSNP_6_D06_808716	5	95237185	103851221	5042	0.044
HELVE_p_TCGA_b139_154_155_SNP_N_GenomeWideSNP_6_D06_808716	5	103860373	103860604	4	1.5045
HELVE_p_TCGA_b139_154_155_SNP_N_GenomeWideSNP_6_D06_808716	5	103861049	180378888	50123	0.0206
HELVE_p_TCGA_b139_154_155_SNP_N_GenomeWideSNP_6_D06_808716	5	180380203	180433225	18	0.5673
HELVE_p_TCGA_b139_154_155_SNP_N_GenomeWideSNP_6_D06_808716	5	180433264	180790320	170	0.0294
HELVE_p_TCGA_b139_154_155_SNP_N_GenomeWideSNP_6_D06_808716	6	149661	294837	124	-0.005
HELVE_p_TCGA_b139_154_155_SNP_N_GenomeWideSNP_6_D06_808716	6	302306	381149	78	-0.3874
HELVE_p_TCGA_b139_154_155_SNP_N_GenomeWideSNP_6_D06_808716	6	382559	29850380	21555	0.0399
HELVE_p_TCGA_b139_154_155_SNP_N_GenomeWideSNP_6_D06_808716	6	29871636	29901576	17	-1.0331
HELVE_p_TCGA_b139_154_155_SNP_N_GenomeWideSNP_6_D06_808716	6	29908469	32581889	1213	0.0705
HELVE_p_TCGA_b139_154_155_SNP_N_GenomeWideSNP_6_D06_808716	6	32582203	32602107	10	0.7674
HELVE_p_TCGA_b139_154_155_SNP_N_GenomeWideSNP_6_D06_808716	6	32602269	32624591	10	0.1323
HELVE_p_TCGA_b139_154_155_SNP_N_GenomeWideSNP_6_D06_808716	6	32625095	32626618	4	-0.9284
HELVE_p_TCGA_b139_154_155_SNP_N_GenomeWideSNP_6_D06_808716	6	32650612	53931084	13744	0.0397
HELVE_p_TCGA_b139_154_155_SNP_N_GenomeWideSNP_6_D06_808716	6	53931151	53931855	7	0.9477
HELVE_p_TCGA_b139_154_155_SNP_N_GenomeWideSNP_6_D06_808716	6	53935348	65336942	4352	0.0495
HELVE_p_TCGA_b139_154_155_SNP_N_GenomeWideSNP_6_D06_808716	6	65347544	65348992	2	-1.6331
HELVE_p_TCGA_b139_154_155_SNP_N_GenomeWideSNP_6_D06_808716	6	65350776	67683913	1680	0.0157
HELVE_p_TCGA_b139_154_155_SNP_N_GenomeWideSNP_6_D06_808716	6	67684059	67684498	2	1.5884
HELVE_p_TCGA_b139_154_155_SNP_N_GenomeWideSNP_6_D06_808716	6	67684531	72443875	3088	0.0393
HELVE_p_TCGA_b139_154_155_SNP_N_GenomeWideSNP_6_D06_808716	6	72445024	72477412	40	-0.4401
HELVE_p_TCGA_b139_154_155_SNP_N_GenomeWideSNP_6_D06_808716	6	72477955	72513061	23	0.0685
HELVE_p_TCGA_b139_154_155_SNP_N_GenomeWideSNP_6_D06_808716	6	72515891	75218080	1759	-0.4686
HELVE_p_TCGA_b139_154_155_SNP_N_GenomeWideSNP_6_D06_808716	6	75220212	76767224	901	0.0391
HELVE_p_TCGA_b139_154_155_SNP_N_GenomeWideSNP_6_D06_808716	6	76770315	77014948	145	-0.377
HELVE_p_TCGA_b139_154_155_SNP_N_GenomeWideSNP_6_D06_808716	6	77016900	77017069	7	0.9273
HELVE_p_TCGA_b139_154_155_SNP_N_GenomeWideSNP_6_D06_808716	6	77017077	77352064	217	-0.3882
HELVE_p_TCGA_b139_154_155_SNP_N_GenomeWideSNP_6_D06_808716	6	77352173	77439868	76	0.0541
HELVE_p_TCGA_b139_154_155_SNP_N_GenomeWideSNP_6_D06_808716	6	77440048	77442636	8	0.6214
HELVE_p_TCGA_b139_154_155_SNP_N_GenomeWideSNP_6_D06_808716	6	77443219	78971834	999	0.0349
HELVE_p_TCGA_b139_154_155_SNP_N_GenomeWideSNP_6_D06_808716	6	78972088	79039234	106	0.3067
HELVE_p_TCGA_b139_154_155_SNP_N_GenomeWideSNP_6_D06_808716	6	79041633	80323834	786	0.0469
HELVE_p_TCGA_b139_154_155_SNP_N_GenomeWideSNP_6_D06_808716	6	80324864	80325234	2	1.5945
HELVE_p_TCGA_b139_154_155_SNP_N_GenomeWideSNP_6_D06_808716	6	80325330	115195456	21987	0.0358
HELVE_p_TCGA_b139_154_155_SNP_N_GenomeWideSNP_6_D06_808716	6	115202532	115202790	4	-1.5942
HELVE_p_TCGA_b139_154_155_SNP_N_GenomeWideSNP_6_D06_808716	6	115206276	162445941	30837	0.0372
HELVE_p_TCGA_b139_154_155_SNP_N_GenomeWideSNP_6_D06_808716	6	162447025	162462940	19	-1.0909
HELVE_p_TCGA_b139_154_155_SNP_N_GenomeWideSNP_6_D06_808716	6	162463642	163531072	797	0.015
HELVE_p_TCGA_b139_154_155_SNP_N_GenomeWideSNP_6_D06_808716	6	163533462	169980900	4789	-0.5073
HELVE_p_TCGA_b139_154_155_SNP_N_GenomeWideSNP_6_D06_808716	6	169981810	170011913	23	-1.5922
HELVE_p_TCGA_b139_154_155_SNP_N_GenomeWideSNP_6_D06_808716	6	170012061	171051005	519	-0.5129
HELVE_p_TCGA_b139_154_155_SNP_N_GenomeWideSNP_6_D06_808716	7	43355	4116507	2061	0.3575
HELVE_p_TCGA_b139_154_155_SNP_N_GenomeWideSNP_6_D06_808716	7	4121578	4121860	3	-0.7309
HELVE_p_TCGA_b139_154_155_SNP_N_GenomeWideSNP_6_D06_808716	7	4126141	8370870	2638	0.3641
HELVE_p_TCGA_b139_154_155_SNP_N_GenomeWideSNP_6_D06_808716	7	8375193	8375948	3	-0.7868
HELVE_p_TCGA_b139_154_155_SNP_N_GenomeWideSNP_6_D06_808716	7	8376707	13979456	4546	0.3729
HELVE_p_TCGA_b139_154_155_SNP_N_GenomeWideSNP_6_D06_808716	7	13980225	13980616	5	-0.6323
HELVE_p_TCGA_b139_154_155_SNP_N_GenomeWideSNP_6_D06_808716	7	13982085	54380373	29315	0.3654
HELVE_p_TCGA_b139_154_155_SNP_N_GenomeWideSNP_6_D06_808716	7	54386505	54386517	6	-1.6776
HELVE_p_TCGA_b139_154_155_SNP_N_GenomeWideSNP_6_D06_808716	7	54393488	70420438	6297	0.3117
HELVE_p_TCGA_b139_154_155_SNP_N_GenomeWideSNP_6_D06_808716	7	70423250	70426141	2	-1.5941
HELVE_p_TCGA_b139_154_155_SNP_N_GenomeWideSNP_6_D06_808716	7	70428243	76143893	2191	0.3115
HELVE_p_TCGA_b139_154_155_SNP_N_GenomeWideSNP_6_D06_808716	7	76153348	76161297	4	-0.642
HELVE_p_TCGA_b139_154_155_SNP_N_GenomeWideSNP_6_D06_808716	7	76161308	91357869	9905	0.3622
HELVE_p_TCGA_b139_154_155_SNP_N_GenomeWideSNP_6_D06_808716	7	91358294	91359033	7	1.1322
HELVE_p_TCGA_b139_154_155_SNP_N_GenomeWideSNP_6_D06_808716	7	91359336	97407061	3782	0.3594
HELVE_p_TCGA_b139_154_155_SNP_N_GenomeWideSNP_6_D06_808716	7	97417607	97417610	2	-0.8876
HELVE_p_TCGA_b139_154_155_SNP_N_GenomeWideSNP_6_D06_808716	7	97420649	135496670	22651	0.3583
HELVE_p_TCGA_b139_154_155_SNP_N_GenomeWideSNP_6_D06_808716	7	135497224	135497327	2	1.7631
HELVE_p_TCGA_b139_154_155_SNP_N_GenomeWideSNP_6_D06_808716	7	135497401	141763124	3985	0.3505
HELVE_p_TCGA_b139_154_155_SNP_N_GenomeWideSNP_6_D06_808716	7	141769643	141791908	41	-0.4212
HELVE_p_TCGA_b139_154_155_SNP_N_GenomeWideSNP_6_D06_808716	7	141792107	142476719	453	0.4059
HELVE_p_TCGA_b139_154_155_SNP_N_GenomeWideSNP_6_D06_808716	7	142476764	142485853	24	-0.4528
HELVE_p_TCGA_b139_154_155_SNP_N_GenomeWideSNP_6_D06_808716	7	142485985	143448387	526	0.3662
HELVE_p_TCGA_b139_154_155_SNP_N_GenomeWideSNP_6_D06_808716	7	143448389	143511415	26	0.7359
HELVE_p_TCGA_b139_154_155_SNP_N_GenomeWideSNP_6_D06_808716	7	143513741	143904279	290	0.3715
HELVE_p_TCGA_b139_154_155_SNP_N_GenomeWideSNP_6_D06_808716	7	143909235	144066947	42	-0.0938
HELVE_p_TCGA_b139_154_155_SNP_N_GenomeWideSNP_6_D06_808716	7	144074929	154389895	6446	0.3366
HELVE_p_TCGA_b139_154_155_SNP_N_GenomeWideSNP_6_D06_808716	7	154393171	154399613	4	-0.9038
HELVE_p_TCGA_b139_154_155_SNP_N_GenomeWideSNP_6_D06_808716	7	154400830	156391790	1612	0.3593
HELVE_p_TCGA_b139_154_155_SNP_N_GenomeWideSNP_6_D06_808716	7	156393168	156394179	3	-0.9517
HELVE_p_TCGA_b139_154_155_SNP_N_GenomeWideSNP_6_D06_808716	7	156394908	159127004	1632	0.3494
HELVE_p_TCGA_b139_154_155_SNP_N_GenomeWideSNP_6_D06_808716	8	31254	4003305	3803	-0.5252
HELVE_p_TCGA_b139_154_155_SNP_N_GenomeWideSNP_6_D06_808716	8	4003463	4003478	2	-2.6469
HELVE_p_TCGA_b139_154_155_SNP_N_GenomeWideSNP_6_D06_808716	8	4003561	24974522	18018	-0.487
HELVE_p_TCGA_b139_154_155_SNP_N_GenomeWideSNP_6_D06_808716	8	24974577	24984333	24	-1.0883
HELVE_p_TCGA_b139_154_155_SNP_N_GenomeWideSNP_6_D06_808716	8	24991104	29934036	3550	-0.48
HELVE_p_TCGA_b139_154_155_SNP_N_GenomeWideSNP_6_D06_808716	8	29938258	30077200	91	-0.0995
HELVE_p_TCGA_b139_154_155_SNP_N_GenomeWideSNP_6_D06_808716	8	30078649	32678866	1800	-0.4968
HELVE_p_TCGA_b139_154_155_SNP_N_GenomeWideSNP_6_D06_808716	8	32683098	32688413	8	0.7858
HELVE_p_TCGA_b139_154_155_SNP_N_GenomeWideSNP_6_D06_808716	8	32692106	32816505	88	-0.4767
HELVE_p_TCGA_b139_154_155_SNP_N_GenomeWideSNP_6_D06_808716	8	32817185	34490340	924	-0.1438
HELVE_p_TCGA_b139_154_155_SNP_N_GenomeWideSNP_6_D06_808716	8	34494609	34854498	213	-0.4855
HELVE_p_TCGA_b139_154_155_SNP_N_GenomeWideSNP_6_D06_808716	8	34855426	37149748	1306	-0.1165
HELVE_p_TCGA_b139_154_155_SNP_N_GenomeWideSNP_6_D06_808716	8	37155487	39230659	1048	0.2143
HELVE_p_TCGA_b139_154_155_SNP_N_GenomeWideSNP_6_D06_808716	8	39235603	39386965	59	0.9381
HELVE_p_TCGA_b139_154_155_SNP_N_GenomeWideSNP_6_D06_808716	8	39388299	40927596	1166	0.2674
HELVE_p_TCGA_b139_154_155_SNP_N_GenomeWideSNP_6_D06_808716	8	40933035	43786802	1424	-0.0075
HELVE_p_TCGA_b139_154_155_SNP_N_GenomeWideSNP_6_D06_808716	8	43824048	51892398	2543	-0.4671
HELVE_p_TCGA_b139_154_155_SNP_N_GenomeWideSNP_6_D06_808716	8	51898834	55791743	2524	0.0218
HELVE_p_TCGA_b139_154_155_SNP_N_GenomeWideSNP_6_D06_808716	8	55795308	56383435	460	-0.4931
HELVE_p_TCGA_b139_154_155_SNP_N_GenomeWideSNP_6_D06_808716	8	56383716	57650815	766	-0.0821
HELVE_p_TCGA_b139_154_155_SNP_N_GenomeWideSNP_6_D06_808716	8	57652256	58118052	310	-0.5055
HELVE_p_TCGA_b139_154_155_SNP_N_GenomeWideSNP_6_D06_808716	8	58127800	58130025	2	-1.7854
HELVE_p_TCGA_b139_154_155_SNP_N_GenomeWideSNP_6_D06_808716	8	58132798	58343334	157	-0.5174
HELVE_p_TCGA_b139_154_155_SNP_N_GenomeWideSNP_6_D06_808716	8	58344032	58344441	2	1.1443
HELVE_p_TCGA_b139_154_155_SNP_N_GenomeWideSNP_6_D06_808716	8	58346590	58818502	361	-0.4787
HELVE_p_TCGA_b139_154_155_SNP_N_GenomeWideSNP_6_D06_808716	8	58819752	58992531	114	-2.7717
HELVE_p_TCGA_b139_154_155_SNP_N_GenomeWideSNP_6_D06_808716	8	59001612	59031921	19	-0.7934
HELVE_p_TCGA_b139_154_155_SNP_N_GenomeWideSNP_6_D06_808716	8	59032572	59032601	2	-3.4356
HELVE_p_TCGA_b139_154_155_SNP_N_GenomeWideSNP_6_D06_808716	8	59033392	72726192	8423	-0.4865
HELVE_p_TCGA_b139_154_155_SNP_N_GenomeWideSNP_6_D06_808716	8	72728835	72901113	110	0.0146
HELVE_p_TCGA_b139_154_155_SNP_N_GenomeWideSNP_6_D06_808716	8	72904475	73164998	205	-0.5251
HELVE_p_TCGA_b139_154_155_SNP_N_GenomeWideSNP_6_D06_808716	8	73175912	73460714	185	0.1548
HELVE_p_TCGA_b139_154_155_SNP_N_GenomeWideSNP_6_D06_808716	8	73464593	73839316	322	0.4627
HELVE_p_TCGA_b139_154_155_SNP_N_GenomeWideSNP_6_D06_808716	8	73842332	74571944	523	0.1749
HELVE_p_TCGA_b139_154_155_SNP_N_GenomeWideSNP_6_D06_808716	8	74574509	74746198	89	0.406
HELVE_p_TCGA_b139_154_155_SNP_N_GenomeWideSNP_6_D06_808716	8	74747661	75484076	477	0.1681
HELVE_p_TCGA_b139_154_155_SNP_N_GenomeWideSNP_6_D06_808716	8	75484249	77104917	938	0.4483
HELVE_p_TCGA_b139_154_155_SNP_N_GenomeWideSNP_6_D06_808716	8	77108063	77577595	292	-0.1431
HELVE_p_TCGA_b139_154_155_SNP_N_GenomeWideSNP_6_D06_808716	8	77579455	77906484	173	-0.5278
HELVE_p_TCGA_b139_154_155_SNP_N_GenomeWideSNP_6_D06_808716	8	77912887	78248393	218	-0.0173
HELVE_p_TCGA_b139_154_155_SNP_N_GenomeWideSNP_6_D06_808716	8	78251214	78283265	16	-0.3968
HELVE_p_TCGA_b139_154_155_SNP_N_GenomeWideSNP_6_D06_808716	8	78283479	83144388	2840	0.0287
HELVE_p_TCGA_b139_154_155_SNP_N_GenomeWideSNP_6_D06_808716	8	83145809	89942779	3685	-0.4739
HELVE_p_TCGA_b139_154_155_SNP_N_GenomeWideSNP_6_D06_808716	8	89943382	91797768	1215	0.1631
HELVE_p_TCGA_b139_154_155_SNP_N_GenomeWideSNP_6_D06_808716	8	91797902	91887056	51	-0.5475
HELVE_p_TCGA_b139_154_155_SNP_N_GenomeWideSNP_6_D06_808716	8	91890170	92936613	505	0.1384
HELVE_p_TCGA_b139_154_155_SNP_N_GenomeWideSNP_6_D06_808716	8	92937487	94029624	664	-0.1173
HELVE_p_TCGA_b139_154_155_SNP_N_GenomeWideSNP_6_D06_808716	8	94032130	95874600	1142	0.2379
HELVE_p_TCGA_b139_154_155_SNP_N_GenomeWideSNP_6_D06_808716	8	95875222	96162964	167	-0.0954
HELVE_p_TCGA_b139_154_155_SNP_N_GenomeWideSNP_6_D06_808716	8	96163007	97614661	1188	0.3054
HELVE_p_TCGA_b139_154_155_SNP_N_GenomeWideSNP_6_D06_808716	8	97615235	104690593	4192	0.0111
HELVE_p_TCGA_b139_154_155_SNP_N_GenomeWideSNP_6_D06_808716	8	104690926	104690940	2	-1.6177
HELVE_p_TCGA_b139_154_155_SNP_N_GenomeWideSNP_6_D06_808716	8	104693685	105005516	155	-0.004
HELVE_p_TCGA_b139_154_155_SNP_N_GenomeWideSNP_6_D06_808716	8	105008757	105051937	23	-0.3984
HELVE_p_TCGA_b139_154_155_SNP_N_GenomeWideSNP_6_D06_808716	8	105063452	105396333	217	-0.0223
HELVE_p_TCGA_b139_154_155_SNP_N_GenomeWideSNP_6_D06_808716	8	105396433	105414175	14	-0.5361
HELVE_p_TCGA_b139_154_155_SNP_N_GenomeWideSNP_6_D06_808716	8	105420134	106943894	911	-0.1416
HELVE_p_TCGA_b139_154_155_SNP_N_GenomeWideSNP_6_D06_808716	8	106944176	108999623	1410	0.4047
HELVE_p_TCGA_b139_154_155_SNP_N_GenomeWideSNP_6_D06_808716	8	109005245	109561980	322	-0.0242
HELVE_p_TCGA_b139_154_155_SNP_N_GenomeWideSNP_6_D06_808716	8	109562340	109606995	21	0.3298
HELVE_p_TCGA_b139_154_155_SNP_N_GenomeWideSNP_6_D06_808716	8	109607741	110783736	699	0.0089
HELVE_p_TCGA_b139_154_155_SNP_N_GenomeWideSNP_6_D06_808716	8	110798174	112503155	900	-0.4669
HELVE_p_TCGA_b139_154_155_SNP_N_GenomeWideSNP_6_D06_808716	8	112508801	114141732	891	-0.0689
HELVE_p_TCGA_b139_154_155_SNP_N_GenomeWideSNP_6_D06_808716	8	114144318	117482720	1997	-0.4829
HELVE_p_TCGA_b139_154_155_SNP_N_GenomeWideSNP_6_D06_808716	8	117486432	129903689	8757	-0.0786
HELVE_p_TCGA_b139_154_155_SNP_N_GenomeWideSNP_6_D06_808716	8	129912740	146298155	11174	-0.4948
HELVE_p_TCGA_b139_154_155_SNP_N_GenomeWideSNP_6_D06_808716	9	46587	24470093	21225	0.3607
HELVE_p_TCGA_b139_154_155_SNP_N_GenomeWideSNP_6_D06_808716	9	24477128	24477515	4	1.4401
HELVE_p_TCGA_b139_154_155_SNP_N_GenomeWideSNP_6_D06_808716	9	24477531	41892866	10125	0.3414
HELVE_p_TCGA_b139_154_155_SNP_N_GenomeWideSNP_6_D06_808716	9	41897112	41978375	5	-0.7979
HELVE_p_TCGA_b139_154_155_SNP_N_GenomeWideSNP_6_D06_808716	9	41985187	43187967	25	0.2973
HELVE_p_TCGA_b139_154_155_SNP_N_GenomeWideSNP_6_D06_808716	9	43315670	43705252	30	-0.3041
HELVE_p_TCGA_b139_154_155_SNP_N_GenomeWideSNP_6_D06_808716	9	43727002	44241817	39	0.0826
HELVE_p_TCGA_b139_154_155_SNP_N_GenomeWideSNP_6_D06_808716	9	44243434	44629223	21	-0.3795
HELVE_p_TCGA_b139_154_155_SNP_N_GenomeWideSNP_6_D06_808716	9	44727859	45129899	61	0.1865
HELVE_p_TCGA_b139_154_155_SNP_N_GenomeWideSNP_6_D06_808716	9	45131906	65630946	73	-0.3037
HELVE_p_TCGA_b139_154_155_SNP_N_GenomeWideSNP_6_D06_808716	9	65672607	70943830	279	-0.0193
HELVE_p_TCGA_b139_154_155_SNP_N_GenomeWideSNP_6_D06_808716	9	70950028	90514115	14246	0.3426
HELVE_p_TCGA_b139_154_155_SNP_N_GenomeWideSNP_6_D06_808716	9	90522594	90554219	3	-1.1988
HELVE_p_TCGA_b139_154_155_SNP_N_GenomeWideSNP_6_D06_808716	9	90557957	141091394	33787	0.3393
HELVE_p_TCGA_b139_154_155_SNP_N_GenomeWideSNP_6_D06_808716	10	72759	6900653	5918	0.047
HELVE_p_TCGA_b139_154_155_SNP_N_GenomeWideSNP_6_D06_808716	10	6904180	7232269	365	-0.5291
HELVE_p_TCGA_b139_154_155_SNP_N_GenomeWideSNP_6_D06_808716	10	7234222	18173963	8617	0.0213
HELVE_p_TCGA_b139_154_155_SNP_N_GenomeWideSNP_6_D06_808716	10	18185123	18199813	3	-1.7329
HELVE_p_TCGA_b139_154_155_SNP_N_GenomeWideSNP_6_D06_808716	10	18223647	47055654	16761	0.0238
HELVE_p_TCGA_b139_154_155_SNP_N_GenomeWideSNP_6_D06_808716	10	47055711	47059806	22	0.4463
HELVE_p_TCGA_b139_154_155_SNP_N_GenomeWideSNP_6_D06_808716	10	47059821	48771950	561	-0.0209
HELVE_p_TCGA_b139_154_155_SNP_N_GenomeWideSNP_6_D06_808716	10	48837810	48840627	2	2.3422
HELVE_p_TCGA_b139_154_155_SNP_N_GenomeWideSNP_6_D06_808716	10	48883402	67308709	12501	0.0372
HELVE_p_TCGA_b139_154_155_SNP_N_GenomeWideSNP_6_D06_808716	10	67308737	67311360	15	-0.5599
HELVE_p_TCGA_b139_154_155_SNP_N_GenomeWideSNP_6_D06_808716	10	67313862	120031074	34966	0.034
HELVE_p_TCGA_b139_154_155_SNP_N_GenomeWideSNP_6_D06_808716	10	120031952	120032416	2	-1.3853
HELVE_p_TCGA_b139_154_155_SNP_N_GenomeWideSNP_6_D06_808716	10	120034243	124429267	3465	0.0318
HELVE_p_TCGA_b139_154_155_SNP_N_GenomeWideSNP_6_D06_808716	10	124438843	124583083	136	-0.6794
HELVE_p_TCGA_b139_154_155_SNP_N_GenomeWideSNP_6_D06_808716	10	124584931	135506704	7750	0.0134
HELVE_p_TCGA_b139_154_155_SNP_N_GenomeWideSNP_6_D06_808716	11	198510	253662	36	-0.3752
HELVE_p_TCGA_b139_154_155_SNP_N_GenomeWideSNP_6_D06_808716	11	253841	254010	2	1.2567
HELVE_p_TCGA_b139_154_155_SNP_N_GenomeWideSNP_6_D06_808716	11	254064	5778471	3251	-0.4829
HELVE_p_TCGA_b139_154_155_SNP_N_GenomeWideSNP_6_D06_808716	11	5778523	5809139	42	-0.0475
HELVE_p_TCGA_b139_154_155_SNP_N_GenomeWideSNP_6_D06_808716	11	5809338	27183888	15957	-0.4741
HELVE_p_TCGA_b139_154_155_SNP_N_GenomeWideSNP_6_D06_808716	11	27185942	27275314	97	-0.2019
HELVE_p_TCGA_b139_154_155_SNP_N_GenomeWideSNP_6_D06_808716	11	27278810	46651896	13156	-0.4756
HELVE_p_TCGA_b139_154_155_SNP_N_GenomeWideSNP_6_D06_808716	11	46659617	49708375	1289	0.0378
HELVE_p_TCGA_b139_154_155_SNP_N_GenomeWideSNP_6_D06_808716	11	49710861	49757671	19	-0.6587
HELVE_p_TCGA_b139_154_155_SNP_N_GenomeWideSNP_6_D06_808716	11	49757767	55374032	763	0.0286
HELVE_p_TCGA_b139_154_155_SNP_N_GenomeWideSNP_6_D06_808716	11	55374048	55453009	58	0.5119
HELVE_p_TCGA_b139_154_155_SNP_N_GenomeWideSNP_6_D06_808716	11	55453576	56412837	634	0.0199
HELVE_p_TCGA_b139_154_155_SNP_N_GenomeWideSNP_6_D06_808716	11	56413562	58869223	1471	-0.4673
HELVE_p_TCGA_b139_154_155_SNP_N_GenomeWideSNP_6_D06_808716	11	58879182	81503468	12513	0.0248
HELVE_p_TCGA_b139_154_155_SNP_N_GenomeWideSNP_6_D06_808716	11	81503992	81517158	10	-0.7285
HELVE_p_TCGA_b139_154_155_SNP_N_GenomeWideSNP_6_D06_808716	11	81522632	84486717	1939	0.0342
HELVE_p_TCGA_b139_154_155_SNP_N_GenomeWideSNP_6_D06_808716	11	84487003	84493235	2	1.2562
HELVE_p_TCGA_b139_154_155_SNP_N_GenomeWideSNP_6_D06_808716	11	84493877	87597203	2144	0.0571
HELVE_p_TCGA_b139_154_155_SNP_N_GenomeWideSNP_6_D06_808716	11	87597912	87600007	2	1.2892
HELVE_p_TCGA_b139_154_155_SNP_N_GenomeWideSNP_6_D06_808716	11	87600989	91822943	2639	0.0155
HELVE_p_TCGA_b139_154_155_SNP_N_GenomeWideSNP_6_D06_808716	11	91823650	91823655	6	-0.9012
HELVE_p_TCGA_b139_154_155_SNP_N_GenomeWideSNP_6_D06_808716	11	91823997	92914363	843	0.0227
HELVE_p_TCGA_b139_154_155_SNP_N_GenomeWideSNP_6_D06_808716	11	92914378	92925950	17	0.3054
HELVE_p_TCGA_b139_154_155_SNP_N_GenomeWideSNP_6_D06_808716	11	92926178	92932391	5	0.6219
HELVE_p_TCGA_b139_154_155_SNP_N_GenomeWideSNP_6_D06_808716	11	92932424	101594384	6412	0.0267
HELVE_p_TCGA_b139_154_155_SNP_N_GenomeWideSNP_6_D06_808716	11	101597860	101597964	4	0.9487
HELVE_p_TCGA_b139_154_155_SNP_N_GenomeWideSNP_6_D06_808716	11	101598212	127193566	17795	0.0207
HELVE_p_TCGA_b139_154_155_SNP_N_GenomeWideSNP_6_D06_808716	11	127196756	127203983	42	-0.5633
HELVE_p_TCGA_b139_154_155_SNP_N_GenomeWideSNP_6_D06_808716	11	127206270	134944770	5928	0.0232
HELVE_p_TCGA_b139_154_155_SNP_N_GenomeWideSNP_6_D06_808716	12	150442	9633870	6207	0.0262
HELVE_p_TCGA_b139_154_155_SNP_N_GenomeWideSNP_6_D06_808716	12	9637909	9715565	23	-1.2243
HELVE_p_TCGA_b139_154_155_SNP_N_GenomeWideSNP_6_D06_808716	12	9728292	11220827	1046	0.0259
HELVE_p_TCGA_b139_154_155_SNP_N_GenomeWideSNP_6_D06_808716	12	11222368	11241532	10	-1.3894
HELVE_p_TCGA_b139_154_155_SNP_N_GenomeWideSNP_6_D06_808716	12	11251874	11511577	133	0.1183
HELVE_p_TCGA_b139_154_155_SNP_N_GenomeWideSNP_6_D06_808716	12	11511578	11543406	31	-0.5817
HELVE_p_TCGA_b139_154_155_SNP_N_GenomeWideSNP_6_D06_808716	12	11552192	12536219	825	0.0339
HELVE_p_TCGA_b139_154_155_SNP_N_GenomeWideSNP_6_D06_808716	12	12536297	12541869	16	-0.5998
HELVE_p_TCGA_b139_154_155_SNP_N_GenomeWideSNP_6_D06_808716	12	12542880	33294660	14580	0.0329
HELVE_p_TCGA_b139_154_155_SNP_N_GenomeWideSNP_6_D06_808716	12	33301406	33307374	27	-2.4847
HELVE_p_TCGA_b139_154_155_SNP_N_GenomeWideSNP_6_D06_808716	12	33308360	34250696	589	0.069
HELVE_p_TCGA_b139_154_155_SNP_N_GenomeWideSNP_6_D06_808716	12	34256709	34256972	3	1.2163
HELVE_p_TCGA_b139_154_155_SNP_N_GenomeWideSNP_6_D06_808716	12	34257470	45904438	5034	0.0209
HELVE_p_TCGA_b139_154_155_SNP_N_GenomeWideSNP_6_D06_808716	12	45905840	45909537	3	-1.4018
HELVE_p_TCGA_b139_154_155_SNP_N_GenomeWideSNP_6_D06_808716	12	45913292	64073227	10694	0.0258
HELVE_p_TCGA_b139_154_155_SNP_N_GenomeWideSNP_6_D06_808716	12	64073941	64105197	20	0.4296
HELVE_p_TCGA_b139_154_155_SNP_N_GenomeWideSNP_6_D06_808716	12	64110033	110135764	30042	0.0291
HELVE_p_TCGA_b139_154_155_SNP_N_GenomeWideSNP_6_D06_808716	12	110138529	110143117	2	1.7225
HELVE_p_TCGA_b139_154_155_SNP_N_GenomeWideSNP_6_D06_808716	12	110144932	129228886	12687	0.0145
HELVE_p_TCGA_b139_154_155_SNP_N_GenomeWideSNP_6_D06_808716	12	129230513	129232545	7	-0.9288
HELVE_p_TCGA_b139_154_155_SNP_N_GenomeWideSNP_6_D06_808716	12	129233988	133778189	3084	0.0295
HELVE_p_TCGA_b139_154_155_SNP_N_GenomeWideSNP_6_D06_808716	13	19026949	20121459	567	0.4551
HELVE_p_TCGA_b139_154_155_SNP_N_GenomeWideSNP_6_D06_808716	13	20123895	20123910	2	-1.4956
HELVE_p_TCGA_b139_154_155_SNP_N_GenomeWideSNP_6_D06_808716	13	20124501	23629187	2326	0.4892
HELVE_p_TCGA_b139_154_155_SNP_N_GenomeWideSNP_6_D06_808716	13	23629210	23633515	13	-0.3868
HELVE_p_TCGA_b139_154_155_SNP_N_GenomeWideSNP_6_D06_808716	13	23638195	69248557	30137	0.4861
HELVE_p_TCGA_b139_154_155_SNP_N_GenomeWideSNP_6_D06_808716	13	69248630	69268242	36	-0.0264
HELVE_p_TCGA_b139_154_155_SNP_N_GenomeWideSNP_6_D06_808716	13	69269119	83164534	9347	0.5057
HELVE_p_TCGA_b139_154_155_SNP_N_GenomeWideSNP_6_D06_808716	13	83168967	83170678	2	-1.0316
HELVE_p_TCGA_b139_154_155_SNP_N_GenomeWideSNP_6_D06_808716	13	83172655	111723194	20071	0.4886
HELVE_p_TCGA_b139_154_155_SNP_N_GenomeWideSNP_6_D06_808716	13	111724124	111724532	2	-1.0713
HELVE_p_TCGA_b139_154_155_SNP_N_GenomeWideSNP_6_D06_808716	13	111724545	115108397	1780	0.5002
HELVE_p_TCGA_b139_154_155_SNP_N_GenomeWideSNP_6_D06_808716	14	19002124	24445024	2929	0.067
HELVE_p_TCGA_b139_154_155_SNP_N_GenomeWideSNP_6_D06_808716	14	24445634	24479709	21	-2.0672
HELVE_p_TCGA_b139_154_155_SNP_N_GenomeWideSNP_6_D06_808716	14	24488143	26783915	1614	0.0507
HELVE_p_TCGA_b139_154_155_SNP_N_GenomeWideSNP_6_D06_808716	14	26783916	26783917	2	-1.6649
HELVE_p_TCGA_b139_154_155_SNP_N_GenomeWideSNP_6_D06_808716	14	26783918	32416435	3154	0.038
HELVE_p_TCGA_b139_154_155_SNP_N_GenomeWideSNP_6_D06_808716	14	32416504	32416705	2	1.5841
HELVE_p_TCGA_b139_154_155_SNP_N_GenomeWideSNP_6_D06_808716	14	32418750	35017871	2070	0.0527
HELVE_p_TCGA_b139_154_155_SNP_N_GenomeWideSNP_6_D06_808716	14	35020274	35020985	3	-0.8456
HELVE_p_TCGA_b139_154_155_SNP_N_GenomeWideSNP_6_D06_808716	14	35027042	35509648	249	0.0333
HELVE_p_TCGA_b139_154_155_SNP_N_GenomeWideSNP_6_D06_808716	14	35509739	35509774	2	-1.3849
HELVE_p_TCGA_b139_154_155_SNP_N_GenomeWideSNP_6_D06_808716	14	35510797	74006707	24283	0.0316
HELVE_p_TCGA_b139_154_155_SNP_N_GenomeWideSNP_6_D06_808716	14	74006851	74029900	8	-1.5329
HELVE_p_TCGA_b139_154_155_SNP_N_GenomeWideSNP_6_D06_808716	14	74029915	86284754	8169	0.0178
HELVE_p_TCGA_b139_154_155_SNP_N_GenomeWideSNP_6_D06_808716	14	86286312	86312173	15	-0.9576
HELVE_p_TCGA_b139_154_155_SNP_N_GenomeWideSNP_6_D06_808716	14	86316135	106777343	12746	0.0205
HELVE_p_TCGA_b139_154_155_SNP_N_GenomeWideSNP_6_D06_808716	14	106783044	106802053	8	0.8122
HELVE_p_TCGA_b139_154_155_SNP_N_GenomeWideSNP_6_D06_808716	14	106815943	106879831	34	0.0323
HELVE_p_TCGA_b139_154_155_SNP_N_GenomeWideSNP_6_D06_808716	14	106881352	106948568	61	-0.3186
HELVE_p_TCGA_b139_154_155_SNP_N_GenomeWideSNP_6_D06_808716	14	106949073	107153173	123	-0.0114
HELVE_p_TCGA_b139_154_155_SNP_N_GenomeWideSNP_6_D06_808716	14	107160325	107176213	14	0.6281
HELVE_p_TCGA_b139_154_155_SNP_N_GenomeWideSNP_6_D06_808716	14	107177931	107285437	76	0.0598
HELVE_p_TCGA_b139_154_155_SNP_N_GenomeWideSNP_6_D06_808716	15	20016328	22777617	449	-0.1686
HELVE_p_TCGA_b139_154_155_SNP_N_GenomeWideSNP_6_D06_808716	15	22777782	24058784	602	-0.4706
HELVE_p_TCGA_b139_154_155_SNP_N_GenomeWideSNP_6_D06_808716	15	24058799	24058995	4	-2.0794
HELVE_p_TCGA_b139_154_155_SNP_N_GenomeWideSNP_6_D06_808716	15	24059093	102469040	50942	-0.4608
HELVE_p_TCGA_b139_154_155_SNP_N_GenomeWideSNP_6_D06_808716	16	60777	107275	19	0.2716
HELVE_p_TCGA_b139_154_155_SNP_N_GenomeWideSNP_6_D06_808716	16	107416	6059981	3133	0.0274
HELVE_p_TCGA_b139_154_155_SNP_N_GenomeWideSNP_6_D06_808716	16	6060572	6074528	13	-0.5372
HELVE_p_TCGA_b139_154_155_SNP_N_GenomeWideSNP_6_D06_808716	16	6075279	6331741	301	0.071
HELVE_p_TCGA_b139_154_155_SNP_N_GenomeWideSNP_6_D06_808716	16	6332415	6709031	491	-0.4938
HELVE_p_TCGA_b139_154_155_SNP_N_GenomeWideSNP_6_D06_808716	16	6710469	6789366	116	-1.5497
HELVE_p_TCGA_b139_154_155_SNP_N_GenomeWideSNP_6_D06_808716	16	6789941	6820898	64	-0.4675
HELVE_p_TCGA_b139_154_155_SNP_N_GenomeWideSNP_6_D06_808716	16	6820960	6827134	9	0.2524
HELVE_p_TCGA_b139_154_155_SNP_N_GenomeWideSNP_6_D06_808716	16	6827654	6888835	51	-0.3359
HELVE_p_TCGA_b139_154_155_SNP_N_GenomeWideSNP_6_D06_808716	16	6889316	19946944	9328	0.0376
HELVE_p_TCGA_b139_154_155_SNP_N_GenomeWideSNP_6_D06_808716	16	19947146	19970254	25	-0.611
HELVE_p_TCGA_b139_154_155_SNP_N_GenomeWideSNP_6_D06_808716	16	19970490	50900510	9836	0.0345
HELVE_p_TCGA_b139_154_155_SNP_N_GenomeWideSNP_6_D06_808716	16	50903329	78371608	18385	0.3658
HELVE_p_TCGA_b139_154_155_SNP_N_GenomeWideSNP_6_D06_808716	16	78372440	78384738	15	-1.7595
HELVE_p_TCGA_b139_154_155_SNP_N_GenomeWideSNP_6_D06_808716	16	78384765	90287535	10640	0.378
HELVE_p_TCGA_b139_154_155_SNP_N_GenomeWideSNP_6_D06_808716	17	526	18355392	11431	-0.4706
HELVE_p_TCGA_b139_154_155_SNP_N_GenomeWideSNP_6_D06_808716	17	18358946	18459272	26	-0.9349
HELVE_p_TCGA_b139_154_155_SNP_N_GenomeWideSNP_6_D06_808716	17	18464586	20450856	837	-0.4548
HELVE_p_TCGA_b139_154_155_SNP_N_GenomeWideSNP_6_D06_808716	17	20457500	34430413	6069	0.0294
HELVE_p_TCGA_b139_154_155_SNP_N_GenomeWideSNP_6_D06_808716	17	34430450	34528125	43	0.4793
HELVE_p_TCGA_b139_154_155_SNP_N_GenomeWideSNP_6_D06_808716	17	34535651	37779521	1608	0.0081
HELVE_p_TCGA_b139_154_155_SNP_N_GenomeWideSNP_6_D06_808716	17	37789432	37942739	126	2.9418
HELVE_p_TCGA_b139_154_155_SNP_N_GenomeWideSNP_6_D06_808716	17	37948874	39423090	814	0.0451
HELVE_p_TCGA_b139_154_155_SNP_N_GenomeWideSNP_6_D06_808716	17	39423103	39430450	18	1.2529
HELVE_p_TCGA_b139_154_155_SNP_N_GenomeWideSNP_6_D06_808716	17	39430531	43645893	2167	0.0283
HELVE_p_TCGA_b139_154_155_SNP_N_GenomeWideSNP_6_D06_808716	17	43648504	43688322	13	0.5014
HELVE_p_TCGA_b139_154_155_SNP_N_GenomeWideSNP_6_D06_808716	17	43693538	44151786	325	0.0715
HELVE_p_TCGA_b139_154_155_SNP_N_GenomeWideSNP_6_D06_808716	17	44153522	44353885	131	0.5313
HELVE_p_TCGA_b139_154_155_SNP_N_GenomeWideSNP_6_D06_808716	17	44362009	44752283	50	-0.2899
HELVE_p_TCGA_b139_154_155_SNP_N_GenomeWideSNP_6_D06_808716	17	44752300	46476520	890	0.0303
HELVE_p_TCGA_b139_154_155_SNP_N_GenomeWideSNP_6_D06_808716	17	46477349	46494599	7	0.6369
HELVE_p_TCGA_b139_154_155_SNP_N_GenomeWideSNP_6_D06_808716	17	46498228	49480306	1559	0.0187
HELVE_p_TCGA_b139_154_155_SNP_N_GenomeWideSNP_6_D06_808716	17	49481250	49481258	2	1.4704
HELVE_p_TCGA_b139_154_155_SNP_N_GenomeWideSNP_6_D06_808716	17	49482110	81049726	19163	0.0341
HELVE_p_TCGA_b139_154_155_SNP_N_GenomeWideSNP_6_D06_808716	18	11543	7748661	5573	-0.4593
HELVE_p_TCGA_b139_154_155_SNP_N_GenomeWideSNP_6_D06_808716	18	7752784	7755226	2	1.4869
HELVE_p_TCGA_b139_154_155_SNP_N_GenomeWideSNP_6_D06_808716	18	7755352	24365828	8325	-0.4683
HELVE_p_TCGA_b139_154_155_SNP_N_GenomeWideSNP_6_D06_808716	18	24365844	24366145	5	-1.7103
HELVE_p_TCGA_b139_154_155_SNP_N_GenomeWideSNP_6_D06_808716	18	24366379	66746887	28657	-0.4704
HELVE_p_TCGA_b139_154_155_SNP_N_GenomeWideSNP_6_D06_808716	18	66750937	66752325	17	-2.5596
HELVE_p_TCGA_b139_154_155_SNP_N_GenomeWideSNP_6_D06_808716	18	66752454	78015057	8178	-0.4899
HELVE_p_TCGA_b139_154_155_SNP_N_GenomeWideSNP_6_D06_808716	19	90910	8411656	2962	0.0084
HELVE_p_TCGA_b139_154_155_SNP_N_GenomeWideSNP_6_D06_808716	19	8412172	8414301	2	-2.449
HELVE_p_TCGA_b139_154_155_SNP_N_GenomeWideSNP_6_D06_808716	19	8421007	15784152	3663	0.0041
HELVE_p_TCGA_b139_154_155_SNP_N_GenomeWideSNP_6_D06_808716	19	15790085	15791617	2	1.6879
HELVE_p_TCGA_b139_154_155_SNP_N_GenomeWideSNP_6_D06_808716	19	15791664	35849322	10192	-0.0013
HELVE_p_TCGA_b139_154_155_SNP_N_GenomeWideSNP_6_D06_808716	19	35849493	35861669	20	-0.5247
HELVE_p_TCGA_b139_154_155_SNP_N_GenomeWideSNP_6_D06_808716	19	35861779	41334752	2790	0
HELVE_p_TCGA_b139_154_155_SNP_N_GenomeWideSNP_6_D06_808716	19	41338835	41380946	40	0.3333
HELVE_p_TCGA_b139_154_155_SNP_N_GenomeWideSNP_6_D06_808716	19	41392155	43315611	911	0.0104
HELVE_p_TCGA_b139_154_155_SNP_N_GenomeWideSNP_6_D06_808716	19	43321137	43492462	81	-0.6875
HELVE_p_TCGA_b139_154_155_SNP_N_GenomeWideSNP_6_D06_808716	19	43496614	59097854	8687	0.0057
HELVE_p_TCGA_b139_154_155_SNP_N_GenomeWideSNP_6_D06_808716	20	61305	1560999	1207	0.0426
HELVE_p_TCGA_b139_154_155_SNP_N_GenomeWideSNP_6_D06_808716	20	1561580	1582207	36	1.7652
HELVE_p_TCGA_b139_154_155_SNP_N_GenomeWideSNP_6_D06_808716	20	1590257	7392739	4344	0.0242
HELVE_p_TCGA_b139_154_155_SNP_N_GenomeWideSNP_6_D06_808716	20	7400986	7406737	2	-2.2357
HELVE_p_TCGA_b139_154_155_SNP_N_GenomeWideSNP_6_D06_808716	20	7406908	14672357	5505	0.0364
HELVE_p_TCGA_b139_154_155_SNP_N_GenomeWideSNP_6_D06_808716	20	14675588	14681677	4	0.4668
HELVE_p_TCGA_b139_154_155_SNP_N_GenomeWideSNP_6_D06_808716	20	14681863	15301374	548	1.0127
HELVE_p_TCGA_b139_154_155_SNP_N_GenomeWideSNP_6_D06_808716	20	15301902	15302374	3	-1.7411
HELVE_p_TCGA_b139_154_155_SNP_N_GenomeWideSNP_6_D06_808716	20	15305258	16206469	907	0.9786
HELVE_p_TCGA_b139_154_155_SNP_N_GenomeWideSNP_6_D06_808716	20	16207157	35721818	10447	0.6062
HELVE_p_TCGA_b139_154_155_SNP_N_GenomeWideSNP_6_D06_808716	20	35721839	35722021	4	-0.287
HELVE_p_TCGA_b139_154_155_SNP_N_GenomeWideSNP_6_D06_808716	20	35722355	62956153	19492	0.6041
HELVE_p_TCGA_b139_154_155_SNP_N_GenomeWideSNP_6_D06_808716	21	10736871	48096957	24393	0.0315
HELVE_p_TCGA_b139_154_155_SNP_N_GenomeWideSNP_6_D06_808716	22	16052528	16425145	60	-0.3055
HELVE_p_TCGA_b139_154_155_SNP_N_GenomeWideSNP_6_D06_808716	22	16425217	23027928	3722	0.0186
HELVE_p_TCGA_b139_154_155_SNP_N_GenomeWideSNP_6_D06_808716	22	23031351	23031508	2	-2.0571
HELVE_p_TCGA_b139_154_155_SNP_N_GenomeWideSNP_6_D06_808716	22	23033257	24337949	837	0.0316
HELVE_p_TCGA_b139_154_155_SNP_N_GenomeWideSNP_6_D06_808716	22	24344422	24396814	20	-1.507
HELVE_p_TCGA_b139_154_155_SNP_N_GenomeWideSNP_6_D06_808716	22	24401529	25736672	876	0.0286
HELVE_p_TCGA_b139_154_155_SNP_N_GenomeWideSNP_6_D06_808716	22	25736674	25736678	5	1.1466
HELVE_p_TCGA_b139_154_155_SNP_N_GenomeWideSNP_6_D06_808716	22	25745901	42897282	11911	0.0161
HELVE_p_TCGA_b139_154_155_SNP_N_GenomeWideSNP_6_D06_808716	22	42899440	42950491	24	0.6536
HELVE_p_TCGA_b139_154_155_SNP_N_GenomeWideSNP_6_D06_808716	22	42955431	51234455	6110	0.0084
HELVE_p_TCGA_b139_154_155_SNP_N_GenomeWideSNP_6_D06_808716	X	168477	47773826	28991	4e-04
HELVE_p_TCGA_b139_154_155_SNP_N_GenomeWideSNP_6_D06_808716	X	47774683	47778750	4	-1.8672
HELVE_p_TCGA_b139_154_155_SNP_N_GenomeWideSNP_6_D06_808716	X	47778773	48467186	328	0.0189
HELVE_p_TCGA_b139_154_155_SNP_N_GenomeWideSNP_6_D06_808716	X	48469467	48469670	2	-4.6733
HELVE_p_TCGA_b139_154_155_SNP_N_GenomeWideSNP_6_D06_808716	X	48470733	69266212	7576	0.0032
HELVE_p_TCGA_b139_154_155_SNP_N_GenomeWideSNP_6_D06_808716	X	69267535	69267612	2	2.9372
HELVE_p_TCGA_b139_154_155_SNP_N_GenomeWideSNP_6_D06_808716	X	69268407	96763922	13869	-0.0173
HELVE_p_TCGA_b139_154_155_SNP_N_GenomeWideSNP_6_D06_808716	X	96771741	96832807	29	0.7811
HELVE_p_TCGA_b139_154_155_SNP_N_GenomeWideSNP_6_D06_808716	X	96832931	116075799	10390	0.0074
HELVE_p_TCGA_b139_154_155_SNP_N_GenomeWideSNP_6_D06_808716	X	116083441	116098317	12	0.8291
HELVE_p_TCGA_b139_154_155_SNP_N_GenomeWideSNP_6_D06_808716	X	116104867	155182354	23097	-0.0035
HELVE_p_TCGA_b139_154_155_SNP_N_GenomeWideSNP_6_D06_808716	Y	2650438	59018259	8633	-0.3584
