Sample	Chromosome	Start	End	Num_Probes	Segment_Mean
FOXED_p_TCGA_b122_128_SNP_N_GenomeWideSNP_6_C02_781882	1	61735	82170	9	0.4272
FOXED_p_TCGA_b122_128_SNP_N_GenomeWideSNP_6_C02_781882	1	82315	1510801	216	-0.2402
FOXED_p_TCGA_b122_128_SNP_N_GenomeWideSNP_6_C02_781882	1	1627918	1672603	17	-1.5516
FOXED_p_TCGA_b122_128_SNP_N_GenomeWideSNP_6_C02_781882	1	1687587	3200337	505	-0.2612
FOXED_p_TCGA_b122_128_SNP_N_GenomeWideSNP_6_C02_781882	1	3202445	3218329	6	-0.9424
FOXED_p_TCGA_b122_128_SNP_N_GenomeWideSNP_6_C02_781882	1	3218610	16149915	7663	-0.207
FOXED_p_TCGA_b122_128_SNP_N_GenomeWideSNP_6_C02_781882	1	16153497	16153925	6	-1.915
FOXED_p_TCGA_b122_128_SNP_N_GenomeWideSNP_6_C02_781882	1	16154201	16155010	4	-0.8182
FOXED_p_TCGA_b122_128_SNP_N_GenomeWideSNP_6_C02_781882	1	16165661	23053536	4280	-0.2156
FOXED_p_TCGA_b122_128_SNP_N_GenomeWideSNP_6_C02_781882	1	23060250	23087478	28	-1.1349
FOXED_p_TCGA_b122_128_SNP_N_GenomeWideSNP_6_C02_781882	1	23089261	25583341	1430	-0.2827
FOXED_p_TCGA_b122_128_SNP_N_GenomeWideSNP_6_C02_781882	1	25593128	25628631	20	0.1715
FOXED_p_TCGA_b122_128_SNP_N_GenomeWideSNP_6_C02_781882	1	25636451	30731522	2404	-0.2915
FOXED_p_TCGA_b122_128_SNP_N_GenomeWideSNP_6_C02_781882	1	30731577	30738534	9	-0.9772
FOXED_p_TCGA_b122_128_SNP_N_GenomeWideSNP_6_C02_781882	1	30739299	30739796	3	-3.149
FOXED_p_TCGA_b122_128_SNP_N_GenomeWideSNP_6_C02_781882	1	30741496	34656384	2224	-0.2823
FOXED_p_TCGA_b122_128_SNP_N_GenomeWideSNP_6_C02_781882	1	34656812	34657303	2	-2.6782
FOXED_p_TCGA_b122_128_SNP_N_GenomeWideSNP_6_C02_781882	1	34661652	35091674	335	-0.2618
FOXED_p_TCGA_b122_128_SNP_N_GenomeWideSNP_6_C02_781882	1	35102654	35102844	4	-1.8394
FOXED_p_TCGA_b122_128_SNP_N_GenomeWideSNP_6_C02_781882	1	35103033	35103827	7	-0.7705
FOXED_p_TCGA_b122_128_SNP_N_GenomeWideSNP_6_C02_781882	1	35103864	35104491	9	-1.7897
FOXED_p_TCGA_b122_128_SNP_N_GenomeWideSNP_6_C02_781882	1	35114268	72788725	23884	-0.2825
FOXED_p_TCGA_b122_128_SNP_N_GenomeWideSNP_6_C02_781882	1	72788844	72797412	9	-0.9665
FOXED_p_TCGA_b122_128_SNP_N_GenomeWideSNP_6_C02_781882	1	72798594	80214479	4669	-0.2884
FOXED_p_TCGA_b122_128_SNP_N_GenomeWideSNP_6_C02_781882	1	80218574	104155643	15437	0.2205
FOXED_p_TCGA_b122_128_SNP_N_GenomeWideSNP_6_C02_781882	1	104155731	104163499	9	-0.7807
FOXED_p_TCGA_b122_128_SNP_N_GenomeWideSNP_6_C02_781882	1	104163787	104260032	23	-0.0847
FOXED_p_TCGA_b122_128_SNP_N_GenomeWideSNP_6_C02_781882	1	104260239	105641571	712	0.2129
FOXED_p_TCGA_b122_128_SNP_N_GenomeWideSNP_6_C02_781882	1	105642553	108729759	2172	-0.2773
FOXED_p_TCGA_b122_128_SNP_N_GenomeWideSNP_6_C02_781882	1	108734235	108737496	3	-2.0417
FOXED_p_TCGA_b122_128_SNP_N_GenomeWideSNP_6_C02_781882	1	108739104	110227515	725	-0.2854
FOXED_p_TCGA_b122_128_SNP_N_GenomeWideSNP_6_C02_781882	1	110232974	110240155	16	-0.9364
FOXED_p_TCGA_b122_128_SNP_N_GenomeWideSNP_6_C02_781882	1	110240178	111359935	827	-0.2939
FOXED_p_TCGA_b122_128_SNP_N_GenomeWideSNP_6_C02_781882	1	111360545	111388226	54	-0.0277
FOXED_p_TCGA_b122_128_SNP_N_GenomeWideSNP_6_C02_781882	1	111392067	112690326	1079	-0.3159
FOXED_p_TCGA_b122_128_SNP_N_GenomeWideSNP_6_C02_781882	1	112695965	112697390	25	0.2183
FOXED_p_TCGA_b122_128_SNP_N_GenomeWideSNP_6_C02_781882	1	112705956	121482979	5186	-0.2807
FOXED_p_TCGA_b122_128_SNP_N_GenomeWideSNP_6_C02_781882	1	144007049	145372563	276	0.3492
FOXED_p_TCGA_b122_128_SNP_N_GenomeWideSNP_6_C02_781882	1	145382124	149229843	1028	0.5788
FOXED_p_TCGA_b122_128_SNP_N_GenomeWideSNP_6_C02_781882	1	149242663	149246030	10	1.2325
FOXED_p_TCGA_b122_128_SNP_N_GenomeWideSNP_6_C02_781882	1	149246275	149422459	41	0.5179
FOXED_p_TCGA_b122_128_SNP_N_GenomeWideSNP_6_C02_781882	1	149422617	149664041	17	-0.1337
FOXED_p_TCGA_b122_128_SNP_N_GenomeWideSNP_6_C02_781882	1	149676317	150632724	391	0.5742
FOXED_p_TCGA_b122_128_SNP_N_GenomeWideSNP_6_C02_781882	1	150637494	150671398	42	-0.3378
FOXED_p_TCGA_b122_128_SNP_N_GenomeWideSNP_6_C02_781882	1	150673364	152555527	1050	0.5854
FOXED_p_TCGA_b122_128_SNP_N_GenomeWideSNP_6_C02_781882	1	152555706	152586540	33	-1.6174
FOXED_p_TCGA_b122_128_SNP_N_GenomeWideSNP_6_C02_781882	1	152586576	189648157	25036	0.5851
FOXED_p_TCGA_b122_128_SNP_N_GenomeWideSNP_6_C02_781882	1	189648483	189648527	2	-1.654
FOXED_p_TCGA_b122_128_SNP_N_GenomeWideSNP_6_C02_781882	1	189652047	196714873	4747	0.5548
FOXED_p_TCGA_b122_128_SNP_N_GenomeWideSNP_6_C02_781882	1	196727850	196815791	96	-0.0189
FOXED_p_TCGA_b122_128_SNP_N_GenomeWideSNP_6_C02_781882	1	196816730	199111363	1381	0.5533
FOXED_p_TCGA_b122_128_SNP_N_GenomeWideSNP_6_C02_781882	1	199111426	199114238	9	1.143
FOXED_p_TCGA_b122_128_SNP_N_GenomeWideSNP_6_C02_781882	1	199114390	211646264	8505	0.5846
FOXED_p_TCGA_b122_128_SNP_N_GenomeWideSNP_6_C02_781882	1	211647336	235778721	16500	0.2207
FOXED_p_TCGA_b122_128_SNP_N_GenomeWideSNP_6_C02_781882	1	235784229	245545009	7272	0.5648
FOXED_p_TCGA_b122_128_SNP_N_GenomeWideSNP_6_C02_781882	1	245545144	245546398	2	-1.0587
FOXED_p_TCGA_b122_128_SNP_N_GenomeWideSNP_6_C02_781882	1	245549962	249224388	2308	0.601
FOXED_p_TCGA_b122_128_SNP_N_GenomeWideSNP_6_C02_781882	2	12784	8510375	6607	0.5735
FOXED_p_TCGA_b122_128_SNP_N_GenomeWideSNP_6_C02_781882	2	8518276	20815964	8983	0.2155
FOXED_p_TCGA_b122_128_SNP_N_GenomeWideSNP_6_C02_781882	2	20817493	20823219	5	-0.5693
FOXED_p_TCGA_b122_128_SNP_N_GenomeWideSNP_6_C02_781882	2	20823252	35975973	9453	0.2066
FOXED_p_TCGA_b122_128_SNP_N_GenomeWideSNP_6_C02_781882	2	35977790	35987916	6	1.117
FOXED_p_TCGA_b122_128_SNP_N_GenomeWideSNP_6_C02_781882	2	35987947	36335595	274	0.1942
FOXED_p_TCGA_b122_128_SNP_N_GenomeWideSNP_6_C02_781882	2	36335596	36335599	4	-0.8624
FOXED_p_TCGA_b122_128_SNP_N_GenomeWideSNP_6_C02_781882	2	36335602	38522932	1794	0.224
FOXED_p_TCGA_b122_128_SNP_N_GenomeWideSNP_6_C02_781882	2	38523389	39799268	700	0.5577
FOXED_p_TCGA_b122_128_SNP_N_GenomeWideSNP_6_C02_781882	2	39800033	41238235	1177	0.1995
FOXED_p_TCGA_b122_128_SNP_N_GenomeWideSNP_6_C02_781882	2	41238443	41251265	25	-0.2888
FOXED_p_TCGA_b122_128_SNP_N_GenomeWideSNP_6_C02_781882	2	41251278	52265663	7878	0.2141
FOXED_p_TCGA_b122_128_SNP_N_GenomeWideSNP_6_C02_781882	2	52266907	52273900	2	-1.3057
FOXED_p_TCGA_b122_128_SNP_N_GenomeWideSNP_6_C02_781882	2	52274829	87344738	22401	0.2054
FOXED_p_TCGA_b122_128_SNP_N_GenomeWideSNP_6_C02_781882	2	87361172	87996372	186	0.7624
FOXED_p_TCGA_b122_128_SNP_N_GenomeWideSNP_6_C02_781882	2	88024667	98063372	1869	0.2082
FOXED_p_TCGA_b122_128_SNP_N_GenomeWideSNP_6_C02_781882	2	98118128	98274527	42	0.879
FOXED_p_TCGA_b122_128_SNP_N_GenomeWideSNP_6_C02_781882	2	98277322	112299024	8258	0.1821
FOXED_p_TCGA_b122_128_SNP_N_GenomeWideSNP_6_C02_781882	2	112310841	112376519	16	0.9076
FOXED_p_TCGA_b122_128_SNP_N_GenomeWideSNP_6_C02_781882	2	112379314	171796381	36383	0.1774
FOXED_p_TCGA_b122_128_SNP_N_GenomeWideSNP_6_C02_781882	2	171805870	171976294	89	-0.3394
FOXED_p_TCGA_b122_128_SNP_N_GenomeWideSNP_6_C02_781882	2	171977767	208355338	21835	0.2131
FOXED_p_TCGA_b122_128_SNP_N_GenomeWideSNP_6_C02_781882	2	208355696	208359336	13	-0.3858
FOXED_p_TCGA_b122_128_SNP_N_GenomeWideSNP_6_C02_781882	2	208359476	229757006	13905	0.2122
FOXED_p_TCGA_b122_128_SNP_N_GenomeWideSNP_6_C02_781882	2	229759479	229759913	8	-0.6073
FOXED_p_TCGA_b122_128_SNP_N_GenomeWideSNP_6_C02_781882	2	229760083	236436519	4268	0.2125
FOXED_p_TCGA_b122_128_SNP_N_GenomeWideSNP_6_C02_781882	2	236436555	236462884	22	-0.3434
FOXED_p_TCGA_b122_128_SNP_N_GenomeWideSNP_6_C02_781882	2	236465074	236507632	24	0.1805
FOXED_p_TCGA_b122_128_SNP_N_GenomeWideSNP_6_C02_781882	2	236514487	236541538	21	-0.2977
FOXED_p_TCGA_b122_128_SNP_N_GenomeWideSNP_6_C02_781882	2	236541829	241442726	3175	0.2098
FOXED_p_TCGA_b122_128_SNP_N_GenomeWideSNP_6_C02_781882	2	241442788	241456681	40	-0.3212
FOXED_p_TCGA_b122_128_SNP_N_GenomeWideSNP_6_C02_781882	2	241456704	243034519	664	0.2089
FOXED_p_TCGA_b122_128_SNP_N_GenomeWideSNP_6_C02_781882	2	243034686	243037654	6	-0.5173
FOXED_p_TCGA_b122_128_SNP_N_GenomeWideSNP_6_C02_781882	2	243037669	243089456	24	0.1953
FOXED_p_TCGA_b122_128_SNP_N_GenomeWideSNP_6_C02_781882	3	60345	6646543	5846	-0.2674
FOXED_p_TCGA_b122_128_SNP_N_GenomeWideSNP_6_C02_781882	3	6651128	6653332	23	-1.548
FOXED_p_TCGA_b122_128_SNP_N_GenomeWideSNP_6_C02_781882	3	6655078	24742647	12596	-0.2852
FOXED_p_TCGA_b122_128_SNP_N_GenomeWideSNP_6_C02_781882	3	24745829	47388990	15071	0.2511
FOXED_p_TCGA_b122_128_SNP_N_GenomeWideSNP_6_C02_781882	3	47393560	68746164	14336	-0.2824
FOXED_p_TCGA_b122_128_SNP_N_GenomeWideSNP_6_C02_781882	3	68746259	68747413	14	-1.2656
FOXED_p_TCGA_b122_128_SNP_N_GenomeWideSNP_6_C02_781882	3	68748758	75421170	4874	-0.2951
FOXED_p_TCGA_b122_128_SNP_N_GenomeWideSNP_6_C02_781882	3	75427107	75561141	61	-0.5976
FOXED_p_TCGA_b122_128_SNP_N_GenomeWideSNP_6_C02_781882	3	75568549	83446315	4399	-0.281
FOXED_p_TCGA_b122_128_SNP_N_GenomeWideSNP_6_C02_781882	3	83448868	98944476	6627	0.0396
FOXED_p_TCGA_b122_128_SNP_N_GenomeWideSNP_6_C02_781882	3	98944511	98949301	33	0.5715
FOXED_p_TCGA_b122_128_SNP_N_GenomeWideSNP_6_C02_781882	3	98949308	124965928	16050	0.0272
FOXED_p_TCGA_b122_128_SNP_N_GenomeWideSNP_6_C02_781882	3	124969593	125708709	346	-0.268
FOXED_p_TCGA_b122_128_SNP_N_GenomeWideSNP_6_C02_781882	3	125712213	125720602	18	0.3616
FOXED_p_TCGA_b122_128_SNP_N_GenomeWideSNP_6_C02_781882	3	125720648	128384523	1711	-0.2981
FOXED_p_TCGA_b122_128_SNP_N_GenomeWideSNP_6_C02_781882	3	128386602	128412331	14	0.6129
FOXED_p_TCGA_b122_128_SNP_N_GenomeWideSNP_6_C02_781882	3	128414161	129766586	627	-0.2919
FOXED_p_TCGA_b122_128_SNP_N_GenomeWideSNP_6_C02_781882	3	129775858	129808555	54	0.2567
FOXED_p_TCGA_b122_128_SNP_N_GenomeWideSNP_6_C02_781882	3	129808811	131989347	1440	-0.2836
FOXED_p_TCGA_b122_128_SNP_N_GenomeWideSNP_6_C02_781882	3	131992737	131995684	4	-2.5414
FOXED_p_TCGA_b122_128_SNP_N_GenomeWideSNP_6_C02_781882	3	132000477	147882566	9774	-0.2937
FOXED_p_TCGA_b122_128_SNP_N_GenomeWideSNP_6_C02_781882	3	147891300	147891503	2	-1.7972
FOXED_p_TCGA_b122_128_SNP_N_GenomeWideSNP_6_C02_781882	3	147897063	148506098	411	-0.2825
FOXED_p_TCGA_b122_128_SNP_N_GenomeWideSNP_6_C02_781882	3	148506111	148520821	10	-0.7323
FOXED_p_TCGA_b122_128_SNP_N_GenomeWideSNP_6_C02_781882	3	148521601	148963395	278	-0.2953
FOXED_p_TCGA_b122_128_SNP_N_GenomeWideSNP_6_C02_781882	3	148963461	148966743	22	-0.7349
FOXED_p_TCGA_b122_128_SNP_N_GenomeWideSNP_6_C02_781882	3	148966913	162508268	8352	-0.2966
FOXED_p_TCGA_b122_128_SNP_N_GenomeWideSNP_6_C02_781882	3	162512657	162623842	65	0.1841
FOXED_p_TCGA_b122_128_SNP_N_GenomeWideSNP_6_C02_781882	3	162623853	162714517	77	-0.249
FOXED_p_TCGA_b122_128_SNP_N_GenomeWideSNP_6_C02_781882	3	162717727	162719562	2	-2.5755
FOXED_p_TCGA_b122_128_SNP_N_GenomeWideSNP_6_C02_781882	3	162726159	165021836	1232	-0.269
FOXED_p_TCGA_b122_128_SNP_N_GenomeWideSNP_6_C02_781882	3	165022274	165022914	2	-1.6905
FOXED_p_TCGA_b122_128_SNP_N_GenomeWideSNP_6_C02_781882	3	165030679	165602581	408	-0.2323
FOXED_p_TCGA_b122_128_SNP_N_GenomeWideSNP_6_C02_781882	3	165603107	197869571	20212	0.0405
FOXED_p_TCGA_b122_128_SNP_N_GenomeWideSNP_6_C02_781882	3	197895985	197896118	4	-0.5447
FOXED_p_TCGA_b122_128_SNP_N_GenomeWideSNP_6_C02_781882	4	12281	10223416	5799	-0.3028
FOXED_p_TCGA_b122_128_SNP_N_GenomeWideSNP_6_C02_781882	4	10223628	10231498	27	-1.7008
FOXED_p_TCGA_b122_128_SNP_N_GenomeWideSNP_6_C02_781882	4	10234214	34779054	17001	-0.3042
FOXED_p_TCGA_b122_128_SNP_N_GenomeWideSNP_6_C02_781882	4	34786500	34824183	37	-2.4772
FOXED_p_TCGA_b122_128_SNP_N_GenomeWideSNP_6_C02_781882	4	34824725	49088640	8974	-0.2912
FOXED_p_TCGA_b122_128_SNP_N_GenomeWideSNP_6_C02_781882	4	49089359	49179856	13	0.225
FOXED_p_TCGA_b122_128_SNP_N_GenomeWideSNP_6_C02_781882	4	49205918	49650106	25	-0.1347
FOXED_p_TCGA_b122_128_SNP_N_GenomeWideSNP_6_C02_781882	4	49655363	61936938	6086	0.227
FOXED_p_TCGA_b122_128_SNP_N_GenomeWideSNP_6_C02_781882	4	61940935	61941952	2	1.5885
FOXED_p_TCGA_b122_128_SNP_N_GenomeWideSNP_6_C02_781882	4	61945686	64693940	1503	0.2456
FOXED_p_TCGA_b122_128_SNP_N_GenomeWideSNP_6_C02_781882	4	64697469	64707605	22	-0.7693
FOXED_p_TCGA_b122_128_SNP_N_GenomeWideSNP_6_C02_781882	4	64707754	64708258	6	-3.0382
FOXED_p_TCGA_b122_128_SNP_N_GenomeWideSNP_6_C02_781882	4	64716431	69244434	2856	0.2348
FOXED_p_TCGA_b122_128_SNP_N_GenomeWideSNP_6_C02_781882	4	69255070	69360488	25	0.5994
FOXED_p_TCGA_b122_128_SNP_N_GenomeWideSNP_6_C02_781882	4	69360489	69489335	69	-0.1269
FOXED_p_TCGA_b122_128_SNP_N_GenomeWideSNP_6_C02_781882	4	69505115	70121263	326	0.3265
FOXED_p_TCGA_b122_128_SNP_N_GenomeWideSNP_6_C02_781882	4	70123510	70232124	57	-0.2958
FOXED_p_TCGA_b122_128_SNP_N_GenomeWideSNP_6_C02_781882	4	70236151	80749065	6603	0.2475
FOXED_p_TCGA_b122_128_SNP_N_GenomeWideSNP_6_C02_781882	4	80749973	108511755	16647	-0.2953
FOXED_p_TCGA_b122_128_SNP_N_GenomeWideSNP_6_C02_781882	4	108514076	108514498	2	-2.2613
FOXED_p_TCGA_b122_128_SNP_N_GenomeWideSNP_6_C02_781882	4	108516274	115173700	4121	-0.2848
FOXED_p_TCGA_b122_128_SNP_N_GenomeWideSNP_6_C02_781882	4	115175323	115182175	23	-1.6178
FOXED_p_TCGA_b122_128_SNP_N_GenomeWideSNP_6_C02_781882	4	115184229	119726006	2689	-0.2856
FOXED_p_TCGA_b122_128_SNP_N_GenomeWideSNP_6_C02_781882	4	119730080	119734489	2	-1.9164
FOXED_p_TCGA_b122_128_SNP_N_GenomeWideSNP_6_C02_781882	4	119735879	138092239	10573	-0.2873
FOXED_p_TCGA_b122_128_SNP_N_GenomeWideSNP_6_C02_781882	4	138092420	138093414	14	-1.7408
FOXED_p_TCGA_b122_128_SNP_N_GenomeWideSNP_6_C02_781882	4	138094958	161880141	14785	-0.2714
FOXED_p_TCGA_b122_128_SNP_N_GenomeWideSNP_6_C02_781882	4	161880197	161884600	17	-1.4652
FOXED_p_TCGA_b122_128_SNP_N_GenomeWideSNP_6_C02_781882	4	161884908	172369346	6681	-0.296
FOXED_p_TCGA_b122_128_SNP_N_GenomeWideSNP_6_C02_781882	4	172374884	172377710	10	0.6224
FOXED_p_TCGA_b122_128_SNP_N_GenomeWideSNP_6_C02_781882	4	172377724	172989148	398	-0.2693
FOXED_p_TCGA_b122_128_SNP_N_GenomeWideSNP_6_C02_781882	4	172989166	172989533	11	0.1979
FOXED_p_TCGA_b122_128_SNP_N_GenomeWideSNP_6_C02_781882	4	172995979	173422522	231	-0.2278
FOXED_p_TCGA_b122_128_SNP_N_GenomeWideSNP_6_C02_781882	4	173424947	173428643	7	1.0986
FOXED_p_TCGA_b122_128_SNP_N_GenomeWideSNP_6_C02_781882	4	173441132	190189043	11500	-0.2903
FOXED_p_TCGA_b122_128_SNP_N_GenomeWideSNP_6_C02_781882	4	190195118	190199264	4	-1.4239
FOXED_p_TCGA_b122_128_SNP_N_GenomeWideSNP_6_C02_781882	4	190199771	191027923	386	-0.3027
FOXED_p_TCGA_b122_128_SNP_N_GenomeWideSNP_6_C02_781882	5	15532	698505	310	-0.372
FOXED_p_TCGA_b122_128_SNP_N_GenomeWideSNP_6_C02_781882	5	717379	779860	27	0.6649
FOXED_p_TCGA_b122_128_SNP_N_GenomeWideSNP_6_C02_781882	5	779881	852566	29	-0.0378
FOXED_p_TCGA_b122_128_SNP_N_GenomeWideSNP_6_C02_781882	5	863797	12800889	9858	-0.3258
FOXED_p_TCGA_b122_128_SNP_N_GenomeWideSNP_6_C02_781882	5	12815780	12826650	11	0.6327
FOXED_p_TCGA_b122_128_SNP_N_GenomeWideSNP_6_C02_781882	5	12833857	16124245	2229	-0.2822
FOXED_p_TCGA_b122_128_SNP_N_GenomeWideSNP_6_C02_781882	5	16125128	16125214	3	-1.987
FOXED_p_TCGA_b122_128_SNP_N_GenomeWideSNP_6_C02_781882	5	16127544	19458788	2151	-0.2923
FOXED_p_TCGA_b122_128_SNP_N_GenomeWideSNP_6_C02_781882	5	19459021	19459263	2	-2.0949
FOXED_p_TCGA_b122_128_SNP_N_GenomeWideSNP_6_C02_781882	5	19459627	21376844	1110	-0.2877
FOXED_p_TCGA_b122_128_SNP_N_GenomeWideSNP_6_C02_781882	5	21377839	21377853	2	-1.7862
FOXED_p_TCGA_b122_128_SNP_N_GenomeWideSNP_6_C02_781882	5	21386066	21449276	45	-0.1662
FOXED_p_TCGA_b122_128_SNP_N_GenomeWideSNP_6_C02_781882	5	21451200	21452438	5	-2.166
FOXED_p_TCGA_b122_128_SNP_N_GenomeWideSNP_6_C02_781882	5	21452496	24778106	1917	-0.3005
FOXED_p_TCGA_b122_128_SNP_N_GenomeWideSNP_6_C02_781882	5	24778376	24781828	15	-1.4749
FOXED_p_TCGA_b122_128_SNP_N_GenomeWideSNP_6_C02_781882	5	24786926	25276010	292	-0.2511
FOXED_p_TCGA_b122_128_SNP_N_GenomeWideSNP_6_C02_781882	5	25278483	26729735	883	0.1937
FOXED_p_TCGA_b122_128_SNP_N_GenomeWideSNP_6_C02_781882	5	26731343	26797844	54	-0.3146
FOXED_p_TCGA_b122_128_SNP_N_GenomeWideSNP_6_C02_781882	5	26803884	32102731	3430	0.1721
FOXED_p_TCGA_b122_128_SNP_N_GenomeWideSNP_6_C02_781882	5	32107084	32158455	40	0.7934
FOXED_p_TCGA_b122_128_SNP_N_GenomeWideSNP_6_C02_781882	5	32170287	40794579	5739	0.1889
FOXED_p_TCGA_b122_128_SNP_N_GenomeWideSNP_6_C02_781882	5	40794963	46271930	2669	-0.2814
FOXED_p_TCGA_b122_128_SNP_N_GenomeWideSNP_6_C02_781882	5	46272521	46273502	5	-2.2401
FOXED_p_TCGA_b122_128_SNP_N_GenomeWideSNP_6_C02_781882	5	46278212	52402048	1719	-0.2669
FOXED_p_TCGA_b122_128_SNP_N_GenomeWideSNP_6_C02_781882	5	52404519	52409439	3	-1.6853
FOXED_p_TCGA_b122_128_SNP_N_GenomeWideSNP_6_C02_781882	5	52411785	57321646	3362	-0.3018
FOXED_p_TCGA_b122_128_SNP_N_GenomeWideSNP_6_C02_781882	5	57326027	57332955	29	-0.6505
FOXED_p_TCGA_b122_128_SNP_N_GenomeWideSNP_6_C02_781882	5	57333293	60192458	1959	-0.2765
FOXED_p_TCGA_b122_128_SNP_N_GenomeWideSNP_6_C02_781882	5	60196432	60197079	2	-2.9479
FOXED_p_TCGA_b122_128_SNP_N_GenomeWideSNP_6_C02_781882	5	60197715	68318642	5134	-0.293
FOXED_p_TCGA_b122_128_SNP_N_GenomeWideSNP_6_C02_781882	5	68319687	68320768	3	-1.8971
FOXED_p_TCGA_b122_128_SNP_N_GenomeWideSNP_6_C02_781882	5	68321186	75579762	3496	-0.2867
FOXED_p_TCGA_b122_128_SNP_N_GenomeWideSNP_6_C02_781882	5	75579952	75580696	3	-1.8273
FOXED_p_TCGA_b122_128_SNP_N_GenomeWideSNP_6_C02_781882	5	75581597	103851221	16290	-0.289
FOXED_p_TCGA_b122_128_SNP_N_GenomeWideSNP_6_C02_781882	5	103860373	103860604	4	1.1474
FOXED_p_TCGA_b122_128_SNP_N_GenomeWideSNP_6_C02_781882	5	103861049	113324270	6376	-0.2901
FOXED_p_TCGA_b122_128_SNP_N_GenomeWideSNP_6_C02_781882	5	113327005	113335389	11	-1.9557
FOXED_p_TCGA_b122_128_SNP_N_GenomeWideSNP_6_C02_781882	5	113336968	137736611	15768	-0.2869
FOXED_p_TCGA_b122_128_SNP_N_GenomeWideSNP_6_C02_781882	5	137737055	137740637	5	1.0178
FOXED_p_TCGA_b122_128_SNP_N_GenomeWideSNP_6_C02_781882	5	137745877	150963802	8245	-0.2932
FOXED_p_TCGA_b122_128_SNP_N_GenomeWideSNP_6_C02_781882	5	150965658	155475104	3089	0.2247
FOXED_p_TCGA_b122_128_SNP_N_GenomeWideSNP_6_C02_781882	5	155475105	155482729	15	-1.0178
FOXED_p_TCGA_b122_128_SNP_N_GenomeWideSNP_6_C02_781882	5	155495250	157779147	1578	0.2054
FOXED_p_TCGA_b122_128_SNP_N_GenomeWideSNP_6_C02_781882	5	157782556	163799434	3969	0.5943
FOXED_p_TCGA_b122_128_SNP_N_GenomeWideSNP_6_C02_781882	5	163804893	168399685	3303	0.2246
FOXED_p_TCGA_b122_128_SNP_N_GenomeWideSNP_6_C02_781882	5	168406697	171027070	1966	-0.3296
FOXED_p_TCGA_b122_128_SNP_N_GenomeWideSNP_6_C02_781882	5	171031120	175460087	3292	0.2379
FOXED_p_TCGA_b122_128_SNP_N_GenomeWideSNP_6_C02_781882	5	175465689	175469507	2	1.506
FOXED_p_TCGA_b122_128_SNP_N_GenomeWideSNP_6_C02_781882	5	175470324	177151104	724	0.2184
FOXED_p_TCGA_b122_128_SNP_N_GenomeWideSNP_6_C02_781882	5	177157399	177198449	5	-0.8954
FOXED_p_TCGA_b122_128_SNP_N_GenomeWideSNP_6_C02_781882	5	177227551	180664406	1979	0.2345
FOXED_p_TCGA_b122_128_SNP_N_GenomeWideSNP_6_C02_781882	5	180665933	180666276	2	-1.6409
FOXED_p_TCGA_b122_128_SNP_N_GenomeWideSNP_6_C02_781882	5	180668618	180790320	25	0.244
FOXED_p_TCGA_b122_128_SNP_N_GenomeWideSNP_6_C02_781882	6	149661	265143	107	-0.3409
FOXED_p_TCGA_b122_128_SNP_N_GenomeWideSNP_6_C02_781882	6	267622	381149	94	0.0358
FOXED_p_TCGA_b122_128_SNP_N_GenomeWideSNP_6_C02_781882	6	382559	2237479	1545	-0.3126
FOXED_p_TCGA_b122_128_SNP_N_GenomeWideSNP_6_C02_781882	6	2239102	29899677	20045	0.2067
FOXED_p_TCGA_b122_128_SNP_N_GenomeWideSNP_6_C02_781882	6	29901564	29937262	26	-0.1217
FOXED_p_TCGA_b122_128_SNP_N_GenomeWideSNP_6_C02_781882	6	29937311	31287222	636	0.2149
FOXED_p_TCGA_b122_128_SNP_N_GenomeWideSNP_6_C02_781882	6	31287501	31296451	6	-1.4636
FOXED_p_TCGA_b122_128_SNP_N_GenomeWideSNP_6_C02_781882	6	31309924	32449050	506	0.2168
FOXED_p_TCGA_b122_128_SNP_N_GenomeWideSNP_6_C02_781882	6	32449523	32501299	19	-0.3363
FOXED_p_TCGA_b122_128_SNP_N_GenomeWideSNP_6_C02_781882	6	32508476	32686196	88	0.2187
FOXED_p_TCGA_b122_128_SNP_N_GenomeWideSNP_6_C02_781882	6	32688615	32688853	3	1.5189
FOXED_p_TCGA_b122_128_SNP_N_GenomeWideSNP_6_C02_781882	6	32689324	53931275	13712	0.2247
FOXED_p_TCGA_b122_128_SNP_N_GenomeWideSNP_6_C02_781882	6	53931380	53931855	4	-1.4436
FOXED_p_TCGA_b122_128_SNP_N_GenomeWideSNP_6_C02_781882	6	53935348	55825495	1213	0.2192
FOXED_p_TCGA_b122_128_SNP_N_GenomeWideSNP_6_C02_781882	6	55826155	55843660	10	-0.8524
FOXED_p_TCGA_b122_128_SNP_N_GenomeWideSNP_6_C02_781882	6	55850878	74591858	9305	0.2122
FOXED_p_TCGA_b122_128_SNP_N_GenomeWideSNP_6_C02_781882	6	74592225	74601410	10	1.0195
FOXED_p_TCGA_b122_128_SNP_N_GenomeWideSNP_6_C02_781882	6	74603555	77014948	1471	0.223
FOXED_p_TCGA_b122_128_SNP_N_GenomeWideSNP_6_C02_781882	6	77016900	77016911	2	-1.5756
FOXED_p_TCGA_b122_128_SNP_N_GenomeWideSNP_6_C02_781882	6	77016926	77436532	297	0.2246
FOXED_p_TCGA_b122_128_SNP_N_GenomeWideSNP_6_C02_781882	6	77439868	77452446	17	-0.3326
FOXED_p_TCGA_b122_128_SNP_N_GenomeWideSNP_6_C02_781882	6	77452641	77482314	37	0.1891
FOXED_p_TCGA_b122_128_SNP_N_GenomeWideSNP_6_C02_781882	6	77482762	77491572	7	0.7584
FOXED_p_TCGA_b122_128_SNP_N_GenomeWideSNP_6_C02_781882	6	77491851	78962889	940	0.1914
FOXED_p_TCGA_b122_128_SNP_N_GenomeWideSNP_6_C02_781882	6	78969065	79035185	113	-0.3195
FOXED_p_TCGA_b122_128_SNP_N_GenomeWideSNP_6_C02_781882	6	79039234	111657151	20526	0.2113
FOXED_p_TCGA_b122_128_SNP_N_GenomeWideSNP_6_C02_781882	6	111661996	114844801	2073	-0.3354
FOXED_p_TCGA_b122_128_SNP_N_GenomeWideSNP_6_C02_781882	6	114845258	124431774	5661	0.2
FOXED_p_TCGA_b122_128_SNP_N_GenomeWideSNP_6_C02_781882	6	124435941	124470365	20	1.0696
FOXED_p_TCGA_b122_128_SNP_N_GenomeWideSNP_6_C02_781882	6	124470761	126182763	1180	0.2218
FOXED_p_TCGA_b122_128_SNP_N_GenomeWideSNP_6_C02_781882	6	126183692	126186776	3	-1.2479
FOXED_p_TCGA_b122_128_SNP_N_GenomeWideSNP_6_C02_781882	6	126188893	157986336	20987	0.2229
FOXED_p_TCGA_b122_128_SNP_N_GenomeWideSNP_6_C02_781882	6	157986518	157997972	5	-1.1457
FOXED_p_TCGA_b122_128_SNP_N_GenomeWideSNP_6_C02_781882	6	158005816	161032565	2097	0.2289
FOXED_p_TCGA_b122_128_SNP_N_GenomeWideSNP_6_C02_781882	6	161032719	161033283	5	1.4946
FOXED_p_TCGA_b122_128_SNP_N_GenomeWideSNP_6_C02_781882	6	161068042	171051005	7269	0.2231
FOXED_p_TCGA_b122_128_SNP_N_GenomeWideSNP_6_C02_781882	7	43355	4735139	2550	0.5926
FOXED_p_TCGA_b122_128_SNP_N_GenomeWideSNP_6_C02_781882	7	4736026	4767805	16	0.0673
FOXED_p_TCGA_b122_128_SNP_N_GenomeWideSNP_6_C02_781882	7	4775049	6427897	704	0.5749
FOXED_p_TCGA_b122_128_SNP_N_GenomeWideSNP_6_C02_781882	7	6430275	6451481	22	0.128
FOXED_p_TCGA_b122_128_SNP_N_GenomeWideSNP_6_C02_781882	7	6455867	22434780	12823	0.5957
FOXED_p_TCGA_b122_128_SNP_N_GenomeWideSNP_6_C02_781882	7	22435472	22436487	2	1.8428
FOXED_p_TCGA_b122_128_SNP_N_GenomeWideSNP_6_C02_781882	7	22438754	26222452	2807	0.5776
FOXED_p_TCGA_b122_128_SNP_N_GenomeWideSNP_6_C02_781882	7	26227777	26288062	26	0.2697
FOXED_p_TCGA_b122_128_SNP_N_GenomeWideSNP_6_C02_781882	7	26294257	28174491	1282	0.6154
FOXED_p_TCGA_b122_128_SNP_N_GenomeWideSNP_6_C02_781882	7	28177301	28301101	85	0.2463
FOXED_p_TCGA_b122_128_SNP_N_GenomeWideSNP_6_C02_781882	7	28310590	30853698	1923	0.6114
FOXED_p_TCGA_b122_128_SNP_N_GenomeWideSNP_6_C02_781882	7	30855232	54386505	16363	0.2174
FOXED_p_TCGA_b122_128_SNP_N_GenomeWideSNP_6_C02_781882	7	54386509	54386517	5	-1.4713
FOXED_p_TCGA_b122_128_SNP_N_GenomeWideSNP_6_C02_781882	7	54393488	57067592	1632	0.2125
FOXED_p_TCGA_b122_128_SNP_N_GenomeWideSNP_6_C02_781882	7	57068740	57121014	4	-0.7674
FOXED_p_TCGA_b122_128_SNP_N_GenomeWideSNP_6_C02_781882	7	57128058	70420438	4663	0.1039
FOXED_p_TCGA_b122_128_SNP_N_GenomeWideSNP_6_C02_781882	7	70423250	70426141	2	1.4731
FOXED_p_TCGA_b122_128_SNP_N_GenomeWideSNP_6_C02_781882	7	70428243	80446333	5089	0.0986
FOXED_p_TCGA_b122_128_SNP_N_GenomeWideSNP_6_C02_781882	7	80446728	80448601	2	-1.8325
FOXED_p_TCGA_b122_128_SNP_N_GenomeWideSNP_6_C02_781882	7	80450015	126046543	27521	0.1018
FOXED_p_TCGA_b122_128_SNP_N_GenomeWideSNP_6_C02_781882	7	126046600	126046877	4	1.0165
FOXED_p_TCGA_b122_128_SNP_N_GenomeWideSNP_6_C02_781882	7	126046878	126093581	40	-0.389
FOXED_p_TCGA_b122_128_SNP_N_GenomeWideSNP_6_C02_781882	7	126101126	141769643	9903	0.0897
FOXED_p_TCGA_b122_128_SNP_N_GenomeWideSNP_6_C02_781882	7	141769680	141792107	41	-0.5672
FOXED_p_TCGA_b122_128_SNP_N_GenomeWideSNP_6_C02_781882	7	141795281	142129848	219	0.1493
FOXED_p_TCGA_b122_128_SNP_N_GenomeWideSNP_6_C02_781882	7	142131990	142173839	34	-0.1523
FOXED_p_TCGA_b122_128_SNP_N_GenomeWideSNP_6_C02_781882	7	142174154	142474939	198	0.1359
FOXED_p_TCGA_b122_128_SNP_N_GenomeWideSNP_6_C02_781882	7	142476719	142486045	27	-2.2311
FOXED_p_TCGA_b122_128_SNP_N_GenomeWideSNP_6_C02_781882	7	142486115	143873952	838	0.0946
FOXED_p_TCGA_b122_128_SNP_N_GenomeWideSNP_6_C02_781882	7	143896252	143909445	5	-1.283
FOXED_p_TCGA_b122_128_SNP_N_GenomeWideSNP_6_C02_781882	7	143911624	159127004	9743	0.0995
FOXED_p_TCGA_b122_128_SNP_N_GenomeWideSNP_6_C02_781882	8	31254	158062	5	-0.0783
FOXED_p_TCGA_b122_128_SNP_N_GenomeWideSNP_6_C02_781882	8	161222	593041	316	-1.2764
FOXED_p_TCGA_b122_128_SNP_N_GenomeWideSNP_6_C02_781882	8	594944	595908	10	0.5571
FOXED_p_TCGA_b122_128_SNP_N_GenomeWideSNP_6_C02_781882	8	601043	2204639	1265	-1.2574
FOXED_p_TCGA_b122_128_SNP_N_GenomeWideSNP_6_C02_781882	8	2205102	2207913	4	-6.7852
FOXED_p_TCGA_b122_128_SNP_N_GenomeWideSNP_6_C02_781882	8	2212785	5043849	3709	-1.1895
FOXED_p_TCGA_b122_128_SNP_N_GenomeWideSNP_6_C02_781882	8	5057818	6814445	2313	-0.2961
FOXED_p_TCGA_b122_128_SNP_N_GenomeWideSNP_6_C02_781882	8	6814656	6815328	6	-1.4081
FOXED_p_TCGA_b122_128_SNP_N_GenomeWideSNP_6_C02_781882	8	6815579	7250380	164	-0.327
FOXED_p_TCGA_b122_128_SNP_N_GenomeWideSNP_6_C02_781882	8	7254291	7633078	83	0.0359
FOXED_p_TCGA_b122_128_SNP_N_GenomeWideSNP_6_C02_781882	8	7633123	11949551	3356	-0.3023
FOXED_p_TCGA_b122_128_SNP_N_GenomeWideSNP_6_C02_781882	8	11987726	12001123	6	-1.8052
FOXED_p_TCGA_b122_128_SNP_N_GenomeWideSNP_6_C02_781882	8	12034307	12234251	17	0.0703
FOXED_p_TCGA_b122_128_SNP_N_GenomeWideSNP_6_C02_781882	8	12234298	12247486	32	0.5062
FOXED_p_TCGA_b122_128_SNP_N_GenomeWideSNP_6_C02_781882	8	12260927	12419427	52	0.0115
FOXED_p_TCGA_b122_128_SNP_N_GenomeWideSNP_6_C02_781882	8	12419667	24972187	10443	-0.2911
FOXED_p_TCGA_b122_128_SNP_N_GenomeWideSNP_6_C02_781882	8	24974443	24984223	25	0.264
FOXED_p_TCGA_b122_128_SNP_N_GenomeWideSNP_6_C02_781882	8	24984250	39235603	9048	-0.2911
FOXED_p_TCGA_b122_128_SNP_N_GenomeWideSNP_6_C02_781882	8	39246675	39386965	58	-0.8733
FOXED_p_TCGA_b122_128_SNP_N_GenomeWideSNP_6_C02_781882	8	39388299	40052303	459	-0.2786
FOXED_p_TCGA_b122_128_SNP_N_GenomeWideSNP_6_C02_781882	8	40055056	40055363	2	-2.9469
FOXED_p_TCGA_b122_128_SNP_N_GenomeWideSNP_6_C02_781882	8	40059650	43745220	2115	-0.3115
FOXED_p_TCGA_b122_128_SNP_N_GenomeWideSNP_6_C02_781882	8	43747688	64848636	11089	0.2226
FOXED_p_TCGA_b122_128_SNP_N_GenomeWideSNP_6_C02_781882	8	64848897	64849118	6	1.2002
FOXED_p_TCGA_b122_128_SNP_N_GenomeWideSNP_6_C02_781882	8	64849510	72212365	4249	0.2153
FOXED_p_TCGA_b122_128_SNP_N_GenomeWideSNP_6_C02_781882	8	72215311	72216599	9	-0.4476
FOXED_p_TCGA_b122_128_SNP_N_GenomeWideSNP_6_C02_781882	8	72219863	96448221	14422	0.2218
FOXED_p_TCGA_b122_128_SNP_N_GenomeWideSNP_6_C02_781882	8	96450447	96596132	143	-0.2835
FOXED_p_TCGA_b122_128_SNP_N_GenomeWideSNP_6_C02_781882	8	96599781	112291494	9581	0.2214
FOXED_p_TCGA_b122_128_SNP_N_GenomeWideSNP_6_C02_781882	8	112294279	112295260	10	-1.258
FOXED_p_TCGA_b122_128_SNP_N_GenomeWideSNP_6_C02_781882	8	112300281	146298155	22951	0.224
FOXED_p_TCGA_b122_128_SNP_N_GenomeWideSNP_6_C02_781882	9	46587	9394299	8994	-0.2931
FOXED_p_TCGA_b122_128_SNP_N_GenomeWideSNP_6_C02_781882	9	9394504	9394902	4	-1.8903
FOXED_p_TCGA_b122_128_SNP_N_GenomeWideSNP_6_C02_781882	9	9395912	10280668	895	-0.2547
FOXED_p_TCGA_b122_128_SNP_N_GenomeWideSNP_6_C02_781882	9	10284056	23361805	10576	0.2311
FOXED_p_TCGA_b122_128_SNP_N_GenomeWideSNP_6_C02_781882	9	23363115	23373484	8	1.0875
FOXED_p_TCGA_b122_128_SNP_N_GenomeWideSNP_6_C02_781882	9	23378488	44251228	11000	0.2265
FOXED_p_TCGA_b122_128_SNP_N_GenomeWideSNP_6_C02_781882	9	44255487	44629223	17	0.9266
FOXED_p_TCGA_b122_128_SNP_N_GenomeWideSNP_6_C02_781882	9	44727859	68183981	191	0.145
FOXED_p_TCGA_b122_128_SNP_N_GenomeWideSNP_6_C02_781882	9	68186051	68186057	4	1.926
FOXED_p_TCGA_b122_128_SNP_N_GenomeWideSNP_6_C02_781882	9	68186059	87892589	12551	0.1126
FOXED_p_TCGA_b122_128_SNP_N_GenomeWideSNP_6_C02_781882	9	87896173	99168058	7703	-0.31
FOXED_p_TCGA_b122_128_SNP_N_GenomeWideSNP_6_C02_781882	9	99178982	134244386	24354	0.0971
FOXED_p_TCGA_b122_128_SNP_N_GenomeWideSNP_6_C02_781882	9	134246225	134275462	22	-0.3139
FOXED_p_TCGA_b122_128_SNP_N_GenomeWideSNP_6_C02_781882	9	134280193	141091394	3640	0.119
FOXED_p_TCGA_b122_128_SNP_N_GenomeWideSNP_6_C02_781882	10	72759	72825	3	-0.3449
FOXED_p_TCGA_b122_128_SNP_N_GenomeWideSNP_6_C02_781882	10	91732	27587531	21472	0.2107
FOXED_p_TCGA_b122_128_SNP_N_GenomeWideSNP_6_C02_781882	10	27593427	27597438	2	-1.0798
FOXED_p_TCGA_b122_128_SNP_N_GenomeWideSNP_6_C02_781882	10	27607185	48902376	10793	0.2154
FOXED_p_TCGA_b122_128_SNP_N_GenomeWideSNP_6_C02_781882	10	48928791	48958519	5	-1.1755
FOXED_p_TCGA_b122_128_SNP_N_GenomeWideSNP_6_C02_781882	10	49031175	58512855	6341	0.2303
FOXED_p_TCGA_b122_128_SNP_N_GenomeWideSNP_6_C02_781882	10	58516375	58526837	41	-0.6747
FOXED_p_TCGA_b122_128_SNP_N_GenomeWideSNP_6_C02_781882	10	58532752	64982135	4628	0.2434
FOXED_p_TCGA_b122_128_SNP_N_GenomeWideSNP_6_C02_781882	10	64982579	65131980	70	-0.3073
FOXED_p_TCGA_b122_128_SNP_N_GenomeWideSNP_6_C02_781882	10	65132806	89029243	15935	0.23
FOXED_p_TCGA_b122_128_SNP_N_GenomeWideSNP_6_C02_781882	10	89029243	89665539	372	-0.2757
FOXED_p_TCGA_b122_128_SNP_N_GenomeWideSNP_6_C02_781882	10	89665571	89706946	76	-0.7872
FOXED_p_TCGA_b122_128_SNP_N_GenomeWideSNP_6_C02_781882	10	89708569	93686660	2829	-0.2902
FOXED_p_TCGA_b122_128_SNP_N_GenomeWideSNP_6_C02_781882	10	93697596	96869063	1786	0.2408
FOXED_p_TCGA_b122_128_SNP_N_GenomeWideSNP_6_C02_781882	10	96869074	96869706	5	-1.2174
FOXED_p_TCGA_b122_128_SNP_N_GenomeWideSNP_6_C02_781882	10	96875714	107854693	6758	0.2352
FOXED_p_TCGA_b122_128_SNP_N_GenomeWideSNP_6_C02_781882	10	107858847	126811672	13830	-0.2795
FOXED_p_TCGA_b122_128_SNP_N_GenomeWideSNP_6_C02_781882	10	126813961	126824068	15	-1.3595
FOXED_p_TCGA_b122_128_SNP_N_GenomeWideSNP_6_C02_781882	10	126830940	126854297	16	-0.2701
FOXED_p_TCGA_b122_128_SNP_N_GenomeWideSNP_6_C02_781882	10	126856255	126857576	2	-2.3942
FOXED_p_TCGA_b122_128_SNP_N_GenomeWideSNP_6_C02_781882	10	126862606	135506704	6162	-0.2965
FOXED_p_TCGA_b122_128_SNP_N_GenomeWideSNP_6_C02_781882	11	198510	4970243	2481	0.2444
FOXED_p_TCGA_b122_128_SNP_N_GenomeWideSNP_6_C02_781882	11	4970277	4974029	23	0.8108
FOXED_p_TCGA_b122_128_SNP_N_GenomeWideSNP_6_C02_781882	11	4975164	5787405	803	0.2336
FOXED_p_TCGA_b122_128_SNP_N_GenomeWideSNP_6_C02_781882	11	5788080	5820561	41	0.6063
FOXED_p_TCGA_b122_128_SNP_N_GenomeWideSNP_6_C02_781882	11	5821982	6117976	237	0.2504
FOXED_p_TCGA_b122_128_SNP_N_GenomeWideSNP_6_C02_781882	11	6120647	6122094	2	1.3643
FOXED_p_TCGA_b122_128_SNP_N_GenomeWideSNP_6_C02_781882	11	6122503	7001696	634	0.2237
FOXED_p_TCGA_b122_128_SNP_N_GenomeWideSNP_6_C02_781882	11	7001786	7007724	2	-0.8951
FOXED_p_TCGA_b122_128_SNP_N_GenomeWideSNP_6_C02_781882	11	7008463	11467133	3279	0.2082
FOXED_p_TCGA_b122_128_SNP_N_GenomeWideSNP_6_C02_781882	11	11467408	24947031	10078	-0.2912
FOXED_p_TCGA_b122_128_SNP_N_GenomeWideSNP_6_C02_781882	11	24955222	24962987	5	-1.2426
FOXED_p_TCGA_b122_128_SNP_N_GenomeWideSNP_6_C02_781882	11	24963520	28526390	2519	-0.2569
FOXED_p_TCGA_b122_128_SNP_N_GenomeWideSNP_6_C02_781882	11	28527003	37928489	6708	0.2469
FOXED_p_TCGA_b122_128_SNP_N_GenomeWideSNP_6_C02_781882	11	37929653	37931308	4	-1.017
FOXED_p_TCGA_b122_128_SNP_N_GenomeWideSNP_6_C02_781882	11	37931475	49708375	7085	0.2323
FOXED_p_TCGA_b122_128_SNP_N_GenomeWideSNP_6_C02_781882	11	49710861	49758273	21	-0.4323
FOXED_p_TCGA_b122_128_SNP_N_GenomeWideSNP_6_C02_781882	11	49758466	51176743	379	0.2047
FOXED_p_TCGA_b122_128_SNP_N_GenomeWideSNP_6_C02_781882	11	51183575	51195051	5	-1.6262
FOXED_p_TCGA_b122_128_SNP_N_GenomeWideSNP_6_C02_781882	11	51205141	55376280	384	0.263
FOXED_p_TCGA_b122_128_SNP_N_GenomeWideSNP_6_C02_781882	11	55376498	55442318	40	0.6007
FOXED_p_TCGA_b122_128_SNP_N_GenomeWideSNP_6_C02_781882	11	55444211	61438534	3613	0.2464
FOXED_p_TCGA_b122_128_SNP_N_GenomeWideSNP_6_C02_781882	11	61440260	89602573	16351	-0.283
FOXED_p_TCGA_b122_128_SNP_N_GenomeWideSNP_6_C02_781882	11	89611344	89636197	2	-2.003
FOXED_p_TCGA_b122_128_SNP_N_GenomeWideSNP_6_C02_781882	11	89656239	92934333	2296	-0.2838
FOXED_p_TCGA_b122_128_SNP_N_GenomeWideSNP_6_C02_781882	11	92936162	92938484	3	-2.2912
FOXED_p_TCGA_b122_128_SNP_N_GenomeWideSNP_6_C02_781882	11	92941753	93219942	154	-0.2131
FOXED_p_TCGA_b122_128_SNP_N_GenomeWideSNP_6_C02_781882	11	93222097	93224905	2	-1.6159
FOXED_p_TCGA_b122_128_SNP_N_GenomeWideSNP_6_C02_781882	11	93226784	106662438	9686	-0.2749
FOXED_p_TCGA_b122_128_SNP_N_GenomeWideSNP_6_C02_781882	11	106666059	106666333	2	-2.8354
FOXED_p_TCGA_b122_128_SNP_N_GenomeWideSNP_6_C02_781882	11	106666534	127729267	14767	-0.2843
FOXED_p_TCGA_b122_128_SNP_N_GenomeWideSNP_6_C02_781882	11	127731320	134944770	5576	0.2226
FOXED_p_TCGA_b122_128_SNP_N_GenomeWideSNP_6_C02_781882	12	150442	8442285	5582	0.2027
FOXED_p_TCGA_b122_128_SNP_N_GenomeWideSNP_6_C02_781882	12	8449112	8449217	2	1.3285
FOXED_p_TCGA_b122_128_SNP_N_GenomeWideSNP_6_C02_781882	12	8453466	8558813	42	0.2119
FOXED_p_TCGA_b122_128_SNP_N_GenomeWideSNP_6_C02_781882	12	8559105	8584672	18	-0.3441
FOXED_p_TCGA_b122_128_SNP_N_GenomeWideSNP_6_C02_781882	12	8594894	9633870	565	0.1235
FOXED_p_TCGA_b122_128_SNP_N_GenomeWideSNP_6_C02_781882	12	9637909	9714954	22	0.4799
FOXED_p_TCGA_b122_128_SNP_N_GenomeWideSNP_6_C02_781882	12	9715565	11220827	1048	0.1526
FOXED_p_TCGA_b122_128_SNP_N_GenomeWideSNP_6_C02_781882	12	11222368	11241532	10	-1.1789
FOXED_p_TCGA_b122_128_SNP_N_GenomeWideSNP_6_C02_781882	12	11251874	33301520	15603	0.1558
FOXED_p_TCGA_b122_128_SNP_N_GenomeWideSNP_6_C02_781882	12	33301534	33307374	24	-0.5123
FOXED_p_TCGA_b122_128_SNP_N_GenomeWideSNP_6_C02_781882	12	33308360	38502841	950	0.1515
FOXED_p_TCGA_b122_128_SNP_N_GenomeWideSNP_6_C02_781882	12	38504126	38784378	152	0.5341
FOXED_p_TCGA_b122_128_SNP_N_GenomeWideSNP_6_C02_781882	12	38786115	40244001	783	0.131
FOXED_p_TCGA_b122_128_SNP_N_GenomeWideSNP_6_C02_781882	12	40244671	45507542	3509	-0.4386
FOXED_p_TCGA_b122_128_SNP_N_GenomeWideSNP_6_C02_781882	12	45507577	45899825	232	0.0271
FOXED_p_TCGA_b122_128_SNP_N_GenomeWideSNP_6_C02_781882	12	45904438	45909537	4	-1.3267
FOXED_p_TCGA_b122_128_SNP_N_GenomeWideSNP_6_C02_781882	12	45913292	48725239	1721	0.0462
FOXED_p_TCGA_b122_128_SNP_N_GenomeWideSNP_6_C02_781882	12	48725402	48725415	2	-1.3459
FOXED_p_TCGA_b122_128_SNP_N_GenomeWideSNP_6_C02_781882	12	48730036	51213433	1132	0.0327
FOXED_p_TCGA_b122_128_SNP_N_GenomeWideSNP_6_C02_781882	12	51218114	51218323	2	-2.1713
FOXED_p_TCGA_b122_128_SNP_N_GenomeWideSNP_6_C02_781882	12	51219701	64705494	8180	0.091
FOXED_p_TCGA_b122_128_SNP_N_GenomeWideSNP_6_C02_781882	12	64705864	83324054	12093	-0.3527
FOXED_p_TCGA_b122_128_SNP_N_GenomeWideSNP_6_C02_781882	12	83324456	87763438	2569	0.1581
FOXED_p_TCGA_b122_128_SNP_N_GenomeWideSNP_6_C02_781882	12	87763493	87763624	5	-0.7396
FOXED_p_TCGA_b122_128_SNP_N_GenomeWideSNP_6_C02_781882	12	87763795	93960529	3869	0.1549
FOXED_p_TCGA_b122_128_SNP_N_GenomeWideSNP_6_C02_781882	12	93961110	133778189	26987	-0.2999
FOXED_p_TCGA_b122_128_SNP_N_GenomeWideSNP_6_C02_781882	13	19026949	20121459	567	0.1537
FOXED_p_TCGA_b122_128_SNP_N_GenomeWideSNP_6_C02_781882	13	20123895	20123910	2	-1.6353
FOXED_p_TCGA_b122_128_SNP_N_GenomeWideSNP_6_C02_781882	13	20124501	25013023	3467	0.1888
FOXED_p_TCGA_b122_128_SNP_N_GenomeWideSNP_6_C02_781882	13	25020024	25039598	24	-0.1971
FOXED_p_TCGA_b122_128_SNP_N_GenomeWideSNP_6_C02_781882	13	25039678	38071135	9513	0.1786
FOXED_p_TCGA_b122_128_SNP_N_GenomeWideSNP_6_C02_781882	13	38072036	38084757	16	-2.0094
FOXED_p_TCGA_b122_128_SNP_N_GenomeWideSNP_6_C02_781882	13	38088330	57671886	12515	0.1759
FOXED_p_TCGA_b122_128_SNP_N_GenomeWideSNP_6_C02_781882	13	57673811	57673830	2	-1.6104
FOXED_p_TCGA_b122_128_SNP_N_GenomeWideSNP_6_C02_781882	13	57676364	58584790	488	0.1465
FOXED_p_TCGA_b122_128_SNP_N_GenomeWideSNP_6_C02_781882	13	58590281	58597030	6	-0.6608
FOXED_p_TCGA_b122_128_SNP_N_GenomeWideSNP_6_C02_781882	13	58602052	69242255	6479	0.1374
FOXED_p_TCGA_b122_128_SNP_N_GenomeWideSNP_6_C02_781882	13	69248299	69269134	41	-0.457
FOXED_p_TCGA_b122_128_SNP_N_GenomeWideSNP_6_C02_781882	13	69269296	72476988	2063	0.141
FOXED_p_TCGA_b122_128_SNP_N_GenomeWideSNP_6_C02_781882	13	72477555	72480556	4	1.3716
FOXED_p_TCGA_b122_128_SNP_N_GenomeWideSNP_6_C02_781882	13	72480605	80771498	5866	0.1385
FOXED_p_TCGA_b122_128_SNP_N_GenomeWideSNP_6_C02_781882	13	80778850	101801932	13333	-0.3081
FOXED_p_TCGA_b122_128_SNP_N_GenomeWideSNP_6_C02_781882	13	101802100	106576241	3983	0.1288
FOXED_p_TCGA_b122_128_SNP_N_GenomeWideSNP_6_C02_781882	13	106576496	106577329	2	-1.587
FOXED_p_TCGA_b122_128_SNP_N_GenomeWideSNP_6_C02_781882	13	106578067	110427988	3129	0.1351
FOXED_p_TCGA_b122_128_SNP_N_GenomeWideSNP_6_C02_781882	13	110428076	110428718	2	-1.0681
FOXED_p_TCGA_b122_128_SNP_N_GenomeWideSNP_6_C02_781882	13	110431626	115108397	2841	0.1658
FOXED_p_TCGA_b122_128_SNP_N_GenomeWideSNP_6_C02_781882	14	19002124	20418957	185	-0.424
FOXED_p_TCGA_b122_128_SNP_N_GenomeWideSNP_6_C02_781882	14	20419259	20422583	3	-2.7286
FOXED_p_TCGA_b122_128_SNP_N_GenomeWideSNP_6_C02_781882	14	20423372	24425058	2731	-0.2782
FOXED_p_TCGA_b122_128_SNP_N_GenomeWideSNP_6_C02_781882	14	24425142	24426606	2	-1.7987
FOXED_p_TCGA_b122_128_SNP_N_GenomeWideSNP_6_C02_781882	14	24426649	32416435	4802	-0.2828
FOXED_p_TCGA_b122_128_SNP_N_GenomeWideSNP_6_C02_781882	14	32416504	32416705	2	-2.8198
FOXED_p_TCGA_b122_128_SNP_N_GenomeWideSNP_6_C02_781882	14	32418750	74001123	26616	-0.2868
FOXED_p_TCGA_b122_128_SNP_N_GenomeWideSNP_6_C02_781882	14	74006707	74029900	9	-1.5222
FOXED_p_TCGA_b122_128_SNP_N_GenomeWideSNP_6_C02_781882	14	74029915	106534144	20816	-0.2917
FOXED_p_TCGA_b122_128_SNP_N_GenomeWideSNP_6_C02_781882	14	106535295	106574560	18	0.402
FOXED_p_TCGA_b122_128_SNP_N_GenomeWideSNP_6_C02_781882	14	106577592	106715489	63	-0.1933
FOXED_p_TCGA_b122_128_SNP_N_GenomeWideSNP_6_C02_781882	14	106717356	106727469	8	-0.8937
FOXED_p_TCGA_b122_128_SNP_N_GenomeWideSNP_6_C02_781882	14	106728162	106783044	28	-0.1564
FOXED_p_TCGA_b122_128_SNP_N_GenomeWideSNP_6_C02_781882	14	106796025	106802053	7	-2.5959
FOXED_p_TCGA_b122_128_SNP_N_GenomeWideSNP_6_C02_781882	14	106815943	107167707	228	-0.2984
FOXED_p_TCGA_b122_128_SNP_N_GenomeWideSNP_6_C02_781882	14	107171776	107179847	10	-1.4461
FOXED_p_TCGA_b122_128_SNP_N_GenomeWideSNP_6_C02_781882	14	107184184	107285437	69	-0.197
FOXED_p_TCGA_b122_128_SNP_N_GenomeWideSNP_6_C02_781882	15	20016328	20581564	105	0.2498
FOXED_p_TCGA_b122_128_SNP_N_GenomeWideSNP_6_C02_781882	15	20585988	20646575	40	0.6489
FOXED_p_TCGA_b122_128_SNP_N_GenomeWideSNP_6_C02_781882	15	20646685	20743794	5	-0.1817
FOXED_p_TCGA_b122_128_SNP_N_GenomeWideSNP_6_C02_781882	15	20743947	20830582	8	0.3782
FOXED_p_TCGA_b122_128_SNP_N_GenomeWideSNP_6_C02_781882	15	20843562	22587474	264	0.6364
FOXED_p_TCGA_b122_128_SNP_N_GenomeWideSNP_6_C02_781882	15	22673399	22681250	3	-0.1445
FOXED_p_TCGA_b122_128_SNP_N_GenomeWideSNP_6_C02_781882	15	22751094	23417285	311	-0.6984
FOXED_p_TCGA_b122_128_SNP_N_GenomeWideSNP_6_C02_781882	15	23459202	25456124	1219	0.2129
FOXED_p_TCGA_b122_128_SNP_N_GenomeWideSNP_6_C02_781882	15	25460050	34695322	5862	-0.2869
FOXED_p_TCGA_b122_128_SNP_N_GenomeWideSNP_6_C02_781882	15	34695492	34862723	79	-1.4131
FOXED_p_TCGA_b122_128_SNP_N_GenomeWideSNP_6_C02_781882	15	34868896	45004573	6122	-0.2758
FOXED_p_TCGA_b122_128_SNP_N_GenomeWideSNP_6_C02_781882	15	45005358	45007343	6	-1.4803
FOXED_p_TCGA_b122_128_SNP_N_GenomeWideSNP_6_C02_781882	15	45008878	54023905	5718	-0.2823
FOXED_p_TCGA_b122_128_SNP_N_GenomeWideSNP_6_C02_781882	15	54024374	54024659	3	-2.3312
FOXED_p_TCGA_b122_128_SNP_N_GenomeWideSNP_6_C02_781882	15	54028780	76878362	14619	-0.2848
FOXED_p_TCGA_b122_128_SNP_N_GenomeWideSNP_6_C02_781882	15	76891241	76902179	23	0.3031
FOXED_p_TCGA_b122_128_SNP_N_GenomeWideSNP_6_C02_781882	15	76902194	81014621	2601	-0.2784
FOXED_p_TCGA_b122_128_SNP_N_GenomeWideSNP_6_C02_781882	15	81014926	94605854	9235	0.2411
FOXED_p_TCGA_b122_128_SNP_N_GenomeWideSNP_6_C02_781882	15	94613425	94616116	5	-1.2496
FOXED_p_TCGA_b122_128_SNP_N_GenomeWideSNP_6_C02_781882	15	94617468	102469040	5854	0.2267
FOXED_p_TCGA_b122_128_SNP_N_GenomeWideSNP_6_C02_781882	16	60777	6664720	3905	0.175
FOXED_p_TCGA_b122_128_SNP_N_GenomeWideSNP_6_C02_781882	16	6665697	6739667	92	-0.3755
FOXED_p_TCGA_b122_128_SNP_N_GenomeWideSNP_6_C02_781882	16	6744219	16377662	7798	0.184
FOXED_p_TCGA_b122_128_SNP_N_GenomeWideSNP_6_C02_781882	16	16513091	16652699	17	-0.6034
FOXED_p_TCGA_b122_128_SNP_N_GenomeWideSNP_6_C02_781882	16	16656975	22431370	3046	0.1848
FOXED_p_TCGA_b122_128_SNP_N_GenomeWideSNP_6_C02_781882	16	22441974	22710742	75	-0.1453
FOXED_p_TCGA_b122_128_SNP_N_GenomeWideSNP_6_C02_781882	16	22712979	34459709	5626	0.1732
FOXED_p_TCGA_b122_128_SNP_N_GenomeWideSNP_6_C02_781882	16	34466571	34757071	169	0.9836
FOXED_p_TCGA_b122_128_SNP_N_GenomeWideSNP_6_C02_781882	16	34760967	55796594	6614	0.2013
FOXED_p_TCGA_b122_128_SNP_N_GenomeWideSNP_6_C02_781882	16	55798222	55798779	3	2.6431
FOXED_p_TCGA_b122_128_SNP_N_GenomeWideSNP_6_C02_781882	16	55804348	63138574	4621	0.188
FOXED_p_TCGA_b122_128_SNP_N_GenomeWideSNP_6_C02_781882	16	63140756	63160174	11	0.752
FOXED_p_TCGA_b122_128_SNP_N_GenomeWideSNP_6_C02_781882	16	63160898	70836370	4432	0.1813
FOXED_p_TCGA_b122_128_SNP_N_GenomeWideSNP_6_C02_781882	16	70838203	71209926	152	0.4585
FOXED_p_TCGA_b122_128_SNP_N_GenomeWideSNP_6_C02_781882	16	71212676	78371608	5234	0.1897
FOXED_p_TCGA_b122_128_SNP_N_GenomeWideSNP_6_C02_781882	16	78372440	78384765	17	1.0078
FOXED_p_TCGA_b122_128_SNP_N_GenomeWideSNP_6_C02_781882	16	78385001	79260518	1203	0.1606
FOXED_p_TCGA_b122_128_SNP_N_GenomeWideSNP_6_C02_781882	16	79265247	79275349	11	-0.8566
FOXED_p_TCGA_b122_128_SNP_N_GenomeWideSNP_6_C02_781882	16	79279665	89413670	9060	0.1943
FOXED_p_TCGA_b122_128_SNP_N_GenomeWideSNP_6_C02_781882	16	89416593	89501030	51	-0.4199
FOXED_p_TCGA_b122_128_SNP_N_GenomeWideSNP_6_C02_781882	16	89505534	89538759	22	-1.1194
FOXED_p_TCGA_b122_128_SNP_N_GenomeWideSNP_6_C02_781882	16	89541243	90287535	303	0.1757
FOXED_p_TCGA_b122_128_SNP_N_GenomeWideSNP_6_C02_781882	17	526	1270427	604	-0.3126
FOXED_p_TCGA_b122_128_SNP_N_GenomeWideSNP_6_C02_781882	17	1271926	1290567	16	-1.2817
FOXED_p_TCGA_b122_128_SNP_N_GenomeWideSNP_6_C02_781882	17	1294614	15527156	9415	-0.2972
FOXED_p_TCGA_b122_128_SNP_N_GenomeWideSNP_6_C02_781882	17	15543161	15546790	3	-1.9359
FOXED_p_TCGA_b122_128_SNP_N_GenomeWideSNP_6_C02_781882	17	15554278	18355392	1409	-0.3123
FOXED_p_TCGA_b122_128_SNP_N_GenomeWideSNP_6_C02_781882	17	18358946	18464586	27	0.3003
FOXED_p_TCGA_b122_128_SNP_N_GenomeWideSNP_6_C02_781882	17	18465221	44213712	12070	-0.296
FOXED_p_TCGA_b122_128_SNP_N_GenomeWideSNP_6_C02_781882	17	44214166	44352872	84	-0.742
FOXED_p_TCGA_b122_128_SNP_N_GenomeWideSNP_6_C02_781882	17	44353885	44364170	4	-0.1173
FOXED_p_TCGA_b122_128_SNP_N_GenomeWideSNP_6_C02_781882	17	44394412	44752300	48	0.6024
FOXED_p_TCGA_b122_128_SNP_N_GenomeWideSNP_6_C02_781882	17	44764994	48659406	2044	-0.3035
FOXED_p_TCGA_b122_128_SNP_N_GenomeWideSNP_6_C02_781882	17	48660893	48666506	2	-1.9664
FOXED_p_TCGA_b122_128_SNP_N_GenomeWideSNP_6_C02_781882	17	48667031	66674929	10891	-0.2883
FOXED_p_TCGA_b122_128_SNP_N_GenomeWideSNP_6_C02_781882	17	66675669	66675720	2	-1.8828
FOXED_p_TCGA_b122_128_SNP_N_GenomeWideSNP_6_C02_781882	17	66678300	81049726	8677	-0.2961
FOXED_p_TCGA_b122_128_SNP_N_GenomeWideSNP_6_C02_781882	18	11543	24365863	13917	-0.2892
FOXED_p_TCGA_b122_128_SNP_N_GenomeWideSNP_6_C02_781882	18	24365915	24366145	3	-2.4487
FOXED_p_TCGA_b122_128_SNP_N_GenomeWideSNP_6_C02_781882	18	24366379	48556326	15951	-0.2816
FOXED_p_TCGA_b122_128_SNP_N_GenomeWideSNP_6_C02_781882	18	48559263	48568271	26	-0.922
FOXED_p_TCGA_b122_128_SNP_N_GenomeWideSNP_6_C02_781882	18	48568967	51204135	1884	-0.3555
FOXED_p_TCGA_b122_128_SNP_N_GenomeWideSNP_6_C02_781882	18	51207209	51210640	5	-1.4933
FOXED_p_TCGA_b122_128_SNP_N_GenomeWideSNP_6_C02_781882	18	51212148	78015057	19036	-0.3545
FOXED_p_TCGA_b122_128_SNP_N_GenomeWideSNP_6_C02_781882	19	90910	2559841	617	0.1365
FOXED_p_TCGA_b122_128_SNP_N_GenomeWideSNP_6_C02_781882	19	2568275	2569045	2	-1.7786
FOXED_p_TCGA_b122_128_SNP_N_GenomeWideSNP_6_C02_781882	19	2569242	24451229	10617	0.1452
FOXED_p_TCGA_b122_128_SNP_N_GenomeWideSNP_6_C02_781882	19	24454781	24464957	14	-0.5471
FOXED_p_TCGA_b122_128_SNP_N_GenomeWideSNP_6_C02_781882	19	24487682	31284806	2429	0.2228
FOXED_p_TCGA_b122_128_SNP_N_GenomeWideSNP_6_C02_781882	19	31288118	31288540	2	-0.9827
FOXED_p_TCGA_b122_128_SNP_N_GenomeWideSNP_6_C02_781882	19	31290599	35849309	3147	0.2278
FOXED_p_TCGA_b122_128_SNP_N_GenomeWideSNP_6_C02_781882	19	35849322	35866744	24	-0.5365
FOXED_p_TCGA_b122_128_SNP_N_GenomeWideSNP_6_C02_781882	19	35866786	55326613	10201	0.2022
FOXED_p_TCGA_b122_128_SNP_N_GenomeWideSNP_6_C02_781882	19	55330654	55335211	5	-1.1021
FOXED_p_TCGA_b122_128_SNP_N_GenomeWideSNP_6_C02_781882	19	55335506	56282535	457	0.2082
FOXED_p_TCGA_b122_128_SNP_N_GenomeWideSNP_6_C02_781882	19	56283029	56283067	2	-2.6607
FOXED_p_TCGA_b122_128_SNP_N_GenomeWideSNP_6_C02_781882	19	56286293	59097854	1849	0.1951
FOXED_p_TCGA_b122_128_SNP_N_GenomeWideSNP_6_C02_781882	20	61305	1560951	1206	0.2221
FOXED_p_TCGA_b122_128_SNP_N_GenomeWideSNP_6_C02_781882	20	1560999	1593893	42	-0.3458
FOXED_p_TCGA_b122_128_SNP_N_GenomeWideSNP_6_C02_781882	20	1597946	26305491	18823	0.2261
FOXED_p_TCGA_b122_128_SNP_N_GenomeWideSNP_6_C02_781882	20	26305579	29498271	22	-0.3185
FOXED_p_TCGA_b122_128_SNP_N_GenomeWideSNP_6_C02_781882	20	29505830	62956153	22429	0.225
FOXED_p_TCGA_b122_128_SNP_N_GenomeWideSNP_6_C02_781882	21	10736871	11052629	84	-0.3304
FOXED_p_TCGA_b122_128_SNP_N_GenomeWideSNP_6_C02_781882	21	11053339	16945855	1523	0.0928
FOXED_p_TCGA_b122_128_SNP_N_GenomeWideSNP_6_C02_781882	21	16948663	16965380	11	0.6164
FOXED_p_TCGA_b122_128_SNP_N_GenomeWideSNP_6_C02_781882	21	16966074	17111604	132	0.2286
FOXED_p_TCGA_b122_128_SNP_N_GenomeWideSNP_6_C02_781882	21	17112817	17113148	2	0.689
FOXED_p_TCGA_b122_128_SNP_N_GenomeWideSNP_6_C02_781882	21	17113478	28280513	8279	0.0677
FOXED_p_TCGA_b122_128_SNP_N_GenomeWideSNP_6_C02_781882	21	28282660	28283604	4	-1.0694
FOXED_p_TCGA_b122_128_SNP_N_GenomeWideSNP_6_C02_781882	21	28284150	44968053	12624	0.0624
FOXED_p_TCGA_b122_128_SNP_N_GenomeWideSNP_6_C02_781882	21	44970873	44972812	2	-2.5461
FOXED_p_TCGA_b122_128_SNP_N_GenomeWideSNP_6_C02_781882	21	44973667	48096957	1766	0.0483
FOXED_p_TCGA_b122_128_SNP_N_GenomeWideSNP_6_C02_781882	22	16052528	16055207	3	-1.7216
FOXED_p_TCGA_b122_128_SNP_N_GenomeWideSNP_6_C02_781882	22	16058854	21465493	2846	-0.2956
FOXED_p_TCGA_b122_128_SNP_N_GenomeWideSNP_6_C02_781882	22	21465630	21917323	54	0.0599
FOXED_p_TCGA_b122_128_SNP_N_GenomeWideSNP_6_C02_781882	22	21927902	22351024	220	-0.3058
FOXED_p_TCGA_b122_128_SNP_N_GenomeWideSNP_6_C02_781882	22	22351131	22351183	2	-2.2294
FOXED_p_TCGA_b122_128_SNP_N_GenomeWideSNP_6_C02_781882	22	22351365	24330218	1489	-0.3107
FOXED_p_TCGA_b122_128_SNP_N_GenomeWideSNP_6_C02_781882	22	24330269	24331967	2	-2.977
FOXED_p_TCGA_b122_128_SNP_N_GenomeWideSNP_6_C02_781882	22	24332625	24332933	2	-1.1807
FOXED_p_TCGA_b122_128_SNP_N_GenomeWideSNP_6_C02_781882	22	24337307	24396814	22	0.18
FOXED_p_TCGA_b122_128_SNP_N_GenomeWideSNP_6_C02_781882	22	24401529	24871783	249	-0.2945
FOXED_p_TCGA_b122_128_SNP_N_GenomeWideSNP_6_C02_781882	22	24876800	24877292	3	-1.7324
FOXED_p_TCGA_b122_128_SNP_N_GenomeWideSNP_6_C02_781882	22	24877776	27405992	2281	-0.294
FOXED_p_TCGA_b122_128_SNP_N_GenomeWideSNP_6_C02_781882	22	27407146	27409465	4	-1.3473
FOXED_p_TCGA_b122_128_SNP_N_GenomeWideSNP_6_C02_781882	22	27409855	32403318	3236	-0.2828
FOXED_p_TCGA_b122_128_SNP_N_GenomeWideSNP_6_C02_781882	22	32409497	32413778	3	-2.1757
FOXED_p_TCGA_b122_128_SNP_N_GenomeWideSNP_6_C02_781882	22	32416108	32664612	154	-0.242
FOXED_p_TCGA_b122_128_SNP_N_GenomeWideSNP_6_C02_781882	22	32665379	32665384	2	-1.8677
FOXED_p_TCGA_b122_128_SNP_N_GenomeWideSNP_6_C02_781882	22	32665446	49292449	11759	-0.2966
FOXED_p_TCGA_b122_128_SNP_N_GenomeWideSNP_6_C02_781882	22	49294205	49295902	3	-1.5368
FOXED_p_TCGA_b122_128_SNP_N_GenomeWideSNP_6_C02_781882	22	49300347	50842546	1023	-0.386
FOXED_p_TCGA_b122_128_SNP_N_GenomeWideSNP_6_C02_781882	22	50846217	50849955	4	0.4828
FOXED_p_TCGA_b122_128_SNP_N_GenomeWideSNP_6_C02_781882	22	50857940	51157321	169	-0.372
FOXED_p_TCGA_b122_128_SNP_N_GenomeWideSNP_6_C02_781882	22	51157351	51163138	2	-1.8184
FOXED_p_TCGA_b122_128_SNP_N_GenomeWideSNP_6_C02_781882	22	51165455	51234455	27	-0.1904
FOXED_p_TCGA_b122_128_SNP_N_GenomeWideSNP_6_C02_781882	X	168477	34474055	21651	-0.0076
FOXED_p_TCGA_b122_128_SNP_N_GenomeWideSNP_6_C02_781882	X	34478466	34492763	16	-1.6027
FOXED_p_TCGA_b122_128_SNP_N_GenomeWideSNP_6_C02_781882	X	34494257	84730315	22593	-0.0166
FOXED_p_TCGA_b122_128_SNP_N_GenomeWideSNP_6_C02_781882	X	84730727	84730984	2	-2.6417
FOXED_p_TCGA_b122_128_SNP_N_GenomeWideSNP_6_C02_781882	X	84732787	143689362	33404	0.0074
FOXED_p_TCGA_b122_128_SNP_N_GenomeWideSNP_6_C02_781882	X	143689534	143693538	4	2.7729
FOXED_p_TCGA_b122_128_SNP_N_GenomeWideSNP_6_C02_781882	X	143693782	155182354	6902	-0.0035
FOXED_p_TCGA_b122_128_SNP_N_GenomeWideSNP_6_C02_781882	Y	2650438	59018259	8635	-0.7165
