Sample	Chromosome	Start	End	Num_Probes	Segment_Mean
FOXED_p_TCGA_b122_128_SNP_N_GenomeWideSNP_6_E05_781918	1	61735	625470	34	0.1021
FOXED_p_TCGA_b122_128_SNP_N_GenomeWideSNP_6_E05_781918	1	707099	17005776	8709	-0.4988
FOXED_p_TCGA_b122_128_SNP_N_GenomeWideSNP_6_E05_781918	1	17005978	17056457	37	0.2265
FOXED_p_TCGA_b122_128_SNP_N_GenomeWideSNP_6_E05_781918	1	17076467	17182437	22	-0.3241
FOXED_p_TCGA_b122_128_SNP_N_GenomeWideSNP_6_E05_781918	1	17190004	17276241	64	0.0558
FOXED_p_TCGA_b122_128_SNP_N_GenomeWideSNP_6_E05_781918	1	17277940	40803855	13329	-0.4897
FOXED_p_TCGA_b122_128_SNP_N_GenomeWideSNP_6_E05_781918	1	40808885	42822089	1228	0.9312
FOXED_p_TCGA_b122_128_SNP_N_GenomeWideSNP_6_E05_781918	1	42823076	44064046	766	0.4668
FOXED_p_TCGA_b122_128_SNP_N_GenomeWideSNP_6_E05_781918	1	44066424	46393755	1200	0.079
FOXED_p_TCGA_b122_128_SNP_N_GenomeWideSNP_6_E05_781918	1	46394552	46438264	28	0.4032
FOXED_p_TCGA_b122_128_SNP_N_GenomeWideSNP_6_E05_781918	1	46442398	61355397	9600	0.0967
FOXED_p_TCGA_b122_128_SNP_N_GenomeWideSNP_6_E05_781918	1	61355967	61356057	2	-1.1232
FOXED_p_TCGA_b122_128_SNP_N_GenomeWideSNP_6_E05_781918	1	61359395	72750353	7964	0.1073
FOXED_p_TCGA_b122_128_SNP_N_GenomeWideSNP_6_E05_781918	1	72756113	72763370	9	-3.2348
FOXED_p_TCGA_b122_128_SNP_N_GenomeWideSNP_6_E05_781918	1	72768418	72811148	48	1.2311
FOXED_p_TCGA_b122_128_SNP_N_GenomeWideSNP_6_E05_781918	1	72811904	85304587	8154	0.109
FOXED_p_TCGA_b122_128_SNP_N_GenomeWideSNP_6_E05_781918	1	85305197	89177945	2653	-0.4329
FOXED_p_TCGA_b122_128_SNP_N_GenomeWideSNP_6_E05_781918	1	89187607	95564908	4044	0.1114
FOXED_p_TCGA_b122_128_SNP_N_GenomeWideSNP_6_E05_781918	1	95567932	95568358	4	-0.9657
FOXED_p_TCGA_b122_128_SNP_N_GenomeWideSNP_6_E05_781918	1	95572369	102710749	4521	0.1081
FOXED_p_TCGA_b122_128_SNP_N_GenomeWideSNP_6_E05_781918	1	102718036	102803332	64	0.3246
FOXED_p_TCGA_b122_128_SNP_N_GenomeWideSNP_6_E05_781918	1	102810279	106013376	1604	0.1078
FOXED_p_TCGA_b122_128_SNP_N_GenomeWideSNP_6_E05_781918	1	106019205	106022375	17	0.805
FOXED_p_TCGA_b122_128_SNP_N_GenomeWideSNP_6_E05_781918	1	106024055	110221727	2657	0.1057
FOXED_p_TCGA_b122_128_SNP_N_GenomeWideSNP_6_E05_781918	1	110224384	110232974	16	0.7129
FOXED_p_TCGA_b122_128_SNP_N_GenomeWideSNP_6_E05_781918	1	110233037	110242953	17	1.7801
FOXED_p_TCGA_b122_128_SNP_N_GenomeWideSNP_6_E05_781918	1	110244998	117161264	4861	0.0981
FOXED_p_TCGA_b122_128_SNP_N_GenomeWideSNP_6_E05_781918	1	117165307	118054772	579	0.4876
FOXED_p_TCGA_b122_128_SNP_N_GenomeWideSNP_6_E05_781918	1	118058235	118252257	154	0.0645
FOXED_p_TCGA_b122_128_SNP_N_GenomeWideSNP_6_E05_781918	1	118253295	120693215	1481	0.4889
FOXED_p_TCGA_b122_128_SNP_N_GenomeWideSNP_6_E05_781918	1	120696009	150803027	1985	0.2372
FOXED_p_TCGA_b122_128_SNP_N_GenomeWideSNP_6_E05_781918	1	150808889	150809116	2	-1.4681
FOXED_p_TCGA_b122_128_SNP_N_GenomeWideSNP_6_E05_781918	1	150811005	152555706	967	0.195
FOXED_p_TCGA_b122_128_SNP_N_GenomeWideSNP_6_E05_781918	1	152555767	152586594	34	-1.5476
FOXED_p_TCGA_b122_128_SNP_N_GenomeWideSNP_6_E05_781918	1	152590494	153672247	833	0.1978
FOXED_p_TCGA_b122_128_SNP_N_GenomeWideSNP_6_E05_781918	1	153673674	153688056	6	0.9482
FOXED_p_TCGA_b122_128_SNP_N_GenomeWideSNP_6_E05_781918	1	153691490	160803735	4304	0.2031
FOXED_p_TCGA_b122_128_SNP_N_GenomeWideSNP_6_E05_781918	1	160803802	160804009	2	-0.941
FOXED_p_TCGA_b122_128_SNP_N_GenomeWideSNP_6_E05_781918	1	160807251	160845733	33	0.2021
FOXED_p_TCGA_b122_128_SNP_N_GenomeWideSNP_6_E05_781918	1	160845948	160851826	3	-0.4131
FOXED_p_TCGA_b122_128_SNP_N_GenomeWideSNP_6_E05_781918	1	160851894	160933768	49	0.1958
FOXED_p_TCGA_b122_128_SNP_N_GenomeWideSNP_6_E05_781918	1	160937020	160940085	5	-1.0487
FOXED_p_TCGA_b122_128_SNP_N_GenomeWideSNP_6_E05_781918	1	160942342	161612197	264	0.1912
FOXED_p_TCGA_b122_128_SNP_N_GenomeWideSNP_6_E05_781918	1	161612246	161650494	43	0.5184
FOXED_p_TCGA_b122_128_SNP_N_GenomeWideSNP_6_E05_781918	1	161650621	179439630	12725	0.2124
FOXED_p_TCGA_b122_128_SNP_N_GenomeWideSNP_6_E05_781918	1	179446133	179447281	2	-1.1962
FOXED_p_TCGA_b122_128_SNP_N_GenomeWideSNP_6_E05_781918	1	179447543	193155792	9103	0.2093
FOXED_p_TCGA_b122_128_SNP_N_GenomeWideSNP_6_E05_781918	1	193156279	193156332	3	1.206
FOXED_p_TCGA_b122_128_SNP_N_GenomeWideSNP_6_E05_781918	1	193156348	196732086	2408	0.133
FOXED_p_TCGA_b122_128_SNP_N_GenomeWideSNP_6_E05_781918	1	196738623	196758109	32	-0.2371
FOXED_p_TCGA_b122_128_SNP_N_GenomeWideSNP_6_E05_781918	1	196758120	210071062	8882	0.0968
FOXED_p_TCGA_b122_128_SNP_N_GenomeWideSNP_6_E05_781918	1	210081613	210082065	2	-1.4653
FOXED_p_TCGA_b122_128_SNP_N_GenomeWideSNP_6_E05_781918	1	210083984	220933100	7556	0.1065
FOXED_p_TCGA_b122_128_SNP_N_GenomeWideSNP_6_E05_781918	1	220936372	220941918	9	-0.565
FOXED_p_TCGA_b122_128_SNP_N_GenomeWideSNP_6_E05_781918	1	220943581	238855281	12440	0.0948
FOXED_p_TCGA_b122_128_SNP_N_GenomeWideSNP_6_E05_781918	1	238855638	238864573	6	-0.8131
FOXED_p_TCGA_b122_128_SNP_N_GenomeWideSNP_6_E05_781918	1	238866941	248587826	6906	0.1129
FOXED_p_TCGA_b122_128_SNP_N_GenomeWideSNP_6_E05_781918	1	248592872	248649486	21	0.6188
FOXED_p_TCGA_b122_128_SNP_N_GenomeWideSNP_6_E05_781918	1	248649502	248736075	22	0.1931
FOXED_p_TCGA_b122_128_SNP_N_GenomeWideSNP_6_E05_781918	1	248737447	248794464	30	-0.415
FOXED_p_TCGA_b122_128_SNP_N_GenomeWideSNP_6_E05_781918	1	248795289	249224388	149	0.1188
FOXED_p_TCGA_b122_128_SNP_N_GenomeWideSNP_6_E05_781918	2	12784	22597101	16669	0.0829
FOXED_p_TCGA_b122_128_SNP_N_GenomeWideSNP_6_E05_781918	2	22598746	22598926	2	-1.9167
FOXED_p_TCGA_b122_128_SNP_N_GenomeWideSNP_6_E05_781918	2	22600920	34691069	7450	0.0772
FOXED_p_TCGA_b122_128_SNP_N_GenomeWideSNP_6_E05_781918	2	34699315	34737057	46	-1.9694
FOXED_p_TCGA_b122_128_SNP_N_GenomeWideSNP_6_E05_781918	2	34737163	36339554	1178	0.11
FOXED_p_TCGA_b122_128_SNP_N_GenomeWideSNP_6_E05_781918	2	36351103	36352666	2	-1.2883
FOXED_p_TCGA_b122_128_SNP_N_GenomeWideSNP_6_E05_781918	2	36353114	41238235	3653	0.0991
FOXED_p_TCGA_b122_128_SNP_N_GenomeWideSNP_6_E05_781918	2	41238443	41245887	23	-0.3874
FOXED_p_TCGA_b122_128_SNP_N_GenomeWideSNP_6_E05_781918	2	41251233	52754865	8201	0.0922
FOXED_p_TCGA_b122_128_SNP_N_GenomeWideSNP_6_E05_781918	2	52754881	52781542	34	1.0147
FOXED_p_TCGA_b122_128_SNP_N_GenomeWideSNP_6_E05_781918	2	52787949	80119938	17884	0.0896
FOXED_p_TCGA_b122_128_SNP_N_GenomeWideSNP_6_E05_781918	2	80122328	80392892	236	-0.492
FOXED_p_TCGA_b122_128_SNP_N_GenomeWideSNP_6_E05_781918	2	80392987	106874722	11571	0.0924
FOXED_p_TCGA_b122_128_SNP_N_GenomeWideSNP_6_E05_781918	2	106880095	106887255	13	-1.7576
FOXED_p_TCGA_b122_128_SNP_N_GenomeWideSNP_6_E05_781918	2	106887408	110937101	2176	0.0927
FOXED_p_TCGA_b122_128_SNP_N_GenomeWideSNP_6_E05_781918	2	110942150	110942196	2	-1.1674
FOXED_p_TCGA_b122_128_SNP_N_GenomeWideSNP_6_E05_781918	2	110942816	114362015	1667	0.0921
FOXED_p_TCGA_b122_128_SNP_N_GenomeWideSNP_6_E05_781918	2	114362414	114362416	2	-1.5344
FOXED_p_TCGA_b122_128_SNP_N_GenomeWideSNP_6_E05_781918	2	114380821	123219880	5520	0.0845
FOXED_p_TCGA_b122_128_SNP_N_GenomeWideSNP_6_E05_781918	2	123221985	123226138	6	-1.1054
FOXED_p_TCGA_b122_128_SNP_N_GenomeWideSNP_6_E05_781918	2	123231858	123477014	188	0.0925
FOXED_p_TCGA_b122_128_SNP_N_GenomeWideSNP_6_E05_781918	2	123479899	123482241	9	-0.7469
FOXED_p_TCGA_b122_128_SNP_N_GenomeWideSNP_6_E05_781918	2	123483653	125687630	1539	0.1043
FOXED_p_TCGA_b122_128_SNP_N_GenomeWideSNP_6_E05_781918	2	125694141	125814565	50	-0.3942
FOXED_p_TCGA_b122_128_SNP_N_GenomeWideSNP_6_E05_781918	2	125816762	126128433	163	0.1417
FOXED_p_TCGA_b122_128_SNP_N_GenomeWideSNP_6_E05_781918	2	126129359	130980422	3068	-0.4585
FOXED_p_TCGA_b122_128_SNP_N_GenomeWideSNP_6_E05_781918	2	130982548	140722815	5775	0.0911
FOXED_p_TCGA_b122_128_SNP_N_GenomeWideSNP_6_E05_781918	2	140726386	140726859	2	-1.281
FOXED_p_TCGA_b122_128_SNP_N_GenomeWideSNP_6_E05_781918	2	140727573	146862085	3789	0.0774
FOXED_p_TCGA_b122_128_SNP_N_GenomeWideSNP_6_E05_781918	2	146864404	146866934	24	0.9391
FOXED_p_TCGA_b122_128_SNP_N_GenomeWideSNP_6_E05_781918	2	146877806	154889809	4892	0.0968
FOXED_p_TCGA_b122_128_SNP_N_GenomeWideSNP_6_E05_781918	2	154895975	154896482	2	-2.2154
FOXED_p_TCGA_b122_128_SNP_N_GenomeWideSNP_6_E05_781918	2	154900223	196129544	24822	0.112
FOXED_p_TCGA_b122_128_SNP_N_GenomeWideSNP_6_E05_781918	2	196134798	196135946	3	-0.6681
FOXED_p_TCGA_b122_128_SNP_N_GenomeWideSNP_6_E05_781918	2	196136266	196186848	28	0.2969
FOXED_p_TCGA_b122_128_SNP_N_GenomeWideSNP_6_E05_781918	2	196186862	213369618	10485	0.1036
FOXED_p_TCGA_b122_128_SNP_N_GenomeWideSNP_6_E05_781918	2	213370362	213370702	2	-1.3561
FOXED_p_TCGA_b122_128_SNP_N_GenomeWideSNP_6_E05_781918	2	213372988	243089456	18957	0.083
FOXED_p_TCGA_b122_128_SNP_N_GenomeWideSNP_6_E05_781918	3	60345	30191123	22569	0.0868
FOXED_p_TCGA_b122_128_SNP_N_GenomeWideSNP_6_E05_781918	3	30192544	30192777	3	-0.6795
FOXED_p_TCGA_b122_128_SNP_N_GenomeWideSNP_6_E05_781918	3	30192906	30586455	301	0.1571
FOXED_p_TCGA_b122_128_SNP_N_GenomeWideSNP_6_E05_781918	3	30589583	30590134	2	1.0605
FOXED_p_TCGA_b122_128_SNP_N_GenomeWideSNP_6_E05_781918	3	30591944	37977417	4830	0.1106
FOXED_p_TCGA_b122_128_SNP_N_GenomeWideSNP_6_E05_781918	3	37982108	37986928	18	-0.6845
FOXED_p_TCGA_b122_128_SNP_N_GenomeWideSNP_6_E05_781918	3	37987106	42408243	2943	0.1022
FOXED_p_TCGA_b122_128_SNP_N_GenomeWideSNP_6_E05_781918	3	42408422	58792161	9095	-0.4674
FOXED_p_TCGA_b122_128_SNP_N_GenomeWideSNP_6_E05_781918	3	58798799	58799016	2	-2.8275
FOXED_p_TCGA_b122_128_SNP_N_GenomeWideSNP_6_E05_781918	3	58799884	63097071	3828	-0.4633
FOXED_p_TCGA_b122_128_SNP_N_GenomeWideSNP_6_E05_781918	3	63097177	65188453	1810	0.1064
FOXED_p_TCGA_b122_128_SNP_N_GenomeWideSNP_6_E05_781918	3	65189235	65210452	53	-0.6666
FOXED_p_TCGA_b122_128_SNP_N_GenomeWideSNP_6_E05_781918	3	65216349	68077072	1955	0.1161
FOXED_p_TCGA_b122_128_SNP_N_GenomeWideSNP_6_E05_781918	3	68085387	68412448	220	-0.4573
FOXED_p_TCGA_b122_128_SNP_N_GenomeWideSNP_6_E05_781918	3	68413184	68414512	3	-1.9544
FOXED_p_TCGA_b122_128_SNP_N_GenomeWideSNP_6_E05_781918	3	68416989	68511000	76	-0.488
FOXED_p_TCGA_b122_128_SNP_N_GenomeWideSNP_6_E05_781918	3	68514433	68746164	167	0.1027
FOXED_p_TCGA_b122_128_SNP_N_GenomeWideSNP_6_E05_781918	3	68746259	68747413	14	-1.2155
FOXED_p_TCGA_b122_128_SNP_N_GenomeWideSNP_6_E05_781918	3	68748758	97899419	15360	0.1066
FOXED_p_TCGA_b122_128_SNP_N_GenomeWideSNP_6_E05_781918	3	97908670	97913425	3	-1.1399
FOXED_p_TCGA_b122_128_SNP_N_GenomeWideSNP_6_E05_781918	3	97914817	129762859	19396	0.1095
FOXED_p_TCGA_b122_128_SNP_N_GenomeWideSNP_6_E05_781918	3	129763698	129806236	52	-0.9647
FOXED_p_TCGA_b122_128_SNP_N_GenomeWideSNP_6_E05_781918	3	129806924	136019099	4040	0.1049
FOXED_p_TCGA_b122_128_SNP_N_GenomeWideSNP_6_E05_781918	3	136022951	136025426	2	-2.608
FOXED_p_TCGA_b122_128_SNP_N_GenomeWideSNP_6_E05_781918	3	136038541	162513092	16264	0.1184
FOXED_p_TCGA_b122_128_SNP_N_GenomeWideSNP_6_E05_781918	3	162513149	162626572	68	-0.409
FOXED_p_TCGA_b122_128_SNP_N_GenomeWideSNP_6_E05_781918	3	162626603	162907728	198	0.1411
FOXED_p_TCGA_b122_128_SNP_N_GenomeWideSNP_6_E05_781918	3	162907865	162907880	2	-1.1661
FOXED_p_TCGA_b122_128_SNP_N_GenomeWideSNP_6_E05_781918	3	162908211	168730180	3245	0.1375
FOXED_p_TCGA_b122_128_SNP_N_GenomeWideSNP_6_E05_781918	3	168733402	168738628	2	-1.381
FOXED_p_TCGA_b122_128_SNP_N_GenomeWideSNP_6_E05_781918	3	168739827	192877902	15760	0.1234
FOXED_p_TCGA_b122_128_SNP_N_GenomeWideSNP_6_E05_781918	3	192877962	192882903	19	1.251
FOXED_p_TCGA_b122_128_SNP_N_GenomeWideSNP_6_E05_781918	3	192886435	195455861	1517	0.1192
FOXED_p_TCGA_b122_128_SNP_N_GenomeWideSNP_6_E05_781918	3	195455876	195473796	15	0.566
FOXED_p_TCGA_b122_128_SNP_N_GenomeWideSNP_6_E05_781918	3	195474182	197896118	1175	0.12
FOXED_p_TCGA_b122_128_SNP_N_GenomeWideSNP_6_E05_781918	4	12281	62126	54	-0.1867
FOXED_p_TCGA_b122_128_SNP_N_GenomeWideSNP_6_E05_781918	4	65677	2434435	904	-0.4952
FOXED_p_TCGA_b122_128_SNP_N_GenomeWideSNP_6_E05_781918	4	2436697	4075729	736	0.0596
FOXED_p_TCGA_b122_128_SNP_N_GenomeWideSNP_6_E05_781918	4	4076305	4082342	2	-1.5038
FOXED_p_TCGA_b122_128_SNP_N_GenomeWideSNP_6_E05_781918	4	4082936	10223628	4109	0.061
FOXED_p_TCGA_b122_128_SNP_N_GenomeWideSNP_6_E05_781918	4	10223848	10231498	26	-1.562
FOXED_p_TCGA_b122_128_SNP_N_GenomeWideSNP_6_E05_781918	4	10234214	34765771	17000	0.0785
FOXED_p_TCGA_b122_128_SNP_N_GenomeWideSNP_6_E05_781918	4	34770306	34829949	51	0.7196
FOXED_p_TCGA_b122_128_SNP_N_GenomeWideSNP_6_E05_781918	4	34830004	43145074	5532	0.0876
FOXED_p_TCGA_b122_128_SNP_N_GenomeWideSNP_6_E05_781918	4	43145397	43150072	11	-0.5918
FOXED_p_TCGA_b122_128_SNP_N_GenomeWideSNP_6_E05_781918	4	43156435	49267784	3446	0.1014
FOXED_p_TCGA_b122_128_SNP_N_GenomeWideSNP_6_E05_781918	4	49267848	49590333	14	-0.4371
FOXED_p_TCGA_b122_128_SNP_N_GenomeWideSNP_6_E05_781918	4	49590602	55316724	1707	0.0707
FOXED_p_TCGA_b122_128_SNP_N_GenomeWideSNP_6_E05_781918	4	55318148	55537865	191	-0.4949
FOXED_p_TCGA_b122_128_SNP_N_GenomeWideSNP_6_E05_781918	4	55540241	55859248	369	0.0692
FOXED_p_TCGA_b122_128_SNP_N_GenomeWideSNP_6_E05_781918	4	55863556	64707605	5341	-0.4386
FOXED_p_TCGA_b122_128_SNP_N_GenomeWideSNP_6_E05_781918	4	64707754	64708258	6	-3.1642
FOXED_p_TCGA_b122_128_SNP_N_GenomeWideSNP_6_E05_781918	4	64716431	67506340	1790	-0.4207
FOXED_p_TCGA_b122_128_SNP_N_GenomeWideSNP_6_E05_781918	4	67507665	69244434	1063	0.1027
FOXED_p_TCGA_b122_128_SNP_N_GenomeWideSNP_6_E05_781918	4	69255070	69256759	3	-1.2802
FOXED_p_TCGA_b122_128_SNP_N_GenomeWideSNP_6_E05_781918	4	69256760	69375160	28	0.334
FOXED_p_TCGA_b122_128_SNP_N_GenomeWideSNP_6_E05_781918	4	69375348	69505115	64	-0.116
FOXED_p_TCGA_b122_128_SNP_N_GenomeWideSNP_6_E05_781918	4	69506334	70127652	328	0.172
FOXED_p_TCGA_b122_128_SNP_N_GenomeWideSNP_6_E05_781918	4	70128412	70229434	51	0.4406
FOXED_p_TCGA_b122_128_SNP_N_GenomeWideSNP_6_E05_781918	4	70231799	75261508	3054	0.1084
FOXED_p_TCGA_b122_128_SNP_N_GenomeWideSNP_6_E05_781918	4	75261690	75270342	2	-1.2978
FOXED_p_TCGA_b122_128_SNP_N_GenomeWideSNP_6_E05_781918	4	75270687	76649548	796	0.1205
FOXED_p_TCGA_b122_128_SNP_N_GenomeWideSNP_6_E05_781918	4	76655941	96396788	12253	-0.4259
FOXED_p_TCGA_b122_128_SNP_N_GenomeWideSNP_6_E05_781918	4	96398364	96398630	2	-2.8206
FOXED_p_TCGA_b122_128_SNP_N_GenomeWideSNP_6_E05_781918	4	96399606	108051500	6793	-0.4214
FOXED_p_TCGA_b122_128_SNP_N_GenomeWideSNP_6_E05_781918	4	108065751	108071628	21	0.1267
FOXED_p_TCGA_b122_128_SNP_N_GenomeWideSNP_6_E05_781918	4	108071888	115175323	4433	-0.425
FOXED_p_TCGA_b122_128_SNP_N_GenomeWideSNP_6_E05_781918	4	115175344	115175394	4	-1.6942
FOXED_p_TCGA_b122_128_SNP_N_GenomeWideSNP_6_E05_781918	4	115175412	115179541	12	-0.6478
FOXED_p_TCGA_b122_128_SNP_N_GenomeWideSNP_6_E05_781918	4	115179638	115182175	6	-2.3483
FOXED_p_TCGA_b122_128_SNP_N_GenomeWideSNP_6_E05_781918	4	115184229	115184380	6	0.299
FOXED_p_TCGA_b122_128_SNP_N_GenomeWideSNP_6_E05_781918	4	115184390	116175308	619	-0.3876
FOXED_p_TCGA_b122_128_SNP_N_GenomeWideSNP_6_E05_781918	4	116175322	116176125	10	0.2683
FOXED_p_TCGA_b122_128_SNP_N_GenomeWideSNP_6_E05_781918	4	116180182	137938701	12502	-0.4132
FOXED_p_TCGA_b122_128_SNP_N_GenomeWideSNP_6_E05_781918	4	137938715	137949504	27	-0.013
FOXED_p_TCGA_b122_128_SNP_N_GenomeWideSNP_6_E05_781918	4	137949803	138179445	190	-0.3672
FOXED_p_TCGA_b122_128_SNP_N_GenomeWideSNP_6_E05_781918	4	138182433	138183195	18	0.1717
FOXED_p_TCGA_b122_128_SNP_N_GenomeWideSNP_6_E05_781918	4	138183236	172369346	21364	-0.4188
FOXED_p_TCGA_b122_128_SNP_N_GenomeWideSNP_6_E05_781918	4	172374884	172377776	12	0.9712
FOXED_p_TCGA_b122_128_SNP_N_GenomeWideSNP_6_E05_781918	4	172380371	187620644	10308	-0.4343
FOXED_p_TCGA_b122_128_SNP_N_GenomeWideSNP_6_E05_781918	4	187621281	187622150	3	-2.3711
FOXED_p_TCGA_b122_128_SNP_N_GenomeWideSNP_6_E05_781918	4	187624194	191027923	2213	-0.4244
FOXED_p_TCGA_b122_128_SNP_N_GenomeWideSNP_6_E05_781918	5	15532	698472	309	0.0725
FOXED_p_TCGA_b122_128_SNP_N_GenomeWideSNP_6_E05_781918	5	698505	806225	38	0.4989
FOXED_p_TCGA_b122_128_SNP_N_GenomeWideSNP_6_E05_781918	5	806336	896815	36	0.0865
FOXED_p_TCGA_b122_128_SNP_N_GenomeWideSNP_6_E05_781918	5	905701	908540	3	-1.0431
FOXED_p_TCGA_b122_128_SNP_N_GenomeWideSNP_6_E05_781918	5	913391	21451277	15402	0.083
FOXED_p_TCGA_b122_128_SNP_N_GenomeWideSNP_6_E05_781918	5	21451964	21451998	2	-2.9927
FOXED_p_TCGA_b122_128_SNP_N_GenomeWideSNP_6_E05_781918	5	21452438	46196114	15020	0.0977
FOXED_p_TCGA_b122_128_SNP_N_GenomeWideSNP_6_E05_781918	5	46199434	46199435	2	-1.3479
FOXED_p_TCGA_b122_128_SNP_N_GenomeWideSNP_6_E05_781918	5	46209299	46271108	15	0.2271
FOXED_p_TCGA_b122_128_SNP_N_GenomeWideSNP_6_E05_781918	5	46271930	46273502	6	1.5471
FOXED_p_TCGA_b122_128_SNP_N_GenomeWideSNP_6_E05_781918	5	46278212	57321646	5084	0.1052
FOXED_p_TCGA_b122_128_SNP_N_GenomeWideSNP_6_E05_781918	5	57326027	57333533	32	1.2692
FOXED_p_TCGA_b122_128_SNP_N_GenomeWideSNP_6_E05_781918	5	57338357	103851221	26885	0.1111
FOXED_p_TCGA_b122_128_SNP_N_GenomeWideSNP_6_E05_781918	5	103860373	103860604	4	-1.185
FOXED_p_TCGA_b122_128_SNP_N_GenomeWideSNP_6_E05_781918	5	103861049	173202507	45936	0.1022
FOXED_p_TCGA_b122_128_SNP_N_GenomeWideSNP_6_E05_781918	5	173205058	173206216	7	-0.9474
FOXED_p_TCGA_b122_128_SNP_N_GenomeWideSNP_6_E05_781918	5	173206371	177198449	2409	0.0719
FOXED_p_TCGA_b122_128_SNP_N_GenomeWideSNP_6_E05_781918	5	177227551	177232605	3	2.3916
FOXED_p_TCGA_b122_128_SNP_N_GenomeWideSNP_6_E05_781918	5	177254965	180378710	1814	0.0628
FOXED_p_TCGA_b122_128_SNP_N_GenomeWideSNP_6_E05_781918	5	180378888	180414465	13	0.591
FOXED_p_TCGA_b122_128_SNP_N_GenomeWideSNP_6_E05_781918	5	180417207	180790320	176	0.0472
FOXED_p_TCGA_b122_128_SNP_N_GenomeWideSNP_6_E05_781918	6	149661	3409964	2666	-0.4892
FOXED_p_TCGA_b122_128_SNP_N_GenomeWideSNP_6_E05_781918	6	3410247	3434242	23	-0.9692
FOXED_p_TCGA_b122_128_SNP_N_GenomeWideSNP_6_E05_781918	6	3438426	19040119	12093	-0.4755
FOXED_p_TCGA_b122_128_SNP_N_GenomeWideSNP_6_E05_781918	6	19042181	19042818	3	-2.4916
FOXED_p_TCGA_b122_128_SNP_N_GenomeWideSNP_6_E05_781918	6	19044702	28003744	6093	-0.4665
FOXED_p_TCGA_b122_128_SNP_N_GenomeWideSNP_6_E05_781918	6	28004556	29850274	863	0.4285
FOXED_p_TCGA_b122_128_SNP_N_GenomeWideSNP_6_E05_781918	6	29850366	29901576	19	-0.5882
FOXED_p_TCGA_b122_128_SNP_N_GenomeWideSNP_6_E05_781918	6	29908469	31280823	653	0.4344
FOXED_p_TCGA_b122_128_SNP_N_GenomeWideSNP_6_E05_781918	6	31286276	31295953	8	1.652
FOXED_p_TCGA_b122_128_SNP_N_GenomeWideSNP_6_E05_781918	6	31295987	32622194	573	0.3835
FOXED_p_TCGA_b122_128_SNP_N_GenomeWideSNP_6_E05_781918	6	32624304	32626618	6	-0.5239
FOXED_p_TCGA_b122_128_SNP_N_GenomeWideSNP_6_E05_781918	6	32650612	33937999	809	0.4429
FOXED_p_TCGA_b122_128_SNP_N_GenomeWideSNP_6_E05_781918	6	33938743	33942705	7	-1.2727
FOXED_p_TCGA_b122_128_SNP_N_GenomeWideSNP_6_E05_781918	6	33944586	41440311	4992	0.453
FOXED_p_TCGA_b122_128_SNP_N_GenomeWideSNP_6_E05_781918	6	41443560	42836583	803	0.7517
FOXED_p_TCGA_b122_128_SNP_N_GenomeWideSNP_6_E05_781918	6	42837905	42932715	38	0.0574
FOXED_p_TCGA_b122_128_SNP_N_GenomeWideSNP_6_E05_781918	6	42932835	44230588	679	0.7523
FOXED_p_TCGA_b122_128_SNP_N_GenomeWideSNP_6_E05_781918	6	44234131	53931084	6423	0.105
FOXED_p_TCGA_b122_128_SNP_N_GenomeWideSNP_6_E05_781918	6	53931151	53931855	7	1.5524
FOXED_p_TCGA_b122_128_SNP_N_GenomeWideSNP_6_E05_781918	6	53935348	54845685	604	0.1177
FOXED_p_TCGA_b122_128_SNP_N_GenomeWideSNP_6_E05_781918	6	54848455	54850139	4	-0.9148
FOXED_p_TCGA_b122_128_SNP_N_GenomeWideSNP_6_E05_781918	6	54852112	65336942	3750	0.1064
FOXED_p_TCGA_b122_128_SNP_N_GenomeWideSNP_6_E05_781918	6	65347544	65348992	2	1.6444
FOXED_p_TCGA_b122_128_SNP_N_GenomeWideSNP_6_E05_781918	6	65350776	65710729	238	0.1092
FOXED_p_TCGA_b122_128_SNP_N_GenomeWideSNP_6_E05_781918	6	65711399	65713792	3	-1.2808
FOXED_p_TCGA_b122_128_SNP_N_GenomeWideSNP_6_E05_781918	6	65717384	67512769	1275	0.1034
FOXED_p_TCGA_b122_128_SNP_N_GenomeWideSNP_6_E05_781918	6	67519273	74591858	4647	-0.4279
FOXED_p_TCGA_b122_128_SNP_N_GenomeWideSNP_6_E05_781918	6	74592225	74601410	10	0.6024
FOXED_p_TCGA_b122_128_SNP_N_GenomeWideSNP_6_E05_781918	6	74603555	77436532	1771	-0.4087
FOXED_p_TCGA_b122_128_SNP_N_GenomeWideSNP_6_E05_781918	6	77439868	77443247	11	-1.9904
FOXED_p_TCGA_b122_128_SNP_N_GenomeWideSNP_6_E05_781918	6	77446199	78956554	975	-0.438
FOXED_p_TCGA_b122_128_SNP_N_GenomeWideSNP_6_E05_781918	6	78961209	79035185	124	0.0719
FOXED_p_TCGA_b122_128_SNP_N_GenomeWideSNP_6_E05_781918	6	79039234	103734825	15483	-0.4311
FOXED_p_TCGA_b122_128_SNP_N_GenomeWideSNP_6_E05_781918	6	103734829	103738289	7	0.0454
FOXED_p_TCGA_b122_128_SNP_N_GenomeWideSNP_6_E05_781918	6	103738314	103751338	13	0.3658
FOXED_p_TCGA_b122_128_SNP_N_GenomeWideSNP_6_E05_781918	6	103751564	103770944	35	-0.0803
FOXED_p_TCGA_b122_128_SNP_N_GenomeWideSNP_6_E05_781918	6	103774790	171051005	44211	-0.4452
FOXED_p_TCGA_b122_128_SNP_N_GenomeWideSNP_6_E05_781918	7	43355	54380373	38596	0.0989
FOXED_p_TCGA_b122_128_SNP_N_GenomeWideSNP_6_E05_781918	7	54386505	54386517	6	0.8667
FOXED_p_TCGA_b122_128_SNP_N_GenomeWideSNP_6_E05_781918	7	54393488	57534527	1906	0.0952
FOXED_p_TCGA_b122_128_SNP_N_GenomeWideSNP_6_E05_781918	7	57536111	57536638	3	-1.3963
FOXED_p_TCGA_b122_128_SNP_N_GenomeWideSNP_6_E05_781918	7	57536709	76722455	6852	0.0832
FOXED_p_TCGA_b122_128_SNP_N_GenomeWideSNP_6_E05_781918	7	76734433	76735678	2	1.7713
FOXED_p_TCGA_b122_128_SNP_N_GenomeWideSNP_6_E05_781918	7	76738620	89239253	8181	0.1199
FOXED_p_TCGA_b122_128_SNP_N_GenomeWideSNP_6_E05_781918	7	89241358	89262706	14	0.7527
FOXED_p_TCGA_b122_128_SNP_N_GenomeWideSNP_6_E05_781918	7	89267157	97407061	5246	0.1112
FOXED_p_TCGA_b122_128_SNP_N_GenomeWideSNP_6_E05_781918	7	97417607	97421105	7	-0.5284
FOXED_p_TCGA_b122_128_SNP_N_GenomeWideSNP_6_E05_781918	7	97421120	101052486	1528	0.0859
FOXED_p_TCGA_b122_128_SNP_N_GenomeWideSNP_6_E05_781918	7	101059732	101059949	2	-2.0105
FOXED_p_TCGA_b122_128_SNP_N_GenomeWideSNP_6_E05_781918	7	101062911	109433777	5082	0.1096
FOXED_p_TCGA_b122_128_SNP_N_GenomeWideSNP_6_E05_781918	7	109433785	109453910	37	0.5789
FOXED_p_TCGA_b122_128_SNP_N_GenomeWideSNP_6_E05_781918	7	109453982	126046543	10053	0.1218
FOXED_p_TCGA_b122_128_SNP_N_GenomeWideSNP_6_E05_781918	7	126046600	126046877	4	1.0437
FOXED_p_TCGA_b122_128_SNP_N_GenomeWideSNP_6_E05_781918	7	126046878	133785177	4708	0.1059
FOXED_p_TCGA_b122_128_SNP_N_GenomeWideSNP_6_E05_781918	7	133785195	133798067	30	0.4876
FOXED_p_TCGA_b122_128_SNP_N_GenomeWideSNP_6_E05_781918	7	133798109	154389895	13059	0.1624
FOXED_p_TCGA_b122_128_SNP_N_GenomeWideSNP_6_E05_781918	7	154393171	154399613	4	-2.273
FOXED_p_TCGA_b122_128_SNP_N_GenomeWideSNP_6_E05_781918	7	154400830	157754923	2396	0.1597
FOXED_p_TCGA_b122_128_SNP_N_GenomeWideSNP_6_E05_781918	7	157754963	157756325	5	-0.7545
FOXED_p_TCGA_b122_128_SNP_N_GenomeWideSNP_6_E05_781918	7	157756400	159127004	845	0.1299
FOXED_p_TCGA_b122_128_SNP_N_GenomeWideSNP_6_E05_781918	8	31254	158062	5	0.1323
FOXED_p_TCGA_b122_128_SNP_N_GenomeWideSNP_6_E05_781918	8	161222	7238019	7837	-0.4865
FOXED_p_TCGA_b122_128_SNP_N_GenomeWideSNP_6_E05_781918	8	7250380	7799390	149	-0.9117
FOXED_p_TCGA_b122_128_SNP_N_GenomeWideSNP_6_E05_781918	8	7809891	13540486	4380	-0.4917
FOXED_p_TCGA_b122_128_SNP_N_GenomeWideSNP_6_E05_781918	8	13543455	13603427	77	-0.2041
FOXED_p_TCGA_b122_128_SNP_N_GenomeWideSNP_6_E05_781918	8	13603476	13610886	18	-0.6832
FOXED_p_TCGA_b122_128_SNP_N_GenomeWideSNP_6_E05_781918	8	13612045	13651722	49	-0.2236
FOXED_p_TCGA_b122_128_SNP_N_GenomeWideSNP_6_E05_781918	8	13653184	15944307	2151	-0.4732
FOXED_p_TCGA_b122_128_SNP_N_GenomeWideSNP_6_E05_781918	8	15949977	16015409	70	-0.9185
FOXED_p_TCGA_b122_128_SNP_N_GenomeWideSNP_6_E05_781918	8	16020797	18665202	2337	-0.4522
FOXED_p_TCGA_b122_128_SNP_N_GenomeWideSNP_6_E05_781918	8	18665492	18665739	4	-1.7533
FOXED_p_TCGA_b122_128_SNP_N_GenomeWideSNP_6_E05_781918	8	18668483	24972187	4728	-0.4752
FOXED_p_TCGA_b122_128_SNP_N_GenomeWideSNP_6_E05_781918	8	24974443	24991394	33	0.4353
FOXED_p_TCGA_b122_128_SNP_N_GenomeWideSNP_6_E05_781918	8	24991408	39246675	9026	-0.4634
FOXED_p_TCGA_b122_128_SNP_N_GenomeWideSNP_6_E05_781918	8	39247111	39386965	57	-0.9687
FOXED_p_TCGA_b122_128_SNP_N_GenomeWideSNP_6_E05_781918	8	39388299	39399231	13	-0.3884
FOXED_p_TCGA_b122_128_SNP_N_GenomeWideSNP_6_E05_781918	8	39403894	39697212	176	1.5941
FOXED_p_TCGA_b122_128_SNP_N_GenomeWideSNP_6_E05_781918	8	39698377	39830700	79	1.189
FOXED_p_TCGA_b122_128_SNP_N_GenomeWideSNP_6_E05_781918	8	39830957	39831647	3	-0.6145
FOXED_p_TCGA_b122_128_SNP_N_GenomeWideSNP_6_E05_781918	8	39834819	39944511	100	1.0861
FOXED_p_TCGA_b122_128_SNP_N_GenomeWideSNP_6_E05_781918	8	39947141	40085156	128	0.3261
FOXED_p_TCGA_b122_128_SNP_N_GenomeWideSNP_6_E05_781918	8	40091713	40182117	90	-0.018
FOXED_p_TCGA_b122_128_SNP_N_GenomeWideSNP_6_E05_781918	8	40183797	40192910	35	-1.0944
FOXED_p_TCGA_b122_128_SNP_N_GenomeWideSNP_6_E05_781918	8	40194429	51030772	3968	0.0599
FOXED_p_TCGA_b122_128_SNP_N_GenomeWideSNP_6_E05_781918	8	51032011	51032387	8	-1.8441
FOXED_p_TCGA_b122_128_SNP_N_GenomeWideSNP_6_E05_781918	8	51033423	85840768	21655	0.0951
FOXED_p_TCGA_b122_128_SNP_N_GenomeWideSNP_6_E05_781918	8	85850307	87167790	602	-0.2924
FOXED_p_TCGA_b122_128_SNP_N_GenomeWideSNP_6_E05_781918	8	87177380	141603185	36167	0.0968
FOXED_p_TCGA_b122_128_SNP_N_GenomeWideSNP_6_E05_781918	8	141606989	141780803	73	-0.4008
FOXED_p_TCGA_b122_128_SNP_N_GenomeWideSNP_6_E05_781918	8	141794349	142584957	488	0.1267
FOXED_p_TCGA_b122_128_SNP_N_GenomeWideSNP_6_E05_781918	8	142586110	142590596	2	-2.2284
FOXED_p_TCGA_b122_128_SNP_N_GenomeWideSNP_6_E05_781918	8	142595796	146298155	1441	0.0758
FOXED_p_TCGA_b122_128_SNP_N_GenomeWideSNP_6_E05_781918	9	46587	672786	657	0.0949
FOXED_p_TCGA_b122_128_SNP_N_GenomeWideSNP_6_E05_781918	9	672895	673512	5	-1.1623
FOXED_p_TCGA_b122_128_SNP_N_GenomeWideSNP_6_E05_781918	9	676055	6685029	5727	0.1062
FOXED_p_TCGA_b122_128_SNP_N_GenomeWideSNP_6_E05_781918	9	6687217	6708357	14	-0.4518
FOXED_p_TCGA_b122_128_SNP_N_GenomeWideSNP_6_E05_781918	9	6712314	23361805	14072	0.1255
FOXED_p_TCGA_b122_128_SNP_N_GenomeWideSNP_6_E05_781918	9	23363115	23373484	8	0.8659
FOXED_p_TCGA_b122_128_SNP_N_GenomeWideSNP_6_E05_781918	9	23378488	41842529	10895	0.1102
FOXED_p_TCGA_b122_128_SNP_N_GenomeWideSNP_6_E05_781918	9	41846811	41985187	8	0.9009
FOXED_p_TCGA_b122_128_SNP_N_GenomeWideSNP_6_E05_781918	9	42023107	43650212	41	0.1192
FOXED_p_TCGA_b122_128_SNP_N_GenomeWideSNP_6_E05_781918	9	43654139	43790346	23	-0.3801
FOXED_p_TCGA_b122_128_SNP_N_GenomeWideSNP_6_E05_781918	9	43800186	69505946	372	0.1649
FOXED_p_TCGA_b122_128_SNP_N_GenomeWideSNP_6_E05_781918	9	69507716	69522825	9	-0.4822
FOXED_p_TCGA_b122_128_SNP_N_GenomeWideSNP_6_E05_781918	9	69533038	112976743	30052	0.0998
FOXED_p_TCGA_b122_128_SNP_N_GenomeWideSNP_6_E05_781918	9	112976872	112976907	2	-1.3273
FOXED_p_TCGA_b122_128_SNP_N_GenomeWideSNP_6_E05_781918	9	112981272	138211368	16973	0.0889
FOXED_p_TCGA_b122_128_SNP_N_GenomeWideSNP_6_E05_781918	9	138214105	138215622	2	-1.5915
FOXED_p_TCGA_b122_128_SNP_N_GenomeWideSNP_6_E05_781918	9	138216412	141091394	1116	0.0678
FOXED_p_TCGA_b122_128_SNP_N_GenomeWideSNP_6_E05_781918	10	72759	4240107	3538	0.0814
FOXED_p_TCGA_b122_128_SNP_N_GenomeWideSNP_6_E05_781918	10	4240722	4241572	4	-0.9936
FOXED_p_TCGA_b122_128_SNP_N_GenomeWideSNP_6_E05_781918	10	4243998	17894976	11349	0.0803
FOXED_p_TCGA_b122_128_SNP_N_GenomeWideSNP_6_E05_781918	10	17927554	17949857	3	-1.2448
FOXED_p_TCGA_b122_128_SNP_N_GenomeWideSNP_6_E05_781918	10	17971816	18136748	10	0.6372
FOXED_p_TCGA_b122_128_SNP_N_GenomeWideSNP_6_E05_781918	10	18150761	24372757	4349	0.0886
FOXED_p_TCGA_b122_128_SNP_N_GenomeWideSNP_6_E05_781918	10	24375263	24377921	11	0.6017
FOXED_p_TCGA_b122_128_SNP_N_GenomeWideSNP_6_E05_781918	10	24378054	27587531	2206	0.0839
FOXED_p_TCGA_b122_128_SNP_N_GenomeWideSNP_6_E05_781918	10	27593427	27597438	2	-1.3223
FOXED_p_TCGA_b122_128_SNP_N_GenomeWideSNP_6_E05_781918	10	27607185	28675424	800	0.0848
FOXED_p_TCGA_b122_128_SNP_N_GenomeWideSNP_6_E05_781918	10	28678050	28680038	2	-1.1916
FOXED_p_TCGA_b122_128_SNP_N_GenomeWideSNP_6_E05_781918	10	28680096	32951737	3109	0.0861
FOXED_p_TCGA_b122_128_SNP_N_GenomeWideSNP_6_E05_781918	10	32952337	32954392	25	0.4565
FOXED_p_TCGA_b122_128_SNP_N_GenomeWideSNP_6_E05_781918	10	32954536	45208225	5575	0.0761
FOXED_p_TCGA_b122_128_SNP_N_GenomeWideSNP_6_E05_781918	10	45210690	45357291	113	0.6538
FOXED_p_TCGA_b122_128_SNP_N_GenomeWideSNP_6_E05_781918	10	45357308	47771030	872	0.0611
FOXED_p_TCGA_b122_128_SNP_N_GenomeWideSNP_6_E05_781918	10	47897394	47948060	4	1.1103
FOXED_p_TCGA_b122_128_SNP_N_GenomeWideSNP_6_E05_781918	10	47960476	48902376	295	0.0684
FOXED_p_TCGA_b122_128_SNP_N_GenomeWideSNP_6_E05_781918	10	48928791	49212771	12	-0.7913
FOXED_p_TCGA_b122_128_SNP_N_GenomeWideSNP_6_E05_781918	10	49212828	51830360	1460	0.0799
FOXED_p_TCGA_b122_128_SNP_N_GenomeWideSNP_6_E05_781918	10	51840984	51891920	4	-2.005
FOXED_p_TCGA_b122_128_SNP_N_GenomeWideSNP_6_E05_781918	10	51903768	67308709	11039	0.1101
FOXED_p_TCGA_b122_128_SNP_N_GenomeWideSNP_6_E05_781918	10	67308737	67314430	20	-0.5158
FOXED_p_TCGA_b122_128_SNP_N_GenomeWideSNP_6_E05_781918	10	67314446	89046064	14486	0.0836
FOXED_p_TCGA_b122_128_SNP_N_GenomeWideSNP_6_E05_781918	10	89046498	89117300	15	0.7995
FOXED_p_TCGA_b122_128_SNP_N_GenomeWideSNP_6_E05_781918	10	89131190	124343951	23912	0.0959
FOXED_p_TCGA_b122_128_SNP_N_GenomeWideSNP_6_E05_781918	10	124344109	124351013	6	-1.1853
FOXED_p_TCGA_b122_128_SNP_N_GenomeWideSNP_6_E05_781918	10	124356812	133472873	6942	0.0715
FOXED_p_TCGA_b122_128_SNP_N_GenomeWideSNP_6_E05_781918	10	133473089	133474078	5	-1.017
FOXED_p_TCGA_b122_128_SNP_N_GenomeWideSNP_6_E05_781918	10	133480567	135506704	974	0.0558
FOXED_p_TCGA_b122_128_SNP_N_GenomeWideSNP_6_E05_781918	11	198510	2309732	759	0.0966
FOXED_p_TCGA_b122_128_SNP_N_GenomeWideSNP_6_E05_781918	11	2310605	2310870	2	-1.1444
FOXED_p_TCGA_b122_128_SNP_N_GenomeWideSNP_6_E05_781918	11	2311152	5783923	2546	0.1081
FOXED_p_TCGA_b122_128_SNP_N_GenomeWideSNP_6_E05_781918	11	5787405	5809048	32	-0.3643
FOXED_p_TCGA_b122_128_SNP_N_GenomeWideSNP_6_E05_781918	11	5809139	6116105	244	0.1574
FOXED_p_TCGA_b122_128_SNP_N_GenomeWideSNP_6_E05_781918	11	6116843	6122094	5	1.1007
FOXED_p_TCGA_b122_128_SNP_N_GenomeWideSNP_6_E05_781918	11	6122503	34741788	20682	0.123
FOXED_p_TCGA_b122_128_SNP_N_GenomeWideSNP_6_E05_781918	11	34742548	35210198	447	-0.3854
FOXED_p_TCGA_b122_128_SNP_N_GenomeWideSNP_6_E05_781918	11	35220881	47230395	8104	0.1174
FOXED_p_TCGA_b122_128_SNP_N_GenomeWideSNP_6_E05_781918	11	47232184	47363285	58	0.4311
FOXED_p_TCGA_b122_128_SNP_N_GenomeWideSNP_6_E05_781918	11	47367371	48598422	581	0.1035
FOXED_p_TCGA_b122_128_SNP_N_GenomeWideSNP_6_E05_781918	11	48601434	48602676	2	-1.5607
FOXED_p_TCGA_b122_128_SNP_N_GenomeWideSNP_6_E05_781918	11	48606318	50769317	835	0.0941
FOXED_p_TCGA_b122_128_SNP_N_GenomeWideSNP_6_E05_781918	11	51096372	51227756	24	-0.6643
FOXED_p_TCGA_b122_128_SNP_N_GenomeWideSNP_6_E05_781918	11	51228088	55091268	199	0.2218
FOXED_p_TCGA_b122_128_SNP_N_GenomeWideSNP_6_E05_781918	11	55093883	55340379	146	-0.3691
FOXED_p_TCGA_b122_128_SNP_N_GenomeWideSNP_6_E05_781918	11	55340640	55463154	83	-0.0027
FOXED_p_TCGA_b122_128_SNP_N_GenomeWideSNP_6_E05_781918	11	55468524	55888493	328	-0.3431
FOXED_p_TCGA_b122_128_SNP_N_GenomeWideSNP_6_E05_781918	11	55895649	55972861	42	-0.0585
FOXED_p_TCGA_b122_128_SNP_N_GenomeWideSNP_6_E05_781918	11	55972869	134944770	52042	-0.2849
FOXED_p_TCGA_b122_128_SNP_N_GenomeWideSNP_6_E05_781918	12	150442	865970	418	0.4748
FOXED_p_TCGA_b122_128_SNP_N_GenomeWideSNP_6_E05_781918	12	869109	874029	18	-0.7241
FOXED_p_TCGA_b122_128_SNP_N_GenomeWideSNP_6_E05_781918	12	875354	2514540	1083	0.5216
FOXED_p_TCGA_b122_128_SNP_N_GenomeWideSNP_6_E05_781918	12	2519129	3147203	385	0.1029
FOXED_p_TCGA_b122_128_SNP_N_GenomeWideSNP_6_E05_781918	12	3148240	5063897	1553	0.4793
FOXED_p_TCGA_b122_128_SNP_N_GenomeWideSNP_6_E05_781918	12	5064991	6935631	1443	0.0867
FOXED_p_TCGA_b122_128_SNP_N_GenomeWideSNP_6_E05_781918	12	6942672	7377419	176	-0.4851
FOXED_p_TCGA_b122_128_SNP_N_GenomeWideSNP_6_E05_781918	12	7378650	7717720	153	0.072
FOXED_p_TCGA_b122_128_SNP_N_GenomeWideSNP_6_E05_781918	12	7719031	7763167	32	-0.4547
FOXED_p_TCGA_b122_128_SNP_N_GenomeWideSNP_6_E05_781918	12	7763618	7923528	92	0.051
FOXED_p_TCGA_b122_128_SNP_N_GenomeWideSNP_6_E05_781918	12	7927971	8286952	171	2.3244
FOXED_p_TCGA_b122_128_SNP_N_GenomeWideSNP_6_E05_781918	12	8287850	9633870	680	-0.4935
FOXED_p_TCGA_b122_128_SNP_N_GenomeWideSNP_6_E05_781918	12	9637909	9728292	24	-1.2379
FOXED_p_TCGA_b122_128_SNP_N_GenomeWideSNP_6_E05_781918	12	9734969	11214145	1039	-0.4368
FOXED_p_TCGA_b122_128_SNP_N_GenomeWideSNP_6_E05_781918	12	11215372	11241532	15	0.3756
FOXED_p_TCGA_b122_128_SNP_N_GenomeWideSNP_6_E05_781918	12	11251874	23168017	8112	-0.4357
FOXED_p_TCGA_b122_128_SNP_N_GenomeWideSNP_6_E05_781918	12	23171015	23494945	193	0.0788
FOXED_p_TCGA_b122_128_SNP_N_GenomeWideSNP_6_E05_781918	12	23498081	23511247	9	1.97
FOXED_p_TCGA_b122_128_SNP_N_GenomeWideSNP_6_E05_781918	12	23516143	23555730	18	-0.4412
FOXED_p_TCGA_b122_128_SNP_N_GenomeWideSNP_6_E05_781918	12	23561773	23646563	39	1.7672
FOXED_p_TCGA_b122_128_SNP_N_GenomeWideSNP_6_E05_781918	12	23647673	23700775	35	2.1218
FOXED_p_TCGA_b122_128_SNP_N_GenomeWideSNP_6_E05_781918	12	23700812	24270605	403	2.3959
FOXED_p_TCGA_b122_128_SNP_N_GenomeWideSNP_6_E05_781918	12	24274378	24393754	96	2.1363
FOXED_p_TCGA_b122_128_SNP_N_GenomeWideSNP_6_E05_781918	12	24395202	24395272	3	-0.6783
FOXED_p_TCGA_b122_128_SNP_N_GenomeWideSNP_6_E05_781918	12	24396944	24693114	226	2.4135
FOXED_p_TCGA_b122_128_SNP_N_GenomeWideSNP_6_E05_781918	12	24699322	24948042	172	2.0939
FOXED_p_TCGA_b122_128_SNP_N_GenomeWideSNP_6_E05_781918	12	24950550	25131905	162	2.3964
FOXED_p_TCGA_b122_128_SNP_N_GenomeWideSNP_6_E05_781918	12	25132588	25402069	320	2.63
FOXED_p_TCGA_b122_128_SNP_N_GenomeWideSNP_6_E05_781918	12	25402208	25402468	3	0.4038
FOXED_p_TCGA_b122_128_SNP_N_GenomeWideSNP_6_E05_781918	12	25404604	25494556	72	2.6275
FOXED_p_TCGA_b122_128_SNP_N_GenomeWideSNP_6_E05_781918	12	25494738	25514597	8	1.8055
FOXED_p_TCGA_b122_128_SNP_N_GenomeWideSNP_6_E05_781918	12	25514794	25590793	52	2.3943
FOXED_p_TCGA_b122_128_SNP_N_GenomeWideSNP_6_E05_781918	12	25593416	29203678	2616	-0.4452
FOXED_p_TCGA_b122_128_SNP_N_GenomeWideSNP_6_E05_781918	12	29204714	45904438	8705	0.1069
FOXED_p_TCGA_b122_128_SNP_N_GenomeWideSNP_6_E05_781918	12	45905840	45909537	3	-2.1226
FOXED_p_TCGA_b122_128_SNP_N_GenomeWideSNP_6_E05_781918	12	45913292	118049507	46113	0.0934
FOXED_p_TCGA_b122_128_SNP_N_GenomeWideSNP_6_E05_781918	12	118051213	118051527	2	-1.4025
FOXED_p_TCGA_b122_128_SNP_N_GenomeWideSNP_6_E05_781918	12	118051578	126942644	5339	0.0679
FOXED_p_TCGA_b122_128_SNP_N_GenomeWideSNP_6_E05_781918	12	126942880	126947265	4	-0.839
FOXED_p_TCGA_b122_128_SNP_N_GenomeWideSNP_6_E05_781918	12	126947430	129228886	2023	0.07
FOXED_p_TCGA_b122_128_SNP_N_GenomeWideSNP_6_E05_781918	12	129230513	129232545	7	-0.773
FOXED_p_TCGA_b122_128_SNP_N_GenomeWideSNP_6_E05_781918	12	129233988	130000586	707	0.0582
FOXED_p_TCGA_b122_128_SNP_N_GenomeWideSNP_6_E05_781918	12	130003490	130003594	2	-2.3198
FOXED_p_TCGA_b122_128_SNP_N_GenomeWideSNP_6_E05_781918	12	130003770	133456278	2225	0.0587
FOXED_p_TCGA_b122_128_SNP_N_GenomeWideSNP_6_E05_781918	12	133459239	133459270	2	-1.5669
FOXED_p_TCGA_b122_128_SNP_N_GenomeWideSNP_6_E05_781918	12	133464500	133778189	148	0.1007
FOXED_p_TCGA_b122_128_SNP_N_GenomeWideSNP_6_E05_781918	13	19026949	21896035	1612	0.0912
FOXED_p_TCGA_b122_128_SNP_N_GenomeWideSNP_6_E05_781918	13	21896319	21896499	2	1.8751
FOXED_p_TCGA_b122_128_SNP_N_GenomeWideSNP_6_E05_781918	13	21896756	27347524	4087	0.0934
FOXED_p_TCGA_b122_128_SNP_N_GenomeWideSNP_6_E05_781918	13	27350974	29592125	1702	0.9421
FOXED_p_TCGA_b122_128_SNP_N_GenomeWideSNP_6_E05_781918	13	29592697	29808519	158	0.5163
FOXED_p_TCGA_b122_128_SNP_N_GenomeWideSNP_6_E05_781918	13	29808937	31110074	989	0.7837
FOXED_p_TCGA_b122_128_SNP_N_GenomeWideSNP_6_E05_781918	13	31113989	32540047	1119	0.4866
FOXED_p_TCGA_b122_128_SNP_N_GenomeWideSNP_6_E05_781918	13	32541521	33909452	1073	-0.4565
FOXED_p_TCGA_b122_128_SNP_N_GenomeWideSNP_6_E05_781918	13	33910227	36651792	1851	0.0842
FOXED_p_TCGA_b122_128_SNP_N_GenomeWideSNP_6_E05_781918	13	36653923	36787275	95	0.8579
FOXED_p_TCGA_b122_128_SNP_N_GenomeWideSNP_6_E05_781918	13	36792250	36796536	5	0.34
FOXED_p_TCGA_b122_128_SNP_N_GenomeWideSNP_6_E05_781918	13	36798243	37375415	410	0.0891
FOXED_p_TCGA_b122_128_SNP_N_GenomeWideSNP_6_E05_781918	13	37376181	38603288	876	0.3404
FOXED_p_TCGA_b122_128_SNP_N_GenomeWideSNP_6_E05_781918	13	38607541	39196578	412	-0.0931
FOXED_p_TCGA_b122_128_SNP_N_GenomeWideSNP_6_E05_781918	13	39199952	39272078	48	0.7341
FOXED_p_TCGA_b122_128_SNP_N_GenomeWideSNP_6_E05_781918	13	39274856	40095815	706	0.4532
FOXED_p_TCGA_b122_128_SNP_N_GenomeWideSNP_6_E05_781918	13	40099765	40469165	229	0.7847
FOXED_p_TCGA_b122_128_SNP_N_GenomeWideSNP_6_E05_781918	13	40469758	42180727	1073	0.4757
FOXED_p_TCGA_b122_128_SNP_N_GenomeWideSNP_6_E05_781918	13	42180806	43693165	1104	-0.4242
FOXED_p_TCGA_b122_128_SNP_N_GenomeWideSNP_6_E05_781918	13	43695417	43697601	4	-2.2317
FOXED_p_TCGA_b122_128_SNP_N_GenomeWideSNP_6_E05_781918	13	43698252	45382429	1207	-0.4624
FOXED_p_TCGA_b122_128_SNP_N_GenomeWideSNP_6_E05_781918	13	45385787	45471841	58	0.1406
FOXED_p_TCGA_b122_128_SNP_N_GenomeWideSNP_6_E05_781918	13	45474982	46612339	665	-0.4461
FOXED_p_TCGA_b122_128_SNP_N_GenomeWideSNP_6_E05_781918	13	46612836	46731735	95	0.518
FOXED_p_TCGA_b122_128_SNP_N_GenomeWideSNP_6_E05_781918	13	46731751	46757197	15	-0.3426
FOXED_p_TCGA_b122_128_SNP_N_GenomeWideSNP_6_E05_781918	13	46758065	46802177	30	0.4477
FOXED_p_TCGA_b122_128_SNP_N_GenomeWideSNP_6_E05_781918	13	46802357	46845647	28	-0.4603
FOXED_p_TCGA_b122_128_SNP_N_GenomeWideSNP_6_E05_781918	13	46848507	46869778	14	0.0985
FOXED_p_TCGA_b122_128_SNP_N_GenomeWideSNP_6_E05_781918	13	46871754	46922581	41	0.479
FOXED_p_TCGA_b122_128_SNP_N_GenomeWideSNP_6_E05_781918	13	46927069	46951213	18	-0.4818
FOXED_p_TCGA_b122_128_SNP_N_GenomeWideSNP_6_E05_781918	13	46954603	47064260	49	0.5346
FOXED_p_TCGA_b122_128_SNP_N_GenomeWideSNP_6_E05_781918	13	47068147	47077926	5	-0.4574
FOXED_p_TCGA_b122_128_SNP_N_GenomeWideSNP_6_E05_781918	13	47078433	47083758	4	0.8185
FOXED_p_TCGA_b122_128_SNP_N_GenomeWideSNP_6_E05_781918	13	47085665	47090614	6	-0.729
FOXED_p_TCGA_b122_128_SNP_N_GenomeWideSNP_6_E05_781918	13	47093046	47353235	197	0.5144
FOXED_p_TCGA_b122_128_SNP_N_GenomeWideSNP_6_E05_781918	13	47354777	47397454	29	-0.5687
FOXED_p_TCGA_b122_128_SNP_N_GenomeWideSNP_6_E05_781918	13	47398352	47579335	157	0.1166
FOXED_p_TCGA_b122_128_SNP_N_GenomeWideSNP_6_E05_781918	13	47579744	47834216	205	-0.4465
FOXED_p_TCGA_b122_128_SNP_N_GenomeWideSNP_6_E05_781918	13	47836038	47860280	20	0.5179
FOXED_p_TCGA_b122_128_SNP_N_GenomeWideSNP_6_E05_781918	13	47862887	47906089	38	-0.4236
FOXED_p_TCGA_b122_128_SNP_N_GenomeWideSNP_6_E05_781918	13	47907370	48183436	181	0.5165
FOXED_p_TCGA_b122_128_SNP_N_GenomeWideSNP_6_E05_781918	13	48186177	48200218	24	-0.4535
FOXED_p_TCGA_b122_128_SNP_N_GenomeWideSNP_6_E05_781918	13	48203483	48224058	14	0.4545
FOXED_p_TCGA_b122_128_SNP_N_GenomeWideSNP_6_E05_781918	13	48230181	48588738	216	-0.4509
FOXED_p_TCGA_b122_128_SNP_N_GenomeWideSNP_6_E05_781918	13	48603841	48652590	27	0.4727
FOXED_p_TCGA_b122_128_SNP_N_GenomeWideSNP_6_E05_781918	13	48656553	50960666	1404	-0.43
FOXED_p_TCGA_b122_128_SNP_N_GenomeWideSNP_6_E05_781918	13	50961493	50962458	3	-2.3296
FOXED_p_TCGA_b122_128_SNP_N_GenomeWideSNP_6_E05_781918	13	50963364	51117247	96	-0.3402
FOXED_p_TCGA_b122_128_SNP_N_GenomeWideSNP_6_E05_781918	13	51119737	51124461	2	-2.5943
FOXED_p_TCGA_b122_128_SNP_N_GenomeWideSNP_6_E05_781918	13	51125640	51545054	305	-0.4251
FOXED_p_TCGA_b122_128_SNP_N_GenomeWideSNP_6_E05_781918	13	51546911	51553157	5	0.4053
FOXED_p_TCGA_b122_128_SNP_N_GenomeWideSNP_6_E05_781918	13	51555862	54050116	1356	-0.4572
FOXED_p_TCGA_b122_128_SNP_N_GenomeWideSNP_6_E05_781918	13	54056192	54751007	495	0.5003
FOXED_p_TCGA_b122_128_SNP_N_GenomeWideSNP_6_E05_781918	13	54751872	56130771	767	0.8093
FOXED_p_TCGA_b122_128_SNP_N_GenomeWideSNP_6_E05_781918	13	56131816	56149887	13	0.3827
FOXED_p_TCGA_b122_128_SNP_N_GenomeWideSNP_6_E05_781918	13	56150954	56200943	23	0.8423
FOXED_p_TCGA_b122_128_SNP_N_GenomeWideSNP_6_E05_781918	13	56202656	56228892	15	0.5411
FOXED_p_TCGA_b122_128_SNP_N_GenomeWideSNP_6_E05_781918	13	56237721	56272062	24	0.0549
FOXED_p_TCGA_b122_128_SNP_N_GenomeWideSNP_6_E05_781918	13	56274944	57454073	567	1.1075
FOXED_p_TCGA_b122_128_SNP_N_GenomeWideSNP_6_E05_781918	13	57457404	57763764	164	0.4967
FOXED_p_TCGA_b122_128_SNP_N_GenomeWideSNP_6_E05_781918	13	57764004	57892660	93	0.796
FOXED_p_TCGA_b122_128_SNP_N_GenomeWideSNP_6_E05_781918	13	57892774	58897559	539	1.1624
FOXED_p_TCGA_b122_128_SNP_N_GenomeWideSNP_6_E05_781918	13	58901067	59418493	325	0.8705
FOXED_p_TCGA_b122_128_SNP_N_GenomeWideSNP_6_E05_781918	13	59420824	59659517	142	1.1301
FOXED_p_TCGA_b122_128_SNP_N_GenomeWideSNP_6_E05_781918	13	59660889	60044515	318	0.637
FOXED_p_TCGA_b122_128_SNP_N_GenomeWideSNP_6_E05_781918	13	60050288	60265632	132	0.1299
FOXED_p_TCGA_b122_128_SNP_N_GenomeWideSNP_6_E05_781918	13	60270281	60887589	364	0.8577
FOXED_p_TCGA_b122_128_SNP_N_GenomeWideSNP_6_E05_781918	13	60890992	61216907	161	0.5571
FOXED_p_TCGA_b122_128_SNP_N_GenomeWideSNP_6_E05_781918	13	61217123	61846388	464	0.8749
FOXED_p_TCGA_b122_128_SNP_N_GenomeWideSNP_6_E05_781918	13	61846812	62854907	532	1.3145
FOXED_p_TCGA_b122_128_SNP_N_GenomeWideSNP_6_E05_781918	13	62857650	63436800	299	0.8629
FOXED_p_TCGA_b122_128_SNP_N_GenomeWideSNP_6_E05_781918	13	63437297	63791684	181	0.5811
FOXED_p_TCGA_b122_128_SNP_N_GenomeWideSNP_6_E05_781918	13	63798109	63932873	90	1.0446
FOXED_p_TCGA_b122_128_SNP_N_GenomeWideSNP_6_E05_781918	13	63935233	64133752	134	0.6127
FOXED_p_TCGA_b122_128_SNP_N_GenomeWideSNP_6_E05_781918	13	64140827	64394120	160	0.9694
FOXED_p_TCGA_b122_128_SNP_N_GenomeWideSNP_6_E05_781918	13	64405322	65445440	638	0.5083
FOXED_p_TCGA_b122_128_SNP_N_GenomeWideSNP_6_E05_781918	13	65446557	65638639	107	1.0298
FOXED_p_TCGA_b122_128_SNP_N_GenomeWideSNP_6_E05_781918	13	65642891	65727942	43	0.4634
FOXED_p_TCGA_b122_128_SNP_N_GenomeWideSNP_6_E05_781918	13	65728694	65805961	33	0.7413
FOXED_p_TCGA_b122_128_SNP_N_GenomeWideSNP_6_E05_781918	13	65806192	65876402	45	1.2243
FOXED_p_TCGA_b122_128_SNP_N_GenomeWideSNP_6_E05_781918	13	65877595	66571358	440	0.7707
FOXED_p_TCGA_b122_128_SNP_N_GenomeWideSNP_6_E05_781918	13	66574386	66653993	49	0.3294
FOXED_p_TCGA_b122_128_SNP_N_GenomeWideSNP_6_E05_781918	13	66657417	66724399	52	0.9535
FOXED_p_TCGA_b122_128_SNP_N_GenomeWideSNP_6_E05_781918	13	66725263	66893960	104	1.2223
FOXED_p_TCGA_b122_128_SNP_N_GenomeWideSNP_6_E05_781918	13	66896052	66999815	65	0.879
FOXED_p_TCGA_b122_128_SNP_N_GenomeWideSNP_6_E05_781918	13	67001368	67251257	194	1.083
FOXED_p_TCGA_b122_128_SNP_N_GenomeWideSNP_6_E05_781918	13	67253953	67510720	197	0.7304
FOXED_p_TCGA_b122_128_SNP_N_GenomeWideSNP_6_E05_781918	13	67510754	67839021	239	0.9793
FOXED_p_TCGA_b122_128_SNP_N_GenomeWideSNP_6_E05_781918	13	67840574	67845562	4	0.0187
FOXED_p_TCGA_b122_128_SNP_N_GenomeWideSNP_6_E05_781918	13	67846455	68514964	375	0.6879
FOXED_p_TCGA_b122_128_SNP_N_GenomeWideSNP_6_E05_781918	13	68523983	68960954	206	0.3193
FOXED_p_TCGA_b122_128_SNP_N_GenomeWideSNP_6_E05_781918	13	68977846	69066066	67	0.9312
FOXED_p_TCGA_b122_128_SNP_N_GenomeWideSNP_6_E05_781918	13	69066864	69242255	135	0.3287
FOXED_p_TCGA_b122_128_SNP_N_GenomeWideSNP_6_E05_781918	13	69248299	69268242	39	-0.5183
FOXED_p_TCGA_b122_128_SNP_N_GenomeWideSNP_6_E05_781918	13	69269119	69875266	462	0.3057
FOXED_p_TCGA_b122_128_SNP_N_GenomeWideSNP_6_E05_781918	13	69876850	70167978	143	0.6169
FOXED_p_TCGA_b122_128_SNP_N_GenomeWideSNP_6_E05_781918	13	70171215	70964903	540	0.2682
FOXED_p_TCGA_b122_128_SNP_N_GenomeWideSNP_6_E05_781918	13	70965479	71176123	132	0.8497
FOXED_p_TCGA_b122_128_SNP_N_GenomeWideSNP_6_E05_781918	13	71178157	71205779	21	0.3611
FOXED_p_TCGA_b122_128_SNP_N_GenomeWideSNP_6_E05_781918	13	71205818	71275421	44	1.1505
FOXED_p_TCGA_b122_128_SNP_N_GenomeWideSNP_6_E05_781918	13	71275640	72476988	723	0.6565
FOXED_p_TCGA_b122_128_SNP_N_GenomeWideSNP_6_E05_781918	13	72477555	72480605	5	1.3946
FOXED_p_TCGA_b122_128_SNP_N_GenomeWideSNP_6_E05_781918	13	72486483	72586600	83	0.7144
FOXED_p_TCGA_b122_128_SNP_N_GenomeWideSNP_6_E05_781918	13	72586785	74480164	1387	0.9748
FOXED_p_TCGA_b122_128_SNP_N_GenomeWideSNP_6_E05_781918	13	74491265	74822669	282	0.6867
FOXED_p_TCGA_b122_128_SNP_N_GenomeWideSNP_6_E05_781918	13	74825223	75110396	224	0.2669
FOXED_p_TCGA_b122_128_SNP_N_GenomeWideSNP_6_E05_781918	13	75121840	75455246	236	0.626
FOXED_p_TCGA_b122_128_SNP_N_GenomeWideSNP_6_E05_781918	13	75466471	75585202	79	0.1186
FOXED_p_TCGA_b122_128_SNP_N_GenomeWideSNP_6_E05_781918	13	75585962	76030510	329	0.6819
FOXED_p_TCGA_b122_128_SNP_N_GenomeWideSNP_6_E05_781918	13	76031966	76155821	81	0.3891
FOXED_p_TCGA_b122_128_SNP_N_GenomeWideSNP_6_E05_781918	13	76161774	76488277	252	0.6755
FOXED_p_TCGA_b122_128_SNP_N_GenomeWideSNP_6_E05_781918	13	76489749	76761621	245	0.2834
FOXED_p_TCGA_b122_128_SNP_N_GenomeWideSNP_6_E05_781918	13	76766603	76954748	126	0.6605
FOXED_p_TCGA_b122_128_SNP_N_GenomeWideSNP_6_E05_781918	13	76956512	77044812	59	0.3467
FOXED_p_TCGA_b122_128_SNP_N_GenomeWideSNP_6_E05_781918	13	77046090	78509768	928	0.6728
FOXED_p_TCGA_b122_128_SNP_N_GenomeWideSNP_6_E05_781918	13	78514747	100384103	13958	0.096
FOXED_p_TCGA_b122_128_SNP_N_GenomeWideSNP_6_E05_781918	13	100384766	100385153	2	-1.657
FOXED_p_TCGA_b122_128_SNP_N_GenomeWideSNP_6_E05_781918	13	100385360	115108397	10893	0.0952
FOXED_p_TCGA_b122_128_SNP_N_GenomeWideSNP_6_E05_781918	14	19002124	20037146	74	0.2078
FOXED_p_TCGA_b122_128_SNP_N_GenomeWideSNP_6_E05_781918	14	20100326	20420239	114	0.7275
FOXED_p_TCGA_b122_128_SNP_N_GenomeWideSNP_6_E05_781918	14	20422583	20516490	65	0.1887
FOXED_p_TCGA_b122_128_SNP_N_GenomeWideSNP_6_E05_781918	14	20520198	24458943	2684	-0.4281
FOXED_p_TCGA_b122_128_SNP_N_GenomeWideSNP_6_E05_781918	14	24461854	41608358	10899	0.1097
FOXED_p_TCGA_b122_128_SNP_N_GenomeWideSNP_6_E05_781918	14	41610496	41657349	15	-0.3858
FOXED_p_TCGA_b122_128_SNP_N_GenomeWideSNP_6_E05_781918	14	41670102	46590910	2869	0.122
FOXED_p_TCGA_b122_128_SNP_N_GenomeWideSNP_6_E05_781918	14	46592058	46592177	2	-1.4724
FOXED_p_TCGA_b122_128_SNP_N_GenomeWideSNP_6_E05_781918	14	46592900	103864713	37542	0.0973
FOXED_p_TCGA_b122_128_SNP_N_GenomeWideSNP_6_E05_781918	14	103869266	103869628	2	-1.5079
FOXED_p_TCGA_b122_128_SNP_N_GenomeWideSNP_6_E05_781918	14	103869849	106796025	1036	0.1033
FOXED_p_TCGA_b122_128_SNP_N_GenomeWideSNP_6_E05_781918	14	106796228	106802053	6	-0.7399
FOXED_p_TCGA_b122_128_SNP_N_GenomeWideSNP_6_E05_781918	14	106815943	107160399	220	0.2076
FOXED_p_TCGA_b122_128_SNP_N_GenomeWideSNP_6_E05_781918	14	107160654	107179847	19	-0.408
FOXED_p_TCGA_b122_128_SNP_N_GenomeWideSNP_6_E05_781918	14	107184184	107285437	69	0.1436
FOXED_p_TCGA_b122_128_SNP_N_GenomeWideSNP_6_E05_781918	15	20016328	20578366	97	0.2494
FOXED_p_TCGA_b122_128_SNP_N_GenomeWideSNP_6_E05_781918	15	20578421	20581455	6	-0.7326
FOXED_p_TCGA_b122_128_SNP_N_GenomeWideSNP_6_E05_781918	15	20581562	22587474	319	0.3597
FOXED_p_TCGA_b122_128_SNP_N_GenomeWideSNP_6_E05_781918	15	22673399	30398229	4682	0.07
FOXED_p_TCGA_b122_128_SNP_N_GenomeWideSNP_6_E05_781918	15	30415931	30780663	102	-0.2426
FOXED_p_TCGA_b122_128_SNP_N_GenomeWideSNP_6_E05_781918	15	30792569	32512220	1075	0.1081
FOXED_p_TCGA_b122_128_SNP_N_GenomeWideSNP_6_E05_781918	15	32531316	32876984	49	-0.2603
FOXED_p_TCGA_b122_128_SNP_N_GenomeWideSNP_6_E05_781918	15	32902983	56789647	15257	0.0864
FOXED_p_TCGA_b122_128_SNP_N_GenomeWideSNP_6_E05_781918	15	56790703	56800977	25	-1.698
FOXED_p_TCGA_b122_128_SNP_N_GenomeWideSNP_6_E05_781918	15	56801623	102469040	30476	0.0775
FOXED_p_TCGA_b122_128_SNP_N_GenomeWideSNP_6_E05_781918	16	60777	310380	134	0.0928
FOXED_p_TCGA_b122_128_SNP_N_GenomeWideSNP_6_E05_781918	16	311853	312635	2	-2.04
FOXED_p_TCGA_b122_128_SNP_N_GenomeWideSNP_6_E05_781918	16	313270	6611883	3690	0.0447
FOXED_p_TCGA_b122_128_SNP_N_GenomeWideSNP_6_E05_781918	16	6612737	6969295	479	-0.5613
FOXED_p_TCGA_b122_128_SNP_N_GenomeWideSNP_6_E05_781918	16	6969671	9108219	2231	0.0615
FOXED_p_TCGA_b122_128_SNP_N_GenomeWideSNP_6_E05_781918	16	9109391	9111137	3	-1.2508
FOXED_p_TCGA_b122_128_SNP_N_GenomeWideSNP_6_E05_781918	16	9115905	18704192	6298	0.0665
FOXED_p_TCGA_b122_128_SNP_N_GenomeWideSNP_6_E05_781918	16	18716255	18726036	4	1.0635
FOXED_p_TCGA_b122_128_SNP_N_GenomeWideSNP_6_E05_781918	16	18727232	55795048	14492	0.069
FOXED_p_TCGA_b122_128_SNP_N_GenomeWideSNP_6_E05_781918	16	55795214	55816646	19	-2.3343
FOXED_p_TCGA_b122_128_SNP_N_GenomeWideSNP_6_E05_781918	16	55816705	55842382	8	-0.3854
FOXED_p_TCGA_b122_128_SNP_N_GenomeWideSNP_6_E05_781918	16	55842456	55848068	8	1.0301
FOXED_p_TCGA_b122_128_SNP_N_GenomeWideSNP_6_E05_781918	16	55853059	78371608	14420	0.073
FOXED_p_TCGA_b122_128_SNP_N_GenomeWideSNP_6_E05_781918	16	78372440	78384738	16	-2.5804
FOXED_p_TCGA_b122_128_SNP_N_GenomeWideSNP_6_E05_781918	16	78384765	90287535	10648	0.0519
FOXED_p_TCGA_b122_128_SNP_N_GenomeWideSNP_6_E05_781918	17	526	15527156	10028	-0.5043
FOXED_p_TCGA_b122_128_SNP_N_GenomeWideSNP_6_E05_781918	17	15543161	15557530	6	-1.7087
FOXED_p_TCGA_b122_128_SNP_N_GenomeWideSNP_6_E05_781918	17	15557740	18289923	1398	-0.4775
FOXED_p_TCGA_b122_128_SNP_N_GenomeWideSNP_6_E05_781918	17	18293427	18533676	48	-0.1078
FOXED_p_TCGA_b122_128_SNP_N_GenomeWideSNP_6_E05_781918	17	18537346	20849784	976	-0.4396
FOXED_p_TCGA_b122_128_SNP_N_GenomeWideSNP_6_E05_781918	17	20851735	20942568	70	0.0284
FOXED_p_TCGA_b122_128_SNP_N_GenomeWideSNP_6_E05_781918	17	20949688	25535068	602	-0.3882
FOXED_p_TCGA_b122_128_SNP_N_GenomeWideSNP_6_E05_781918	17	25536177	25774895	143	0.0514
FOXED_p_TCGA_b122_128_SNP_N_GenomeWideSNP_6_E05_781918	17	25778019	25787289	7	-0.9899
FOXED_p_TCGA_b122_128_SNP_N_GenomeWideSNP_6_E05_781918	17	25787863	34436532	5107	0.0553
FOXED_p_TCGA_b122_128_SNP_N_GenomeWideSNP_6_E05_781918	17	34436708	34485091	38	0.5813
FOXED_p_TCGA_b122_128_SNP_N_GenomeWideSNP_6_E05_781918	17	34528125	39423090	2549	0.05
FOXED_p_TCGA_b122_128_SNP_N_GenomeWideSNP_6_E05_781918	17	39423103	39430450	18	-0.4345
FOXED_p_TCGA_b122_128_SNP_N_GenomeWideSNP_6_E05_781918	17	39430531	44163098	2511	0.0663
FOXED_p_TCGA_b122_128_SNP_N_GenomeWideSNP_6_E05_781918	17	44165803	44362363	124	0.3972
FOXED_p_TCGA_b122_128_SNP_N_GenomeWideSNP_6_E05_781918	17	44364170	44752283	48	-0.3358
FOXED_p_TCGA_b122_128_SNP_N_GenomeWideSNP_6_E05_781918	17	44752300	70772407	16072	0.0772
FOXED_p_TCGA_b122_128_SNP_N_GenomeWideSNP_6_E05_781918	17	70772793	70778012	4	-0.8766
FOXED_p_TCGA_b122_128_SNP_N_GenomeWideSNP_6_E05_781918	17	70779765	75934962	3056	0.0522
FOXED_p_TCGA_b122_128_SNP_N_GenomeWideSNP_6_E05_781918	17	75935886	76074196	69	-0.4809
FOXED_p_TCGA_b122_128_SNP_N_GenomeWideSNP_6_E05_781918	17	76077833	81049726	2433	0.045
FOXED_p_TCGA_b122_128_SNP_N_GenomeWideSNP_6_E05_781918	18	11543	15402408	10454	0.0802
FOXED_p_TCGA_b122_128_SNP_N_GenomeWideSNP_6_E05_781918	18	18529353	25596581	4304	-0.4559
FOXED_p_TCGA_b122_128_SNP_N_GenomeWideSNP_6_E05_781918	18	25596636	25596649	2	-2.2508
FOXED_p_TCGA_b122_128_SNP_N_GenomeWideSNP_6_E05_781918	18	25600525	38258082	8066	-0.4404
FOXED_p_TCGA_b122_128_SNP_N_GenomeWideSNP_6_E05_781918	18	38258096	38265389	32	0.0181
FOXED_p_TCGA_b122_128_SNP_N_GenomeWideSNP_6_E05_781918	18	38268024	53144809	10054	-0.4589
FOXED_p_TCGA_b122_128_SNP_N_GenomeWideSNP_6_E05_781918	18	53144846	53144868	2	-3.0738
FOXED_p_TCGA_b122_128_SNP_N_GenomeWideSNP_6_E05_781918	18	53144881	62210898	6404	-0.4489
FOXED_p_TCGA_b122_128_SNP_N_GenomeWideSNP_6_E05_781918	18	62211626	62211946	2	-2.4728
FOXED_p_TCGA_b122_128_SNP_N_GenomeWideSNP_6_E05_781918	18	62217416	72096383	7354	-0.43
FOXED_p_TCGA_b122_128_SNP_N_GenomeWideSNP_6_E05_781918	18	72097466	72098603	2	-2.558
FOXED_p_TCGA_b122_128_SNP_N_GenomeWideSNP_6_E05_781918	18	72099454	78015057	4112	-0.498
FOXED_p_TCGA_b122_128_SNP_N_GenomeWideSNP_6_E05_781918	19	90910	20594676	8988	0.0441
FOXED_p_TCGA_b122_128_SNP_N_GenomeWideSNP_6_E05_781918	19	20596206	20721234	72	-0.5933
FOXED_p_TCGA_b122_128_SNP_N_GenomeWideSNP_6_E05_781918	19	20721462	43713377	11719	0.0464
FOXED_p_TCGA_b122_128_SNP_N_GenomeWideSNP_6_E05_781918	19	43713734	43876546	71	0.2727
FOXED_p_TCGA_b122_128_SNP_N_GenomeWideSNP_6_E05_781918	19	43876891	53520381	5078	0.0441
FOXED_p_TCGA_b122_128_SNP_N_GenomeWideSNP_6_E05_781918	19	53524654	53547361	18	0.4923
FOXED_p_TCGA_b122_128_SNP_N_GenomeWideSNP_6_E05_781918	19	53552229	59097854	3416	0.0329
FOXED_p_TCGA_b122_128_SNP_N_GenomeWideSNP_6_E05_781918	20	61305	1560787	1203	0.3596
FOXED_p_TCGA_b122_128_SNP_N_GenomeWideSNP_6_E05_781918	20	1560802	1597946	46	-0.2187
FOXED_p_TCGA_b122_128_SNP_N_GenomeWideSNP_6_E05_781918	20	1598106	3832260	1580	0.334
FOXED_p_TCGA_b122_128_SNP_N_GenomeWideSNP_6_E05_781918	20	3838807	3844295	6	-0.2698
FOXED_p_TCGA_b122_128_SNP_N_GenomeWideSNP_6_E05_781918	20	3845860	29420553	17241	0.3681
FOXED_p_TCGA_b122_128_SNP_N_GenomeWideSNP_6_E05_781918	20	29428523	29492738	17	-0.273
FOXED_p_TCGA_b122_128_SNP_N_GenomeWideSNP_6_E05_781918	20	29493853	35700485	2853	0.4254
FOXED_p_TCGA_b122_128_SNP_N_GenomeWideSNP_6_E05_781918	20	35700547	35722355	81	0.2053
FOXED_p_TCGA_b122_128_SNP_N_GenomeWideSNP_6_E05_781918	20	35722830	52283186	11696	0.4314
FOXED_p_TCGA_b122_128_SNP_N_GenomeWideSNP_6_E05_781918	20	52285835	52285882	2	-1.0939
FOXED_p_TCGA_b122_128_SNP_N_GenomeWideSNP_6_E05_781918	20	52296775	52652360	307	0.459
FOXED_p_TCGA_b122_128_SNP_N_GenomeWideSNP_6_E05_781918	20	52652478	52657717	24	0.7879
FOXED_p_TCGA_b122_128_SNP_N_GenomeWideSNP_6_E05_781918	20	52658073	54298335	1407	0.453
FOXED_p_TCGA_b122_128_SNP_N_GenomeWideSNP_6_E05_781918	20	54300596	54300746	2	-0.9821
FOXED_p_TCGA_b122_128_SNP_N_GenomeWideSNP_6_E05_781918	20	54301882	62916068	6058	0.4298
FOXED_p_TCGA_b122_128_SNP_N_GenomeWideSNP_6_E05_781918	20	62954695	62956153	5	-0.8281
FOXED_p_TCGA_b122_128_SNP_N_GenomeWideSNP_6_E05_781918	21	10736871	14929259	320	-0.2166
FOXED_p_TCGA_b122_128_SNP_N_GenomeWideSNP_6_E05_781918	21	14929930	14930698	2	-1.7046
FOXED_p_TCGA_b122_128_SNP_N_GenomeWideSNP_6_E05_781918	21	14931441	17081727	1401	-0.4052
FOXED_p_TCGA_b122_128_SNP_N_GenomeWideSNP_6_E05_781918	21	17082139	18821468	1088	0.1013
FOXED_p_TCGA_b122_128_SNP_N_GenomeWideSNP_6_E05_781918	21	18821898	18822174	3	-0.8031
FOXED_p_TCGA_b122_128_SNP_N_GenomeWideSNP_6_E05_781918	21	18828235	20442654	1247	0.1098
FOXED_p_TCGA_b122_128_SNP_N_GenomeWideSNP_6_E05_781918	21	20448286	20448316	2	-3.1174
FOXED_p_TCGA_b122_128_SNP_N_GenomeWideSNP_6_E05_781918	21	20448465	44968053	18594	0.0819
FOXED_p_TCGA_b122_128_SNP_N_GenomeWideSNP_6_E05_781918	21	44970873	44972812	2	1.6016
FOXED_p_TCGA_b122_128_SNP_N_GenomeWideSNP_6_E05_781918	21	44973667	48096957	1765	0.0343
FOXED_p_TCGA_b122_128_SNP_N_GenomeWideSNP_6_E05_781918	22	16052528	16108143	12	0.5201
FOXED_p_TCGA_b122_128_SNP_N_GenomeWideSNP_6_E05_781918	22	16112001	16386614	35	0.0536
FOXED_p_TCGA_b122_128_SNP_N_GenomeWideSNP_6_E05_781918	22	16386651	16425217	15	0.6172
FOXED_p_TCGA_b122_128_SNP_N_GenomeWideSNP_6_E05_781918	22	16444867	20975987	2272	0.0294
FOXED_p_TCGA_b122_128_SNP_N_GenomeWideSNP_6_E05_781918	22	20977077	20977272	2	-1.7197
FOXED_p_TCGA_b122_128_SNP_N_GenomeWideSNP_6_E05_781918	22	20978391	23262981	1584	0.0361
FOXED_p_TCGA_b122_128_SNP_N_GenomeWideSNP_6_E05_781918	22	23263242	23263257	2	-2.6117
FOXED_p_TCGA_b122_128_SNP_N_GenomeWideSNP_6_E05_781918	22	23263274	23713809	306	0.0068
FOXED_p_TCGA_b122_128_SNP_N_GenomeWideSNP_6_E05_781918	22	23717005	24271745	362	0.3506
FOXED_p_TCGA_b122_128_SNP_N_GenomeWideSNP_6_E05_781918	22	24283016	24344422	33	1.075
FOXED_p_TCGA_b122_128_SNP_N_GenomeWideSNP_6_E05_781918	22	24350529	25081338	373	0.3591
FOXED_p_TCGA_b122_128_SNP_N_GenomeWideSNP_6_E05_781918	22	25082115	25082515	2	-1.3526
FOXED_p_TCGA_b122_128_SNP_N_GenomeWideSNP_6_E05_781918	22	25082534	39274814	10466	0.3656
FOXED_p_TCGA_b122_128_SNP_N_GenomeWideSNP_6_E05_781918	22	39275846	40329128	533	3e-04
FOXED_p_TCGA_b122_128_SNP_N_GenomeWideSNP_6_E05_781918	22	40337397	51199978	7547	-0.5287
FOXED_p_TCGA_b122_128_SNP_N_GenomeWideSNP_6_E05_781918	22	51200532	51234455	10	0.0252
FOXED_p_TCGA_b122_128_SNP_N_GenomeWideSNP_6_E05_781918	X	168477	8259747	4306	-0.2214
FOXED_p_TCGA_b122_128_SNP_N_GenomeWideSNP_6_E05_781918	X	8264456	8264613	2	-5.5229
FOXED_p_TCGA_b122_128_SNP_N_GenomeWideSNP_6_E05_781918	X	8268941	10086508	1428	-0.2485
FOXED_p_TCGA_b122_128_SNP_N_GenomeWideSNP_6_E05_781918	X	10086986	10087487	2	-5.232
FOXED_p_TCGA_b122_128_SNP_N_GenomeWideSNP_6_E05_781918	X	10089683	37853761	17770	-0.2275
FOXED_p_TCGA_b122_128_SNP_N_GenomeWideSNP_6_E05_781918	X	37854365	37854689	4	-3.1969
FOXED_p_TCGA_b122_128_SNP_N_GenomeWideSNP_6_E05_781918	X	37855198	49604566	6285	-0.2439
FOXED_p_TCGA_b122_128_SNP_N_GenomeWideSNP_6_E05_781918	X	49605525	49609260	2	-3.2295
FOXED_p_TCGA_b122_128_SNP_N_GenomeWideSNP_6_E05_781918	X	49611004	65632146	5322	-0.2263
FOXED_p_TCGA_b122_128_SNP_N_GenomeWideSNP_6_E05_781918	X	65632230	65632330	2	-4.7305
FOXED_p_TCGA_b122_128_SNP_N_GenomeWideSNP_6_E05_781918	X	65632620	69336885	1887	-0.2384
FOXED_p_TCGA_b122_128_SNP_N_GenomeWideSNP_6_E05_781918	X	69337855	69346120	4	-3.1968
FOXED_p_TCGA_b122_128_SNP_N_GenomeWideSNP_6_E05_781918	X	69347311	96490129	13735	-0.219
FOXED_p_TCGA_b122_128_SNP_N_GenomeWideSNP_6_E05_781918	X	96493857	155182354	33762	0.3616
FOXED_p_TCGA_b122_128_SNP_N_GenomeWideSNP_6_E05_781918	Y	2650438	9633865	2575	-0.7562
FOXED_p_TCGA_b122_128_SNP_N_GenomeWideSNP_6_E05_781918	Y	9648550	9648739	2	-2.5091
FOXED_p_TCGA_b122_128_SNP_N_GenomeWideSNP_6_E05_781918	Y	9651430	59018259	6058	-0.7621
