Sample	Chromosome	Start	End	Num_Probes	Segment_Mean
FOXED_p_TCGA_b122_128_SNP_N_GenomeWideSNP_6_B08_781886	1	61735	98588	16	-1.0405
FOXED_p_TCGA_b122_128_SNP_N_GenomeWideSNP_6_B08_781886	1	98602	2061969	365	-0.1254
FOXED_p_TCGA_b122_128_SNP_N_GenomeWideSNP_6_B08_781886	1	2069681	2074104	3	-1.2919
FOXED_p_TCGA_b122_128_SNP_N_GenomeWideSNP_6_B08_781886	1	2075068	14104818	6452	-0.071
FOXED_p_TCGA_b122_128_SNP_N_GenomeWideSNP_6_B08_781886	1	14105298	14109114	3	-1.6956
FOXED_p_TCGA_b122_128_SNP_N_GenomeWideSNP_6_B08_781886	1	14112749	16405611	1683	-0.0678
FOXED_p_TCGA_b122_128_SNP_N_GenomeWideSNP_6_B08_781886	1	16407320	16408804	2	1.2874
FOXED_p_TCGA_b122_128_SNP_N_GenomeWideSNP_6_B08_781886	1	16413265	16869363	201	-0.0352
FOXED_p_TCGA_b122_128_SNP_N_GenomeWideSNP_6_B08_781886	1	16871278	17005776	44	-0.4522
FOXED_p_TCGA_b122_128_SNP_N_GenomeWideSNP_6_B08_781886	1	17005978	17012422	11	0.0209
FOXED_p_TCGA_b122_128_SNP_N_GenomeWideSNP_6_B08_781886	1	17012456	17056457	26	-0.4356
FOXED_p_TCGA_b122_128_SNP_N_GenomeWideSNP_6_B08_781886	1	17076467	17114712	19	0.028
FOXED_p_TCGA_b122_128_SNP_N_GenomeWideSNP_6_B08_781886	1	17177045	17298496	77	-0.461
FOXED_p_TCGA_b122_128_SNP_N_GenomeWideSNP_6_B08_781886	1	17299727	36867234	11066	-0.0471
FOXED_p_TCGA_b122_128_SNP_N_GenomeWideSNP_6_B08_781886	1	36872665	36873249	3	-1.1049
FOXED_p_TCGA_b122_128_SNP_N_GenomeWideSNP_6_B08_781886	1	36873318	37898668	709	-0.0702
FOXED_p_TCGA_b122_128_SNP_N_GenomeWideSNP_6_B08_781886	1	37900173	37900415	2	-1.3846
FOXED_p_TCGA_b122_128_SNP_N_GenomeWideSNP_6_B08_781886	1	37902135	72768916	22372	-0.0558
FOXED_p_TCGA_b122_128_SNP_N_GenomeWideSNP_6_B08_781886	1	72768936	72811148	45	1.0174
FOXED_p_TCGA_b122_128_SNP_N_GenomeWideSNP_6_B08_781886	1	72811904	75269284	1506	-0.0556
FOXED_p_TCGA_b122_128_SNP_N_GenomeWideSNP_6_B08_781886	1	75271072	75273866	2	-1.3586
FOXED_p_TCGA_b122_128_SNP_N_GenomeWideSNP_6_B08_781886	1	75273987	106019205	19537	-0.062
FOXED_p_TCGA_b122_128_SNP_N_GenomeWideSNP_6_B08_781886	1	106019236	106022375	16	-2.2391
FOXED_p_TCGA_b122_128_SNP_N_GenomeWideSNP_6_B08_781886	1	106024055	110232974	2673	-0.0535
FOXED_p_TCGA_b122_128_SNP_N_GenomeWideSNP_6_B08_781886	1	110233037	110242953	17	0.8283
FOXED_p_TCGA_b122_128_SNP_N_GenomeWideSNP_6_B08_781886	1	110244998	112690326	1958	-0.0548
FOXED_p_TCGA_b122_128_SNP_N_GenomeWideSNP_6_B08_781886	1	112695965	112705956	26	0.2713
FOXED_p_TCGA_b122_128_SNP_N_GenomeWideSNP_6_B08_781886	1	112706060	149242663	6491	-0.0638
FOXED_p_TCGA_b122_128_SNP_N_GenomeWideSNP_6_B08_781886	1	149242725	149249447	19	0.7001
FOXED_p_TCGA_b122_128_SNP_N_GenomeWideSNP_6_B08_781886	1	149254329	150800761	559	-0.0488
FOXED_p_TCGA_b122_128_SNP_N_GenomeWideSNP_6_B08_781886	1	150801002	150811028	8	-0.8178
FOXED_p_TCGA_b122_128_SNP_N_GenomeWideSNP_6_B08_781886	1	150811261	151372047	242	-0.0225
FOXED_p_TCGA_b122_128_SNP_N_GenomeWideSNP_6_B08_781886	1	151372138	151372770	2	-1.0024
FOXED_p_TCGA_b122_128_SNP_N_GenomeWideSNP_6_B08_781886	1	151373200	152555706	720	-0.0529
FOXED_p_TCGA_b122_128_SNP_N_GenomeWideSNP_6_B08_781886	1	152555767	152586238	30	0.4157
FOXED_p_TCGA_b122_128_SNP_N_GenomeWideSNP_6_B08_781886	1	152586278	152759678	175	-0.0675
FOXED_p_TCGA_b122_128_SNP_N_GenomeWideSNP_6_B08_781886	1	152761923	152768700	37	0.5197
FOXED_p_TCGA_b122_128_SNP_N_GenomeWideSNP_6_B08_781886	1	152773905	161508791	5280	-0.0483
FOXED_p_TCGA_b122_128_SNP_N_GenomeWideSNP_6_B08_781886	1	161508875	161638513	48	-0.4549
FOXED_p_TCGA_b122_128_SNP_N_GenomeWideSNP_6_B08_781886	1	161648237	193155792	21829	-0.063
FOXED_p_TCGA_b122_128_SNP_N_GenomeWideSNP_6_B08_781886	1	193156279	193156348	4	1.0625
FOXED_p_TCGA_b122_128_SNP_N_GenomeWideSNP_6_B08_781886	1	193159723	196714873	2403	-0.0647
FOXED_p_TCGA_b122_128_SNP_N_GenomeWideSNP_6_B08_781886	1	196727850	196738623	5	1.0694
FOXED_p_TCGA_b122_128_SNP_N_GenomeWideSNP_6_B08_781886	1	196738636	196798719	70	0.4201
FOXED_p_TCGA_b122_128_SNP_N_GenomeWideSNP_6_B08_781886	1	196798823	196799699	5	0.8069
FOXED_p_TCGA_b122_128_SNP_N_GenomeWideSNP_6_B08_781886	1	196799714	196802002	12	0.1631
FOXED_p_TCGA_b122_128_SNP_N_GenomeWideSNP_6_B08_781886	1	196802072	210071062	8827	-0.0591
FOXED_p_TCGA_b122_128_SNP_N_GenomeWideSNP_6_B08_781886	1	210081613	210086552	4	0.8464
FOXED_p_TCGA_b122_128_SNP_N_GenomeWideSNP_6_B08_781886	1	210093494	228693055	12334	-0.0678
FOXED_p_TCGA_b122_128_SNP_N_GenomeWideSNP_6_B08_781886	1	228699515	228702618	3	-1.3678
FOXED_p_TCGA_b122_128_SNP_N_GenomeWideSNP_6_B08_781886	1	228703289	234656596	4534	-0.0644
FOXED_p_TCGA_b122_128_SNP_N_GenomeWideSNP_6_B08_781886	1	234656884	234657673	4	-1.0575
FOXED_p_TCGA_b122_128_SNP_N_GenomeWideSNP_6_B08_781886	1	234659807	240391740	4310	-0.0748
FOXED_p_TCGA_b122_128_SNP_N_GenomeWideSNP_6_B08_781886	1	240394015	240394139	6	-1.355
FOXED_p_TCGA_b122_128_SNP_N_GenomeWideSNP_6_B08_781886	1	240396105	243048740	2077	-0.0706
FOXED_p_TCGA_b122_128_SNP_N_GenomeWideSNP_6_B08_781886	1	243049874	243078263	51	-0.3367
FOXED_p_TCGA_b122_128_SNP_N_GenomeWideSNP_6_B08_781886	1	243080405	248709616	3620	-0.0567
FOXED_p_TCGA_b122_128_SNP_N_GenomeWideSNP_6_B08_781886	1	248709670	248808864	42	-0.512
FOXED_p_TCGA_b122_128_SNP_N_GenomeWideSNP_6_B08_781886	1	248809109	248883814	46	-0.0496
FOXED_p_TCGA_b122_128_SNP_N_GenomeWideSNP_6_B08_781886	1	249067568	249224388	96	0.2739
FOXED_p_TCGA_b122_128_SNP_N_GenomeWideSNP_6_B08_781886	2	12784	27439751	19376	0.2395
FOXED_p_TCGA_b122_128_SNP_N_GenomeWideSNP_6_B08_781886	2	27441302	27441500	3	-1.0675
FOXED_p_TCGA_b122_128_SNP_N_GenomeWideSNP_6_B08_781886	2	27441904	34699315	4741	0.2526
FOXED_p_TCGA_b122_128_SNP_N_GenomeWideSNP_6_B08_781886	2	34701394	34737057	45	0.9762
FOXED_p_TCGA_b122_128_SNP_N_GenomeWideSNP_6_B08_781886	2	34737163	35975973	878	0.2697
FOXED_p_TCGA_b122_128_SNP_N_GenomeWideSNP_6_B08_781886	2	35977790	35987916	6	-1.2622
FOXED_p_TCGA_b122_128_SNP_N_GenomeWideSNP_6_B08_781886	2	35987947	52754881	12174	0.2493
FOXED_p_TCGA_b122_128_SNP_N_GenomeWideSNP_6_B08_781886	2	52758753	52781542	33	0.9223
FOXED_p_TCGA_b122_128_SNP_N_GenomeWideSNP_6_B08_781886	2	52787949	98154265	24103	0.2503
FOXED_p_TCGA_b122_128_SNP_N_GenomeWideSNP_6_B08_781886	2	98157272	98162189	4	1.2438
FOXED_p_TCGA_b122_128_SNP_N_GenomeWideSNP_6_B08_781886	2	98166878	106881633	5584	0.2462
FOXED_p_TCGA_b122_128_SNP_N_GenomeWideSNP_6_B08_781886	2	106883229	106885357	8	0.864
FOXED_p_TCGA_b122_128_SNP_N_GenomeWideSNP_6_B08_781886	2	106887255	129638078	13464	0.247
FOXED_p_TCGA_b122_128_SNP_N_GenomeWideSNP_6_B08_781886	2	129638478	129646448	17	-0.3522
FOXED_p_TCGA_b122_128_SNP_N_GenomeWideSNP_6_B08_781886	2	129646503	130793856	876	0.2234
FOXED_p_TCGA_b122_128_SNP_N_GenomeWideSNP_6_B08_781886	2	130793883	130874488	16	-0.2345
FOXED_p_TCGA_b122_128_SNP_N_GenomeWideSNP_6_B08_781886	2	130874876	146864443	9593	0.2409
FOXED_p_TCGA_b122_128_SNP_N_GenomeWideSNP_6_B08_781886	2	146864457	146866934	21	1.1596
FOXED_p_TCGA_b122_128_SNP_N_GenomeWideSNP_6_B08_781886	2	146877806	164636852	10606	0.2428
FOXED_p_TCGA_b122_128_SNP_N_GenomeWideSNP_6_B08_781886	2	164643488	164645126	5	-1.359
FOXED_p_TCGA_b122_128_SNP_N_GenomeWideSNP_6_B08_781886	2	164646642	168163730	2017	0.2308
FOXED_p_TCGA_b122_128_SNP_N_GenomeWideSNP_6_B08_781886	2	168172932	168181440	10	-1.0246
FOXED_p_TCGA_b122_128_SNP_N_GenomeWideSNP_6_B08_781886	2	168187928	180061655	7670	0.2534
FOXED_p_TCGA_b122_128_SNP_N_GenomeWideSNP_6_B08_781886	2	180067192	180079144	3	-2.141
FOXED_p_TCGA_b122_128_SNP_N_GenomeWideSNP_6_B08_781886	2	180083591	243089456	38883	0.2448
FOXED_p_TCGA_b122_128_SNP_N_GenomeWideSNP_6_B08_781886	3	60345	224602	157	-0.12
FOXED_p_TCGA_b122_128_SNP_N_GenomeWideSNP_6_B08_781886	3	230022	232639	3	-2.9304
FOXED_p_TCGA_b122_128_SNP_N_GenomeWideSNP_6_B08_781886	3	232800	62947365	43331	-0.0746
FOXED_p_TCGA_b122_128_SNP_N_GenomeWideSNP_6_B08_781886	3	62948166	62948246	2	-1.6675
FOXED_p_TCGA_b122_128_SNP_N_GenomeWideSNP_6_B08_781886	3	62948545	72637774	7387	-0.0837
FOXED_p_TCGA_b122_128_SNP_N_GenomeWideSNP_6_B08_781886	3	72639229	72639332	2	-1.4588
FOXED_p_TCGA_b122_128_SNP_N_GenomeWideSNP_6_B08_781886	3	72641416	75421170	1892	-0.0807
FOXED_p_TCGA_b122_128_SNP_N_GenomeWideSNP_6_B08_781886	3	75427107	75639507	76	-0.811
FOXED_p_TCGA_b122_128_SNP_N_GenomeWideSNP_6_B08_781886	3	75645384	82864549	4118	-0.0692
FOXED_p_TCGA_b122_128_SNP_N_GenomeWideSNP_6_B08_781886	3	82872779	82873043	6	-1.8645
FOXED_p_TCGA_b122_128_SNP_N_GenomeWideSNP_6_B08_781886	3	82881045	98936963	6884	-0.0689
FOXED_p_TCGA_b122_128_SNP_N_GenomeWideSNP_6_B08_781886	3	98937784	98949421	39	-0.4304
FOXED_p_TCGA_b122_128_SNP_N_GenomeWideSNP_6_B08_781886	3	98950964	129776676	18762	-0.0752
FOXED_p_TCGA_b122_128_SNP_N_GenomeWideSNP_6_B08_781886	3	129780876	129806236	48	0.4023
FOXED_p_TCGA_b122_128_SNP_N_GenomeWideSNP_6_B08_781886	3	129806924	158350118	17688	-0.0753
FOXED_p_TCGA_b122_128_SNP_N_GenomeWideSNP_6_B08_781886	3	158350884	158351545	2	1.185
FOXED_p_TCGA_b122_128_SNP_N_GenomeWideSNP_6_B08_781886	3	158358872	162123366	2336	-0.0777
FOXED_p_TCGA_b122_128_SNP_N_GenomeWideSNP_6_B08_781886	3	162137600	162142705	14	-0.6646
FOXED_p_TCGA_b122_128_SNP_N_GenomeWideSNP_6_B08_781886	3	162144248	162508268	261	-0.0494
FOXED_p_TCGA_b122_128_SNP_N_GenomeWideSNP_6_B08_781886	3	162512657	162626572	71	0.3497
FOXED_p_TCGA_b122_128_SNP_N_GenomeWideSNP_6_B08_781886	3	162626603	174235485	7041	-0.0693
FOXED_p_TCGA_b122_128_SNP_N_GenomeWideSNP_6_B08_781886	3	174239062	174332808	57	-0.5942
FOXED_p_TCGA_b122_128_SNP_N_GenomeWideSNP_6_B08_781886	3	174337494	174575228	157	-0.0407
FOXED_p_TCGA_b122_128_SNP_N_GenomeWideSNP_6_B08_781886	3	174579438	174631176	39	-0.6202
FOXED_p_TCGA_b122_128_SNP_N_GenomeWideSNP_6_B08_781886	3	174634510	194634588	13087	-0.0747
FOXED_p_TCGA_b122_128_SNP_N_GenomeWideSNP_6_B08_781886	3	194641316	194641845	5	-0.9692
FOXED_p_TCGA_b122_128_SNP_N_GenomeWideSNP_6_B08_781886	3	194642480	197451116	1321	-0.0799
FOXED_p_TCGA_b122_128_SNP_N_GenomeWideSNP_6_B08_781886	3	197451997	197452773	3	-1.3254
FOXED_p_TCGA_b122_128_SNP_N_GenomeWideSNP_6_B08_781886	3	197457818	197516549	24	-0.159
FOXED_p_TCGA_b122_128_SNP_N_GenomeWideSNP_6_B08_781886	3	197520375	197522226	5	-0.9985
FOXED_p_TCGA_b122_128_SNP_N_GenomeWideSNP_6_B08_781886	3	197526040	197896118	189	-0.0856
FOXED_p_TCGA_b122_128_SNP_N_GenomeWideSNP_6_B08_781886	4	12281	71420	63	0.0175
FOXED_p_TCGA_b122_128_SNP_N_GenomeWideSNP_6_B08_781886	4	71566	10223628	5742	0.2725
FOXED_p_TCGA_b122_128_SNP_N_GenomeWideSNP_6_B08_781886	4	10223848	10234266	28	-1.5582
FOXED_p_TCGA_b122_128_SNP_N_GenomeWideSNP_6_B08_781886	4	10234608	14008206	3029	0.2894
FOXED_p_TCGA_b122_128_SNP_N_GenomeWideSNP_6_B08_781886	4	14008299	34778975	13972	-0.0865
FOXED_p_TCGA_b122_128_SNP_N_GenomeWideSNP_6_B08_781886	4	34779004	34829949	46	0.4807
FOXED_p_TCGA_b122_128_SNP_N_GenomeWideSNP_6_B08_781886	4	34830004	64693940	16595	-0.0805
FOXED_p_TCGA_b122_128_SNP_N_GenomeWideSNP_6_B08_781886	4	64697469	64730805	40	0.2173
FOXED_p_TCGA_b122_128_SNP_N_GenomeWideSNP_6_B08_781886	4	64732043	69372003	2872	-0.077
FOXED_p_TCGA_b122_128_SNP_N_GenomeWideSNP_6_B08_781886	4	69374941	69485979	65	0.4372
FOXED_p_TCGA_b122_128_SNP_N_GenomeWideSNP_6_B08_781886	4	69489335	70138047	340	-0.0272
FOXED_p_TCGA_b122_128_SNP_N_GenomeWideSNP_6_B08_781886	4	70143374	70226899	37	0.2916
FOXED_p_TCGA_b122_128_SNP_N_GenomeWideSNP_6_B08_781886	4	70228624	172369346	62160	-0.0771
FOXED_p_TCGA_b122_128_SNP_N_GenomeWideSNP_6_B08_781886	4	172374884	172377710	10	1.2015
FOXED_p_TCGA_b122_128_SNP_N_GenomeWideSNP_6_B08_781886	4	172377724	172987928	397	-0.1004
FOXED_p_TCGA_b122_128_SNP_N_GenomeWideSNP_6_B08_781886	4	172989148	172989533	12	-1.3605
FOXED_p_TCGA_b122_128_SNP_N_GenomeWideSNP_6_B08_781886	4	172995979	173422522	231	-0.0715
FOXED_p_TCGA_b122_128_SNP_N_GenomeWideSNP_6_B08_781886	4	173424947	173428643	7	1.2389
FOXED_p_TCGA_b122_128_SNP_N_GenomeWideSNP_6_B08_781886	4	173441132	191027923	11896	-0.0857
FOXED_p_TCGA_b122_128_SNP_N_GenomeWideSNP_6_B08_781886	5	15532	12791720	10221	-0.1138
FOXED_p_TCGA_b122_128_SNP_N_GenomeWideSNP_6_B08_781886	5	12800889	12838533	15	0.6969
FOXED_p_TCGA_b122_128_SNP_N_GenomeWideSNP_6_B08_781886	5	12849201	15719222	1976	-0.0771
FOXED_p_TCGA_b122_128_SNP_N_GenomeWideSNP_6_B08_781886	5	15719350	15720597	10	-5.4578
FOXED_p_TCGA_b122_128_SNP_N_GenomeWideSNP_6_B08_781886	5	15723346	50754743	19251	-0.0774
FOXED_p_TCGA_b122_128_SNP_N_GenomeWideSNP_6_B08_781886	5	50762292	51489622	380	-0.5819
FOXED_p_TCGA_b122_128_SNP_N_GenomeWideSNP_6_B08_781886	5	51493935	52591804	834	-0.0748
FOXED_p_TCGA_b122_128_SNP_N_GenomeWideSNP_6_B08_781886	5	52593908	52768688	136	-0.5979
FOXED_p_TCGA_b122_128_SNP_N_GenomeWideSNP_6_B08_781886	5	52769632	52791712	14	-0.0014
FOXED_p_TCGA_b122_128_SNP_N_GenomeWideSNP_6_B08_781886	5	52797719	52922156	66	-0.5324
FOXED_p_TCGA_b122_128_SNP_N_GenomeWideSNP_6_B08_781886	5	52925802	55207550	1492	-0.0849
FOXED_p_TCGA_b122_128_SNP_N_GenomeWideSNP_6_B08_781886	5	55207563	55511421	166	-0.5877
FOXED_p_TCGA_b122_128_SNP_N_GenomeWideSNP_6_B08_781886	5	55514343	56179212	609	-0.084
FOXED_p_TCGA_b122_128_SNP_N_GenomeWideSNP_6_B08_781886	5	56181837	56706622	281	-0.5732
FOXED_p_TCGA_b122_128_SNP_N_GenomeWideSNP_6_B08_781886	5	56706834	57321646	454	-0.1016
FOXED_p_TCGA_b122_128_SNP_N_GenomeWideSNP_6_B08_781886	5	57326027	57333533	32	2.0413
FOXED_p_TCGA_b122_128_SNP_N_GenomeWideSNP_6_B08_781886	5	57338357	58012601	516	-0.0723
FOXED_p_TCGA_b122_128_SNP_N_GenomeWideSNP_6_B08_781886	5	58020021	59234938	962	-0.5925
FOXED_p_TCGA_b122_128_SNP_N_GenomeWideSNP_6_B08_781886	5	59240576	59634176	189	-0.0837
FOXED_p_TCGA_b122_128_SNP_N_GenomeWideSNP_6_B08_781886	5	59634407	61002052	776	-0.5812
FOXED_p_TCGA_b122_128_SNP_N_GenomeWideSNP_6_B08_781886	5	61007458	61573372	392	-0.0993
FOXED_p_TCGA_b122_128_SNP_N_GenomeWideSNP_6_B08_781886	5	61574991	61576273	3	-1.3461
FOXED_p_TCGA_b122_128_SNP_N_GenomeWideSNP_6_B08_781886	5	61582192	62042182	251	-0.0754
FOXED_p_TCGA_b122_128_SNP_N_GenomeWideSNP_6_B08_781886	5	62046517	62046751	3	-1.0166
FOXED_p_TCGA_b122_128_SNP_N_GenomeWideSNP_6_B08_781886	5	62047679	63256846	737	-0.0589
FOXED_p_TCGA_b122_128_SNP_N_GenomeWideSNP_6_B08_781886	5	63259913	63262195	3	-0.8306
FOXED_p_TCGA_b122_128_SNP_N_GenomeWideSNP_6_B08_781886	5	63263551	63313540	30	-0.0421
FOXED_p_TCGA_b122_128_SNP_N_GenomeWideSNP_6_B08_781886	5	63314216	63644923	137	-0.6038
FOXED_p_TCGA_b122_128_SNP_N_GenomeWideSNP_6_B08_781886	5	63657033	67203828	2332	-0.0707
FOXED_p_TCGA_b122_128_SNP_N_GenomeWideSNP_6_B08_781886	5	67204570	71745526	1684	-0.6016
FOXED_p_TCGA_b122_128_SNP_N_GenomeWideSNP_6_B08_781886	5	71747448	80655662	5807	-0.0783
FOXED_p_TCGA_b122_128_SNP_N_GenomeWideSNP_6_B08_781886	5	80657689	80776203	61	-0.5523
FOXED_p_TCGA_b122_128_SNP_N_GenomeWideSNP_6_B08_781886	5	80778734	114756455	20395	-0.0798
FOXED_p_TCGA_b122_128_SNP_N_GenomeWideSNP_6_B08_781886	5	114756637	114756862	5	0.7504
FOXED_p_TCGA_b122_128_SNP_N_GenomeWideSNP_6_B08_781886	5	114759078	121921627	4970	-0.0766
FOXED_p_TCGA_b122_128_SNP_N_GenomeWideSNP_6_B08_781886	5	121924581	121925920	2	-1.4964
FOXED_p_TCGA_b122_128_SNP_N_GenomeWideSNP_6_B08_781886	5	121926321	126457615	2980	-0.0827
FOXED_p_TCGA_b122_128_SNP_N_GenomeWideSNP_6_B08_781886	5	126458126	126458317	2	-1.4015
FOXED_p_TCGA_b122_128_SNP_N_GenomeWideSNP_6_B08_781886	5	126463639	151514171	15465	-0.0865
FOXED_p_TCGA_b122_128_SNP_N_GenomeWideSNP_6_B08_781886	5	151515386	151515498	4	-2.2507
FOXED_p_TCGA_b122_128_SNP_N_GenomeWideSNP_6_B08_781886	5	151515719	151516788	5	-5.5522
FOXED_p_TCGA_b122_128_SNP_N_GenomeWideSNP_6_B08_781886	5	151518063	151518351	5	-1.8515
FOXED_p_TCGA_b122_128_SNP_N_GenomeWideSNP_6_B08_781886	5	151520271	175460087	16777	-0.0934
FOXED_p_TCGA_b122_128_SNP_N_GenomeWideSNP_6_B08_781886	5	175465689	175469507	2	-3.145
FOXED_p_TCGA_b122_128_SNP_N_GenomeWideSNP_6_B08_781886	5	175470324	176235808	349	-0.096
FOXED_p_TCGA_b122_128_SNP_N_GenomeWideSNP_6_B08_781886	5	176238713	176309171	23	-0.4228
FOXED_p_TCGA_b122_128_SNP_N_GenomeWideSNP_6_B08_781886	5	176309854	177198449	357	-0.0667
FOXED_p_TCGA_b122_128_SNP_N_GenomeWideSNP_6_B08_781886	5	177227551	177232605	3	2.1657
FOXED_p_TCGA_b122_128_SNP_N_GenomeWideSNP_6_B08_781886	5	177254965	177386313	21	-0.0651
FOXED_p_TCGA_b122_128_SNP_N_GenomeWideSNP_6_B08_781886	5	177390075	177400868	9	-1.0932
FOXED_p_TCGA_b122_128_SNP_N_GenomeWideSNP_6_B08_781886	5	177401382	180374523	1783	-0.0946
FOXED_p_TCGA_b122_128_SNP_N_GenomeWideSNP_6_B08_781886	5	180378710	180418103	19	0.579
FOXED_p_TCGA_b122_128_SNP_N_GenomeWideSNP_6_B08_781886	5	180433225	180790320	171	-0.1401
FOXED_p_TCGA_b122_128_SNP_N_GenomeWideSNP_6_B08_781886	6	149661	254283	101	0.2147
FOXED_p_TCGA_b122_128_SNP_N_GenomeWideSNP_6_B08_781886	6	257353	294837	23	-0.3762
FOXED_p_TCGA_b122_128_SNP_N_GenomeWideSNP_6_B08_781886	6	302306	6258670	4966	0.272
FOXED_p_TCGA_b122_128_SNP_N_GenomeWideSNP_6_B08_781886	6	6263264	7361437	907	-0.0893
FOXED_p_TCGA_b122_128_SNP_N_GenomeWideSNP_6_B08_781886	6	7369664	15954509	6485	0.2704
FOXED_p_TCGA_b122_128_SNP_N_GenomeWideSNP_6_B08_781886	6	15955537	16455365	385	-0.083
FOXED_p_TCGA_b122_128_SNP_N_GenomeWideSNP_6_B08_781886	6	16459641	16871031	373	0.2536
FOXED_p_TCGA_b122_128_SNP_N_GenomeWideSNP_6_B08_781886	6	16872133	25427858	6215	-0.0901
FOXED_p_TCGA_b122_128_SNP_N_GenomeWideSNP_6_B08_781886	6	25428370	26739008	840	0.2691
FOXED_p_TCGA_b122_128_SNP_N_GenomeWideSNP_6_B08_781886	6	26739025	26742494	3	1.2123
FOXED_p_TCGA_b122_128_SNP_N_GenomeWideSNP_6_B08_781886	6	26752036	31328826	2164	0.2771
FOXED_p_TCGA_b122_128_SNP_N_GenomeWideSNP_6_B08_781886	6	31333499	31333939	3	-0.5131
FOXED_p_TCGA_b122_128_SNP_N_GenomeWideSNP_6_B08_781886	6	31334477	32449523	495	0.205
FOXED_p_TCGA_b122_128_SNP_N_GenomeWideSNP_6_B08_781886	6	32452801	32501299	18	-0.3876
FOXED_p_TCGA_b122_128_SNP_N_GenomeWideSNP_6_B08_781886	6	32508476	32581889	27	0.4003
FOXED_p_TCGA_b122_128_SNP_N_GenomeWideSNP_6_B08_781886	6	32582203	32601317	9	-0.9142
FOXED_p_TCGA_b122_128_SNP_N_GenomeWideSNP_6_B08_781886	6	32602107	32624304	10	0.0864
FOXED_p_TCGA_b122_128_SNP_N_GenomeWideSNP_6_B08_781886	6	32624591	32626618	5	1.7038
FOXED_p_TCGA_b122_128_SNP_N_GenomeWideSNP_6_B08_781886	6	32650612	32781554	120	0.2219
FOXED_p_TCGA_b122_128_SNP_N_GenomeWideSNP_6_B08_781886	6	32782018	32782149	2	-1.3613
FOXED_p_TCGA_b122_128_SNP_N_GenomeWideSNP_6_B08_781886	6	32782387	32904601	63	0.2667
FOXED_p_TCGA_b122_128_SNP_N_GenomeWideSNP_6_B08_781886	6	32905685	32905811	3	-0.7144
FOXED_p_TCGA_b122_128_SNP_N_GenomeWideSNP_6_B08_781886	6	32906586	48739380	10127	0.2864
FOXED_p_TCGA_b122_128_SNP_N_GenomeWideSNP_6_B08_781886	6	48740072	48779616	26	-0.0877
FOXED_p_TCGA_b122_128_SNP_N_GenomeWideSNP_6_B08_781886	6	48783609	48930865	85	0.2468
FOXED_p_TCGA_b122_128_SNP_N_GenomeWideSNP_6_B08_781886	6	48931729	48935200	5	-0.4271
FOXED_p_TCGA_b122_128_SNP_N_GenomeWideSNP_6_B08_781886	6	48946563	53931230	3323	0.2716
FOXED_p_TCGA_b122_128_SNP_N_GenomeWideSNP_6_B08_781886	6	53931275	53931803	4	-0.5096
FOXED_p_TCGA_b122_128_SNP_N_GenomeWideSNP_6_B08_781886	6	53931855	54845685	605	0.2557
FOXED_p_TCGA_b122_128_SNP_N_GenomeWideSNP_6_B08_781886	6	54848455	54850139	4	-0.6132
FOXED_p_TCGA_b122_128_SNP_N_GenomeWideSNP_6_B08_781886	6	54852112	67008262	4857	0.278
FOXED_p_TCGA_b122_128_SNP_N_GenomeWideSNP_6_B08_781886	6	67008286	67048629	56	-0.3087
FOXED_p_TCGA_b122_128_SNP_N_GenomeWideSNP_6_B08_781886	6	67049406	78969065	7791	0.2669
FOXED_p_TCGA_b122_128_SNP_N_GenomeWideSNP_6_B08_781886	6	78969105	79032592	108	0.6689
FOXED_p_TCGA_b122_128_SNP_N_GenomeWideSNP_6_B08_781886	6	79034940	81284189	1438	0.2702
FOXED_p_TCGA_b122_128_SNP_N_GenomeWideSNP_6_B08_781886	6	81284243	81289534	32	-0.8193
FOXED_p_TCGA_b122_128_SNP_N_GenomeWideSNP_6_B08_781886	6	81294341	94652407	8555	0.2728
FOXED_p_TCGA_b122_128_SNP_N_GenomeWideSNP_6_B08_781886	6	94652540	94657564	2	-0.8482
FOXED_p_TCGA_b122_128_SNP_N_GenomeWideSNP_6_B08_781886	6	94659532	103734829	5477	0.2787
FOXED_p_TCGA_b122_128_SNP_N_GenomeWideSNP_6_B08_781886	6	103737976	103762061	46	0.9338
FOXED_p_TCGA_b122_128_SNP_N_GenomeWideSNP_6_B08_781886	6	103765470	114221955	6681	0.2726
FOXED_p_TCGA_b122_128_SNP_N_GenomeWideSNP_6_B08_781886	6	114224841	114225016	2	-2.3686
FOXED_p_TCGA_b122_128_SNP_N_GenomeWideSNP_6_B08_781886	6	114225811	126182763	7229	0.2679
FOXED_p_TCGA_b122_128_SNP_N_GenomeWideSNP_6_B08_781886	6	126183692	126189659	5	-0.4474
FOXED_p_TCGA_b122_128_SNP_N_GenomeWideSNP_6_B08_781886	6	126189686	153954940	18392	0.2741
FOXED_p_TCGA_b122_128_SNP_N_GenomeWideSNP_6_B08_781886	6	153957370	153961419	3	-0.739
FOXED_p_TCGA_b122_128_SNP_N_GenomeWideSNP_6_B08_781886	6	153961899	154925322	723	0.2683
FOXED_p_TCGA_b122_128_SNP_N_GenomeWideSNP_6_B08_781886	6	154927883	154928351	3	-0.9372
FOXED_p_TCGA_b122_128_SNP_N_GenomeWideSNP_6_B08_781886	6	154928885	161031845	3960	0.2683
FOXED_p_TCGA_b122_128_SNP_N_GenomeWideSNP_6_B08_781886	6	161032089	161033283	10	-0.865
FOXED_p_TCGA_b122_128_SNP_N_GenomeWideSNP_6_B08_781886	6	161068042	170919495	7266	0.2484
FOXED_p_TCGA_b122_128_SNP_N_GenomeWideSNP_6_B08_781886	6	170982327	171051005	4	-0.4041
FOXED_p_TCGA_b122_128_SNP_N_GenomeWideSNP_6_B08_781886	7	43355	19462850	13842	-0.0671
FOXED_p_TCGA_b122_128_SNP_N_GenomeWideSNP_6_B08_781886	7	19462953	19467748	6	-1.1454
FOXED_p_TCGA_b122_128_SNP_N_GenomeWideSNP_6_B08_781886	7	19467997	38387443	13726	-0.0762
FOXED_p_TCGA_b122_128_SNP_N_GenomeWideSNP_6_B08_781886	7	38391365	38396476	4	-1.3277
FOXED_p_TCGA_b122_128_SNP_N_GenomeWideSNP_6_B08_781886	7	38398047	48683631	6815	-0.0825
FOXED_p_TCGA_b122_128_SNP_N_GenomeWideSNP_6_B08_781886	7	48687716	49119538	307	-0.6177
FOXED_p_TCGA_b122_128_SNP_N_GenomeWideSNP_6_B08_781886	7	49120144	54386505	3896	-0.0754
FOXED_p_TCGA_b122_128_SNP_N_GenomeWideSNP_6_B08_781886	7	54386509	54386517	5	-1.4187
FOXED_p_TCGA_b122_128_SNP_N_GenomeWideSNP_6_B08_781886	7	54393488	57192973	1646	-0.068
FOXED_p_TCGA_b122_128_SNP_N_GenomeWideSNP_6_B08_781886	7	57195111	57783631	377	-0.5356
FOXED_p_TCGA_b122_128_SNP_N_GenomeWideSNP_6_B08_781886	7	57784495	76722455	6736	-0.0729
FOXED_p_TCGA_b122_128_SNP_N_GenomeWideSNP_6_B08_781886	7	76734433	76735678	2	1.439
FOXED_p_TCGA_b122_128_SNP_N_GenomeWideSNP_6_B08_781886	7	76738620	82097127	3746	-0.0742
FOXED_p_TCGA_b122_128_SNP_N_GenomeWideSNP_6_B08_781886	7	82097141	82171817	53	-0.5483
FOXED_p_TCGA_b122_128_SNP_N_GenomeWideSNP_6_B08_781886	7	82178978	99815247	10785	-0.0694
FOXED_p_TCGA_b122_128_SNP_N_GenomeWideSNP_6_B08_781886	7	99827235	100166048	80	-0.4313
FOXED_p_TCGA_b122_128_SNP_N_GenomeWideSNP_6_B08_781886	7	100177478	109433798	5392	-0.0691
FOXED_p_TCGA_b122_128_SNP_N_GenomeWideSNP_6_B08_781886	7	109437092	109441244	25	-0.5396
FOXED_p_TCGA_b122_128_SNP_N_GenomeWideSNP_6_B08_781886	7	109441629	109453910	10	-2.1303
FOXED_p_TCGA_b122_128_SNP_N_GenomeWideSNP_6_B08_781886	7	109453982	131772039	13404	-0.0709
FOXED_p_TCGA_b122_128_SNP_N_GenomeWideSNP_6_B08_781886	7	131778448	131778509	3	-2.2317
FOXED_p_TCGA_b122_128_SNP_N_GenomeWideSNP_6_B08_781886	7	131778939	133774184	1345	-0.0838
FOXED_p_TCGA_b122_128_SNP_N_GenomeWideSNP_6_B08_781886	7	133774322	133815491	53	0.2493
FOXED_p_TCGA_b122_128_SNP_N_GenomeWideSNP_6_B08_781886	7	133817981	135213668	1036	-0.0829
FOXED_p_TCGA_b122_128_SNP_N_GenomeWideSNP_6_B08_781886	7	135214060	135216807	5	-1.0506
FOXED_p_TCGA_b122_128_SNP_N_GenomeWideSNP_6_B08_781886	7	135217793	137566523	1557	-0.0867
FOXED_p_TCGA_b122_128_SNP_N_GenomeWideSNP_6_B08_781886	7	137566526	137693058	83	-0.6488
FOXED_p_TCGA_b122_128_SNP_N_GenomeWideSNP_6_B08_781886	7	137699626	142474939	3001	-0.0683
FOXED_p_TCGA_b122_128_SNP_N_GenomeWideSNP_6_B08_781886	7	142476719	142486345	29	0.7014
FOXED_p_TCGA_b122_128_SNP_N_GenomeWideSNP_6_B08_781886	7	142486495	158117595	9940	-0.0878
FOXED_p_TCGA_b122_128_SNP_N_GenomeWideSNP_6_B08_781886	7	158128588	158132165	2	1.6158
FOXED_p_TCGA_b122_128_SNP_N_GenomeWideSNP_6_B08_781886	7	158136986	159127004	638	-0.0981
FOXED_p_TCGA_b122_128_SNP_N_GenomeWideSNP_6_B08_781886	8	31254	594973	329	0.2584
FOXED_p_TCGA_b122_128_SNP_N_GenomeWideSNP_6_B08_781886	8	595220	595875	6	0.7687
FOXED_p_TCGA_b122_128_SNP_N_GenomeWideSNP_6_B08_781886	8	595892	595908	2	4.1235
FOXED_p_TCGA_b122_128_SNP_N_GenomeWideSNP_6_B08_781886	8	601043	2680049	1736	0.2599
FOXED_p_TCGA_b122_128_SNP_N_GenomeWideSNP_6_B08_781886	8	2680219	2680255	2	-3.3156
FOXED_p_TCGA_b122_128_SNP_N_GenomeWideSNP_6_B08_781886	8	2680293	3784187	1364	0.2782
FOXED_p_TCGA_b122_128_SNP_N_GenomeWideSNP_6_B08_781886	8	3787060	3790106	24	-0.3343
FOXED_p_TCGA_b122_128_SNP_N_GenomeWideSNP_6_B08_781886	8	3791218	6825852	4261	0.2729
FOXED_p_TCGA_b122_128_SNP_N_GenomeWideSNP_6_B08_781886	8	6826263	6827186	10	-1.4195
FOXED_p_TCGA_b122_128_SNP_N_GenomeWideSNP_6_B08_781886	8	6827199	24979554	14137	0.2809
FOXED_p_TCGA_b122_128_SNP_N_GenomeWideSNP_6_B08_781886	8	24979904	24979987	7	-0.9327
FOXED_p_TCGA_b122_128_SNP_N_GenomeWideSNP_6_B08_781886	8	24984069	39230659	9052	0.2849
FOXED_p_TCGA_b122_128_SNP_N_GenomeWideSNP_6_B08_781886	8	39235603	39386965	59	1.1446
FOXED_p_TCGA_b122_128_SNP_N_GenomeWideSNP_6_B08_781886	8	39388299	39918981	352	0.2953
FOXED_p_TCGA_b122_128_SNP_N_GenomeWideSNP_6_B08_781886	8	39920015	39921195	2	-0.9918
FOXED_p_TCGA_b122_128_SNP_N_GenomeWideSNP_6_B08_781886	8	39924018	64849008	13317	0.2725
FOXED_p_TCGA_b122_128_SNP_N_GenomeWideSNP_6_B08_781886	8	64849071	64849118	2	1.5564
FOXED_p_TCGA_b122_128_SNP_N_GenomeWideSNP_6_B08_781886	8	64849510	68547669	1884	0.2799
FOXED_p_TCGA_b122_128_SNP_N_GenomeWideSNP_6_B08_781886	8	68548132	68548400	6	-0.6237
FOXED_p_TCGA_b122_128_SNP_N_GenomeWideSNP_6_B08_781886	8	68548491	85257989	10347	0.2771
FOXED_p_TCGA_b122_128_SNP_N_GenomeWideSNP_6_B08_781886	8	85262883	85268666	19	-0.8203
FOXED_p_TCGA_b122_128_SNP_N_GenomeWideSNP_6_B08_781886	8	85270682	112291352	16147	0.2774
FOXED_p_TCGA_b122_128_SNP_N_GenomeWideSNP_6_B08_781886	8	112291494	112295260	11	0.805
FOXED_p_TCGA_b122_128_SNP_N_GenomeWideSNP_6_B08_781886	8	112300281	131847869	13111	0.2802
FOXED_p_TCGA_b122_128_SNP_N_GenomeWideSNP_6_B08_781886	8	131851699	131852615	2	-1.3147
FOXED_p_TCGA_b122_128_SNP_N_GenomeWideSNP_6_B08_781886	8	131855192	144699157	9324	0.2646
FOXED_p_TCGA_b122_128_SNP_N_GenomeWideSNP_6_B08_781886	8	144705157	144707808	9	-0.7806
FOXED_p_TCGA_b122_128_SNP_N_GenomeWideSNP_6_B08_781886	8	144718989	146298155	506	0.2631
FOXED_p_TCGA_b122_128_SNP_N_GenomeWideSNP_6_B08_781886	9	46587	22492889	19887	-0.0757
FOXED_p_TCGA_b122_128_SNP_N_GenomeWideSNP_6_B08_781886	9	22501913	22502699	2	-3.7381
FOXED_p_TCGA_b122_128_SNP_N_GenomeWideSNP_6_B08_781886	9	22509340	23361805	581	-0.0813
FOXED_p_TCGA_b122_128_SNP_N_GenomeWideSNP_6_B08_781886	9	23363115	23373484	8	0.5923
FOXED_p_TCGA_b122_128_SNP_N_GenomeWideSNP_6_B08_781886	9	23378488	23380445	3	-0.8447
FOXED_p_TCGA_b122_128_SNP_N_GenomeWideSNP_6_B08_781886	9	23380834	27236644	2806	-0.0692
FOXED_p_TCGA_b122_128_SNP_N_GenomeWideSNP_6_B08_781886	9	27248177	27248644	5	-1.2118
FOXED_p_TCGA_b122_128_SNP_N_GenomeWideSNP_6_B08_781886	9	27248727	41952516	8083	-0.0713
FOXED_p_TCGA_b122_128_SNP_N_GenomeWideSNP_6_B08_781886	9	41972506	41978375	2	-2.5332
FOXED_p_TCGA_b122_128_SNP_N_GenomeWideSNP_6_B08_781886	9	41985187	43602726	39	-0.2382
FOXED_p_TCGA_b122_128_SNP_N_GenomeWideSNP_6_B08_781886	9	43612162	44172678	38	0.2369
FOXED_p_TCGA_b122_128_SNP_N_GenomeWideSNP_6_B08_781886	9	44176342	68183981	229	-0.164
FOXED_p_TCGA_b122_128_SNP_N_GenomeWideSNP_6_B08_781886	9	68186051	68188547	8	1.1095
FOXED_p_TCGA_b122_128_SNP_N_GenomeWideSNP_6_B08_781886	9	68209916	90522594	14464	-0.086
FOXED_p_TCGA_b122_128_SNP_N_GenomeWideSNP_6_B08_781886	9	90554151	90554219	2	-1.2831
FOXED_p_TCGA_b122_128_SNP_N_GenomeWideSNP_6_B08_781886	9	90557957	93609577	2031	-0.0925
FOXED_p_TCGA_b122_128_SNP_N_GenomeWideSNP_6_B08_781886	9	93609668	93610132	3	-1.1557
FOXED_p_TCGA_b122_128_SNP_N_GenomeWideSNP_6_B08_781886	9	93612959	94271989	544	-0.0981
FOXED_p_TCGA_b122_128_SNP_N_GenomeWideSNP_6_B08_781886	9	94274225	94275402	2	-1.6101
FOXED_p_TCGA_b122_128_SNP_N_GenomeWideSNP_6_B08_781886	9	94275790	132607041	26558	-0.0705
FOXED_p_TCGA_b122_128_SNP_N_GenomeWideSNP_6_B08_781886	9	132610616	132614412	11	-0.6869
FOXED_p_TCGA_b122_128_SNP_N_GenomeWideSNP_6_B08_781886	9	132614436	141091394	4637	-0.0757
FOXED_p_TCGA_b122_128_SNP_N_GenomeWideSNP_6_B08_781886	10	72759	3180175	2582	-0.121
FOXED_p_TCGA_b122_128_SNP_N_GenomeWideSNP_6_B08_781886	10	3180759	3180951	3	-1.6034
FOXED_p_TCGA_b122_128_SNP_N_GenomeWideSNP_6_B08_781886	10	3181107	13050005	8353	-0.0858
FOXED_p_TCGA_b122_128_SNP_N_GenomeWideSNP_6_B08_781886	10	13050023	13050170	4	-1.6163
FOXED_p_TCGA_b122_128_SNP_N_GenomeWideSNP_6_B08_781886	10	13050428	21241912	6448	-0.0889
FOXED_p_TCGA_b122_128_SNP_N_GenomeWideSNP_6_B08_781886	10	21242374	21242382	2	-1.2636
FOXED_p_TCGA_b122_128_SNP_N_GenomeWideSNP_6_B08_781886	10	21243765	24377675	1858	-0.0773
FOXED_p_TCGA_b122_128_SNP_N_GenomeWideSNP_6_B08_781886	10	24377676	24378054	9	-1.7521
FOXED_p_TCGA_b122_128_SNP_N_GenomeWideSNP_6_B08_781886	10	24378908	25595373	812	-0.0748
FOXED_p_TCGA_b122_128_SNP_N_GenomeWideSNP_6_B08_781886	10	25597308	25600208	2	-2.1576
FOXED_p_TCGA_b122_128_SNP_N_GenomeWideSNP_6_B08_781886	10	25601033	27223903	1177	-0.0946
FOXED_p_TCGA_b122_128_SNP_N_GenomeWideSNP_6_B08_781886	10	27225904	27228473	13	-1.0326
FOXED_p_TCGA_b122_128_SNP_N_GenomeWideSNP_6_B08_781886	10	27229993	58733862	17536	-0.0847
FOXED_p_TCGA_b122_128_SNP_N_GenomeWideSNP_6_B08_781886	10	58740015	58751986	14	0.5134
FOXED_p_TCGA_b122_128_SNP_N_GenomeWideSNP_6_B08_781886	10	58754535	67306276	5944	-0.0791
FOXED_p_TCGA_b122_128_SNP_N_GenomeWideSNP_6_B08_781886	10	67307923	67326694	35	0.2206
FOXED_p_TCGA_b122_128_SNP_N_GenomeWideSNP_6_B08_781886	10	67327167	88976597	14466	-0.0875
FOXED_p_TCGA_b122_128_SNP_N_GenomeWideSNP_6_B08_781886	10	89018962	89019812	2	-1.5718
FOXED_p_TCGA_b122_128_SNP_N_GenomeWideSNP_6_B08_781886	10	89029243	135229141	31693	-0.089
FOXED_p_TCGA_b122_128_SNP_N_GenomeWideSNP_6_B08_781886	10	135229719	135229868	2	-2.4429
FOXED_p_TCGA_b122_128_SNP_N_GenomeWideSNP_6_B08_781886	10	135232654	135506704	151	-0.1432
FOXED_p_TCGA_b122_128_SNP_N_GenomeWideSNP_6_B08_781886	11	198510	4967650	2477	-0.0865
FOXED_p_TCGA_b122_128_SNP_N_GenomeWideSNP_6_B08_781886	11	4968117	4975705	29	-1.5097
FOXED_p_TCGA_b122_128_SNP_N_GenomeWideSNP_6_B08_781886	11	4976257	4977082	16	-0.5857
FOXED_p_TCGA_b122_128_SNP_N_GenomeWideSNP_6_B08_781886	11	4978382	5783923	782	-0.0771
FOXED_p_TCGA_b122_128_SNP_N_GenomeWideSNP_6_B08_781886	11	5787405	5809139	33	-0.6273
FOXED_p_TCGA_b122_128_SNP_N_GenomeWideSNP_6_B08_781886	11	5809338	17657888	8603	-0.0859
FOXED_p_TCGA_b122_128_SNP_N_GenomeWideSNP_6_B08_781886	11	17658845	17659165	3	-1.1641
FOXED_p_TCGA_b122_128_SNP_N_GenomeWideSNP_6_B08_781886	11	17659398	48598422	21506	-0.0861
FOXED_p_TCGA_b122_128_SNP_N_GenomeWideSNP_6_B08_781886	11	48601434	48602676	2	-1.4442
FOXED_p_TCGA_b122_128_SNP_N_GenomeWideSNP_6_B08_781886	11	48606318	55376280	1232	-0.0768
FOXED_p_TCGA_b122_128_SNP_N_GenomeWideSNP_6_B08_781886	11	55376498	55442318	40	0.3022
FOXED_p_TCGA_b122_128_SNP_N_GenomeWideSNP_6_B08_781886	11	55444211	68405000	6610	-0.0769
FOXED_p_TCGA_b122_128_SNP_N_GenomeWideSNP_6_B08_781886	11	68408004	68408289	2	-1.4189
FOXED_p_TCGA_b122_128_SNP_N_GenomeWideSNP_6_B08_781886	11	68408982	75964374	4068	-0.078
FOXED_p_TCGA_b122_128_SNP_N_GenomeWideSNP_6_B08_781886	11	75967971	75968227	2	-1.5085
FOXED_p_TCGA_b122_128_SNP_N_GenomeWideSNP_6_B08_781886	11	75969520	89791833	9286	-0.0815
FOXED_p_TCGA_b122_128_SNP_N_GenomeWideSNP_6_B08_781886	11	89803644	89810338	3	-1.5838
FOXED_p_TCGA_b122_128_SNP_N_GenomeWideSNP_6_B08_781886	11	89818310	90901970	774	-0.08
FOXED_p_TCGA_b122_128_SNP_N_GenomeWideSNP_6_B08_781886	11	90906260	90912986	5	-1.0118
FOXED_p_TCGA_b122_128_SNP_N_GenomeWideSNP_6_B08_781886	11	90917506	134944770	31682	-0.096
FOXED_p_TCGA_b122_128_SNP_N_GenomeWideSNP_6_B08_781886	12	150442	180697	6	0.1305
FOXED_p_TCGA_b122_128_SNP_N_GenomeWideSNP_6_B08_781886	12	191054	8442285	5574	-0.1001
FOXED_p_TCGA_b122_128_SNP_N_GenomeWideSNP_6_B08_781886	12	8449112	8449217	2	1.3175
FOXED_p_TCGA_b122_128_SNP_N_GenomeWideSNP_6_B08_781886	12	8453466	9630556	624	-0.1082
FOXED_p_TCGA_b122_128_SNP_N_GenomeWideSNP_6_B08_781886	12	9633870	9728292	25	1.0719
FOXED_p_TCGA_b122_128_SNP_N_GenomeWideSNP_6_B08_781886	12	9734969	13331338	2605	-0.0787
FOXED_p_TCGA_b122_128_SNP_N_GenomeWideSNP_6_B08_781886	12	13334659	13335140	3	-2.1355
FOXED_p_TCGA_b122_128_SNP_N_GenomeWideSNP_6_B08_781886	12	13336367	26701906	9231	-0.0828
FOXED_p_TCGA_b122_128_SNP_N_GenomeWideSNP_6_B08_781886	12	26702829	27008103	213	-0.591
FOXED_p_TCGA_b122_128_SNP_N_GenomeWideSNP_6_B08_781886	12	27011774	29159781	1520	-0.0693
FOXED_p_TCGA_b122_128_SNP_N_GenomeWideSNP_6_B08_781886	12	29163628	29164522	3	-1.4726
FOXED_p_TCGA_b122_128_SNP_N_GenomeWideSNP_6_B08_781886	12	29167983	33294660	3077	-0.0816
FOXED_p_TCGA_b122_128_SNP_N_GenomeWideSNP_6_B08_781886	12	33301406	33307078	26	0.3091
FOXED_p_TCGA_b122_128_SNP_N_GenomeWideSNP_6_B08_781886	12	33307374	45904438	5631	-0.0712
FOXED_p_TCGA_b122_128_SNP_N_GenomeWideSNP_6_B08_781886	12	45905840	45909537	3	-2.3457
FOXED_p_TCGA_b122_128_SNP_N_GenomeWideSNP_6_B08_781886	12	45913292	48725042	1719	-0.0696
FOXED_p_TCGA_b122_128_SNP_N_GenomeWideSNP_6_B08_781886	12	48725239	48725415	3	-2.08
FOXED_p_TCGA_b122_128_SNP_N_GenomeWideSNP_6_B08_781886	12	48730036	58717438	5486	-0.0648
FOXED_p_TCGA_b122_128_SNP_N_GenomeWideSNP_6_B08_781886	12	58721056	58730162	8	-0.7267
FOXED_p_TCGA_b122_128_SNP_N_GenomeWideSNP_6_B08_781886	12	58730848	61787990	2000	-0.0742
FOXED_p_TCGA_b122_128_SNP_N_GenomeWideSNP_6_B08_781886	12	61788003	61788767	6	-1.0993
FOXED_p_TCGA_b122_128_SNP_N_GenomeWideSNP_6_B08_781886	12	61788815	69525602	5081	-0.0872
FOXED_p_TCGA_b122_128_SNP_N_GenomeWideSNP_6_B08_781886	12	69525729	69525887	2	-2.2077
FOXED_p_TCGA_b122_128_SNP_N_GenomeWideSNP_6_B08_781886	12	69526932	129231313	39166	-0.085
FOXED_p_TCGA_b122_128_SNP_N_GenomeWideSNP_6_B08_781886	12	129232142	129232297	2	-2.1441
FOXED_p_TCGA_b122_128_SNP_N_GenomeWideSNP_6_B08_781886	12	129232545	133778189	3084	-0.1278
FOXED_p_TCGA_b122_128_SNP_N_GenomeWideSNP_6_B08_781886	13	19026949	19834619	385	0.2483
FOXED_p_TCGA_b122_128_SNP_N_GenomeWideSNP_6_B08_781886	13	19839604	19842532	5	-1.2921
FOXED_p_TCGA_b122_128_SNP_N_GenomeWideSNP_6_B08_781886	13	19842532	23629187	2507	0.2761
FOXED_p_TCGA_b122_128_SNP_N_GenomeWideSNP_6_B08_781886	13	23629210	23633515	13	-2.2301
FOXED_p_TCGA_b122_128_SNP_N_GenomeWideSNP_6_B08_781886	13	23638195	38075904	10665	0.2759
FOXED_p_TCGA_b122_128_SNP_N_GenomeWideSNP_6_B08_781886	13	38075965	38084757	13	-0.2773
FOXED_p_TCGA_b122_128_SNP_N_GenomeWideSNP_6_B08_781886	13	38088330	53094799	9917	0.2834
FOXED_p_TCGA_b122_128_SNP_N_GenomeWideSNP_6_B08_781886	13	53097984	53105785	3	-1.5138
FOXED_p_TCGA_b122_128_SNP_N_GenomeWideSNP_6_B08_781886	13	53117879	106316207	34643	0.2809
FOXED_p_TCGA_b122_128_SNP_N_GenomeWideSNP_6_B08_781886	13	106316825	106316978	4	-0.8454
FOXED_p_TCGA_b122_128_SNP_N_GenomeWideSNP_6_B08_781886	13	106319372	114757220	6047	0.2777
FOXED_p_TCGA_b122_128_SNP_N_GenomeWideSNP_6_B08_781886	13	114763472	114837707	24	-0.0456
FOXED_p_TCGA_b122_128_SNP_N_GenomeWideSNP_6_B08_781886	13	114837726	115108397	126	0.28
FOXED_p_TCGA_b122_128_SNP_N_GenomeWideSNP_6_B08_781886	14	19002124	19469520	38	-0.1474
FOXED_p_TCGA_b122_128_SNP_N_GenomeWideSNP_6_B08_781886	14	19541714	20420239	150	0.2347
FOXED_p_TCGA_b122_128_SNP_N_GenomeWideSNP_6_B08_781886	14	20422583	28134160	5193	-0.0735
FOXED_p_TCGA_b122_128_SNP_N_GenomeWideSNP_6_B08_781886	14	28137310	28529306	206	-0.5536
FOXED_p_TCGA_b122_128_SNP_N_GenomeWideSNP_6_B08_781886	14	28529421	30675172	1213	-0.0721
FOXED_p_TCGA_b122_128_SNP_N_GenomeWideSNP_6_B08_781886	14	30676159	31302286	358	-0.5651
FOXED_p_TCGA_b122_128_SNP_N_GenomeWideSNP_6_B08_781886	14	31307467	33392610	1275	-0.0614
FOXED_p_TCGA_b122_128_SNP_N_GenomeWideSNP_6_B08_781886	14	33393323	33525951	104	-0.6276
FOXED_p_TCGA_b122_128_SNP_N_GenomeWideSNP_6_B08_781886	14	33526245	41607634	5300	-0.0773
FOXED_p_TCGA_b122_128_SNP_N_GenomeWideSNP_6_B08_781886	14	41608358	41637429	12	0.4625
FOXED_p_TCGA_b122_128_SNP_N_GenomeWideSNP_6_B08_781886	14	41637815	42355771	487	-0.0625
FOXED_p_TCGA_b122_128_SNP_N_GenomeWideSNP_6_B08_781886	14	42363127	42482814	63	-0.581
FOXED_p_TCGA_b122_128_SNP_N_GenomeWideSNP_6_B08_781886	14	42483251	42484127	2	-2.1726
FOXED_p_TCGA_b122_128_SNP_N_GenomeWideSNP_6_B08_781886	14	42485790	42791903	170	-0.566
FOXED_p_TCGA_b122_128_SNP_N_GenomeWideSNP_6_B08_781886	14	42795293	42987866	134	-0.0867
FOXED_p_TCGA_b122_128_SNP_N_GenomeWideSNP_6_B08_781886	14	42992311	42992434	2	-1.1749
FOXED_p_TCGA_b122_128_SNP_N_GenomeWideSNP_6_B08_781886	14	42995511	43428733	271	-0.0643
FOXED_p_TCGA_b122_128_SNP_N_GenomeWideSNP_6_B08_781886	14	43430442	43557670	78	-0.5915
FOXED_p_TCGA_b122_128_SNP_N_GenomeWideSNP_6_B08_781886	14	43560107	51805952	4774	-0.0656
FOXED_p_TCGA_b122_128_SNP_N_GenomeWideSNP_6_B08_781886	14	51807870	52152601	318	-0.6269
FOXED_p_TCGA_b122_128_SNP_N_GenomeWideSNP_6_B08_781886	14	52160473	70013979	11562	-0.0756
FOXED_p_TCGA_b122_128_SNP_N_GenomeWideSNP_6_B08_781886	14	70018047	70022467	9	-0.7122
FOXED_p_TCGA_b122_128_SNP_N_GenomeWideSNP_6_B08_781886	14	70022713	73995774	2625	-0.073
FOXED_p_TCGA_b122_128_SNP_N_GenomeWideSNP_6_B08_781886	14	74001123	74017538	8	-1.4747
FOXED_p_TCGA_b122_128_SNP_N_GenomeWideSNP_6_B08_781886	14	74020979	77143382	1898	-0.0668
FOXED_p_TCGA_b122_128_SNP_N_GenomeWideSNP_6_B08_781886	14	77143726	77144211	2	-1.8341
FOXED_p_TCGA_b122_128_SNP_N_GenomeWideSNP_6_B08_781886	14	77144499	106460902	18889	-0.0824
FOXED_p_TCGA_b122_128_SNP_N_GenomeWideSNP_6_B08_781886	14	106479675	106479941	2	1.2205
FOXED_p_TCGA_b122_128_SNP_N_GenomeWideSNP_6_B08_781886	14	106482128	106538062	25	0.0344
FOXED_p_TCGA_b122_128_SNP_N_GenomeWideSNP_6_B08_781886	14	106541753	106551572	8	0.8726
FOXED_p_TCGA_b122_128_SNP_N_GenomeWideSNP_6_B08_781886	14	106553186	106796697	110	0.0266
FOXED_p_TCGA_b122_128_SNP_N_GenomeWideSNP_6_B08_781886	14	106801355	106820744	7	-0.8795
FOXED_p_TCGA_b122_128_SNP_N_GenomeWideSNP_6_B08_781886	14	106821736	106918649	82	0.0608
FOXED_p_TCGA_b122_128_SNP_N_GenomeWideSNP_6_B08_781886	14	106922531	106939788	7	0.9038
FOXED_p_TCGA_b122_128_SNP_N_GenomeWideSNP_6_B08_781886	14	106943522	107153173	126	-0.0261
FOXED_p_TCGA_b122_128_SNP_N_GenomeWideSNP_6_B08_781886	14	107160399	107161100	6	-0.7617
FOXED_p_TCGA_b122_128_SNP_N_GenomeWideSNP_6_B08_781886	14	107165591	107285437	83	-0.1383
FOXED_p_TCGA_b122_128_SNP_N_GenomeWideSNP_6_B08_781886	15	20016328	20627492	144	-0.089
FOXED_p_TCGA_b122_128_SNP_N_GenomeWideSNP_6_B08_781886	15	20646575	21953711	160	-0.4087
FOXED_p_TCGA_b122_128_SNP_N_GenomeWideSNP_6_B08_781886	15	22042518	24669745	1124	-0.0894
FOXED_p_TCGA_b122_128_SNP_N_GenomeWideSNP_6_B08_781886	15	24674751	24718173	39	-1.9241
FOXED_p_TCGA_b122_128_SNP_N_GenomeWideSNP_6_B08_781886	15	24718596	43748304	12068	-0.0793
FOXED_p_TCGA_b122_128_SNP_N_GenomeWideSNP_6_B08_781886	15	43751076	43759563	2	-1.5568
FOXED_p_TCGA_b122_128_SNP_N_GenomeWideSNP_6_B08_781886	15	43759774	53784888	6008	-0.0705
FOXED_p_TCGA_b122_128_SNP_N_GenomeWideSNP_6_B08_781886	15	53784991	53785279	6	-1.7753
FOXED_p_TCGA_b122_128_SNP_N_GenomeWideSNP_6_B08_781886	15	53790247	102469040	32525	-0.0795
FOXED_p_TCGA_b122_128_SNP_N_GenomeWideSNP_6_B08_781886	16	60777	643434	258	-0.1831
FOXED_p_TCGA_b122_128_SNP_N_GenomeWideSNP_6_B08_781886	16	643563	11594874	8434	0.2869
FOXED_p_TCGA_b122_128_SNP_N_GenomeWideSNP_6_B08_781886	16	11595821	11633871	20	-0.0795
FOXED_p_TCGA_b122_128_SNP_N_GenomeWideSNP_6_B08_781886	16	11636742	19944363	4824	0.2804
FOXED_p_TCGA_b122_128_SNP_N_GenomeWideSNP_6_B08_781886	16	19945650	19971248	34	0.5822
FOXED_p_TCGA_b122_128_SNP_N_GenomeWideSNP_6_B08_781886	16	19971296	26441392	3949	0.2852
FOXED_p_TCGA_b122_128_SNP_N_GenomeWideSNP_6_B08_781886	16	26443241	26496455	34	-0.094
FOXED_p_TCGA_b122_128_SNP_N_GenomeWideSNP_6_B08_781886	16	26498692	32013278	2529	0.289
FOXED_p_TCGA_b122_128_SNP_N_GenomeWideSNP_6_B08_781886	16	32024412	32588622	90	-0.0706
FOXED_p_TCGA_b122_128_SNP_N_GenomeWideSNP_6_B08_781886	16	32588901	32588909	5	-3.4007
FOXED_p_TCGA_b122_128_SNP_N_GenomeWideSNP_6_B08_781886	16	32609274	33423063	92	0.0097
FOXED_p_TCGA_b122_128_SNP_N_GenomeWideSNP_6_B08_781886	16	33432160	33631830	74	-0.2286
FOXED_p_TCGA_b122_128_SNP_N_GenomeWideSNP_6_B08_781886	16	33643399	33776085	20	0.1859
FOXED_p_TCGA_b122_128_SNP_N_GenomeWideSNP_6_B08_781886	16	33794655	33827062	5	-0.747
FOXED_p_TCGA_b122_128_SNP_N_GenomeWideSNP_6_B08_781886	16	33828054	34197818	39	0.2576
FOXED_p_TCGA_b122_128_SNP_N_GenomeWideSNP_6_B08_781886	16	34199480	46503206	458	-0.11
FOXED_p_TCGA_b122_128_SNP_N_GenomeWideSNP_6_B08_781886	16	46504414	55225083	5948	0.2881
FOXED_p_TCGA_b122_128_SNP_N_GenomeWideSNP_6_B08_781886	16	55227539	55227614	2	-1.0885
FOXED_p_TCGA_b122_128_SNP_N_GenomeWideSNP_6_B08_781886	16	55228864	55796594	525	0.2748
FOXED_p_TCGA_b122_128_SNP_N_GenomeWideSNP_6_B08_781886	16	55798222	55798779	3	2.4302
FOXED_p_TCGA_b122_128_SNP_N_GenomeWideSNP_6_B08_781886	16	55804348	58531841	1660	0.308
FOXED_p_TCGA_b122_128_SNP_N_GenomeWideSNP_6_B08_781886	16	58532703	59692676	770	-0.0685
FOXED_p_TCGA_b122_128_SNP_N_GenomeWideSNP_6_B08_781886	16	59692842	60334241	382	0.2658
FOXED_p_TCGA_b122_128_SNP_N_GenomeWideSNP_6_B08_781886	16	60337674	61092945	501	-0.0785
FOXED_p_TCGA_b122_128_SNP_N_GenomeWideSNP_6_B08_781886	16	61093270	61826442	443	0.2863
FOXED_p_TCGA_b122_128_SNP_N_GenomeWideSNP_6_B08_781886	16	61826674	61895379	38	-0.033
FOXED_p_TCGA_b122_128_SNP_N_GenomeWideSNP_6_B08_781886	16	61898719	62156147	164	0.2738
FOXED_p_TCGA_b122_128_SNP_N_GenomeWideSNP_6_B08_781886	16	62158325	62597742	283	-0.0902
FOXED_p_TCGA_b122_128_SNP_N_GenomeWideSNP_6_B08_781886	16	62598352	62632273	33	-0.6053
FOXED_p_TCGA_b122_128_SNP_N_GenomeWideSNP_6_B08_781886	16	62632625	62779885	105	-0.0731
FOXED_p_TCGA_b122_128_SNP_N_GenomeWideSNP_6_B08_781886	16	62781043	64140302	931	0.2955
FOXED_p_TCGA_b122_128_SNP_N_GenomeWideSNP_6_B08_781886	16	64146041	64619963	356	-0.0938
FOXED_p_TCGA_b122_128_SNP_N_GenomeWideSNP_6_B08_781886	16	64621020	65285923	505	0.2703
FOXED_p_TCGA_b122_128_SNP_N_GenomeWideSNP_6_B08_781886	16	65289733	65390052	57	-0.0694
FOXED_p_TCGA_b122_128_SNP_N_GenomeWideSNP_6_B08_781886	16	65398824	65403351	6	-0.5662
FOXED_p_TCGA_b122_128_SNP_N_GenomeWideSNP_6_B08_781886	16	65405365	65509907	74	-0.1017
FOXED_p_TCGA_b122_128_SNP_N_GenomeWideSNP_6_B08_781886	16	65511173	66050918	478	0.2744
FOXED_p_TCGA_b122_128_SNP_N_GenomeWideSNP_6_B08_781886	16	66053230	66053401	2	-0.9549
FOXED_p_TCGA_b122_128_SNP_N_GenomeWideSNP_6_B08_781886	16	66054207	68650918	1281	0.2996
FOXED_p_TCGA_b122_128_SNP_N_GenomeWideSNP_6_B08_781886	16	68652417	68736264	47	-0.0166
FOXED_p_TCGA_b122_128_SNP_N_GenomeWideSNP_6_B08_781886	16	68736852	68785079	20	-0.3845
FOXED_p_TCGA_b122_128_SNP_N_GenomeWideSNP_6_B08_781886	16	68786234	69623552	423	-0.0334
FOXED_p_TCGA_b122_128_SNP_N_GenomeWideSNP_6_B08_781886	16	69625216	72250551	1233	0.3037
FOXED_p_TCGA_b122_128_SNP_N_GenomeWideSNP_6_B08_781886	16	72251288	72355484	74	-0.0541
FOXED_p_TCGA_b122_128_SNP_N_GenomeWideSNP_6_B08_781886	16	72355767	78373337	4586	0.2855
FOXED_p_TCGA_b122_128_SNP_N_GenomeWideSNP_6_B08_781886	16	78373764	78384765	13	-0.2787
FOXED_p_TCGA_b122_128_SNP_N_GenomeWideSNP_6_B08_781886	16	78385001	81140165	3181	0.2749
FOXED_p_TCGA_b122_128_SNP_N_GenomeWideSNP_6_B08_781886	16	81140526	81950010	723	-0.1177
FOXED_p_TCGA_b122_128_SNP_N_GenomeWideSNP_6_B08_781886	16	81953260	85586358	3709	0.2773
FOXED_p_TCGA_b122_128_SNP_N_GenomeWideSNP_6_B08_781886	16	85594815	85711688	50	-0.0739
FOXED_p_TCGA_b122_128_SNP_N_GenomeWideSNP_6_B08_781886	16	85711769	87874856	2013	0.296
FOXED_p_TCGA_b122_128_SNP_N_GenomeWideSNP_6_B08_781886	16	87878268	87910280	10	-0.2805
FOXED_p_TCGA_b122_128_SNP_N_GenomeWideSNP_6_B08_781886	16	87920816	88110422	113	0.3197
FOXED_p_TCGA_b122_128_SNP_N_GenomeWideSNP_6_B08_781886	16	88113663	88114838	3	-1.4391
FOXED_p_TCGA_b122_128_SNP_N_GenomeWideSNP_6_B08_781886	16	88115391	89961970	729	0.2031
FOXED_p_TCGA_b122_128_SNP_N_GenomeWideSNP_6_B08_781886	16	89962929	90287535	121	-0.1583
FOXED_p_TCGA_b122_128_SNP_N_GenomeWideSNP_6_B08_781886	17	526	4538500	2435	-0.5953
FOXED_p_TCGA_b122_128_SNP_N_GenomeWideSNP_6_B08_781886	17	4539171	4540277	3	-4.7878
FOXED_p_TCGA_b122_128_SNP_N_GenomeWideSNP_6_B08_781886	17	4540541	16663051	8052	-0.5984
FOXED_p_TCGA_b122_128_SNP_N_GenomeWideSNP_6_B08_781886	17	16689869	16735532	8	-2.0069
FOXED_p_TCGA_b122_128_SNP_N_GenomeWideSNP_6_B08_781886	17	16738160	18319862	919	-0.5935
FOXED_p_TCGA_b122_128_SNP_N_GenomeWideSNP_6_B08_781886	17	18355392	18465221	29	0.4309
FOXED_p_TCGA_b122_128_SNP_N_GenomeWideSNP_6_B08_781886	17	18469197	22235650	1548	-0.5525
FOXED_p_TCGA_b122_128_SNP_N_GenomeWideSNP_6_B08_781886	17	25270411	34430450	5365	-0.0805
FOXED_p_TCGA_b122_128_SNP_N_GenomeWideSNP_6_B08_781886	17	34435512	34485091	41	0.3171
FOXED_p_TCGA_b122_128_SNP_N_GenomeWideSNP_6_B08_781886	17	34528125	39423257	2551	-0.0513
FOXED_p_TCGA_b122_128_SNP_N_GenomeWideSNP_6_B08_781886	17	39423305	39428090	7	-0.7126
FOXED_p_TCGA_b122_128_SNP_N_GenomeWideSNP_6_B08_781886	17	39428142	44213712	2556	-0.0593
FOXED_p_TCGA_b122_128_SNP_N_GenomeWideSNP_6_B08_781886	17	44214166	44429320	96	-0.5047
FOXED_p_TCGA_b122_128_SNP_N_GenomeWideSNP_6_B08_781886	17	44435454	54159044	5852	-0.0667
FOXED_p_TCGA_b122_128_SNP_N_GenomeWideSNP_6_B08_781886	17	54160914	54167853	22	-0.5304
FOXED_p_TCGA_b122_128_SNP_N_GenomeWideSNP_6_B08_781886	17	54170744	55687489	1178	-0.094
FOXED_p_TCGA_b122_128_SNP_N_GenomeWideSNP_6_B08_781886	17	55688333	55688993	2	1.358
FOXED_p_TCGA_b122_128_SNP_N_GenomeWideSNP_6_B08_781886	17	55691993	81049726	14605	-0.075
FOXED_p_TCGA_b122_128_SNP_N_GenomeWideSNP_6_B08_781886	18	11543	1723388	1177	-0.3534
FOXED_p_TCGA_b122_128_SNP_N_GenomeWideSNP_6_B08_781886	18	1725758	1838112	91	-1.1752
FOXED_p_TCGA_b122_128_SNP_N_GenomeWideSNP_6_B08_781886	18	1841469	78015057	49527	-0.3524
FOXED_p_TCGA_b122_128_SNP_N_GenomeWideSNP_6_B08_781886	19	90910	12692001	5074	-0.0557
FOXED_p_TCGA_b122_128_SNP_N_GenomeWideSNP_6_B08_781886	19	12697366	12698102	2	-2.1732
FOXED_p_TCGA_b122_128_SNP_N_GenomeWideSNP_6_B08_781886	19	12700523	35849322	11748	-0.0645
FOXED_p_TCGA_b122_128_SNP_N_GenomeWideSNP_6_B08_781886	19	35849493	35866744	23	-0.7945
FOXED_p_TCGA_b122_128_SNP_N_GenomeWideSNP_6_B08_781886	19	35866786	41339869	2791	-0.0482
FOXED_p_TCGA_b122_128_SNP_N_GenomeWideSNP_6_B08_781886	19	41345158	41392155	39	0.3749
FOXED_p_TCGA_b122_128_SNP_N_GenomeWideSNP_6_B08_781886	19	41392654	52145146	5289	-0.0492
FOXED_p_TCGA_b122_128_SNP_N_GenomeWideSNP_6_B08_781886	19	52146792	52148197	5	-1.1905
FOXED_p_TCGA_b122_128_SNP_N_GenomeWideSNP_6_B08_781886	19	52154905	53519538	950	-0.0798
FOXED_p_TCGA_b122_128_SNP_N_GenomeWideSNP_6_B08_781886	19	53520381	53552229	20	0.4768
FOXED_p_TCGA_b122_128_SNP_N_GenomeWideSNP_6_B08_781886	19	53554240	59097854	3414	-0.0755
FOXED_p_TCGA_b122_128_SNP_N_GenomeWideSNP_6_B08_781886	20	61305	61690	11	0.0629
FOXED_p_TCGA_b122_128_SNP_N_GenomeWideSNP_6_B08_781886	20	61795	1560999	1196	0.5542
FOXED_p_TCGA_b122_128_SNP_N_GenomeWideSNP_6_B08_781886	20	1561580	1597946	42	-0.3884
FOXED_p_TCGA_b122_128_SNP_N_GenomeWideSNP_6_B08_781886	20	1598106	14417197	9687	0.5589
FOXED_p_TCGA_b122_128_SNP_N_GenomeWideSNP_6_B08_781886	20	14417359	15007064	465	0.1695
FOXED_p_TCGA_b122_128_SNP_N_GenomeWideSNP_6_B08_781886	20	15007198	15301374	256	0.4452
FOXED_p_TCGA_b122_128_SNP_N_GenomeWideSNP_6_B08_781886	20	15301902	15302049	2	-2.0671
FOXED_p_TCGA_b122_128_SNP_N_GenomeWideSNP_6_B08_781886	20	15302374	16662218	1357	0.544
FOXED_p_TCGA_b122_128_SNP_N_GenomeWideSNP_6_B08_781886	20	16662745	16667772	13	-1.37
FOXED_p_TCGA_b122_128_SNP_N_GenomeWideSNP_6_B08_781886	20	16669877	22186593	4188	0.5588
FOXED_p_TCGA_b122_128_SNP_N_GenomeWideSNP_6_B08_781886	20	22186604	22186623	2	-0.7572
FOXED_p_TCGA_b122_128_SNP_N_GenomeWideSNP_6_B08_781886	20	22187693	29609245	2904	0.5361
FOXED_p_TCGA_b122_128_SNP_N_GenomeWideSNP_6_B08_781886	20	29609280	29651211	11	0.0701
FOXED_p_TCGA_b122_128_SNP_N_GenomeWideSNP_6_B08_781886	20	29651369	40359519	5940	0.5604
FOXED_p_TCGA_b122_128_SNP_N_GenomeWideSNP_6_B08_781886	20	40360023	40360027	5	-0.0492
FOXED_p_TCGA_b122_128_SNP_N_GenomeWideSNP_6_B08_781886	20	40360784	41263421	836	0.5278
FOXED_p_TCGA_b122_128_SNP_N_GenomeWideSNP_6_B08_781886	20	41265308	41265499	4	-0.2521
FOXED_p_TCGA_b122_128_SNP_N_GenomeWideSNP_6_B08_781886	20	41268091	41791170	485	0.535
FOXED_p_TCGA_b122_128_SNP_N_GenomeWideSNP_6_B08_781886	20	41791260	41791282	2	-0.6722
FOXED_p_TCGA_b122_128_SNP_N_GenomeWideSNP_6_B08_781886	20	41792568	59576867	13330	0.5627
FOXED_p_TCGA_b122_128_SNP_N_GenomeWideSNP_6_B08_781886	20	59576902	59590201	39	0.999
FOXED_p_TCGA_b122_128_SNP_N_GenomeWideSNP_6_B08_781886	20	59590484	62956153	1749	0.5362
FOXED_p_TCGA_b122_128_SNP_N_GenomeWideSNP_6_B08_781886	21	10736871	23651134	6470	-0.0684
FOXED_p_TCGA_b122_128_SNP_N_GenomeWideSNP_6_B08_781886	21	23655900	23664658	9	-1.1026
FOXED_p_TCGA_b122_128_SNP_N_GenomeWideSNP_6_B08_781886	21	23666999	48096957	17941	-0.0859
FOXED_p_TCGA_b122_128_SNP_N_GenomeWideSNP_6_B08_781886	22	16052528	16444877	64	0.2132
FOXED_p_TCGA_b122_128_SNP_N_GenomeWideSNP_6_B08_781886	22	16477054	24271692	4523	-0.118
FOXED_p_TCGA_b122_128_SNP_N_GenomeWideSNP_6_B08_781886	22	24271745	24344422	34	0.2929
FOXED_p_TCGA_b122_128_SNP_N_GenomeWideSNP_6_B08_781886	22	24350529	24396814	19	-2.3405
FOXED_p_TCGA_b122_128_SNP_N_GenomeWideSNP_6_B08_781886	22	24401529	24404830	6	-0.39
FOXED_p_TCGA_b122_128_SNP_N_GenomeWideSNP_6_B08_781886	22	24405492	49572454	17981	-0.0843
FOXED_p_TCGA_b122_128_SNP_N_GenomeWideSNP_6_B08_781886	22	49572674	49583035	10	-0.89
FOXED_p_TCGA_b122_128_SNP_N_GenomeWideSNP_6_B08_781886	22	49583035	51234455	926	-0.1761
FOXED_p_TCGA_b122_128_SNP_N_GenomeWideSNP_6_B08_781886	X	168477	8691077	4671	-0.1983
FOXED_p_TCGA_b122_128_SNP_N_GenomeWideSNP_6_B08_781886	X	8691764	8694839	2	-1.8491
FOXED_p_TCGA_b122_128_SNP_N_GenomeWideSNP_6_B08_781886	X	8696383	61967759	29024	-0.2028
FOXED_p_TCGA_b122_128_SNP_N_GenomeWideSNP_6_B08_781886	X	61973490	76437473	6479	0.1704
FOXED_p_TCGA_b122_128_SNP_N_GenomeWideSNP_6_B08_781886	X	76471935	76545159	8	-0.5178
FOXED_p_TCGA_b122_128_SNP_N_GenomeWideSNP_6_B08_781886	X	76546512	81868602	2561	0.1631
FOXED_p_TCGA_b122_128_SNP_N_GenomeWideSNP_6_B08_781886	X	81870404	81880356	7	-0.8836
FOXED_p_TCGA_b122_128_SNP_N_GenomeWideSNP_6_B08_781886	X	81886348	90968512	5017	0.169
FOXED_p_TCGA_b122_128_SNP_N_GenomeWideSNP_6_B08_781886	X	90970506	90971771	8	-0.8694
FOXED_p_TCGA_b122_128_SNP_N_GenomeWideSNP_6_B08_781886	X	90971889	124990668	19026	0.1608
FOXED_p_TCGA_b122_128_SNP_N_GenomeWideSNP_6_B08_781886	X	124992296	124994178	3	-1.1532
FOXED_p_TCGA_b122_128_SNP_N_GenomeWideSNP_6_B08_781886	X	125000954	140647123	8825	0.1644
FOXED_p_TCGA_b122_128_SNP_N_GenomeWideSNP_6_B08_781886	X	140647163	140692762	11	-0.6632
FOXED_p_TCGA_b122_128_SNP_N_GenomeWideSNP_6_B08_781886	X	140694259	155182354	8996	0.1632
FOXED_p_TCGA_b122_128_SNP_N_GenomeWideSNP_6_B08_781886	Y	2650438	2985595	152	-2.898
FOXED_p_TCGA_b122_128_SNP_N_GenomeWideSNP_6_B08_781886	Y	2985939	6101425	719	-2.27
FOXED_p_TCGA_b122_128_SNP_N_GenomeWideSNP_6_B08_781886	Y	6107901	6313572	91	-3.9606
FOXED_p_TCGA_b122_128_SNP_N_GenomeWideSNP_6_B08_781886	Y	6315579	8342071	1104	-2.9734
FOXED_p_TCGA_b122_128_SNP_N_GenomeWideSNP_6_B08_781886	Y	8342218	9759564	561	-3.3288
FOXED_p_TCGA_b122_128_SNP_N_GenomeWideSNP_6_B08_781886	Y	9774614	15590276	951	-2.893
FOXED_p_TCGA_b122_128_SNP_N_GenomeWideSNP_6_B08_781886	Y	15590342	15594523	3	-7.6439
FOXED_p_TCGA_b122_128_SNP_N_GenomeWideSNP_6_B08_781886	Y	15594889	19165254	1879	-2.9988
FOXED_p_TCGA_b122_128_SNP_N_GenomeWideSNP_6_B08_781886	Y	19166861	19179540	8	-5.9935
FOXED_p_TCGA_b122_128_SNP_N_GenomeWideSNP_6_B08_781886	Y	19182271	19571480	195	-2.9955
FOXED_p_TCGA_b122_128_SNP_N_GenomeWideSNP_6_B08_781886	Y	19574890	21088297	704	-3.645
FOXED_p_TCGA_b122_128_SNP_N_GenomeWideSNP_6_B08_781886	Y	21088485	23653771	978	-3.0533
FOXED_p_TCGA_b122_128_SNP_N_GenomeWideSNP_6_B08_781886	Y	23683731	23690350	2	-8.8048
FOXED_p_TCGA_b122_128_SNP_N_GenomeWideSNP_6_B08_781886	Y	23715701	24515802	265	-3.2116
FOXED_p_TCGA_b122_128_SNP_N_GenomeWideSNP_6_B08_781886	Y	24516081	26430674	375	-3.6081
FOXED_p_TCGA_b122_128_SNP_N_GenomeWideSNP_6_B08_781886	Y	26430908	26482387	20	-2.2049
FOXED_p_TCGA_b122_128_SNP_N_GenomeWideSNP_6_B08_781886	Y	26489997	26631228	17	-3.3132
FOXED_p_TCGA_b122_128_SNP_N_GenomeWideSNP_6_B08_781886	Y	26631371	27240184	78	-4.3234
FOXED_p_TCGA_b122_128_SNP_N_GenomeWideSNP_6_B08_781886	Y	27254679	27720551	98	-3.0002
FOXED_p_TCGA_b122_128_SNP_N_GenomeWideSNP_6_B08_781886	Y	27721084	28051716	136	-3.7803
FOXED_p_TCGA_b122_128_SNP_N_GenomeWideSNP_6_B08_781886	Y	28052268	28180322	40	-2.8939
FOXED_p_TCGA_b122_128_SNP_N_GenomeWideSNP_6_B08_781886	Y	28180757	28322019	32	-4.5273
FOXED_p_TCGA_b122_128_SNP_N_GenomeWideSNP_6_B08_781886	Y	28322083	28452016	50	-3.4093
FOXED_p_TCGA_b122_128_SNP_N_GenomeWideSNP_6_B08_781886	Y	28457337	59018259	176	-2.6003
