Sample	Chromosome	Start	End	Num_Probes	Segment_Mean
HELVE_p_TCGA_b139_154_155_SNP_N_GenomeWideSNP_6_B08_808642	1	61735	718663	37	0.1001
HELVE_p_TCGA_b139_154_155_SNP_N_GenomeWideSNP_6_B08_808642	1	723317	25583341	14115	-0.3436
HELVE_p_TCGA_b139_154_155_SNP_N_GenomeWideSNP_6_B08_808642	1	25593128	25646946	27	0.1759
HELVE_p_TCGA_b139_154_155_SNP_N_GenomeWideSNP_6_B08_808642	1	25646986	34225316	4285	-0.342
HELVE_p_TCGA_b139_154_155_SNP_N_GenomeWideSNP_6_B08_808642	1	34225784	34346657	118	0.0569
HELVE_p_TCGA_b139_154_155_SNP_N_GenomeWideSNP_6_B08_808642	1	34347106	34392604	34	-0.3403
HELVE_p_TCGA_b139_154_155_SNP_N_GenomeWideSNP_6_B08_808642	1	34394259	34656384	191	0.0146
HELVE_p_TCGA_b139_154_155_SNP_N_GenomeWideSNP_6_B08_808642	1	34656812	34657303	2	-2.1143
HELVE_p_TCGA_b139_154_155_SNP_N_GenomeWideSNP_6_B08_808642	1	34661652	72768498	24211	0.0177
HELVE_p_TCGA_b139_154_155_SNP_N_GenomeWideSNP_6_B08_808642	1	72768916	72811148	46	1.2948
HELVE_p_TCGA_b139_154_155_SNP_N_GenomeWideSNP_6_B08_808642	1	72811904	104157161	20080	-9e-04
HELVE_p_TCGA_b139_154_155_SNP_N_GenomeWideSNP_6_B08_808642	1	104157317	104303403	33	0.4063
HELVE_p_TCGA_b139_154_155_SNP_N_GenomeWideSNP_6_B08_808642	1	104303501	106013376	918	-0.0264
HELVE_p_TCGA_b139_154_155_SNP_N_GenomeWideSNP_6_B08_808642	1	106019205	106022375	17	0.6122
HELVE_p_TCGA_b139_154_155_SNP_N_GenomeWideSNP_6_B08_808642	1	106024055	110227515	2670	0.0056
HELVE_p_TCGA_b139_154_155_SNP_N_GenomeWideSNP_6_B08_808642	1	110232974	110240178	17	-0.9419
HELVE_p_TCGA_b139_154_155_SNP_N_GenomeWideSNP_6_B08_808642	1	110242953	149548713	8528	0.0145
HELVE_p_TCGA_b139_154_155_SNP_N_GenomeWideSNP_6_B08_808642	1	149548726	149617451	3	1.3961
HELVE_p_TCGA_b139_154_155_SNP_N_GenomeWideSNP_6_B08_808642	1	149617488	152756774	1692	-0.0038
HELVE_p_TCGA_b139_154_155_SNP_N_GenomeWideSNP_6_B08_808642	1	152756806	152773905	41	0.561
HELVE_p_TCGA_b139_154_155_SNP_N_GenomeWideSNP_6_B08_808642	1	152776755	195801072	28929	-0.0012
HELVE_p_TCGA_b139_154_155_SNP_N_GenomeWideSNP_6_B08_808642	1	195801229	195801361	2	-1.492
HELVE_p_TCGA_b139_154_155_SNP_N_GenomeWideSNP_6_B08_808642	1	195803021	199111363	2084	-0.0025
HELVE_p_TCGA_b139_154_155_SNP_N_GenomeWideSNP_6_B08_808642	1	199111426	199113840	8	-0.8943
HELVE_p_TCGA_b139_154_155_SNP_N_GenomeWideSNP_6_B08_808642	1	199114238	200493190	978	-0.0301
HELVE_p_TCGA_b139_154_155_SNP_N_GenomeWideSNP_6_B08_808642	1	200499863	200502569	3	-1.325
HELVE_p_TCGA_b139_154_155_SNP_N_GenomeWideSNP_6_B08_808642	1	200502671	210071062	6453	-9e-04
HELVE_p_TCGA_b139_154_155_SNP_N_GenomeWideSNP_6_B08_808642	1	210081613	210083984	3	1.0268
HELVE_p_TCGA_b139_154_155_SNP_N_GenomeWideSNP_6_B08_808642	1	210086552	212999819	1948	-0.0097
HELVE_p_TCGA_b139_154_155_SNP_N_GenomeWideSNP_6_B08_808642	1	213004455	213006397	7	-0.6859
HELVE_p_TCGA_b139_154_155_SNP_N_GenomeWideSNP_6_B08_808642	1	213010436	220951005	5609	-0.0136
HELVE_p_TCGA_b139_154_155_SNP_N_GenomeWideSNP_6_B08_808642	1	220951135	220953310	2	1.1801
HELVE_p_TCGA_b139_154_155_SNP_N_GenomeWideSNP_6_B08_808642	1	220953777	223016406	1385	-0.0251
HELVE_p_TCGA_b139_154_155_SNP_N_GenomeWideSNP_6_B08_808642	1	223017325	223023769	6	-0.8857
HELVE_p_TCGA_b139_154_155_SNP_N_GenomeWideSNP_6_B08_808642	1	223026717	229811169	4104	0.0025
HELVE_p_TCGA_b139_154_155_SNP_N_GenomeWideSNP_6_B08_808642	1	229816856	229820196	3	-2.4327
HELVE_p_TCGA_b139_154_155_SNP_N_GenomeWideSNP_6_B08_808642	1	229820456	234677551	3826	0.002
HELVE_p_TCGA_b139_154_155_SNP_N_GenomeWideSNP_6_B08_808642	1	234677737	234695188	7	-0.6393
HELVE_p_TCGA_b139_154_155_SNP_N_GenomeWideSNP_6_B08_808642	1	234696051	240391740	4284	-0.006
HELVE_p_TCGA_b139_154_155_SNP_N_GenomeWideSNP_6_B08_808642	1	240394015	240394124	5	-1.9564
HELVE_p_TCGA_b139_154_155_SNP_N_GenomeWideSNP_6_B08_808642	1	240394139	249224388	5926	0.005
HELVE_p_TCGA_b139_154_155_SNP_N_GenomeWideSNP_6_B08_808642	2	12784	34691069	24109	0.015
HELVE_p_TCGA_b139_154_155_SNP_N_GenomeWideSNP_6_B08_808642	2	34699315	34737057	46	-1.7131
HELVE_p_TCGA_b139_154_155_SNP_N_GenomeWideSNP_6_B08_808642	2	34737163	35007976	193	-0.0144
HELVE_p_TCGA_b139_154_155_SNP_N_GenomeWideSNP_6_B08_808642	2	35008247	35008865	7	-1.0723
HELVE_p_TCGA_b139_154_155_SNP_N_GenomeWideSNP_6_B08_808642	2	35009220	50976459	11631	0.0174
HELVE_p_TCGA_b139_154_155_SNP_N_GenomeWideSNP_6_B08_808642	2	50976485	50976852	4	-0.965
HELVE_p_TCGA_b139_154_155_SNP_N_GenomeWideSNP_6_B08_808642	2	50977979	52699456	1150	-0.0067
HELVE_p_TCGA_b139_154_155_SNP_N_GenomeWideSNP_6_B08_808642	2	52700268	52701987	5	-0.625
HELVE_p_TCGA_b139_154_155_SNP_N_GenomeWideSNP_6_B08_808642	2	52702484	52754561	56	-0.0396
HELVE_p_TCGA_b139_154_155_SNP_N_GenomeWideSNP_6_B08_808642	2	52754728	52754881	3	-1.4824
HELVE_p_TCGA_b139_154_155_SNP_N_GenomeWideSNP_6_B08_808642	2	52758753	98118212	24110	0.0085
HELVE_p_TCGA_b139_154_155_SNP_N_GenomeWideSNP_6_B08_808642	2	98140747	98162189	9	-0.8859
HELVE_p_TCGA_b139_154_155_SNP_N_GenomeWideSNP_6_B08_808642	2	98166878	130793856	19925	0.0202
HELVE_p_TCGA_b139_154_155_SNP_N_GenomeWideSNP_6_B08_808642	2	130793883	130825680	10	-0.6214
HELVE_p_TCGA_b139_154_155_SNP_N_GenomeWideSNP_6_B08_808642	2	130826342	133038729	719	0.0151
HELVE_p_TCGA_b139_154_155_SNP_N_GenomeWideSNP_6_B08_808642	2	133046772	133117260	29	0.6919
HELVE_p_TCGA_b139_154_155_SNP_N_GenomeWideSNP_6_B08_808642	2	133121946	243089456	68004	0.0129
HELVE_p_TCGA_b139_154_155_SNP_N_GenomeWideSNP_6_B08_808642	3	60345	46793377	33243	0.0251
HELVE_p_TCGA_b139_154_155_SNP_N_GenomeWideSNP_6_B08_808642	3	46801817	46868828	43	-0.426
HELVE_p_TCGA_b139_154_155_SNP_N_GenomeWideSNP_6_B08_808642	3	46869949	98944476	30522	0.0193
HELVE_p_TCGA_b139_154_155_SNP_N_GenomeWideSNP_6_B08_808642	3	98944511	98949108	28	0.3594
HELVE_p_TCGA_b139_154_155_SNP_N_GenomeWideSNP_6_B08_808642	3	98949156	129761124	18754	0.0218
HELVE_p_TCGA_b139_154_155_SNP_N_GenomeWideSNP_6_B08_808642	3	129762859	129806236	53	0.4773
HELVE_p_TCGA_b139_154_155_SNP_N_GenomeWideSNP_6_B08_808642	3	129806924	140542539	6738	0.02
HELVE_p_TCGA_b139_154_155_SNP_N_GenomeWideSNP_6_B08_808642	3	140545701	140546984	2	-2.1392
HELVE_p_TCGA_b139_154_155_SNP_N_GenomeWideSNP_6_B08_808642	3	140560618	162530870	13558	0.0228
HELVE_p_TCGA_b139_154_155_SNP_N_GenomeWideSNP_6_B08_808642	3	162532950	162540490	7	-1.3034
HELVE_p_TCGA_b139_154_155_SNP_N_GenomeWideSNP_6_B08_808642	3	162545716	192874747	19236	0.0177
HELVE_p_TCGA_b139_154_155_SNP_N_GenomeWideSNP_6_B08_808642	3	192877902	192882903	20	-0.9397
HELVE_p_TCGA_b139_154_155_SNP_N_GenomeWideSNP_6_B08_808642	3	192886435	197896118	2705	0.0301
HELVE_p_TCGA_b139_154_155_SNP_N_GenomeWideSNP_6_B08_808642	4	12281	66719	58	-0.4392
HELVE_p_TCGA_b139_154_155_SNP_N_GenomeWideSNP_6_B08_808642	4	68821	11567218	6944	-0.054
HELVE_p_TCGA_b139_154_155_SNP_N_GenomeWideSNP_6_B08_808642	4	11572832	14206130	2009	-0.3633
HELVE_p_TCGA_b139_154_155_SNP_N_GenomeWideSNP_6_B08_808642	4	14215672	34778975	13814	-0.0643
HELVE_p_TCGA_b139_154_155_SNP_N_GenomeWideSNP_6_B08_808642	4	34779004	34829949	46	0.4242
HELVE_p_TCGA_b139_154_155_SNP_N_GenomeWideSNP_6_B08_808642	4	34830004	63669936	16007	-0.064
HELVE_p_TCGA_b139_154_155_SNP_N_GenomeWideSNP_6_B08_808642	4	63670069	63671053	3	-1.5365
HELVE_p_TCGA_b139_154_155_SNP_N_GenomeWideSNP_6_B08_808642	4	63671120	64697517	561	-0.0962
HELVE_p_TCGA_b139_154_155_SNP_N_GenomeWideSNP_6_B08_808642	4	64697530	64708258	27	-0.5058
HELVE_p_TCGA_b139_154_155_SNP_N_GenomeWideSNP_6_B08_808642	4	64716431	69374955	2882	-0.0747
HELVE_p_TCGA_b139_154_155_SNP_N_GenomeWideSNP_6_B08_808642	4	69375160	69396462	9	-1.8861
HELVE_p_TCGA_b139_154_155_SNP_N_GenomeWideSNP_6_B08_808642	4	69396466	69413943	9	-0.304
HELVE_p_TCGA_b139_154_155_SNP_N_GenomeWideSNP_6_B08_808642	4	69420023	69485840	43	-1.4992
HELVE_p_TCGA_b139_154_155_SNP_N_GenomeWideSNP_6_B08_808642	4	69485979	108051500	23289	-0.0575
HELVE_p_TCGA_b139_154_155_SNP_N_GenomeWideSNP_6_B08_808642	4	108065751	108068235	13	-1.0217
HELVE_p_TCGA_b139_154_155_SNP_N_GenomeWideSNP_6_B08_808642	4	108068247	108071888	9	0.1378
HELVE_p_TCGA_b139_154_155_SNP_N_GenomeWideSNP_6_B08_808642	4	108073507	108077434	17	-0.8248
HELVE_p_TCGA_b139_154_155_SNP_N_GenomeWideSNP_6_B08_808642	4	108077491	113041689	3021	-0.0647
HELVE_p_TCGA_b139_154_155_SNP_N_GenomeWideSNP_6_B08_808642	4	113045577	113051109	7	-1.2751
HELVE_p_TCGA_b139_154_155_SNP_N_GenomeWideSNP_6_B08_808642	4	113055075	130062751	10136	-0.0582
HELVE_p_TCGA_b139_154_155_SNP_N_GenomeWideSNP_6_B08_808642	4	130067546	130068160	2	1.2249
HELVE_p_TCGA_b139_154_155_SNP_N_GenomeWideSNP_6_B08_808642	4	130072563	138089547	4509	-0.0902
HELVE_p_TCGA_b139_154_155_SNP_N_GenomeWideSNP_6_B08_808642	4	138092103	138108363	21	-0.7966
HELVE_p_TCGA_b139_154_155_SNP_N_GenomeWideSNP_6_B08_808642	4	138108487	161873606	14757	-0.0555
HELVE_p_TCGA_b139_154_155_SNP_N_GenomeWideSNP_6_B08_808642	4	161873658	161884958	32	0.2801
HELVE_p_TCGA_b139_154_155_SNP_N_GenomeWideSNP_6_B08_808642	4	161884967	172987928	7078	-0.065
HELVE_p_TCGA_b139_154_155_SNP_N_GenomeWideSNP_6_B08_808642	4	172989148	172989505	10	0.8152
HELVE_p_TCGA_b139_154_155_SNP_N_GenomeWideSNP_6_B08_808642	4	172989519	173422522	233	-0.0219
HELVE_p_TCGA_b139_154_155_SNP_N_GenomeWideSNP_6_B08_808642	4	173424947	173428643	7	0.9501
HELVE_p_TCGA_b139_154_155_SNP_N_GenomeWideSNP_6_B08_808642	4	173441132	190189043	11486	-0.0611
HELVE_p_TCGA_b139_154_155_SNP_N_GenomeWideSNP_6_B08_808642	4	190195118	190199264	4	-2.4388
HELVE_p_TCGA_b139_154_155_SNP_N_GenomeWideSNP_6_B08_808642	4	190199771	191027923	386	-0.1499
HELVE_p_TCGA_b139_154_155_SNP_N_GenomeWideSNP_6_B08_808642	5	15532	97930840	59362	0.0716
HELVE_p_TCGA_b139_154_155_SNP_N_GenomeWideSNP_6_B08_808642	5	97933671	97935134	5	-1.1883
HELVE_p_TCGA_b139_154_155_SNP_N_GenomeWideSNP_6_B08_808642	5	97935770	140231549	26665	0.08
HELVE_p_TCGA_b139_154_155_SNP_N_GenomeWideSNP_6_B08_808642	5	140231565	140241027	7	-0.6565
HELVE_p_TCGA_b139_154_155_SNP_N_GenomeWideSNP_6_B08_808642	5	140242479	180790320	27063	0.08
HELVE_p_TCGA_b139_154_155_SNP_N_GenomeWideSNP_6_B08_808642	6	149661	302306	125	-0.1031
HELVE_p_TCGA_b139_154_155_SNP_N_GenomeWideSNP_6_B08_808642	6	303017	303121	2	-2.0213
HELVE_p_TCGA_b139_154_155_SNP_N_GenomeWideSNP_6_B08_808642	6	314962	366333	67	-0.3294
HELVE_p_TCGA_b139_154_155_SNP_N_GenomeWideSNP_6_B08_808642	6	373453	29837072	21539	-0.0654
HELVE_p_TCGA_b139_154_155_SNP_N_GenomeWideSNP_6_B08_808642	6	29837187	29874642	22	-0.7196
HELVE_p_TCGA_b139_154_155_SNP_N_GenomeWideSNP_6_B08_808642	6	29874709	32690027	1296	-0.0901
HELVE_p_TCGA_b139_154_155_SNP_N_GenomeWideSNP_6_B08_808642	6	32690797	32690812	2	1.6162
HELVE_p_TCGA_b139_154_155_SNP_N_GenomeWideSNP_6_B08_808642	6	32690830	53931151	13691	-0.0602
HELVE_p_TCGA_b139_154_155_SNP_N_GenomeWideSNP_6_B08_808642	6	53931230	53931855	6	-1.0838
HELVE_p_TCGA_b139_154_155_SNP_N_GenomeWideSNP_6_B08_808642	6	53935348	66394090	5051	-0.0633
HELVE_p_TCGA_b139_154_155_SNP_N_GenomeWideSNP_6_B08_808642	6	66399482	66403852	24	-1.0436
HELVE_p_TCGA_b139_154_155_SNP_N_GenomeWideSNP_6_B08_808642	6	66407127	77014948	6917	-0.0757
HELVE_p_TCGA_b139_154_155_SNP_N_GenomeWideSNP_6_B08_808642	6	77016900	77016926	3	2.3002
HELVE_p_TCGA_b139_154_155_SNP_N_GenomeWideSNP_6_B08_808642	6	77016993	77017069	4	0.5018
HELVE_p_TCGA_b139_154_155_SNP_N_GenomeWideSNP_6_B08_808642	6	77017077	77428589	286	-0.0591
HELVE_p_TCGA_b139_154_155_SNP_N_GenomeWideSNP_6_B08_808642	6	77429199	77468623	32	0.2426
HELVE_p_TCGA_b139_154_155_SNP_N_GenomeWideSNP_6_B08_808642	6	77468638	78944539	956	-0.0709
HELVE_p_TCGA_b139_154_155_SNP_N_GenomeWideSNP_6_B08_808642	6	78944894	79035185	130	0.1523
HELVE_p_TCGA_b139_154_155_SNP_N_GenomeWideSNP_6_B08_808642	6	79039234	103737976	15478	-0.0723
HELVE_p_TCGA_b139_154_155_SNP_N_GenomeWideSNP_6_B08_808642	6	103738039	103759725	39	0.2707
HELVE_p_TCGA_b139_154_155_SNP_N_GenomeWideSNP_6_B08_808642	6	103759825	124431774	12707	-0.0688
HELVE_p_TCGA_b139_154_155_SNP_N_GenomeWideSNP_6_B08_808642	6	124435941	124470761	21	0.3238
HELVE_p_TCGA_b139_154_155_SNP_N_GenomeWideSNP_6_B08_808642	6	124471533	126182763	1179	-0.0779
HELVE_p_TCGA_b139_154_155_SNP_N_GenomeWideSNP_6_B08_808642	6	126183692	126188893	4	-0.9572
HELVE_p_TCGA_b139_154_155_SNP_N_GenomeWideSNP_6_B08_808642	6	126189659	130216510	2425	-0.0676
HELVE_p_TCGA_b139_154_155_SNP_N_GenomeWideSNP_6_B08_808642	6	130217785	130218117	2	1.3252
HELVE_p_TCGA_b139_154_155_SNP_N_GenomeWideSNP_6_B08_808642	6	130221072	134266268	2755	-0.0588
HELVE_p_TCGA_b139_154_155_SNP_N_GenomeWideSNP_6_B08_808642	6	134269071	134269632	2	-1.8239
HELVE_p_TCGA_b139_154_155_SNP_N_GenomeWideSNP_6_B08_808642	6	134272072	161032565	17885	-0.06
HELVE_p_TCGA_b139_154_155_SNP_N_GenomeWideSNP_6_B08_808642	6	161032719	161033283	5	0.9488
HELVE_p_TCGA_b139_154_155_SNP_N_GenomeWideSNP_6_B08_808642	6	161068042	171051005	7259	-0.0821
HELVE_p_TCGA_b139_154_155_SNP_N_GenomeWideSNP_6_B08_808642	7	43355	3433032	1478	0.2934
HELVE_p_TCGA_b139_154_155_SNP_N_GenomeWideSNP_6_B08_808642	7	3434498	3439223	7	-0.6624
HELVE_p_TCGA_b139_154_155_SNP_N_GenomeWideSNP_6_B08_808642	7	3444749	3609712	140	0.2959
HELVE_p_TCGA_b139_154_155_SNP_N_GenomeWideSNP_6_B08_808642	7	3609843	3618361	31	-0.5764
HELVE_p_TCGA_b139_154_155_SNP_N_GenomeWideSNP_6_B08_808642	7	3624804	9531079	4027	0.3087
HELVE_p_TCGA_b139_154_155_SNP_N_GenomeWideSNP_6_B08_808642	7	9535405	9542533	13	-0.654
HELVE_p_TCGA_b139_154_155_SNP_N_GenomeWideSNP_6_B08_808642	7	9546277	22096915	10104	0.3056
HELVE_p_TCGA_b139_154_155_SNP_N_GenomeWideSNP_6_B08_808642	7	22097400	22097449	2	-1.2671
HELVE_p_TCGA_b139_154_155_SNP_N_GenomeWideSNP_6_B08_808642	7	22097476	26132290	3071	0.3041
HELVE_p_TCGA_b139_154_155_SNP_N_GenomeWideSNP_6_B08_808642	7	26142392	26145413	4	-0.5275
HELVE_p_TCGA_b139_154_155_SNP_N_GenomeWideSNP_6_B08_808642	7	26147219	43620294	12243	0.308
HELVE_p_TCGA_b139_154_155_SNP_N_GenomeWideSNP_6_B08_808642	7	43628168	43631368	4	-0.5548
HELVE_p_TCGA_b139_154_155_SNP_N_GenomeWideSNP_6_B08_808642	7	43636186	56966670	9080	0.3098
HELVE_p_TCGA_b139_154_155_SNP_N_GenomeWideSNP_6_B08_808642	7	56967029	57154424	12	-0.2652
HELVE_p_TCGA_b139_154_155_SNP_N_GenomeWideSNP_6_B08_808642	7	57155720	109441212	27189	0.2862
HELVE_p_TCGA_b139_154_155_SNP_N_GenomeWideSNP_6_B08_808642	7	109441244	109453910	11	0.8186
HELVE_p_TCGA_b139_154_155_SNP_N_GenomeWideSNP_6_B08_808642	7	109453982	126045556	10035	0.295
HELVE_p_TCGA_b139_154_155_SNP_N_GenomeWideSNP_6_B08_808642	7	126045651	126046876	11	-0.8812
HELVE_p_TCGA_b139_154_155_SNP_N_GenomeWideSNP_6_B08_808642	7	126046877	142474939	10434	0.2952
HELVE_p_TCGA_b139_154_155_SNP_N_GenomeWideSNP_6_B08_808642	7	142476719	142485853	25	-0.1582
HELVE_p_TCGA_b139_154_155_SNP_N_GenomeWideSNP_6_B08_808642	7	142485985	142822210	242	0.2904
HELVE_p_TCGA_b139_154_155_SNP_N_GenomeWideSNP_6_B08_808642	7	142827954	142891721	33	-0.6426
HELVE_p_TCGA_b139_154_155_SNP_N_GenomeWideSNP_6_B08_808642	7	142897770	143709699	420	0.306
HELVE_p_TCGA_b139_154_155_SNP_N_GenomeWideSNP_6_B08_808642	7	143710096	143711151	7	-0.607
HELVE_p_TCGA_b139_154_155_SNP_N_GenomeWideSNP_6_B08_808642	7	143711169	146222177	1503	0.2941
HELVE_p_TCGA_b139_154_155_SNP_N_GenomeWideSNP_6_B08_808642	7	146222283	146222865	2	1.6998
HELVE_p_TCGA_b139_154_155_SNP_N_GenomeWideSNP_6_B08_808642	7	146226431	159127004	8375	0.2955
HELVE_p_TCGA_b139_154_155_SNP_N_GenomeWideSNP_6_B08_808642	8	31254	161222	6	0.1971
HELVE_p_TCGA_b139_154_155_SNP_N_GenomeWideSNP_6_B08_808642	8	162672	6986241	7752	-0.8985
HELVE_p_TCGA_b139_154_155_SNP_N_GenomeWideSNP_6_B08_808642	8	6988468	8018038	259	-0.4915
HELVE_p_TCGA_b139_154_155_SNP_N_GenomeWideSNP_6_B08_808642	8	8054344	11365025	2846	-0.8898
HELVE_p_TCGA_b139_154_155_SNP_N_GenomeWideSNP_6_B08_808642	8	11365692	11365903	2	-4.5084
HELVE_p_TCGA_b139_154_155_SNP_N_GenomeWideSNP_6_B08_808642	8	11366286	12198254	375	-0.8934
HELVE_p_TCGA_b139_154_155_SNP_N_GenomeWideSNP_6_B08_808642	8	12216009	12550768	125	-0.3504
HELVE_p_TCGA_b139_154_155_SNP_N_GenomeWideSNP_6_B08_808642	8	12551135	33471273	16238	-0.8616
HELVE_p_TCGA_b139_154_155_SNP_N_GenomeWideSNP_6_B08_808642	8	33473712	38747174	2899	-0.0308
HELVE_p_TCGA_b139_154_155_SNP_N_GenomeWideSNP_6_B08_808642	8	38748776	39230659	224	0.4552
HELVE_p_TCGA_b139_154_155_SNP_N_GenomeWideSNP_6_B08_808642	8	39235603	39388779	61	0.7124
HELVE_p_TCGA_b139_154_155_SNP_N_GenomeWideSNP_6_B08_808642	8	39389015	47525576	2772	0.4268
HELVE_p_TCGA_b139_154_155_SNP_N_GenomeWideSNP_6_B08_808642	8	47527548	47536546	9	1.5654
HELVE_p_TCGA_b139_154_155_SNP_N_GenomeWideSNP_6_B08_808642	8	47546095	112294466	39268	0.4284
HELVE_p_TCGA_b139_154_155_SNP_N_GenomeWideSNP_6_B08_808642	8	112294646	112295260	7	-1.6666
HELVE_p_TCGA_b139_154_155_SNP_N_GenomeWideSNP_6_B08_808642	8	112300281	120154784	4970	0.4258
HELVE_p_TCGA_b139_154_155_SNP_N_GenomeWideSNP_6_B08_808642	8	120155754	120159446	3	-0.7852
HELVE_p_TCGA_b139_154_155_SNP_N_GenomeWideSNP_6_B08_808642	8	120162854	144304632	17314	0.4438
HELVE_p_TCGA_b139_154_155_SNP_N_GenomeWideSNP_6_B08_808642	8	144309755	144310617	10	-0.2182
HELVE_p_TCGA_b139_154_155_SNP_N_GenomeWideSNP_6_B08_808642	8	144314377	144705157	120	0.4852
HELVE_p_TCGA_b139_154_155_SNP_N_GenomeWideSNP_6_B08_808642	8	144705197	144707808	8	-1.8179
HELVE_p_TCGA_b139_154_155_SNP_N_GenomeWideSNP_6_B08_808642	8	144718989	146298155	506	0.4024
HELVE_p_TCGA_b139_154_155_SNP_N_GenomeWideSNP_6_B08_808642	9	46587	22492889	19870	-0.0322
HELVE_p_TCGA_b139_154_155_SNP_N_GenomeWideSNP_6_B08_808642	9	22501913	22502699	2	-2.9833
HELVE_p_TCGA_b139_154_155_SNP_N_GenomeWideSNP_6_B08_808642	9	22509340	23361805	579	-0.0637
HELVE_p_TCGA_b139_154_155_SNP_N_GenomeWideSNP_6_B08_808642	9	23363115	23373484	8	-1.553
HELVE_p_TCGA_b139_154_155_SNP_N_GenomeWideSNP_6_B08_808642	9	23378488	24500840	796	-0.0627
HELVE_p_TCGA_b139_154_155_SNP_N_GenomeWideSNP_6_B08_808642	9	24503816	24517682	20	-1.1904
HELVE_p_TCGA_b139_154_155_SNP_N_GenomeWideSNP_6_B08_808642	9	24519684	44404912	10184	-0.0464
HELVE_p_TCGA_b139_154_155_SNP_N_GenomeWideSNP_6_B08_808642	9	44424451	44855737	40	0.3967
HELVE_p_TCGA_b139_154_155_SNP_N_GenomeWideSNP_6_B08_808642	9	44866028	68183981	155	-0.0913
HELVE_p_TCGA_b139_154_155_SNP_N_GenomeWideSNP_6_B08_808642	9	68186051	68188547	8	1.1973
HELVE_p_TCGA_b139_154_155_SNP_N_GenomeWideSNP_6_B08_808642	9	68209916	79554460	6547	-0.052
HELVE_p_TCGA_b139_154_155_SNP_N_GenomeWideSNP_6_B08_808642	9	79556881	79559336	4	-1.5224
HELVE_p_TCGA_b139_154_155_SNP_N_GenomeWideSNP_6_B08_808642	9	79566864	90522594	7908	-0.0704
HELVE_p_TCGA_b139_154_155_SNP_N_GenomeWideSNP_6_B08_808642	9	90554151	90554219	2	-1.5407
HELVE_p_TCGA_b139_154_155_SNP_N_GenomeWideSNP_6_B08_808642	9	90557957	141091394	33777	-0.0532
HELVE_p_TCGA_b139_154_155_SNP_N_GenomeWideSNP_6_B08_808642	10	72759	34483909	26487	-0.3144
HELVE_p_TCGA_b139_154_155_SNP_N_GenomeWideSNP_6_B08_808642	10	34488364	34488892	2	-2.2028
HELVE_p_TCGA_b139_154_155_SNP_N_GenomeWideSNP_6_B08_808642	10	34489904	56456787	10687	-0.2938
HELVE_p_TCGA_b139_154_155_SNP_N_GenomeWideSNP_6_B08_808642	10	56457173	56468437	10	0.5079
HELVE_p_TCGA_b139_154_155_SNP_N_GenomeWideSNP_6_B08_808642	10	56472264	67306276	7517	-0.3264
HELVE_p_TCGA_b139_154_155_SNP_N_GenomeWideSNP_6_B08_808642	10	67307923	67314430	27	-1.2055
HELVE_p_TCGA_b139_154_155_SNP_N_GenomeWideSNP_6_B08_808642	10	67314446	85540277	12174	-0.3362
HELVE_p_TCGA_b139_154_155_SNP_N_GenomeWideSNP_6_B08_808642	10	85540591	85548652	2	-2.123
HELVE_p_TCGA_b139_154_155_SNP_N_GenomeWideSNP_6_B08_808642	10	85549244	122880694	24876	-0.3255
HELVE_p_TCGA_b139_154_155_SNP_N_GenomeWideSNP_6_B08_808642	10	122886721	122886896	2	-2.4556
HELVE_p_TCGA_b139_154_155_SNP_N_GenomeWideSNP_6_B08_808642	10	122887047	135506704	9222	-0.3493
HELVE_p_TCGA_b139_154_155_SNP_N_GenomeWideSNP_6_B08_808642	11	198510	4967396	2475	-0.0479
HELVE_p_TCGA_b139_154_155_SNP_N_GenomeWideSNP_6_B08_808642	11	4967650	4976892	43	0.6092
HELVE_p_TCGA_b139_154_155_SNP_N_GenomeWideSNP_6_B08_808642	11	4976907	18940870	10236	-0.0406
HELVE_p_TCGA_b139_154_155_SNP_N_GenomeWideSNP_6_B08_808642	11	18949072	18961738	52	-0.9256
HELVE_p_TCGA_b139_154_155_SNP_N_GenomeWideSNP_6_B08_808642	11	18961818	49758987	21081	-0.0496
HELVE_p_TCGA_b139_154_155_SNP_N_GenomeWideSNP_6_B08_808642	11	49759555	49760688	6	-1.1083
HELVE_p_TCGA_b139_154_155_SNP_N_GenomeWideSNP_6_B08_808642	11	49766161	55363340	751	-0.0626
HELVE_p_TCGA_b139_154_155_SNP_N_GenomeWideSNP_6_B08_808642	11	55374032	55453009	59	0.3703
HELVE_p_TCGA_b139_154_155_SNP_N_GenomeWideSNP_6_B08_808642	11	55453576	101594384	28630	-0.0438
HELVE_p_TCGA_b139_154_155_SNP_N_GenomeWideSNP_6_B08_808642	11	101597860	101597964	4	1.347
HELVE_p_TCGA_b139_154_155_SNP_N_GenomeWideSNP_6_B08_808642	11	101598212	134344843	23273	-0.0511
HELVE_p_TCGA_b139_154_155_SNP_N_GenomeWideSNP_6_B08_808642	11	134347562	134719568	341	0.5154
HELVE_p_TCGA_b139_154_155_SNP_N_GenomeWideSNP_6_B08_808642	11	134726122	134944770	153	-0.1061
HELVE_p_TCGA_b139_154_155_SNP_N_GenomeWideSNP_6_B08_808642	12	150442	9630556	6206	0.1487
HELVE_p_TCGA_b139_154_155_SNP_N_GenomeWideSNP_6_B08_808642	12	9633870	9728292	25	-1.2754
HELVE_p_TCGA_b139_154_155_SNP_N_GenomeWideSNP_6_B08_808642	12	9734969	11511577	1188	0.1433
HELVE_p_TCGA_b139_154_155_SNP_N_GenomeWideSNP_6_B08_808642	12	11511578	11543406	31	-0.5509
HELVE_p_TCGA_b139_154_155_SNP_N_GenomeWideSNP_6_B08_808642	12	11552192	33379966	15494	0.1618
HELVE_p_TCGA_b139_154_155_SNP_N_GenomeWideSNP_6_B08_808642	12	33385830	33395418	7	-0.6237
HELVE_p_TCGA_b139_154_155_SNP_N_GenomeWideSNP_6_B08_808642	12	33399053	45904438	5575	0.152
HELVE_p_TCGA_b139_154_155_SNP_N_GenomeWideSNP_6_B08_808642	12	45905840	45909537	3	-1.2608
HELVE_p_TCGA_b139_154_155_SNP_N_GenomeWideSNP_6_B08_808642	12	45913292	133778189	56534	0.1492
HELVE_p_TCGA_b139_154_155_SNP_N_GenomeWideSNP_6_B08_808642	13	19026949	23629210	2896	0.2799
HELVE_p_TCGA_b139_154_155_SNP_N_GenomeWideSNP_6_B08_808642	13	23632678	23633515	12	-0.3405
HELVE_p_TCGA_b139_154_155_SNP_N_GenomeWideSNP_6_B08_808642	13	23638195	25029083	1133	0.3146
HELVE_p_TCGA_b139_154_155_SNP_N_GenomeWideSNP_6_B08_808642	13	25029295	25029517	7	-0.2292
HELVE_p_TCGA_b139_154_155_SNP_N_GenomeWideSNP_6_B08_808642	13	25029559	25035607	6	0.3001
HELVE_p_TCGA_b139_154_155_SNP_N_GenomeWideSNP_6_B08_808642	13	25039590	25039598	3	-0.7485
HELVE_p_TCGA_b139_154_155_SNP_N_GenomeWideSNP_6_B08_808642	13	25039678	25667716	433	0.2875
HELVE_p_TCGA_b139_154_155_SNP_N_GenomeWideSNP_6_B08_808642	13	25675970	26209703	365	0.7093
HELVE_p_TCGA_b139_154_155_SNP_N_GenomeWideSNP_6_B08_808642	13	26210823	26226911	7	0.0464
HELVE_p_TCGA_b139_154_155_SNP_N_GenomeWideSNP_6_B08_808642	13	26227201	26341532	109	0.7497
HELVE_p_TCGA_b139_154_155_SNP_N_GenomeWideSNP_6_B08_808642	13	26343950	26374077	16	0.3792
HELVE_p_TCGA_b139_154_155_SNP_N_GenomeWideSNP_6_B08_808642	13	26374173	27564279	930	0.7134
HELVE_p_TCGA_b139_154_155_SNP_N_GenomeWideSNP_6_B08_808642	13	27565562	30029818	1844	0.9739
HELVE_p_TCGA_b139_154_155_SNP_N_GenomeWideSNP_6_B08_808642	13	30031562	30033228	2	-0.7429
HELVE_p_TCGA_b139_154_155_SNP_N_GenomeWideSNP_6_B08_808642	13	30036193	32041630	1550	0.9868
HELVE_p_TCGA_b139_154_155_SNP_N_GenomeWideSNP_6_B08_808642	13	32044914	38071135	4248	0.6756
HELVE_p_TCGA_b139_154_155_SNP_N_GenomeWideSNP_6_B08_808642	13	38072036	38084757	16	1.4135
HELVE_p_TCGA_b139_154_155_SNP_N_GenomeWideSNP_6_B08_808642	13	38088330	39052811	701	0.671
HELVE_p_TCGA_b139_154_155_SNP_N_GenomeWideSNP_6_B08_808642	13	39057572	39058056	2	-1.2482
HELVE_p_TCGA_b139_154_155_SNP_N_GenomeWideSNP_6_B08_808642	13	39065057	47197754	5571	0.701
HELVE_p_TCGA_b139_154_155_SNP_N_GenomeWideSNP_6_B08_808642	13	47198156	57749776	6261	0.2806
HELVE_p_TCGA_b139_154_155_SNP_N_GenomeWideSNP_6_B08_808642	13	57750953	57790009	38	-0.2447
HELVE_p_TCGA_b139_154_155_SNP_N_GenomeWideSNP_6_B08_808642	13	57792969	58590281	419	0.2722
HELVE_p_TCGA_b139_154_155_SNP_N_GenomeWideSNP_6_B08_808642	13	58591079	58597030	5	-0.7022
HELVE_p_TCGA_b139_154_155_SNP_N_GenomeWideSNP_6_B08_808642	13	58602052	72892010	8927	0.2704
HELVE_p_TCGA_b139_154_155_SNP_N_GenomeWideSNP_6_B08_808642	13	72894837	72895469	3	-0.6164
HELVE_p_TCGA_b139_154_155_SNP_N_GenomeWideSNP_6_B08_808642	13	72898528	109713396	25345	0.2926
HELVE_p_TCGA_b139_154_155_SNP_N_GenomeWideSNP_6_B08_808642	13	109721305	111344302	1378	0.7299
HELVE_p_TCGA_b139_154_155_SNP_N_GenomeWideSNP_6_B08_808642	13	111347448	113533876	1400	0.3216
HELVE_p_TCGA_b139_154_155_SNP_N_GenomeWideSNP_6_B08_808642	13	113534061	113534208	3	1.581
HELVE_p_TCGA_b139_154_155_SNP_N_GenomeWideSNP_6_B08_808642	13	113534835	115108397	654	0.3204
HELVE_p_TCGA_b139_154_155_SNP_N_GenomeWideSNP_6_B08_808642	14	19002124	19382209	24	-0.3645
HELVE_p_TCGA_b139_154_155_SNP_N_GenomeWideSNP_6_B08_808642	14	19382344	19416191	3	0.8131
HELVE_p_TCGA_b139_154_155_SNP_N_GenomeWideSNP_6_B08_808642	14	19417203	41607634	13789	-0.2998
HELVE_p_TCGA_b139_154_155_SNP_N_GenomeWideSNP_6_B08_808642	14	41608358	41657249	15	-0.8865
HELVE_p_TCGA_b139_154_155_SNP_N_GenomeWideSNP_6_B08_808642	14	41657349	74006707	20465	-0.3111
HELVE_p_TCGA_b139_154_155_SNP_N_GenomeWideSNP_6_B08_808642	14	74006851	74029900	8	-1.908
HELVE_p_TCGA_b139_154_155_SNP_N_GenomeWideSNP_6_B08_808642	14	74029915	75102628	612	-0.2996
HELVE_p_TCGA_b139_154_155_SNP_N_GenomeWideSNP_6_B08_808642	14	75106880	75111514	10	-1.0726
HELVE_p_TCGA_b139_154_155_SNP_N_GenomeWideSNP_6_B08_808642	14	75114531	106715489	20260	-0.3231
HELVE_p_TCGA_b139_154_155_SNP_N_GenomeWideSNP_6_B08_808642	14	106717356	106801355	40	0.0303
HELVE_p_TCGA_b139_154_155_SNP_N_GenomeWideSNP_6_B08_808642	14	106801762	106863526	31	-0.338
HELVE_p_TCGA_b139_154_155_SNP_N_GenomeWideSNP_6_B08_808642	14	106864722	106939788	64	0.108
HELVE_p_TCGA_b139_154_155_SNP_N_GenomeWideSNP_6_B08_808642	14	106943522	107285437	216	-0.3489
HELVE_p_TCGA_b139_154_155_SNP_N_GenomeWideSNP_6_B08_808642	15	20016328	20143409	27	-0.1189
HELVE_p_TCGA_b139_154_155_SNP_N_GenomeWideSNP_6_B08_808642	15	20143651	20395529	34	-0.251
HELVE_p_TCGA_b139_154_155_SNP_N_GenomeWideSNP_6_B08_808642	15	20411378	21909391	234	-0.6166
HELVE_p_TCGA_b139_154_155_SNP_N_GenomeWideSNP_6_B08_808642	15	21909901	68029156	28926	-0.3094
HELVE_p_TCGA_b139_154_155_SNP_N_GenomeWideSNP_6_B08_808642	15	68029180	76891241	5104	0.0389
HELVE_p_TCGA_b139_154_155_SNP_N_GenomeWideSNP_6_B08_808642	15	76891511	76895775	21	-1.7979
HELVE_p_TCGA_b139_154_155_SNP_N_GenomeWideSNP_6_B08_808642	15	76902179	102469040	17681	0.0271
HELVE_p_TCGA_b139_154_155_SNP_N_GenomeWideSNP_6_B08_808642	16	60777	5607890	2627	0.2682
HELVE_p_TCGA_b139_154_155_SNP_N_GenomeWideSNP_6_B08_808642	16	5608089	5608151	2	-1.7541
HELVE_p_TCGA_b139_154_155_SNP_N_GenomeWideSNP_6_B08_808642	16	5608337	14780654	8484	0.2872
HELVE_p_TCGA_b139_154_155_SNP_N_GenomeWideSNP_6_B08_808642	16	14835067	15116257	81	-0.0491
HELVE_p_TCGA_b139_154_155_SNP_N_GenomeWideSNP_6_B08_808642	16	15125441	16377662	590	0.251
HELVE_p_TCGA_b139_154_155_SNP_N_GenomeWideSNP_6_B08_808642	16	16513091	16628062	11	-0.2454
HELVE_p_TCGA_b139_154_155_SNP_N_GenomeWideSNP_6_B08_808642	16	16633361	18314233	1013	0.2776
HELVE_p_TCGA_b139_154_155_SNP_N_GenomeWideSNP_6_B08_808642	16	18354757	18742110	26	0.5869
HELVE_p_TCGA_b139_154_155_SNP_N_GenomeWideSNP_6_B08_808642	16	18743062	19944363	691	0.2783
HELVE_p_TCGA_b139_154_155_SNP_N_GenomeWideSNP_6_B08_808642	16	19945650	19965875	28	-0.438
HELVE_p_TCGA_b139_154_155_SNP_N_GenomeWideSNP_6_B08_808642	16	19967362	32588621	6609	0.2712
HELVE_p_TCGA_b139_154_155_SNP_N_GenomeWideSNP_6_B08_808642	16	32588622	32588909	6	-0.4892
HELVE_p_TCGA_b139_154_155_SNP_N_GenomeWideSNP_6_B08_808642	16	32609274	55450713	6841	0.2806
HELVE_p_TCGA_b139_154_155_SNP_N_GenomeWideSNP_6_B08_808642	16	55451617	55451905	3	1.3134
HELVE_p_TCGA_b139_154_155_SNP_N_GenomeWideSNP_6_B08_808642	16	55452015	55796594	314	0.2797
HELVE_p_TCGA_b139_154_155_SNP_N_GenomeWideSNP_6_B08_808642	16	55798222	55798779	3	1.5236
HELVE_p_TCGA_b139_154_155_SNP_N_GenomeWideSNP_6_B08_808642	16	55804348	78031664	14148	0.2786
HELVE_p_TCGA_b139_154_155_SNP_N_GenomeWideSNP_6_B08_808642	16	78032134	78080359	37	0.0118
HELVE_p_TCGA_b139_154_155_SNP_N_GenomeWideSNP_6_B08_808642	16	78080418	78371608	263	0.2927
HELVE_p_TCGA_b139_154_155_SNP_N_GenomeWideSNP_6_B08_808642	16	78372440	78379675	13	1.3367
HELVE_p_TCGA_b139_154_155_SNP_N_GenomeWideSNP_6_B08_808642	16	78383140	90287535	10641	0.2891
HELVE_p_TCGA_b139_154_155_SNP_N_GenomeWideSNP_6_B08_808642	17	526	18319862	11435	-0.3572
HELVE_p_TCGA_b139_154_155_SNP_N_GenomeWideSNP_6_B08_808642	17	18355392	18453437	26	-1.4405
HELVE_p_TCGA_b139_154_155_SNP_N_GenomeWideSNP_6_B08_808642	17	18459272	22235650	1550	-0.3552
HELVE_p_TCGA_b139_154_155_SNP_N_GenomeWideSNP_6_B08_808642	17	25270411	39423026	7946	0.2818
HELVE_p_TCGA_b139_154_155_SNP_N_GenomeWideSNP_6_B08_808642	17	39423057	39430450	21	-0.499
HELVE_p_TCGA_b139_154_155_SNP_N_GenomeWideSNP_6_B08_808642	17	39430531	42304644	1591	0.2587
HELVE_p_TCGA_b139_154_155_SNP_N_GenomeWideSNP_6_B08_808642	17	42304894	42305332	2	-1.8216
HELVE_p_TCGA_b139_154_155_SNP_N_GenomeWideSNP_6_B08_808642	17	42308564	43648540	576	0.2553
HELVE_p_TCGA_b139_154_155_SNP_N_GenomeWideSNP_6_B08_808642	17	43655090	43659426	7	-0.5601
HELVE_p_TCGA_b139_154_155_SNP_N_GenomeWideSNP_6_B08_808642	17	43664693	44166455	342	0.2048
HELVE_p_TCGA_b139_154_155_SNP_N_GenomeWideSNP_6_B08_808642	17	44166500	44364170	121	-0.0718
HELVE_p_TCGA_b139_154_155_SNP_N_GenomeWideSNP_6_B08_808642	17	44394412	44428681	7	0.4377
HELVE_p_TCGA_b139_154_155_SNP_N_GenomeWideSNP_6_B08_808642	17	44429320	44752300	41	1.0431
HELVE_p_TCGA_b139_154_155_SNP_N_GenomeWideSNP_6_B08_808642	17	44764994	55687489	7016	0.2683
HELVE_p_TCGA_b139_154_155_SNP_N_GenomeWideSNP_6_B08_808642	17	55688333	55688993	2	-1.1871
HELVE_p_TCGA_b139_154_155_SNP_N_GenomeWideSNP_6_B08_808642	17	55691993	81049726	14602	0.2744
HELVE_p_TCGA_b139_154_155_SNP_N_GenomeWideSNP_6_B08_808642	18	11543	48565632	29850	-0.3415
HELVE_p_TCGA_b139_154_155_SNP_N_GenomeWideSNP_6_B08_808642	18	48565771	48566026	4	1.6884
HELVE_p_TCGA_b139_154_155_SNP_N_GenomeWideSNP_6_B08_808642	18	48566309	62210898	9433	-0.3436
HELVE_p_TCGA_b139_154_155_SNP_N_GenomeWideSNP_6_B08_808642	18	62211626	62211946	2	-2.2037
HELVE_p_TCGA_b139_154_155_SNP_N_GenomeWideSNP_6_B08_808642	18	62217416	72112287	7364	-0.3479
HELVE_p_TCGA_b139_154_155_SNP_N_GenomeWideSNP_6_B08_808642	18	72112616	72113201	2	-2.1952
HELVE_p_TCGA_b139_154_155_SNP_N_GenomeWideSNP_6_B08_808642	18	72113353	78015057	4101	-0.3657
HELVE_p_TCGA_b139_154_155_SNP_N_GenomeWideSNP_6_B08_808642	19	90910	1731831	387	4e-04
HELVE_p_TCGA_b139_154_155_SNP_N_GenomeWideSNP_6_B08_808642	19	1732600	1741836	2	1.4269
HELVE_p_TCGA_b139_154_155_SNP_N_GenomeWideSNP_6_B08_808642	19	1770750	31284806	13280	-0.0091
HELVE_p_TCGA_b139_154_155_SNP_N_GenomeWideSNP_6_B08_808642	19	31288118	31288540	2	-1.303
HELVE_p_TCGA_b139_154_155_SNP_N_GenomeWideSNP_6_B08_808642	19	31290599	43247525	6889	0.0023
HELVE_p_TCGA_b139_154_155_SNP_N_GenomeWideSNP_6_B08_808642	19	43255217	43362652	41	0.589
HELVE_p_TCGA_b139_154_155_SNP_N_GenomeWideSNP_6_B08_808642	19	43368935	44906524	936	0.022
HELVE_p_TCGA_b139_154_155_SNP_N_GenomeWideSNP_6_B08_808642	19	44906547	44907807	5	0.8025
HELVE_p_TCGA_b139_154_155_SNP_N_GenomeWideSNP_6_B08_808642	19	44918777	50552411	2538	-0.0037
HELVE_p_TCGA_b139_154_155_SNP_N_GenomeWideSNP_6_B08_808642	19	50552473	50552894	2	-1.3499
HELVE_p_TCGA_b139_154_155_SNP_N_GenomeWideSNP_6_B08_808642	19	50558539	52131813	873	-0.0054
HELVE_p_TCGA_b139_154_155_SNP_N_GenomeWideSNP_6_B08_808642	19	52142352	52148197	11	0.7584
HELVE_p_TCGA_b139_154_155_SNP_N_GenomeWideSNP_6_B08_808642	19	52154905	55326613	2072	0.0168
HELVE_p_TCGA_b139_154_155_SNP_N_GenomeWideSNP_6_B08_808642	19	55330654	55360538	14	-0.7012
HELVE_p_TCGA_b139_154_155_SNP_N_GenomeWideSNP_6_B08_808642	19	55363524	56282369	447	0.0531
HELVE_p_TCGA_b139_154_155_SNP_N_GenomeWideSNP_6_B08_808642	19	56282535	56283067	3	1.0249
HELVE_p_TCGA_b139_154_155_SNP_N_GenomeWideSNP_6_B08_808642	19	56286293	58940420	1795	0.0369
HELVE_p_TCGA_b139_154_155_SNP_N_GenomeWideSNP_6_B08_808642	19	58940514	58944375	3	-0.9066
HELVE_p_TCGA_b139_154_155_SNP_N_GenomeWideSNP_6_B08_808642	19	58946056	59097854	52	-0.0672
HELVE_p_TCGA_b139_154_155_SNP_N_GenomeWideSNP_6_B08_808642	20	61305	139419	64	-0.2182
HELVE_p_TCGA_b139_154_155_SNP_N_GenomeWideSNP_6_B08_808642	20	139576	139745	2	1.2997
HELVE_p_TCGA_b139_154_155_SNP_N_GenomeWideSNP_6_B08_808642	20	139801	1552503	1118	-0.408
HELVE_p_TCGA_b139_154_155_SNP_N_GenomeWideSNP_6_B08_808642	20	1557190	1560999	21	-1.6746
HELVE_p_TCGA_b139_154_155_SNP_N_GenomeWideSNP_6_B08_808642	20	1561580	1598106	43	0.1343
HELVE_p_TCGA_b139_154_155_SNP_N_GenomeWideSNP_6_B08_808642	20	1598336	14899421	10043	-0.3753
HELVE_p_TCGA_b139_154_155_SNP_N_GenomeWideSNP_6_B08_808642	20	14899492	15230951	286	-0.8691
HELVE_p_TCGA_b139_154_155_SNP_N_GenomeWideSNP_6_B08_808642	20	15231634	25810321	8271	-0.38
HELVE_p_TCGA_b139_154_155_SNP_N_GenomeWideSNP_6_B08_808642	20	25828335	26057387	71	0.5568
HELVE_p_TCGA_b139_154_155_SNP_N_GenomeWideSNP_6_B08_808642	20	26069758	40359519	6113	1.127
HELVE_p_TCGA_b139_154_155_SNP_N_GenomeWideSNP_6_B08_808642	20	40360023	40360027	5	0.0165
HELVE_p_TCGA_b139_154_155_SNP_N_GenomeWideSNP_6_B08_808642	20	40360784	57046685	12576	1.1595
HELVE_p_TCGA_b139_154_155_SNP_N_GenomeWideSNP_6_B08_808642	20	57047666	58603617	1146	0.6442
HELVE_p_TCGA_b139_154_155_SNP_N_GenomeWideSNP_6_B08_808642	20	58607007	62915568	2708	1.1552
HELVE_p_TCGA_b139_154_155_SNP_N_GenomeWideSNP_6_B08_808642	20	62916068	62956153	6	-0.4532
HELVE_p_TCGA_b139_154_155_SNP_N_GenomeWideSNP_6_B08_808642	21	10736871	48096957	24390	-0.1762
HELVE_p_TCGA_b139_154_155_SNP_N_GenomeWideSNP_6_B08_808642	22	16052528	23262981	3915	-0.3505
HELVE_p_TCGA_b139_154_155_SNP_N_GenomeWideSNP_6_B08_808642	22	23263242	23263257	2	-2.3217
HELVE_p_TCGA_b139_154_155_SNP_N_GenomeWideSNP_6_B08_808642	22	23263274	39287910	11533	-0.3378
HELVE_p_TCGA_b139_154_155_SNP_N_GenomeWideSNP_6_B08_808642	22	39290920	39296904	4	-1.8365
HELVE_p_TCGA_b139_154_155_SNP_N_GenomeWideSNP_6_B08_808642	22	39299114	51234455	8080	-0.3446
HELVE_p_TCGA_b139_154_155_SNP_N_GenomeWideSNP_6_B08_808642	X	168477	47886996	29059	-0.0107
HELVE_p_TCGA_b139_154_155_SNP_N_GenomeWideSNP_6_B08_808642	X	47887126	47887528	2	4.2551
HELVE_p_TCGA_b139_154_155_SNP_N_GenomeWideSNP_6_B08_808642	X	47888860	65632146	6001	-0.0352
HELVE_p_TCGA_b139_154_155_SNP_N_GenomeWideSNP_6_B08_808642	X	65632230	65632330	2	4.4093
HELVE_p_TCGA_b139_154_155_SNP_N_GenomeWideSNP_6_B08_808642	X	65632620	155182354	49247	-0.0126
HELVE_p_TCGA_b139_154_155_SNP_N_GenomeWideSNP_6_B08_808642	Y	2650438	6135463	883	-0.436
HELVE_p_TCGA_b139_154_155_SNP_N_GenomeWideSNP_6_B08_808642	Y	6136247	6422525	116	-0.1257
HELVE_p_TCGA_b139_154_155_SNP_N_GenomeWideSNP_6_B08_808642	Y	6424299	7741320	635	-0.4502
HELVE_p_TCGA_b139_154_155_SNP_N_GenomeWideSNP_6_B08_808642	Y	7742193	7779861	26	0.0344
HELVE_p_TCGA_b139_154_155_SNP_N_GenomeWideSNP_6_B08_808642	Y	7782041	10068974	1087	0.1697
HELVE_p_TCGA_b139_154_155_SNP_N_GenomeWideSNP_6_B08_808642	Y	10069097	19585097	2923	-0.4528
HELVE_p_TCGA_b139_154_155_SNP_N_GenomeWideSNP_6_B08_808642	Y	19588398	20632211	452	-0.8273
HELVE_p_TCGA_b139_154_155_SNP_N_GenomeWideSNP_6_B08_808642	Y	20634850	59018259	2509	-1.2365
