Sample	Chromosome	Start	End	Num_Probes	Segment_Mean
FOXED_p_TCGA_b122_128_SNP_N_GenomeWideSNP_6_F10_781756	1	61735	2069681	379	-0.1534
FOXED_p_TCGA_b122_128_SNP_N_GenomeWideSNP_6_F10_781756	1	2071738	2082814	8	-1.7107
FOXED_p_TCGA_b122_128_SNP_N_GenomeWideSNP_6_F10_781756	1	2083329	6027733	2418	-0.2453
FOXED_p_TCGA_b122_128_SNP_N_GenomeWideSNP_6_F10_781756	1	6029937	6031944	2	-3.421
FOXED_p_TCGA_b122_128_SNP_N_GenomeWideSNP_6_F10_781756	1	6033868	25583341	11304	-0.1843
FOXED_p_TCGA_b122_128_SNP_N_GenomeWideSNP_6_F10_781756	1	25593128	25646946	27	-1.7038
FOXED_p_TCGA_b122_128_SNP_N_GenomeWideSNP_6_F10_781756	1	25646986	30726693	2387	-0.1762
FOXED_p_TCGA_b122_128_SNP_N_GenomeWideSNP_6_F10_781756	1	30726727	30745210	19	-0.8152
FOXED_p_TCGA_b122_128_SNP_N_GenomeWideSNP_6_F10_781756	1	30747576	50789051	11326	-0.1684
FOXED_p_TCGA_b122_128_SNP_N_GenomeWideSNP_6_F10_781756	1	50790927	50791766	3	-2.2906
FOXED_p_TCGA_b122_128_SNP_N_GenomeWideSNP_6_F10_781756	1	50794187	106000943	36052	-0.1793
FOXED_p_TCGA_b122_128_SNP_N_GenomeWideSNP_6_F10_781756	1	106001360	106024055	25	0.4773
FOXED_p_TCGA_b122_128_SNP_N_GenomeWideSNP_6_F10_781756	1	106024070	111359935	3500	-0.1851
FOXED_p_TCGA_b122_128_SNP_N_GenomeWideSNP_6_F10_781756	1	111360545	111403495	77	0.1882
FOXED_p_TCGA_b122_128_SNP_N_GenomeWideSNP_6_F10_781756	1	111403557	111928394	425	-0.1924
FOXED_p_TCGA_b122_128_SNP_N_GenomeWideSNP_6_F10_781756	1	111929137	111933231	5	-1.2973
FOXED_p_TCGA_b122_128_SNP_N_GenomeWideSNP_6_F10_781756	1	111935668	120523902	5688	-0.1789
FOXED_p_TCGA_b122_128_SNP_N_GenomeWideSNP_6_F10_781756	1	120523955	152555176	2981	0.1586
FOXED_p_TCGA_b122_128_SNP_N_GenomeWideSNP_6_F10_781756	1	152555527	152586540	34	0.9958
FOXED_p_TCGA_b122_128_SNP_N_GenomeWideSNP_6_F10_781756	1	152586576	152690825	105	0.1527
FOXED_p_TCGA_b122_128_SNP_N_GenomeWideSNP_6_F10_781756	1	152693043	152693697	3	-0.9606
FOXED_p_TCGA_b122_128_SNP_N_GenomeWideSNP_6_F10_781756	1	152694193	152759678	65	0.1508
FOXED_p_TCGA_b122_128_SNP_N_GenomeWideSNP_6_F10_781756	1	152761923	152768259	32	1.0192
FOXED_p_TCGA_b122_128_SNP_N_GenomeWideSNP_6_F10_781756	1	152768281	186178238	22575	0.1346
FOXED_p_TCGA_b122_128_SNP_N_GenomeWideSNP_6_F10_781756	1	186178545	186240862	47	-0.1541
FOXED_p_TCGA_b122_128_SNP_N_GenomeWideSNP_6_F10_781756	1	186241705	186243792	5	0.8563
FOXED_p_TCGA_b122_128_SNP_N_GenomeWideSNP_6_F10_781756	1	186247924	188584273	1512	-0.1968
FOXED_p_TCGA_b122_128_SNP_N_GenomeWideSNP_6_F10_781756	1	188587089	188736855	91	0.0655
FOXED_p_TCGA_b122_128_SNP_N_GenomeWideSNP_6_F10_781756	1	188743900	189269231	320	-0.1667
FOXED_p_TCGA_b122_128_SNP_N_GenomeWideSNP_6_F10_781756	1	189270440	189271386	2	-2.1427
FOXED_p_TCGA_b122_128_SNP_N_GenomeWideSNP_6_F10_781756	1	189276107	189648157	250	-0.1362
FOXED_p_TCGA_b122_128_SNP_N_GenomeWideSNP_6_F10_781756	1	189648483	189648527	2	-2.1993
FOXED_p_TCGA_b122_128_SNP_N_GenomeWideSNP_6_F10_781756	1	189652047	199090061	6185	-0.1794
FOXED_p_TCGA_b122_128_SNP_N_GenomeWideSNP_6_F10_781756	1	199091139	199091349	3	-1.6919
FOXED_p_TCGA_b122_128_SNP_N_GenomeWideSNP_6_F10_781756	1	199093350	199107702	23	-0.0822
FOXED_p_TCGA_b122_128_SNP_N_GenomeWideSNP_6_F10_781756	1	199111363	199113011	8	0.5847
FOXED_p_TCGA_b122_128_SNP_N_GenomeWideSNP_6_F10_781756	1	199113840	199538245	303	-0.1952
FOXED_p_TCGA_b122_128_SNP_N_GenomeWideSNP_6_F10_781756	1	199539063	199543025	4	-1.2421
FOXED_p_TCGA_b122_128_SNP_N_GenomeWideSNP_6_F10_781756	1	199544858	204692210	3496	-0.1683
FOXED_p_TCGA_b122_128_SNP_N_GenomeWideSNP_6_F10_781756	1	204693036	204694080	3	-1.6569
FOXED_p_TCGA_b122_128_SNP_N_GenomeWideSNP_6_F10_781756	1	204694686	206776967	1038	-0.1855
FOXED_p_TCGA_b122_128_SNP_N_GenomeWideSNP_6_F10_781756	1	206779328	206783307	3	-2.4719
FOXED_p_TCGA_b122_128_SNP_N_GenomeWideSNP_6_F10_781756	1	206783467	210071062	2565	-0.1759
FOXED_p_TCGA_b122_128_SNP_N_GenomeWideSNP_6_F10_781756	1	210081613	210095673	8	0.6302
FOXED_p_TCGA_b122_128_SNP_N_GenomeWideSNP_6_F10_781756	1	210098378	210777264	515	-0.1652
FOXED_p_TCGA_b122_128_SNP_N_GenomeWideSNP_6_F10_781756	1	210778333	210780547	3	-1.8508
FOXED_p_TCGA_b122_128_SNP_N_GenomeWideSNP_6_F10_781756	1	210782925	220937791	7007	-0.1813
FOXED_p_TCGA_b122_128_SNP_N_GenomeWideSNP_6_F10_781756	1	220939748	220953310	13	-1.2666
FOXED_p_TCGA_b122_128_SNP_N_GenomeWideSNP_6_F10_781756	1	220953777	225662318	3010	-0.1831
FOXED_p_TCGA_b122_128_SNP_N_GenomeWideSNP_6_F10_781756	1	225662678	225673293	12	-0.9562
FOXED_p_TCGA_b122_128_SNP_N_GenomeWideSNP_6_F10_781756	1	225673516	231925954	3971	-0.1785
FOXED_p_TCGA_b122_128_SNP_N_GenomeWideSNP_6_F10_781756	1	231926900	231948319	12	-1.1003
FOXED_p_TCGA_b122_128_SNP_N_GenomeWideSNP_6_F10_781756	1	231948646	240134702	6339	-0.1961
FOXED_p_TCGA_b122_128_SNP_N_GenomeWideSNP_6_F10_781756	1	240135772	240676115	492	-0.5328
FOXED_p_TCGA_b122_128_SNP_N_GenomeWideSNP_6_F10_781756	1	240676510	249224388	5665	-0.2018
FOXED_p_TCGA_b122_128_SNP_N_GenomeWideSNP_6_F10_781756	2	12784	18808299	14128	0.1554
FOXED_p_TCGA_b122_128_SNP_N_GenomeWideSNP_6_F10_781756	2	18812057	18917654	57	-0.2093
FOXED_p_TCGA_b122_128_SNP_N_GenomeWideSNP_6_F10_781756	2	18918871	30627654	7227	0.183
FOXED_p_TCGA_b122_128_SNP_N_GenomeWideSNP_6_F10_781756	2	30629876	30631087	2	-1.4687
FOXED_p_TCGA_b122_128_SNP_N_GenomeWideSNP_6_F10_781756	2	30631693	32691438	1192	0.176
FOXED_p_TCGA_b122_128_SNP_N_GenomeWideSNP_6_F10_781756	2	32693531	32847060	73	0.4893
FOXED_p_TCGA_b122_128_SNP_N_GenomeWideSNP_6_F10_781756	2	32848658	35967385	2327	0.173
FOXED_p_TCGA_b122_128_SNP_N_GenomeWideSNP_6_F10_781756	2	35968036	35997504	11	1.2118
FOXED_p_TCGA_b122_128_SNP_N_GenomeWideSNP_6_F10_781756	2	36000419	46489795	7842	0.1865
FOXED_p_TCGA_b122_128_SNP_N_GenomeWideSNP_6_F10_781756	2	46490132	46492272	3	-1.6216
FOXED_p_TCGA_b122_128_SNP_N_GenomeWideSNP_6_F10_781756	2	46492682	50921932	3057	0.1564
FOXED_p_TCGA_b122_128_SNP_N_GenomeWideSNP_6_F10_781756	2	50923733	50937528	8	-0.6156
FOXED_p_TCGA_b122_128_SNP_N_GenomeWideSNP_6_F10_781756	2	50938133	54482553	2558	0.1771
FOXED_p_TCGA_b122_128_SNP_N_GenomeWideSNP_6_F10_781756	2	54482942	54482964	2	-2.7573
FOXED_p_TCGA_b122_128_SNP_N_GenomeWideSNP_6_F10_781756	2	54486141	54494656	12	0.4216
FOXED_p_TCGA_b122_128_SNP_N_GenomeWideSNP_6_F10_781756	2	54495222	54514538	14	-0.4237
FOXED_p_TCGA_b122_128_SNP_N_GenomeWideSNP_6_F10_781756	2	54517221	54636520	91	0.2547
FOXED_p_TCGA_b122_128_SNP_N_GenomeWideSNP_6_F10_781756	2	54639810	54659980	15	-0.4058
FOXED_p_TCGA_b122_128_SNP_N_GenomeWideSNP_6_F10_781756	2	54660795	60595163	4141	0.1642
FOXED_p_TCGA_b122_128_SNP_N_GenomeWideSNP_6_F10_781756	2	60599100	60601376	3	-1.2909
FOXED_p_TCGA_b122_128_SNP_N_GenomeWideSNP_6_F10_781756	2	60602892	79070173	11421	0.1789
FOXED_p_TCGA_b122_128_SNP_N_GenomeWideSNP_6_F10_781756	2	79075101	79089793	8	-0.6987
FOXED_p_TCGA_b122_128_SNP_N_GenomeWideSNP_6_F10_781756	2	79090250	79105531	17	0.2161
FOXED_p_TCGA_b122_128_SNP_N_GenomeWideSNP_6_F10_781756	2	79106872	79107961	4	-0.9897
FOXED_p_TCGA_b122_128_SNP_N_GenomeWideSNP_6_F10_781756	2	79108594	79224826	93	0.2348
FOXED_p_TCGA_b122_128_SNP_N_GenomeWideSNP_6_F10_781756	2	79225545	79226137	4	-1.2045
FOXED_p_TCGA_b122_128_SNP_N_GenomeWideSNP_6_F10_781756	2	79226323	79347572	122	0.1176
FOXED_p_TCGA_b122_128_SNP_N_GenomeWideSNP_6_F10_781756	2	79347745	79349372	3	-1.618
FOXED_p_TCGA_b122_128_SNP_N_GenomeWideSNP_6_F10_781756	2	79350058	79588189	177	0.0992
FOXED_p_TCGA_b122_128_SNP_N_GenomeWideSNP_6_F10_781756	2	79589774	79589920	3	-1.9707
FOXED_p_TCGA_b122_128_SNP_N_GenomeWideSNP_6_F10_781756	2	79591277	79671224	75	0.2515
FOXED_p_TCGA_b122_128_SNP_N_GenomeWideSNP_6_F10_781756	2	79671852	79687877	9	-0.6083
FOXED_p_TCGA_b122_128_SNP_N_GenomeWideSNP_6_F10_781756	2	79689046	79896675	153	0.1136
FOXED_p_TCGA_b122_128_SNP_N_GenomeWideSNP_6_F10_781756	2	79898705	79898730	2	-2.4284
FOXED_p_TCGA_b122_128_SNP_N_GenomeWideSNP_6_F10_781756	2	79901636	80577921	591	0.143
FOXED_p_TCGA_b122_128_SNP_N_GenomeWideSNP_6_F10_781756	2	80577991	80580004	4	-1.7173
FOXED_p_TCGA_b122_128_SNP_N_GenomeWideSNP_6_F10_781756	2	80581590	88441725	4088	0.1671
FOXED_p_TCGA_b122_128_SNP_N_GenomeWideSNP_6_F10_781756	2	88443878	88444480	2	-2.7902
FOXED_p_TCGA_b122_128_SNP_N_GenomeWideSNP_6_F10_781756	2	88445815	91628496	717	0.2213
FOXED_p_TCGA_b122_128_SNP_N_GenomeWideSNP_6_F10_781756	2	91644153	91653362	4	1.1943
FOXED_p_TCGA_b122_128_SNP_N_GenomeWideSNP_6_F10_781756	2	91653946	91787788	21	0.008
FOXED_p_TCGA_b122_128_SNP_N_GenomeWideSNP_6_F10_781756	2	91788512	91790731	10	-0.3488
FOXED_p_TCGA_b122_128_SNP_N_GenomeWideSNP_6_F10_781756	2	91790748	97082218	642	0.1932
FOXED_p_TCGA_b122_128_SNP_N_GenomeWideSNP_6_F10_781756	2	97082801	97103233	8	0.7769
FOXED_p_TCGA_b122_128_SNP_N_GenomeWideSNP_6_F10_781756	2	97106451	97757509	263	0.1719
FOXED_p_TCGA_b122_128_SNP_N_GenomeWideSNP_6_F10_781756	2	97757586	98017804	72	0.4323
FOXED_p_TCGA_b122_128_SNP_N_GenomeWideSNP_6_F10_781756	2	98018864	98154265	15	-0.1654
FOXED_p_TCGA_b122_128_SNP_N_GenomeWideSNP_6_F10_781756	2	98157272	98161710	3	-1.7855
FOXED_p_TCGA_b122_128_SNP_N_GenomeWideSNP_6_F10_781756	2	98162189	189567087	55496	0.143
FOXED_p_TCGA_b122_128_SNP_N_GenomeWideSNP_6_F10_781756	2	189567771	189581417	31	0.531
FOXED_p_TCGA_b122_128_SNP_N_GenomeWideSNP_6_F10_781756	2	189581433	196057119	3697	0.1387
FOXED_p_TCGA_b122_128_SNP_N_GenomeWideSNP_6_F10_781756	2	196058724	196061096	2	-1.8763
FOXED_p_TCGA_b122_128_SNP_N_GenomeWideSNP_6_F10_781756	2	196061261	196122588	27	0.3608
FOXED_p_TCGA_b122_128_SNP_N_GenomeWideSNP_6_F10_781756	2	196124441	203303231	4153	0.132
FOXED_p_TCGA_b122_128_SNP_N_GenomeWideSNP_6_F10_781756	2	203303269	203309494	15	0.6582
FOXED_p_TCGA_b122_128_SNP_N_GenomeWideSNP_6_F10_781756	2	203309811	213158953	6163	0.1186
FOXED_p_TCGA_b122_128_SNP_N_GenomeWideSNP_6_F10_781756	2	213162168	213181322	30	0.5061
FOXED_p_TCGA_b122_128_SNP_N_GenomeWideSNP_6_F10_781756	2	213186549	213191825	25	-1.0235
FOXED_p_TCGA_b122_128_SNP_N_GenomeWideSNP_6_F10_781756	2	213192126	231239657	11802	0.1186
FOXED_p_TCGA_b122_128_SNP_N_GenomeWideSNP_6_F10_781756	2	231242199	231242263	2	-1.4596
FOXED_p_TCGA_b122_128_SNP_N_GenomeWideSNP_6_F10_781756	2	231242284	231258615	24	0.0992
FOXED_p_TCGA_b122_128_SNP_N_GenomeWideSNP_6_F10_781756	2	231265351	231266278	2	2.029
FOXED_p_TCGA_b122_128_SNP_N_GenomeWideSNP_6_F10_781756	2	231267643	231651038	211	0.1134
FOXED_p_TCGA_b122_128_SNP_N_GenomeWideSNP_6_F10_781756	2	231651491	231959314	176	-0.2071
FOXED_p_TCGA_b122_128_SNP_N_GenomeWideSNP_6_F10_781756	2	231959650	234879045	1650	0.1262
FOXED_p_TCGA_b122_128_SNP_N_GenomeWideSNP_6_F10_781756	2	234879853	234890391	5	-1.0926
FOXED_p_TCGA_b122_128_SNP_N_GenomeWideSNP_6_F10_781756	2	234890619	242934386	5071	0.1054
FOXED_p_TCGA_b122_128_SNP_N_GenomeWideSNP_6_F10_781756	2	242935533	243018079	71	-0.4769
FOXED_p_TCGA_b122_128_SNP_N_GenomeWideSNP_6_F10_781756	2	243021110	243089456	49	-0.0944
FOXED_p_TCGA_b122_128_SNP_N_GenomeWideSNP_6_F10_781756	3	60345	142682	75	-0.0684
FOXED_p_TCGA_b122_128_SNP_N_GenomeWideSNP_6_F10_781756	3	143719	180510	36	-0.6263
FOXED_p_TCGA_b122_128_SNP_N_GenomeWideSNP_6_F10_781756	3	181610	1172719	815	0.0059
FOXED_p_TCGA_b122_128_SNP_N_GenomeWideSNP_6_F10_781756	3	1175275	1175950	4	-1.7456
FOXED_p_TCGA_b122_128_SNP_N_GenomeWideSNP_6_F10_781756	3	1182313	1980025	816	-0.0974
FOXED_p_TCGA_b122_128_SNP_N_GenomeWideSNP_6_F10_781756	3	1981307	1988235	7	-1.1395
FOXED_p_TCGA_b122_128_SNP_N_GenomeWideSNP_6_F10_781756	3	1988471	4106834	1939	-0.0683
FOXED_p_TCGA_b122_128_SNP_N_GenomeWideSNP_6_F10_781756	3	4107619	4108928	4	-2.2193
FOXED_p_TCGA_b122_128_SNP_N_GenomeWideSNP_6_F10_781756	3	4110325	5120506	849	-0.0024
FOXED_p_TCGA_b122_128_SNP_N_GenomeWideSNP_6_F10_781756	3	5122629	5136564	21	-0.7768
FOXED_p_TCGA_b122_128_SNP_N_GenomeWideSNP_6_F10_781756	3	5138199	5434964	196	-0.0155
FOXED_p_TCGA_b122_128_SNP_N_GenomeWideSNP_6_F10_781756	3	5436077	5436289	2	-3.1403
FOXED_p_TCGA_b122_128_SNP_N_GenomeWideSNP_6_F10_781756	3	5440124	5667706	188	0.0082
FOXED_p_TCGA_b122_128_SNP_N_GenomeWideSNP_6_F10_781756	3	5673640	5674716	3	-2.5048
FOXED_p_TCGA_b122_128_SNP_N_GenomeWideSNP_6_F10_781756	3	5680461	24431821	13284	-0.0247
FOXED_p_TCGA_b122_128_SNP_N_GenomeWideSNP_6_F10_781756	3	24432422	24432821	2	-2.5515
FOXED_p_TCGA_b122_128_SNP_N_GenomeWideSNP_6_F10_781756	3	24446430	68732028	29565	-0.0195
FOXED_p_TCGA_b122_128_SNP_N_GenomeWideSNP_6_F10_781756	3	68746164	68747364	14	-1.2733
FOXED_p_TCGA_b122_128_SNP_N_GenomeWideSNP_6_F10_781756	3	68747413	71906151	2360	-0.0397
FOXED_p_TCGA_b122_128_SNP_N_GenomeWideSNP_6_F10_781756	3	71906516	71911074	2	-1.8324
FOXED_p_TCGA_b122_128_SNP_N_GenomeWideSNP_6_F10_781756	3	71914808	75406398	2508	-0.0411
FOXED_p_TCGA_b122_128_SNP_N_GenomeWideSNP_6_F10_781756	3	75415863	75546730	55	-0.612
FOXED_p_TCGA_b122_128_SNP_N_GenomeWideSNP_6_F10_781756	3	75548569	75999516	143	-0.0134
FOXED_p_TCGA_b122_128_SNP_N_GenomeWideSNP_6_F10_781756	3	75999755	76001133	3	-1.4022
FOXED_p_TCGA_b122_128_SNP_N_GenomeWideSNP_6_F10_781756	3	76002208	87833175	6640	-0.0296
FOXED_p_TCGA_b122_128_SNP_N_GenomeWideSNP_6_F10_781756	3	87834410	87854277	9	-1.085
FOXED_p_TCGA_b122_128_SNP_N_GenomeWideSNP_6_F10_781756	3	87855041	98692938	4067	-0.0304
FOXED_p_TCGA_b122_128_SNP_N_GenomeWideSNP_6_F10_781756	3	98699131	98701821	2	-2.2389
FOXED_p_TCGA_b122_128_SNP_N_GenomeWideSNP_6_F10_781756	3	98704633	98893510	132	-0.0184
FOXED_p_TCGA_b122_128_SNP_N_GenomeWideSNP_6_F10_781756	3	98893629	98917306	10	0.3916
FOXED_p_TCGA_b122_128_SNP_N_GenomeWideSNP_6_F10_781756	3	98919134	98944458	16	-0.1304
FOXED_p_TCGA_b122_128_SNP_N_GenomeWideSNP_6_F10_781756	3	98944476	98949421	37	0.5304
FOXED_p_TCGA_b122_128_SNP_N_GenomeWideSNP_6_F10_781756	3	98950964	104544658	3282	0.0068
FOXED_p_TCGA_b122_128_SNP_N_GenomeWideSNP_6_F10_781756	3	104545336	104545791	2	-2.1815
FOXED_p_TCGA_b122_128_SNP_N_GenomeWideSNP_6_F10_781756	3	104548837	118719979	8982	-0.0327
FOXED_p_TCGA_b122_128_SNP_N_GenomeWideSNP_6_F10_781756	3	118733110	118825883	45	0.9707
FOXED_p_TCGA_b122_128_SNP_N_GenomeWideSNP_6_F10_781756	3	118834142	162503292	26737	-0.0206
FOXED_p_TCGA_b122_128_SNP_N_GenomeWideSNP_6_F10_781756	3	162504295	162623897	74	0.4636
FOXED_p_TCGA_b122_128_SNP_N_GenomeWideSNP_6_F10_781756	3	162625980	162626603	4	-2.3607
FOXED_p_TCGA_b122_128_SNP_N_GenomeWideSNP_6_F10_781756	3	162628614	162714517	70	0.1821
FOXED_p_TCGA_b122_128_SNP_N_GenomeWideSNP_6_F10_781756	3	162717727	162719562	2	-2.5765
FOXED_p_TCGA_b122_128_SNP_N_GenomeWideSNP_6_F10_781756	3	162726159	165059374	1268	-0.0383
FOXED_p_TCGA_b122_128_SNP_N_GenomeWideSNP_6_F10_781756	3	165059385	165088522	41	0.4203
FOXED_p_TCGA_b122_128_SNP_N_GenomeWideSNP_6_F10_781756	3	165093633	169348003	2526	0.0016
FOXED_p_TCGA_b122_128_SNP_N_GenomeWideSNP_6_F10_781756	3	169348944	169352825	5	-1.7949
FOXED_p_TCGA_b122_128_SNP_N_GenomeWideSNP_6_F10_781756	3	169353852	192877902	15260	-0.0178
FOXED_p_TCGA_b122_128_SNP_N_GenomeWideSNP_6_F10_781756	3	192877962	192886458	21	-1.1548
FOXED_p_TCGA_b122_128_SNP_N_GenomeWideSNP_6_F10_781756	3	192886503	193134385	174	-0.0068
FOXED_p_TCGA_b122_128_SNP_N_GenomeWideSNP_6_F10_781756	3	193143294	193144375	10	0.541
FOXED_p_TCGA_b122_128_SNP_N_GenomeWideSNP_6_F10_781756	3	193144406	193573931	278	-0.0122
FOXED_p_TCGA_b122_128_SNP_N_GenomeWideSNP_6_F10_781756	3	193578961	193579657	3	-1.7562
FOXED_p_TCGA_b122_128_SNP_N_GenomeWideSNP_6_F10_781756	3	193580386	195462316	1058	-0.008
FOXED_p_TCGA_b122_128_SNP_N_GenomeWideSNP_6_F10_781756	3	195464094	195464866	5	1.3392
FOXED_p_TCGA_b122_128_SNP_N_GenomeWideSNP_6_F10_781756	3	195473796	197896118	1173	0.0514
FOXED_p_TCGA_b122_128_SNP_N_GenomeWideSNP_6_F10_781756	4	12281	10223416	5786	-0.2235
FOXED_p_TCGA_b122_128_SNP_N_GenomeWideSNP_6_F10_781756	4	10223628	10236142	35	-1.4847
FOXED_p_TCGA_b122_128_SNP_N_GenomeWideSNP_6_F10_781756	4	10238436	38457826	19597	-0.205
FOXED_p_TCGA_b122_128_SNP_N_GenomeWideSNP_6_F10_781756	4	38460302	38624629	121	-0.6922
FOXED_p_TCGA_b122_128_SNP_N_GenomeWideSNP_6_F10_781756	4	38624750	48479718	5997	-0.1995
FOXED_p_TCGA_b122_128_SNP_N_GenomeWideSNP_6_F10_781756	4	48482588	52686183	290	0.089
FOXED_p_TCGA_b122_128_SNP_N_GenomeWideSNP_6_F10_781756	4	52689115	64693940	7552	-0.2106
FOXED_p_TCGA_b122_128_SNP_N_GenomeWideSNP_6_F10_781756	4	64697469	64707754	23	-0.9769
FOXED_p_TCGA_b122_128_SNP_N_GenomeWideSNP_6_F10_781756	4	64707817	64708258	5	-3.5337
FOXED_p_TCGA_b122_128_SNP_N_GenomeWideSNP_6_F10_781756	4	64716431	65824034	669	-0.2079
FOXED_p_TCGA_b122_128_SNP_N_GenomeWideSNP_6_F10_781756	4	65824158	65837085	25	0.2925
FOXED_p_TCGA_b122_128_SNP_N_GenomeWideSNP_6_F10_781756	4	65839866	68877576	1962	-0.2247
FOXED_p_TCGA_b122_128_SNP_N_GenomeWideSNP_6_F10_781756	4	68889388	68910928	15	0.3486
FOXED_p_TCGA_b122_128_SNP_N_GenomeWideSNP_6_F10_781756	4	68911072	69260073	188	-0.1341
FOXED_p_TCGA_b122_128_SNP_N_GenomeWideSNP_6_F10_781756	4	69260551	69372003	23	0.3899
FOXED_p_TCGA_b122_128_SNP_N_GenomeWideSNP_6_F10_781756	4	69374941	69485979	65	-1.7037
FOXED_p_TCGA_b122_128_SNP_N_GenomeWideSNP_6_F10_781756	4	69489335	96396788	16463	-0.1909
FOXED_p_TCGA_b122_128_SNP_N_GenomeWideSNP_6_F10_781756	4	96398364	96399606	3	-2.041
FOXED_p_TCGA_b122_128_SNP_N_GenomeWideSNP_6_F10_781756	4	96400514	108050955	6786	-0.1974
FOXED_p_TCGA_b122_128_SNP_N_GenomeWideSNP_6_F10_781756	4	108051326	108076023	36	0.3861
FOXED_p_TCGA_b122_128_SNP_N_GenomeWideSNP_6_F10_781756	4	108076124	112348343	2600	-0.2158
FOXED_p_TCGA_b122_128_SNP_N_GenomeWideSNP_6_F10_781756	4	112348362	112387605	38	0.2662
FOXED_p_TCGA_b122_128_SNP_N_GenomeWideSNP_6_F10_781756	4	112390469	115173656	1770	-0.1962
FOXED_p_TCGA_b122_128_SNP_N_GenomeWideSNP_6_F10_781756	4	115173700	115184229	25	0.6613
FOXED_p_TCGA_b122_128_SNP_N_GenomeWideSNP_6_F10_781756	4	115184252	127630276	7485	-0.2047
FOXED_p_TCGA_b122_128_SNP_N_GenomeWideSNP_6_F10_781756	4	127631088	127632219	2	-2.341
FOXED_p_TCGA_b122_128_SNP_N_GenomeWideSNP_6_F10_781756	4	127639157	127690907	44	-0.2249
FOXED_p_TCGA_b122_128_SNP_N_GenomeWideSNP_6_F10_781756	4	127693768	127775183	50	0.116
FOXED_p_TCGA_b122_128_SNP_N_GenomeWideSNP_6_F10_781756	4	127775563	128853347	547	-0.2068
FOXED_p_TCGA_b122_128_SNP_N_GenomeWideSNP_6_F10_781756	4	128860222	137939056	5003	0.2583
FOXED_p_TCGA_b122_128_SNP_N_GenomeWideSNP_6_F10_781756	4	137939179	137949128	21	0.865
FOXED_p_TCGA_b122_128_SNP_N_GenomeWideSNP_6_F10_781756	4	137949200	138179445	192	0.3079
FOXED_p_TCGA_b122_128_SNP_N_GenomeWideSNP_6_F10_781756	4	138182433	138183236	19	0.7769
FOXED_p_TCGA_b122_128_SNP_N_GenomeWideSNP_6_F10_781756	4	138183251	143800016	3738	0.2665
FOXED_p_TCGA_b122_128_SNP_N_GenomeWideSNP_6_F10_781756	4	143800103	143800814	8	0.9617
FOXED_p_TCGA_b122_128_SNP_N_GenomeWideSNP_6_F10_781756	4	143800957	145486393	985	0.2907
FOXED_p_TCGA_b122_128_SNP_N_GenomeWideSNP_6_F10_781756	4	145487955	145492003	2	-1.4632
FOXED_p_TCGA_b122_128_SNP_N_GenomeWideSNP_6_F10_781756	4	145497302	168795679	14318	0.1648
FOXED_p_TCGA_b122_128_SNP_N_GenomeWideSNP_6_F10_781756	4	168795893	168828989	47	0.4294
FOXED_p_TCGA_b122_128_SNP_N_GenomeWideSNP_6_F10_781756	4	168829106	168841223	17	-0.3147
FOXED_p_TCGA_b122_128_SNP_N_GenomeWideSNP_6_F10_781756	4	168842499	171615829	1766	0.0725
FOXED_p_TCGA_b122_128_SNP_N_GenomeWideSNP_6_F10_781756	4	171618684	171619507	3	-1.8268
FOXED_p_TCGA_b122_128_SNP_N_GenomeWideSNP_6_F10_781756	4	171620090	172136782	293	0.0383
FOXED_p_TCGA_b122_128_SNP_N_GenomeWideSNP_6_F10_781756	4	172137153	172186360	40	-0.3584
FOXED_p_TCGA_b122_128_SNP_N_GenomeWideSNP_6_F10_781756	4	172192051	172369346	151	0.0927
FOXED_p_TCGA_b122_128_SNP_N_GenomeWideSNP_6_F10_781756	4	172374884	172377710	10	-0.5843
FOXED_p_TCGA_b122_128_SNP_N_GenomeWideSNP_6_F10_781756	4	172377724	173412230	629	0.0875
FOXED_p_TCGA_b122_128_SNP_N_GenomeWideSNP_6_F10_781756	4	173412927	173412991	2	-1.5632
FOXED_p_TCGA_b122_128_SNP_N_GenomeWideSNP_6_F10_781756	4	173413897	177174017	2169	0.0783
FOXED_p_TCGA_b122_128_SNP_N_GenomeWideSNP_6_F10_781756	4	177179733	178587838	928	-0.5905
FOXED_p_TCGA_b122_128_SNP_N_GenomeWideSNP_6_F10_781756	4	178596531	178609713	42	-0.1502
FOXED_p_TCGA_b122_128_SNP_N_GenomeWideSNP_6_F10_781756	4	178612025	179247585	410	-0.5704
FOXED_p_TCGA_b122_128_SNP_N_GenomeWideSNP_6_F10_781756	4	179248516	179488158	178	-1.0166
FOXED_p_TCGA_b122_128_SNP_N_GenomeWideSNP_6_F10_781756	4	179488838	179536770	42	-0.5668
FOXED_p_TCGA_b122_128_SNP_N_GenomeWideSNP_6_F10_781756	4	179536869	179537010	2	-7.4436
FOXED_p_TCGA_b122_128_SNP_N_GenomeWideSNP_6_F10_781756	4	179539412	187079183	5455	-0.5744
FOXED_p_TCGA_b122_128_SNP_N_GenomeWideSNP_6_F10_781756	4	187079384	187080046	2	-4.5883
FOXED_p_TCGA_b122_128_SNP_N_GenomeWideSNP_6_F10_781756	4	187080317	191027923	2590	-0.5075
FOXED_p_TCGA_b122_128_SNP_N_GenomeWideSNP_6_F10_781756	5	15532	685748	305	0.1722
FOXED_p_TCGA_b122_128_SNP_N_GenomeWideSNP_6_F10_781756	5	698371	779860	30	1.41
FOXED_p_TCGA_b122_128_SNP_N_GenomeWideSNP_6_F10_781756	5	779881	809806	13	0.7123
FOXED_p_TCGA_b122_128_SNP_N_GenomeWideSNP_6_F10_781756	5	817850	3091372	1696	0.0924
FOXED_p_TCGA_b122_128_SNP_N_GenomeWideSNP_6_F10_781756	5	3091466	3097191	9	-0.8161
FOXED_p_TCGA_b122_128_SNP_N_GenomeWideSNP_6_F10_781756	5	3097411	17341165	11236	0.0778
FOXED_p_TCGA_b122_128_SNP_N_GenomeWideSNP_6_F10_781756	5	17341647	17345088	4	-1.1966
FOXED_p_TCGA_b122_128_SNP_N_GenomeWideSNP_6_F10_781756	5	17347706	20436896	1854	0.1189
FOXED_p_TCGA_b122_128_SNP_N_GenomeWideSNP_6_F10_781756	5	20436974	20440319	16	0.6921
FOXED_p_TCGA_b122_128_SNP_N_GenomeWideSNP_6_F10_781756	5	20440339	21451277	601	0.1454
FOXED_p_TCGA_b122_128_SNP_N_GenomeWideSNP_6_F10_781756	5	21451964	21451998	2	-3.0092
FOXED_p_TCGA_b122_128_SNP_N_GenomeWideSNP_6_F10_781756	5	21452438	24560193	1774	0.0762
FOXED_p_TCGA_b122_128_SNP_N_GenomeWideSNP_6_F10_781756	5	24560211	24577169	14	0.6048
FOXED_p_TCGA_b122_128_SNP_N_GenomeWideSNP_6_F10_781756	5	24577369	24778106	129	0.0865
FOXED_p_TCGA_b122_128_SNP_N_GenomeWideSNP_6_F10_781756	5	24778376	24781710	13	0.5763
FOXED_p_TCGA_b122_128_SNP_N_GenomeWideSNP_6_F10_781756	5	24781748	25974120	726	0.1236
FOXED_p_TCGA_b122_128_SNP_N_GenomeWideSNP_6_F10_781756	5	25974504	25976052	3	-0.7877
FOXED_p_TCGA_b122_128_SNP_N_GenomeWideSNP_6_F10_781756	5	25976262	27525907	899	0.1012
FOXED_p_TCGA_b122_128_SNP_N_GenomeWideSNP_6_F10_781756	5	27525916	27526020	7	1.089
FOXED_p_TCGA_b122_128_SNP_N_GenomeWideSNP_6_F10_781756	5	27527479	28635825	616	0.14
FOXED_p_TCGA_b122_128_SNP_N_GenomeWideSNP_6_F10_781756	5	28635875	28706746	49	0.4408
FOXED_p_TCGA_b122_128_SNP_N_GenomeWideSNP_6_F10_781756	5	28707557	29077647	235	0.1052
FOXED_p_TCGA_b122_128_SNP_N_GenomeWideSNP_6_F10_781756	5	29077782	29084160	14	-0.525
FOXED_p_TCGA_b122_128_SNP_N_GenomeWideSNP_6_F10_781756	5	29084941	34539637	3656	0.1214
FOXED_p_TCGA_b122_128_SNP_N_GenomeWideSNP_6_F10_781756	5	34539677	34540487	3	-1.8776
FOXED_p_TCGA_b122_128_SNP_N_GenomeWideSNP_6_F10_781756	5	34545200	36070109	1095	0.1496
FOXED_p_TCGA_b122_128_SNP_N_GenomeWideSNP_6_F10_781756	5	36071497	36071597	3	-1.2883
FOXED_p_TCGA_b122_128_SNP_N_GenomeWideSNP_6_F10_781756	5	36071994	46062129	5745	0.1292
FOXED_p_TCGA_b122_128_SNP_N_GenomeWideSNP_6_F10_781756	5	46096887	46099780	7	-0.7903
FOXED_p_TCGA_b122_128_SNP_N_GenomeWideSNP_6_F10_781756	5	46101857	46191884	18	0.4102
FOXED_p_TCGA_b122_128_SNP_N_GenomeWideSNP_6_F10_781756	5	46195883	46199435	4	1.4561
FOXED_p_TCGA_b122_128_SNP_N_GenomeWideSNP_6_F10_781756	5	46209299	46246660	12	0.4418
FOXED_p_TCGA_b122_128_SNP_N_GenomeWideSNP_6_F10_781756	5	46251306	46273502	9	-1.7188
FOXED_p_TCGA_b122_128_SNP_N_GenomeWideSNP_6_F10_781756	5	46278212	101603781	30670	-0.3174
FOXED_p_TCGA_b122_128_SNP_N_GenomeWideSNP_6_F10_781756	5	101606893	112516917	7015	-0.771
FOXED_p_TCGA_b122_128_SNP_N_GenomeWideSNP_6_F10_781756	5	112517435	112518066	2	-4.3358
FOXED_p_TCGA_b122_128_SNP_N_GenomeWideSNP_6_F10_781756	5	112518340	112943365	270	-0.8022
FOXED_p_TCGA_b122_128_SNP_N_GenomeWideSNP_6_F10_781756	5	112944083	147673733	21957	-0.3186
FOXED_p_TCGA_b122_128_SNP_N_GenomeWideSNP_6_F10_781756	5	147677460	147678423	3	-3.0379
FOXED_p_TCGA_b122_128_SNP_N_GenomeWideSNP_6_F10_781756	5	147678849	173202507	17698	-0.3433
FOXED_p_TCGA_b122_128_SNP_N_GenomeWideSNP_6_F10_781756	5	173205058	173206216	7	-2.9725
FOXED_p_TCGA_b122_128_SNP_N_GenomeWideSNP_6_F10_781756	5	173206371	177891132	2702	-0.3341
FOXED_p_TCGA_b122_128_SNP_N_GenomeWideSNP_6_F10_781756	5	177892347	177892956	2	-3.2789
FOXED_p_TCGA_b122_128_SNP_N_GenomeWideSNP_6_F10_781756	5	177893881	178107822	141	-0.3633
FOXED_p_TCGA_b122_128_SNP_N_GenomeWideSNP_6_F10_781756	5	178109975	178113163	3	-2.6522
FOXED_p_TCGA_b122_128_SNP_N_GenomeWideSNP_6_F10_781756	5	178118855	180790320	1549	-0.3775
FOXED_p_TCGA_b122_128_SNP_N_GenomeWideSNP_6_F10_781756	6	149661	204689	35	0.54
FOXED_p_TCGA_b122_128_SNP_N_GenomeWideSNP_6_F10_781756	6	204909	215423	10	-0.3109
FOXED_p_TCGA_b122_128_SNP_N_GenomeWideSNP_6_F10_781756	6	217201	381149	156	0.4328
FOXED_p_TCGA_b122_128_SNP_N_GenomeWideSNP_6_F10_781756	6	382559	385056	6	-0.8972
FOXED_p_TCGA_b122_128_SNP_N_GenomeWideSNP_6_F10_781756	6	385687	886884	423	0.3263
FOXED_p_TCGA_b122_128_SNP_N_GenomeWideSNP_6_F10_781756	6	887482	892309	9	-0.5475
FOXED_p_TCGA_b122_128_SNP_N_GenomeWideSNP_6_F10_781756	6	893508	3406865	2027	0.3181
FOXED_p_TCGA_b122_128_SNP_N_GenomeWideSNP_6_F10_781756	6	3407646	3434242	28	-0.1263
FOXED_p_TCGA_b122_128_SNP_N_GenomeWideSNP_6_F10_781756	6	3438426	4379912	785	0.3151
FOXED_p_TCGA_b122_128_SNP_N_GenomeWideSNP_6_F10_781756	6	4380902	4396867	10	-0.489
FOXED_p_TCGA_b122_128_SNP_N_GenomeWideSNP_6_F10_781756	6	4397059	4448328	53	0.4446
FOXED_p_TCGA_b122_128_SNP_N_GenomeWideSNP_6_F10_781756	6	4448377	4478596	37	0.0048
FOXED_p_TCGA_b122_128_SNP_N_GenomeWideSNP_6_F10_781756	6	4479146	5583525	918	0.2989
FOXED_p_TCGA_b122_128_SNP_N_GenomeWideSNP_6_F10_781756	6	5587549	5592246	5	-0.7824
FOXED_p_TCGA_b122_128_SNP_N_GenomeWideSNP_6_F10_781756	6	5593965	16375252	8262	0.3072
FOXED_p_TCGA_b122_128_SNP_N_GenomeWideSNP_6_F10_781756	6	16376624	16377613	3	-0.963
FOXED_p_TCGA_b122_128_SNP_N_GenomeWideSNP_6_F10_781756	6	16380887	18334330	1435	0.3016
FOXED_p_TCGA_b122_128_SNP_N_GenomeWideSNP_6_F10_781756	6	18334419	18340006	9	0.8081
FOXED_p_TCGA_b122_128_SNP_N_GenomeWideSNP_6_F10_781756	6	18340287	19943251	1267	0.3028
FOXED_p_TCGA_b122_128_SNP_N_GenomeWideSNP_6_F10_781756	6	19945073	19949649	7	0.9782
FOXED_p_TCGA_b122_128_SNP_N_GenomeWideSNP_6_F10_781756	6	19953900	25503418	4018	0.3136
FOXED_p_TCGA_b122_128_SNP_N_GenomeWideSNP_6_F10_781756	6	25503735	25504562	2	-1.0045
FOXED_p_TCGA_b122_128_SNP_N_GenomeWideSNP_6_F10_781756	6	25506072	25537009	18	0.2678
FOXED_p_TCGA_b122_128_SNP_N_GenomeWideSNP_6_F10_781756	6	25540927	25604654	47	0.624
FOXED_p_TCGA_b122_128_SNP_N_GenomeWideSNP_6_F10_781756	6	25604715	25606181	4	-1.2057
FOXED_p_TCGA_b122_128_SNP_N_GenomeWideSNP_6_F10_781756	6	25607571	27628393	1103	0.2916
FOXED_p_TCGA_b122_128_SNP_N_GenomeWideSNP_6_F10_781756	6	27632544	27667593	20	0.9145
FOXED_p_TCGA_b122_128_SNP_N_GenomeWideSNP_6_F10_781756	6	27667608	29837072	1050	0.2589
FOXED_p_TCGA_b122_128_SNP_N_GenomeWideSNP_6_F10_781756	6	29837187	29850380	20	1.3215
FOXED_p_TCGA_b122_128_SNP_N_GenomeWideSNP_6_F10_781756	6	29871636	29901576	17	0.6061
FOXED_p_TCGA_b122_128_SNP_N_GenomeWideSNP_6_F10_781756	6	29908469	31113214	531	0.2707
FOXED_p_TCGA_b122_128_SNP_N_GenomeWideSNP_6_F10_781756	6	31114335	31117022	6	-0.934
FOXED_p_TCGA_b122_128_SNP_N_GenomeWideSNP_6_F10_781756	6	31117188	32624591	699	0.2221
FOXED_p_TCGA_b122_128_SNP_N_GenomeWideSNP_6_F10_781756	6	32625095	32626618	4	-1.3225
FOXED_p_TCGA_b122_128_SNP_N_GenomeWideSNP_6_F10_781756	6	32650612	44898770	7784	0.313
FOXED_p_TCGA_b122_128_SNP_N_GenomeWideSNP_6_F10_781756	6	44899399	44917811	13	0.8565
FOXED_p_TCGA_b122_128_SNP_N_GenomeWideSNP_6_F10_781756	6	44919284	53931151	5947	0.3238
FOXED_p_TCGA_b122_128_SNP_N_GenomeWideSNP_6_F10_781756	6	53931230	53931855	6	1.526
FOXED_p_TCGA_b122_128_SNP_N_GenomeWideSNP_6_F10_781756	6	53935348	58398712	2402	0.3206
FOXED_p_TCGA_b122_128_SNP_N_GenomeWideSNP_6_F10_781756	6	58399024	62004928	200	0.5138
FOXED_p_TCGA_b122_128_SNP_N_GenomeWideSNP_6_F10_781756	6	62009262	62037752	22	0.278
FOXED_p_TCGA_b122_128_SNP_N_GenomeWideSNP_6_F10_781756	6	62040528	62040564	2	-1.4996
FOXED_p_TCGA_b122_128_SNP_N_GenomeWideSNP_6_F10_781756	6	62042253	62113482	35	0.3146
FOXED_p_TCGA_b122_128_SNP_N_GenomeWideSNP_6_F10_781756	6	62118683	62206374	4	-0.5594
FOXED_p_TCGA_b122_128_SNP_N_GenomeWideSNP_6_F10_781756	6	62206611	62240643	10	-0.036
FOXED_p_TCGA_b122_128_SNP_N_GenomeWideSNP_6_F10_781756	6	62240755	65829092	2006	0.3123
FOXED_p_TCGA_b122_128_SNP_N_GenomeWideSNP_6_F10_781756	6	65829390	65830854	3	-2.0251
FOXED_p_TCGA_b122_128_SNP_N_GenomeWideSNP_6_F10_781756	6	65831567	74591858	5838	0.2826
FOXED_p_TCGA_b122_128_SNP_N_GenomeWideSNP_6_F10_781756	6	74592225	74601410	10	1.4259
FOXED_p_TCGA_b122_128_SNP_N_GenomeWideSNP_6_F10_781756	6	74603555	75533452	610	0.2825
FOXED_p_TCGA_b122_128_SNP_N_GenomeWideSNP_6_F10_781756	6	75533465	75534396	5	1.041
FOXED_p_TCGA_b122_128_SNP_N_GenomeWideSNP_6_F10_781756	6	75534581	77013853	854	0.2811
FOXED_p_TCGA_b122_128_SNP_N_GenomeWideSNP_6_F10_781756	6	77014509	77024376	20	-0.1971
FOXED_p_TCGA_b122_128_SNP_N_GenomeWideSNP_6_F10_781756	6	77024473	77440048	283	0.2741
FOXED_p_TCGA_b122_128_SNP_N_GenomeWideSNP_6_F10_781756	6	77440094	77452757	19	0.7673
FOXED_p_TCGA_b122_128_SNP_N_GenomeWideSNP_6_F10_781756	6	77461073	78356011	604	0.2768
FOXED_p_TCGA_b122_128_SNP_N_GenomeWideSNP_6_F10_781756	6	78356107	78356239	2	-0.9
FOXED_p_TCGA_b122_128_SNP_N_GenomeWideSNP_6_F10_781756	6	78357775	78906227	321	0.2823
FOXED_p_TCGA_b122_128_SNP_N_GenomeWideSNP_6_F10_781756	6	78906512	78911699	4	-0.7023
FOXED_p_TCGA_b122_128_SNP_N_GenomeWideSNP_6_F10_781756	6	78911846	78962889	49	0.4688
FOXED_p_TCGA_b122_128_SNP_N_GenomeWideSNP_6_F10_781756	6	78969065	79051952	124	-0.1362
FOXED_p_TCGA_b122_128_SNP_N_GenomeWideSNP_6_F10_781756	6	79052613	80127546	637	0.3089
FOXED_p_TCGA_b122_128_SNP_N_GenomeWideSNP_6_F10_781756	6	80129933	80130929	4	-0.7181
FOXED_p_TCGA_b122_128_SNP_N_GenomeWideSNP_6_F10_781756	6	80131110	80328700	143	0.3268
FOXED_p_TCGA_b122_128_SNP_N_GenomeWideSNP_6_F10_781756	6	80329615	80330525	2	-1.3887
FOXED_p_TCGA_b122_128_SNP_N_GenomeWideSNP_6_F10_781756	6	80332105	81277987	635	0.3324
FOXED_p_TCGA_b122_128_SNP_N_GenomeWideSNP_6_F10_781756	6	81284189	81289534	33	-0.3656
FOXED_p_TCGA_b122_128_SNP_N_GenomeWideSNP_6_F10_781756	6	81294341	95090000	8846	0.2958
FOXED_p_TCGA_b122_128_SNP_N_GenomeWideSNP_6_F10_781756	6	95090547	95091184	6	-1.0031
FOXED_p_TCGA_b122_128_SNP_N_GenomeWideSNP_6_F10_781756	6	95091659	101157505	3652	0.2908
FOXED_p_TCGA_b122_128_SNP_N_GenomeWideSNP_6_F10_781756	6	101161228	101225291	40	0.5562
FOXED_p_TCGA_b122_128_SNP_N_GenomeWideSNP_6_F10_781756	6	101227271	117552883	10058	0.2896
FOXED_p_TCGA_b122_128_SNP_N_GenomeWideSNP_6_F10_781756	6	117553314	117554426	3	-0.906
FOXED_p_TCGA_b122_128_SNP_N_GenomeWideSNP_6_F10_781756	6	117555512	119037672	931	0.2726
FOXED_p_TCGA_b122_128_SNP_N_GenomeWideSNP_6_F10_781756	6	119039118	119050171	8	-0.532
FOXED_p_TCGA_b122_128_SNP_N_GenomeWideSNP_6_F10_781756	6	119050523	121779126	1596	0.2199
FOXED_p_TCGA_b122_128_SNP_N_GenomeWideSNP_6_F10_781756	6	121779646	121780762	2	-2.1682
FOXED_p_TCGA_b122_128_SNP_N_GenomeWideSNP_6_F10_781756	6	121782813	124275231	1511	0.2424
FOXED_p_TCGA_b122_128_SNP_N_GenomeWideSNP_6_F10_781756	6	124275316	124292360	12	-0.3158
FOXED_p_TCGA_b122_128_SNP_N_GenomeWideSNP_6_F10_781756	6	124292594	124332312	44	0.3903
FOXED_p_TCGA_b122_128_SNP_N_GenomeWideSNP_6_F10_781756	6	124332506	124333774	2	-0.8653
FOXED_p_TCGA_b122_128_SNP_N_GenomeWideSNP_6_F10_781756	6	124336763	126177444	1271	0.255
FOXED_p_TCGA_b122_128_SNP_N_GenomeWideSNP_6_F10_781756	6	126178133	126189686	10	0.8075
FOXED_p_TCGA_b122_128_SNP_N_GenomeWideSNP_6_F10_781756	6	126191733	134266268	5180	0.2681
FOXED_p_TCGA_b122_128_SNP_N_GenomeWideSNP_6_F10_781756	6	134269071	134269632	2	-2.0939
FOXED_p_TCGA_b122_128_SNP_N_GenomeWideSNP_6_F10_781756	6	134272072	146638981	7904	0.2644
FOXED_p_TCGA_b122_128_SNP_N_GenomeWideSNP_6_F10_781756	6	146639843	146644192	5	1.1236
FOXED_p_TCGA_b122_128_SNP_N_GenomeWideSNP_6_F10_781756	6	146646974	160636362	9653	0.2609
FOXED_p_TCGA_b122_128_SNP_N_GenomeWideSNP_6_F10_781756	6	160637192	160642528	3	-0.9937
FOXED_p_TCGA_b122_128_SNP_N_GenomeWideSNP_6_F10_781756	6	160643328	161029728	303	0.2702
FOXED_p_TCGA_b122_128_SNP_N_GenomeWideSNP_6_F10_781756	6	161030005	161030338	2	-0.8174
FOXED_p_TCGA_b122_128_SNP_N_GenomeWideSNP_6_F10_781756	6	161030658	161032719	17	0.458
FOXED_p_TCGA_b122_128_SNP_N_GenomeWideSNP_6_F10_781756	6	161032747	161033283	4	-0.6708
FOXED_p_TCGA_b122_128_SNP_N_GenomeWideSNP_6_F10_781756	6	161068042	171051005	7260	0.224
FOXED_p_TCGA_b122_128_SNP_N_GenomeWideSNP_6_F10_781756	7	43355	8839710	5092	0.1329
FOXED_p_TCGA_b122_128_SNP_N_GenomeWideSNP_6_F10_781756	7	8840299	8881035	48	0.5412
FOXED_p_TCGA_b122_128_SNP_N_GenomeWideSNP_6_F10_781756	7	8884077	9018291	135	0.2402
FOXED_p_TCGA_b122_128_SNP_N_GenomeWideSNP_6_F10_781756	7	9019073	9073105	54	-0.2505
FOXED_p_TCGA_b122_128_SNP_N_GenomeWideSNP_6_F10_781756	7	9075294	9120874	45	0.4933
FOXED_p_TCGA_b122_128_SNP_N_GenomeWideSNP_6_F10_781756	7	9124486	9215547	76	0.116
FOXED_p_TCGA_b122_128_SNP_N_GenomeWideSNP_6_F10_781756	7	9222669	9226970	7	-1.0557
FOXED_p_TCGA_b122_128_SNP_N_GenomeWideSNP_6_F10_781756	7	9227852	11766612	1995	0.1474
FOXED_p_TCGA_b122_128_SNP_N_GenomeWideSNP_6_F10_781756	7	11772783	11773517	4	-1.4679
FOXED_p_TCGA_b122_128_SNP_N_GenomeWideSNP_6_F10_781756	7	11774241	17731409	4834	0.164
FOXED_p_TCGA_b122_128_SNP_N_GenomeWideSNP_6_F10_781756	7	17732490	17732579	2	-1.975
FOXED_p_TCGA_b122_128_SNP_N_GenomeWideSNP_6_F10_781756	7	17733754	18911415	868	0.1304
FOXED_p_TCGA_b122_128_SNP_N_GenomeWideSNP_6_F10_781756	7	18911957	18918559	14	-0.5511
FOXED_p_TCGA_b122_128_SNP_N_GenomeWideSNP_6_F10_781756	7	18919896	33375109	10755	0.1454
FOXED_p_TCGA_b122_128_SNP_N_GenomeWideSNP_6_F10_781756	7	33375687	33830585	318	-0.1465
FOXED_p_TCGA_b122_128_SNP_N_GenomeWideSNP_6_F10_781756	7	33838889	35094194	809	0.1339
FOXED_p_TCGA_b122_128_SNP_N_GenomeWideSNP_6_F10_781756	7	35095245	35098915	2	-3.6917
FOXED_p_TCGA_b122_128_SNP_N_GenomeWideSNP_6_F10_781756	7	35099893	38387443	2480	0.139
FOXED_p_TCGA_b122_128_SNP_N_GenomeWideSNP_6_F10_781756	7	38391365	38398047	5	-1.5775
FOXED_p_TCGA_b122_128_SNP_N_GenomeWideSNP_6_F10_781756	7	38400957	43266146	3294	0.1072
FOXED_p_TCGA_b122_128_SNP_N_GenomeWideSNP_6_F10_781756	7	43266557	43268689	4	-0.9649
FOXED_p_TCGA_b122_128_SNP_N_GenomeWideSNP_6_F10_781756	7	43270950	54366489	7699	0.1287
FOXED_p_TCGA_b122_128_SNP_N_GenomeWideSNP_6_F10_781756	7	54366714	54386517	13	0.8674
FOXED_p_TCGA_b122_128_SNP_N_GenomeWideSNP_6_F10_781756	7	54393488	54925640	399	0.1333
FOXED_p_TCGA_b122_128_SNP_N_GenomeWideSNP_6_F10_781756	7	54926397	54926606	2	-1.6927
FOXED_p_TCGA_b122_128_SNP_N_GenomeWideSNP_6_F10_781756	7	54928214	56761500	1169	0.1249
FOXED_p_TCGA_b122_128_SNP_N_GenomeWideSNP_6_F10_781756	7	56762113	56768814	3	-2.3407
FOXED_p_TCGA_b122_128_SNP_N_GenomeWideSNP_6_F10_781756	7	56772166	76495261	7099	0.1377
FOXED_p_TCGA_b122_128_SNP_N_GenomeWideSNP_6_F10_781756	7	76495797	76513172	32	-0.2988
FOXED_p_TCGA_b122_128_SNP_N_GenomeWideSNP_6_F10_781756	7	76513730	89707158	8537	0.1427
FOXED_p_TCGA_b122_128_SNP_N_GenomeWideSNP_6_F10_781756	7	89711525	89711822	3	-1.5869
FOXED_p_TCGA_b122_128_SNP_N_GenomeWideSNP_6_F10_781756	7	89715252	109440923	11587	0.1342
FOXED_p_TCGA_b122_128_SNP_N_GenomeWideSNP_6_F10_781756	7	109441212	109453910	12	-2.0494
FOXED_p_TCGA_b122_128_SNP_N_GenomeWideSNP_6_F10_781756	7	109453982	110032926	381	0.1351
FOXED_p_TCGA_b122_128_SNP_N_GenomeWideSNP_6_F10_781756	7	110036353	110036898	5	-0.8623
FOXED_p_TCGA_b122_128_SNP_N_GenomeWideSNP_6_F10_781756	7	110037249	111522517	960	0.1691
FOXED_p_TCGA_b122_128_SNP_N_GenomeWideSNP_6_F10_781756	7	111524959	111529810	5	-1.6685
FOXED_p_TCGA_b122_128_SNP_N_GenomeWideSNP_6_F10_781756	7	111531487	126044974	8688	0.1332
FOXED_p_TCGA_b122_128_SNP_N_GenomeWideSNP_6_F10_781756	7	126045482	126046615	12	0.9455
FOXED_p_TCGA_b122_128_SNP_N_GenomeWideSNP_6_F10_781756	7	126046876	129686608	2123	0.1346
FOXED_p_TCGA_b122_128_SNP_N_GenomeWideSNP_6_F10_781756	7	129694738	129698767	2	-1.6483
FOXED_p_TCGA_b122_128_SNP_N_GenomeWideSNP_6_F10_781756	7	129699467	133729210	2540	0.1283
FOXED_p_TCGA_b122_128_SNP_N_GenomeWideSNP_6_F10_781756	7	133737030	133743393	5	-1.1917
FOXED_p_TCGA_b122_128_SNP_N_GenomeWideSNP_6_F10_781756	7	133746389	133785177	34	0.114
FOXED_p_TCGA_b122_128_SNP_N_GenomeWideSNP_6_F10_781756	7	133785195	133790443	24	-2.121
FOXED_p_TCGA_b122_128_SNP_N_GenomeWideSNP_6_F10_781756	7	133795634	133806244	13	-0.7379
FOXED_p_TCGA_b122_128_SNP_N_GenomeWideSNP_6_F10_781756	7	133808792	140259248	4169	0.1443
FOXED_p_TCGA_b122_128_SNP_N_GenomeWideSNP_6_F10_781756	7	140263109	140271713	6	-0.823
FOXED_p_TCGA_b122_128_SNP_N_GenomeWideSNP_6_F10_781756	7	140279595	141763124	1016	0.1545
FOXED_p_TCGA_b122_128_SNP_N_GenomeWideSNP_6_F10_781756	7	141769643	141770532	9	-1.2986
FOXED_p_TCGA_b122_128_SNP_N_GenomeWideSNP_6_F10_781756	7	141770627	141782110	7	-4.3158
FOXED_p_TCGA_b122_128_SNP_N_GenomeWideSNP_6_F10_781756	7	141782648	141786850	8	-1.5668
FOXED_p_TCGA_b122_128_SNP_N_GenomeWideSNP_6_F10_781756	7	141787130	141787646	8	-3.2529
FOXED_p_TCGA_b122_128_SNP_N_GenomeWideSNP_6_F10_781756	7	141787899	141792107	9	-1.739
FOXED_p_TCGA_b122_128_SNP_N_GenomeWideSNP_6_F10_781756	7	141795281	142253345	324	0.0358
FOXED_p_TCGA_b122_128_SNP_N_GenomeWideSNP_6_F10_781756	7	142253550	142253685	2	-2.3143
FOXED_p_TCGA_b122_128_SNP_N_GenomeWideSNP_6_F10_781756	7	142253894	153147638	6615	0.1566
FOXED_p_TCGA_b122_128_SNP_N_GenomeWideSNP_6_F10_781756	7	153147645	153147712	2	-2.2737
FOXED_p_TCGA_b122_128_SNP_N_GenomeWideSNP_6_F10_781756	7	153147715	158111939	3455	0.1323
FOXED_p_TCGA_b122_128_SNP_N_GenomeWideSNP_6_F10_781756	7	158113055	158115862	4	-1.7168
FOXED_p_TCGA_b122_128_SNP_N_GenomeWideSNP_6_F10_781756	7	158116391	159127004	645	0.1611
FOXED_p_TCGA_b122_128_SNP_N_GenomeWideSNP_6_F10_781756	8	31254	595875	335	-0.1139
FOXED_p_TCGA_b122_128_SNP_N_GenomeWideSNP_6_F10_781756	8	595892	595908	2	3.3638
FOXED_p_TCGA_b122_128_SNP_N_GenomeWideSNP_6_F10_781756	8	601043	1360322	532	-0.0897
FOXED_p_TCGA_b122_128_SNP_N_GenomeWideSNP_6_F10_781756	8	1360387	1360702	8	-1.1073
FOXED_p_TCGA_b122_128_SNP_N_GenomeWideSNP_6_F10_781756	8	1360734	2118988	679	-0.0948
FOXED_p_TCGA_b122_128_SNP_N_GenomeWideSNP_6_F10_781756	8	2120087	2124818	9	-1.3395
FOXED_p_TCGA_b122_128_SNP_N_GenomeWideSNP_6_F10_781756	8	2125566	3508118	1447	-0.0446
FOXED_p_TCGA_b122_128_SNP_N_GenomeWideSNP_6_F10_781756	8	3508260	3508672	3	-2.7935
FOXED_p_TCGA_b122_128_SNP_N_GenomeWideSNP_6_F10_781756	8	3509906	10359513	7088	-0.0541
FOXED_p_TCGA_b122_128_SNP_N_GenomeWideSNP_6_F10_781756	8	10359634	10368162	5	-1.819
FOXED_p_TCGA_b122_128_SNP_N_GenomeWideSNP_6_F10_781756	8	10369037	10489836	79	-0.0573
FOXED_p_TCGA_b122_128_SNP_N_GenomeWideSNP_6_F10_781756	8	10490595	10491684	3	-1.9131
FOXED_p_TCGA_b122_128_SNP_N_GenomeWideSNP_6_F10_781756	8	10493690	12162782	1091	-0.0609
FOXED_p_TCGA_b122_128_SNP_N_GenomeWideSNP_6_F10_781756	8	12181281	12239835	16	0.5801
FOXED_p_TCGA_b122_128_SNP_N_GenomeWideSNP_6_F10_781756	8	12240162	13586555	1103	-0.0299
FOXED_p_TCGA_b122_128_SNP_N_GenomeWideSNP_6_F10_781756	8	13587201	13610345	56	0.4179
FOXED_p_TCGA_b122_128_SNP_N_GenomeWideSNP_6_F10_781756	8	13610406	38949984	18264	-0.0179
FOXED_p_TCGA_b122_128_SNP_N_GenomeWideSNP_6_F10_781756	8	38952995	38953367	2	-2.9563
FOXED_p_TCGA_b122_128_SNP_N_GenomeWideSNP_6_F10_781756	8	38955217	39225740	128	0.0161
FOXED_p_TCGA_b122_128_SNP_N_GenomeWideSNP_6_F10_781756	8	39225851	39388299	68	0.9284
FOXED_p_TCGA_b122_128_SNP_N_GenomeWideSNP_6_F10_781756	8	39388779	51756030	5041	-0.0149
FOXED_p_TCGA_b122_128_SNP_N_GenomeWideSNP_6_F10_781756	8	51760441	53679570	1240	0.2386
FOXED_p_TCGA_b122_128_SNP_N_GenomeWideSNP_6_F10_781756	8	53689852	53690181	3	-0.9166
FOXED_p_TCGA_b122_128_SNP_N_GenomeWideSNP_6_F10_781756	8	53691909	53959644	199	0.2239
FOXED_p_TCGA_b122_128_SNP_N_GenomeWideSNP_6_F10_781756	8	53959747	53968410	7	0.7821
FOXED_p_TCGA_b122_128_SNP_N_GenomeWideSNP_6_F10_781756	8	53969374	54003760	34	0.2138
FOXED_p_TCGA_b122_128_SNP_N_GenomeWideSNP_6_F10_781756	8	54007044	54018824	4	-1.1109
FOXED_p_TCGA_b122_128_SNP_N_GenomeWideSNP_6_F10_781756	8	54019411	54393884	269	0.214
FOXED_p_TCGA_b122_128_SNP_N_GenomeWideSNP_6_F10_781756	8	54393908	54394240	3	0.9273
FOXED_p_TCGA_b122_128_SNP_N_GenomeWideSNP_6_F10_781756	8	54395595	54398365	5	-0.6569
FOXED_p_TCGA_b122_128_SNP_N_GenomeWideSNP_6_F10_781756	8	54399424	69872852	9666	0.1941
FOXED_p_TCGA_b122_128_SNP_N_GenomeWideSNP_6_F10_781756	8	69873452	69873833	3	-1.0883
FOXED_p_TCGA_b122_128_SNP_N_GenomeWideSNP_6_F10_781756	8	69873947	70954354	733	0.1714
FOXED_p_TCGA_b122_128_SNP_N_GenomeWideSNP_6_F10_781756	8	70954676	70961161	5	-0.577
FOXED_p_TCGA_b122_128_SNP_N_GenomeWideSNP_6_F10_781756	8	70961224	72212365	692	0.1848
FOXED_p_TCGA_b122_128_SNP_N_GenomeWideSNP_6_F10_781756	8	72215311	72216599	9	-2.4567
FOXED_p_TCGA_b122_128_SNP_N_GenomeWideSNP_6_F10_781756	8	72219863	90832040	11049	0.2334
FOXED_p_TCGA_b122_128_SNP_N_GenomeWideSNP_6_F10_781756	8	90837630	90837747	3	-1.6117
FOXED_p_TCGA_b122_128_SNP_N_GenomeWideSNP_6_F10_781756	8	90839620	90863230	11	0.7082
FOXED_p_TCGA_b122_128_SNP_N_GenomeWideSNP_6_F10_781756	8	90865461	92119007	731	0.2285
FOXED_p_TCGA_b122_128_SNP_N_GenomeWideSNP_6_F10_781756	8	92119717	92178407	36	0.5462
FOXED_p_TCGA_b122_128_SNP_N_GenomeWideSNP_6_F10_781756	8	92179965	102380103	6195	0.2484
FOXED_p_TCGA_b122_128_SNP_N_GenomeWideSNP_6_F10_781756	8	102382926	102402942	49	0.4828
FOXED_p_TCGA_b122_128_SNP_N_GenomeWideSNP_6_F10_781756	8	102408308	107059367	2860	0.2502
FOXED_p_TCGA_b122_128_SNP_N_GenomeWideSNP_6_F10_781756	8	107062323	107093846	19	-0.1453
FOXED_p_TCGA_b122_128_SNP_N_GenomeWideSNP_6_F10_781756	8	107093921	107199358	61	0.4931
FOXED_p_TCGA_b122_128_SNP_N_GenomeWideSNP_6_F10_781756	8	107199528	115640817	4967	0.2212
FOXED_p_TCGA_b122_128_SNP_N_GenomeWideSNP_6_F10_781756	8	115640908	115674064	21	0.7922
FOXED_p_TCGA_b122_128_SNP_N_GenomeWideSNP_6_F10_781756	8	115674664	115823674	101	0.2418
FOXED_p_TCGA_b122_128_SNP_N_GenomeWideSNP_6_F10_781756	8	115827975	115844268	16	0.74
FOXED_p_TCGA_b122_128_SNP_N_GenomeWideSNP_6_F10_781756	8	115845097	137837286	15899	0.2375
FOXED_p_TCGA_b122_128_SNP_N_GenomeWideSNP_6_F10_781756	8	137837597	137850342	40	0.6396
FOXED_p_TCGA_b122_128_SNP_N_GenomeWideSNP_6_F10_781756	8	137855026	141642931	3019	0.2197
FOXED_p_TCGA_b122_128_SNP_N_GenomeWideSNP_6_F10_781756	8	141648128	142001366	173	0.5183
FOXED_p_TCGA_b122_128_SNP_N_GenomeWideSNP_6_F10_781756	8	142001447	146298155	1811	0.2559
FOXED_p_TCGA_b122_128_SNP_N_GenomeWideSNP_6_F10_781756	9	46587	11992604	11236	-0.1559
FOXED_p_TCGA_b122_128_SNP_N_GenomeWideSNP_6_F10_781756	9	11995297	11995307	2	-2.3905
FOXED_p_TCGA_b122_128_SNP_N_GenomeWideSNP_6_F10_781756	9	11996270	15344946	2747	-0.1414
FOXED_p_TCGA_b122_128_SNP_N_GenomeWideSNP_6_F10_781756	9	15347518	15348120	4	-2.3395
FOXED_p_TCGA_b122_128_SNP_N_GenomeWideSNP_6_F10_781756	9	15348901	18271109	2526	-0.1674
FOXED_p_TCGA_b122_128_SNP_N_GenomeWideSNP_6_F10_781756	9	18272700	18273439	3	-1.9795
FOXED_p_TCGA_b122_128_SNP_N_GenomeWideSNP_6_F10_781756	9	18275839	23361805	3897	-0.1304
FOXED_p_TCGA_b122_128_SNP_N_GenomeWideSNP_6_F10_781756	9	23363115	23372399	7	0.8718
FOXED_p_TCGA_b122_128_SNP_N_GenomeWideSNP_6_F10_781756	9	23373484	24478577	767	-0.1707
FOXED_p_TCGA_b122_128_SNP_N_GenomeWideSNP_6_F10_781756	9	24478606	24520194	57	0.1474
FOXED_p_TCGA_b122_128_SNP_N_GenomeWideSNP_6_F10_781756	9	24528024	26037974	1102	-0.1356
FOXED_p_TCGA_b122_128_SNP_N_GenomeWideSNP_6_F10_781756	9	26049348	26051856	5	-1.746
FOXED_p_TCGA_b122_128_SNP_N_GenomeWideSNP_6_F10_781756	9	26052107	28050691	1622	-0.1464
FOXED_p_TCGA_b122_128_SNP_N_GenomeWideSNP_6_F10_781756	9	28055603	28055900	3	-1.6059
FOXED_p_TCGA_b122_128_SNP_N_GenomeWideSNP_6_F10_781756	9	28058580	28849305	601	-0.1171
FOXED_p_TCGA_b122_128_SNP_N_GenomeWideSNP_6_F10_781756	9	28849504	28850822	3	-1.9213
FOXED_p_TCGA_b122_128_SNP_N_GenomeWideSNP_6_F10_781756	9	28851011	29963160	811	-0.1467
FOXED_p_TCGA_b122_128_SNP_N_GenomeWideSNP_6_F10_781756	9	29965084	29969710	3	-1.6397
FOXED_p_TCGA_b122_128_SNP_N_GenomeWideSNP_6_F10_781756	9	29969777	32736715	1924	-0.1391
FOXED_p_TCGA_b122_128_SNP_N_GenomeWideSNP_6_F10_781756	9	32737092	32738072	2	-1.8378
FOXED_p_TCGA_b122_128_SNP_N_GenomeWideSNP_6_F10_781756	9	32738787	43472537	4002	-0.1503
FOXED_p_TCGA_b122_128_SNP_N_GenomeWideSNP_6_F10_781756	9	43505852	44855737	123	0.3178
FOXED_p_TCGA_b122_128_SNP_N_GenomeWideSNP_6_F10_781756	9	44866028	68183981	155	-0.1541
FOXED_p_TCGA_b122_128_SNP_N_GenomeWideSNP_6_F10_781756	9	68186051	68188547	8	2.0852
FOXED_p_TCGA_b122_128_SNP_N_GenomeWideSNP_6_F10_781756	9	68209916	68357984	47	0.1383
FOXED_p_TCGA_b122_128_SNP_N_GenomeWideSNP_6_F10_781756	9	68358822	69522825	85	-0.3032
FOXED_p_TCGA_b122_128_SNP_N_GenomeWideSNP_6_F10_781756	9	69533038	69696000	16	0.2328
FOXED_p_TCGA_b122_128_SNP_N_GenomeWideSNP_6_F10_781756	9	69807016	71126860	154	-0.1594
FOXED_p_TCGA_b122_128_SNP_N_GenomeWideSNP_6_F10_781756	9	71127724	71935577	713	-0.5598
FOXED_p_TCGA_b122_128_SNP_N_GenomeWideSNP_6_F10_781756	9	71943002	72111264	166	-0.1692
FOXED_p_TCGA_b122_128_SNP_N_GenomeWideSNP_6_F10_781756	9	72111367	72114044	11	-0.8032
FOXED_p_TCGA_b122_128_SNP_N_GenomeWideSNP_6_F10_781756	9	72114423	98785468	18731	-0.1586
FOXED_p_TCGA_b122_128_SNP_N_GenomeWideSNP_6_F10_781756	9	98794679	98794812	2	-2.409
FOXED_p_TCGA_b122_128_SNP_N_GenomeWideSNP_6_F10_781756	9	98799973	104711852	3771	-0.149
FOXED_p_TCGA_b122_128_SNP_N_GenomeWideSNP_6_F10_781756	9	104712657	104712812	2	-2.0759
FOXED_p_TCGA_b122_128_SNP_N_GenomeWideSNP_6_F10_781756	9	104713471	104781568	49	-0.1526
FOXED_p_TCGA_b122_128_SNP_N_GenomeWideSNP_6_F10_781756	9	104781700	104783066	5	-1.7157
FOXED_p_TCGA_b122_128_SNP_N_GenomeWideSNP_6_F10_781756	9	104784215	106804809	1427	-0.1353
FOXED_p_TCGA_b122_128_SNP_N_GenomeWideSNP_6_F10_781756	9	106804880	106829857	37	0.3447
FOXED_p_TCGA_b122_128_SNP_N_GenomeWideSNP_6_F10_781756	9	106831483	107361710	434	-0.1112
FOXED_p_TCGA_b122_128_SNP_N_GenomeWideSNP_6_F10_781756	9	107363833	107365230	23	0.3726
FOXED_p_TCGA_b122_128_SNP_N_GenomeWideSNP_6_F10_781756	9	107365895	112929880	4381	-0.1264
FOXED_p_TCGA_b122_128_SNP_N_GenomeWideSNP_6_F10_781756	9	112930863	112934472	3	-1.2831
FOXED_p_TCGA_b122_128_SNP_N_GenomeWideSNP_6_F10_781756	9	112935684	112964101	33	-0.0957
FOXED_p_TCGA_b122_128_SNP_N_GenomeWideSNP_6_F10_781756	9	112964736	112976872	8	-1.0917
FOXED_p_TCGA_b122_128_SNP_N_GenomeWideSNP_6_F10_781756	9	112976907	114439656	1137	-0.1136
FOXED_p_TCGA_b122_128_SNP_N_GenomeWideSNP_6_F10_781756	9	114447425	114449112	5	-1.343
FOXED_p_TCGA_b122_128_SNP_N_GenomeWideSNP_6_F10_781756	9	114449970	120259077	4422	-0.1444
FOXED_p_TCGA_b122_128_SNP_N_GenomeWideSNP_6_F10_781756	9	120260121	120261120	4	-1.5467
FOXED_p_TCGA_b122_128_SNP_N_GenomeWideSNP_6_F10_781756	9	120263714	121319466	822	-0.1638
FOXED_p_TCGA_b122_128_SNP_N_GenomeWideSNP_6_F10_781756	9	121320294	121320997	2	-2.0808
FOXED_p_TCGA_b122_128_SNP_N_GenomeWideSNP_6_F10_781756	9	121321292	141091394	11641	-0.1552
FOXED_p_TCGA_b122_128_SNP_N_GenomeWideSNP_6_F10_781756	10	72759	3066264	2471	-0.1899
FOXED_p_TCGA_b122_128_SNP_N_GenomeWideSNP_6_F10_781756	10	3068127	3069355	5	-1.9658
FOXED_p_TCGA_b122_128_SNP_N_GenomeWideSNP_6_F10_781756	10	3071547	3947069	803	-0.1787
FOXED_p_TCGA_b122_128_SNP_N_GenomeWideSNP_6_F10_781756	10	3947827	3948254	3	-2.0656
FOXED_p_TCGA_b122_128_SNP_N_GenomeWideSNP_6_F10_781756	10	3949016	5652237	1506	-0.1413
FOXED_p_TCGA_b122_128_SNP_N_GenomeWideSNP_6_F10_781756	10	5652739	5709387	25	-0.9378
FOXED_p_TCGA_b122_128_SNP_N_GenomeWideSNP_6_F10_781756	10	5710981	24375263	14377	-0.1803
FOXED_p_TCGA_b122_128_SNP_N_GenomeWideSNP_6_F10_781756	10	24377674	24378054	11	1.4629
FOXED_p_TCGA_b122_128_SNP_N_GenomeWideSNP_6_F10_781756	10	24378908	48350357	12698	-0.1691
FOXED_p_TCGA_b122_128_SNP_N_GenomeWideSNP_6_F10_781756	10	48353676	48360188	3	-2.2202
FOXED_p_TCGA_b122_128_SNP_N_GenomeWideSNP_6_F10_781756	10	48363443	49212771	272	-0.1984
FOXED_p_TCGA_b122_128_SNP_N_GenomeWideSNP_6_F10_781756	10	49212828	49387614	17	0.3077
FOXED_p_TCGA_b122_128_SNP_N_GenomeWideSNP_6_F10_781756	10	49389968	50872246	1227	-0.2074
FOXED_p_TCGA_b122_128_SNP_N_GenomeWideSNP_6_F10_781756	10	50872402	50872912	2	-2.3471
FOXED_p_TCGA_b122_128_SNP_N_GenomeWideSNP_6_F10_781756	10	50873591	51830360	211	-0.139
FOXED_p_TCGA_b122_128_SNP_N_GenomeWideSNP_6_F10_781756	10	51840984	51891920	4	-2.1274
FOXED_p_TCGA_b122_128_SNP_N_GenomeWideSNP_6_F10_781756	10	51903768	52070902	63	-0.104
FOXED_p_TCGA_b122_128_SNP_N_GenomeWideSNP_6_F10_781756	10	52071842	52073924	5	-1.6199
FOXED_p_TCGA_b122_128_SNP_N_GenomeWideSNP_6_F10_781756	10	52082149	57072305	3806	-0.1726
FOXED_p_TCGA_b122_128_SNP_N_GenomeWideSNP_6_F10_781756	10	57073531	57075825	2	-2.0675
FOXED_p_TCGA_b122_128_SNP_N_GenomeWideSNP_6_F10_781756	10	57075840	58516403	986	-0.1387
FOXED_p_TCGA_b122_128_SNP_N_GenomeWideSNP_6_F10_781756	10	58516521	58525742	33	0.3188
FOXED_p_TCGA_b122_128_SNP_N_GenomeWideSNP_6_F10_781756	10	58525794	58822658	245	-0.1969
FOXED_p_TCGA_b122_128_SNP_N_GenomeWideSNP_6_F10_781756	10	58823175	58904067	57	0.0927
FOXED_p_TCGA_b122_128_SNP_N_GenomeWideSNP_6_F10_781756	10	58905908	67306276	5816	-0.1625
FOXED_p_TCGA_b122_128_SNP_N_GenomeWideSNP_6_F10_781756	10	67307923	67314446	28	-1.9038
FOXED_p_TCGA_b122_128_SNP_N_GenomeWideSNP_6_F10_781756	10	67322795	135345340	46113	-0.1711
FOXED_p_TCGA_b122_128_SNP_N_GenomeWideSNP_6_F10_781756	10	135345998	135347397	4	-2.2363
FOXED_p_TCGA_b122_128_SNP_N_GenomeWideSNP_6_F10_781756	10	135347727	135506704	73	-0.1395
FOXED_p_TCGA_b122_128_SNP_N_GenomeWideSNP_6_F10_781756	11	198510	1644905	481	0.0234
FOXED_p_TCGA_b122_128_SNP_N_GenomeWideSNP_6_F10_781756	11	1645966	1654565	11	-1.31
FOXED_p_TCGA_b122_128_SNP_N_GenomeWideSNP_6_F10_781756	11	1654761	4390457	1335	0.0498
FOXED_p_TCGA_b122_128_SNP_N_GenomeWideSNP_6_F10_781756	11	4391274	4391529	2	-1.7613
FOXED_p_TCGA_b122_128_SNP_N_GenomeWideSNP_6_F10_781756	11	4392311	4724774	365	0.0385
FOXED_p_TCGA_b122_128_SNP_N_GenomeWideSNP_6_F10_781756	11	4725667	4729134	8	-0.8326
FOXED_p_TCGA_b122_128_SNP_N_GenomeWideSNP_6_F10_781756	11	4729380	5472989	772	0.0687
FOXED_p_TCGA_b122_128_SNP_N_GenomeWideSNP_6_F10_781756	11	5473814	5474350	3	-1.8147
FOXED_p_TCGA_b122_128_SNP_N_GenomeWideSNP_6_F10_781756	11	5475687	5778471	310	0.0382
FOXED_p_TCGA_b122_128_SNP_N_GenomeWideSNP_6_F10_781756	11	5778523	5816232	47	0.5589
FOXED_p_TCGA_b122_128_SNP_N_GenomeWideSNP_6_F10_781756	11	5816285	8964319	2303	0.0562
FOXED_p_TCGA_b122_128_SNP_N_GenomeWideSNP_6_F10_781756	11	8964938	8965350	2	-1.7357
FOXED_p_TCGA_b122_128_SNP_N_GenomeWideSNP_6_F10_781756	11	8966388	9252869	186	0.0553
FOXED_p_TCGA_b122_128_SNP_N_GenomeWideSNP_6_F10_781756	11	9255798	9259951	5	0.8182
FOXED_p_TCGA_b122_128_SNP_N_GenomeWideSNP_6_F10_781756	11	9262492	9280462	13	-0.0095
FOXED_p_TCGA_b122_128_SNP_N_GenomeWideSNP_6_F10_781756	11	9295884	9340965	11	0.6345
FOXED_p_TCGA_b122_128_SNP_N_GenomeWideSNP_6_F10_781756	11	9346005	12087593	2169	0.0715
FOXED_p_TCGA_b122_128_SNP_N_GenomeWideSNP_6_F10_781756	11	12087780	12090658	6	-0.8786
FOXED_p_TCGA_b122_128_SNP_N_GenomeWideSNP_6_F10_781756	11	12091965	15814010	2687	0.0736
FOXED_p_TCGA_b122_128_SNP_N_GenomeWideSNP_6_F10_781756	11	15816484	15818508	2	-1.399
FOXED_p_TCGA_b122_128_SNP_N_GenomeWideSNP_6_F10_781756	11	15819409	18939170	2032	0.0781
FOXED_p_TCGA_b122_128_SNP_N_GenomeWideSNP_6_F10_781756	11	18940093	18949737	12	0.4873
FOXED_p_TCGA_b122_128_SNP_N_GenomeWideSNP_6_F10_781756	11	18949873	18952192	10	-0.0528
FOXED_p_TCGA_b122_128_SNP_N_GenomeWideSNP_6_F10_781756	11	18952544	18952811	5	-0.7821
FOXED_p_TCGA_b122_128_SNP_N_GenomeWideSNP_6_F10_781756	11	18952989	18975452	53	0.078
FOXED_p_TCGA_b122_128_SNP_N_GenomeWideSNP_6_F10_781756	11	18977660	18978220	3	-1.0893
FOXED_p_TCGA_b122_128_SNP_N_GenomeWideSNP_6_F10_781756	11	18978562	21597740	2385	0.0515
FOXED_p_TCGA_b122_128_SNP_N_GenomeWideSNP_6_F10_781756	11	21599997	21605196	7	-0.7621
FOXED_p_TCGA_b122_128_SNP_N_GenomeWideSNP_6_F10_781756	11	21605753	33471109	7984	0.0435
FOXED_p_TCGA_b122_128_SNP_N_GenomeWideSNP_6_F10_781756	11	33474289	33477930	3	-1.3719
FOXED_p_TCGA_b122_128_SNP_N_GenomeWideSNP_6_F10_781756	11	33480143	134298640	63321	0.0557
FOXED_p_TCGA_b122_128_SNP_N_GenomeWideSNP_6_F10_781756	11	134299330	134309625	10	-0.9973
FOXED_p_TCGA_b122_128_SNP_N_GenomeWideSNP_6_F10_781756	11	134310801	134944770	522	-0.0443
FOXED_p_TCGA_b122_128_SNP_N_GenomeWideSNP_6_F10_781756	12	150442	869198	418	0.0012
FOXED_p_TCGA_b122_128_SNP_N_GenomeWideSNP_6_F10_781756	12	869263	874029	16	-3.1534
FOXED_p_TCGA_b122_128_SNP_N_GenomeWideSNP_6_F10_781756	12	875354	879990	19	0.5535
FOXED_p_TCGA_b122_128_SNP_N_GenomeWideSNP_6_F10_781756	12	883178	8018325	4925	0.0736
FOXED_p_TCGA_b122_128_SNP_N_GenomeWideSNP_6_F10_781756	12	8022893	8023530	4	-1.72
FOXED_p_TCGA_b122_128_SNP_N_GenomeWideSNP_6_F10_781756	12	8024362	9630556	810	0.0291
FOXED_p_TCGA_b122_128_SNP_N_GenomeWideSNP_6_F10_781756	12	9633870	9728292	25	-1.1795
FOXED_p_TCGA_b122_128_SNP_N_GenomeWideSNP_6_F10_781756	12	9734969	11220827	1045	0.0579
FOXED_p_TCGA_b122_128_SNP_N_GenomeWideSNP_6_F10_781756	12	11222368	11241532	10	-1.1612
FOXED_p_TCGA_b122_128_SNP_N_GenomeWideSNP_6_F10_781756	12	11251874	43573801	19859	0.0743
FOXED_p_TCGA_b122_128_SNP_N_GenomeWideSNP_6_F10_781756	12	43573966	43579716	4	-1.4051
FOXED_p_TCGA_b122_128_SNP_N_GenomeWideSNP_6_F10_781756	12	43580220	97035989	33146	0.0699
FOXED_p_TCGA_b122_128_SNP_N_GenomeWideSNP_6_F10_781756	12	97037561	97038492	3	-1.5114
FOXED_p_TCGA_b122_128_SNP_N_GenomeWideSNP_6_F10_781756	12	97041658	99796319	1958	0.0438
FOXED_p_TCGA_b122_128_SNP_N_GenomeWideSNP_6_F10_781756	12	99796324	99803188	27	0.4659
FOXED_p_TCGA_b122_128_SNP_N_GenomeWideSNP_6_F10_781756	12	99803227	100008321	136	0.0606
FOXED_p_TCGA_b122_128_SNP_N_GenomeWideSNP_6_F10_781756	12	100012691	100013168	2	-1.6563
FOXED_p_TCGA_b122_128_SNP_N_GenomeWideSNP_6_F10_781756	12	100015840	102338957	1438	0.0686
FOXED_p_TCGA_b122_128_SNP_N_GenomeWideSNP_6_F10_781756	12	102339665	102342119	5	-1.2259
FOXED_p_TCGA_b122_128_SNP_N_GenomeWideSNP_6_F10_781756	12	102342952	109597157	5036	0.066
FOXED_p_TCGA_b122_128_SNP_N_GenomeWideSNP_6_F10_781756	12	109601440	109601860	3	-1.6422
FOXED_p_TCGA_b122_128_SNP_N_GenomeWideSNP_6_F10_781756	12	109603494	114475608	2804	0.0552
FOXED_p_TCGA_b122_128_SNP_N_GenomeWideSNP_6_F10_781756	12	114476717	114479926	7	-0.8879
FOXED_p_TCGA_b122_128_SNP_N_GenomeWideSNP_6_F10_781756	12	114480853	128626391	9653	0.054
FOXED_p_TCGA_b122_128_SNP_N_GenomeWideSNP_6_F10_781756	12	128626782	128641379	13	-1.0695
FOXED_p_TCGA_b122_128_SNP_N_GenomeWideSNP_6_F10_781756	12	128644066	133778189	3649	0.0087
FOXED_p_TCGA_b122_128_SNP_N_GenomeWideSNP_6_F10_781756	13	19026949	23629187	2894	0.1079
FOXED_p_TCGA_b122_128_SNP_N_GenomeWideSNP_6_F10_781756	13	23629210	23633515	13	-2.043
FOXED_p_TCGA_b122_128_SNP_N_GenomeWideSNP_6_F10_781756	13	23638195	24485915	649	0.1182
FOXED_p_TCGA_b122_128_SNP_N_GenomeWideSNP_6_F10_781756	13	24486102	24495912	9	-0.9952
FOXED_p_TCGA_b122_128_SNP_N_GenomeWideSNP_6_F10_781756	13	24497118	27961940	2635	0.1006
FOXED_p_TCGA_b122_128_SNP_N_GenomeWideSNP_6_F10_781756	13	27963891	27965544	2	-2.0252
FOXED_p_TCGA_b122_128_SNP_N_GenomeWideSNP_6_F10_781756	13	27967563	32532121	3432	0.0989
FOXED_p_TCGA_b122_128_SNP_N_GenomeWideSNP_6_F10_781756	13	32532622	32538423	18	-0.8147
FOXED_p_TCGA_b122_128_SNP_N_GenomeWideSNP_6_F10_781756	13	32540047	33743586	906	0.085
FOXED_p_TCGA_b122_128_SNP_N_GenomeWideSNP_6_F10_781756	13	33745642	33745657	2	-1.9848
FOXED_p_TCGA_b122_128_SNP_N_GenomeWideSNP_6_F10_781756	13	33746529	34788440	776	0.0657
FOXED_p_TCGA_b122_128_SNP_N_GenomeWideSNP_6_F10_781756	13	34793150	34793545	2	-2.2984
FOXED_p_TCGA_b122_128_SNP_N_GenomeWideSNP_6_F10_781756	13	34798288	38071135	2213	0.0668
FOXED_p_TCGA_b122_128_SNP_N_GenomeWideSNP_6_F10_781756	13	38072036	38084757	16	0.8671
FOXED_p_TCGA_b122_128_SNP_N_GenomeWideSNP_6_F10_781756	13	38088330	43693165	3960	0.0883
FOXED_p_TCGA_b122_128_SNP_N_GenomeWideSNP_6_F10_781756	13	43695417	43697601	4	-2.0144
FOXED_p_TCGA_b122_128_SNP_N_GenomeWideSNP_6_F10_781756	13	43698252	43756803	53	0.2229
FOXED_p_TCGA_b122_128_SNP_N_GenomeWideSNP_6_F10_781756	13	43760833	43766368	7	-0.8038
FOXED_p_TCGA_b122_128_SNP_N_GenomeWideSNP_6_F10_781756	13	43766849	51312993	4941	0.1194
FOXED_p_TCGA_b122_128_SNP_N_GenomeWideSNP_6_F10_781756	13	51314763	51320563	2	-1.6792
FOXED_p_TCGA_b122_128_SNP_N_GenomeWideSNP_6_F10_781756	13	51321034	53094799	937	0.1208
FOXED_p_TCGA_b122_128_SNP_N_GenomeWideSNP_6_F10_781756	13	53097984	53105785	3	1.2149
FOXED_p_TCGA_b122_128_SNP_N_GenomeWideSNP_6_F10_781756	13	53117879	55204036	1332	0.0816
FOXED_p_TCGA_b122_128_SNP_N_GenomeWideSNP_6_F10_781756	13	55204795	55205184	3	-1.0563
FOXED_p_TCGA_b122_128_SNP_N_GenomeWideSNP_6_F10_781756	13	55208521	57935933	1430	0.1124
FOXED_p_TCGA_b122_128_SNP_N_GenomeWideSNP_6_F10_781756	13	57935948	57957456	13	-0.2341
FOXED_p_TCGA_b122_128_SNP_N_GenomeWideSNP_6_F10_781756	13	57958135	58028635	31	0.1685
FOXED_p_TCGA_b122_128_SNP_N_GenomeWideSNP_6_F10_781756	13	58031602	58032506	2	-1.4611
FOXED_p_TCGA_b122_128_SNP_N_GenomeWideSNP_6_F10_781756	13	58032934	64212705	3641	0.0828
FOXED_p_TCGA_b122_128_SNP_N_GenomeWideSNP_6_F10_781756	13	64215560	64215750	3	-1.3232
FOXED_p_TCGA_b122_128_SNP_N_GenomeWideSNP_6_F10_781756	13	64217882	67099270	1764	0.1001
FOXED_p_TCGA_b122_128_SNP_N_GenomeWideSNP_6_F10_781756	13	67100212	67105340	5	-1.1097
FOXED_p_TCGA_b122_128_SNP_N_GenomeWideSNP_6_F10_781756	13	67105883	67289845	140	0.0629
FOXED_p_TCGA_b122_128_SNP_N_GenomeWideSNP_6_F10_781756	13	67290628	67363022	78	0.2965
FOXED_p_TCGA_b122_128_SNP_N_GenomeWideSNP_6_F10_781756	13	67364473	67376453	8	-0.4428
FOXED_p_TCGA_b122_128_SNP_N_GenomeWideSNP_6_F10_781756	13	67379254	67532154	129	0.0542
FOXED_p_TCGA_b122_128_SNP_N_GenomeWideSNP_6_F10_781756	13	67532237	67532341	3	0.8094
FOXED_p_TCGA_b122_128_SNP_N_GenomeWideSNP_6_F10_781756	13	67536402	67728156	129	0.064
FOXED_p_TCGA_b122_128_SNP_N_GenomeWideSNP_6_F10_781756	13	67729792	67730036	2	-1.731
FOXED_p_TCGA_b122_128_SNP_N_GenomeWideSNP_6_F10_781756	13	67730774	67774881	23	0.0892
FOXED_p_TCGA_b122_128_SNP_N_GenomeWideSNP_6_F10_781756	13	67777432	67778596	2	-1.6547
FOXED_p_TCGA_b122_128_SNP_N_GenomeWideSNP_6_F10_781756	13	67778916	68980450	621	0.0871
FOXED_p_TCGA_b122_128_SNP_N_GenomeWideSNP_6_F10_781756	13	68983655	69004073	19	0.7107
FOXED_p_TCGA_b122_128_SNP_N_GenomeWideSNP_6_F10_781756	13	69004278	69128360	79	0.3747
FOXED_p_TCGA_b122_128_SNP_N_GenomeWideSNP_6_F10_781756	13	69129159	69142208	12	0.0491
FOXED_p_TCGA_b122_128_SNP_N_GenomeWideSNP_6_F10_781756	13	69142240	69861950	574	0.3427
FOXED_p_TCGA_b122_128_SNP_N_GenomeWideSNP_6_F10_781756	13	69861977	69874951	14	0.7308
FOXED_p_TCGA_b122_128_SNP_N_GenomeWideSNP_6_F10_781756	13	69875266	70722231	478	0.3468
FOXED_p_TCGA_b122_128_SNP_N_GenomeWideSNP_6_F10_781756	13	70723292	70741399	17	-0.2635
FOXED_p_TCGA_b122_128_SNP_N_GenomeWideSNP_6_F10_781756	13	70742328	72476988	1108	0.3516
FOXED_p_TCGA_b122_128_SNP_N_GenomeWideSNP_6_F10_781756	13	72477555	72480556	4	-2.8411
FOXED_p_TCGA_b122_128_SNP_N_GenomeWideSNP_6_F10_781756	13	72480605	72950760	384	0.3639
FOXED_p_TCGA_b122_128_SNP_N_GenomeWideSNP_6_F10_781756	13	72953897	72954054	3	-0.7497
FOXED_p_TCGA_b122_128_SNP_N_GenomeWideSNP_6_F10_781756	13	72954494	83145191	6895	0.3408
FOXED_p_TCGA_b122_128_SNP_N_GenomeWideSNP_6_F10_781756	13	83155229	83202191	30	0.6857
FOXED_p_TCGA_b122_128_SNP_N_GenomeWideSNP_6_F10_781756	13	83203298	88083061	2942	0.3106
FOXED_p_TCGA_b122_128_SNP_N_GenomeWideSNP_6_F10_781756	13	88084516	88092539	3	-1.3602
FOXED_p_TCGA_b122_128_SNP_N_GenomeWideSNP_6_F10_781756	13	88096394	113684181	18335	0.3015
FOXED_p_TCGA_b122_128_SNP_N_GenomeWideSNP_6_F10_781756	13	113685654	113696827	4	-1.0385
FOXED_p_TCGA_b122_128_SNP_N_GenomeWideSNP_6_F10_781756	13	113698428	115108397	560	0.3432
FOXED_p_TCGA_b122_128_SNP_N_GenomeWideSNP_6_F10_781756	14	19002124	22607502	1740	0.0724
FOXED_p_TCGA_b122_128_SNP_N_GenomeWideSNP_6_F10_781756	14	22611312	22613690	11	-1.1461
FOXED_p_TCGA_b122_128_SNP_N_GenomeWideSNP_6_F10_781756	14	22615465	106482296	53325	0.0188
FOXED_p_TCGA_b122_128_SNP_N_GenomeWideSNP_6_F10_781756	14	106487040	106911348	212	0.2464
FOXED_p_TCGA_b122_128_SNP_N_GenomeWideSNP_6_F10_781756	14	106911804	106943834	27	0.6669
FOXED_p_TCGA_b122_128_SNP_N_GenomeWideSNP_6_F10_781756	14	106948568	107285437	214	0.0877
FOXED_p_TCGA_b122_128_SNP_N_GenomeWideSNP_6_F10_781756	15	20016328	20203961	47	0.0615
FOXED_p_TCGA_b122_128_SNP_N_GenomeWideSNP_6_F10_781756	15	20206939	20578421	51	0.4324
FOXED_p_TCGA_b122_128_SNP_N_GenomeWideSNP_6_F10_781756	15	20581451	20581455	5	-1.1456
FOXED_p_TCGA_b122_128_SNP_N_GenomeWideSNP_6_F10_781756	15	20581562	20586957	14	1.0596
FOXED_p_TCGA_b122_128_SNP_N_GenomeWideSNP_6_F10_781756	15	20590027	22318474	202	0.5228
FOXED_p_TCGA_b122_128_SNP_N_GenomeWideSNP_6_F10_781756	15	22320451	22558425	93	0.2408
FOXED_p_TCGA_b122_128_SNP_N_GenomeWideSNP_6_F10_781756	15	22560362	24674887	1013	-0.1157
FOXED_p_TCGA_b122_128_SNP_N_GenomeWideSNP_6_F10_781756	15	24675133	24718173	37	-1.0863
FOXED_p_TCGA_b122_128_SNP_N_GenomeWideSNP_6_F10_781756	15	24718596	29220018	2831	-0.1918
FOXED_p_TCGA_b122_128_SNP_N_GenomeWideSNP_6_F10_781756	15	29223282	29225885	2	-2.3356
FOXED_p_TCGA_b122_128_SNP_N_GenomeWideSNP_6_F10_781756	15	29227521	29412047	134	-0.1768
FOXED_p_TCGA_b122_128_SNP_N_GenomeWideSNP_6_F10_781756	15	29415560	29425240	6	-2.3334
FOXED_p_TCGA_b122_128_SNP_N_GenomeWideSNP_6_F10_781756	15	29426096	30204142	540	-0.1957
FOXED_p_TCGA_b122_128_SNP_N_GenomeWideSNP_6_F10_781756	15	30208812	30209088	2	-2.7357
FOXED_p_TCGA_b122_128_SNP_N_GenomeWideSNP_6_F10_781756	15	30209345	33058304	1444	-0.1466
FOXED_p_TCGA_b122_128_SNP_N_GenomeWideSNP_6_F10_781756	15	33061150	33064297	7	-1.2198
FOXED_p_TCGA_b122_128_SNP_N_GenomeWideSNP_6_F10_781756	15	33064791	34728087	1380	-0.1755
FOXED_p_TCGA_b122_128_SNP_N_GenomeWideSNP_6_F10_781756	15	34731102	34931836	120	0.0627
FOXED_p_TCGA_b122_128_SNP_N_GenomeWideSNP_6_F10_781756	15	34932389	36250953	915	-0.172
FOXED_p_TCGA_b122_128_SNP_N_GenomeWideSNP_6_F10_781756	15	36251454	36257358	3	-2.2305
FOXED_p_TCGA_b122_128_SNP_N_GenomeWideSNP_6_F10_781756	15	36258455	61683961	16319	-0.1675
FOXED_p_TCGA_b122_128_SNP_N_GenomeWideSNP_6_F10_781756	15	61684205	61690100	4	-1.5739
FOXED_p_TCGA_b122_128_SNP_N_GenomeWideSNP_6_F10_781756	15	61691653	76878362	9105	-0.1569
FOXED_p_TCGA_b122_128_SNP_N_GenomeWideSNP_6_F10_781756	15	76891241	76902179	23	1.1537
FOXED_p_TCGA_b122_128_SNP_N_GenomeWideSNP_6_F10_781756	15	76902194	102469040	17619	-0.1759
FOXED_p_TCGA_b122_128_SNP_N_GenomeWideSNP_6_F10_781756	16	60777	9108219	6526	0.0333
FOXED_p_TCGA_b122_128_SNP_N_GenomeWideSNP_6_F10_781756	16	9109391	9118815	6	-1.6536
FOXED_p_TCGA_b122_128_SNP_N_GenomeWideSNP_6_F10_781756	16	9119883	19944363	6986	0.0659
FOXED_p_TCGA_b122_128_SNP_N_GenomeWideSNP_6_F10_781756	16	19945650	19970254	30	-0.6957
FOXED_p_TCGA_b122_128_SNP_N_GenomeWideSNP_6_F10_781756	16	19970490	32106967	6528	0.0627
FOXED_p_TCGA_b122_128_SNP_N_GenomeWideSNP_6_F10_781756	16	32113682	32588621	74	0.8964
FOXED_p_TCGA_b122_128_SNP_N_GenomeWideSNP_6_F10_781756	16	32588622	32588909	6	1.8035
FOXED_p_TCGA_b122_128_SNP_N_GenomeWideSNP_6_F10_781756	16	32609274	32655239	23	1.0834
FOXED_p_TCGA_b122_128_SNP_N_GenomeWideSNP_6_F10_781756	16	32655295	33862863	180	0.74
FOXED_p_TCGA_b122_128_SNP_N_GenomeWideSNP_6_F10_781756	16	33864359	34459709	176	0.1278
FOXED_p_TCGA_b122_128_SNP_N_GenomeWideSNP_6_F10_781756	16	34466571	34784603	182	0.5839
FOXED_p_TCGA_b122_128_SNP_N_GenomeWideSNP_6_F10_781756	16	34787983	34835095	23	0.003
FOXED_p_TCGA_b122_128_SNP_N_GenomeWideSNP_6_F10_781756	16	34835799	46610187	145	0.2965
FOXED_p_TCGA_b122_128_SNP_N_GenomeWideSNP_6_F10_781756	16	46615331	55008309	5700	0.0614
FOXED_p_TCGA_b122_128_SNP_N_GenomeWideSNP_6_F10_781756	16	55009155	55038199	20	-0.3764
FOXED_p_TCGA_b122_128_SNP_N_GenomeWideSNP_6_F10_781756	16	55038993	55782284	689	0.078
FOXED_p_TCGA_b122_128_SNP_N_GenomeWideSNP_6_F10_781756	16	55784430	55796594	12	-0.4513
FOXED_p_TCGA_b122_128_SNP_N_GenomeWideSNP_6_F10_781756	16	55798222	55798779	3	2.4444
FOXED_p_TCGA_b122_128_SNP_N_GenomeWideSNP_6_F10_781756	16	55804348	55816646	11	-0.4259
FOXED_p_TCGA_b122_128_SNP_N_GenomeWideSNP_6_F10_781756	16	55816705	55848068	16	0.639
FOXED_p_TCGA_b122_128_SNP_N_GenomeWideSNP_6_F10_781756	16	55853059	66159298	6872	0.0421
FOXED_p_TCGA_b122_128_SNP_N_GenomeWideSNP_6_F10_781756	16	66162229	66163067	4	-1.0295
FOXED_p_TCGA_b122_128_SNP_N_GenomeWideSNP_6_F10_781756	16	66167732	70122849	1862	0.0582
FOXED_p_TCGA_b122_128_SNP_N_GenomeWideSNP_6_F10_781756	16	70124348	70198396	23	-0.5286
FOXED_p_TCGA_b122_128_SNP_N_GenomeWideSNP_6_F10_781756	16	70211444	71038994	346	0.0636
FOXED_p_TCGA_b122_128_SNP_N_GenomeWideSNP_6_F10_781756	16	71039327	71183307	56	0.4031
FOXED_p_TCGA_b122_128_SNP_N_GenomeWideSNP_6_F10_781756	16	71184898	74369531	2019	0.0619
FOXED_p_TCGA_b122_128_SNP_N_GenomeWideSNP_6_F10_781756	16	74384258	74466566	13	-0.6321
FOXED_p_TCGA_b122_128_SNP_N_GenomeWideSNP_6_F10_781756	16	74466810	75242729	469	0.0268
FOXED_p_TCGA_b122_128_SNP_N_GenomeWideSNP_6_F10_781756	16	75246042	75248246	2	-2.2047
FOXED_p_TCGA_b122_128_SNP_N_GenomeWideSNP_6_F10_781756	16	75248767	78371608	2734	0.054
FOXED_p_TCGA_b122_128_SNP_N_GenomeWideSNP_6_F10_781756	16	78372440	78379675	13	0.9221
FOXED_p_TCGA_b122_128_SNP_N_GenomeWideSNP_6_F10_781756	16	78381263	79115961	1012	0.0046
FOXED_p_TCGA_b122_128_SNP_N_GenomeWideSNP_6_F10_781756	16	79116504	79117608	3	-1.9869
FOXED_p_TCGA_b122_128_SNP_N_GenomeWideSNP_6_F10_781756	16	79118610	79236830	152	0.0585
FOXED_p_TCGA_b122_128_SNP_N_GenomeWideSNP_6_F10_781756	16	79236908	79237608	4	-0.8283
FOXED_p_TCGA_b122_128_SNP_N_GenomeWideSNP_6_F10_781756	16	79237901	79266012	34	0.0164
FOXED_p_TCGA_b122_128_SNP_N_GenomeWideSNP_6_F10_781756	16	79268886	79269859	2	-1.5156
FOXED_p_TCGA_b122_128_SNP_N_GenomeWideSNP_6_F10_781756	16	79271549	80900186	1746	0.0444
FOXED_p_TCGA_b122_128_SNP_N_GenomeWideSNP_6_F10_781756	16	80902859	80904259	3	-1.6782
FOXED_p_TCGA_b122_128_SNP_N_GenomeWideSNP_6_F10_781756	16	80905038	80947626	50	0.0487
FOXED_p_TCGA_b122_128_SNP_N_GenomeWideSNP_6_F10_781756	16	80947894	80947996	2	-2.0921
FOXED_p_TCGA_b122_128_SNP_N_GenomeWideSNP_6_F10_781756	16	80950324	81208822	247	0.0154
FOXED_p_TCGA_b122_128_SNP_N_GenomeWideSNP_6_F10_781756	16	81209378	81211548	6	-1.1489
FOXED_p_TCGA_b122_128_SNP_N_GenomeWideSNP_6_F10_781756	16	81212069	81230341	12	-0.1353
FOXED_p_TCGA_b122_128_SNP_N_GenomeWideSNP_6_F10_781756	16	81230444	81232590	4	-2.4732
FOXED_p_TCGA_b122_128_SNP_N_GenomeWideSNP_6_F10_781756	16	81233418	81503403	242	0.0529
FOXED_p_TCGA_b122_128_SNP_N_GenomeWideSNP_6_F10_781756	16	81503540	81512821	16	-0.7267
FOXED_p_TCGA_b122_128_SNP_N_GenomeWideSNP_6_F10_781756	16	81513419	82705111	1200	0.0294
FOXED_p_TCGA_b122_128_SNP_N_GenomeWideSNP_6_F10_781756	16	82705222	82712315	16	-0.6384
FOXED_p_TCGA_b122_128_SNP_N_GenomeWideSNP_6_F10_781756	16	82713009	83127844	469	0.0083
FOXED_p_TCGA_b122_128_SNP_N_GenomeWideSNP_6_F10_781756	16	83128114	83129182	2	-1.8268
FOXED_p_TCGA_b122_128_SNP_N_GenomeWideSNP_6_F10_781756	16	83129599	84042848	1128	0.0516
FOXED_p_TCGA_b122_128_SNP_N_GenomeWideSNP_6_F10_781756	16	84044700	84052662	11	-0.8096
FOXED_p_TCGA_b122_128_SNP_N_GenomeWideSNP_6_F10_781756	16	84056487	84057802	8	0.5643
FOXED_p_TCGA_b122_128_SNP_N_GenomeWideSNP_6_F10_781756	16	84062928	84073053	13	-0.0513
FOXED_p_TCGA_b122_128_SNP_N_GenomeWideSNP_6_F10_781756	16	84074071	84077504	6	-0.851
FOXED_p_TCGA_b122_128_SNP_N_GenomeWideSNP_6_F10_781756	16	84080769	84211620	78	0.0578
FOXED_p_TCGA_b122_128_SNP_N_GenomeWideSNP_6_F10_781756	16	84211718	84234231	23	-0.6341
FOXED_p_TCGA_b122_128_SNP_N_GenomeWideSNP_6_F10_781756	16	84235763	84497924	268	-0.0077
FOXED_p_TCGA_b122_128_SNP_N_GenomeWideSNP_6_F10_781756	16	84498220	84498781	5	-1.2412
FOXED_p_TCGA_b122_128_SNP_N_GenomeWideSNP_6_F10_781756	16	84505388	86787602	2072	0.0386
FOXED_p_TCGA_b122_128_SNP_N_GenomeWideSNP_6_F10_781756	16	86788335	86788808	4	-2.5384
FOXED_p_TCGA_b122_128_SNP_N_GenomeWideSNP_6_F10_781756	16	86789704	88099282	927	0.0461
FOXED_p_TCGA_b122_128_SNP_N_GenomeWideSNP_6_F10_781756	16	88100321	88127685	16	-0.8185
FOXED_p_TCGA_b122_128_SNP_N_GenomeWideSNP_6_F10_781756	16	88130401	90287535	838	0.0375
FOXED_p_TCGA_b122_128_SNP_N_GenomeWideSNP_6_F10_781756	17	526	18355392	11436	0.0293
FOXED_p_TCGA_b122_128_SNP_N_GenomeWideSNP_6_F10_781756	17	18358946	18453437	25	-1.1897
FOXED_p_TCGA_b122_128_SNP_N_GenomeWideSNP_6_F10_781756	17	18459272	32460166	5508	0.056
FOXED_p_TCGA_b122_128_SNP_N_GenomeWideSNP_6_F10_781756	17	32460717	32461849	2	-1.5159
FOXED_p_TCGA_b122_128_SNP_N_GenomeWideSNP_6_F10_781756	17	32464670	39423090	3983	0.043
FOXED_p_TCGA_b122_128_SNP_N_GenomeWideSNP_6_F10_781756	17	39423103	39430531	19	-0.4515
FOXED_p_TCGA_b122_128_SNP_N_GenomeWideSNP_6_F10_781756	17	39432724	44212428	2545	0.0645
FOXED_p_TCGA_b122_128_SNP_N_GenomeWideSNP_6_F10_781756	17	44213204	44794755	150	0.441
FOXED_p_TCGA_b122_128_SNP_N_GenomeWideSNP_6_F10_781756	17	44795190	55686012	6991	0.0512
FOXED_p_TCGA_b122_128_SNP_N_GenomeWideSNP_6_F10_781756	17	55687489	55688993	3	-1.4879
FOXED_p_TCGA_b122_128_SNP_N_GenomeWideSNP_6_F10_781756	17	55691993	57049658	759	0.0407
FOXED_p_TCGA_b122_128_SNP_N_GenomeWideSNP_6_F10_781756	17	57053421	57170711	45	0.3516
FOXED_p_TCGA_b122_128_SNP_N_GenomeWideSNP_6_F10_781756	17	57171147	63117332	2833	0.037
FOXED_p_TCGA_b122_128_SNP_N_GenomeWideSNP_6_F10_781756	17	63121629	63124303	4	-1.1068
FOXED_p_TCGA_b122_128_SNP_N_GenomeWideSNP_6_F10_781756	17	63126850	65402050	1567	0.0679
FOXED_p_TCGA_b122_128_SNP_N_GenomeWideSNP_6_F10_781756	17	65402461	65404041	2	-1.7631
FOXED_p_TCGA_b122_128_SNP_N_GenomeWideSNP_6_F10_781756	17	65404374	70772407	3825	0.0548
FOXED_p_TCGA_b122_128_SNP_N_GenomeWideSNP_6_F10_781756	17	70772793	70778012	4	-1.6234
FOXED_p_TCGA_b122_128_SNP_N_GenomeWideSNP_6_F10_781756	17	70779765	72534875	1219	0.0229
FOXED_p_TCGA_b122_128_SNP_N_GenomeWideSNP_6_F10_781756	17	72534967	72537488	5	-1.1643
FOXED_p_TCGA_b122_128_SNP_N_GenomeWideSNP_6_F10_781756	17	72537767	72633815	76	-0.1322
FOXED_p_TCGA_b122_128_SNP_N_GenomeWideSNP_6_F10_781756	17	72635906	72649120	14	-0.907
FOXED_p_TCGA_b122_128_SNP_N_GenomeWideSNP_6_F10_781756	17	72649463	76638628	2125	0.0267
FOXED_p_TCGA_b122_128_SNP_N_GenomeWideSNP_6_F10_781756	17	76640691	76644567	3	-1.5083
FOXED_p_TCGA_b122_128_SNP_N_GenomeWideSNP_6_F10_781756	17	76648526	81049726	2098	0.0266
FOXED_p_TCGA_b122_128_SNP_N_GenomeWideSNP_6_F10_781756	18	11543	2059651	1467	-0.1625
FOXED_p_TCGA_b122_128_SNP_N_GenomeWideSNP_6_F10_781756	18	2068407	2069951	3	-2.5613
FOXED_p_TCGA_b122_128_SNP_N_GenomeWideSNP_6_F10_781756	18	2072156	2639832	418	-0.1901
FOXED_p_TCGA_b122_128_SNP_N_GenomeWideSNP_6_F10_781756	18	2640789	2641858	4	-2.9518
FOXED_p_TCGA_b122_128_SNP_N_GenomeWideSNP_6_F10_781756	18	2642720	3261222	400	-0.1851
FOXED_p_TCGA_b122_128_SNP_N_GenomeWideSNP_6_F10_781756	18	3265013	3268550	6	-1.2888
FOXED_p_TCGA_b122_128_SNP_N_GenomeWideSNP_6_F10_781756	18	3268658	4334465	804	-0.2029
FOXED_p_TCGA_b122_128_SNP_N_GenomeWideSNP_6_F10_781756	18	4334839	4336616	4	-1.4947
FOXED_p_TCGA_b122_128_SNP_N_GenomeWideSNP_6_F10_781756	18	4336748	5962014	1112	-0.2173
FOXED_p_TCGA_b122_128_SNP_N_GenomeWideSNP_6_F10_781756	18	5963763	6049775	96	-0.5887
FOXED_p_TCGA_b122_128_SNP_N_GenomeWideSNP_6_F10_781756	18	6051246	6531547	312	-0.1923
FOXED_p_TCGA_b122_128_SNP_N_GenomeWideSNP_6_F10_781756	18	6532077	6541010	5	-1.862
FOXED_p_TCGA_b122_128_SNP_N_GenomeWideSNP_6_F10_781756	18	6542068	28983547	12143	-0.196
FOXED_p_TCGA_b122_128_SNP_N_GenomeWideSNP_6_F10_781756	18	28986262	29021623	24	0.2392
FOXED_p_TCGA_b122_128_SNP_N_GenomeWideSNP_6_F10_781756	18	29029474	38258082	5959	-0.1904
FOXED_p_TCGA_b122_128_SNP_N_GenomeWideSNP_6_F10_781756	18	38258096	38265389	32	0.3353
FOXED_p_TCGA_b122_128_SNP_N_GenomeWideSNP_6_F10_781756	18	38268024	40986259	1807	-0.2163
FOXED_p_TCGA_b122_128_SNP_N_GenomeWideSNP_6_F10_781756	18	40988064	40988542	3	-1.9888
FOXED_p_TCGA_b122_128_SNP_N_GenomeWideSNP_6_F10_781756	18	40990377	41069732	46	-0.2235
FOXED_p_TCGA_b122_128_SNP_N_GenomeWideSNP_6_F10_781756	18	41069878	41073030	2	-1.748
FOXED_p_TCGA_b122_128_SNP_N_GenomeWideSNP_6_F10_781756	18	41078200	42798706	1081	-0.194
FOXED_p_TCGA_b122_128_SNP_N_GenomeWideSNP_6_F10_781756	18	42799809	42817435	11	-0.9183
FOXED_p_TCGA_b122_128_SNP_N_GenomeWideSNP_6_F10_781756	18	42819280	47629764	3370	-0.1801
FOXED_p_TCGA_b122_128_SNP_N_GenomeWideSNP_6_F10_781756	18	47630910	47633151	4	-1.6516
FOXED_p_TCGA_b122_128_SNP_N_GenomeWideSNP_6_F10_781756	18	47634591	58096656	7212	-0.1895
FOXED_p_TCGA_b122_128_SNP_N_GenomeWideSNP_6_F10_781756	18	58097539	58126311	50	0.2233
FOXED_p_TCGA_b122_128_SNP_N_GenomeWideSNP_6_F10_781756	18	58126348	63200466	3521	-0.1926
FOXED_p_TCGA_b122_128_SNP_N_GenomeWideSNP_6_F10_781756	18	63200479	63207211	20	0.7696
FOXED_p_TCGA_b122_128_SNP_N_GenomeWideSNP_6_F10_781756	18	63207257	74785710	8684	-0.186
FOXED_p_TCGA_b122_128_SNP_N_GenomeWideSNP_6_F10_781756	18	74785812	74791074	4	-2.2653
FOXED_p_TCGA_b122_128_SNP_N_GenomeWideSNP_6_F10_781756	18	74791852	74883452	70	-0.3082
FOXED_p_TCGA_b122_128_SNP_N_GenomeWideSNP_6_F10_781756	18	74884874	74885470	3	-2.0501
FOXED_p_TCGA_b122_128_SNP_N_GenomeWideSNP_6_F10_781756	18	74885674	78015057	2009	-0.2139
FOXED_p_TCGA_b122_128_SNP_N_GenomeWideSNP_6_F10_781756	19	90910	1773503	391	-0.1904
FOXED_p_TCGA_b122_128_SNP_N_GenomeWideSNP_6_F10_781756	19	1778039	1782189	2	-2.5939
FOXED_p_TCGA_b122_128_SNP_N_GenomeWideSNP_6_F10_781756	19	1783146	20594676	8567	-0.1538
FOXED_p_TCGA_b122_128_SNP_N_GenomeWideSNP_6_F10_781756	19	20596206	20716389	69	-1.2563
FOXED_p_TCGA_b122_128_SNP_N_GenomeWideSNP_6_F10_781756	19	20720881	24371467	2145	-0.152
FOXED_p_TCGA_b122_128_SNP_N_GenomeWideSNP_6_F10_781756	19	24373083	28072959	103	0.2104
FOXED_p_TCGA_b122_128_SNP_N_GenomeWideSNP_6_F10_781756	19	28080765	32608345	3394	-0.187
FOXED_p_TCGA_b122_128_SNP_N_GenomeWideSNP_6_F10_781756	19	32611285	35472835	1829	0.1622
FOXED_p_TCGA_b122_128_SNP_N_GenomeWideSNP_6_F10_781756	19	35475380	41495156	3201	-0.1362
FOXED_p_TCGA_b122_128_SNP_N_GenomeWideSNP_6_F10_781756	19	41495239	41500915	6	-1.1001
FOXED_p_TCGA_b122_128_SNP_N_GenomeWideSNP_6_F10_781756	19	41501515	43333744	834	-0.1349
FOXED_p_TCGA_b122_128_SNP_N_GenomeWideSNP_6_F10_781756	19	43337486	43668051	156	0.4941
FOXED_p_TCGA_b122_128_SNP_N_GenomeWideSNP_6_F10_781756	19	43669030	55466952	6351	-0.1386
FOXED_p_TCGA_b122_128_SNP_N_GenomeWideSNP_6_F10_781756	19	55481398	55481669	2	-2.8506
FOXED_p_TCGA_b122_128_SNP_N_GenomeWideSNP_6_F10_781756	19	55483219	56282369	371	-0.1361
FOXED_p_TCGA_b122_128_SNP_N_GenomeWideSNP_6_F10_781756	19	56282535	56286293	4	-1.6402
FOXED_p_TCGA_b122_128_SNP_N_GenomeWideSNP_6_F10_781756	19	56288941	56301236	14	-0.0293
FOXED_p_TCGA_b122_128_SNP_N_GenomeWideSNP_6_F10_781756	19	56302961	56307583	3	-0.5317
FOXED_p_TCGA_b122_128_SNP_N_GenomeWideSNP_6_F10_781756	19	56307655	56307847	4	-2.2465
FOXED_p_TCGA_b122_128_SNP_N_GenomeWideSNP_6_F10_781756	19	56309150	56458118	148	-0.1373
FOXED_p_TCGA_b122_128_SNP_N_GenomeWideSNP_6_F10_781756	19	56462032	56462607	2	-3.1446
FOXED_p_TCGA_b122_128_SNP_N_GenomeWideSNP_6_F10_781756	19	56462916	59097854	1670	-0.1575
FOXED_p_TCGA_b122_128_SNP_N_GenomeWideSNP_6_F10_781756	20	61305	1560787	1203	0.6298
FOXED_p_TCGA_b122_128_SNP_N_GenomeWideSNP_6_F10_781756	20	1560802	1593893	45	-0.2279
FOXED_p_TCGA_b122_128_SNP_N_GenomeWideSNP_6_F10_781756	20	1597946	12174020	8093	0.6299
FOXED_p_TCGA_b122_128_SNP_N_GenomeWideSNP_6_F10_781756	20	12175478	12179036	5	-0.6485
FOXED_p_TCGA_b122_128_SNP_N_GenomeWideSNP_6_F10_781756	20	12185756	26305579	10723	0.6293
FOXED_p_TCGA_b122_128_SNP_N_GenomeWideSNP_6_F10_781756	20	29420352	29492738	19	-0.23
FOXED_p_TCGA_b122_128_SNP_N_GenomeWideSNP_6_F10_781756	20	29493853	29601779	30	0.516
FOXED_p_TCGA_b122_128_SNP_N_GenomeWideSNP_6_F10_781756	20	29609245	29648997	11	0.0754
FOXED_p_TCGA_b122_128_SNP_N_GenomeWideSNP_6_F10_781756	20	29651211	40035236	5746	0.6242
FOXED_p_TCGA_b122_128_SNP_N_GenomeWideSNP_6_F10_781756	20	40038269	40040167	2	-0.6488
FOXED_p_TCGA_b122_128_SNP_N_GenomeWideSNP_6_F10_781756	20	40041416	48782534	6253	0.6376
FOXED_p_TCGA_b122_128_SNP_N_GenomeWideSNP_6_F10_781756	20	48791719	48792793	2	-1.9864
FOXED_p_TCGA_b122_128_SNP_N_GenomeWideSNP_6_F10_781756	20	48794917	52652360	2894	0.6408
FOXED_p_TCGA_b122_128_SNP_N_GenomeWideSNP_6_F10_781756	20	52652478	52654632	22	1.0831
FOXED_p_TCGA_b122_128_SNP_N_GenomeWideSNP_6_F10_781756	20	52654644	54259052	1361	0.636
FOXED_p_TCGA_b122_128_SNP_N_GenomeWideSNP_6_F10_781756	20	54259204	54259339	2	-0.7229
FOXED_p_TCGA_b122_128_SNP_N_GenomeWideSNP_6_F10_781756	20	54261561	58073713	3039	0.6258
FOXED_p_TCGA_b122_128_SNP_N_GenomeWideSNP_6_F10_781756	20	58073920	58077592	3	-0.5743
FOXED_p_TCGA_b122_128_SNP_N_GenomeWideSNP_6_F10_781756	20	58078847	59562538	1266	0.6015
FOXED_p_TCGA_b122_128_SNP_N_GenomeWideSNP_6_F10_781756	20	59564091	59564812	2	-1.319
FOXED_p_TCGA_b122_128_SNP_N_GenomeWideSNP_6_F10_781756	20	59565245	62956153	1798	0.6097
FOXED_p_TCGA_b122_128_SNP_N_GenomeWideSNP_6_F10_781756	21	10736871	20058761	3710	-0.1139
FOXED_p_TCGA_b122_128_SNP_N_GenomeWideSNP_6_F10_781756	21	20059626	20064471	5	-1.261
FOXED_p_TCGA_b122_128_SNP_N_GenomeWideSNP_6_F10_781756	21	20065900	23046215	2255	-0.1554
FOXED_p_TCGA_b122_128_SNP_N_GenomeWideSNP_6_F10_781756	21	23047133	23047817	3	-1.4872
FOXED_p_TCGA_b122_128_SNP_N_GenomeWideSNP_6_F10_781756	21	23048157	24500841	1132	-0.1134
FOXED_p_TCGA_b122_128_SNP_N_GenomeWideSNP_6_F10_781756	21	24505657	24519355	10	0.8303
FOXED_p_TCGA_b122_128_SNP_N_GenomeWideSNP_6_F10_781756	21	24521102	27221641	2013	-0.1513
FOXED_p_TCGA_b122_128_SNP_N_GenomeWideSNP_6_F10_781756	21	27222822	27224406	4	-1.295
FOXED_p_TCGA_b122_128_SNP_N_GenomeWideSNP_6_F10_781756	21	27224871	28109985	714	-0.182
FOXED_p_TCGA_b122_128_SNP_N_GenomeWideSNP_6_F10_781756	21	28110569	28112756	2	-2.3455
FOXED_p_TCGA_b122_128_SNP_N_GenomeWideSNP_6_F10_781756	21	28113180	46848156	13783	-0.1422
FOXED_p_TCGA_b122_128_SNP_N_GenomeWideSNP_6_F10_781756	21	46848439	46848589	3	-2.2281
FOXED_p_TCGA_b122_128_SNP_N_GenomeWideSNP_6_F10_781756	21	46849221	48096957	720	-0.2107
FOXED_p_TCGA_b122_128_SNP_N_GenomeWideSNP_6_F10_781756	22	16052528	24344422	4614	0.022
FOXED_p_TCGA_b122_128_SNP_N_GenomeWideSNP_6_F10_781756	22	24350529	24396814	19	-2.0986
FOXED_p_TCGA_b122_128_SNP_N_GenomeWideSNP_6_F10_781756	22	24401529	25074801	339	0.0088
FOXED_p_TCGA_b122_128_SNP_N_GenomeWideSNP_6_F10_781756	22	25076471	25081254	13	0.5621
FOXED_p_TCGA_b122_128_SNP_N_GenomeWideSNP_6_F10_781756	22	25081270	25658525	465	5e-04
FOXED_p_TCGA_b122_128_SNP_N_GenomeWideSNP_6_F10_781756	22	25658561	25685837	17	-0.6539
FOXED_p_TCGA_b122_128_SNP_N_GenomeWideSNP_6_F10_781756	22	25689073	44830242	13353	-0.0013
FOXED_p_TCGA_b122_128_SNP_N_GenomeWideSNP_6_F10_781756	22	44833001	44835076	2	-2.372
FOXED_p_TCGA_b122_128_SNP_N_GenomeWideSNP_6_F10_781756	22	44836364	48074023	2303	-0.0038
FOXED_p_TCGA_b122_128_SNP_N_GenomeWideSNP_6_F10_781756	22	48074061	48084299	7	-1.0783
FOXED_p_TCGA_b122_128_SNP_N_GenomeWideSNP_6_F10_781756	22	48085789	50510258	2072	-0.0909
FOXED_p_TCGA_b122_128_SNP_N_GenomeWideSNP_6_F10_781756	22	50523417	50523433	2	-2.1786
FOXED_p_TCGA_b122_128_SNP_N_GenomeWideSNP_6_F10_781756	22	50527818	51234455	319	0.0161
FOXED_p_TCGA_b122_128_SNP_N_GenomeWideSNP_6_F10_781756	X	168477	377876	11	0.8083
FOXED_p_TCGA_b122_128_SNP_N_GenomeWideSNP_6_F10_781756	X	387725	387775	4	-0.1747
FOXED_p_TCGA_b122_128_SNP_N_GenomeWideSNP_6_F10_781756	X	401522	469800	10	0.5824
FOXED_p_TCGA_b122_128_SNP_N_GenomeWideSNP_6_F10_781756	X	480587	492200	4	-0.3852
FOXED_p_TCGA_b122_128_SNP_N_GenomeWideSNP_6_F10_781756	X	492496	2666353	66	0.6529
FOXED_p_TCGA_b122_128_SNP_N_GenomeWideSNP_6_F10_781756	X	2703391	8271157	4177	-0.0157
FOXED_p_TCGA_b122_128_SNP_N_GenomeWideSNP_6_F10_781756	X	8271445	8272423	6	-3.2148
FOXED_p_TCGA_b122_128_SNP_N_GenomeWideSNP_6_F10_781756	X	8273086	22855969	9384	0.0125
FOXED_p_TCGA_b122_128_SNP_N_GenomeWideSNP_6_F10_781756	X	22856062	22856962	6	-2.0677
FOXED_p_TCGA_b122_128_SNP_N_GenomeWideSNP_6_F10_781756	X	22860429	23234219	327	0.0021
FOXED_p_TCGA_b122_128_SNP_N_GenomeWideSNP_6_F10_781756	X	23235046	23235365	3	-1.7039
FOXED_p_TCGA_b122_128_SNP_N_GenomeWideSNP_6_F10_781756	X	23235725	26208935	1888	0.0226
FOXED_p_TCGA_b122_128_SNP_N_GenomeWideSNP_6_F10_781756	X	26210317	26210586	2	-3.3676
FOXED_p_TCGA_b122_128_SNP_N_GenomeWideSNP_6_F10_781756	X	26218662	28753071	1561	5e-04
FOXED_p_TCGA_b122_128_SNP_N_GenomeWideSNP_6_F10_781756	X	28753389	28754651	2	-3.5569
FOXED_p_TCGA_b122_128_SNP_N_GenomeWideSNP_6_F10_781756	X	28754785	32548066	2572	-0.0322
FOXED_p_TCGA_b122_128_SNP_N_GenomeWideSNP_6_F10_781756	X	32548448	32549349	2	-3.6183
FOXED_p_TCGA_b122_128_SNP_N_GenomeWideSNP_6_F10_781756	X	32551965	33034694	421	-0.0597
FOXED_p_TCGA_b122_128_SNP_N_GenomeWideSNP_6_F10_781756	X	33034857	33034982	2	-3.2306
FOXED_p_TCGA_b122_128_SNP_N_GenomeWideSNP_6_F10_781756	X	33035017	38297157	3196	0.0164
FOXED_p_TCGA_b122_128_SNP_N_GenomeWideSNP_6_F10_781756	X	38297557	38297600	2	-6.9658
FOXED_p_TCGA_b122_128_SNP_N_GenomeWideSNP_6_F10_781756	X	38298009	58317986	9648	0.0379
FOXED_p_TCGA_b122_128_SNP_N_GenomeWideSNP_6_F10_781756	X	58318148	62133404	108	0.4561
FOXED_p_TCGA_b122_128_SNP_N_GenomeWideSNP_6_F10_781756	X	62135603	74600797	5485	0.0399
FOXED_p_TCGA_b122_128_SNP_N_GenomeWideSNP_6_F10_781756	X	74601184	74720903	54	0.4187
FOXED_p_TCGA_b122_128_SNP_N_GenomeWideSNP_6_F10_781756	X	74721997	85354943	5376	0.0183
FOXED_p_TCGA_b122_128_SNP_N_GenomeWideSNP_6_F10_781756	X	85357492	85364295	2	-2.0117
FOXED_p_TCGA_b122_128_SNP_N_GenomeWideSNP_6_F10_781756	X	85365007	85907632	386	0.0135
FOXED_p_TCGA_b122_128_SNP_N_GenomeWideSNP_6_F10_781756	X	85907780	85912480	2	-1.9688
FOXED_p_TCGA_b122_128_SNP_N_GenomeWideSNP_6_F10_781756	X	85912658	87025623	718	-0.0239
FOXED_p_TCGA_b122_128_SNP_N_GenomeWideSNP_6_F10_781756	X	87028023	87028977	3	-2.3761
FOXED_p_TCGA_b122_128_SNP_N_GenomeWideSNP_6_F10_781756	X	87030498	92310735	2398	0.0339
FOXED_p_TCGA_b122_128_SNP_N_GenomeWideSNP_6_F10_781756	X	92311028	92336897	37	0.5866
FOXED_p_TCGA_b122_128_SNP_N_GenomeWideSNP_6_F10_781756	X	92336913	93596095	797	-0.0396
FOXED_p_TCGA_b122_128_SNP_N_GenomeWideSNP_6_F10_781756	X	93602043	93602075	2	-5.1733
FOXED_p_TCGA_b122_128_SNP_N_GenomeWideSNP_6_F10_781756	X	93602098	110359410	8952	-0.0011
FOXED_p_TCGA_b122_128_SNP_N_GenomeWideSNP_6_F10_781756	X	110360631	110361790	5	-4.48
FOXED_p_TCGA_b122_128_SNP_N_GenomeWideSNP_6_F10_781756	X	110366760	126988282	9699	-0.0128
FOXED_p_TCGA_b122_128_SNP_N_GenomeWideSNP_6_F10_781756	X	126991157	126991643	2	-3.733
FOXED_p_TCGA_b122_128_SNP_N_GenomeWideSNP_6_F10_781756	X	126995587	137260084	5497	0.0134
FOXED_p_TCGA_b122_128_SNP_N_GenomeWideSNP_6_F10_781756	X	137263149	137340364	62	-1.144
FOXED_p_TCGA_b122_128_SNP_N_GenomeWideSNP_6_F10_781756	X	137340500	145323864	5214	-0.0563
FOXED_p_TCGA_b122_128_SNP_N_GenomeWideSNP_6_F10_781756	X	145323912	145366552	44	-0.9547
FOXED_p_TCGA_b122_128_SNP_N_GenomeWideSNP_6_F10_781756	X	145366648	151038722	3767	-0.0362
FOXED_p_TCGA_b122_128_SNP_N_GenomeWideSNP_6_F10_781756	X	151041021	151041999	3	-3.6945
FOXED_p_TCGA_b122_128_SNP_N_GenomeWideSNP_6_F10_781756	X	151042244	154463794	1665	0.0573
FOXED_p_TCGA_b122_128_SNP_N_GenomeWideSNP_6_F10_781756	X	154465584	154467737	6	-0.7566
FOXED_p_TCGA_b122_128_SNP_N_GenomeWideSNP_6_F10_781756	X	154473263	154925045	175	0.2037
FOXED_p_TCGA_b122_128_SNP_N_GenomeWideSNP_6_F10_781756	X	154928637	155182354	26	0.728
FOXED_p_TCGA_b122_128_SNP_N_GenomeWideSNP_6_F10_781756	Y	2650438	19170442	5442	-1.5526
FOXED_p_TCGA_b122_128_SNP_N_GenomeWideSNP_6_F10_781756	Y	19179335	19179540	3	-5.7897
FOXED_p_TCGA_b122_128_SNP_N_GenomeWideSNP_6_F10_781756	Y	19182271	59018259	3159	-1.6269
