Sample	Chromosome	Start	End	Num_Probes	Segment_Mean
HELVE_p_TCGA_b139_154_155_SNP_N_GenomeWideSNP_6_E07_808596	1	61735	229173	22	-0.2563
HELVE_p_TCGA_b139_154_155_SNP_N_GenomeWideSNP_6_E07_808596	1	229619	16363940	8490	0.0186
HELVE_p_TCGA_b139_154_155_SNP_N_GenomeWideSNP_6_E07_808596	1	16368133	16379416	6	-0.9678
HELVE_p_TCGA_b139_154_155_SNP_N_GenomeWideSNP_6_E07_808596	1	16389566	25595881	5644	0.0196
HELVE_p_TCGA_b139_154_155_SNP_N_GenomeWideSNP_6_E07_808596	1	25595947	25646986	26	0.6023
HELVE_p_TCGA_b139_154_155_SNP_N_GenomeWideSNP_6_E07_808596	1	25661501	72763370	28843	0.014
HELVE_p_TCGA_b139_154_155_SNP_N_GenomeWideSNP_6_E07_808596	1	72768418	72816755	51	-0.7395
HELVE_p_TCGA_b139_154_155_SNP_N_GenomeWideSNP_6_E07_808596	1	72817021	83082955	6601	-0.0141
HELVE_p_TCGA_b139_154_155_SNP_N_GenomeWideSNP_6_E07_808596	1	83083272	83385505	256	-0.315
HELVE_p_TCGA_b139_154_155_SNP_N_GenomeWideSNP_6_E07_808596	1	83388916	89475255	4113	0.0155
HELVE_p_TCGA_b139_154_155_SNP_N_GenomeWideSNP_6_E07_808596	1	89477958	89478205	2	-2.1505
HELVE_p_TCGA_b139_154_155_SNP_N_GenomeWideSNP_6_E07_808596	1	89481524	106013376	10044	0.0033
HELVE_p_TCGA_b139_154_155_SNP_N_GenomeWideSNP_6_E07_808596	1	106019205	106022375	17	0.699
HELVE_p_TCGA_b139_154_155_SNP_N_GenomeWideSNP_6_E07_808596	1	106024055	110233118	2675	0.0115
HELVE_p_TCGA_b139_154_155_SNP_N_GenomeWideSNP_6_E07_808596	1	110233262	110236947	10	-1.1508
HELVE_p_TCGA_b139_154_155_SNP_N_GenomeWideSNP_6_E07_808596	1	110239522	111376220	843	0.0291
HELVE_p_TCGA_b139_154_155_SNP_N_GenomeWideSNP_6_E07_808596	1	111377368	111383954	36	-0.8468
HELVE_p_TCGA_b139_154_155_SNP_N_GenomeWideSNP_6_E07_808596	1	111383972	112690326	1079	0.0132
HELVE_p_TCGA_b139_154_155_SNP_N_GenomeWideSNP_6_E07_808596	1	112695965	112697198	21	0.4573
HELVE_p_TCGA_b139_154_155_SNP_N_GenomeWideSNP_6_E07_808596	1	112697213	152555176	8040	0.0142
HELVE_p_TCGA_b139_154_155_SNP_N_GenomeWideSNP_6_E07_808596	1	152555527	152586594	36	0.5065
HELVE_p_TCGA_b139_154_155_SNP_N_GenomeWideSNP_6_E07_808596	1	152590494	152761923	172	-0.0192
HELVE_p_TCGA_b139_154_155_SNP_N_GenomeWideSNP_6_E07_808596	1	152761939	152768700	36	0.5484
HELVE_p_TCGA_b139_154_155_SNP_N_GenomeWideSNP_6_E07_808596	1	152773905	169216937	11327	0.0109
HELVE_p_TCGA_b139_154_155_SNP_N_GenomeWideSNP_6_E07_808596	1	169233974	169241766	7	-1.7769
HELVE_p_TCGA_b139_154_155_SNP_N_GenomeWideSNP_6_E07_808596	1	169242401	208065184	25398	0.0136
HELVE_p_TCGA_b139_154_155_SNP_N_GenomeWideSNP_6_E07_808596	1	208065610	208067651	2	-1.9319
HELVE_p_TCGA_b139_154_155_SNP_N_GenomeWideSNP_6_E07_808596	1	208068579	222366668	10324	0.0075
HELVE_p_TCGA_b139_154_155_SNP_N_GenomeWideSNP_6_E07_808596	1	222374834	222377004	2	-2.5773
HELVE_p_TCGA_b139_154_155_SNP_N_GenomeWideSNP_6_E07_808596	1	222382134	238506666	11064	0.0048
HELVE_p_TCGA_b139_154_155_SNP_N_GenomeWideSNP_6_E07_808596	1	238508989	238509373	2	-1.6883
HELVE_p_TCGA_b139_154_155_SNP_N_GenomeWideSNP_6_E07_808596	1	238512614	248737447	7248	0.0035
HELVE_p_TCGA_b139_154_155_SNP_N_GenomeWideSNP_6_E07_808596	1	248749194	248809369	38	-0.7432
HELVE_p_TCGA_b139_154_155_SNP_N_GenomeWideSNP_6_E07_808596	1	248818483	249224388	140	0.0724
HELVE_p_TCGA_b139_154_155_SNP_N_GenomeWideSNP_6_E07_808596	2	12784	4205687	2988	-0.0373
HELVE_p_TCGA_b139_154_155_SNP_N_GenomeWideSNP_6_E07_808596	2	4213864	4224019	42	0.2767
HELVE_p_TCGA_b139_154_155_SNP_N_GenomeWideSNP_6_E07_808596	2	4230062	6131459	1504	-0.0533
HELVE_p_TCGA_b139_154_155_SNP_N_GenomeWideSNP_6_E07_808596	2	6131940	6132330	3	-1.6106
HELVE_p_TCGA_b139_154_155_SNP_N_GenomeWideSNP_6_E07_808596	2	6136534	35975973	20488	-0.0258
HELVE_p_TCGA_b139_154_155_SNP_N_GenomeWideSNP_6_E07_808596	2	35977790	35986716	4	-1.7091
HELVE_p_TCGA_b139_154_155_SNP_N_GenomeWideSNP_6_E07_808596	2	35986908	52758753	12164	-0.0191
HELVE_p_TCGA_b139_154_155_SNP_N_GenomeWideSNP_6_E07_808596	2	52758768	52781542	32	0.5724
HELVE_p_TCGA_b139_154_155_SNP_N_GenomeWideSNP_6_E07_808596	2	52787949	57161155	3195	-0.0048
HELVE_p_TCGA_b139_154_155_SNP_N_GenomeWideSNP_6_E07_808596	2	57161430	57194748	21	-0.7007
HELVE_p_TCGA_b139_154_155_SNP_N_GenomeWideSNP_6_E07_808596	2	57195116	87128201	18779	-0.0256
HELVE_p_TCGA_b139_154_155_SNP_N_GenomeWideSNP_6_E07_808596	2	87129203	87137385	2	-2.319
HELVE_p_TCGA_b139_154_155_SNP_N_GenomeWideSNP_6_E07_808596	2	87161853	98118212	2073	-0.0433
HELVE_p_TCGA_b139_154_155_SNP_N_GenomeWideSNP_6_E07_808596	2	98140747	98162189	9	-0.9958
HELVE_p_TCGA_b139_154_155_SNP_N_GenomeWideSNP_6_E07_808596	2	98166878	130788760	19920	-0.0356
HELVE_p_TCGA_b139_154_155_SNP_N_GenomeWideSNP_6_E07_808596	2	130788774	130874488	18	-0.5214
HELVE_p_TCGA_b139_154_155_SNP_N_GenomeWideSNP_6_E07_808596	2	130874876	180061655	29883	-0.0262
HELVE_p_TCGA_b139_154_155_SNP_N_GenomeWideSNP_6_E07_808596	2	180067192	180079144	3	-1.7345
HELVE_p_TCGA_b139_154_155_SNP_N_GenomeWideSNP_6_E07_808596	2	180083591	208354955	16694	-0.013
HELVE_p_TCGA_b139_154_155_SNP_N_GenomeWideSNP_6_E07_808596	2	208355178	208359336	16	-0.8335
HELVE_p_TCGA_b139_154_155_SNP_N_GenomeWideSNP_6_E07_808596	2	208359476	243089456	22125	-0.0269
HELVE_p_TCGA_b139_154_155_SNP_N_GenomeWideSNP_6_E07_808596	3	60345	77313	19	-0.3238
HELVE_p_TCGA_b139_154_155_SNP_N_GenomeWideSNP_6_E07_808596	3	85215	128189	39	0.4371
HELVE_p_TCGA_b139_154_155_SNP_N_GenomeWideSNP_6_E07_808596	3	134991	6646543	5780	-0.1573
HELVE_p_TCGA_b139_154_155_SNP_N_GenomeWideSNP_6_E07_808596	3	6651128	6653244	22	-0.8172
HELVE_p_TCGA_b139_154_155_SNP_N_GenomeWideSNP_6_E07_808596	3	6653332	16239063	7068	-0.1446
HELVE_p_TCGA_b139_154_155_SNP_N_GenomeWideSNP_6_E07_808596	3	16240556	16241179	6	-1.006
HELVE_p_TCGA_b139_154_155_SNP_N_GenomeWideSNP_6_E07_808596	3	16241325	21747048	3355	-0.1661
HELVE_p_TCGA_b139_154_155_SNP_N_GenomeWideSNP_6_E07_808596	3	21747283	21762662	18	-0.647
HELVE_p_TCGA_b139_154_155_SNP_N_GenomeWideSNP_6_E07_808596	3	21768246	26426191	3605	-0.1462
HELVE_p_TCGA_b139_154_155_SNP_N_GenomeWideSNP_6_E07_808596	3	26434124	26439343	5	-1.0366
HELVE_p_TCGA_b139_154_155_SNP_N_GenomeWideSNP_6_E07_808596	3	26445973	26583220	107	-0.1335
HELVE_p_TCGA_b139_154_155_SNP_N_GenomeWideSNP_6_E07_808596	3	26588441	26615949	33	-0.6126
HELVE_p_TCGA_b139_154_155_SNP_N_GenomeWideSNP_6_E07_808596	3	26615970	37977417	7599	-0.1439
HELVE_p_TCGA_b139_154_155_SNP_N_GenomeWideSNP_6_E07_808596	3	37982108	37986928	18	-1.1585
HELVE_p_TCGA_b139_154_155_SNP_N_GenomeWideSNP_6_E07_808596	3	37987106	46774776	5529	-0.1387
HELVE_p_TCGA_b139_154_155_SNP_N_GenomeWideSNP_6_E07_808596	3	46775383	46844201	38	0.1596
HELVE_p_TCGA_b139_154_155_SNP_N_GenomeWideSNP_6_E07_808596	3	46844293	53031736	2507	-0.1395
HELVE_p_TCGA_b139_154_155_SNP_N_GenomeWideSNP_6_E07_808596	3	53031750	53038588	26	0.2376
HELVE_p_TCGA_b139_154_155_SNP_N_GenomeWideSNP_6_E07_808596	3	53038637	68746164	12033	-0.1605
HELVE_p_TCGA_b139_154_155_SNP_N_GenomeWideSNP_6_E07_808596	3	68746259	68746708	4	-1.5541
HELVE_p_TCGA_b139_154_155_SNP_N_GenomeWideSNP_6_E07_808596	3	68746729	73883107	3905	-0.1605
HELVE_p_TCGA_b139_154_155_SNP_N_GenomeWideSNP_6_E07_808596	3	73886129	73891145	3	-1.6584
HELVE_p_TCGA_b139_154_155_SNP_N_GenomeWideSNP_6_E07_808596	3	73891186	83945963	5662	-0.1586
HELVE_p_TCGA_b139_154_155_SNP_N_GenomeWideSNP_6_E07_808596	3	83946493	83949182	3	-1.3156
HELVE_p_TCGA_b139_154_155_SNP_N_GenomeWideSNP_6_E07_808596	3	83952144	84102222	67	-0.2071
HELVE_p_TCGA_b139_154_155_SNP_N_GenomeWideSNP_6_E07_808596	3	84105433	84106166	2	-2.5262
HELVE_p_TCGA_b139_154_155_SNP_N_GenomeWideSNP_6_E07_808596	3	84110967	98937784	6305	-0.1555
HELVE_p_TCGA_b139_154_155_SNP_N_GenomeWideSNP_6_E07_808596	3	98944458	98949314	37	-0.7197
HELVE_p_TCGA_b139_154_155_SNP_N_GenomeWideSNP_6_E07_808596	3	98949421	162223443	38872	-0.1487
HELVE_p_TCGA_b139_154_155_SNP_N_GenomeWideSNP_6_E07_808596	3	162223475	162236534	14	0.5114
HELVE_p_TCGA_b139_154_155_SNP_N_GenomeWideSNP_6_E07_808596	3	162236885	162508268	168	-0.1503
HELVE_p_TCGA_b139_154_155_SNP_N_GenomeWideSNP_6_E07_808596	3	162512657	162524858	12	0.5247
HELVE_p_TCGA_b139_154_155_SNP_N_GenomeWideSNP_6_E07_808596	3	162528630	162532950	4	-0.4907
HELVE_p_TCGA_b139_154_155_SNP_N_GenomeWideSNP_6_E07_808596	3	162534730	162540490	6	-1.3585
HELVE_p_TCGA_b139_154_155_SNP_N_GenomeWideSNP_6_E07_808596	3	162545716	162625980	47	0.4259
HELVE_p_TCGA_b139_154_155_SNP_N_GenomeWideSNP_6_E07_808596	3	162625995	162714517	73	-0.1874
HELVE_p_TCGA_b139_154_155_SNP_N_GenomeWideSNP_6_E07_808596	3	162717727	162719562	2	-2.0187
HELVE_p_TCGA_b139_154_155_SNP_N_GenomeWideSNP_6_E07_808596	3	162726159	192873704	19101	-0.1445
HELVE_p_TCGA_b139_154_155_SNP_N_GenomeWideSNP_6_E07_808596	3	192873807	192877962	4	0.2167
HELVE_p_TCGA_b139_154_155_SNP_N_GenomeWideSNP_6_E07_808596	3	192878045	192879006	5	1.2162
HELVE_p_TCGA_b139_154_155_SNP_N_GenomeWideSNP_6_E07_808596	3	192880473	192886579	18	0.2945
HELVE_p_TCGA_b139_154_155_SNP_N_GenomeWideSNP_6_E07_808596	3	192886692	197896118	2700	-0.1187
HELVE_p_TCGA_b139_154_155_SNP_N_GenomeWideSNP_6_E07_808596	4	12281	10209869	5791	-0.1823
HELVE_p_TCGA_b139_154_155_SNP_N_GenomeWideSNP_6_E07_808596	4	10209946	10234266	38	0.2071
HELVE_p_TCGA_b139_154_155_SNP_N_GenomeWideSNP_6_E07_808596	4	10234608	69284591	36477	-0.188
HELVE_p_TCGA_b139_154_155_SNP_N_GenomeWideSNP_6_E07_808596	4	69288138	69288142	3	-1.7915
HELVE_p_TCGA_b139_154_155_SNP_N_GenomeWideSNP_6_E07_808596	4	69294799	69360489	14	-0.0571
HELVE_p_TCGA_b139_154_155_SNP_N_GenomeWideSNP_6_E07_808596	4	69367142	69485979	66	0.4661
HELVE_p_TCGA_b139_154_155_SNP_N_GenomeWideSNP_6_E07_808596	4	69489335	77289786	4646	-0.1615
HELVE_p_TCGA_b139_154_155_SNP_N_GenomeWideSNP_6_E07_808596	4	77292076	77292366	4	-1.5623
HELVE_p_TCGA_b139_154_155_SNP_N_GenomeWideSNP_6_E07_808596	4	77292801	78210178	706	-0.1507
HELVE_p_TCGA_b139_154_155_SNP_N_GenomeWideSNP_6_E07_808596	4	78210296	78210510	2	-1.8735
HELVE_p_TCGA_b139_154_155_SNP_N_GenomeWideSNP_6_E07_808596	4	78210975	115173612	22363	-0.1818
HELVE_p_TCGA_b139_154_155_SNP_N_GenomeWideSNP_6_E07_808596	4	115173628	115182175	26	-0.8381
HELVE_p_TCGA_b139_154_155_SNP_N_GenomeWideSNP_6_E07_808596	4	115184229	180093706	39491	-0.1872
HELVE_p_TCGA_b139_154_155_SNP_N_GenomeWideSNP_6_E07_808596	4	180097988	180101922	3	-1.7422
HELVE_p_TCGA_b139_154_155_SNP_N_GenomeWideSNP_6_E07_808596	4	180102020	191027923	7736	-0.1729
HELVE_p_TCGA_b139_154_155_SNP_N_GenomeWideSNP_6_E07_808596	5	15532	12815780	10215	-0.049
HELVE_p_TCGA_b139_154_155_SNP_N_GenomeWideSNP_6_E07_808596	5	12815865	12826650	10	0.8188
HELVE_p_TCGA_b139_154_155_SNP_N_GenomeWideSNP_6_E07_808596	5	12833857	180374523	102625	-0.0374
HELVE_p_TCGA_b139_154_155_SNP_N_GenomeWideSNP_6_E07_808596	5	180378710	180442400	22	0.5849
HELVE_p_TCGA_b139_154_155_SNP_N_GenomeWideSNP_6_E07_808596	5	180442441	180790320	168	-0.0155
HELVE_p_TCGA_b139_154_155_SNP_N_GenomeWideSNP_6_E07_808596	6	149661	26732406	20265	0.1083
HELVE_p_TCGA_b139_154_155_SNP_N_GenomeWideSNP_6_E07_808596	6	26737032	26799849	35	-0.279
HELVE_p_TCGA_b139_154_155_SNP_N_GenomeWideSNP_6_E07_808596	6	26799946	29837072	1429	0.0883
HELVE_p_TCGA_b139_154_155_SNP_N_GenomeWideSNP_6_E07_808596	6	29837187	29874642	22	0.7727
HELVE_p_TCGA_b139_154_155_SNP_N_GenomeWideSNP_6_E07_808596	6	29874709	31277686	665	0.1602
HELVE_p_TCGA_b139_154_155_SNP_N_GenomeWideSNP_6_E07_808596	6	31280823	31309924	13	1.695
HELVE_p_TCGA_b139_154_155_SNP_N_GenomeWideSNP_6_E07_808596	6	31317347	32431292	502	0.1411
HELVE_p_TCGA_b139_154_155_SNP_N_GenomeWideSNP_6_E07_808596	6	32431552	32605576	62	1.3099
HELVE_p_TCGA_b139_154_155_SNP_N_GenomeWideSNP_6_E07_808596	6	32605884	32690027	56	0.2188
HELVE_p_TCGA_b139_154_155_SNP_N_GenomeWideSNP_6_E07_808596	6	32690797	32690830	3	1.9592
HELVE_p_TCGA_b139_154_155_SNP_N_GenomeWideSNP_6_E07_808596	6	32692227	65336942	18046	0.1132
HELVE_p_TCGA_b139_154_155_SNP_N_GenomeWideSNP_6_E07_808596	6	65347544	65348992	2	-1.7437
HELVE_p_TCGA_b139_154_155_SNP_N_GenomeWideSNP_6_E07_808596	6	65350776	78971712	8943	0.0913
HELVE_p_TCGA_b139_154_155_SNP_N_GenomeWideSNP_6_E07_808596	6	78971781	79032592	104	-0.2947
HELVE_p_TCGA_b139_154_155_SNP_N_GenomeWideSNP_6_E07_808596	6	79034940	103734803	15479	0.1053
HELVE_p_TCGA_b139_154_155_SNP_N_GenomeWideSNP_6_E07_808596	6	103734816	103762061	49	0.7194
HELVE_p_TCGA_b139_154_155_SNP_N_GenomeWideSNP_6_E07_808596	6	103765470	110394906	4226	0.108
HELVE_p_TCGA_b139_154_155_SNP_N_GenomeWideSNP_6_E07_808596	6	110396191	110413237	18	-0.475
HELVE_p_TCGA_b139_154_155_SNP_N_GenomeWideSNP_6_E07_808596	6	110415428	139420995	18423	0.1033
HELVE_p_TCGA_b139_154_155_SNP_N_GenomeWideSNP_6_E07_808596	6	139421737	139422683	2	-1.9395
HELVE_p_TCGA_b139_154_155_SNP_N_GenomeWideSNP_6_E07_808596	6	139425123	164492126	17052	0.1005
HELVE_p_TCGA_b139_154_155_SNP_N_GenomeWideSNP_6_E07_808596	6	164492677	164494008	2	-1.4347
HELVE_p_TCGA_b139_154_155_SNP_N_GenomeWideSNP_6_E07_808596	6	164494876	170982534	4507	0.1199
HELVE_p_TCGA_b139_154_155_SNP_N_GenomeWideSNP_6_E07_808596	6	171050379	171051005	2	-1.4074
HELVE_p_TCGA_b139_154_155_SNP_N_GenomeWideSNP_6_E07_808596	7	43355	5950828	3081	0.2543
HELVE_p_TCGA_b139_154_155_SNP_N_GenomeWideSNP_6_E07_808596	7	5956259	5986460	6	-0.6638
HELVE_p_TCGA_b139_154_155_SNP_N_GenomeWideSNP_6_E07_808596	7	5999577	28212972	17156	0.2453
HELVE_p_TCGA_b139_154_155_SNP_N_GenomeWideSNP_6_E07_808596	7	28214397	28215128	2	-1.2574
HELVE_p_TCGA_b139_154_155_SNP_N_GenomeWideSNP_6_E07_808596	7	28217380	51591584	16192	0.2345
HELVE_p_TCGA_b139_154_155_SNP_N_GenomeWideSNP_6_E07_808596	7	51595590	51598709	2	-1.3286
HELVE_p_TCGA_b139_154_155_SNP_N_GenomeWideSNP_6_E07_808596	7	51605045	54386505	2129	0.2226
HELVE_p_TCGA_b139_154_155_SNP_N_GenomeWideSNP_6_E07_808596	7	54386509	54386517	5	-1.7805
HELVE_p_TCGA_b139_154_155_SNP_N_GenomeWideSNP_6_E07_808596	7	54393488	64637128	3143	0.2074
HELVE_p_TCGA_b139_154_155_SNP_N_GenomeWideSNP_6_E07_808596	7	64638157	65091624	224	-0.3415
HELVE_p_TCGA_b139_154_155_SNP_N_GenomeWideSNP_6_E07_808596	7	65094965	143873952	46807	0.2335
HELVE_p_TCGA_b139_154_155_SNP_N_GenomeWideSNP_6_E07_808596	7	143896252	144066947	44	-0.5549
HELVE_p_TCGA_b139_154_155_SNP_N_GenomeWideSNP_6_E07_808596	7	144074929	153147638	5579	0.2413
HELVE_p_TCGA_b139_154_155_SNP_N_GenomeWideSNP_6_E07_808596	7	153147645	153147712	2	-2.3001
HELVE_p_TCGA_b139_154_155_SNP_N_GenomeWideSNP_6_E07_808596	7	153147715	156391790	2482	0.2278
HELVE_p_TCGA_b139_154_155_SNP_N_GenomeWideSNP_6_E07_808596	7	156393168	156394179	3	-1.1785
HELVE_p_TCGA_b139_154_155_SNP_N_GenomeWideSNP_6_E07_808596	7	156394908	159127004	1632	0.2727
HELVE_p_TCGA_b139_154_155_SNP_N_GenomeWideSNP_6_E07_808596	8	31254	46398	2	0.7378
HELVE_p_TCGA_b139_154_155_SNP_N_GenomeWideSNP_6_E07_808596	8	112796	4002192	3791	0.0911
HELVE_p_TCGA_b139_154_155_SNP_N_GenomeWideSNP_6_E07_808596	8	4002207	4002316	3	-1.9953
HELVE_p_TCGA_b139_154_155_SNP_N_GenomeWideSNP_6_E07_808596	8	4002653	4003305	10	0.0728
HELVE_p_TCGA_b139_154_155_SNP_N_GenomeWideSNP_6_E07_808596	8	4003463	4003478	2	-2.6107
HELVE_p_TCGA_b139_154_155_SNP_N_GenomeWideSNP_6_E07_808596	8	4003561	4168502	381	0.1055
HELVE_p_TCGA_b139_154_155_SNP_N_GenomeWideSNP_6_E07_808596	8	4168616	4168663	2	2.0584
HELVE_p_TCGA_b139_154_155_SNP_N_GenomeWideSNP_6_E07_808596	8	4170584	8017932	3872	0.0782
HELVE_p_TCGA_b139_154_155_SNP_N_GenomeWideSNP_6_E07_808596	8	8018036	8072303	7	0.7449
HELVE_p_TCGA_b139_154_155_SNP_N_GenomeWideSNP_6_E07_808596	8	8087144	12162739	3228	0.1081
HELVE_p_TCGA_b139_154_155_SNP_N_GenomeWideSNP_6_E07_808596	8	12162782	12507071	122	-0.3255
HELVE_p_TCGA_b139_154_155_SNP_N_GenomeWideSNP_6_E07_808596	8	12528428	39230659	19468	0.091
HELVE_p_TCGA_b139_154_155_SNP_N_GenomeWideSNP_6_E07_808596	8	39235603	39386965	59	-0.4387
HELVE_p_TCGA_b139_154_155_SNP_N_GenomeWideSNP_6_E07_808596	8	39388299	40947834	1174	0.1069
HELVE_p_TCGA_b139_154_155_SNP_N_GenomeWideSNP_6_E07_808596	8	40949654	112294279	40877	0.4161
HELVE_p_TCGA_b139_154_155_SNP_N_GenomeWideSNP_6_E07_808596	8	112294294	112295260	9	-0.7372
HELVE_p_TCGA_b139_154_155_SNP_N_GenomeWideSNP_6_E07_808596	8	112300281	115634907	1835	0.3884
HELVE_p_TCGA_b139_154_155_SNP_N_GenomeWideSNP_6_E07_808596	8	115635080	115641731	29	-0.1232
HELVE_p_TCGA_b139_154_155_SNP_N_GenomeWideSNP_6_E07_808596	8	115650697	140603502	18397	0.4278
HELVE_p_TCGA_b139_154_155_SNP_N_GenomeWideSNP_6_E07_808596	8	140604336	140604622	3	1.9118
HELVE_p_TCGA_b139_154_155_SNP_N_GenomeWideSNP_6_E07_808596	8	140604643	142333623	1079	0.4485
HELVE_p_TCGA_b139_154_155_SNP_N_GenomeWideSNP_6_E07_808596	8	142334032	143491547	633	0.9552
HELVE_p_TCGA_b139_154_155_SNP_N_GenomeWideSNP_6_E07_808596	8	143491733	146298155	953	0.4513
HELVE_p_TCGA_b139_154_155_SNP_N_GenomeWideSNP_6_E07_808596	9	46587	11631117	10983	-0.1665
HELVE_p_TCGA_b139_154_155_SNP_N_GenomeWideSNP_6_E07_808596	9	11633429	11681147	35	-0.983
HELVE_p_TCGA_b139_154_155_SNP_N_GenomeWideSNP_6_E07_808596	9	11681155	141091394	68836	-0.1672
HELVE_p_TCGA_b139_154_155_SNP_N_GenomeWideSNP_6_E07_808596	10	72759	111955	10	-0.1366
HELVE_p_TCGA_b139_154_155_SNP_N_GenomeWideSNP_6_E07_808596	10	116059	1281082	700	0.3392
HELVE_p_TCGA_b139_154_155_SNP_N_GenomeWideSNP_6_E07_808596	10	1282828	27223903	20526	-0.0423
HELVE_p_TCGA_b139_154_155_SNP_N_GenomeWideSNP_6_E07_808596	10	27225904	27229993	14	0.6518
HELVE_p_TCGA_b139_154_155_SNP_N_GenomeWideSNP_6_E07_808596	10	27230675	67308971	23488	0.1417
HELVE_p_TCGA_b139_154_155_SNP_N_GenomeWideSNP_6_E07_808596	10	67309001	67314430	15	0.5719
HELVE_p_TCGA_b139_154_155_SNP_N_GenomeWideSNP_6_E07_808596	10	67314446	75844949	5385	-0.0075
HELVE_p_TCGA_b139_154_155_SNP_N_GenomeWideSNP_6_E07_808596	10	75845943	75934588	37	0.3871
HELVE_p_TCGA_b139_154_155_SNP_N_GenomeWideSNP_6_E07_808596	10	75935364	76377712	198	0.6783
HELVE_p_TCGA_b139_154_155_SNP_N_GenomeWideSNP_6_E07_808596	10	76378029	84919042	6073	0.4245
HELVE_p_TCGA_b139_154_155_SNP_N_GenomeWideSNP_6_E07_808596	10	84921826	90373110	3704	-0.0211
HELVE_p_TCGA_b139_154_155_SNP_N_GenomeWideSNP_6_E07_808596	10	90373845	90374638	3	-1.2338
HELVE_p_TCGA_b139_154_155_SNP_N_GenomeWideSNP_6_E07_808596	10	90376977	113542959	14994	-0.015
HELVE_p_TCGA_b139_154_155_SNP_N_GenomeWideSNP_6_E07_808596	10	113546692	118328664	3347	0.2493
HELVE_p_TCGA_b139_154_155_SNP_N_GenomeWideSNP_6_E07_808596	10	118329057	135506704	12543	-0.0343
HELVE_p_TCGA_b139_154_155_SNP_N_GenomeWideSNP_6_E07_808596	11	198510	4967396	2470	-0.0322
HELVE_p_TCGA_b139_154_155_SNP_N_GenomeWideSNP_6_E07_808596	11	4967650	4976892	43	0.4851
HELVE_p_TCGA_b139_154_155_SNP_N_GenomeWideSNP_6_E07_808596	11	4976907	6104817	1053	-0.057
HELVE_p_TCGA_b139_154_155_SNP_N_GenomeWideSNP_6_E07_808596	11	6104831	6122094	10	-0.8257
HELVE_p_TCGA_b139_154_155_SNP_N_GenomeWideSNP_6_E07_808596	11	6122503	55363340	31062	-0.0372
HELVE_p_TCGA_b139_154_155_SNP_N_GenomeWideSNP_6_E07_808596	11	55374032	55453576	60	0.4507
HELVE_p_TCGA_b139_154_155_SNP_N_GenomeWideSNP_6_E07_808596	11	55460683	79967513	13284	-0.027
HELVE_p_TCGA_b139_154_155_SNP_N_GenomeWideSNP_6_E07_808596	11	79967548	79967564	2	-3.0273
HELVE_p_TCGA_b139_154_155_SNP_N_GenomeWideSNP_6_E07_808596	11	79967686	101594384	15325	-0.0376
HELVE_p_TCGA_b139_154_155_SNP_N_GenomeWideSNP_6_E07_808596	11	101597860	101597964	4	1.8727
HELVE_p_TCGA_b139_154_155_SNP_N_GenomeWideSNP_6_E07_808596	11	101598212	107238814	3811	-0.0298
HELVE_p_TCGA_b139_154_155_SNP_N_GenomeWideSNP_6_E07_808596	11	107238931	107239128	2	-2.092
HELVE_p_TCGA_b139_154_155_SNP_N_GenomeWideSNP_6_E07_808596	11	107252362	134944770	19941	-0.0419
HELVE_p_TCGA_b139_154_155_SNP_N_GenomeWideSNP_6_E07_808596	12	150442	1539270	811	0.0053
HELVE_p_TCGA_b139_154_155_SNP_N_GenomeWideSNP_6_E07_808596	12	1541560	1542875	2	-1.5274
HELVE_p_TCGA_b139_154_155_SNP_N_GenomeWideSNP_6_E07_808596	12	1543590	9630556	5386	-0.0285
HELVE_p_TCGA_b139_154_155_SNP_N_GenomeWideSNP_6_E07_808596	12	9633870	9734970	27	0.9449
HELVE_p_TCGA_b139_154_155_SNP_N_GenomeWideSNP_6_E07_808596	12	9735686	11504091	1184	-0.0382
HELVE_p_TCGA_b139_154_155_SNP_N_GenomeWideSNP_6_E07_808596	12	11511577	11543386	31	0.5955
HELVE_p_TCGA_b139_154_155_SNP_N_GenomeWideSNP_6_E07_808596	12	11543406	31906672	14395	-0.024
HELVE_p_TCGA_b139_154_155_SNP_N_GenomeWideSNP_6_E07_808596	12	31907274	31909908	4	-2.5031
HELVE_p_TCGA_b139_154_155_SNP_N_GenomeWideSNP_6_E07_808596	12	31917220	33294660	1017	-0.0229
HELVE_p_TCGA_b139_154_155_SNP_N_GenomeWideSNP_6_E07_808596	12	33301406	33307374	27	-0.6233
HELVE_p_TCGA_b139_154_155_SNP_N_GenomeWideSNP_6_E07_808596	12	33308360	62345476	15214	-0.0234
HELVE_p_TCGA_b139_154_155_SNP_N_GenomeWideSNP_6_E07_808596	12	62345717	62345753	2	-1.9886
HELVE_p_TCGA_b139_154_155_SNP_N_GenomeWideSNP_6_E07_808596	12	62345950	70871858	5606	-0.0305
HELVE_p_TCGA_b139_154_155_SNP_N_GenomeWideSNP_6_E07_808596	12	70872675	70877750	5	-1.1271
HELVE_p_TCGA_b139_154_155_SNP_N_GenomeWideSNP_6_E07_808596	12	70877765	133778189	41309	-0.0274
HELVE_p_TCGA_b139_154_155_SNP_N_GenomeWideSNP_6_E07_808596	13	19026949	20121459	567	0.2439
HELVE_p_TCGA_b139_154_155_SNP_N_GenomeWideSNP_6_E07_808596	13	20123895	20123910	2	-1.5684
HELVE_p_TCGA_b139_154_155_SNP_N_GenomeWideSNP_6_E07_808596	13	20124501	61960070	28146	0.3237
HELVE_p_TCGA_b139_154_155_SNP_N_GenomeWideSNP_6_E07_808596	13	61962096	61970394	11	-0.6849
HELVE_p_TCGA_b139_154_155_SNP_N_GenomeWideSNP_6_E07_808596	13	61970942	72476988	6407	0.3065
HELVE_p_TCGA_b139_154_155_SNP_N_GenomeWideSNP_6_E07_808596	13	72477555	72480605	5	1.5211
HELVE_p_TCGA_b139_154_155_SNP_N_GenomeWideSNP_6_E07_808596	13	72486483	115108397	29123	0.3244
HELVE_p_TCGA_b139_154_155_SNP_N_GenomeWideSNP_6_E07_808596	14	19002124	19160896	16	-0.3491
HELVE_p_TCGA_b139_154_155_SNP_N_GenomeWideSNP_6_E07_808596	14	19170412	19329001	5	-1.3904
HELVE_p_TCGA_b139_154_155_SNP_N_GenomeWideSNP_6_E07_808596	14	19333712	41154591	13444	-0.1696
HELVE_p_TCGA_b139_154_155_SNP_N_GenomeWideSNP_6_E07_808596	14	41157806	41170459	10	-1.021
HELVE_p_TCGA_b139_154_155_SNP_N_GenomeWideSNP_6_E07_808596	14	41173768	73992772	20819	-0.1779
HELVE_p_TCGA_b139_154_155_SNP_N_GenomeWideSNP_6_E07_808596	14	73995774	74029915	12	0.6565
HELVE_p_TCGA_b139_154_155_SNP_N_GenomeWideSNP_6_E07_808596	14	74030731	106538062	20800	-0.1896
HELVE_p_TCGA_b139_154_155_SNP_N_GenomeWideSNP_6_E07_808596	14	106541753	106561441	12	-1.4367
HELVE_p_TCGA_b139_154_155_SNP_N_GenomeWideSNP_6_E07_808596	14	106567100	106914344	187	-0.2632
HELVE_p_TCGA_b139_154_155_SNP_N_GenomeWideSNP_6_E07_808596	14	106914600	106918094	6	-1.1957
HELVE_p_TCGA_b139_154_155_SNP_N_GenomeWideSNP_6_E07_808596	14	106918108	107285437	225	-0.1562
HELVE_p_TCGA_b139_154_155_SNP_N_GenomeWideSNP_6_E07_808596	15	20016328	20269773	57	-0.2537
HELVE_p_TCGA_b139_154_155_SNP_N_GenomeWideSNP_6_E07_808596	15	20284066	21239105	226	0.3007
HELVE_p_TCGA_b139_154_155_SNP_N_GenomeWideSNP_6_E07_808596	15	21258787	21273220	4	1.3797
HELVE_p_TCGA_b139_154_155_SNP_N_GenomeWideSNP_6_E07_808596	15	21275684	22263557	20	0.3411
HELVE_p_TCGA_b139_154_155_SNP_N_GenomeWideSNP_6_E07_808596	15	22280477	22410032	43	-0.1507
HELVE_p_TCGA_b139_154_155_SNP_N_GenomeWideSNP_6_E07_808596	15	22410343	22681076	74	0.3748
HELVE_p_TCGA_b139_154_155_SNP_N_GenomeWideSNP_6_E07_808596	15	22681250	76891241	33893	-0.1819
HELVE_p_TCGA_b139_154_155_SNP_N_GenomeWideSNP_6_E07_808596	15	76891511	76895344	14	0.5963
HELVE_p_TCGA_b139_154_155_SNP_N_GenomeWideSNP_6_E07_808596	15	76895767	84540181	4434	-0.1898
HELVE_p_TCGA_b139_154_155_SNP_N_GenomeWideSNP_6_E07_808596	15	84540717	84547547	9	-1.1244
HELVE_p_TCGA_b139_154_155_SNP_N_GenomeWideSNP_6_E07_808596	15	84547867	102469040	13236	-0.1845
HELVE_p_TCGA_b139_154_155_SNP_N_GenomeWideSNP_6_E07_808596	16	60777	5607890	2627	-0.0038
HELVE_p_TCGA_b139_154_155_SNP_N_GenomeWideSNP_6_E07_808596	16	5608089	5608593	7	-1.0123
HELVE_p_TCGA_b139_154_155_SNP_N_GenomeWideSNP_6_E07_808596	16	5608643	6649343	1238	-0.2009
HELVE_p_TCGA_b139_154_155_SNP_N_GenomeWideSNP_6_E07_808596	16	6649461	6699261	75	-0.5724
HELVE_p_TCGA_b139_154_155_SNP_N_GenomeWideSNP_6_E07_808596	16	6699345	7877054	1517	-0.0872
HELVE_p_TCGA_b139_154_155_SNP_N_GenomeWideSNP_6_E07_808596	16	7878037	7882110	3	-1.849
HELVE_p_TCGA_b139_154_155_SNP_N_GenomeWideSNP_6_E07_808596	16	7883872	14980977	5657	-0.0267
HELVE_p_TCGA_b139_154_155_SNP_N_GenomeWideSNP_6_E07_808596	16	14989839	15094708	60	-0.311
HELVE_p_TCGA_b139_154_155_SNP_N_GenomeWideSNP_6_E07_808596	16	15103676	19944363	2334	-0.0071
HELVE_p_TCGA_b139_154_155_SNP_N_GenomeWideSNP_6_E07_808596	16	19945650	19965875	28	-0.6418
HELVE_p_TCGA_b139_154_155_SNP_N_GenomeWideSNP_6_E07_808596	16	19967362	22442020	1294	-0.0116
HELVE_p_TCGA_b139_154_155_SNP_N_GenomeWideSNP_6_E07_808596	16	22557932	22704520	72	-0.3619
HELVE_p_TCGA_b139_154_155_SNP_N_GenomeWideSNP_6_E07_808596	16	22710742	33543987	5376	-0.0318
HELVE_p_TCGA_b139_154_155_SNP_N_GenomeWideSNP_6_E07_808596	16	33548815	33621334	31	-0.5562
HELVE_p_TCGA_b139_154_155_SNP_N_GenomeWideSNP_6_E07_808596	16	33621349	55796594	6990	-0.0305
HELVE_p_TCGA_b139_154_155_SNP_N_GenomeWideSNP_6_E07_808596	16	55798222	55798779	3	2.0244
HELVE_p_TCGA_b139_154_155_SNP_N_GenomeWideSNP_6_E07_808596	16	55804348	90287535	25089	-0.0263
HELVE_p_TCGA_b139_154_155_SNP_N_GenomeWideSNP_6_E07_808596	17	526	10267	6	0.172
HELVE_p_TCGA_b139_154_155_SNP_N_GenomeWideSNP_6_E07_808596	17	10652	25270411	13005	-0.1862
HELVE_p_TCGA_b139_154_155_SNP_N_GenomeWideSNP_6_E07_808596	17	25270517	39421708	7942	0.1136
HELVE_p_TCGA_b139_154_155_SNP_N_GenomeWideSNP_6_E07_808596	17	39423014	39430450	23	1.4728
HELVE_p_TCGA_b139_154_155_SNP_N_GenomeWideSNP_6_E07_808596	17	39430531	44163098	2514	0.1326
HELVE_p_TCGA_b139_154_155_SNP_N_GenomeWideSNP_6_E07_808596	17	44165803	44394420	128	-0.2109
HELVE_p_TCGA_b139_154_155_SNP_N_GenomeWideSNP_6_E07_808596	17	44401067	44805717	66	0.3599
HELVE_p_TCGA_b139_154_155_SNP_N_GenomeWideSNP_6_E07_808596	17	44806931	81049726	21596	0.0858
HELVE_p_TCGA_b139_154_155_SNP_N_GenomeWideSNP_6_E07_808596	18	11543	78015057	50753	-0.1855
HELVE_p_TCGA_b139_154_155_SNP_N_GenomeWideSNP_6_E07_808596	19	90910	4414594	1170	-0.1732
HELVE_p_TCGA_b139_154_155_SNP_N_GenomeWideSNP_6_E07_808596	19	4416411	4417840	2	-2.0631
HELVE_p_TCGA_b139_154_155_SNP_N_GenomeWideSNP_6_E07_808596	19	4417845	12533259	3823	-0.1855
HELVE_p_TCGA_b139_154_155_SNP_N_GenomeWideSNP_6_E07_808596	19	12538765	12538882	2	-2.0721
HELVE_p_TCGA_b139_154_155_SNP_N_GenomeWideSNP_6_E07_808596	19	12539599	20240087	3810	-0.1764
HELVE_p_TCGA_b139_154_155_SNP_N_GenomeWideSNP_6_E07_808596	19	20240308	55569597	18372	0.2224
HELVE_p_TCGA_b139_154_155_SNP_N_GenomeWideSNP_6_E07_808596	19	55572240	55572259	2	-1.4064
HELVE_p_TCGA_b139_154_155_SNP_N_GenomeWideSNP_6_E07_808596	19	55572284	59097854	2162	0.2236
HELVE_p_TCGA_b139_154_155_SNP_N_GenomeWideSNP_6_E07_808596	20	61305	1552503	1186	0.4236
HELVE_p_TCGA_b139_154_155_SNP_N_GenomeWideSNP_6_E07_808596	20	1557190	1582207	57	-0.2833
HELVE_p_TCGA_b139_154_155_SNP_N_GenomeWideSNP_6_E07_808596	20	1590257	14801493	9957	0.4079
HELVE_p_TCGA_b139_154_155_SNP_N_GenomeWideSNP_6_E07_808596	20	14801725	15071192	264	0.0923
HELVE_p_TCGA_b139_154_155_SNP_N_GenomeWideSNP_6_E07_808596	20	15078343	22345234	5884	0.4045
HELVE_p_TCGA_b139_154_155_SNP_N_GenomeWideSNP_6_E07_808596	20	22345249	22345263	2	-1.8702
HELVE_p_TCGA_b139_154_155_SNP_N_GenomeWideSNP_6_E07_808596	20	22346652	62956153	25149	0.4012
HELVE_p_TCGA_b139_154_155_SNP_N_GenomeWideSNP_6_E07_808596	21	10736871	48096957	24385	-0.032
HELVE_p_TCGA_b139_154_155_SNP_N_GenomeWideSNP_6_E07_808596	22	16052528	18905117	1258	-0.2116
HELVE_p_TCGA_b139_154_155_SNP_N_GenomeWideSNP_6_E07_808596	22	18905591	18905606	2	-1.7148
HELVE_p_TCGA_b139_154_155_SNP_N_GenomeWideSNP_6_E07_808596	22	18908641	20950564	1046	-0.1199
HELVE_p_TCGA_b139_154_155_SNP_N_GenomeWideSNP_6_E07_808596	22	20952909	20953319	2	-0.9035
HELVE_p_TCGA_b139_154_155_SNP_N_GenomeWideSNP_6_E07_808596	22	20956163	21465672	541	0.5193
HELVE_p_TCGA_b139_154_155_SNP_N_GenomeWideSNP_6_E07_808596	22	21465835	21845355	50	-0.0601
HELVE_p_TCGA_b139_154_155_SNP_N_GenomeWideSNP_6_E07_808596	22	21917153	22708288	704	0.5374
HELVE_p_TCGA_b139_154_155_SNP_N_GenomeWideSNP_6_E07_808596	22	22708408	23574494	527	-0.1587
HELVE_p_TCGA_b139_154_155_SNP_N_GenomeWideSNP_6_E07_808596	22	23577112	23577589	2	-1.8682
HELVE_p_TCGA_b139_154_155_SNP_N_GenomeWideSNP_6_E07_808596	22	23581302	28390502	4015	-0.1756
HELVE_p_TCGA_b139_154_155_SNP_N_GenomeWideSNP_6_E07_808596	22	28391157	28773581	224	0.5181
HELVE_p_TCGA_b139_154_155_SNP_N_GenomeWideSNP_6_E07_808596	22	28776893	51234455	15176	-0.1809
HELVE_p_TCGA_b139_154_155_SNP_N_GenomeWideSNP_6_E07_808596	X	168477	7051696	3440	0.0078
HELVE_p_TCGA_b139_154_155_SNP_N_GenomeWideSNP_6_E07_808596	X	7054070	7441920	263	-0.3811
HELVE_p_TCGA_b139_154_155_SNP_N_GenomeWideSNP_6_E07_808596	X	7442025	20629197	8664	0.0163
HELVE_p_TCGA_b139_154_155_SNP_N_GenomeWideSNP_6_E07_808596	X	20630183	20630595	3	-2.3194
HELVE_p_TCGA_b139_154_155_SNP_N_GenomeWideSNP_6_E07_808596	X	20631103	54003025	19136	0.0123
HELVE_p_TCGA_b139_154_155_SNP_N_GenomeWideSNP_6_E07_808596	X	54007889	54008998	2	-2.6367
HELVE_p_TCGA_b139_154_155_SNP_N_GenomeWideSNP_6_E07_808596	X	54011927	55747430	748	-0.0224
HELVE_p_TCGA_b139_154_155_SNP_N_GenomeWideSNP_6_E07_808596	X	55747951	55748820	2	-3.7232
HELVE_p_TCGA_b139_154_155_SNP_N_GenomeWideSNP_6_E07_808596	X	55749138	155182354	52079	0.003
HELVE_p_TCGA_b139_154_155_SNP_N_GenomeWideSNP_6_E07_808596	Y	2650438	22262565	6838	-0.9503
HELVE_p_TCGA_b139_154_155_SNP_N_GenomeWideSNP_6_E07_808596	Y	22266589	22514968	9	-1.7974
HELVE_p_TCGA_b139_154_155_SNP_N_GenomeWideSNP_6_E07_808596	Y	22515706	59018259	1787	-0.9741
