Sample	Chromosome	Start	End	Num_Probes	Segment_Mean
SERVO_p_TCGA_157_158_159_SNP_N_GenomeWideSNP_6_B05_831470	1	61735	13375764	6574	0.0024
SERVO_p_TCGA_157_158_159_SNP_N_GenomeWideSNP_6_B05_831470	1	13375968	13376042	3	-1.3663
SERVO_p_TCGA_157_158_159_SNP_N_GenomeWideSNP_6_B05_831470	1	13376489	26616513	8044	0.0187
SERVO_p_TCGA_157_158_159_SNP_N_GenomeWideSNP_6_B05_831470	1	26622607	26727205	69	0.3107
SERVO_p_TCGA_157_158_159_SNP_N_GenomeWideSNP_6_B05_831470	1	26728723	35091638	4458	0.0154
SERVO_p_TCGA_157_158_159_SNP_N_GenomeWideSNP_6_B05_831470	1	35091674	35104491	21	-0.4988
SERVO_p_TCGA_157_158_159_SNP_N_GenomeWideSNP_6_B05_831470	1	35114268	38804868	1980	0.0066
SERVO_p_TCGA_157_158_159_SNP_N_GenomeWideSNP_6_B05_831470	1	38806592	38844957	31	0.2848
SERVO_p_TCGA_157_158_159_SNP_N_GenomeWideSNP_6_B05_831470	1	38845035	49612450	6254	0.0307
SERVO_p_TCGA_157_158_159_SNP_N_GenomeWideSNP_6_B05_831470	1	49615825	49715272	37	-0.377
SERVO_p_TCGA_157_158_159_SNP_N_GenomeWideSNP_6_B05_831470	1	49719903	67575454	12201	0.0309
SERVO_p_TCGA_157_158_159_SNP_N_GenomeWideSNP_6_B05_831470	1	67576075	67623298	35	0.2837
SERVO_p_TCGA_157_158_159_SNP_N_GenomeWideSNP_6_B05_831470	1	67630443	72750353	3290	0.0376
SERVO_p_TCGA_157_158_159_SNP_N_GenomeWideSNP_6_B05_831470	1	72756113	72763370	9	-0.8424
SERVO_p_TCGA_157_158_159_SNP_N_GenomeWideSNP_6_B05_831470	1	72768418	72811133	47	0.3297
SERVO_p_TCGA_157_158_159_SNP_N_GenomeWideSNP_6_B05_831470	1	72811148	76050844	1931	0.0186
SERVO_p_TCGA_157_158_159_SNP_N_GenomeWideSNP_6_B05_831470	1	76054763	76054854	2	-2.3401
SERVO_p_TCGA_157_158_159_SNP_N_GenomeWideSNP_6_B05_831470	1	76059509	81888602	3853	0.0238
SERVO_p_TCGA_157_158_159_SNP_N_GenomeWideSNP_6_B05_831470	1	81888605	81888681	3	-0.9051
SERVO_p_TCGA_157_158_159_SNP_N_GenomeWideSNP_6_B05_831470	1	81888694	89475255	5185	0.043
SERVO_p_TCGA_157_158_159_SNP_N_GenomeWideSNP_6_B05_831470	1	89477958	89478205	2	-3.0672
SERVO_p_TCGA_157_158_159_SNP_N_GenomeWideSNP_6_B05_831470	1	89481524	110227515	12732	0.0378
SERVO_p_TCGA_157_158_159_SNP_N_GenomeWideSNP_6_B05_831470	1	110232974	110242953	18	1.0571
SERVO_p_TCGA_157_158_159_SNP_N_GenomeWideSNP_6_B05_831470	1	110244998	110961596	470	0.0353
SERVO_p_TCGA_157_158_159_SNP_N_GenomeWideSNP_6_B05_831470	1	110964653	111034818	63	0.2873
SERVO_p_TCGA_157_158_159_SNP_N_GenomeWideSNP_6_B05_831470	1	111036717	112312154	1053	0.0223
SERVO_p_TCGA_157_158_159_SNP_N_GenomeWideSNP_6_B05_831470	1	112312211	112312551	3	1.1642
SERVO_p_TCGA_157_158_159_SNP_N_GenomeWideSNP_6_B05_831470	1	112313078	112690326	363	0.0267
SERVO_p_TCGA_157_158_159_SNP_N_GenomeWideSNP_6_B05_831470	1	112695965	112706128	31	0.3792
SERVO_p_TCGA_157_158_159_SNP_N_GenomeWideSNP_6_B05_831470	1	112706140	117514048	3122	0.0421
SERVO_p_TCGA_157_158_159_SNP_N_GenomeWideSNP_6_B05_831470	1	117514334	117653503	85	-0.2046
SERVO_p_TCGA_157_158_159_SNP_N_GenomeWideSNP_6_B05_831470	1	117653625	152761923	5022	0.0539
SERVO_p_TCGA_157_158_159_SNP_N_GenomeWideSNP_6_B05_831470	1	152761939	152768700	36	0.563
SERVO_p_TCGA_157_158_159_SNP_N_GenomeWideSNP_6_B05_831470	1	152773905	161508875	5271	0.0261
SERVO_p_TCGA_157_158_159_SNP_N_GenomeWideSNP_6_B05_831470	1	161517939	161638513	48	0.339
SERVO_p_TCGA_157_158_159_SNP_N_GenomeWideSNP_6_B05_831470	1	161648237	169216937	6006	0.0373
SERVO_p_TCGA_157_158_159_SNP_N_GenomeWideSNP_6_B05_831470	1	169233974	169241766	7	0.9591
SERVO_p_TCGA_157_158_159_SNP_N_GenomeWideSNP_6_B05_831470	1	169242401	179994628	7048	0.0286
SERVO_p_TCGA_157_158_159_SNP_N_GenomeWideSNP_6_B05_831470	1	179995090	180034340	20	0.4238
SERVO_p_TCGA_157_158_159_SNP_N_GenomeWideSNP_6_B05_831470	1	180034602	181171768	709	0.0588
SERVO_p_TCGA_157_158_159_SNP_N_GenomeWideSNP_6_B05_831470	1	181171873	181220988	49	0.2803
SERVO_p_TCGA_157_158_159_SNP_N_GenomeWideSNP_6_B05_831470	1	181222279	187715854	4390	0.0421
SERVO_p_TCGA_157_158_159_SNP_N_GenomeWideSNP_6_B05_831470	1	187717560	187721369	2	-1.7035
SERVO_p_TCGA_157_158_159_SNP_N_GenomeWideSNP_6_B05_831470	1	187724610	196812507	6073	0.0402
SERVO_p_TCGA_157_158_159_SNP_N_GenomeWideSNP_6_B05_831470	1	196812530	196815791	2	2.5071
SERVO_p_TCGA_157_158_159_SNP_N_GenomeWideSNP_6_B05_831470	1	196816730	248737447	35735	0.0323
SERVO_p_TCGA_157_158_159_SNP_N_GenomeWideSNP_6_B05_831470	1	248749194	248790288	28	-0.5353
SERVO_p_TCGA_157_158_159_SNP_N_GenomeWideSNP_6_B05_831470	1	248794464	249224388	150	0.0154
SERVO_p_TCGA_157_158_159_SNP_N_GenomeWideSNP_6_B05_831470	2	12784	7637589	5924	0.144
SERVO_p_TCGA_157_158_159_SNP_N_GenomeWideSNP_6_B05_831470	2	7637962	7714913	55	0.4389
SERVO_p_TCGA_157_158_159_SNP_N_GenomeWideSNP_6_B05_831470	2	7715663	18148008	7560	0.1828
SERVO_p_TCGA_157_158_159_SNP_N_GenomeWideSNP_6_B05_831470	2	18150181	18187972	45	0.4417
SERVO_p_TCGA_157_158_159_SNP_N_GenomeWideSNP_6_B05_831470	2	18188743	34520473	10424	0.1668
SERVO_p_TCGA_157_158_159_SNP_N_GenomeWideSNP_6_B05_831470	2	34523978	34525580	2	-1.7175
SERVO_p_TCGA_157_158_159_SNP_N_GenomeWideSNP_6_B05_831470	2	34525967	34685280	94	0.1228
SERVO_p_TCGA_157_158_159_SNP_N_GenomeWideSNP_6_B05_831470	2	34691069	34737057	47	-0.2331
SERVO_p_TCGA_157_158_159_SNP_N_GenomeWideSNP_6_B05_831470	2	34737163	40332851	4051	0.1961
SERVO_p_TCGA_157_158_159_SNP_N_GenomeWideSNP_6_B05_831470	2	40335410	40335876	3	-1.2119
SERVO_p_TCGA_157_158_159_SNP_N_GenomeWideSNP_6_B05_831470	2	40336640	106146307	38021	0.0796
SERVO_p_TCGA_157_158_159_SNP_N_GenomeWideSNP_6_B05_831470	2	106146375	106152104	2	-1.3818
SERVO_p_TCGA_157_158_159_SNP_N_GenomeWideSNP_6_B05_831470	2	106152252	124109213	10673	0.0505
SERVO_p_TCGA_157_158_159_SNP_N_GenomeWideSNP_6_B05_831470	2	124115233	124150975	22	0.5976
SERVO_p_TCGA_157_158_159_SNP_N_GenomeWideSNP_6_B05_831470	2	124153480	135091460	6609	0.0212
SERVO_p_TCGA_157_158_159_SNP_N_GenomeWideSNP_6_B05_831470	2	135093153	165437499	18307	-0.3041
SERVO_p_TCGA_157_158_159_SNP_N_GenomeWideSNP_6_B05_831470	2	165437544	174105869	5517	0.053
SERVO_p_TCGA_157_158_159_SNP_N_GenomeWideSNP_6_B05_831470	2	174112527	174173727	43	0.3522
SERVO_p_TCGA_157_158_159_SNP_N_GenomeWideSNP_6_B05_831470	2	174173979	186774055	7884	0.0377
SERVO_p_TCGA_157_158_159_SNP_N_GenomeWideSNP_6_B05_831470	2	186777618	187194135	228	-0.207
SERVO_p_TCGA_157_158_159_SNP_N_GenomeWideSNP_6_B05_831470	2	187196690	192276192	2889	0.0631
SERVO_p_TCGA_157_158_159_SNP_N_GenomeWideSNP_6_B05_831470	2	192277371	192279056	4	-1.715
SERVO_p_TCGA_157_158_159_SNP_N_GenomeWideSNP_6_B05_831470	2	192279545	228240198	22342	0.0461
SERVO_p_TCGA_157_158_159_SNP_N_GenomeWideSNP_6_B05_831470	2	228246529	228254228	5	0.7816
SERVO_p_TCGA_157_158_159_SNP_N_GenomeWideSNP_6_B05_831470	2	228254272	243089456	9207	0.0274
SERVO_p_TCGA_157_158_159_SNP_N_GenomeWideSNP_6_B05_831470	3	60345	77174	18	-0.1138
SERVO_p_TCGA_157_158_159_SNP_N_GenomeWideSNP_6_B05_831470	3	77313	128189	40	0.286
SERVO_p_TCGA_157_158_159_SNP_N_GenomeWideSNP_6_B05_831470	3	134991	30350391	22634	-0.0551
SERVO_p_TCGA_157_158_159_SNP_N_GenomeWideSNP_6_B05_831470	3	30353281	30380837	30	0.2355
SERVO_p_TCGA_157_158_159_SNP_N_GenomeWideSNP_6_B05_831470	3	30381927	60120243	18165	-0.0514
SERVO_p_TCGA_157_158_159_SNP_N_GenomeWideSNP_6_B05_831470	3	60120399	60121220	4	-1.0921
SERVO_p_TCGA_157_158_159_SNP_N_GenomeWideSNP_6_B05_831470	3	60121971	60450300	331	-0.4267
SERVO_p_TCGA_157_158_159_SNP_N_GenomeWideSNP_6_B05_831470	3	60454778	60477431	33	-1.3579
SERVO_p_TCGA_157_158_159_SNP_N_GenomeWideSNP_6_B05_831470	3	60477654	60509590	45	-0.9362
SERVO_p_TCGA_157_158_159_SNP_N_GenomeWideSNP_6_B05_831470	3	60509610	60518504	18	-1.3977
SERVO_p_TCGA_157_158_159_SNP_N_GenomeWideSNP_6_B05_831470	3	60525325	60569048	50	-0.7023
SERVO_p_TCGA_157_158_159_SNP_N_GenomeWideSNP_6_B05_831470	3	60569815	60587001	20	-1.1905
SERVO_p_TCGA_157_158_159_SNP_N_GenomeWideSNP_6_B05_831470	3	60588627	60647540	63	-0.6155
SERVO_p_TCGA_157_158_159_SNP_N_GenomeWideSNP_6_B05_831470	3	60648069	67862432	5831	-0.0468
SERVO_p_TCGA_157_158_159_SNP_N_GenomeWideSNP_6_B05_831470	3	67863521	67913570	28	0.3377
SERVO_p_TCGA_157_158_159_SNP_N_GenomeWideSNP_6_B05_831470	3	67917783	68746284	527	-0.0617
SERVO_p_TCGA_157_158_159_SNP_N_GenomeWideSNP_6_B05_831470	3	68746446	68747413	12	-0.7333
SERVO_p_TCGA_157_158_159_SNP_N_GenomeWideSNP_6_B05_831470	3	68748758	75415863	4870	-0.055
SERVO_p_TCGA_157_158_159_SNP_N_GenomeWideSNP_6_B05_831470	3	75421170	75568549	63	-0.6816
SERVO_p_TCGA_157_158_159_SNP_N_GenomeWideSNP_6_B05_831470	3	75572549	75586805	6	-1.7907
SERVO_p_TCGA_157_158_159_SNP_N_GenomeWideSNP_6_B05_831470	3	75595181	75639507	8	-0.536
SERVO_p_TCGA_157_158_159_SNP_N_GenomeWideSNP_6_B05_831470	3	75645384	95456106	9140	-0.0516
SERVO_p_TCGA_157_158_159_SNP_N_GenomeWideSNP_6_B05_831470	3	95466880	95468110	2	-2.1959
SERVO_p_TCGA_157_158_159_SNP_N_GenomeWideSNP_6_B05_831470	3	95468680	98922450	1844	-0.0661
SERVO_p_TCGA_157_158_159_SNP_N_GenomeWideSNP_6_B05_831470	3	98922967	98949421	47	0.1878
SERVO_p_TCGA_157_158_159_SNP_N_GenomeWideSNP_6_B05_831470	3	98950964	112111916	7968	-0.0192
SERVO_p_TCGA_157_158_159_SNP_N_GenomeWideSNP_6_B05_831470	3	112111931	112112305	4	-0.6677
SERVO_p_TCGA_157_158_159_SNP_N_GenomeWideSNP_6_B05_831470	3	112112370	114655782	1507	-0.0558
SERVO_p_TCGA_157_158_159_SNP_N_GenomeWideSNP_6_B05_831470	3	114660592	114669018	8	-0.746
SERVO_p_TCGA_157_158_159_SNP_N_GenomeWideSNP_6_B05_831470	3	114669033	116100788	891	-0.0553
SERVO_p_TCGA_157_158_159_SNP_N_GenomeWideSNP_6_B05_831470	3	116101879	116958007	724	-0.3571
SERVO_p_TCGA_157_158_159_SNP_N_GenomeWideSNP_6_B05_831470	3	116960885	129762859	7633	-0.0508
SERVO_p_TCGA_157_158_159_SNP_N_GenomeWideSNP_6_B05_831470	3	129763698	129806236	52	-1.3844
SERVO_p_TCGA_157_158_159_SNP_N_GenomeWideSNP_6_B05_831470	3	129806924	141111750	7059	-0.0537
SERVO_p_TCGA_157_158_159_SNP_N_GenomeWideSNP_6_B05_831470	3	141113312	141188399	50	0.4765
SERVO_p_TCGA_157_158_159_SNP_N_GenomeWideSNP_6_B05_831470	3	141192486	144350125	1977	-0.0429
SERVO_p_TCGA_157_158_159_SNP_N_GenomeWideSNP_6_B05_831470	3	144354430	144475489	70	0.4932
SERVO_p_TCGA_157_158_159_SNP_N_GenomeWideSNP_6_B05_831470	3	144478118	162513149	11128	-0.0444
SERVO_p_TCGA_157_158_159_SNP_N_GenomeWideSNP_6_B05_831470	3	162513459	162625995	66	0.4526
SERVO_p_TCGA_157_158_159_SNP_N_GenomeWideSNP_6_B05_831470	3	162626572	169348944	3909	-0.0368
SERVO_p_TCGA_157_158_159_SNP_N_GenomeWideSNP_6_B05_831470	3	169349862	169352825	4	-1.1432
SERVO_p_TCGA_157_158_159_SNP_N_GenomeWideSNP_6_B05_831470	3	169353852	192878045	15272	-0.0255
SERVO_p_TCGA_157_158_159_SNP_N_GenomeWideSNP_6_B05_831470	3	192878195	192882903	17	-1.1594
SERVO_p_TCGA_157_158_159_SNP_N_GenomeWideSNP_6_B05_831470	3	192886435	195285664	1484	-0.0257
SERVO_p_TCGA_157_158_159_SNP_N_GenomeWideSNP_6_B05_831470	3	195285898	195446922	29	-0.8304
SERVO_p_TCGA_157_158_159_SNP_N_GenomeWideSNP_6_B05_831470	3	195455508	195474763	19	-0.4247
SERVO_p_TCGA_157_158_159_SNP_N_GenomeWideSNP_6_B05_831470	3	195478694	197016297	734	-0.0346
SERVO_p_TCGA_157_158_159_SNP_N_GenomeWideSNP_6_B05_831470	3	197016800	197060170	21	0.3503
SERVO_p_TCGA_157_158_159_SNP_N_GenomeWideSNP_6_B05_831470	3	197060557	197833544	376	-0.0138
SERVO_p_TCGA_157_158_159_SNP_N_GenomeWideSNP_6_B05_831470	3	197833719	197833758	3	-1.3262
SERVO_p_TCGA_157_158_159_SNP_N_GenomeWideSNP_6_B05_831470	3	197833798	197838437	19	-0.0031
SERVO_p_TCGA_157_158_159_SNP_N_GenomeWideSNP_6_B05_831470	3	197838578	197851225	13	-0.5745
SERVO_p_TCGA_157_158_159_SNP_N_GenomeWideSNP_6_B05_831470	3	197851471	197896118	8	0.0618
SERVO_p_TCGA_157_158_159_SNP_N_GenomeWideSNP_6_B05_831470	4	12281	4122828	1707	0.2247
SERVO_p_TCGA_157_158_159_SNP_N_GenomeWideSNP_6_B05_831470	4	4134946	4152760	5	-0.5245
SERVO_p_TCGA_157_158_159_SNP_N_GenomeWideSNP_6_B05_831470	4	4160063	10210390	4085	0.2134
SERVO_p_TCGA_157_158_159_SNP_N_GenomeWideSNP_6_B05_831470	4	10223416	10231498	28	2.1092
SERVO_p_TCGA_157_158_159_SNP_N_GenomeWideSNP_6_B05_831470	4	10234214	10390715	177	0.2772
SERVO_p_TCGA_157_158_159_SNP_N_GenomeWideSNP_6_B05_831470	4	10392354	10400668	16	-0.6136
SERVO_p_TCGA_157_158_159_SNP_N_GenomeWideSNP_6_B05_831470	4	10402718	20177911	7184	0.2194
SERVO_p_TCGA_157_158_159_SNP_N_GenomeWideSNP_6_B05_831470	4	20183554	34773515	9605	-0.0538
SERVO_p_TCGA_157_158_159_SNP_N_GenomeWideSNP_6_B05_831470	4	34778860	34829928	48	0.2575
SERVO_p_TCGA_157_158_159_SNP_N_GenomeWideSNP_6_B05_831470	4	34829949	36014412	772	-0.0607
SERVO_p_TCGA_157_158_159_SNP_N_GenomeWideSNP_6_B05_831470	4	36014981	36015518	4	-0.8339
SERVO_p_TCGA_157_158_159_SNP_N_GenomeWideSNP_6_B05_831470	4	36017518	45005755	5860	-0.0507
SERVO_p_TCGA_157_158_159_SNP_N_GenomeWideSNP_6_B05_831470	4	45005852	45006335	4	-0.899
SERVO_p_TCGA_157_158_159_SNP_N_GenomeWideSNP_6_B05_831470	4	45010969	49267848	2334	-0.0299
SERVO_p_TCGA_157_158_159_SNP_N_GenomeWideSNP_6_B05_831470	4	49291192	49291355	2	-1.281
SERVO_p_TCGA_157_158_159_SNP_N_GenomeWideSNP_6_B05_831470	4	49297220	49643763	15	-0.1386
SERVO_p_TCGA_157_158_159_SNP_N_GenomeWideSNP_6_B05_831470	4	49649791	49656595	5	0.5579
SERVO_p_TCGA_157_158_159_SNP_N_GenomeWideSNP_6_B05_831470	4	49658223	54146245	808	-0.0506
SERVO_p_TCGA_157_158_159_SNP_N_GenomeWideSNP_6_B05_831470	4	54146775	54228547	37	-0.7282
SERVO_p_TCGA_157_158_159_SNP_N_GenomeWideSNP_6_B05_831470	4	54235363	63667834	6165	-0.0636
SERVO_p_TCGA_157_158_159_SNP_N_GenomeWideSNP_6_B05_831470	4	63669936	63671662	8	-1.837
SERVO_p_TCGA_157_158_159_SNP_N_GenomeWideSNP_6_B05_831470	4	63679630	122281973	35631	-0.0439
SERVO_p_TCGA_157_158_159_SNP_N_GenomeWideSNP_6_B05_831470	4	122282468	122291522	30	-0.7038
SERVO_p_TCGA_157_158_159_SNP_N_GenomeWideSNP_6_B05_831470	4	122291627	135622076	7492	-0.0687
SERVO_p_TCGA_157_158_159_SNP_N_GenomeWideSNP_6_B05_831470	4	135622676	135622688	2	-2.5063
SERVO_p_TCGA_157_158_159_SNP_N_GenomeWideSNP_6_B05_831470	4	135623230	160904863	15444	-0.0358
SERVO_p_TCGA_157_158_159_SNP_N_GenomeWideSNP_6_B05_831470	4	160904953	160975932	31	0.2325
SERVO_p_TCGA_157_158_159_SNP_N_GenomeWideSNP_6_B05_831470	4	160976023	164637878	2487	-0.0439
SERVO_p_TCGA_157_158_159_SNP_N_GenomeWideSNP_6_B05_831470	4	164637931	164639989	2	-2.9881
SERVO_p_TCGA_157_158_159_SNP_N_GenomeWideSNP_6_B05_831470	4	164640635	179536770	9306	-0.0605
SERVO_p_TCGA_157_158_159_SNP_N_GenomeWideSNP_6_B05_831470	4	179536841	185302131	4258	-0.4598
SERVO_p_TCGA_157_158_159_SNP_N_GenomeWideSNP_6_B05_831470	4	185302182	185336262	36	-1.0874
SERVO_p_TCGA_157_158_159_SNP_N_GenomeWideSNP_6_B05_831470	4	185336852	190189043	3417	-0.43
SERVO_p_TCGA_157_158_159_SNP_N_GenomeWideSNP_6_B05_831470	4	190195118	190199264	4	-2.6717
SERVO_p_TCGA_157_158_159_SNP_N_GenomeWideSNP_6_B05_831470	4	190199771	191027923	386	-0.4186
SERVO_p_TCGA_157_158_159_SNP_N_GenomeWideSNP_6_B05_831470	5	15532	11658223	9545	0.1254
SERVO_p_TCGA_157_158_159_SNP_N_GenomeWideSNP_6_B05_831470	5	11658814	11661646	3	-0.8496
SERVO_p_TCGA_157_158_159_SNP_N_GenomeWideSNP_6_B05_831470	5	11662777	21451200	6219	0.1419
SERVO_p_TCGA_157_158_159_SNP_N_GenomeWideSNP_6_B05_831470	5	21451277	21452496	5	0.9856
SERVO_p_TCGA_157_158_159_SNP_N_GenomeWideSNP_6_B05_831470	5	21454939	27524452	3554	0.1245
SERVO_p_TCGA_157_158_159_SNP_N_GenomeWideSNP_6_B05_831470	5	27525390	27526020	10	-0.3592
SERVO_p_TCGA_157_158_159_SNP_N_GenomeWideSNP_6_B05_831470	5	27527479	46251306	11444	0.1207
SERVO_p_TCGA_157_158_159_SNP_N_GenomeWideSNP_6_B05_831470	5	46271008	46273502	8	-1.864
SERVO_p_TCGA_157_158_159_SNP_N_GenomeWideSNP_6_B05_831470	5	46278212	57326027	5079	-0.0525
SERVO_p_TCGA_157_158_159_SNP_N_GenomeWideSNP_6_B05_831470	5	57326163	57333533	31	-0.8331
SERVO_p_TCGA_157_158_159_SNP_N_GenomeWideSNP_6_B05_831470	5	57338357	59191612	1451	-0.0051
SERVO_p_TCGA_157_158_159_SNP_N_GenomeWideSNP_6_B05_831470	5	59193517	59290035	59	-0.4288
SERVO_p_TCGA_157_158_159_SNP_N_GenomeWideSNP_6_B05_831470	5	59300913	59922145	314	-0.0989
SERVO_p_TCGA_157_158_159_SNP_N_GenomeWideSNP_6_B05_831470	5	59926565	60042290	50	-0.3218
SERVO_p_TCGA_157_158_159_SNP_N_GenomeWideSNP_6_B05_831470	5	60043977	70254905	5445	-0.047
SERVO_p_TCGA_157_158_159_SNP_N_GenomeWideSNP_6_B05_831470	5	70254906	70307544	6	-0.7041
SERVO_p_TCGA_157_158_159_SNP_N_GenomeWideSNP_6_B05_831470	5	70349193	77117740	4330	-0.0494
SERVO_p_TCGA_157_158_159_SNP_N_GenomeWideSNP_6_B05_831470	5	77117759	77117769	2	-1.2288
SERVO_p_TCGA_157_158_159_SNP_N_GenomeWideSNP_6_B05_831470	5	77120058	106113984	16539	-0.0379
SERVO_p_TCGA_157_158_159_SNP_N_GenomeWideSNP_6_B05_831470	5	106116110	106117456	3	-1.1887
SERVO_p_TCGA_157_158_159_SNP_N_GenomeWideSNP_6_B05_831470	5	106117464	177198449	46954	-0.0608
SERVO_p_TCGA_157_158_159_SNP_N_GenomeWideSNP_6_B05_831470	5	177227551	177232605	3	2.3903
SERVO_p_TCGA_157_158_159_SNP_N_GenomeWideSNP_6_B05_831470	5	177254965	180790320	2001	-0.1039
SERVO_p_TCGA_157_158_159_SNP_N_GenomeWideSNP_6_B05_831470	6	149661	886884	631	0.0834
SERVO_p_TCGA_157_158_159_SNP_N_GenomeWideSNP_6_B05_831470	6	887482	887802	2	-1.2244
SERVO_p_TCGA_157_158_159_SNP_N_GenomeWideSNP_6_B05_831470	6	888109	19040119	14156	0.0403
SERVO_p_TCGA_157_158_159_SNP_N_GenomeWideSNP_6_B05_831470	6	19042181	19042818	3	-0.9095
SERVO_p_TCGA_157_158_159_SNP_N_GenomeWideSNP_6_B05_831470	6	19044702	29837072	6941	0.0354
SERVO_p_TCGA_157_158_159_SNP_N_GenomeWideSNP_6_B05_831470	6	29837187	29874808	24	-0.714
SERVO_p_TCGA_157_158_159_SNP_N_GenomeWideSNP_6_B05_831470	6	29876959	32530298	1205	0.0229
SERVO_p_TCGA_157_158_159_SNP_N_GenomeWideSNP_6_B05_831470	6	32536398	32540611	4	1.0923
SERVO_p_TCGA_157_158_159_SNP_N_GenomeWideSNP_6_B05_831470	6	32544309	32587457	18	0.1418
SERVO_p_TCGA_157_158_159_SNP_N_GenomeWideSNP_6_B05_831470	6	32593021	32602107	7	-0.9957
SERVO_p_TCGA_157_158_159_SNP_N_GenomeWideSNP_6_B05_831470	6	32602269	32622194	8	0.1226
SERVO_p_TCGA_157_158_159_SNP_N_GenomeWideSNP_6_B05_831470	6	32624304	32626618	6	0.8634
SERVO_p_TCGA_157_158_159_SNP_N_GenomeWideSNP_6_B05_831470	6	32650612	48931729	10411	0.0393
SERVO_p_TCGA_157_158_159_SNP_N_GenomeWideSNP_6_B05_831470	6	48933070	48935079	3	-0.9685
SERVO_p_TCGA_157_158_159_SNP_N_GenomeWideSNP_6_B05_831470	6	48935200	50289369	775	0.0357
SERVO_p_TCGA_157_158_159_SNP_N_GenomeWideSNP_6_B05_831470	6	50292245	50292339	2	-1.2395
SERVO_p_TCGA_157_158_159_SNP_N_GenomeWideSNP_6_B05_831470	6	50292908	53931084	2543	0.0555
SERVO_p_TCGA_157_158_159_SNP_N_GenomeWideSNP_6_B05_831470	6	53931151	53931855	7	-1.022
SERVO_p_TCGA_157_158_159_SNP_N_GenomeWideSNP_6_B05_831470	6	53935348	66394090	5054	0.0475
SERVO_p_TCGA_157_158_159_SNP_N_GenomeWideSNP_6_B05_831470	6	66399482	66403852	24	-0.607
SERVO_p_TCGA_157_158_159_SNP_N_GenomeWideSNP_6_B05_831470	6	66407127	67008262	381	0.0392
SERVO_p_TCGA_157_158_159_SNP_N_GenomeWideSNP_6_B05_831470	6	67008286	67048629	55	-0.7052
SERVO_p_TCGA_157_158_159_SNP_N_GenomeWideSNP_6_B05_831470	6	67049406	68296348	961	0.0598
SERVO_p_TCGA_157_158_159_SNP_N_GenomeWideSNP_6_B05_831470	6	68297007	68299366	5	-0.6813
SERVO_p_TCGA_157_158_159_SNP_N_GenomeWideSNP_6_B05_831470	6	68301978	77014948	5513	0.0297
SERVO_p_TCGA_157_158_159_SNP_N_GenomeWideSNP_6_B05_831470	6	77016900	77016926	3	-0.8933
SERVO_p_TCGA_157_158_159_SNP_N_GenomeWideSNP_6_B05_831470	6	77016993	77436159	295	0.0396
SERVO_p_TCGA_157_158_159_SNP_N_GenomeWideSNP_6_B05_831470	6	77436532	77452757	22	0.3217
SERVO_p_TCGA_157_158_159_SNP_N_GenomeWideSNP_6_B05_831470	6	77461073	78962889	978	0.0366
SERVO_p_TCGA_157_158_159_SNP_N_GenomeWideSNP_6_B05_831470	6	78969065	79035174	111	-0.4581
SERVO_p_TCGA_157_158_159_SNP_N_GenomeWideSNP_6_B05_831470	6	79035185	103734829	15471	0.0367
SERVO_p_TCGA_157_158_159_SNP_N_GenomeWideSNP_6_B05_831470	6	103737976	103762061	46	-1.1418
SERVO_p_TCGA_157_158_159_SNP_N_GenomeWideSNP_6_B05_831470	6	103765470	128767516	15285	0.0421
SERVO_p_TCGA_157_158_159_SNP_N_GenomeWideSNP_6_B05_831470	6	128769900	129040563	167	0.5323
SERVO_p_TCGA_157_158_159_SNP_N_GenomeWideSNP_6_B05_831470	6	129045989	153348530	16406	0.0536
SERVO_p_TCGA_157_158_159_SNP_N_GenomeWideSNP_6_B05_831470	6	153348708	153348806	2	-1.0865
SERVO_p_TCGA_157_158_159_SNP_N_GenomeWideSNP_6_B05_831470	6	153355060	157779495	2934	0.0479
SERVO_p_TCGA_157_158_159_SNP_N_GenomeWideSNP_6_B05_831470	6	157781264	157796076	3	1.1798
SERVO_p_TCGA_157_158_159_SNP_N_GenomeWideSNP_6_B05_831470	6	157796994	171051005	9424	0.0236
SERVO_p_TCGA_157_158_159_SNP_N_GenomeWideSNP_6_B05_831470	7	43355	8573224	4887	0.0442
SERVO_p_TCGA_157_158_159_SNP_N_GenomeWideSNP_6_B05_831470	7	8573557	8627573	39	0.3794
SERVO_p_TCGA_157_158_159_SNP_N_GenomeWideSNP_6_B05_831470	7	8628337	24178891	12364	0.0721
SERVO_p_TCGA_157_158_159_SNP_N_GenomeWideSNP_6_B05_831470	7	24179027	24179065	3	-0.9295
SERVO_p_TCGA_157_158_159_SNP_N_GenomeWideSNP_6_B05_831470	7	24179661	62296239	23484	0.0457
SERVO_p_TCGA_157_158_159_SNP_N_GenomeWideSNP_6_B05_831470	7	62324867	62325513	3	0.3646
SERVO_p_TCGA_157_158_159_SNP_N_GenomeWideSNP_6_B05_831470	7	62365192	62385340	13	0.7703
SERVO_p_TCGA_157_158_159_SNP_N_GenomeWideSNP_6_B05_831470	7	62385430	62409401	11	0.4427
SERVO_p_TCGA_157_158_159_SNP_N_GenomeWideSNP_6_B05_831470	7	62409446	133785177	41316	0.0547
SERVO_p_TCGA_157_158_159_SNP_N_GenomeWideSNP_6_B05_831470	7	133785195	133795634	25	-1.7364
SERVO_p_TCGA_157_158_159_SNP_N_GenomeWideSNP_6_B05_831470	7	133795665	133799197	11	-0.6135
SERVO_p_TCGA_157_158_159_SNP_N_GenomeWideSNP_6_B05_831470	7	133806244	141763124	5195	0.0481
SERVO_p_TCGA_157_158_159_SNP_N_GenomeWideSNP_6_B05_831470	7	141769643	141792107	42	-0.3057
SERVO_p_TCGA_157_158_159_SNP_N_GenomeWideSNP_6_B05_831470	7	141795281	143909445	1321	0.0827
SERVO_p_TCGA_157_158_159_SNP_N_GenomeWideSNP_6_B05_831470	7	143911624	144002397	22	-0.3138
SERVO_p_TCGA_157_158_159_SNP_N_GenomeWideSNP_6_B05_831470	7	144003667	154427672	6490	0.0392
SERVO_p_TCGA_157_158_159_SNP_N_GenomeWideSNP_6_B05_831470	7	154427998	154428418	3	-0.9967
SERVO_p_TCGA_157_158_159_SNP_N_GenomeWideSNP_6_B05_831470	7	154429560	159127004	3214	0.0269
SERVO_p_TCGA_157_158_159_SNP_N_GenomeWideSNP_6_B05_831470	8	31254	7238019	7856	-0.0223
SERVO_p_TCGA_157_158_159_SNP_N_GenomeWideSNP_6_B05_831470	8	7250380	7809891	150	-0.4919
SERVO_p_TCGA_157_158_159_SNP_N_GenomeWideSNP_6_B05_831470	8	7809906	12216009	3302	0.006
SERVO_p_TCGA_157_158_159_SNP_N_GenomeWideSNP_6_B05_831470	8	12216848	12247486	39	-1.2723
SERVO_p_TCGA_157_158_159_SNP_N_GenomeWideSNP_6_B05_831470	8	12260927	12268482	8	-0.2187
SERVO_p_TCGA_157_158_159_SNP_N_GenomeWideSNP_6_B05_831470	8	12268979	12311638	13	-0.5866
SERVO_p_TCGA_157_158_159_SNP_N_GenomeWideSNP_6_B05_831470	8	12321897	12419965	33	-0.2347
SERVO_p_TCGA_157_158_159_SNP_N_GenomeWideSNP_6_B05_831470	8	12420090	24974476	10433	5e-04
SERVO_p_TCGA_157_158_159_SNP_N_GenomeWideSNP_6_B05_831470	8	24974522	24984250	24	0.7462
SERVO_p_TCGA_157_158_159_SNP_N_GenomeWideSNP_6_B05_831470	8	24984333	30415342	3863	0.0033
SERVO_p_TCGA_157_158_159_SNP_N_GenomeWideSNP_6_B05_831470	8	30420882	30463573	28	0.2841
SERVO_p_TCGA_157_158_159_SNP_N_GenomeWideSNP_6_B05_831470	8	30472238	35766773	3300	-0.0183
SERVO_p_TCGA_157_158_159_SNP_N_GenomeWideSNP_6_B05_831470	8	35774475	35869425	35	-0.7312
SERVO_p_TCGA_157_158_159_SNP_N_GenomeWideSNP_6_B05_831470	8	35874157	39352622	1843	0.0314
SERVO_p_TCGA_157_158_159_SNP_N_GenomeWideSNP_6_B05_831470	8	39352687	39356389	2	-1.3222
SERVO_p_TCGA_157_158_159_SNP_N_GenomeWideSNP_6_B05_831470	8	39356721	39379667	12	-0.1282
SERVO_p_TCGA_157_158_159_SNP_N_GenomeWideSNP_6_B05_831470	8	39384124	40771996	1080	0.0255
SERVO_p_TCGA_157_158_159_SNP_N_GenomeWideSNP_6_B05_831470	8	40777852	40778471	2	-1.7996
SERVO_p_TCGA_157_158_159_SNP_N_GenomeWideSNP_6_B05_831470	8	40783680	72212365	16835	-0.0035
SERVO_p_TCGA_157_158_159_SNP_N_GenomeWideSNP_6_B05_831470	8	72215311	72216599	9	-1.8686
SERVO_p_TCGA_157_158_159_SNP_N_GenomeWideSNP_6_B05_831470	8	72219863	79979370	4911	0.0076
SERVO_p_TCGA_157_158_159_SNP_N_GenomeWideSNP_6_B05_831470	8	79982595	80012734	16	0.411
SERVO_p_TCGA_157_158_159_SNP_N_GenomeWideSNP_6_B05_831470	8	80025803	146298155	42111	0.1065
SERVO_p_TCGA_157_158_159_SNP_N_GenomeWideSNP_6_B05_831470	9	46587	4381509	4534	-0.1964
SERVO_p_TCGA_157_158_159_SNP_N_GenomeWideSNP_6_B05_831470	9	4383219	12069627	6795	0.2696
SERVO_p_TCGA_157_158_159_SNP_N_GenomeWideSNP_6_B05_831470	9	12071041	12071398	4	-0.4921
SERVO_p_TCGA_157_158_159_SNP_N_GenomeWideSNP_6_B05_831470	9	12074207	12840928	580	0.3435
SERVO_p_TCGA_157_158_159_SNP_N_GenomeWideSNP_6_B05_831470	9	12847724	22492889	7954	-0.0163
SERVO_p_TCGA_157_158_159_SNP_N_GenomeWideSNP_6_B05_831470	9	22501913	22502699	2	1.2714
SERVO_p_TCGA_157_158_159_SNP_N_GenomeWideSNP_6_B05_831470	9	22509340	24500840	1383	-0.0669
SERVO_p_TCGA_157_158_159_SNP_N_GenomeWideSNP_6_B05_831470	9	24503816	24517682	20	-0.6481
SERVO_p_TCGA_157_158_159_SNP_N_GenomeWideSNP_6_B05_831470	9	24519684	44469328	10188	-0.0495
SERVO_p_TCGA_157_158_159_SNP_N_GenomeWideSNP_6_B05_831470	9	44629223	44855737	37	-1.0534
SERVO_p_TCGA_157_158_159_SNP_N_GenomeWideSNP_6_B05_831470	9	44866028	90522594	14621	-0.0444
SERVO_p_TCGA_157_158_159_SNP_N_GenomeWideSNP_6_B05_831470	9	90554151	90554219	2	-1.7666
SERVO_p_TCGA_157_158_159_SNP_N_GenomeWideSNP_6_B05_831470	9	90557957	94393996	2683	-0.0537
SERVO_p_TCGA_157_158_159_SNP_N_GenomeWideSNP_6_B05_831470	9	94394246	94403445	18	-0.7205
SERVO_p_TCGA_157_158_159_SNP_N_GenomeWideSNP_6_B05_831470	9	94403545	105515822	7174	-0.0535
SERVO_p_TCGA_157_158_159_SNP_N_GenomeWideSNP_6_B05_831470	9	105515851	105516311	2	-1.5566
SERVO_p_TCGA_157_158_159_SNP_N_GenomeWideSNP_6_B05_831470	9	105516782	141091394	23888	-0.0619
SERVO_p_TCGA_157_158_159_SNP_N_GenomeWideSNP_6_B05_831470	10	72759	4240107	3531	0.0081
SERVO_p_TCGA_157_158_159_SNP_N_GenomeWideSNP_6_B05_831470	10	4240722	4241572	4	-1.2213
SERVO_p_TCGA_157_158_159_SNP_N_GenomeWideSNP_6_B05_831470	10	4243998	16466370	10250	0.0112
SERVO_p_TCGA_157_158_159_SNP_N_GenomeWideSNP_6_B05_831470	10	16467242	16470933	3	-1.0551
SERVO_p_TCGA_157_158_159_SNP_N_GenomeWideSNP_6_B05_831470	10	16476271	38323783	15111	0.0196
SERVO_p_TCGA_157_158_159_SNP_N_GenomeWideSNP_6_B05_831470	10	38326822	38359740	34	0.2914
SERVO_p_TCGA_157_158_159_SNP_N_GenomeWideSNP_6_B05_831470	10	38360711	46312487	2607	-0.0016
SERVO_p_TCGA_157_158_159_SNP_N_GenomeWideSNP_6_B05_831470	10	46485761	47948060	382	0.4197
SERVO_p_TCGA_157_158_159_SNP_N_GenomeWideSNP_6_B05_831470	10	47960476	58922712	6986	0.0134
SERVO_p_TCGA_157_158_159_SNP_N_GenomeWideSNP_6_B05_831470	10	58922857	58925995	2	-1.2642
SERVO_p_TCGA_157_158_159_SNP_N_GenomeWideSNP_6_B05_831470	10	58926473	61357786	1762	0.062
SERVO_p_TCGA_157_158_159_SNP_N_GenomeWideSNP_6_B05_831470	10	61357856	61365805	14	-0.5405
SERVO_p_TCGA_157_158_159_SNP_N_GenomeWideSNP_6_B05_831470	10	61366264	67306079	4019	0.0379
SERVO_p_TCGA_157_158_159_SNP_N_GenomeWideSNP_6_B05_831470	10	67306158	67322926	32	-0.2746
SERVO_p_TCGA_157_158_159_SNP_N_GenomeWideSNP_6_B05_831470	10	67325453	72494040	3538	0.0315
SERVO_p_TCGA_157_158_159_SNP_N_GenomeWideSNP_6_B05_831470	10	72500863	72501310	2	-1.2473
SERVO_p_TCGA_157_158_159_SNP_N_GenomeWideSNP_6_B05_831470	10	72501359	77201615	2493	0.0061
SERVO_p_TCGA_157_158_159_SNP_N_GenomeWideSNP_6_B05_831470	10	77205684	77304214	65	0.3088
SERVO_p_TCGA_157_158_159_SNP_N_GenomeWideSNP_6_B05_831470	10	77305518	83942065	4777	-0.0045
SERVO_p_TCGA_157_158_159_SNP_N_GenomeWideSNP_6_B05_831470	10	83944705	83944907	2	-1.2788
SERVO_p_TCGA_157_158_159_SNP_N_GenomeWideSNP_6_B05_831470	10	83945665	128554642	30540	0.0172
SERVO_p_TCGA_157_158_159_SNP_N_GenomeWideSNP_6_B05_831470	10	128554652	128614351	41	0.2787
SERVO_p_TCGA_157_158_159_SNP_N_GenomeWideSNP_6_B05_831470	10	128766938	135506704	4830	-0.0247
SERVO_p_TCGA_157_158_159_SNP_N_GenomeWideSNP_6_B05_831470	11	198510	5782925	3294	0.0027
SERVO_p_TCGA_157_158_159_SNP_N_GenomeWideSNP_6_B05_831470	11	5782959	5809461	42	0.3586
SERVO_p_TCGA_157_158_159_SNP_N_GenomeWideSNP_6_B05_831470	11	5812360	6301177	352	-0.009
SERVO_p_TCGA_157_158_159_SNP_N_GenomeWideSNP_6_B05_831470	11	6304175	6346477	42	-0.378
SERVO_p_TCGA_157_158_159_SNP_N_GenomeWideSNP_6_B05_831470	11	6346529	12013813	4228	0.0209
SERVO_p_TCGA_157_158_159_SNP_N_GenomeWideSNP_6_B05_831470	11	12016528	12224053	218	0.439
SERVO_p_TCGA_157_158_159_SNP_N_GenomeWideSNP_6_B05_831470	11	12230482	49758987	25698	0.0255
SERVO_p_TCGA_157_158_159_SNP_N_GenomeWideSNP_6_B05_831470	11	49759555	49760688	6	-0.8267
SERVO_p_TCGA_157_158_159_SNP_N_GenomeWideSNP_6_B05_831470	11	49766161	71467755	9177	0.0177
SERVO_p_TCGA_157_158_159_SNP_N_GenomeWideSNP_6_B05_831470	11	71477580	71482054	6	-0.7485
SERVO_p_TCGA_157_158_159_SNP_N_GenomeWideSNP_6_B05_831470	11	71513455	74359066	1415	0.0161
SERVO_p_TCGA_157_158_159_SNP_N_GenomeWideSNP_6_B05_831470	11	74364561	74364566	2	-1.3129
SERVO_p_TCGA_157_158_159_SNP_N_GenomeWideSNP_6_B05_831470	11	74364730	79967504	3498	0.0065
SERVO_p_TCGA_157_158_159_SNP_N_GenomeWideSNP_6_B05_831470	11	79967513	79967564	3	-1.8683
SERVO_p_TCGA_157_158_159_SNP_N_GenomeWideSNP_6_B05_831470	11	79967686	81503468	1319	0.0288
SERVO_p_TCGA_157_158_159_SNP_N_GenomeWideSNP_6_B05_831470	11	81503992	81517158	10	-4.3715
SERVO_p_TCGA_157_158_159_SNP_N_GenomeWideSNP_6_B05_831470	11	81522632	82309533	557	-0.0185
SERVO_p_TCGA_157_158_159_SNP_N_GenomeWideSNP_6_B05_831470	11	82310197	82350270	48	0.2264
SERVO_p_TCGA_157_158_159_SNP_N_GenomeWideSNP_6_B05_831470	11	82353864	83881541	957	0.0174
SERVO_p_TCGA_157_158_159_SNP_N_GenomeWideSNP_6_B05_831470	11	83885744	83979946	77	-0.3374
SERVO_p_TCGA_157_158_159_SNP_N_GenomeWideSNP_6_B05_831470	11	83984196	108839158	17143	0.0202
SERVO_p_TCGA_157_158_159_SNP_N_GenomeWideSNP_6_B05_831470	11	108843165	109279967	281	0.476
SERVO_p_TCGA_157_158_159_SNP_N_GenomeWideSNP_6_B05_831470	11	109280204	126403924	12051	0.0045
SERVO_p_TCGA_157_158_159_SNP_N_GenomeWideSNP_6_B05_831470	11	126408381	126446511	30	0.2888
SERVO_p_TCGA_157_158_159_SNP_N_GenomeWideSNP_6_B05_831470	11	126448926	128331623	1488	-0.0118
SERVO_p_TCGA_157_158_159_SNP_N_GenomeWideSNP_6_B05_831470	11	128333056	128333519	5	-0.7831
SERVO_p_TCGA_157_158_159_SNP_N_GenomeWideSNP_6_B05_831470	11	128334766	134944770	5121	-0.005
SERVO_p_TCGA_157_158_159_SNP_N_GenomeWideSNP_6_B05_831470	12	150442	2558475	1555	0.0363
SERVO_p_TCGA_157_158_159_SNP_N_GenomeWideSNP_6_B05_831470	12	2558567	2558595	2	-1.4493
SERVO_p_TCGA_157_158_159_SNP_N_GenomeWideSNP_6_B05_831470	12	2559828	7994787	3811	-0.0015
SERVO_p_TCGA_157_158_159_SNP_N_GenomeWideSNP_6_B05_831470	12	8004425	8123237	59	0.5103
SERVO_p_TCGA_157_158_159_SNP_N_GenomeWideSNP_6_B05_831470	12	8123900	9633870	771	-0.0296
SERVO_p_TCGA_157_158_159_SNP_N_GenomeWideSNP_6_B05_831470	12	9637909	9713674	21	1.4686
SERVO_p_TCGA_157_158_159_SNP_N_GenomeWideSNP_6_B05_831470	12	9714954	11504091	1189	0.0091
SERVO_p_TCGA_157_158_159_SNP_N_GenomeWideSNP_6_B05_831470	12	11511577	11543386	31	0.5392
SERVO_p_TCGA_157_158_159_SNP_N_GenomeWideSNP_6_B05_831470	12	11543406	30235581	13127	0.037
SERVO_p_TCGA_157_158_159_SNP_N_GenomeWideSNP_6_B05_831470	12	30239267	30243689	24	-0.4145
SERVO_p_TCGA_157_158_159_SNP_N_GenomeWideSNP_6_B05_831470	12	30243722	48724820	9638	0.0144
SERVO_p_TCGA_157_158_159_SNP_N_GenomeWideSNP_6_B05_831470	12	48725019	48725415	5	-1.0559
SERVO_p_TCGA_157_158_159_SNP_N_GenomeWideSNP_6_B05_831470	12	48730036	90491669	25546	0.0277
SERVO_p_TCGA_157_158_159_SNP_N_GenomeWideSNP_6_B05_831470	12	90491687	90492074	6	0.8087
SERVO_p_TCGA_157_158_159_SNP_N_GenomeWideSNP_6_B05_831470	12	90493557	114255041	15696	0.0149
SERVO_p_TCGA_157_158_159_SNP_N_GenomeWideSNP_6_B05_831470	12	114257208	114264741	4	-0.727
SERVO_p_TCGA_157_158_159_SNP_N_GenomeWideSNP_6_B05_831470	12	114268033	133778189	13525	0.0075
SERVO_p_TCGA_157_158_159_SNP_N_GenomeWideSNP_6_B05_831470	13	19026949	19315173	70	-0.0974
SERVO_p_TCGA_157_158_159_SNP_N_GenomeWideSNP_6_B05_831470	13	19318366	19319635	3	-0.8377
SERVO_p_TCGA_157_158_159_SNP_N_GenomeWideSNP_6_B05_831470	13	19368654	20485805	664	-0.0499
SERVO_p_TCGA_157_158_159_SNP_N_GenomeWideSNP_6_B05_831470	13	20488155	20488212	2	-1.3232
SERVO_p_TCGA_157_158_159_SNP_N_GenomeWideSNP_6_B05_831470	13	20488702	38075965	12811	-0.0401
SERVO_p_TCGA_157_158_159_SNP_N_GenomeWideSNP_6_B05_831470	13	38076267	38084757	12	-0.5569
SERVO_p_TCGA_157_158_159_SNP_N_GenomeWideSNP_6_B05_831470	13	38088330	39052811	700	-0.0649
SERVO_p_TCGA_157_158_159_SNP_N_GenomeWideSNP_6_B05_831470	13	39057572	39058056	2	-2.0656
SERVO_p_TCGA_157_158_159_SNP_N_GenomeWideSNP_6_B05_831470	13	39065057	64224205	15672	-0.0368
SERVO_p_TCGA_157_158_159_SNP_N_GenomeWideSNP_6_B05_831470	13	64224792	64236692	9	-1.1267
SERVO_p_TCGA_157_158_159_SNP_N_GenomeWideSNP_6_B05_831470	13	64239563	102781655	25199	-0.0418
SERVO_p_TCGA_157_158_159_SNP_N_GenomeWideSNP_6_B05_831470	13	102781919	102824661	37	0.4198
SERVO_p_TCGA_157_158_159_SNP_N_GenomeWideSNP_6_B05_831470	13	102826079	115108397	9069	-0.0535
SERVO_p_TCGA_157_158_159_SNP_N_GenomeWideSNP_6_B05_831470	14	19002124	20010913	73	-0.0685
SERVO_p_TCGA_157_158_159_SNP_N_GenomeWideSNP_6_B05_831470	14	20037146	20157843	8	0.5504
SERVO_p_TCGA_157_158_159_SNP_N_GenomeWideSNP_6_B05_831470	14	20200183	20425509	111	-0.2076
SERVO_p_TCGA_157_158_159_SNP_N_GenomeWideSNP_6_B05_831470	14	20425860	20550540	91	0.0182
SERVO_p_TCGA_157_158_159_SNP_N_GenomeWideSNP_6_B05_831470	14	20553284	20555196	2	1.4889
SERVO_p_TCGA_157_158_159_SNP_N_GenomeWideSNP_6_B05_831470	14	20557267	31622741	7038	0.0468
SERVO_p_TCGA_157_158_159_SNP_N_GenomeWideSNP_6_B05_831470	14	31626377	31686696	27	0.4595
SERVO_p_TCGA_157_158_159_SNP_N_GenomeWideSNP_6_B05_831470	14	31691740	66725790	22409	0.0422
SERVO_p_TCGA_157_158_159_SNP_N_GenomeWideSNP_6_B05_831470	14	66729647	67151451	190	-0.2964
SERVO_p_TCGA_157_158_159_SNP_N_GenomeWideSNP_6_B05_831470	14	67154600	67385728	96	0.0223
SERVO_p_TCGA_157_158_159_SNP_N_GenomeWideSNP_6_B05_831470	14	67387618	67701168	139	0.2392
SERVO_p_TCGA_157_158_159_SNP_N_GenomeWideSNP_6_B05_831470	14	67708720	86284754	12301	0.0365
SERVO_p_TCGA_157_158_159_SNP_N_GenomeWideSNP_6_B05_831470	14	86286312	86312173	15	-0.8649
SERVO_p_TCGA_157_158_159_SNP_N_GenomeWideSNP_6_B05_831470	14	86316135	106460902	12598	0.0175
SERVO_p_TCGA_157_158_159_SNP_N_GenomeWideSNP_6_B05_831470	14	106479675	106479941	2	-1.5057
SERVO_p_TCGA_157_158_159_SNP_N_GenomeWideSNP_6_B05_831470	14	106482128	106715489	104	0.0642
SERVO_p_TCGA_157_158_159_SNP_N_GenomeWideSNP_6_B05_831470	14	106717356	106727469	8	-0.4475
SERVO_p_TCGA_157_158_159_SNP_N_GenomeWideSNP_6_B05_831470	14	106728162	106777343	27	0.098
SERVO_p_TCGA_157_158_159_SNP_N_GenomeWideSNP_6_B05_831470	14	106783044	106802053	8	0.7303
SERVO_p_TCGA_157_158_159_SNP_N_GenomeWideSNP_6_B05_831470	14	106815943	106918069	82	0.0983
SERVO_p_TCGA_157_158_159_SNP_N_GenomeWideSNP_6_B05_831470	14	106918094	106939788	10	0.7356
SERVO_p_TCGA_157_158_159_SNP_N_GenomeWideSNP_6_B05_831470	14	106943522	107285437	216	0.0513
SERVO_p_TCGA_157_158_159_SNP_N_GenomeWideSNP_6_B05_831470	15	20016328	21201536	279	0.0656
SERVO_p_TCGA_157_158_159_SNP_N_GenomeWideSNP_6_B05_831470	15	21210772	21290776	12	0.7777
SERVO_p_TCGA_157_158_159_SNP_N_GenomeWideSNP_6_B05_831470	15	21302216	22293227	22	0.1751
SERVO_p_TCGA_157_158_159_SNP_N_GenomeWideSNP_6_B05_831470	15	22302006	22587474	109	-0.5742
SERVO_p_TCGA_157_158_159_SNP_N_GenomeWideSNP_6_B05_831470	15	22673399	24669745	1005	3e-04
SERVO_p_TCGA_157_158_159_SNP_N_GenomeWideSNP_6_B05_831470	15	24674751	24737278	46	-0.454
SERVO_p_TCGA_157_158_159_SNP_N_GenomeWideSNP_6_B05_831470	15	24738162	47513253	14037	0.0037
SERVO_p_TCGA_157_158_159_SNP_N_GenomeWideSNP_6_B05_831470	15	47518807	47519545	5	-1.1019
SERVO_p_TCGA_157_158_159_SNP_N_GenomeWideSNP_6_B05_831470	15	47519554	76891241	18812	0.0139
SERVO_p_TCGA_157_158_159_SNP_N_GenomeWideSNP_6_B05_831470	15	76891511	76895344	14	0.8514
SERVO_p_TCGA_157_158_159_SNP_N_GenomeWideSNP_6_B05_831470	15	76895767	76895775	7	0.4669
SERVO_p_TCGA_157_158_159_SNP_N_GenomeWideSNP_6_B05_831470	15	76902179	86090347	5212	-0.0064
SERVO_p_TCGA_157_158_159_SNP_N_GenomeWideSNP_6_B05_831470	15	86093926	86126486	26	0.3924
SERVO_p_TCGA_157_158_159_SNP_N_GenomeWideSNP_6_B05_831470	15	86128150	92431925	4609	-0.0016
SERVO_p_TCGA_157_158_159_SNP_N_GenomeWideSNP_6_B05_831470	15	92432507	92483496	46	0.3398
SERVO_p_TCGA_157_158_159_SNP_N_GenomeWideSNP_6_B05_831470	15	92483515	102469040	7776	-0.0174
SERVO_p_TCGA_157_158_159_SNP_N_GenomeWideSNP_6_B05_831470	16	60777	11629464	8692	-0.0809
SERVO_p_TCGA_157_158_159_SNP_N_GenomeWideSNP_6_B05_831470	16	11629784	11629933	2	-1.6653
SERVO_p_TCGA_157_158_159_SNP_N_GenomeWideSNP_6_B05_831470	16	11629948	15813633	2719	-0.075
SERVO_p_TCGA_157_158_159_SNP_N_GenomeWideSNP_6_B05_831470	16	15813766	15813945	2	-1.5264
SERVO_p_TCGA_157_158_159_SNP_N_GenomeWideSNP_6_B05_831470	16	15814709	32040483	8648	-0.0756
SERVO_p_TCGA_157_158_159_SNP_N_GenomeWideSNP_6_B05_831470	16	32040814	33625308	253	0.3525
SERVO_p_TCGA_157_158_159_SNP_N_GenomeWideSNP_6_B05_831470	16	33627826	34471464	219	-0.0942
SERVO_p_TCGA_157_158_159_SNP_N_GenomeWideSNP_6_B05_831470	16	34471492	34757071	165	0.3529
SERVO_p_TCGA_157_158_159_SNP_N_GenomeWideSNP_6_B05_831470	16	34760967	52477428	3902	-0.0682
SERVO_p_TCGA_157_158_159_SNP_N_GenomeWideSNP_6_B05_831470	16	52478911	52608672	100	0.385
SERVO_p_TCGA_157_158_159_SNP_N_GenomeWideSNP_6_B05_831470	16	52608916	55796594	2602	-0.0778
SERVO_p_TCGA_157_158_159_SNP_N_GenomeWideSNP_6_B05_831470	16	55798222	55798779	3	2.822
SERVO_p_TCGA_157_158_159_SNP_N_GenomeWideSNP_6_B05_831470	16	55804348	55822444	15	0.4476
SERVO_p_TCGA_157_158_159_SNP_N_GenomeWideSNP_6_B05_831470	16	55829557	60548817	2943	-0.0691
SERVO_p_TCGA_157_158_159_SNP_N_GenomeWideSNP_6_B05_831470	16	60553311	60571219	10	-0.5924
SERVO_p_TCGA_157_158_159_SNP_N_GenomeWideSNP_6_B05_831470	16	60574394	70139542	5810	-0.0717
SERVO_p_TCGA_157_158_159_SNP_N_GenomeWideSNP_6_B05_831470	16	70151527	70213044	18	0.3808
SERVO_p_TCGA_157_158_159_SNP_N_GenomeWideSNP_6_B05_831470	16	70234536	78371608	5644	-0.0769
SERVO_p_TCGA_157_158_159_SNP_N_GenomeWideSNP_6_B05_831470	16	78372440	78384765	16	0.8613
SERVO_p_TCGA_157_158_159_SNP_N_GenomeWideSNP_6_B05_831470	16	78385001	78661664	377	-0.1775
SERVO_p_TCGA_157_158_159_SNP_N_GenomeWideSNP_6_B05_831470	16	78665745	78768508	124	-0.5192
SERVO_p_TCGA_157_158_159_SNP_N_GenomeWideSNP_6_B05_831470	16	78770433	78822569	69	-0.1505
SERVO_p_TCGA_157_158_159_SNP_N_GenomeWideSNP_6_B05_831470	16	78825222	78951763	189	-0.4983
SERVO_p_TCGA_157_158_159_SNP_N_GenomeWideSNP_6_B05_831470	16	78953933	78959293	3	-1.9382
SERVO_p_TCGA_157_158_159_SNP_N_GenomeWideSNP_6_B05_831470	16	78960323	79049341	127	-0.5317
SERVO_p_TCGA_157_158_159_SNP_N_GenomeWideSNP_6_B05_831470	16	79050116	90287535	9737	-0.0759
SERVO_p_TCGA_157_158_159_SNP_N_GenomeWideSNP_6_B05_831470	17	526	18358946	11433	-0.0743
SERVO_p_TCGA_157_158_159_SNP_N_GenomeWideSNP_6_B05_831470	17	18358949	18464586	26	0.4498
SERVO_p_TCGA_157_158_159_SNP_N_GenomeWideSNP_6_B05_831470	17	18465221	39421708	9491	-0.0635
SERVO_p_TCGA_157_158_159_SNP_N_GenomeWideSNP_6_B05_831470	17	39423014	39430531	24	0.8836
SERVO_p_TCGA_157_158_159_SNP_N_GenomeWideSNP_6_B05_831470	17	39432724	43656380	2169	-0.0538
SERVO_p_TCGA_157_158_159_SNP_N_GenomeWideSNP_6_B05_831470	17	43657243	43659426	5	0.7673
SERVO_p_TCGA_157_158_159_SNP_N_GenomeWideSNP_6_B05_831470	17	43664693	44163098	337	-0.0863
SERVO_p_TCGA_157_158_159_SNP_N_GenomeWideSNP_6_B05_831470	17	44165803	44362363	124	0.773
SERVO_p_TCGA_157_158_159_SNP_N_GenomeWideSNP_6_B05_831470	17	44364170	44429320	9	-0.004
SERVO_p_TCGA_157_158_159_SNP_N_GenomeWideSNP_6_B05_831470	17	44435454	44557907	14	-0.5991
SERVO_p_TCGA_157_158_159_SNP_N_GenomeWideSNP_6_B05_831470	17	44571637	44647143	4	0.2123
SERVO_p_TCGA_157_158_159_SNP_N_GenomeWideSNP_6_B05_831470	17	44647260	44764994	23	-0.4819
SERVO_p_TCGA_157_158_159_SNP_N_GenomeWideSNP_6_B05_831470	17	44784652	74035444	17952	-0.0558
SERVO_p_TCGA_157_158_159_SNP_N_GenomeWideSNP_6_B05_831470	17	74035691	74036112	2	-1.9207
SERVO_p_TCGA_157_158_159_SNP_N_GenomeWideSNP_6_B05_831470	17	74036468	81049726	3642	-0.074
SERVO_p_TCGA_157_158_159_SNP_N_GenomeWideSNP_6_B05_831470	18	11543	20929994	11666	0.0061
SERVO_p_TCGA_157_158_159_SNP_N_GenomeWideSNP_6_B05_831470	18	20930130	20935833	2	1.1084
SERVO_p_TCGA_157_158_159_SNP_N_GenomeWideSNP_6_B05_831470	18	20936658	26193428	3433	0.0095
SERVO_p_TCGA_157_158_159_SNP_N_GenomeWideSNP_6_B05_831470	18	26193536	26196130	5	-1.152
SERVO_p_TCGA_157_158_159_SNP_N_GenomeWideSNP_6_B05_831470	18	26196632	51204135	16637	0.0123
SERVO_p_TCGA_157_158_159_SNP_N_GenomeWideSNP_6_B05_831470	18	51207209	51210640	5	-0.8622
SERVO_p_TCGA_157_158_159_SNP_N_GenomeWideSNP_6_B05_831470	18	51212148	63906866	8746	0.0196
SERVO_p_TCGA_157_158_159_SNP_N_GenomeWideSNP_6_B05_831470	18	63907434	63911589	10	-0.611
SERVO_p_TCGA_157_158_159_SNP_N_GenomeWideSNP_6_B05_831470	18	63911876	72872096	6624	0.0047
SERVO_p_TCGA_157_158_159_SNP_N_GenomeWideSNP_6_B05_831470	18	72874291	72990273	109	0.3861
SERVO_p_TCGA_157_158_159_SNP_N_GenomeWideSNP_6_B05_831470	18	72995234	78015057	3531	-0.0239
SERVO_p_TCGA_157_158_159_SNP_N_GenomeWideSNP_6_B05_831470	19	90910	12692001	5068	0.006
SERVO_p_TCGA_157_158_159_SNP_N_GenomeWideSNP_6_B05_831470	19	12697366	12698102	2	-1.8752
SERVO_p_TCGA_157_158_159_SNP_N_GenomeWideSNP_6_B05_831470	19	12700523	29861882	7567	0.0068
SERVO_p_TCGA_157_158_159_SNP_N_GenomeWideSNP_6_B05_831470	19	29864581	29864700	2	-1.5092
SERVO_p_TCGA_157_158_159_SNP_N_GenomeWideSNP_6_B05_831470	19	29865081	43703033	8109	-0.0022
SERVO_p_TCGA_157_158_159_SNP_N_GenomeWideSNP_6_B05_831470	19	43703504	43734410	14	-0.7375
SERVO_p_TCGA_157_158_159_SNP_N_GenomeWideSNP_6_B05_831470	19	43735745	59097854	8565	0.0111
SERVO_p_TCGA_157_158_159_SNP_N_GenomeWideSNP_6_B05_831470	20	61305	1560999	1206	0.1451
SERVO_p_TCGA_157_158_159_SNP_N_GenomeWideSNP_6_B05_831470	20	1561580	1582207	36	1.3502
SERVO_p_TCGA_157_158_159_SNP_N_GenomeWideSNP_6_B05_831470	20	1590257	14542681	9759	0.1529
SERVO_p_TCGA_157_158_159_SNP_N_GenomeWideSNP_6_B05_831470	20	14542859	14565721	15	-0.7609
SERVO_p_TCGA_157_158_159_SNP_N_GenomeWideSNP_6_B05_831470	20	14569186	14921065	325	0.0728
SERVO_p_TCGA_157_158_159_SNP_N_GenomeWideSNP_6_B05_831470	20	14921234	15155024	196	-0.2726
SERVO_p_TCGA_157_158_159_SNP_N_GenomeWideSNP_6_B05_831470	20	15157914	48782534	20567	0.1367
SERVO_p_TCGA_157_158_159_SNP_N_GenomeWideSNP_6_B05_831470	20	48791719	48792793	2	-1.2755
SERVO_p_TCGA_157_158_159_SNP_N_GenomeWideSNP_6_B05_831470	20	48794917	51809900	2266	0.2019
SERVO_p_TCGA_157_158_159_SNP_N_GenomeWideSNP_6_B05_831470	20	51812454	51926856	81	0.4258
SERVO_p_TCGA_157_158_159_SNP_N_GenomeWideSNP_6_B05_831470	20	51927911	56127930	3437	0.2166
SERVO_p_TCGA_157_158_159_SNP_N_GenomeWideSNP_6_B05_831470	20	56128891	56129876	4	1.314
SERVO_p_TCGA_157_158_159_SNP_N_GenomeWideSNP_6_B05_831470	20	56130620	62956153	4587	0.1874
SERVO_p_TCGA_157_158_159_SNP_N_GenomeWideSNP_6_B05_831470	21	10736871	10953424	36	-0.2643
SERVO_p_TCGA_157_158_159_SNP_N_GenomeWideSNP_6_B05_831470	21	10954126	14369127	80	0.1894
SERVO_p_TCGA_157_158_159_SNP_N_GenomeWideSNP_6_B05_831470	21	14369207	44968053	22503	-0.0687
SERVO_p_TCGA_157_158_159_SNP_N_GenomeWideSNP_6_B05_831470	21	44970873	44972812	2	1.2856
SERVO_p_TCGA_157_158_159_SNP_N_GenomeWideSNP_6_B05_831470	21	44973667	48096957	1764	-0.1047
SERVO_p_TCGA_157_158_159_SNP_N_GenomeWideSNP_6_B05_831470	22	16052528	22503269	3375	0.0062
SERVO_p_TCGA_157_158_159_SNP_N_GenomeWideSNP_6_B05_831470	22	22503341	22503853	6	1.3602
SERVO_p_TCGA_157_158_159_SNP_N_GenomeWideSNP_6_B05_831470	22	22504045	22505413	8	0.3231
SERVO_p_TCGA_157_158_159_SNP_N_GenomeWideSNP_6_B05_831470	22	22508408	24288367	1200	-0.0077
SERVO_p_TCGA_157_158_159_SNP_N_GenomeWideSNP_6_B05_831470	22	24288434	24344422	28	0.4148
SERVO_p_TCGA_157_158_159_SNP_N_GenomeWideSNP_6_B05_831470	22	24350529	24396814	19	-1.8843
SERVO_p_TCGA_157_158_159_SNP_N_GenomeWideSNP_6_B05_831470	22	24401529	39290920	10826	-0.016
SERVO_p_TCGA_157_158_159_SNP_N_GenomeWideSNP_6_B05_831470	22	39295255	39296904	3	-1.4141
SERVO_p_TCGA_157_158_159_SNP_N_GenomeWideSNP_6_B05_831470	22	39299114	39351466	38	0.019
SERVO_p_TCGA_157_158_159_SNP_N_GenomeWideSNP_6_B05_831470	22	39363619	39375307	24	-0.6508
SERVO_p_TCGA_157_158_159_SNP_N_GenomeWideSNP_6_B05_831470	22	39389628	46478455	4425	-0.022
SERVO_p_TCGA_157_158_159_SNP_N_GenomeWideSNP_6_B05_831470	22	46478658	46548375	30	0.3217
SERVO_p_TCGA_157_158_159_SNP_N_GenomeWideSNP_6_B05_831470	22	46548600	49268700	2333	-0.0471
SERVO_p_TCGA_157_158_159_SNP_N_GenomeWideSNP_6_B05_831470	22	49269923	49270542	2	-1.5017
SERVO_p_TCGA_157_158_159_SNP_N_GenomeWideSNP_6_B05_831470	22	49273291	51234455	1235	-0.0462
SERVO_p_TCGA_157_158_159_SNP_N_GenomeWideSNP_6_B05_831470	X	168477	4503679	1387	0.0618
SERVO_p_TCGA_157_158_159_SNP_N_GenomeWideSNP_6_B05_831470	X	4505330	4596917	64	0.4719
SERVO_p_TCGA_157_158_159_SNP_N_GenomeWideSNP_6_B05_831470	X	4598736	93994258	47787	0.0296
SERVO_p_TCGA_157_158_159_SNP_N_GenomeWideSNP_6_B05_831470	X	93995242	94168433	98	-0.4034
SERVO_p_TCGA_157_158_159_SNP_N_GenomeWideSNP_6_B05_831470	X	94171570	113242051	10325	-0.0345
SERVO_p_TCGA_157_158_159_SNP_N_GenomeWideSNP_6_B05_831470	X	113242151	113698459	237	0.2451
SERVO_p_TCGA_157_158_159_SNP_N_GenomeWideSNP_6_B05_831470	X	113700547	115133681	766	-0.0448
SERVO_p_TCGA_157_158_159_SNP_N_GenomeWideSNP_6_B05_831470	X	115137955	115150638	7	-1.6792
SERVO_p_TCGA_157_158_159_SNP_N_GenomeWideSNP_6_B05_831470	X	115156419	152446347	22593	-0.035
SERVO_p_TCGA_157_158_159_SNP_N_GenomeWideSNP_6_B05_831470	X	152446396	152446554	2	-2.0234
SERVO_p_TCGA_157_158_159_SNP_N_GenomeWideSNP_6_B05_831470	X	152447537	155182354	1138	-0.0189
SERVO_p_TCGA_157_158_159_SNP_N_GenomeWideSNP_6_B05_831470	Y	2650438	59018259	8632	-0.9582
