Sample	Chromosome	Start	End	Num_Probes	Segment_Mean
SERVO_p_TCGA_157_158_159_SNP_N_GenomeWideSNP_6_B06_831354	1	61735	98588	16	0.479
SERVO_p_TCGA_157_158_159_SNP_N_GenomeWideSNP_6_B06_831354	1	98602	17235698	8827	-0.0081
SERVO_p_TCGA_157_158_159_SNP_N_GenomeWideSNP_6_B06_831354	1	17235852	17262247	44	-0.3996
SERVO_p_TCGA_157_158_159_SNP_N_GenomeWideSNP_6_B06_831354	1	17276241	46510353	16612	-0.003
SERVO_p_TCGA_157_158_159_SNP_N_GenomeWideSNP_6_B06_831354	1	46512275	46513826	2	1.8611
SERVO_p_TCGA_157_158_159_SNP_N_GenomeWideSNP_6_B06_831354	1	46519553	65897951	12933	0.01
SERVO_p_TCGA_157_158_159_SNP_N_GenomeWideSNP_6_B06_831354	1	65898001	65906265	3	1.0337
SERVO_p_TCGA_157_158_159_SNP_N_GenomeWideSNP_6_B06_831354	1	65906762	72768916	4572	0.0026
SERVO_p_TCGA_157_158_159_SNP_N_GenomeWideSNP_6_B06_831354	1	72768936	72811148	45	-1.0161
SERVO_p_TCGA_157_158_159_SNP_N_GenomeWideSNP_6_B06_831354	1	72811904	75269284	1505	-0.0108
SERVO_p_TCGA_157_158_159_SNP_N_GenomeWideSNP_6_B06_831354	1	75271072	75273866	2	1.5811
SERVO_p_TCGA_157_158_159_SNP_N_GenomeWideSNP_6_B06_831354	1	75273987	81888456	4277	-0.0127
SERVO_p_TCGA_157_158_159_SNP_N_GenomeWideSNP_6_B06_831354	1	81888602	81888605	2	1.7836
SERVO_p_TCGA_157_158_159_SNP_N_GenomeWideSNP_6_B06_831354	1	81888667	145372550	25372	9e-04
SERVO_p_TCGA_157_158_159_SNP_N_GenomeWideSNP_6_B06_831354	1	145372563	148539268	869	0.445
SERVO_p_TCGA_157_158_159_SNP_N_GenomeWideSNP_6_B06_831354	1	148547792	148953996	48	0.1062
SERVO_p_TCGA_157_158_159_SNP_N_GenomeWideSNP_6_B06_831354	1	149024802	149387593	158	-0.4371
SERVO_p_TCGA_157_158_159_SNP_N_GenomeWideSNP_6_B06_831354	1	149415966	152555527	1497	0.3734
SERVO_p_TCGA_157_158_159_SNP_N_GenomeWideSNP_6_B06_831354	1	152555706	152586117	30	0.9797
SERVO_p_TCGA_157_158_159_SNP_N_GenomeWideSNP_6_B06_831354	1	152586238	152756774	172	0.3916
SERVO_p_TCGA_157_158_159_SNP_N_GenomeWideSNP_6_B06_831354	1	152756806	152778526	44	0.8508
SERVO_p_TCGA_157_158_159_SNP_N_GenomeWideSNP_6_B06_831354	1	152778558	174803056	14876	0.3793
SERVO_p_TCGA_157_158_159_SNP_N_GenomeWideSNP_6_B06_831354	1	174803606	174803711	4	1.5382
SERVO_p_TCGA_157_158_159_SNP_N_GenomeWideSNP_6_B06_831354	1	174803773	180748317	3948	0.3859
SERVO_p_TCGA_157_158_159_SNP_N_GenomeWideSNP_6_B06_831354	1	180750573	180753483	4	-0.6399
SERVO_p_TCGA_157_158_159_SNP_N_GenomeWideSNP_6_B06_831354	1	180755661	193155792	8289	0.3768
SERVO_p_TCGA_157_158_159_SNP_N_GenomeWideSNP_6_B06_831354	1	193156279	193156332	3	2.0184
SERVO_p_TCGA_157_158_159_SNP_N_GenomeWideSNP_6_B06_831354	1	193156348	195832664	1823	0.381
SERVO_p_TCGA_157_158_159_SNP_N_GenomeWideSNP_6_B06_831354	1	195836268	195836924	3	1.3966
SERVO_p_TCGA_157_158_159_SNP_N_GenomeWideSNP_6_B06_831354	1	195837030	196714873	576	0.3554
SERVO_p_TCGA_157_158_159_SNP_N_GenomeWideSNP_6_B06_831354	1	196727850	196732086	4	-1.5726
SERVO_p_TCGA_157_158_159_SNP_N_GenomeWideSNP_6_B06_831354	1	196738623	196847975	129	0.1504
SERVO_p_TCGA_157_158_159_SNP_N_GenomeWideSNP_6_B06_831354	1	196853350	215860609	12676	0.3803
SERVO_p_TCGA_157_158_159_SNP_N_GenomeWideSNP_6_B06_831354	1	215861233	215861681	6	1.0797
SERVO_p_TCGA_157_158_159_SNP_N_GenomeWideSNP_6_B06_831354	1	215861757	217166744	1027	0.3779
SERVO_p_TCGA_157_158_159_SNP_N_GenomeWideSNP_6_B06_831354	1	217166839	217166976	2	1.6974
SERVO_p_TCGA_157_158_159_SNP_N_GenomeWideSNP_6_B06_831354	1	217167592	221113051	2755	0.3621
SERVO_p_TCGA_157_158_159_SNP_N_GenomeWideSNP_6_B06_831354	1	221113623	221118500	4	-0.962
SERVO_p_TCGA_157_158_159_SNP_N_GenomeWideSNP_6_B06_831354	1	221118814	229811169	5371	0.3708
SERVO_p_TCGA_157_158_159_SNP_N_GenomeWideSNP_6_B06_831354	1	229816856	229821753	10	-0.2844
SERVO_p_TCGA_157_158_159_SNP_N_GenomeWideSNP_6_B06_831354	1	229821898	243326952	10307	0.3706
SERVO_p_TCGA_157_158_159_SNP_N_GenomeWideSNP_6_B06_831354	1	243327938	243336760	2	2.0275
SERVO_p_TCGA_157_158_159_SNP_N_GenomeWideSNP_6_B06_831354	1	243338216	248736075	3553	0.3774
SERVO_p_TCGA_157_158_159_SNP_N_GenomeWideSNP_6_B06_831354	1	248737447	248828236	44	-0.4181
SERVO_p_TCGA_157_158_159_SNP_N_GenomeWideSNP_6_B06_831354	1	248832254	249224388	135	0.4228
SERVO_p_TCGA_157_158_159_SNP_N_GenomeWideSNP_6_B06_831354	2	12784	52754468	37184	-0.0034
SERVO_p_TCGA_157_158_159_SNP_N_GenomeWideSNP_6_B06_831354	2	52754480	52781542	39	0.5776
SERVO_p_TCGA_157_158_159_SNP_N_GenomeWideSNP_6_B06_831354	2	52787949	127857046	42077	-0.0112
SERVO_p_TCGA_157_158_159_SNP_N_GenomeWideSNP_6_B06_831354	2	127857763	127857946	2	2.1314
SERVO_p_TCGA_157_158_159_SNP_N_GenomeWideSNP_6_B06_831354	2	127858646	135056484	4196	-0.0217
SERVO_p_TCGA_157_158_159_SNP_N_GenomeWideSNP_6_B06_831354	2	135056675	135056870	2	1.6475
SERVO_p_TCGA_157_158_159_SNP_N_GenomeWideSNP_6_B06_831354	2	135058257	138525505	2188	-0.0208
SERVO_p_TCGA_157_158_159_SNP_N_GenomeWideSNP_6_B06_831354	2	138525987	138526002	2	1.2753
SERVO_p_TCGA_157_158_159_SNP_N_GenomeWideSNP_6_B06_831354	2	138532033	138641816	66	0.084
SERVO_p_TCGA_157_158_159_SNP_N_GenomeWideSNP_6_B06_831354	2	138642945	138644318	3	1.1819
SERVO_p_TCGA_157_158_159_SNP_N_GenomeWideSNP_6_B06_831354	2	138644649	148734100	6045	-0.0283
SERVO_p_TCGA_157_158_159_SNP_N_GenomeWideSNP_6_B06_831354	2	148745746	149133730	194	-0.6419
SERVO_p_TCGA_157_158_159_SNP_N_GenomeWideSNP_6_B06_831354	2	149146193	157729401	5317	-0.0109
SERVO_p_TCGA_157_158_159_SNP_N_GenomeWideSNP_6_B06_831354	2	157734897	157736842	2	0.9254
SERVO_p_TCGA_157_158_159_SNP_N_GenomeWideSNP_6_B06_831354	2	157736894	159955758	1310	0.0148
SERVO_p_TCGA_157_158_159_SNP_N_GenomeWideSNP_6_B06_831354	2	159956520	159963287	8	0.8321
SERVO_p_TCGA_157_158_159_SNP_N_GenomeWideSNP_6_B06_831354	2	159963306	160666409	445	-0.003
SERVO_p_TCGA_157_158_159_SNP_N_GenomeWideSNP_6_B06_831354	2	160669255	160673425	18	-0.8555
SERVO_p_TCGA_157_158_159_SNP_N_GenomeWideSNP_6_B06_831354	2	160674855	185316676	15450	0.0016
SERVO_p_TCGA_157_158_159_SNP_N_GenomeWideSNP_6_B06_831354	2	185316880	185320059	4	1.4707
SERVO_p_TCGA_157_158_159_SNP_N_GenomeWideSNP_6_B06_831354	2	185325519	194949683	5302	0.0053
SERVO_p_TCGA_157_158_159_SNP_N_GenomeWideSNP_6_B06_831354	2	194949966	194953657	3	1.6468
SERVO_p_TCGA_157_158_159_SNP_N_GenomeWideSNP_6_B06_831354	2	194954075	243089456	30104	-0.0082
SERVO_p_TCGA_157_158_159_SNP_N_GenomeWideSNP_6_B06_831354	3	60345	77037	17	-0.0899
SERVO_p_TCGA_157_158_159_SNP_N_GenomeWideSNP_6_B06_831354	3	77174	127933	40	0.4904
SERVO_p_TCGA_157_158_159_SNP_N_GenomeWideSNP_6_B06_831354	3	128189	6646543	5789	-0.02
SERVO_p_TCGA_157_158_159_SNP_N_GenomeWideSNP_6_B06_831354	3	6651128	6652676	17	-0.722
SERVO_p_TCGA_157_158_159_SNP_N_GenomeWideSNP_6_B06_831354	3	6653068	53028375	29906	-0.0073
SERVO_p_TCGA_157_158_159_SNP_N_GenomeWideSNP_6_B06_831354	3	53031736	53039279	39	-0.4373
SERVO_p_TCGA_157_158_159_SNP_N_GenomeWideSNP_6_B06_831354	3	53039455	60844642	5845	-0.0087
SERVO_p_TCGA_157_158_159_SNP_N_GenomeWideSNP_6_B06_831354	3	60849404	60850181	2	1.9399
SERVO_p_TCGA_157_158_159_SNP_N_GenomeWideSNP_6_B06_831354	3	60850476	68746164	6185	-0.0072
SERVO_p_TCGA_157_158_159_SNP_N_GenomeWideSNP_6_B06_831354	3	68746259	68747329	12	0.9214
SERVO_p_TCGA_157_158_159_SNP_N_GenomeWideSNP_6_B06_831354	3	68747364	98944632	15957	-0.0171
SERVO_p_TCGA_157_158_159_SNP_N_GenomeWideSNP_6_B06_831354	3	98944763	98949314	30	0.4414
SERVO_p_TCGA_157_158_159_SNP_N_GenomeWideSNP_6_B06_831354	3	98949421	119350345	12640	-0.0124
SERVO_p_TCGA_157_158_159_SNP_N_GenomeWideSNP_6_B06_831354	3	119351398	119353938	5	-1.2316
SERVO_p_TCGA_157_158_159_SNP_N_GenomeWideSNP_6_B06_831354	3	119355411	129766586	6103	0.0012
SERVO_p_TCGA_157_158_159_SNP_N_GenomeWideSNP_6_B06_831354	3	129775858	129806236	50	-1.0433
SERVO_p_TCGA_157_158_159_SNP_N_GenomeWideSNP_6_B06_831354	3	129806924	136019099	4039	0.0019
SERVO_p_TCGA_157_158_159_SNP_N_GenomeWideSNP_6_B06_831354	3	136022951	136025426	2	-1.9443
SERVO_p_TCGA_157_158_159_SNP_N_GenomeWideSNP_6_B06_831354	3	136038541	150528702	8826	-0.0088
SERVO_p_TCGA_157_158_159_SNP_N_GenomeWideSNP_6_B06_831354	3	150529952	150530740	2	1.3897
SERVO_p_TCGA_157_158_159_SNP_N_GenomeWideSNP_6_B06_831354	3	150530994	151510042	728	-0.0312
SERVO_p_TCGA_157_158_159_SNP_N_GenomeWideSNP_6_B06_831354	3	151511085	151545879	30	-0.8941
SERVO_p_TCGA_157_158_159_SNP_N_GenomeWideSNP_6_B06_831354	3	151548491	154563456	1831	-0.0163
SERVO_p_TCGA_157_158_159_SNP_N_GenomeWideSNP_6_B06_831354	3	154563868	154566439	2	-1.7957
SERVO_p_TCGA_157_158_159_SNP_N_GenomeWideSNP_6_B06_831354	3	154568711	155897756	724	0.01
SERVO_p_TCGA_157_158_159_SNP_N_GenomeWideSNP_6_B06_831354	3	155898861	155899074	2	1.2161
SERVO_p_TCGA_157_158_159_SNP_N_GenomeWideSNP_6_B06_831354	3	155899665	156093586	117	0.0305
SERVO_p_TCGA_157_158_159_SNP_N_GenomeWideSNP_6_B06_831354	3	156096391	156096518	2	1.0253
SERVO_p_TCGA_157_158_159_SNP_N_GenomeWideSNP_6_B06_831354	3	156096691	159987252	2395	-0.0108
SERVO_p_TCGA_157_158_159_SNP_N_GenomeWideSNP_6_B06_831354	3	159989828	159992056	2	-1.0588
SERVO_p_TCGA_157_158_159_SNP_N_GenomeWideSNP_6_B06_831354	3	159994738	161515597	898	0.0135
SERVO_p_TCGA_157_158_159_SNP_N_GenomeWideSNP_6_B06_831354	3	161515627	161515649	2	1.8483
SERVO_p_TCGA_157_158_159_SNP_N_GenomeWideSNP_6_B06_831354	3	161515944	162217021	478	-0.0162
SERVO_p_TCGA_157_158_159_SNP_N_GenomeWideSNP_6_B06_831354	3	162218344	162218849	6	1.1297
SERVO_p_TCGA_157_158_159_SNP_N_GenomeWideSNP_6_B06_831354	3	162218869	162530870	209	-0.0368
SERVO_p_TCGA_157_158_159_SNP_N_GenomeWideSNP_6_B06_831354	3	162532950	162540490	7	-1.2602
SERVO_p_TCGA_157_158_159_SNP_N_GenomeWideSNP_6_B06_831354	3	162545716	168730180	3492	-0.014
SERVO_p_TCGA_157_158_159_SNP_N_GenomeWideSNP_6_B06_831354	3	168733402	168738628	2	2.2007
SERVO_p_TCGA_157_158_159_SNP_N_GenomeWideSNP_6_B06_831354	3	168739827	174669766	3865	0.0088
SERVO_p_TCGA_157_158_159_SNP_N_GenomeWideSNP_6_B06_831354	3	174676406	174703155	19	-0.5542
SERVO_p_TCGA_157_158_159_SNP_N_GenomeWideSNP_6_B06_831354	3	174704229	183205161	5183	-0.0115
SERVO_p_TCGA_157_158_159_SNP_N_GenomeWideSNP_6_B06_831354	3	183205937	183206391	2	1.7012
SERVO_p_TCGA_157_158_159_SNP_N_GenomeWideSNP_6_B06_831354	3	183210854	195285898	8171	-0.006
SERVO_p_TCGA_157_158_159_SNP_N_GenomeWideSNP_6_B06_831354	3	195383142	195442582	24	-0.4033
SERVO_p_TCGA_157_158_159_SNP_N_GenomeWideSNP_6_B06_831354	3	195446597	197896118	1195	0.0252
SERVO_p_TCGA_157_158_159_SNP_N_GenomeWideSNP_6_B06_831354	4	12281	10210390	5793	-0.0112
SERVO_p_TCGA_157_158_159_SNP_N_GenomeWideSNP_6_B06_831354	4	10223416	10234266	30	1.6529
SERVO_p_TCGA_157_158_159_SNP_N_GenomeWideSNP_6_B06_831354	4	10234608	69327063	36507	-0.0092
SERVO_p_TCGA_157_158_159_SNP_N_GenomeWideSNP_6_B06_831354	4	69333814	69537152	80	0.5692
SERVO_p_TCGA_157_158_159_SNP_N_GenomeWideSNP_6_B06_831354	4	69540025	72405689	1659	-4e-04
SERVO_p_TCGA_157_158_159_SNP_N_GenomeWideSNP_6_B06_831354	4	72406466	72406729	2	1.6144
SERVO_p_TCGA_157_158_159_SNP_N_GenomeWideSNP_6_B06_831354	4	72410348	73283797	499	-0.0335
SERVO_p_TCGA_157_158_159_SNP_N_GenomeWideSNP_6_B06_831354	4	73289115	73300538	11	-0.649
SERVO_p_TCGA_157_158_159_SNP_N_GenomeWideSNP_6_B06_831354	4	73302443	77289786	2470	0.0166
SERVO_p_TCGA_157_158_159_SNP_N_GenomeWideSNP_6_B06_831354	4	77292076	77292366	4	-0.7062
SERVO_p_TCGA_157_158_159_SNP_N_GenomeWideSNP_6_B06_831354	4	77292801	77793117	355	0.04
SERVO_p_TCGA_157_158_159_SNP_N_GenomeWideSNP_6_B06_831354	4	77793212	77793778	7	-0.6361
SERVO_p_TCGA_157_158_159_SNP_N_GenomeWideSNP_6_B06_831354	4	77793829	86643742	5563	-0.0019
SERVO_p_TCGA_157_158_159_SNP_N_GenomeWideSNP_6_B06_831354	4	86643857	86644102	3	1.2402
SERVO_p_TCGA_157_158_159_SNP_N_GenomeWideSNP_6_B06_831354	4	86644130	86979147	259	0.0068
SERVO_p_TCGA_157_158_159_SNP_N_GenomeWideSNP_6_B06_831354	4	86979382	86979764	4	1.079
SERVO_p_TCGA_157_158_159_SNP_N_GenomeWideSNP_6_B06_831354	4	86979944	91224164	2607	0.0194
SERVO_p_TCGA_157_158_159_SNP_N_GenomeWideSNP_6_B06_831354	4	91224424	91436792	108	-0.4483
SERVO_p_TCGA_157_158_159_SNP_N_GenomeWideSNP_6_B06_831354	4	91441822	91938172	321	-0.0091
SERVO_p_TCGA_157_158_159_SNP_N_GenomeWideSNP_6_B06_831354	4	91938392	91938652	3	-0.7686
SERVO_p_TCGA_157_158_159_SNP_N_GenomeWideSNP_6_B06_831354	4	91938737	104215706	7160	0
SERVO_p_TCGA_157_158_159_SNP_N_GenomeWideSNP_6_B06_831354	4	104218100	104218102	3	0.9749
SERVO_p_TCGA_157_158_159_SNP_N_GenomeWideSNP_6_B06_831354	4	104220104	104745571	367	0.0021
SERVO_p_TCGA_157_158_159_SNP_N_GenomeWideSNP_6_B06_831354	4	104751630	104751637	5	1.6416
SERVO_p_TCGA_157_158_159_SNP_N_GenomeWideSNP_6_B06_831354	4	104751644	108068413	1877	-8e-04
SERVO_p_TCGA_157_158_159_SNP_N_GenomeWideSNP_6_B06_831354	4	108071519	108071628	3	1.6811
SERVO_p_TCGA_157_158_159_SNP_N_GenomeWideSNP_6_B06_831354	4	108071888	115173700	4431	-0.0045
SERVO_p_TCGA_157_158_159_SNP_N_GenomeWideSNP_6_B06_831354	4	115175323	115184266	26	0.6071
SERVO_p_TCGA_157_158_159_SNP_N_GenomeWideSNP_6_B06_831354	4	115184310	189221258	46067	-0.0095
SERVO_p_TCGA_157_158_159_SNP_N_GenomeWideSNP_6_B06_831354	4	189221360	189222813	5	1.3751
SERVO_p_TCGA_157_158_159_SNP_N_GenomeWideSNP_6_B06_831354	4	189223053	191027923	1174	-0.0461
SERVO_p_TCGA_157_158_159_SNP_N_GenomeWideSNP_6_B06_831354	5	15532	12819313	10215	-0.0274
SERVO_p_TCGA_157_158_159_SNP_N_GenomeWideSNP_6_B06_831354	5	12819375	12838533	11	-1.2364
SERVO_p_TCGA_157_158_159_SNP_N_GenomeWideSNP_6_B06_831354	5	12849201	15956288	2121	0.0102
SERVO_p_TCGA_157_158_159_SNP_N_GenomeWideSNP_6_B06_831354	5	15966297	15966446	2	1.4865
SERVO_p_TCGA_157_158_159_SNP_N_GenomeWideSNP_6_B06_831354	5	15970039	17515801	1057	0.0058
SERVO_p_TCGA_157_158_159_SNP_N_GenomeWideSNP_6_B06_831354	5	17601553	17607045	8	-0.8232
SERVO_p_TCGA_157_158_159_SNP_N_GenomeWideSNP_6_B06_831354	5	17607075	25976262	5015	-0.0339
SERVO_p_TCGA_157_158_159_SNP_N_GenomeWideSNP_6_B06_831354	5	25979436	25981732	2	-1.5468
SERVO_p_TCGA_157_158_159_SNP_N_GenomeWideSNP_6_B06_831354	5	25982060	46271108	12356	-0.0154
SERVO_p_TCGA_157_158_159_SNP_N_GenomeWideSNP_6_B06_831354	5	46271930	46273502	6	-1.7945
SERVO_p_TCGA_157_158_159_SNP_N_GenomeWideSNP_6_B06_831354	5	46278212	57321646	5078	-0.0114
SERVO_p_TCGA_157_158_159_SNP_N_GenomeWideSNP_6_B06_831354	5	57326027	57333515	31	-0.5009
SERVO_p_TCGA_157_158_159_SNP_N_GenomeWideSNP_6_B06_831354	5	57333533	75450020	10459	0.0054
SERVO_p_TCGA_157_158_159_SNP_N_GenomeWideSNP_6_B06_831354	5	75450067	75450144	3	1.3142
SERVO_p_TCGA_157_158_159_SNP_N_GenomeWideSNP_6_B06_831354	5	75450176	103851221	16400	-0.0062
SERVO_p_TCGA_157_158_159_SNP_N_GenomeWideSNP_6_B06_831354	5	103860373	103860604	4	-1.5566
SERVO_p_TCGA_157_158_159_SNP_N_GenomeWideSNP_6_B06_831354	5	103861049	169359766	43100	-0.0086
SERVO_p_TCGA_157_158_159_SNP_N_GenomeWideSNP_6_B06_831354	5	169359960	169360155	2	1.5198
SERVO_p_TCGA_157_158_159_SNP_N_GenomeWideSNP_6_B06_831354	5	169361258	173207353	2783	-0.0178
SERVO_p_TCGA_157_158_159_SNP_N_GenomeWideSNP_6_B06_831354	5	173208608	173208886	2	1.8138
SERVO_p_TCGA_157_158_159_SNP_N_GenomeWideSNP_6_B06_831354	5	173209000	180790320	4404	-0.0211
SERVO_p_TCGA_157_158_159_SNP_N_GenomeWideSNP_6_B06_831354	6	149661	285695	116	-0.0437
SERVO_p_TCGA_157_158_159_SNP_N_GenomeWideSNP_6_B06_831354	6	286393	380821	85	-0.3281
SERVO_p_TCGA_157_158_159_SNP_N_GenomeWideSNP_6_B06_831354	6	381149	18339933	13996	-0.0066
SERVO_p_TCGA_157_158_159_SNP_N_GenomeWideSNP_6_B06_831354	6	18340006	18340298	3	1.1347
SERVO_p_TCGA_157_158_159_SNP_N_GenomeWideSNP_6_B06_831354	6	18342134	19042818	589	0.0143
SERVO_p_TCGA_157_158_159_SNP_N_GenomeWideSNP_6_B06_831354	6	19044702	19044748	3	0.8755
SERVO_p_TCGA_157_158_159_SNP_N_GenomeWideSNP_6_B06_831354	6	19044763	23057637	2928	-0.0077
SERVO_p_TCGA_157_158_159_SNP_N_GenomeWideSNP_6_B06_831354	6	23060991	23060999	3	-1.1786
SERVO_p_TCGA_157_158_159_SNP_N_GenomeWideSNP_6_B06_831354	6	23064254	29837072	4003	-0.0266
SERVO_p_TCGA_157_158_159_SNP_N_GenomeWideSNP_6_B06_831354	6	29837187	29874642	22	0.7561
SERVO_p_TCGA_157_158_159_SNP_N_GenomeWideSNP_6_B06_831354	6	29874709	32431292	1179	0.0618
SERVO_p_TCGA_157_158_159_SNP_N_GenomeWideSNP_6_B06_831354	6	32431552	32574381	43	0.7677
SERVO_p_TCGA_157_158_159_SNP_N_GenomeWideSNP_6_B06_831354	6	32578082	32686196	67	0.1207
SERVO_p_TCGA_157_158_159_SNP_N_GenomeWideSNP_6_B06_831354	6	32688615	32690830	11	0.7472
SERVO_p_TCGA_157_158_159_SNP_N_GenomeWideSNP_6_B06_831354	6	32692227	53931275	13686	-0.0036
SERVO_p_TCGA_157_158_159_SNP_N_GenomeWideSNP_6_B06_831354	6	53931380	53931855	4	-1.3721
SERVO_p_TCGA_157_158_159_SNP_N_GenomeWideSNP_6_B06_831354	6	53935348	65336942	4351	-0.0012
SERVO_p_TCGA_157_158_159_SNP_N_GenomeWideSNP_6_B06_831354	6	65347544	65348992	2	-1.8371
SERVO_p_TCGA_157_158_159_SNP_N_GenomeWideSNP_6_B06_831354	6	65350776	67031287	1127	-0.0322
SERVO_p_TCGA_157_158_159_SNP_N_GenomeWideSNP_6_B06_831354	6	67031296	67031549	4	0.9464
SERVO_p_TCGA_157_158_159_SNP_N_GenomeWideSNP_6_B06_831354	6	67031565	67038046	9	0.0157
SERVO_p_TCGA_157_158_159_SNP_N_GenomeWideSNP_6_B06_831354	6	67040913	67043192	7	-0.6779
SERVO_p_TCGA_157_158_159_SNP_N_GenomeWideSNP_6_B06_831354	6	67043235	69653759	1847	-0.0083
SERVO_p_TCGA_157_158_159_SNP_N_GenomeWideSNP_6_B06_831354	6	69657055	69661241	2	1.7135
SERVO_p_TCGA_157_158_159_SNP_N_GenomeWideSNP_6_B06_831354	6	69662367	77014948	4645	-0.0083
SERVO_p_TCGA_157_158_159_SNP_N_GenomeWideSNP_6_B06_831354	6	77016900	77017056	6	0.8322
SERVO_p_TCGA_157_158_159_SNP_N_GenomeWideSNP_6_B06_831354	6	77017069	78962889	1293	0.0026
SERVO_p_TCGA_157_158_159_SNP_N_GenomeWideSNP_6_B06_831354	6	78969065	79035185	112	-0.5305
SERVO_p_TCGA_157_158_159_SNP_N_GenomeWideSNP_6_B06_831354	6	79039234	82413232	2238	0.0174
SERVO_p_TCGA_157_158_159_SNP_N_GenomeWideSNP_6_B06_831354	6	82413422	82413747	2	1.2848
SERVO_p_TCGA_157_158_159_SNP_N_GenomeWideSNP_6_B06_831354	6	82414692	95253218	8175	-0.0192
SERVO_p_TCGA_157_158_159_SNP_N_GenomeWideSNP_6_B06_831354	6	95253851	95253854	2	2.1752
SERVO_p_TCGA_157_158_159_SNP_N_GenomeWideSNP_6_B06_831354	6	95256763	103747453	5071	-0.0124
SERVO_p_TCGA_157_158_159_SNP_N_GenomeWideSNP_6_B06_831354	6	103747471	103751338	7	1.1867
SERVO_p_TCGA_157_158_159_SNP_N_GenomeWideSNP_6_B06_831354	6	103751564	115379075	7336	-0.0029
SERVO_p_TCGA_157_158_159_SNP_N_GenomeWideSNP_6_B06_831354	6	115379160	115407973	3	-1.4103
SERVO_p_TCGA_157_158_159_SNP_N_GenomeWideSNP_6_B06_831354	6	115408571	154960882	25707	-0.0051
SERVO_p_TCGA_157_158_159_SNP_N_GenomeWideSNP_6_B06_831354	6	154963666	154965837	3	-1.0889
SERVO_p_TCGA_157_158_159_SNP_N_GenomeWideSNP_6_B06_831354	6	154966267	162426461	5046	-0.009
SERVO_p_TCGA_157_158_159_SNP_N_GenomeWideSNP_6_B06_831354	6	162428289	162430993	4	1.2239
SERVO_p_TCGA_157_158_159_SNP_N_GenomeWideSNP_6_B06_831354	6	162433917	171051005	6160	-0.028
SERVO_p_TCGA_157_158_159_SNP_N_GenomeWideSNP_6_B06_831354	7	43355	3723267	1732	-0.01
SERVO_p_TCGA_157_158_159_SNP_N_GenomeWideSNP_6_B06_831354	7	3723362	3727758	3	1.5461
SERVO_p_TCGA_157_158_159_SNP_N_GenomeWideSNP_6_B06_831354	7	3727886	133785177	80393	-0.0075
SERVO_p_TCGA_157_158_159_SNP_N_GenomeWideSNP_6_B06_831354	7	133785195	133795634	26	-1.5822
SERVO_p_TCGA_157_158_159_SNP_N_GenomeWideSNP_6_B06_831354	7	133795665	141762694	5204	-0.0201
SERVO_p_TCGA_157_158_159_SNP_N_GenomeWideSNP_6_B06_831354	7	141763124	141798990	46	0.2726
SERVO_p_TCGA_157_158_159_SNP_N_GenomeWideSNP_6_B06_831354	7	141799117	142395812	396	0.0055
SERVO_p_TCGA_157_158_159_SNP_N_GenomeWideSNP_6_B06_831354	7	142400845	142401786	3	1.4586
SERVO_p_TCGA_157_158_159_SNP_N_GenomeWideSNP_6_B06_831354	7	142402650	142474653	48	0.0209
SERVO_p_TCGA_157_158_159_SNP_N_GenomeWideSNP_6_B06_831354	7	142474939	142486345	30	0.5368
SERVO_p_TCGA_157_158_159_SNP_N_GenomeWideSNP_6_B06_831354	7	142486495	159127004	10564	-0.0114
SERVO_p_TCGA_157_158_159_SNP_N_GenomeWideSNP_6_B06_831354	8	31254	7238019	7853	-0.0281
SERVO_p_TCGA_157_158_159_SNP_N_GenomeWideSNP_6_B06_831354	8	7250380	7787714	142	0.2746
SERVO_p_TCGA_157_158_159_SNP_N_GenomeWideSNP_6_B06_831354	8	7787782	10068073	1826	0.011
SERVO_p_TCGA_157_158_159_SNP_N_GenomeWideSNP_6_B06_831354	8	10068889	10072245	6	0.8887
SERVO_p_TCGA_157_158_159_SNP_N_GenomeWideSNP_6_B06_831354	8	10072791	12216009	1480	-0.0151
SERVO_p_TCGA_157_158_159_SNP_N_GenomeWideSNP_6_B06_831354	8	12216848	12260927	40	0.4243
SERVO_p_TCGA_157_158_159_SNP_N_GenomeWideSNP_6_B06_831354	8	12260973	39230659	19539	-0.0069
SERVO_p_TCGA_157_158_159_SNP_N_GenomeWideSNP_6_B06_831354	8	39235603	39386965	59	0.6141
SERVO_p_TCGA_157_158_159_SNP_N_GenomeWideSNP_6_B06_831354	8	39388299	64848897	13660	-0.0093
SERVO_p_TCGA_157_158_159_SNP_N_GenomeWideSNP_6_B06_831354	8	64848912	64849008	3	1.0831
SERVO_p_TCGA_157_158_159_SNP_N_GenomeWideSNP_6_B06_831354	8	64849071	78755329	8439	-0.017
SERVO_p_TCGA_157_158_159_SNP_N_GenomeWideSNP_6_B06_831354	8	78756303	78756512	2	1.5142
SERVO_p_TCGA_157_158_159_SNP_N_GenomeWideSNP_6_B06_831354	8	78756643	106094364	16188	-0.013
SERVO_p_TCGA_157_158_159_SNP_N_GenomeWideSNP_6_B06_831354	8	106098653	106126828	33	-0.6853
SERVO_p_TCGA_157_158_159_SNP_N_GenomeWideSNP_6_B06_831354	8	106130534	115634554	5546	-0.0309
SERVO_p_TCGA_157_158_159_SNP_N_GenomeWideSNP_6_B06_831354	8	115634653	115635701	11	-0.5878
SERVO_p_TCGA_157_158_159_SNP_N_GenomeWideSNP_6_B06_831354	8	115638350	127305781	7958	-0.0023
SERVO_p_TCGA_157_158_159_SNP_N_GenomeWideSNP_6_B06_831354	8	127306101	127306602	2	-1.2831
SERVO_p_TCGA_157_158_159_SNP_N_GenomeWideSNP_6_B06_831354	8	127306686	146298155	13112	-0.0219
SERVO_p_TCGA_157_158_159_SNP_N_GenomeWideSNP_6_B06_831354	9	46587	141091394	79892	-0.0012
SERVO_p_TCGA_157_158_159_SNP_N_GenomeWideSNP_6_B06_831354	10	72759	12163857	10214	-0.0095
SERVO_p_TCGA_157_158_159_SNP_N_GenomeWideSNP_6_B06_831354	10	12165997	12169512	2	1.8219
SERVO_p_TCGA_157_158_159_SNP_N_GenomeWideSNP_6_B06_831354	10	12176997	24377675	9009	-0.0093
SERVO_p_TCGA_157_158_159_SNP_N_GenomeWideSNP_6_B06_831354	10	24377676	24378054	9	-1.8219
SERVO_p_TCGA_157_158_159_SNP_N_GenomeWideSNP_6_B06_831354	10	24378908	33960838	6870	-0.0109
SERVO_p_TCGA_157_158_159_SNP_N_GenomeWideSNP_6_B06_831354	10	33963022	33963153	2	-0.9893
SERVO_p_TCGA_157_158_159_SNP_N_GenomeWideSNP_6_B06_831354	10	33966121	45156644	4798	-0.0228
SERVO_p_TCGA_157_158_159_SNP_N_GenomeWideSNP_6_B06_831354	10	45157257	45193851	25	-0.6861
SERVO_p_TCGA_157_158_159_SNP_N_GenomeWideSNP_6_B06_831354	10	45195185	47055654	702	-0.027
SERVO_p_TCGA_157_158_159_SNP_N_GenomeWideSNP_6_B06_831354	10	47055711	47059226	12	0.7957
SERVO_p_TCGA_157_158_159_SNP_N_GenomeWideSNP_6_B06_831354	10	47059388	48902376	575	-0.0231
SERVO_p_TCGA_157_158_159_SNP_N_GenomeWideSNP_6_B06_831354	10	48928791	49045895	9	-0.9665
SERVO_p_TCGA_157_158_159_SNP_N_GenomeWideSNP_6_B06_831354	10	49082219	51595847	1422	-0.0182
SERVO_p_TCGA_157_158_159_SNP_N_GenomeWideSNP_6_B06_831354	10	51604698	51641817	3	1.2981
SERVO_p_TCGA_157_158_159_SNP_N_GenomeWideSNP_6_B06_831354	10	51659444	57587929	4298	-0.0122
SERVO_p_TCGA_157_158_159_SNP_N_GenomeWideSNP_6_B06_831354	10	57588292	57590768	2	1.7819
SERVO_p_TCGA_157_158_159_SNP_N_GenomeWideSNP_6_B06_831354	10	57593097	67307951	6756	0.0038
SERVO_p_TCGA_157_158_159_SNP_N_GenomeWideSNP_6_B06_831354	10	67308017	67314446	25	0.4958
SERVO_p_TCGA_157_158_159_SNP_N_GenomeWideSNP_6_B06_831354	10	67322795	67357993	45	0.0921
SERVO_p_TCGA_157_158_159_SNP_N_GenomeWideSNP_6_B06_831354	10	67358741	67362269	5	-0.9223
SERVO_p_TCGA_157_158_159_SNP_N_GenomeWideSNP_6_B06_831354	10	67362320	90938673	15812	1e-04
SERVO_p_TCGA_157_158_159_SNP_N_GenomeWideSNP_6_B06_831354	10	90942967	90948090	12	-0.5773
SERVO_p_TCGA_157_158_159_SNP_N_GenomeWideSNP_6_B06_831354	10	90950094	96933149	3696	0.0107
SERVO_p_TCGA_157_158_159_SNP_N_GenomeWideSNP_6_B06_831354	10	96936657	96937454	2	1.2392
SERVO_p_TCGA_157_158_159_SNP_N_GenomeWideSNP_6_B06_831354	10	96937905	135506704	26720	-0.0025
SERVO_p_TCGA_157_158_159_SNP_N_GenomeWideSNP_6_B06_831354	11	198510	4970243	2480	0.0038
SERVO_p_TCGA_157_158_159_SNP_N_GenomeWideSNP_6_B06_831354	11	4970277	4976272	28	-1.2784
SERVO_p_TCGA_157_158_159_SNP_N_GenomeWideSNP_6_B06_831354	11	4976334	5789741	800	-0.0324
SERVO_p_TCGA_157_158_159_SNP_N_GenomeWideSNP_6_B06_831354	11	5789869	5809048	26	-0.5485
SERVO_p_TCGA_157_158_159_SNP_N_GenomeWideSNP_6_B06_831354	11	5809139	18949072	9418	0.004
SERVO_p_TCGA_157_158_159_SNP_N_GenomeWideSNP_6_B06_831354	11	18949109	18960024	34	-0.3755
SERVO_p_TCGA_157_158_159_SNP_N_GenomeWideSNP_6_B06_831354	11	18960115	25219111	4976	-0.0156
SERVO_p_TCGA_157_158_159_SNP_N_GenomeWideSNP_6_B06_831354	11	25219145	25221012	2	1.8965
SERVO_p_TCGA_157_158_159_SNP_N_GenomeWideSNP_6_B06_831354	11	25224253	55363340	16870	6e-04
SERVO_p_TCGA_157_158_159_SNP_N_GenomeWideSNP_6_B06_831354	11	55374032	55475560	73	0.3315
SERVO_p_TCGA_157_158_159_SNP_N_GenomeWideSNP_6_B06_831354	11	55475639	91830489	21351	2e-04
SERVO_p_TCGA_157_158_159_SNP_N_GenomeWideSNP_6_B06_831354	11	91830658	91831043	2	2.6074
SERVO_p_TCGA_157_158_159_SNP_N_GenomeWideSNP_6_B06_831354	11	91832704	104757431	9434	-0.005
SERVO_p_TCGA_157_158_159_SNP_N_GenomeWideSNP_6_B06_831354	11	104758035	104759546	7	-1.0035
SERVO_p_TCGA_157_158_159_SNP_N_GenomeWideSNP_6_B06_831354	11	104760086	133817472	20732	-0.0126
SERVO_p_TCGA_157_158_159_SNP_N_GenomeWideSNP_6_B06_831354	11	133817656	133818097	2	1.7015
SERVO_p_TCGA_157_158_159_SNP_N_GenomeWideSNP_6_B06_831354	11	133819442	134944770	838	-0.0066
SERVO_p_TCGA_157_158_159_SNP_N_GenomeWideSNP_6_B06_831354	12	150442	9630556	6197	0.0071
SERVO_p_TCGA_157_158_159_SNP_N_GenomeWideSNP_6_B06_831354	12	9633870	9728292	25	2.0216
SERVO_p_TCGA_157_158_159_SNP_N_GenomeWideSNP_6_B06_831354	12	9734969	127125380	73817	-0.001
SERVO_p_TCGA_157_158_159_SNP_N_GenomeWideSNP_6_B06_831354	12	127125744	127130492	2	2.1873
SERVO_p_TCGA_157_158_159_SNP_N_GenomeWideSNP_6_B06_831354	12	127131040	130444853	2975	-0.0387
SERVO_p_TCGA_157_158_159_SNP_N_GenomeWideSNP_6_B06_831354	12	130447464	130450562	3	1.6834
SERVO_p_TCGA_157_158_159_SNP_N_GenomeWideSNP_6_B06_831354	12	130452931	133778189	1990	-0.0369
SERVO_p_TCGA_157_158_159_SNP_N_GenomeWideSNP_6_B06_831354	13	19026949	51545054	22689	-0.0062
SERVO_p_TCGA_157_158_159_SNP_N_GenomeWideSNP_6_B06_831354	13	51546911	51549198	2	2.1969
SERVO_p_TCGA_157_158_159_SNP_N_GenomeWideSNP_6_B06_831354	13	51549557	69248333	10341	-0.0172
SERVO_p_TCGA_157_158_159_SNP_N_GenomeWideSNP_6_B06_831354	13	69248557	69268242	37	-0.5964
SERVO_p_TCGA_157_158_159_SNP_N_GenomeWideSNP_6_B06_831354	13	69269119	69863289	449	-0.0049
SERVO_p_TCGA_157_158_159_SNP_N_GenomeWideSNP_6_B06_831354	13	69867761	69874040	8	0.6252
SERVO_p_TCGA_157_158_159_SNP_N_GenomeWideSNP_6_B06_831354	13	69874130	72476988	1608	0.0072
SERVO_p_TCGA_157_158_159_SNP_N_GenomeWideSNP_6_B06_831354	13	72477555	72479547	2	-2.9469
SERVO_p_TCGA_157_158_159_SNP_N_GenomeWideSNP_6_B06_831354	13	72480449	115108397	29122	-0.0082
SERVO_p_TCGA_157_158_159_SNP_N_GenomeWideSNP_6_B06_831354	14	19002124	20420151	187	-0.1733
SERVO_p_TCGA_157_158_159_SNP_N_GenomeWideSNP_6_B06_831354	14	20420239	20550540	96	0.0183
SERVO_p_TCGA_157_158_159_SNP_N_GenomeWideSNP_6_B06_831354	14	20553284	20555196	2	1.5256
SERVO_p_TCGA_157_158_159_SNP_N_GenomeWideSNP_6_B06_831354	14	20557267	63850224	27637	0.0062
SERVO_p_TCGA_157_158_159_SNP_N_GenomeWideSNP_6_B06_831354	14	63850518	63852177	2	1.9387
SERVO_p_TCGA_157_158_159_SNP_N_GenomeWideSNP_6_B06_831354	14	63853190	79078824	9707	0.0017
SERVO_p_TCGA_157_158_159_SNP_N_GenomeWideSNP_6_B06_831354	14	79079176	79079959	3	-0.964
SERVO_p_TCGA_157_158_159_SNP_N_GenomeWideSNP_6_B06_831354	14	79083576	82487463	2253	-0.0221
SERVO_p_TCGA_157_158_159_SNP_N_GenomeWideSNP_6_B06_831354	14	82490459	82491989	2	1.2908
SERVO_p_TCGA_157_158_159_SNP_N_GenomeWideSNP_6_B06_831354	14	82493292	106751284	15329	-0.0189
SERVO_p_TCGA_157_158_159_SNP_N_GenomeWideSNP_6_B06_831354	14	106753859	106753867	3	1.9651
SERVO_p_TCGA_157_158_159_SNP_N_GenomeWideSNP_6_B06_831354	14	106754003	107160325	241	0.0417
SERVO_p_TCGA_157_158_159_SNP_N_GenomeWideSNP_6_B06_831354	14	107160399	107160654	2	-2.44
SERVO_p_TCGA_157_158_159_SNP_N_GenomeWideSNP_6_B06_831354	14	107160761	107285437	87	-0.0294
SERVO_p_TCGA_157_158_159_SNP_N_GenomeWideSNP_6_B06_831354	15	20016328	20265978	55	0.0086
SERVO_p_TCGA_157_158_159_SNP_N_GenomeWideSNP_6_B06_831354	15	20267862	20454259	15	-0.6058
SERVO_p_TCGA_157_158_159_SNP_N_GenomeWideSNP_6_B06_831354	15	20468564	21919584	230	-1.1517
SERVO_p_TCGA_157_158_159_SNP_N_GenomeWideSNP_6_B06_831354	15	21929862	22584431	118	-0.6149
SERVO_p_TCGA_157_158_159_SNP_N_GenomeWideSNP_6_B06_831354	15	22586960	24792374	1080	0.0103
SERVO_p_TCGA_157_158_159_SNP_N_GenomeWideSNP_6_B06_831354	15	24796702	45577913	12752	-0.6226
SERVO_p_TCGA_157_158_159_SNP_N_GenomeWideSNP_6_B06_831354	15	45579948	47519119	1213	0.0236
SERVO_p_TCGA_157_158_159_SNP_N_GenomeWideSNP_6_B06_831354	15	47519545	47519554	2	2.0957
SERVO_p_TCGA_157_158_159_SNP_N_GenomeWideSNP_6_B06_831354	15	47525661	81441599	21766	0.0081
SERVO_p_TCGA_157_158_159_SNP_N_GenomeWideSNP_6_B06_831354	15	81442786	81448314	2	-1.7425
SERVO_p_TCGA_157_158_159_SNP_N_GenomeWideSNP_6_B06_831354	15	81448735	83551383	984	5e-04
SERVO_p_TCGA_157_158_159_SNP_N_GenomeWideSNP_6_B06_831354	15	83557883	83558071	3	-1.0538
SERVO_p_TCGA_157_158_159_SNP_N_GenomeWideSNP_6_B06_831354	15	83559421	84861346	703	-0.027
SERVO_p_TCGA_157_158_159_SNP_N_GenomeWideSNP_6_B06_831354	15	84861411	84915125	2	-2.3231
SERVO_p_TCGA_157_158_159_SNP_N_GenomeWideSNP_6_B06_831354	15	84915273	98293207	9955	5e-04
SERVO_p_TCGA_157_158_159_SNP_N_GenomeWideSNP_6_B06_831354	15	98295612	98295656	2	1.8408
SERVO_p_TCGA_157_158_159_SNP_N_GenomeWideSNP_6_B06_831354	15	98296213	102375434	3064	-0.0067
SERVO_p_TCGA_157_158_159_SNP_N_GenomeWideSNP_6_B06_831354	15	102388354	102388492	2	2.3161
SERVO_p_TCGA_157_158_159_SNP_N_GenomeWideSNP_6_B06_831354	15	102388641	102469040	23	0.0689
SERVO_p_TCGA_157_158_159_SNP_N_GenomeWideSNP_6_B06_831354	16	60777	6787408	4073	-0.0069
SERVO_p_TCGA_157_158_159_SNP_N_GenomeWideSNP_6_B06_831354	16	6789366	7569131	976	-0.6574
SERVO_p_TCGA_157_158_159_SNP_N_GenomeWideSNP_6_B06_831354	16	7571292	34471520	15491	0.0029
SERVO_p_TCGA_157_158_159_SNP_N_GenomeWideSNP_6_B06_831354	16	34471821	34757071	163	0.2725
SERVO_p_TCGA_157_158_159_SNP_N_GenomeWideSNP_6_B06_831354	16	34760967	55795048	6600	-0.008
SERVO_p_TCGA_157_158_159_SNP_N_GenomeWideSNP_6_B06_831354	16	55795214	55796594	5	-0.8003
SERVO_p_TCGA_157_158_159_SNP_N_GenomeWideSNP_6_B06_831354	16	55798222	55798779	3	2.0602
SERVO_p_TCGA_157_158_159_SNP_N_GenomeWideSNP_6_B06_831354	16	55804348	55808421	4	-1.0969
SERVO_p_TCGA_157_158_159_SNP_N_GenomeWideSNP_6_B06_831354	16	55808680	55810021	4	0.8309
SERVO_p_TCGA_157_158_159_SNP_N_GenomeWideSNP_6_B06_831354	16	55810207	78377528	14442	0.0038
SERVO_p_TCGA_157_158_159_SNP_N_GenomeWideSNP_6_B06_831354	16	78379675	78488102	134	-0.7186
SERVO_p_TCGA_157_158_159_SNP_N_GenomeWideSNP_6_B06_831354	16	78490581	83892343	6110	-0.0194
SERVO_p_TCGA_157_158_159_SNP_N_GenomeWideSNP_6_B06_831354	16	83892728	83892812	4	1.5638
SERVO_p_TCGA_157_158_159_SNP_N_GenomeWideSNP_6_B06_831354	16	83895425	84507876	521	0.0214
SERVO_p_TCGA_157_158_159_SNP_N_GenomeWideSNP_6_B06_831354	16	84509368	84509396	2	-1.9696
SERVO_p_TCGA_157_158_159_SNP_N_GenomeWideSNP_6_B06_831354	16	84509652	90287535	3861	-0.0086
SERVO_p_TCGA_157_158_159_SNP_N_GenomeWideSNP_6_B06_831354	17	526	1061313	526	0.0286
SERVO_p_TCGA_157_158_159_SNP_N_GenomeWideSNP_6_B06_831354	17	1070622	1071624	2	-2.1056
SERVO_p_TCGA_157_158_159_SNP_N_GenomeWideSNP_6_B06_831354	17	1072697	18358949	10913	-0.0114
SERVO_p_TCGA_157_158_159_SNP_N_GenomeWideSNP_6_B06_831354	17	18361686	18469197	27	0.5162
SERVO_p_TCGA_157_158_159_SNP_N_GenomeWideSNP_6_B06_831354	17	18474646	32326577	5404	-4e-04
SERVO_p_TCGA_157_158_159_SNP_N_GenomeWideSNP_6_B06_831354	17	32326963	32329693	2	1.6675
SERVO_p_TCGA_157_158_159_SNP_N_GenomeWideSNP_6_B06_831354	17	32332686	34436708	1507	-0.0164
SERVO_p_TCGA_157_158_159_SNP_N_GenomeWideSNP_6_B06_831354	17	34437128	34543343	40	0.4209
SERVO_p_TCGA_157_158_159_SNP_N_GenomeWideSNP_6_B06_831354	17	34586294	39421708	2539	0.0075
SERVO_p_TCGA_157_158_159_SNP_N_GenomeWideSNP_6_B06_831354	17	39423014	39430450	23	0.9731
SERVO_p_TCGA_157_158_159_SNP_N_GenomeWideSNP_6_B06_831354	17	39430531	44144214	2496	-0.0091
SERVO_p_TCGA_157_158_159_SNP_N_GenomeWideSNP_6_B06_831354	17	44144387	44353885	139	0.3141
SERVO_p_TCGA_157_158_159_SNP_N_GenomeWideSNP_6_B06_831354	17	44362009	44752283	50	-0.4171
SERVO_p_TCGA_157_158_159_SNP_N_GenomeWideSNP_6_B06_831354	17	44752300	81049726	21600	0.0028
SERVO_p_TCGA_157_158_159_SNP_N_GenomeWideSNP_6_B06_831354	18	11543	64960614	41164	-0.0059
SERVO_p_TCGA_157_158_159_SNP_N_GenomeWideSNP_6_B06_831354	18	64960749	64968034	17	-0.661
SERVO_p_TCGA_157_158_159_SNP_N_GenomeWideSNP_6_B06_831354	18	64968181	77403088	9266	-0.0188
SERVO_p_TCGA_157_158_159_SNP_N_GenomeWideSNP_6_B06_831354	18	77405731	77406039	2	-2.4016
SERVO_p_TCGA_157_158_159_SNP_N_GenomeWideSNP_6_B06_831354	18	77406203	77869022	227	-0.0324
SERVO_p_TCGA_157_158_159_SNP_N_GenomeWideSNP_6_B06_831354	18	77873956	77875958	2	1.6964
SERVO_p_TCGA_157_158_159_SNP_N_GenomeWideSNP_6_B06_831354	18	77876701	78015057	86	0.0548
SERVO_p_TCGA_157_158_159_SNP_N_GenomeWideSNP_6_B06_831354	19	90910	15784152	6621	-0.017
SERVO_p_TCGA_157_158_159_SNP_N_GenomeWideSNP_6_B06_831354	19	15790085	15791617	2	2.1551
SERVO_p_TCGA_157_158_159_SNP_N_GenomeWideSNP_6_B06_831354	19	15791664	55326613	20389	-0.0175
SERVO_p_TCGA_157_158_159_SNP_N_GenomeWideSNP_6_B06_831354	19	55330654	55363896	16	-0.7819
SERVO_p_TCGA_157_158_159_SNP_N_GenomeWideSNP_6_B06_831354	19	55365404	58940514	2242	-0.0187
SERVO_p_TCGA_157_158_159_SNP_N_GenomeWideSNP_6_B06_831354	19	58943408	58944375	2	-3.2626
SERVO_p_TCGA_157_158_159_SNP_N_GenomeWideSNP_6_B06_831354	19	58946056	59097854	52	-0.0074
SERVO_p_TCGA_157_158_159_SNP_N_GenomeWideSNP_6_B06_831354	20	61305	1582207	1242	0.0251
SERVO_p_TCGA_157_158_159_SNP_N_GenomeWideSNP_6_B06_831354	20	1590257	1593893	5	-1.6158
SERVO_p_TCGA_157_158_159_SNP_N_GenomeWideSNP_6_B06_831354	20	1597946	23551816	17130	0.0137
SERVO_p_TCGA_157_158_159_SNP_N_GenomeWideSNP_6_B06_831354	20	23552298	23553340	3	1.5241
SERVO_p_TCGA_157_158_159_SNP_N_GenomeWideSNP_6_B06_831354	20	23556215	56114495	19495	-0.007
SERVO_p_TCGA_157_158_159_SNP_N_GenomeWideSNP_6_B06_831354	20	56115683	56119132	2	1.3994
SERVO_p_TCGA_157_158_159_SNP_N_GenomeWideSNP_6_B06_831354	20	56119669	59111045	2411	-0.023
SERVO_p_TCGA_157_158_159_SNP_N_GenomeWideSNP_6_B06_831354	20	59113709	59128381	8	-0.8629
SERVO_p_TCGA_157_158_159_SNP_N_GenomeWideSNP_6_B06_831354	20	59128497	62956153	2189	-0.021
SERVO_p_TCGA_157_158_159_SNP_N_GenomeWideSNP_6_B06_831354	21	10736871	48096957	24395	-0.005
SERVO_p_TCGA_157_158_159_SNP_N_GenomeWideSNP_6_B06_831354	22	16052528	24330218	4611	2e-04
SERVO_p_TCGA_157_158_159_SNP_N_GenomeWideSNP_6_B06_831354	22	24330269	24331967	2	-2.3078
SERVO_p_TCGA_157_158_159_SNP_N_GenomeWideSNP_6_B06_831354	22	24332625	24396814	24	0.3427
SERVO_p_TCGA_157_158_159_SNP_N_GenomeWideSNP_6_B06_831354	22	24401529	39351466	10867	-0.0051
SERVO_p_TCGA_157_158_159_SNP_N_GenomeWideSNP_6_B06_831354	22	39363619	39371842	20	-0.5466
SERVO_p_TCGA_157_158_159_SNP_N_GenomeWideSNP_6_B06_831354	22	39371902	51234455	8026	-0.0169
SERVO_p_TCGA_157_158_159_SNP_N_GenomeWideSNP_6_B06_831354	X	168477	24595336	15008	0.0241
SERVO_p_TCGA_157_158_159_SNP_N_GenomeWideSNP_6_B06_831354	X	24595414	24595747	4	-3.2891
SERVO_p_TCGA_157_158_159_SNP_N_GenomeWideSNP_6_B06_831354	X	24597949	97678749	36346	0.0077
SERVO_p_TCGA_157_158_159_SNP_N_GenomeWideSNP_6_B06_831354	X	97690020	98066745	204	-0.8438
SERVO_p_TCGA_157_158_159_SNP_N_GenomeWideSNP_6_B06_831354	X	98077079	152829490	31860	0.0119
SERVO_p_TCGA_157_158_159_SNP_N_GenomeWideSNP_6_B06_831354	X	152830322	152833736	5	-2.5921
SERVO_p_TCGA_157_158_159_SNP_N_GenomeWideSNP_6_B06_831354	X	152834160	155182354	896	0.0461
SERVO_p_TCGA_157_158_159_SNP_N_GenomeWideSNP_6_B06_831354	Y	2650438	59018259	8634	-0.9074
