Sample	Chromosome	Start	End	Num_Probes	Segment_Mean
OWNED_p_TCGA_b102_105_SNP_N_GenomeWideSNP_6_C06_777178	1	61735	16797756	8667	-0.011
OWNED_p_TCGA_b102_105_SNP_N_GenomeWideSNP_6_C06_777178	1	16803776	17261211	179	-0.3441
OWNED_p_TCGA_b102_105_SNP_N_GenomeWideSNP_6_C06_777178	1	17261248	37448631	11454	-7e-04
OWNED_p_TCGA_b102_105_SNP_N_GenomeWideSNP_6_C06_777178	1	37449595	37454784	5	-1.754
OWNED_p_TCGA_b102_105_SNP_N_GenomeWideSNP_6_C06_777178	1	37455658	78789453	26409	-0.0643
OWNED_p_TCGA_b102_105_SNP_N_GenomeWideSNP_6_C06_777178	1	78789574	78795032	3	1.2052
OWNED_p_TCGA_b102_105_SNP_N_GenomeWideSNP_6_C06_777178	1	78798739	81888456	2004	-0.0922
OWNED_p_TCGA_b102_105_SNP_N_GenomeWideSNP_6_C06_777178	1	81888602	81888605	2	2.0746
OWNED_p_TCGA_b102_105_SNP_N_GenomeWideSNP_6_C06_777178	1	81888667	83829675	1311	-0.1073
OWNED_p_TCGA_b102_105_SNP_N_GenomeWideSNP_6_C06_777178	1	83829841	83834902	4	-1.3769
OWNED_p_TCGA_b102_105_SNP_N_GenomeWideSNP_6_C06_777178	1	83835711	104159384	12943	-0.0891
OWNED_p_TCGA_b102_105_SNP_N_GenomeWideSNP_6_C06_777178	1	104163499	104268222	27	-0.6342
OWNED_p_TCGA_b102_105_SNP_N_GenomeWideSNP_6_C06_777178	1	104303403	149243523	12066	-0.0937
OWNED_p_TCGA_b102_105_SNP_N_GenomeWideSNP_6_C06_777178	1	149245189	149248727	10	0.5063
OWNED_p_TCGA_b102_105_SNP_N_GenomeWideSNP_6_C06_777178	1	149248841	152200849	1288	1e-04
OWNED_p_TCGA_b102_105_SNP_N_GenomeWideSNP_6_C06_777178	1	152201217	152203270	2	2.0422
OWNED_p_TCGA_b102_105_SNP_N_GenomeWideSNP_6_C06_777178	1	152203571	152555527	236	-0.0337
OWNED_p_TCGA_b102_105_SNP_N_GenomeWideSNP_6_C06_777178	1	152555706	152586540	33	1.3193
OWNED_p_TCGA_b102_105_SNP_N_GenomeWideSNP_6_C06_777178	1	152586576	152757690	171	-0.0276
OWNED_p_TCGA_b102_105_SNP_N_GenomeWideSNP_6_C06_777178	1	152759678	152768700	38	0.4194
OWNED_p_TCGA_b102_105_SNP_N_GenomeWideSNP_6_C06_777178	1	152773905	169581258	11572	0.0016
OWNED_p_TCGA_b102_105_SNP_N_GenomeWideSNP_6_C06_777178	1	169581595	169583197	2	-2.1795
OWNED_p_TCGA_b102_105_SNP_N_GenomeWideSNP_6_C06_777178	1	169583295	199107596	19392	-0.0099
OWNED_p_TCGA_b102_105_SNP_N_GenomeWideSNP_6_C06_777178	1	199107653	199114390	13	-0.6687
OWNED_p_TCGA_b102_105_SNP_N_GenomeWideSNP_6_C06_777178	1	199114747	249224388	34476	-0.0175
OWNED_p_TCGA_b102_105_SNP_N_GenomeWideSNP_6_C06_777178	2	12784	12080908	9050	0.1837
OWNED_p_TCGA_b102_105_SNP_N_GenomeWideSNP_6_C06_777178	2	12082596	12082685	2	-2.6335
OWNED_p_TCGA_b102_105_SNP_N_GenomeWideSNP_6_C06_777178	2	12082958	34691069	15014	0.1891
OWNED_p_TCGA_b102_105_SNP_N_GenomeWideSNP_6_C06_777178	2	34699315	34737163	47	0.6923
OWNED_p_TCGA_b102_105_SNP_N_GenomeWideSNP_6_C06_777178	2	34737556	36335599	1155	0.1956
OWNED_p_TCGA_b102_105_SNP_N_GenomeWideSNP_6_C06_777178	2	36335602	36335606	3	-0.9621
OWNED_p_TCGA_b102_105_SNP_N_GenomeWideSNP_6_C06_777178	2	36336619	37972921	1282	0.2242
OWNED_p_TCGA_b102_105_SNP_N_GenomeWideSNP_6_C06_777178	2	37978120	37989416	17	-0.358
OWNED_p_TCGA_b102_105_SNP_N_GenomeWideSNP_6_C06_777178	2	37990079	52741737	10560	0.2061
OWNED_p_TCGA_b102_105_SNP_N_GenomeWideSNP_6_C06_777178	2	52743925	52781326	34	0.6974
OWNED_p_TCGA_b102_105_SNP_N_GenomeWideSNP_6_C06_777178	2	52781374	97846850	24012	0.1882
OWNED_p_TCGA_b102_105_SNP_N_GenomeWideSNP_6_C06_777178	2	97846887	97949121	28	-0.4784
OWNED_p_TCGA_b102_105_SNP_N_GenomeWideSNP_6_C06_777178	2	98013814	106880095	5591	0.1961
OWNED_p_TCGA_b102_105_SNP_N_GenomeWideSNP_6_C06_777178	2	106880713	106883229	4	-0.6875
OWNED_p_TCGA_b102_105_SNP_N_GenomeWideSNP_6_C06_777178	2	106883331	106887255	8	-2.6419
OWNED_p_TCGA_b102_105_SNP_N_GenomeWideSNP_6_C06_777178	2	106887408	133034377	15049	0.1839
OWNED_p_TCGA_b102_105_SNP_N_GenomeWideSNP_6_C06_777178	2	133034717	133117260	32	0.7231
OWNED_p_TCGA_b102_105_SNP_N_GenomeWideSNP_6_C06_777178	2	133121946	146862085	8841	0.1813
OWNED_p_TCGA_b102_105_SNP_N_GenomeWideSNP_6_C06_777178	2	146864404	146866934	24	-1.292
OWNED_p_TCGA_b102_105_SNP_N_GenomeWideSNP_6_C06_777178	2	146877806	194949683	28997	0.1879
OWNED_p_TCGA_b102_105_SNP_N_GenomeWideSNP_6_C06_777178	2	194949966	194989558	19	0.748
OWNED_p_TCGA_b102_105_SNP_N_GenomeWideSNP_6_C06_777178	2	194989600	230825116	22561	0.1847
OWNED_p_TCGA_b102_105_SNP_N_GenomeWideSNP_6_C06_777178	2	230827696	230829071	2	2.0783
OWNED_p_TCGA_b102_105_SNP_N_GenomeWideSNP_6_C06_777178	2	230829594	243089456	7494	0.1872
OWNED_p_TCGA_b102_105_SNP_N_GenomeWideSNP_6_C06_777178	3	60345	6646543	5836	0.0211
OWNED_p_TCGA_b102_105_SNP_N_GenomeWideSNP_6_C06_777178	3	6651128	6655078	24	-0.6762
OWNED_p_TCGA_b102_105_SNP_N_GenomeWideSNP_6_C06_777178	3	6655248	37977417	21768	0.0251
OWNED_p_TCGA_b102_105_SNP_N_GenomeWideSNP_6_C06_777178	3	37982461	37986928	17	-2.4029
OWNED_p_TCGA_b102_105_SNP_N_GenomeWideSNP_6_C06_777178	3	37987106	47400331	5814	0.036
OWNED_p_TCGA_b102_105_SNP_N_GenomeWideSNP_6_C06_777178	3	47405305	47405451	2	-1.6006
OWNED_p_TCGA_b102_105_SNP_N_GenomeWideSNP_6_C06_777178	3	47409212	47478509	26	-0.0675
OWNED_p_TCGA_b102_105_SNP_N_GenomeWideSNP_6_C06_777178	3	47491822	47492720	2	-1.6972
OWNED_p_TCGA_b102_105_SNP_N_GenomeWideSNP_6_C06_777178	3	47497214	65572570	12157	0.0307
OWNED_p_TCGA_b102_105_SNP_N_GenomeWideSNP_6_C06_777178	3	65572698	65574439	3	-0.3487
OWNED_p_TCGA_b102_105_SNP_N_GenomeWideSNP_6_C06_777178	3	65575011	129762859	36804	0.015
OWNED_p_TCGA_b102_105_SNP_N_GenomeWideSNP_6_C06_777178	3	129763698	129806236	52	0.3327
OWNED_p_TCGA_b102_105_SNP_N_GenomeWideSNP_6_C06_777178	3	129806924	140542539	6727	0.0065
OWNED_p_TCGA_b102_105_SNP_N_GenomeWideSNP_6_C06_777178	3	140545701	140546984	2	-2.2315
OWNED_p_TCGA_b102_105_SNP_N_GenomeWideSNP_6_C06_777178	3	140560618	162208419	13320	0.0047
OWNED_p_TCGA_b102_105_SNP_N_GenomeWideSNP_6_C06_777178	3	162216629	162226794	30	-0.4794
OWNED_p_TCGA_b102_105_SNP_N_GenomeWideSNP_6_C06_777178	3	162226807	162540490	197	0.0648
OWNED_p_TCGA_b102_105_SNP_N_GenomeWideSNP_6_C06_777178	3	162545716	162587278	21	-0.4437
OWNED_p_TCGA_b102_105_SNP_N_GenomeWideSNP_6_C06_777178	3	162587567	165508102	1682	-0.0059
OWNED_p_TCGA_b102_105_SNP_N_GenomeWideSNP_6_C06_777178	3	165509241	165867803	202	0.4265
OWNED_p_TCGA_b102_105_SNP_N_GenomeWideSNP_6_C06_777178	3	165880484	192874747	17312	0.0056
OWNED_p_TCGA_b102_105_SNP_N_GenomeWideSNP_6_C06_777178	3	192877902	192882903	20	1.4808
OWNED_p_TCGA_b102_105_SNP_N_GenomeWideSNP_6_C06_777178	3	192886435	197896118	2701	-0.0176
OWNED_p_TCGA_b102_105_SNP_N_GenomeWideSNP_6_C06_777178	4	12281	43629	34	-0.2807
OWNED_p_TCGA_b102_105_SNP_N_GenomeWideSNP_6_C06_777178	4	43683	46834	4	-1.4786
OWNED_p_TCGA_b102_105_SNP_N_GenomeWideSNP_6_C06_777178	4	47099	34779054	22732	-0.0256
OWNED_p_TCGA_b102_105_SNP_N_GenomeWideSNP_6_C06_777178	4	34786500	34824725	38	-1.8789
OWNED_p_TCGA_b102_105_SNP_N_GenomeWideSNP_6_C06_777178	4	34829872	49267848	8967	-0.0119
OWNED_p_TCGA_b102_105_SNP_N_GenomeWideSNP_6_C06_777178	4	49291192	49291355	2	-2.2871
OWNED_p_TCGA_b102_105_SNP_N_GenomeWideSNP_6_C06_777178	4	49297220	69217899	10448	-0.0305
OWNED_p_TCGA_b102_105_SNP_N_GenomeWideSNP_6_C06_777178	4	69218052	69591782	111	0.2446
OWNED_p_TCGA_b102_105_SNP_N_GenomeWideSNP_6_C06_777178	4	69595591	70389716	480	-0.0291
OWNED_p_TCGA_b102_105_SNP_N_GenomeWideSNP_6_C06_777178	4	70389861	70390779	2	-2.4112
OWNED_p_TCGA_b102_105_SNP_N_GenomeWideSNP_6_C06_777178	4	70391888	138084982	40448	-0.0182
OWNED_p_TCGA_b102_105_SNP_N_GenomeWideSNP_6_C06_777178	4	138085107	138095121	22	-0.6257
OWNED_p_TCGA_b102_105_SNP_N_GenomeWideSNP_6_C06_777178	4	138108363	161880141	14747	-0.0167
OWNED_p_TCGA_b102_105_SNP_N_GenomeWideSNP_6_C06_777178	4	161880197	161884600	17	-0.5863
OWNED_p_TCGA_b102_105_SNP_N_GenomeWideSNP_6_C06_777178	4	161884908	170844144	5698	-0.0291
OWNED_p_TCGA_b102_105_SNP_N_GenomeWideSNP_6_C06_777178	4	170844480	170847041	4	-2.4658
OWNED_p_TCGA_b102_105_SNP_N_GenomeWideSNP_6_C06_777178	4	170847532	172987928	1374	-0.0455
OWNED_p_TCGA_b102_105_SNP_N_GenomeWideSNP_6_C06_777178	4	172989148	172997509	15	0.701
OWNED_p_TCGA_b102_105_SNP_N_GenomeWideSNP_6_C06_777178	4	173000821	191027923	12097	-0.0348
OWNED_p_TCGA_b102_105_SNP_N_GenomeWideSNP_6_C06_777178	5	15532	3061349	1994	-0.055
OWNED_p_TCGA_b102_105_SNP_N_GenomeWideSNP_6_C06_777178	5	3061892	3063438	2	-4.4568
OWNED_p_TCGA_b102_105_SNP_N_GenomeWideSNP_6_C06_777178	5	3063465	46326188	28756	0.0044
OWNED_p_TCGA_b102_105_SNP_N_GenomeWideSNP_6_C06_777178	5	46328445	54623595	3234	-0.6327
OWNED_p_TCGA_b102_105_SNP_N_GenomeWideSNP_6_C06_777178	5	54636923	57321646	1812	-0.0146
OWNED_p_TCGA_b102_105_SNP_N_GenomeWideSNP_6_C06_777178	5	57326027	57338357	33	1.2013
OWNED_p_TCGA_b102_105_SNP_N_GenomeWideSNP_6_C06_777178	5	57340073	58609611	1007	-0.0275
OWNED_p_TCGA_b102_105_SNP_N_GenomeWideSNP_6_C06_777178	5	58611026	61909886	1985	-0.6327
OWNED_p_TCGA_b102_105_SNP_N_GenomeWideSNP_6_C06_777178	5	61911165	63799719	1036	-0.0081
OWNED_p_TCGA_b102_105_SNP_N_GenomeWideSNP_6_C06_777178	5	63805283	64234714	272	-0.6844
OWNED_p_TCGA_b102_105_SNP_N_GenomeWideSNP_6_C06_777178	5	64238645	64703562	270	-0.0445
OWNED_p_TCGA_b102_105_SNP_N_GenomeWideSNP_6_C06_777178	5	64707956	68846303	2685	-0.6398
OWNED_p_TCGA_b102_105_SNP_N_GenomeWideSNP_6_C06_777178	5	68867294	74892805	2718	-0.0031
OWNED_p_TCGA_b102_105_SNP_N_GenomeWideSNP_6_C06_777178	5	74895474	87131666	7391	-0.6438
OWNED_p_TCGA_b102_105_SNP_N_GenomeWideSNP_6_C06_777178	5	87132162	89334926	1164	-7e-04
OWNED_p_TCGA_b102_105_SNP_N_GenomeWideSNP_6_C06_777178	5	89346064	95196028	3122	-0.6158
OWNED_p_TCGA_b102_105_SNP_N_GenomeWideSNP_6_C06_777178	5	95196856	110829078	9505	-0.0161
OWNED_p_TCGA_b102_105_SNP_N_GenomeWideSNP_6_C06_777178	5	110830209	111032518	144	-0.621
OWNED_p_TCGA_b102_105_SNP_N_GenomeWideSNP_6_C06_777178	5	111033097	111033109	2	-2.4533
OWNED_p_TCGA_b102_105_SNP_N_GenomeWideSNP_6_C06_777178	5	111033422	111265083	144	-0.6693
OWNED_p_TCGA_b102_105_SNP_N_GenomeWideSNP_6_C06_777178	5	111268526	111695541	343	-0.0154
OWNED_p_TCGA_b102_105_SNP_N_GenomeWideSNP_6_C06_777178	5	111704562	112956600	1016	-0.6477
OWNED_p_TCGA_b102_105_SNP_N_GenomeWideSNP_6_C06_777178	5	112964276	112978531	11	-4.2848
OWNED_p_TCGA_b102_105_SNP_N_GenomeWideSNP_6_C06_777178	5	112980317	125278749	8440	-0.6398
OWNED_p_TCGA_b102_105_SNP_N_GenomeWideSNP_6_C06_777178	5	125278986	139165271	8111	-0.0072
OWNED_p_TCGA_b102_105_SNP_N_GenomeWideSNP_6_C06_777178	5	139168877	139182896	5	-1.6725
OWNED_p_TCGA_b102_105_SNP_N_GenomeWideSNP_6_C06_777178	5	139183944	139294293	62	-0.0342
OWNED_p_TCGA_b102_105_SNP_N_GenomeWideSNP_6_C06_777178	5	139295646	139295821	2	-0.9815
OWNED_p_TCGA_b102_105_SNP_N_GenomeWideSNP_6_C06_777178	5	139295871	140217794	418	0.0091
OWNED_p_TCGA_b102_105_SNP_N_GenomeWideSNP_6_C06_777178	5	140218722	140231839	10	-0.8192
OWNED_p_TCGA_b102_105_SNP_N_GenomeWideSNP_6_C06_777178	5	140242479	158826357	12483	-0.009
OWNED_p_TCGA_b102_105_SNP_N_GenomeWideSNP_6_C06_777178	5	158826493	158829527	2	-2.4701
OWNED_p_TCGA_b102_105_SNP_N_GenomeWideSNP_6_C06_777178	5	158830474	180790320	14498	-0.025
OWNED_p_TCGA_b102_105_SNP_N_GenomeWideSNP_6_C06_777178	6	149661	265113	106	-0.1372
OWNED_p_TCGA_b102_105_SNP_N_GenomeWideSNP_6_C06_777178	6	265143	302306	19	-0.6678
OWNED_p_TCGA_b102_105_SNP_N_GenomeWideSNP_6_C06_777178	6	303017	15479845	11919	-0.0139
OWNED_p_TCGA_b102_105_SNP_N_GenomeWideSNP_6_C06_777178	6	15480642	15534270	57	-0.3996
OWNED_p_TCGA_b102_105_SNP_N_GenomeWideSNP_6_C06_777178	6	15536809	26688496	8111	-0.024
OWNED_p_TCGA_b102_105_SNP_N_GenomeWideSNP_6_C06_777178	6	26691642	26904759	77	-0.288
OWNED_p_TCGA_b102_105_SNP_N_GenomeWideSNP_6_C06_777178	6	26904828	29543773	1183	-0.0321
OWNED_p_TCGA_b102_105_SNP_N_GenomeWideSNP_6_C06_777178	6	29545715	29551861	8	-1.0527
OWNED_p_TCGA_b102_105_SNP_N_GenomeWideSNP_6_C06_777178	6	29561850	29837188	209	-0.0083
OWNED_p_TCGA_b102_105_SNP_N_GenomeWideSNP_6_C06_777178	6	29837314	29850196	15	-0.8803
OWNED_p_TCGA_b102_105_SNP_N_GenomeWideSNP_6_C06_777178	6	29850274	32625095	1250	-0.0169
OWNED_p_TCGA_b102_105_SNP_N_GenomeWideSNP_6_C06_777178	6	32625888	32626618	3	-1.6429
OWNED_p_TCGA_b102_105_SNP_N_GenomeWideSNP_6_C06_777178	6	32650612	67008262	19161	-0.0187
OWNED_p_TCGA_b102_105_SNP_N_GenomeWideSNP_6_C06_777178	6	67008286	67048629	55	-0.5501
OWNED_p_TCGA_b102_105_SNP_N_GenomeWideSNP_6_C06_777178	6	67049406	74592225	5001	-0.0315
OWNED_p_TCGA_b102_105_SNP_N_GenomeWideSNP_6_C06_777178	6	74592457	74597341	8	-1.6719
OWNED_p_TCGA_b102_105_SNP_N_GenomeWideSNP_6_C06_777178	6	74601410	78972776	2779	-0.0396
OWNED_p_TCGA_b102_105_SNP_N_GenomeWideSNP_6_C06_777178	6	78972796	79041809	104	0.2719
OWNED_p_TCGA_b102_105_SNP_N_GenomeWideSNP_6_C06_777178	6	79045766	162805262	53836	-0.0228
OWNED_p_TCGA_b102_105_SNP_N_GenomeWideSNP_6_C06_777178	6	162805755	162813664	8	-1.1181
OWNED_p_TCGA_b102_105_SNP_N_GenomeWideSNP_6_C06_777178	6	162813977	171051005	5799	-0.0545
OWNED_p_TCGA_b102_105_SNP_N_GenomeWideSNP_6_C06_777178	7	43355	22434780	16076	0.3951
OWNED_p_TCGA_b102_105_SNP_N_GenomeWideSNP_6_C06_777178	7	22435472	22436487	2	-2.3784
OWNED_p_TCGA_b102_105_SNP_N_GenomeWideSNP_6_C06_777178	7	22438754	47171500	17224	0.4022
OWNED_p_TCGA_b102_105_SNP_N_GenomeWideSNP_6_C06_777178	7	47177418	47178619	3	-1.1993
OWNED_p_TCGA_b102_105_SNP_N_GenomeWideSNP_6_C06_777178	7	47179565	54380373	5223	0.3896
OWNED_p_TCGA_b102_105_SNP_N_GenomeWideSNP_6_C06_777178	7	54386505	54386517	6	-1.4156
OWNED_p_TCGA_b102_105_SNP_N_GenomeWideSNP_6_C06_777178	7	54393488	56859244	1603	0.3987
OWNED_p_TCGA_b102_105_SNP_N_GenomeWideSNP_6_C06_777178	7	56859260	57184887	36	0.0076
OWNED_p_TCGA_b102_105_SNP_N_GenomeWideSNP_6_C06_777178	7	57185657	64942849	1669	0.2927
OWNED_p_TCGA_b102_105_SNP_N_GenomeWideSNP_6_C06_777178	7	64947380	65060564	26	-0.169
OWNED_p_TCGA_b102_105_SNP_N_GenomeWideSNP_6_C06_777178	7	65066173	72455684	4171	0.368
OWNED_p_TCGA_b102_105_SNP_N_GenomeWideSNP_6_C06_777178	7	72455743	72458513	3	-0.9796
OWNED_p_TCGA_b102_105_SNP_N_GenomeWideSNP_6_C06_777178	7	72458587	73782238	383	0.3663
OWNED_p_TCGA_b102_105_SNP_N_GenomeWideSNP_6_C06_777178	7	73785170	73799951	9	1.1125
OWNED_p_TCGA_b102_105_SNP_N_GenomeWideSNP_6_C06_777178	7	73799965	97385970	14231	0.3831
OWNED_p_TCGA_b102_105_SNP_N_GenomeWideSNP_6_C06_777178	7	97395460	97402475	16	-0.7866
OWNED_p_TCGA_b102_105_SNP_N_GenomeWideSNP_6_C06_777178	7	97404240	133756897	21386	0.3905
OWNED_p_TCGA_b102_105_SNP_N_GenomeWideSNP_6_C06_777178	7	133757260	133795634	48	0.0926
OWNED_p_TCGA_b102_105_SNP_N_GenomeWideSNP_6_C06_777178	7	133795665	141770260	5209	0.3929
OWNED_p_TCGA_b102_105_SNP_N_GenomeWideSNP_6_C06_777178	7	141770369	141828614	56	0.0249
OWNED_p_TCGA_b102_105_SNP_N_GenomeWideSNP_6_C06_777178	7	141830287	142474939	430	0.4018
OWNED_p_TCGA_b102_105_SNP_N_GenomeWideSNP_6_C06_777178	7	142476719	142486495	30	-0.2103
OWNED_p_TCGA_b102_105_SNP_N_GenomeWideSNP_6_C06_777178	7	142486560	143946878	848	0.3632
OWNED_p_TCGA_b102_105_SNP_N_GenomeWideSNP_6_C06_777178	7	143952313	144066947	31	1.0361
OWNED_p_TCGA_b102_105_SNP_N_GenomeWideSNP_6_C06_777178	7	144074929	158716972	9402	0.3834
OWNED_p_TCGA_b102_105_SNP_N_GenomeWideSNP_6_C06_777178	7	158717184	158725773	10	-0.3652
OWNED_p_TCGA_b102_105_SNP_N_GenomeWideSNP_6_C06_777178	7	158725907	159127004	270	0.2819
OWNED_p_TCGA_b102_105_SNP_N_GenomeWideSNP_6_C06_777178	8	31254	5594267	6092	0.2923
OWNED_p_TCGA_b102_105_SNP_N_GenomeWideSNP_6_C06_777178	8	5598726	5603900	20	-0.6841
OWNED_p_TCGA_b102_105_SNP_N_GenomeWideSNP_6_C06_777178	8	5603914	6921136	1667	0.2992
OWNED_p_TCGA_b102_105_SNP_N_GenomeWideSNP_6_C06_777178	8	6921404	8018037	281	0.0104
OWNED_p_TCGA_b102_105_SNP_N_GenomeWideSNP_6_C06_777178	8	8018038	9053914	889	0.3244
OWNED_p_TCGA_b102_105_SNP_N_GenomeWideSNP_6_C06_777178	8	9056367	9062526	28	-0.64
OWNED_p_TCGA_b102_105_SNP_N_GenomeWideSNP_6_C06_777178	8	9063027	11846482	2294	0.2938
OWNED_p_TCGA_b102_105_SNP_N_GenomeWideSNP_6_C06_777178	8	11851156	12554743	163	-0.1445
OWNED_p_TCGA_b102_105_SNP_N_GenomeWideSNP_6_C06_777178	8	12556042	15282748	2616	0.2988
OWNED_p_TCGA_b102_105_SNP_N_GenomeWideSNP_6_C06_777178	8	15285748	15295445	6	-1.0698
OWNED_p_TCGA_b102_105_SNP_N_GenomeWideSNP_6_C06_777178	8	15296703	18265154	2666	0.3075
OWNED_p_TCGA_b102_105_SNP_N_GenomeWideSNP_6_C06_777178	8	18266157	18271185	4	-1.6568
OWNED_p_TCGA_b102_105_SNP_N_GenomeWideSNP_6_C06_777178	8	18271387	23402308	3941	0.3187
OWNED_p_TCGA_b102_105_SNP_N_GenomeWideSNP_6_C06_777178	8	23407740	23407871	5	-1.3788
OWNED_p_TCGA_b102_105_SNP_N_GenomeWideSNP_6_C06_777178	8	23407905	24974522	1137	0.314
OWNED_p_TCGA_b102_105_SNP_N_GenomeWideSNP_6_C06_777178	8	24974577	24984141	20	0.8992
OWNED_p_TCGA_b102_105_SNP_N_GenomeWideSNP_6_C06_777178	8	24984156	39246675	9032	0.3141
OWNED_p_TCGA_b102_105_SNP_N_GenomeWideSNP_6_C06_777178	8	39247111	39386965	56	1.0862
OWNED_p_TCGA_b102_105_SNP_N_GenomeWideSNP_6_C06_777178	8	39388299	56986178	8507	0.3576
OWNED_p_TCGA_b102_105_SNP_N_GenomeWideSNP_6_C06_777178	8	56991382	56995422	5	-0.8299
OWNED_p_TCGA_b102_105_SNP_N_GenomeWideSNP_6_C06_777178	8	56998480	103992590	28496	0.3642
OWNED_p_TCGA_b102_105_SNP_N_GenomeWideSNP_6_C06_777178	8	103994911	103997435	3	-1.1269
OWNED_p_TCGA_b102_105_SNP_N_GenomeWideSNP_6_C06_777178	8	103998546	112291494	4995	0.3753
OWNED_p_TCGA_b102_105_SNP_N_GenomeWideSNP_6_C06_777178	8	112294279	112295260	10	-0.9024
OWNED_p_TCGA_b102_105_SNP_N_GenomeWideSNP_6_C06_777178	8	112300281	146298155	22907	0.3847
OWNED_p_TCGA_b102_105_SNP_N_GenomeWideSNP_6_C06_777178	9	46587	93270	10	-0.3571
OWNED_p_TCGA_b102_105_SNP_N_GenomeWideSNP_6_C06_777178	9	94152	23583321	20569	-0.0037
OWNED_p_TCGA_b102_105_SNP_N_GenomeWideSNP_6_C06_777178	9	23583330	23583598	2	-2.2715
OWNED_p_TCGA_b102_105_SNP_N_GenomeWideSNP_6_C06_777178	9	23584956	24493554	634	-0.0147
OWNED_p_TCGA_b102_105_SNP_N_GenomeWideSNP_6_C06_777178	9	24493614	24517682	25	-0.5377
OWNED_p_TCGA_b102_105_SNP_N_GenomeWideSNP_6_C06_777178	9	24519684	43776918	10118	-0.0163
OWNED_p_TCGA_b102_105_SNP_N_GenomeWideSNP_6_C06_777178	9	43780909	44806415	79	-0.4756
OWNED_p_TCGA_b102_105_SNP_N_GenomeWideSNP_6_C06_777178	9	44808486	44837527	7	-1.9207
OWNED_p_TCGA_b102_105_SNP_N_GenomeWideSNP_6_C06_777178	9	44840918	74257049	2951	-0.0479
OWNED_p_TCGA_b102_105_SNP_N_GenomeWideSNP_6_C06_777178	9	74257071	74257876	10	-0.608
OWNED_p_TCGA_b102_105_SNP_N_GenomeWideSNP_6_C06_777178	9	74257930	98355407	16788	-0.0239
OWNED_p_TCGA_b102_105_SNP_N_GenomeWideSNP_6_C06_777178	9	98357822	98516889	168	-0.3524
OWNED_p_TCGA_b102_105_SNP_N_GenomeWideSNP_6_C06_777178	9	98519557	104868110	4104	-0.0239
OWNED_p_TCGA_b102_105_SNP_N_GenomeWideSNP_6_C06_777178	9	104869704	104917244	42	0.2645
OWNED_p_TCGA_b102_105_SNP_N_GenomeWideSNP_6_C06_777178	9	104925861	105515822	391	-0.0309
OWNED_p_TCGA_b102_105_SNP_N_GenomeWideSNP_6_C06_777178	9	105515851	105516311	2	-1.7358
OWNED_p_TCGA_b102_105_SNP_N_GenomeWideSNP_6_C06_777178	9	105516782	111554749	4646	-0.0096
OWNED_p_TCGA_b102_105_SNP_N_GenomeWideSNP_6_C06_777178	9	111554988	111555081	3	-1.4897
OWNED_p_TCGA_b102_105_SNP_N_GenomeWideSNP_6_C06_777178	9	111555580	131107432	13911	-0.0505
OWNED_p_TCGA_b102_105_SNP_N_GenomeWideSNP_6_C06_777178	9	131125255	141091394	5239	-0.575
OWNED_p_TCGA_b102_105_SNP_N_GenomeWideSNP_6_C06_777178	10	72759	51830360	33615	-0.0193
OWNED_p_TCGA_b102_105_SNP_N_GenomeWideSNP_6_C06_777178	10	51840984	51891920	4	-2.2945
OWNED_p_TCGA_b102_105_SNP_N_GenomeWideSNP_6_C06_777178	10	51903768	67308030	11009	-0.0164
OWNED_p_TCGA_b102_105_SNP_N_GenomeWideSNP_6_C06_777178	10	67308591	67322795	24	-0.5344
OWNED_p_TCGA_b102_105_SNP_N_GenomeWideSNP_6_C06_777178	10	67322926	135506704	46180	-0.0297
OWNED_p_TCGA_b102_105_SNP_N_GenomeWideSNP_6_C06_777178	11	198510	4964302	2456	-0.0334
OWNED_p_TCGA_b102_105_SNP_N_GenomeWideSNP_6_C06_777178	11	4964425	4976534	44	0.3515
OWNED_p_TCGA_b102_105_SNP_N_GenomeWideSNP_6_C06_777178	11	4976596	6104817	1058	-0.0423
OWNED_p_TCGA_b102_105_SNP_N_GenomeWideSNP_6_C06_777178	11	6104831	6122094	10	-0.8478
OWNED_p_TCGA_b102_105_SNP_N_GenomeWideSNP_6_C06_777178	11	6122503	18940856	9138	-0.0291
OWNED_p_TCGA_b102_105_SNP_N_GenomeWideSNP_6_C06_777178	11	18940870	18961922	56	0.4221
OWNED_p_TCGA_b102_105_SNP_N_GenomeWideSNP_6_C06_777178	11	18961935	134944770	74126	-0.0199
OWNED_p_TCGA_b102_105_SNP_N_GenomeWideSNP_6_C06_777178	12	150442	1947193	1050	-0.0392
OWNED_p_TCGA_b102_105_SNP_N_GenomeWideSNP_6_C06_777178	12	1950051	1986250	37	-0.9376
OWNED_p_TCGA_b102_105_SNP_N_GenomeWideSNP_6_C06_777178	12	1987245	3427655	1056	-0.0484
OWNED_p_TCGA_b102_105_SNP_N_GenomeWideSNP_6_C06_777178	12	3427738	3428428	2	-2.016
OWNED_p_TCGA_b102_105_SNP_N_GenomeWideSNP_6_C06_777178	12	3428759	8007799	3209	-0.043
OWNED_p_TCGA_b102_105_SNP_N_GenomeWideSNP_6_C06_777178	12	8008132	8116021	50	0.3522
OWNED_p_TCGA_b102_105_SNP_N_GenomeWideSNP_6_C06_777178	12	8116896	31999575	16448	-0.0323
OWNED_p_TCGA_b102_105_SNP_N_GenomeWideSNP_6_C06_777178	12	31999647	32067902	63	0.397
OWNED_p_TCGA_b102_105_SNP_N_GenomeWideSNP_6_C06_777178	12	32068015	33301561	896	-0.0156
OWNED_p_TCGA_b102_105_SNP_N_GenomeWideSNP_6_C06_777178	12	33301640	33307374	22	-0.5278
OWNED_p_TCGA_b102_105_SNP_N_GenomeWideSNP_6_C06_777178	12	33308360	34372734	660	-0.0383
OWNED_p_TCGA_b102_105_SNP_N_GenomeWideSNP_6_C06_777178	12	34375620	34375830	2	-2.05
OWNED_p_TCGA_b102_105_SNP_N_GenomeWideSNP_6_C06_777178	12	34377343	57351396	11439	-0.0363
OWNED_p_TCGA_b102_105_SNP_N_GenomeWideSNP_6_C06_777178	12	57353709	57377509	11	-1.0836
OWNED_p_TCGA_b102_105_SNP_N_GenomeWideSNP_6_C06_777178	12	57380377	133778189	49874	-0.0476
OWNED_p_TCGA_b102_105_SNP_N_GenomeWideSNP_6_C06_777178	13	19026949	32532071	9621	0.3739
OWNED_p_TCGA_b102_105_SNP_N_GenomeWideSNP_6_C06_777178	13	32532121	32538423	19	-0.7159
OWNED_p_TCGA_b102_105_SNP_N_GenomeWideSNP_6_C06_777178	13	32540047	50610270	12418	0.3773
OWNED_p_TCGA_b102_105_SNP_N_GenomeWideSNP_6_C06_777178	13	50610316	50612425	3	-1.0504
OWNED_p_TCGA_b102_105_SNP_N_GenomeWideSNP_6_C06_777178	13	50614599	57749776	4015	0.3734
OWNED_p_TCGA_b102_105_SNP_N_GenomeWideSNP_6_C06_777178	13	57750953	57773719	30	-0.1099
OWNED_p_TCGA_b102_105_SNP_N_GenomeWideSNP_6_C06_777178	13	57775076	57944356	113	0.4046
OWNED_p_TCGA_b102_105_SNP_N_GenomeWideSNP_6_C06_777178	13	57944711	57946149	2	1.8236
OWNED_p_TCGA_b102_105_SNP_N_GenomeWideSNP_6_C06_777178	13	57947165	72804900	9167	0.3645
OWNED_p_TCGA_b102_105_SNP_N_GenomeWideSNP_6_C06_777178	13	72808482	72810336	3	-0.8602
OWNED_p_TCGA_b102_105_SNP_N_GenomeWideSNP_6_C06_777178	13	72813062	75073441	1669	0.415
OWNED_p_TCGA_b102_105_SNP_N_GenomeWideSNP_6_C06_777178	13	75074609	75078999	2	-1.0383
OWNED_p_TCGA_b102_105_SNP_N_GenomeWideSNP_6_C06_777178	13	75080508	83788144	5741	0.3792
OWNED_p_TCGA_b102_105_SNP_N_GenomeWideSNP_6_C06_777178	13	83788288	83792214	8	-0.718
OWNED_p_TCGA_b102_105_SNP_N_GenomeWideSNP_6_C06_777178	13	83792808	84131686	226	0.3676
OWNED_p_TCGA_b102_105_SNP_N_GenomeWideSNP_6_C06_777178	13	84131956	84132586	4	1.4924
OWNED_p_TCGA_b102_105_SNP_N_GenomeWideSNP_6_C06_777178	13	84132765	115108397	21173	0.3872
OWNED_p_TCGA_b102_105_SNP_N_GenomeWideSNP_6_C06_777178	14	19002124	51757804	19636	-0.5565
OWNED_p_TCGA_b102_105_SNP_N_GenomeWideSNP_6_C06_777178	14	51757836	51760703	2	-5.1728
OWNED_p_TCGA_b102_105_SNP_N_GenomeWideSNP_6_C06_777178	14	51760900	107174572	35387	-0.5711
OWNED_p_TCGA_b102_105_SNP_N_GenomeWideSNP_6_C06_777178	14	107176213	107184184	9	-2.136
OWNED_p_TCGA_b102_105_SNP_N_GenomeWideSNP_6_C06_777178	14	107184376	107285437	66	-0.5896
OWNED_p_TCGA_b102_105_SNP_N_GenomeWideSNP_6_C06_777178	15	20016328	22398917	346	-0.0471
OWNED_p_TCGA_b102_105_SNP_N_GenomeWideSNP_6_C06_777178	15	22400558	22586960	73	-0.5451
OWNED_p_TCGA_b102_105_SNP_N_GenomeWideSNP_6_C06_777178	15	22587474	24504157	942	0.0933
OWNED_p_TCGA_b102_105_SNP_N_GenomeWideSNP_6_C06_777178	15	24508708	24512035	2	2.0616
OWNED_p_TCGA_b102_105_SNP_N_GenomeWideSNP_6_C06_777178	15	24514620	24688150	80	0.0513
OWNED_p_TCGA_b102_105_SNP_N_GenomeWideSNP_6_C06_777178	15	24688340	26560192	1351	-0.4417
OWNED_p_TCGA_b102_105_SNP_N_GenomeWideSNP_6_C06_777178	15	26562152	26563156	2	-2.8211
OWNED_p_TCGA_b102_105_SNP_N_GenomeWideSNP_6_C06_777178	15	26563588	29443707	1647	-0.4562
OWNED_p_TCGA_b102_105_SNP_N_GenomeWideSNP_6_C06_777178	15	29443762	29443949	2	-3.2673
OWNED_p_TCGA_b102_105_SNP_N_GenomeWideSNP_6_C06_777178	15	29443962	30370031	625	-0.4312
OWNED_p_TCGA_b102_105_SNP_N_GenomeWideSNP_6_C06_777178	15	30386411	30900878	111	-1.2166
OWNED_p_TCGA_b102_105_SNP_N_GenomeWideSNP_6_C06_777178	15	30913587	85037880	33581	-0.4031
OWNED_p_TCGA_b102_105_SNP_N_GenomeWideSNP_6_C06_777178	15	85037892	96913436	8973	0.1174
OWNED_p_TCGA_b102_105_SNP_N_GenomeWideSNP_6_C06_777178	15	96913773	96916136	4	-1.4437
OWNED_p_TCGA_b102_105_SNP_N_GenomeWideSNP_6_C06_777178	15	96916593	102469040	4029	0.1063
OWNED_p_TCGA_b102_105_SNP_N_GenomeWideSNP_6_C06_777178	16	60777	31955920	19982	-0.0177
OWNED_p_TCGA_b102_105_SNP_N_GenomeWideSNP_6_C06_777178	16	31957368	32588622	113	-0.308
OWNED_p_TCGA_b102_105_SNP_N_GenomeWideSNP_6_C06_777178	16	32588901	32588909	5	-1.6032
OWNED_p_TCGA_b102_105_SNP_N_GenomeWideSNP_6_C06_777178	16	32609274	51064083	3358	-0.0288
OWNED_p_TCGA_b102_105_SNP_N_GenomeWideSNP_6_C06_777178	16	51064172	51064572	2	1.4752
OWNED_p_TCGA_b102_105_SNP_N_GenomeWideSNP_6_C06_777178	16	51066965	55035155	3079	-0.0023
OWNED_p_TCGA_b102_105_SNP_N_GenomeWideSNP_6_C06_777178	16	55035224	55035959	4	1.0612
OWNED_p_TCGA_b102_105_SNP_N_GenomeWideSNP_6_C06_777178	16	55036249	55796510	700	-0.0135
OWNED_p_TCGA_b102_105_SNP_N_GenomeWideSNP_6_C06_777178	16	55796575	55796594	2	-1.6612
OWNED_p_TCGA_b102_105_SNP_N_GenomeWideSNP_6_C06_777178	16	55798222	55798779	3	1.5471
OWNED_p_TCGA_b102_105_SNP_N_GenomeWideSNP_6_C06_777178	16	55804348	55816646	11	-0.7011
OWNED_p_TCGA_b102_105_SNP_N_GenomeWideSNP_6_C06_777178	16	55816705	70139542	8742	-0.0029
OWNED_p_TCGA_b102_105_SNP_N_GenomeWideSNP_6_C06_777178	16	70151527	70197767	13	-0.8177
OWNED_p_TCGA_b102_105_SNP_N_GenomeWideSNP_6_C06_777178	16	70198330	90287535	16248	-0.0119
OWNED_p_TCGA_b102_105_SNP_N_GenomeWideSNP_6_C06_777178	17	526	25271294	12852	-0.6242
OWNED_p_TCGA_b102_105_SNP_N_GenomeWideSNP_6_C06_777178	17	25274376	29039843	1739	0.0251
OWNED_p_TCGA_b102_105_SNP_N_GenomeWideSNP_6_C06_777178	17	29039940	29039966	2	-2.1396
OWNED_p_TCGA_b102_105_SNP_N_GenomeWideSNP_6_C06_777178	17	29054355	44394420	8839	0.0122
OWNED_p_TCGA_b102_105_SNP_N_GenomeWideSNP_6_C06_777178	17	44401067	44752283	44	-0.3783
OWNED_p_TCGA_b102_105_SNP_N_GenomeWideSNP_6_C06_777178	17	44752300	81049726	21562	0.0063
OWNED_p_TCGA_b102_105_SNP_N_GenomeWideSNP_6_C06_777178	18	11543	27814548	15878	-0.6307
OWNED_p_TCGA_b102_105_SNP_N_GenomeWideSNP_6_C06_777178	18	27815320	27815968	2	-4.41
OWNED_p_TCGA_b102_105_SNP_N_GenomeWideSNP_6_C06_777178	18	27818614	65690741	25483	-0.6074
OWNED_p_TCGA_b102_105_SNP_N_GenomeWideSNP_6_C06_777178	18	65691065	65692482	5	-3.5391
OWNED_p_TCGA_b102_105_SNP_N_GenomeWideSNP_6_C06_777178	18	65692865	74289723	6519	-0.6254
OWNED_p_TCGA_b102_105_SNP_N_GenomeWideSNP_6_C06_777178	18	74289990	74291820	3	-4.0362
OWNED_p_TCGA_b102_105_SNP_N_GenomeWideSNP_6_C06_777178	18	74291962	78015057	2406	-0.6777
OWNED_p_TCGA_b102_105_SNP_N_GenomeWideSNP_6_C06_777178	19	90910	11947810	4663	0.1108
OWNED_p_TCGA_b102_105_SNP_N_GenomeWideSNP_6_C06_777178	19	11948095	11950794	2	-1.8081
OWNED_p_TCGA_b102_105_SNP_N_GenomeWideSNP_6_C06_777178	19	11951470	36827683	12564	-0.0081
OWNED_p_TCGA_b102_105_SNP_N_GenomeWideSNP_6_C06_777178	19	36830311	36845875	2	1.8595
OWNED_p_TCGA_b102_105_SNP_N_GenomeWideSNP_6_C06_777178	19	36846150	51332386	7090	0.0142
OWNED_p_TCGA_b102_105_SNP_N_GenomeWideSNP_6_C06_777178	19	51332481	51333238	4	-1.4182
OWNED_p_TCGA_b102_105_SNP_N_GenomeWideSNP_6_C06_777178	19	51339207	55298580	2616	-0.0275
OWNED_p_TCGA_b102_105_SNP_N_GenomeWideSNP_6_C06_777178	19	55300069	55333827	16	-0.9638
OWNED_p_TCGA_b102_105_SNP_N_GenomeWideSNP_6_C06_777178	19	55333884	55379455	27	-0.3172
OWNED_p_TCGA_b102_105_SNP_N_GenomeWideSNP_6_C06_777178	19	55379516	56278050	428	0.0143
OWNED_p_TCGA_b102_105_SNP_N_GenomeWideSNP_6_C06_777178	19	56282070	56283029	4	-1.984
OWNED_p_TCGA_b102_105_SNP_N_GenomeWideSNP_6_C06_777178	19	56283067	59097854	1840	-0.0071
OWNED_p_TCGA_b102_105_SNP_N_GenomeWideSNP_6_C06_777178	20	61305	1568006	1211	0.3655
OWNED_p_TCGA_b102_105_SNP_N_GenomeWideSNP_6_C06_777178	20	1568083	1593893	34	-0.4662
OWNED_p_TCGA_b102_105_SNP_N_GenomeWideSNP_6_C06_777178	20	1597946	1994350	344	0.3844
OWNED_p_TCGA_b102_105_SNP_N_GenomeWideSNP_6_C06_777178	20	1996770	1997648	3	-0.7315
OWNED_p_TCGA_b102_105_SNP_N_GenomeWideSNP_6_C06_777178	20	1999855	3369479	986	0.3638
OWNED_p_TCGA_b102_105_SNP_N_GenomeWideSNP_6_C06_777178	20	3373167	24805601	16700	-0.0399
OWNED_p_TCGA_b102_105_SNP_N_GenomeWideSNP_6_C06_777178	20	24807530	26197931	663	1.0639
OWNED_p_TCGA_b102_105_SNP_N_GenomeWideSNP_6_C06_777178	20	26209754	29835471	109	0.6561
OWNED_p_TCGA_b102_105_SNP_N_GenomeWideSNP_6_C06_777178	20	29838618	35684650	2784	1.0477
OWNED_p_TCGA_b102_105_SNP_N_GenomeWideSNP_6_C06_777178	20	35696559	35722830	98	0.6545
OWNED_p_TCGA_b102_105_SNP_N_GenomeWideSNP_6_C06_777178	20	35726402	41791170	4374	1.0294
OWNED_p_TCGA_b102_105_SNP_N_GenomeWideSNP_6_C06_777178	20	41791260	41791282	2	-0.7437
OWNED_p_TCGA_b102_105_SNP_N_GenomeWideSNP_6_C06_777178	20	41792568	62915568	15092	1.064
OWNED_p_TCGA_b102_105_SNP_N_GenomeWideSNP_6_C06_777178	20	62916068	62956153	6	-0.0102
OWNED_p_TCGA_b102_105_SNP_N_GenomeWideSNP_6_C06_777178	21	10736871	48096957	24351	-0.0648
OWNED_p_TCGA_b102_105_SNP_N_GenomeWideSNP_6_C06_777178	22	16052528	16940795	118	-0.4236
OWNED_p_TCGA_b102_105_SNP_N_GenomeWideSNP_6_C06_777178	22	16944352	23258994	3777	-0.0817
OWNED_p_TCGA_b102_105_SNP_N_GenomeWideSNP_6_C06_777178	22	23259161	23263257	8	-1.2294
OWNED_p_TCGA_b102_105_SNP_N_GenomeWideSNP_6_C06_777178	22	23263274	25914024	1822	-0.0677
OWNED_p_TCGA_b102_105_SNP_N_GenomeWideSNP_6_C06_777178	22	25914085	25927820	15	-0.3845
OWNED_p_TCGA_b102_105_SNP_N_GenomeWideSNP_6_C06_777178	22	25930479	34173406	6121	-0.0118
OWNED_p_TCGA_b102_105_SNP_N_GenomeWideSNP_6_C06_777178	22	34174947	34174985	4	-1.6561
OWNED_p_TCGA_b102_105_SNP_N_GenomeWideSNP_6_C06_777178	22	34181422	51234455	11601	-0.01
OWNED_p_TCGA_b102_105_SNP_N_GenomeWideSNP_6_C06_777178	X	168477	8588344	4572	0.0238
OWNED_p_TCGA_b102_105_SNP_N_GenomeWideSNP_6_C06_777178	X	8595820	8697360	83	0.7235
OWNED_p_TCGA_b102_105_SNP_N_GenomeWideSNP_6_C06_777178	X	8701866	155182354	79672	0.0136
OWNED_p_TCGA_b102_105_SNP_N_GenomeWideSNP_6_C06_777178	Y	2650438	2912181	133	-2.3519
OWNED_p_TCGA_b102_105_SNP_N_GenomeWideSNP_6_C06_777178	Y	2915500	6101425	739	-1.9969
OWNED_p_TCGA_b102_105_SNP_N_GenomeWideSNP_6_C06_777178	Y	6107901	6263177	69	-3.2431
OWNED_p_TCGA_b102_105_SNP_N_GenomeWideSNP_6_C06_777178	Y	6265580	15590276	2636	-2.3691
OWNED_p_TCGA_b102_105_SNP_N_GenomeWideSNP_6_C06_777178	Y	15590342	15594523	3	-7.3944
OWNED_p_TCGA_b102_105_SNP_N_GenomeWideSNP_6_C06_777178	Y	15594889	19170442	1884	-2.3598
OWNED_p_TCGA_b102_105_SNP_N_GenomeWideSNP_6_C06_777178	Y	19179335	19179540	3	-7.5103
OWNED_p_TCGA_b102_105_SNP_N_GenomeWideSNP_6_C06_777178	Y	19182271	19574890	196	-2.3678
OWNED_p_TCGA_b102_105_SNP_N_GenomeWideSNP_6_C06_777178	Y	19576544	20890332	605	-2.9038
OWNED_p_TCGA_b102_105_SNP_N_GenomeWideSNP_6_C06_777178	Y	20891515	20918283	9	-4.845
OWNED_p_TCGA_b102_105_SNP_N_GenomeWideSNP_6_C06_777178	Y	20919456	21024613	57	-3.1924
OWNED_p_TCGA_b102_105_SNP_N_GenomeWideSNP_6_C06_777178	Y	21025062	23981777	1119	-2.4343
OWNED_p_TCGA_b102_105_SNP_N_GenomeWideSNP_6_C06_777178	Y	23982659	28423938	996	-2.8815
OWNED_p_TCGA_b102_105_SNP_N_GenomeWideSNP_6_C06_777178	Y	28438116	59018259	183	-2.2329
